	time 		rcpppzr	rcp054rcp007mnzoyout	rcv501std0102fvol	fwfrcp001gv	rcppmssga	msfsg(1)	
00:01:06:900		1.51751e+07		-0.431535		5.85057		509.304		6.9802e+06		531.093		
00:01:06:700		1.51758e+07		-0.429807		5.84366		509.318		6.98017e+06		531.09		
00:01:06:599		1.51762e+07		-0.428943		5.84021		509.325		6.98015e+06		531.092		
00:01:06:599		1.51762e+07		-0.428943		5.84021		509.325		6.98015e+06		531.092		
00:01:06:400		1.51769e+07		-0.427214		5.83318		509.34		6.98012e+06		531.088		
00:01:06:400		1.51769e+07		-0.427214		5.83318		509.34		6.98012e+06		531.088		
00:01:06:299		1.51772e+07		-0.42635		5.82967		509.348		6.9801e+06		531.085		
00:01:06:099		1.51779e+07		-0.424619		5.82262		509.362		6.98007e+06		531.083		
00:01:06:099		1.51779e+07		-0.424619		5.82262		509.362		6.98007e+06		531.083		
00:01:06:000		1.51783e+07		-0.423754		5.81906		509.371		6.98005e+06		531.08		
00:01:05:900		1.51786e+07		-0.422888		5.8155		509.381		6.98003e+06		531.077		
00:01:05:700		1.51793e+07		-0.421157		5.80838		509.396		6.98e+06		531.079		
00:01:05:650		1.51795e+07		-0.420723		5.80658		509.4		6.97999e+06		531.078		
00:01:05:500		1.518e+07		-0.419425		5.80116		509.411		6.97996e+06		531.076		
00:01:05:500		1.518e+07		-0.419425		5.80116		509.411		6.97996e+06		531.076		
00:01:05:450		1.51802e+07		-0.418991		5.79932		509.417		6.97995e+06		531.075		
00:01:05:349		1.51807e+07		-0.417691		5.79388		509.429		6.97993e+06		531.071		
00:01:05:200		1.51811e+07		-0.416824		5.79025		509.44		6.97991e+06		531.065		
00:01:05:099		1.51814e+07		-0.415956		5.78664		509.448		6.97989e+06		531.071		
00:01:05:000		1.51818e+07		-0.415089		5.78298		509.457		6.97987e+06		531.069		
00:01:04:900		1.51821e+07		-0.414221		5.77935		509.467		6.97986e+06		531.061		
00:01:04:700		1.51828e+07		-0.412485		5.77201		509.484		6.97982e+06		531.066		
00:01:04:700		1.51828e+07		-0.412485		5.77201		509.484		6.97982e+06		531.066		
00:01:04:599		1.51832e+07		-0.411617		5.76832		509.494		6.9798e+06		531.065		
00:01:04:500		1.51835e+07		-0.410748		5.76461		509.505		6.97978e+06		531.064		
00:01:04:400		1.51839e+07		-0.409879		5.76089		509.515		6.97977e+06		531.062		
00:01:04:200		1.51846e+07		-0.408141		5.75344		509.534		6.97973e+06		531.06		
00:01:04:099		1.51849e+07		-0.407272		5.74969		509.543		6.97971e+06		531.058		
00:01:04:099		1.51849e+07		-0.407272		5.74969		509.543		6.97971e+06		531.058		
00:01:04:000		1.51853e+07		-0.406402		5.74592		509.555		6.97969e+06		531.056		
00:01:03:850		1.51858e+07		-0.405097		5.74025		509.57		6.97967e+06		531.055		
00:01:03:649		1.51865e+07		-0.403356		5.73265		509.589		6.97963e+06		531.053		
00:01:03:649		1.51865e+07		-0.403356		5.73265		509.589		6.97963e+06		531.053		
00:01:03:600		1.51867e+07		-0.40292		5.73074		509.595		6.97962e+06		531.053		
00:01:03:500		1.5187e+07		-0.40205		5.72692		509.607		6.9796e+06		531.051		
00:01:03:399		1.51874e+07		-0.401178		5.72314		509.618		6.97959e+06		531.05		
00:01:03:299		1.51877e+07		-0.400307		5.71931		509.63		6.97957e+06		531.049		
00:01:03:149		1.51883e+07		-0.398999		5.71349		509.647		6.97954e+06		531.047		
00:01:03:049		1.51886e+07		-0.398127		5.70966		509.658		6.97952e+06		531.045		
00:01:02:950		1.5189e+07		-0.397254		5.70579		509.668		6.9795e+06		531.043		
00:01:02:850		1.51893e+07		-0.396382		5.70185		509.679		6.97949e+06		531.044		
00:01:02:750		1.51897e+07		-0.395509		5.69792		509.691		6.97947e+06		531.043		
00:01:02:649		1.519e+07		-0.394636		5.69391		509.704		6.97945e+06		531.041		
00:01:02:549		1.51904e+07		-0.393762		5.68992		509.716		6.97943e+06		531.041		
00:01:02:450		1.51907e+07		-0.392889		5.68592		509.727		6.97941e+06		531.039		
00:01:02:350		1.51911e+07		-0.392015		5.68194		509.739		6.97939e+06		531.037		
00:01:02:250		1.51914e+07		-0.39114		5.67794		509.75		6.97938e+06		531.038		
00:01:02:149		1.51918e+07		-0.390266		5.67384		509.763		6.97936e+06		531.036		
00:01:02:049		1.51921e+07		-0.389391		5.66978		509.775		6.97934e+06		531.034		
00:01:01:950		1.51925e+07		-0.388516		5.66583		509.788		6.97932e+06		531.033		
00:01:01:850		1.51928e+07		-0.38764		5.66179		509.8		6.9793e+06		531.032		
00:01:01:750		1.51932e+07		-0.386765		5.6577		509.811		6.97928e+06		531.031		
00:01:01:649		1.51936e+07		-0.385889		5.65362		509.825		6.97926e+06		531.029		
00:01:01:549		1.51939e+07		-0.385013		5.64958		509.836		6.97924e+06		531.026		
00:01:01:450		1.51943e+07		-0.384136		5.64551		509.848		6.97923e+06		531.026		
00:01:01:350		1.51946e+07		-0.383258		5.64141		509.861		6.97921e+06		531.03		
00:01:01:250		1.5195e+07		-0.382381		5.63729		509.874		6.97919e+06		531.028		
00:01:01:149		1.51953e+07		-0.381503		5.63314		509.886		6.97917e+06		531.026		
00:01:01:049		1.51957e+07		-0.380625		5.62899		509.899		6.97915e+06		531.025		
00:01:00:950		1.5196e+07		-0.379746		5.62478		509.911		6.97913e+06		531.024		
00:01:00:950		1.5196e+07		-0.379746		5.62478		509.911		6.97913e+06		531.024		
00:01:00:600		1.51973e+07		-0.376668		5.61009		509.958		6.97906e+06		531.025		
00:01:00:600		1.51973e+07		-0.376668		5.61009		509.958		6.97906e+06		531.025		
00:01:00:600		1.51973e+07		-0.376668		5.61009		509.958		6.97906e+06		531.025		
00:01:00:399		1.5198e+07		-0.374907		5.60157		509.985		6.97903e+06		531.008		
00:01:00:399		1.5198e+07		-0.374907		5.60157		509.985		6.97903e+06		531.008		
00:01:00:299		1.51983e+07		-0.374026		5.5973		509.999		6.97901e+06		531.014		
00:01:00:200		1.51987e+07		-0.373146		5.59306		510.014		6.97899e+06		531.013		
00:01:00:000		1.51994e+07		-0.371383		5.5845		510.041		6.97895e+06		531.003		
00:01:00:000		1.51994e+07		-0.371383		5.5845		510.041		6.97895e+06		531.003		
00:00:59:950		1.51996e+07		-0.370942		5.58234		510.048		6.97894e+06		531.011		
00:00:59:750		1.52003e+07		-0.369177		5.57377		510.077		6.9789e+06		531.008		
00:00:59:649		1.52006e+07		-0.368294		5.56943		510.09		6.97888e+06		531.004		
00:00:59:649		1.52006e+07		-0.368294		5.56943		510.09		6.97888e+06		531.004		
00:00:59:549		1.5201e+07		-0.367411		5.56511		510.106		6.97886e+06		530.996		
00:00:59:450		1.52013e+07		-0.366528		5.5607		510.119		6.97884e+06		531.006		
00:00:59:350		1.52017e+07		-0.365644		5.55629		510.134		6.97882e+06		530.998		
00:00:59:250		1.5202e+07		-0.364759		5.55197		510.15		6.9788e+06		530.996		
00:00:59:149		1.52024e+07		-0.363875		5.54762		510.163		6.97878e+06		531.002		
00:00:59:049		1.52028e+07		-0.362991		5.54328		510.178		6.97876e+06		531		
00:00:58:950		1.52031e+07		-0.362105		5.53884		510.194		6.97874e+06		530.998		
00:00:58:850		1.52035e+07		-0.36122		5.53435		510.209		6.97872e+06		530.99		
00:00:58:750		1.52038e+07		-0.360334		5.5299		510.224		6.9787e+06		530.997		
00:00:58:649		1.52042e+07		-0.359448		5.52542		510.24		6.97868e+06		530.996		
00:00:58:500		1.52047e+07		-0.358119		5.51865		510.266		6.97865e+06		530.986		
00:00:58:399		1.52051e+07		-0.357231		5.51411		510.28		6.97863e+06		530.991		
00:00:58:299		1.52054e+07		-0.356344		5.5096		510.295		6.97861e+06		530.982		
00:00:58:200		1.52058e+07		-0.355456		5.50509		510.312		6.97859e+06		530.999		
00:00:58:100		1.52061e+07		-0.354568		5.50061		510.327		6.97857e+06		530.989		
00:00:58:000		1.52065e+07		-0.35368		5.49597		510.343		6.97855e+06		530.987		
00:00:57:899		1.52069e+07		-0.352791		5.49132		510.36		6.97853e+06		530.996		
00:00:57:799		1.52072e+07		-0.351902		5.48663		510.375		6.97851e+06		530.99		
00:00:57:700		1.52076e+07		-0.351013		5.48216		510.392		6.97849e+06		530.978		
00:00:57:600		1.52079e+07		-0.350123		5.4779		510.408		6.97847e+06		530.986		
00:00:57:500		1.52083e+07		-0.349234		5.47348		510.425		6.97845e+06		530.984		
00:00:57:399		1.52086e+07		-0.348344		5.46823		510.442		6.97843e+06		530.982		
00:00:57:299		1.5209e+07		-0.347453		5.46279		510.459		6.97841e+06		530.991		
00:00:57:250		1.52092e+07		-0.347007		5.46036		510.469		6.9784e+06		530.98		
00:00:57:100		1.52097e+07		-0.34567		5.45571		510.494		6.97837e+06		530.991		
00:00:57:000		1.52101e+07		-0.344779		5.4524		510.513		6.97835e+06		530.979		
00:00:56:899		1.52104e+07		-0.343886		5.44478		510.53		6.97833e+06		530.977		
00:00:56:799		1.52108e+07		-0.342994		5.43643		510.547		6.97831e+06		530.975		
00:00:56:700		1.52112e+07		-0.342101		5.42804		510.564		6.97829e+06		530.976		
00:00:56:600		1.52115e+07		-0.341208		5.41952		510.582		6.97827e+06		530.974		
00:00:56:500		1.52119e+07		-0.340313		5.4109		510.601		6.97825e+06		530.971		
00:00:56:399		1.52122e+07		-0.339419		5.40241		510.618		6.97823e+06		530.982		
00:00:56:299		1.52126e+07		-0.338524		5.39394		510.635		6.97821e+06		530.97		
00:00:56:200		1.5213e+07		-0.337629		5.38554		510.652		6.97819e+06		530.97		
00:00:56:100		1.52133e+07		-0.336733		5.37707		510.671		6.97817e+06		530.978		
00:00:56:000		1.52137e+07		-0.335837		5.36859		510.688		6.97815e+06		530.966		
00:00:55:799		1.52144e+07		-0.334044		5.35147		510.727		6.97811e+06		530.974		
00:00:55:700		1.52148e+07		-0.333147		5.343		510.744		6.97809e+06		530.963		
00:00:55:700		1.52148e+07		-0.333147		5.343		510.744		6.97809e+06		530.963		
00:00:55:600		1.52151e+07		-0.332249		5.33463		510.765		6.97807e+06		530.955		
00:00:55:500		1.52155e+07		-0.331351		5.32609		510.782		6.97805e+06		530.966		
00:00:55:399		1.52158e+07		-0.330453		5.31755		510.803		6.97803e+06		530.97		
00:00:55:299		1.52162e+07		-0.329554		5.30906		510.822		6.97801e+06		530.96		
00:00:55:200		1.52166e+07		-0.328655		5.30051		510.841		6.97798e+06		530.958		
00:00:55:049		1.52171e+07		-0.327305		5.28799		510.872		6.97795e+06		530.958		
00:00:55:049		1.52171e+07		-0.327305		5.28799		510.872		6.97795e+06		530.958		
00:00:54:950		1.52175e+07		-0.326406		5.27944		510.891		6.97793e+06		530.951		
00:00:54:750		1.52182e+07		-0.324605		5.26235		510.931		6.97789e+06		530.953		
00:00:54:649		1.52186e+07		-0.323703		5.25382		510.952		6.97787e+06		530.952		
00:00:54:649		1.52186e+07		-0.323703		5.25382		510.952		6.97787e+06		530.952		
00:00:54:549		1.52189e+07		-0.322802		5.24544		510.971		6.97785e+06		530.952		
00:00:54:450		1.52193e+07		-0.3219		5.23698		510.992		6.97783e+06		530.951		
00:00:54:350		1.52197e+07		-0.320998		5.22851		511.015		6.97781e+06		530.949		
00:00:54:250		1.522e+07		-0.320095		5.22		511.034		6.97779e+06		530.946		
00:00:54:149		1.52204e+07		-0.319192		5.21143		511.055		6.97777e+06		530.955		
00:00:54:049		1.52207e+07		-0.318288		5.20298		511.076		6.97774e+06		530.943		
00:00:53:950		1.52211e+07		-0.317385		5.19462		511.097		6.97772e+06		530.955		
00:00:53:850		1.52215e+07		-0.316481		5.18614		511.116		6.9777e+06		530.956		
00:00:53:649		1.52222e+07		-0.314671		5.16904		511.158		6.97766e+06		530.942		
00:00:53:649		1.52222e+07		-0.314671		5.16904		511.158		6.97766e+06		530.942		
00:00:53:549		1.52226e+07		-0.313765		5.16058		511.179		6.97764e+06		530.94		
00:00:53:450		1.52229e+07		-0.312859		5.15215		511.2		6.97762e+06		530.944		
00:00:53:350		1.52233e+07		-0.311953		5.14373		511.223		6.9776e+06		530.937		
00:00:53:250		1.52237e+07		-0.311047		5.13515		511.244		6.97758e+06		530.929		
00:00:53:149		1.5224e+07		-0.310139		5.12658		511.267		6.97755e+06		530.943		
00:00:53:049		1.52244e+07		-0.309232		5.11811		511.288		6.97753e+06		530.937		
00:00:52:950		1.52248e+07		-0.308324		5.10965		511.309		6.97751e+06		530.936		
00:00:52:750		1.52255e+07		-0.306507		5.09276		511.353		6.97747e+06		530.933		
00:00:52:649		1.52259e+07		-0.305598		5.08417		511.375		6.97745e+06		530.932		
00:00:52:649		1.52259e+07		-0.305598		5.08417		511.375		6.97745e+06		530.932		
00:00:52:549		1.52262e+07		-0.304688		5.07567		511.398		6.97743e+06		530.936		
00:00:52:450		1.52266e+07		-0.303778		5.06732		511.421		6.97741e+06		530.93		
00:00:52:299		1.52271e+07		-0.302413		5.05458		511.456		6.97737e+06		530.922		
00:00:52:200		1.52275e+07		-0.301502		5.04596		511.478		6.97735e+06		530.94		
00:00:52:149		1.52277e+07		-0.301046		5.04178		511.49		6.97734e+06		530.939		
00:00:52:049		1.52281e+07		-0.300135		5.03329		511.515		6.97732e+06		530.918		
00:00:51:950		1.52284e+07		-0.299222		5.02503		511.536		6.9773e+06		530.927		
00:00:51:799		1.5229e+07		-0.297853		5.01223		511.57		6.97727e+06		530.919		
00:00:51:700		1.52294e+07		-0.29694		5.00372		511.595		6.97724e+06		530.925		
00:00:51:600		1.52297e+07		-0.296027		4.99526		511.618		6.97722e+06		530.933		
00:00:51:549		1.52299e+07		-0.29557		4.99099		511.629		6.97721e+06		530.914		
00:00:51:450		1.52303e+07		-0.294655		4.98271		511.652		6.97719e+06		530.923		
00:00:51:350		1.52307e+07		-0.293741		4.97421		511.675		6.97717e+06		530.932		
00:00:51:149		1.52314e+07		-0.291911		4.95724		511.721		6.97713e+06		530.924		
00:00:51:149		1.52314e+07		-0.291911		4.95724		511.721		6.97713e+06		530.924		
00:00:51:049		1.52318e+07		-0.290995		4.94894		511.745		6.9771e+06		530.92		
00:00:50:950		1.52321e+07		-0.290079		4.94042		511.77		6.97708e+06		530.924		
00:00:50:850		1.52325e+07		-0.289162		4.93201		511.793		6.97706e+06		530.938		
00:00:50:700		1.52331e+07		-0.287787		4.91934		511.831		6.97703e+06		530.916		
00:00:50:600		1.52334e+07		-0.28687		4.91095		511.854		6.97701e+06		530.918		
00:00:50:500		1.52338e+07		-0.285952		4.90241		511.879		6.97699e+06		530.918		
00:00:50:399		1.52342e+07		-0.285034		4.89408		511.903		6.97697e+06		530.927		
00:00:50:299		1.52346e+07		-0.284115		4.88563		511.928		6.97694e+06		530.916		
00:00:50:200		1.52349e+07		-0.283196		4.87722		511.955		6.97692e+06		530.916		
00:00:50:100		1.52353e+07		-0.282278		4.86871		511.98		6.9769e+06		530.934		
00:00:50:000		1.52357e+07		-0.281358		4.86031		512.008		6.97688e+06		530.924		
00:00:49:899		1.5236e+07		-0.280438		4.85188		512.033		6.97686e+06		530.926		
00:00:49:799		1.52364e+07		-0.279518		4.84361		512.058		6.97684e+06		530.925		
00:00:49:700		1.52368e+07		-0.278597		4.83512		512.084		6.97682e+06		530.907		
00:00:49:600		1.52372e+07		-0.277677		4.82674		512.111		6.9768e+06		530.925		
00:00:49:500		1.52375e+07		-0.276755		4.81841		512.138		6.97677e+06		530.912		
00:00:49:399		1.52379e+07		-0.275834		4.80986		512.162		6.97675e+06		530.913		
00:00:49:299		1.52383e+07		-0.274912		4.80156		512.189		6.97673e+06		530.924		
00:00:49:200		1.52387e+07		-0.27399		4.79313		512.218		6.97671e+06		530.9		
00:00:49:100		1.5239e+07		-0.273067		4.78486		512.242		6.97669e+06		530.912		
00:00:49:000		1.52394e+07		-0.272144		4.77633		512.271		6.97667e+06		530.91		
00:00:48:899		1.52398e+07		-0.271222		4.76808		512.298		6.97665e+06		530.9		
00:00:48:799		1.52402e+07		-0.270298		4.75985		512.324		6.97662e+06		530.91		
00:00:48:700		1.52405e+07		-0.269374		4.75135		512.351		6.9766e+06		530.908		
00:00:48:600		1.52409e+07		-0.26845		4.74294		512.378		6.97658e+06		530.919		
00:00:48:500		1.52413e+07		-0.267526		4.73464		512.404		6.97656e+06		530.906		
00:00:48:399		1.52417e+07		-0.266601		4.72637		512.431		6.97654e+06		530.91		
00:00:48:299		1.5242e+07		-0.265676		4.71802		512.457		6.97652e+06		530.899		
00:00:48:200		1.52424e+07		-0.26475		4.70968		512.486		6.9765e+06		530.904		
00:00:48:100		1.52428e+07		-0.263825		4.70142		512.515		6.97647e+06		530.911		
00:00:48:000		1.52432e+07		-0.262899		4.69295		512.541		6.97645e+06		530.891		
00:00:48:000		1.52432e+07		-0.262899		4.69295		512.541		6.97645e+06		530.891		
00:00:47:850		1.52437e+07		-0.261509		4.68048		512.583		6.97642e+06		530.902		
00:00:47:649		1.52445e+07		-0.259656		4.66379		512.638		6.97638e+06		530.901		
00:00:47:649		1.52445e+07		-0.259656		4.66379		512.638		6.97638e+06		530.901		
00:00:47:549		1.52449e+07		-0.258729		4.65554		512.665		6.97636e+06		530.899		
00:00:47:450		1.52453e+07		-0.257802		4.64723		512.693		6.97633e+06		530.886		
00:00:47:350		1.52456e+07		-0.256874		4.63885		512.722		6.97631e+06		530.898		
00:00:47:250		1.5246e+07		-0.255946		4.63064		512.749		6.97629e+06		530.896		
00:00:47:100		1.52466e+07		-0.254553		4.6183		512.792		6.97626e+06		530.896		
00:00:47:000		1.5247e+07		-0.253625		4.60991		512.821		6.97624e+06		530.893		
00:00:46:799		1.52477e+07		-0.251767		4.59339		512.878		6.9762e+06		530.88		
00:00:46:799		1.52477e+07		-0.251767		4.59339		512.878		6.9762e+06		530.88		
00:00:46:700		1.52481e+07		-0.250837		4.5851		512.906		6.97617e+06		530.886		
00:00:46:600		1.52485e+07		-0.249907		4.57686		512.937		6.97615e+06		530.892		
00:00:46:500		1.52489e+07		-0.248978		4.56854		512.965		6.97613e+06		530.89		
00:00:46:500		1.52489e+07		-0.248978		4.56854		512.965		6.97613e+06		530.89		
00:00:46:350		1.52494e+07		-0.247583		4.55621		513.011		6.9761e+06		530.89		
00:00:46:250		1.52498e+07		-0.246652		4.54787		513.039		6.97608e+06		530.888		
00:00:46:149		1.52502e+07		-0.245722		4.53958		513.07		6.97606e+06		530.887		
00:00:46:049		1.52506e+07		-0.244791		4.53144		513.098		6.97604e+06		530.884		
00:00:45:950		1.52509e+07		-0.243859		4.52317		513.127		6.97601e+06		530.885		
00:00:45:850		1.52513e+07		-0.242928		4.515		513.157		6.97599e+06		530.884		
00:00:45:649		1.52521e+07		-0.241065		4.4987		513.218		6.97595e+06		530.884		
00:00:45:649		1.52521e+07		-0.241065		4.4987		513.218		6.97595e+06		530.884		
00:00:45:549		1.52525e+07		-0.240134		4.49063		513.249		6.97593e+06		530.881		
00:00:45:450		1.52529e+07		-0.239202		4.48234		513.279		6.97591e+06		530.88		
00:00:45:350		1.52532e+07		-0.238269		4.47434		513.307		6.97589e+06		530.878		
00:00:45:250		1.52536e+07		-0.237337		4.46612		513.338		6.97587e+06		530.875		
00:00:45:149		1.5254e+07		-0.236404		4.45796		513.368		6.97584e+06		530.886		
00:00:45:049		1.52544e+07		-0.235472		4.44982		513.401		6.97582e+06		530.873		
00:00:44:950		1.52548e+07		-0.234538		4.44185		513.431		6.9758e+06		530.874		
00:00:44:750		1.52555e+07		-0.23267		4.42559		513.492		6.97576e+06		530.872		
00:00:44:649		1.52559e+07		-0.231735		4.41744		513.524		6.97574e+06		530.871		
00:00:44:649		1.52559e+07		-0.231735		4.41744		513.524		6.97574e+06		530.871		
00:00:44:549		1.52563e+07		-0.230801		4.40947		513.556		6.97572e+06		530.863		
00:00:44:450		1.52567e+07		-0.229866		4.40139		513.587		6.9757e+06		530.869		
00:00:44:350		1.5257e+07		-0.228931		4.39337		513.619		6.97567e+06		530.866		
00:00:44:250		1.52574e+07		-0.227996		4.38524		513.649		6.97565e+06		530.864		
00:00:44:149		1.52578e+07		-0.227061		4.37715		513.682		6.97563e+06		530.856		
00:00:44:049		1.52582e+07		-0.226127		4.36933		513.712		6.97561e+06		530.864		
00:00:43:950		1.52585e+07		-0.225192		4.36133		513.744		6.97559e+06		530.863		
00:00:43:750		1.52593e+07		-0.223323		4.34517		513.809		6.97555e+06		530.861		
00:00:43:649		1.52597e+07		-0.222389		4.33728		513.841		6.97553e+06		530.859		
00:00:43:649		1.52597e+07		-0.222389		4.33728		513.841		6.97553e+06		530.859		
00:00:43:399		1.52601e+07		-0.221455		4.32925		513.873		6.97551e+06		530.851		
00:00:43:399		1.52606e+07		-0.220054		4.31737		513.921		6.97547e+06		530.856		
00:00:43:299		1.5261e+07		-0.21912		4.30951		513.955		6.97545e+06		530.855		
00:00:43:200		1.52614e+07		-0.218186		4.30151		513.987		6.97543e+06		530.858		
00:00:43:100		1.52618e+07		-0.217253		4.29368		514.021		6.97541e+06		530.853		
00:00:43:000		1.52621e+07		-0.21632		4.28567		514.054		6.97539e+06		530.85		
00:00:42:899		1.52625e+07		-0.215387		4.27787		514.088		6.97537e+06		530.849		
00:00:42:799		1.52629e+07		-0.214455		4.26998		514.12		6.97535e+06		530.846		
00:00:42:700		1.52633e+07		-0.213521		4.26222		514.154		6.97533e+06		530.847		
00:00:42:600		1.52637e+07		-0.21259		4.25435		514.186		6.9753e+06		530.845		
00:00:42:500		1.5264e+07		-0.211658		4.24643		514.219		6.97528e+06		530.844		
00:00:42:399		1.52644e+07		-0.210726		4.23871		514.255		6.97526e+06		530.841		
00:00:42:299		1.52648e+07		-0.209795		4.23079		514.287		6.97524e+06		530.839		
00:00:42:200		1.52652e+07		-0.208864		4.22311		514.321		6.97522e+06		530.839		
00:00:42:100		1.52655e+07		-0.207933		4.21535		514.355		6.9752e+06		530.838		
00:00:42:000		1.52659e+07		-0.207004		4.20752		514.389		6.97518e+06		530.836		
00:00:41:899		1.52663e+07		-0.206074		4.19977		514.421		6.97516e+06		530.834		
00:00:41:799		1.52667e+07		-0.205144		4.19196		514.456		6.97514e+06		530.832		
00:00:41:700		1.52671e+07		-0.204215		4.18433		514.492		6.97512e+06		530.832		
00:00:41:600		1.52674e+07		-0.203286		4.17662		514.526		6.97509e+06		530.831		
00:00:41:500		1.52678e+07		-0.202357		4.16889		514.562		6.97507e+06		530.829		
00:00:41:399		1.52682e+07		-0.201429		4.1611		514.596		6.97505e+06		530.828		
00:00:41:299		1.52686e+07		-0.200502		4.15355		514.63		6.97503e+06		530.827		
00:00:41:200		1.5269e+07		-0.199574		4.14588		514.664		6.97501e+06		530.825		
00:00:41:100		1.52693e+07		-0.198648		4.13834		514.698		6.97499e+06		530.823		
00:00:41:000		1.52697e+07		-0.197722		4.13066		514.734		6.97497e+06		530.823		
00:00:40:899		1.52701e+07		-0.196795		4.12295		514.77		6.97495e+06		530.821		
00:00:40:799		1.52705e+07		-0.19587		4.1154		514.804		6.97493e+06		530.818		
00:00:40:700		1.52709e+07		-0.194946		4.10783		514.84		6.97491e+06		530.817		
00:00:40:600		1.52712e+07		-0.194022		4.10046		514.874		6.97489e+06		530.815		
00:00:40:500		1.52716e+07		-0.193098		4.09282		514.91		6.97486e+06		530.812		
00:00:40:350		1.52722e+07		-0.191714		4.08152		514.965		6.97483e+06		530.811		
00:00:40:350		1.52722e+07		-0.191714		4.08152		514.965		6.97483e+06		530.811		
00:00:40:250		1.52726e+07		-0.190792		4.07394		515.003		6.97481e+06		530.807		
00:00:40:149		1.52729e+07		-0.18987		4.06664		515.039		6.97479e+06		530.809		
00:00:39:950		1.52737e+07		-0.188029		4.05193		515.111		6.97475e+06		530.806		
00:00:39:950		1.52737e+07		-0.188029		4.05193		515.111		6.97475e+06		530.806		
00:00:39:850		1.52741e+07		-0.187109		4.04448		515.149		6.97473e+06		530.804		
00:00:39:649		1.52748e+07		-0.185273		4.02983		515.223		6.97469e+06		530.799		
00:00:39:649		1.52748e+07		-0.185273		4.02983		515.223		6.97469e+06		530.799		
00:00:39:549		1.52752e+07		-0.184356		4.02263		515.263		6.97467e+06		530.798		
00:00:39:450		1.52756e+07		-0.183439		4.01534		515.3		6.97465e+06		530.797		
00:00:39:350		1.5276e+07		-0.182523		4.00812		515.338		6.97463e+06		530.795		
00:00:39:250		1.52764e+07		-0.181608		4.00076		515.374		6.97461e+06		530.803		
00:00:39:149		1.52767e+07		-0.180694		3.99356		515.412		6.97458e+06		530.793		
00:00:38:950		1.52775e+07		-0.178868		3.97927		515.488		6.97454e+06		530.789		
00:00:38:950		1.52775e+07		-0.178868		3.97927		515.488		6.97454e+06		530.789		
00:00:38:850		1.52779e+07		-0.177957		3.97202		515.526		6.97452e+06		530.786		
00:00:38:649		1.52786e+07		-0.176136		3.95759		515.601		6.97448e+06		530.784		
00:00:38:649		1.52786e+07		-0.176136		3.95759		515.601		6.97448e+06		530.784		
00:00:38:549		1.5279e+07		-0.175228		3.95057		515.639		6.97446e+06		530.784		
00:00:38:450		1.52794e+07		-0.17432		3.94336		515.677		6.97444e+06		530.782		
00:00:38:350		1.528e+07		-0.172961		3.93288		515.734		6.97441e+06		530.778		
00:00:38:250		1.52801e+07		-0.172508		3.92922		515.753		6.9744e+06		530.776		
00:00:38:149		1.52805e+07		-0.171603		3.92217		515.79		6.97438e+06		530.768		
00:00:38:049		1.52809e+07		-0.170699		3.91516		515.828		6.97436e+06		530.775		
00:00:37:950		1.52813e+07		-0.169796		3.90815		515.868		6.97434e+06		530.772		
00:00:37:750		1.5282e+07		-0.167994		3.89432		515.942		6.9743e+06		530.77		
00:00:37:649		1.52824e+07		-0.167095		3.88728		515.981		6.97428e+06		530.767		
00:00:37:649		1.52824e+07		-0.167095		3.88728		515.981		6.97428e+06		530.767		
00:00:37:500		1.5283e+07		-0.165748		3.87685		516.04		6.97424e+06		530.766		
00:00:37:399		1.52833e+07		-0.164851		3.86998		516.078		6.97422e+06		530.763		
00:00:37:299		1.52837e+07		-0.163956		3.86304		516.115		6.9742e+06		530.769		
00:00:37:200		1.52841e+07		-0.163062		3.85623		516.155		6.97418e+06		530.761		
00:00:37:100		1.52845e+07		-0.162168		3.84943		516.193		6.97416e+06		530.758		
00:00:37:000		1.52848e+07		-0.161275		3.8426		516.233		6.97414e+06		530.755		
00:00:36:899		1.52852e+07		-0.160384		3.83569		516.274		6.97412e+06		530.755		
00:00:36:799		1.52856e+07		-0.159494		3.82897		516.314		6.9741e+06		530.752		
00:00:36:700		1.5286e+07		-0.158605		3.82225		516.353		6.97408e+06		530.75		
00:00:36:600		1.52863e+07		-0.157718		3.81554		516.391		6.97406e+06		530.747		
00:00:36:500		1.52867e+07		-0.156831		3.80867		516.431		6.97404e+06		530.747		
00:00:36:399		1.52871e+07		-0.155945		3.80205		516.471		6.97402e+06		530.744		
00:00:36:299		1.52875e+07		-0.155061		3.79529		516.512		6.974e+06		530.744		
00:00:36:200		1.52878e+07		-0.154178		3.78865		516.55		6.97398e+06		530.741		
00:00:36:100		1.52882e+07		-0.153296		3.78195		516.591		6.97396e+06		530.739		
00:00:36:000		1.52886e+07		-0.152416		3.77532		516.629		6.97394e+06		530.726		
00:00:35:899		1.52889e+07		-0.151536		3.76865		516.671		6.97392e+06		530.724		
00:00:35:799		1.52893e+07		-0.150657		3.76219		516.71		6.9739e+06		530.741		
00:00:35:700		1.52897e+07		-0.14978		3.75554		516.754		6.97388e+06		530.742		
00:00:35:600		1.52901e+07		-0.148904		3.74901		516.792		6.97386e+06		530.73		
00:00:35:500		1.52904e+07		-0.14803		3.74238		516.833		6.97384e+06		530.728		
00:00:35:500		1.52904e+07		-0.14803		3.74238		516.833		6.97384e+06		530.728		
00:00:35:299		1.52912e+07		-0.146283		3.72953		516.914		6.9738e+06		530.723		
00:00:35:200		1.52915e+07		-0.145412		3.72304		516.954		6.97378e+06		530.729		
00:00:35:100		1.52919e+07		-0.144542		3.71654		516.995		6.97375e+06		530.73		
00:00:35:000		1.52923e+07		-0.143673		3.71016		517.037		6.97373e+06		530.727		
00:00:34:899		1.52926e+07		-0.142806		3.70375		517.076		6.97371e+06		530.716		
00:00:34:799		1.5293e+07		-0.141939		3.69736		517.118		6.97369e+06		530.713		
00:00:34:700		1.52936e+07		-0.140641		3.68775		517.18		6.97366e+06		530.72		
00:00:34:700		1.52936e+07		-0.140641		3.68775		517.18		6.97366e+06		530.72		
00:00:34:549		1.52939e+07		-0.139778		3.68135		517.222		6.97364e+06		530.71		
00:00:34:450		1.52943e+07		-0.138915		3.67512		517.263		6.97362e+06		530.701		
00:00:34:350		1.52947e+07		-0.138053		3.66887		517.305		6.9736e+06		530.724		
00:00:34:250		1.5295e+07		-0.137194		3.66254		517.346		6.97358e+06		530.711		
00:00:34:149		1.52954e+07		-0.136334		3.6564		517.388		6.97356e+06		530.692		
00:00:34:049		1.52958e+07		-0.135476		3.65008		517.429		6.97354e+06		530.7		
00:00:33:850		1.52965e+07		-0.133763		3.63768		517.514		6.9735e+06		530.694		
00:00:33:850		1.52965e+07		-0.133763		3.63768		517.514		6.9735e+06		530.694		
00:00:33:649		1.52972e+07		-0.132054		3.62534		517.599		6.97346e+06		530.68		
00:00:33:649		1.52972e+07		-0.132054		3.62534		517.599		6.97346e+06		530.68		
00:00:33:549		1.52976e+07		-0.1312		3.61925		517.64		6.97344e+06		530.692		
00:00:33:450		1.5298e+07		-0.130348		3.61305		517.681		6.97342e+06		530.687		
00:00:33:350		1.52983e+07		-0.129497		3.60701		517.723		6.9734e+06		530.685		
00:00:33:250		1.52987e+07		-0.128646		3.6006		517.766		6.97338e+06		530.683		
00:00:33:149		1.52991e+07		-0.127796		3.59478		517.808		6.97336e+06		530.679		
00:00:33:049		1.52994e+07		-0.126947		3.58864		517.851		6.97334e+06		530.682		
00:00:32:950		1.52998e+07		-0.126098		3.5827		517.892		6.97332e+06		530.677		
00:00:32:750		1.53005e+07		-0.124404		3.57068		517.977		6.97328e+06		530.671		
00:00:32:600		1.53011e+07		-0.123135		3.56188		518.043		6.97325e+06		530.668		
00:00:32:600		1.53011e+07		-0.123135		3.56188		518.043		6.97325e+06		530.668		
00:00:32:500		1.53014e+07		-0.12229		3.55588		518.086		6.97323e+06		530.656		
00:00:32:450		1.53016e+07		-0.121867		3.55283		518.107		6.97322e+06		530.662		
00:00:32:350		1.5302e+07		-0.121023		3.54698		518.15		6.9732e+06		530.657		
00:00:32:250		1.53023e+07		-0.120179		3.54103		518.192		6.97318e+06		530.662		
00:00:32:149		1.53027e+07		-0.119335		3.53529		518.237		6.97316e+06		530.661		
00:00:32:049		1.5303e+07		-0.118492		3.52926		518.28		6.97314e+06		530.658		
00:00:31:949		1.53034e+07		-0.117649		3.52352		518.323		6.97312e+06		530.654		
00:00:31:649		1.53045e+07		-0.115122		3.50608		518.453		6.97306e+06		530.648		
00:00:31:649		1.53045e+07		-0.115122		3.50608		518.453		6.97306e+06		530.648		
00:00:31:649		1.53045e+07		-0.115122		3.50608		518.453		6.97306e+06		530.648		
00:00:31:550		1.53048e+07		-0.11428		3.50029		518.497		6.97304e+06		530.645		
00:00:31:399		1.53054e+07		-0.113016		3.49173		518.562		6.97301e+06		530.641		
00:00:31:300		1.53057e+07		-0.112174		3.48598		518.606		6.97299e+06		530.643		
00:00:31:199		1.53061e+07		-0.111332		3.48032		518.649		6.97297e+06		530.637		
00:00:31:100		1.53065e+07		-0.110489		3.47457		518.692		6.97295e+06		530.644		
00:00:31:000		1.53068e+07		-0.109646		3.46876		518.737		6.97293e+06		530.642		
00:00:30:899		1.53072e+07		-0.108802		3.46309		518.782		6.97291e+06		530.627		
00:00:30:800		1.53075e+07		-0.107959		3.45751		518.826		6.9729e+06		530.638		
00:00:30:699		1.53079e+07		-0.107114		3.45187		518.869		6.97288e+06		530.636		
00:00:30:600		1.53082e+07		-0.10627		3.44618		518.914		6.97286e+06		530.634		
00:00:30:500		1.53086e+07		-0.105424		3.44061		518.957		6.97284e+06		530.62		
00:00:30:399		1.5309e+07		-0.104578		3.4351		519.004		6.97282e+06		530.617		
00:00:30:300		1.53093e+07		-0.103731		3.42949		519.046		6.9728e+06		530.624		
00:00:30:199		1.53097e+07		-0.102883		3.42391		519.091		6.97278e+06		530.608		
00:00:30:100		1.531e+07		-0.102034		3.41832		519.134		6.97276e+06		530.613		
00:00:30:000		1.53104e+07		-0.101184		3.41276		519.179		6.97274e+06		530.61		
00:00:29:899		1.53107e+07		-0.100332		3.40719		519.222		6.97272e+06		530.615		
00:00:29:750		1.53113e+07		-0.0990524		3.3989		519.29		6.97269e+06		530.603		
00:00:29:699		1.53115e+07		-0.0986257		3.39616		519.312		6.97268e+06		530.611		
00:00:29:600		1.53118e+07		-0.0977697		3.39064		519.357		6.97266e+06		530.598		
00:00:29:500		1.53122e+07		-0.0969129		3.38519		519.402		6.97264e+06		530.589		
00:00:29:399		1.53125e+07		-0.0960536		3.37962		519.448		6.97262e+06		530.602		
00:00:29:300		1.53129e+07		-0.0951929		3.37417		519.493		6.9726e+06		530.577		
00:00:29:199		1.53132e+07		-0.0943303		3.36869		519.538		6.97258e+06		530.582		
00:00:29:050		1.53138e+07		-0.0930324		3.36053		519.605		6.97255e+06		530.59		
00:00:29:050		1.53138e+07		-0.0930324		3.36053		519.605		6.97255e+06		530.59		
00:00:28:899		1.53143e+07		-0.0917292		3.35241		519.673		6.97252e+06		530.581		
00:00:28:750		1.53149e+07		-0.0904212		3.34413		519.74		6.97249e+06		530.577		
00:00:28:699		1.5315e+07		-0.0899839		3.34149		519.765		6.97248e+06		530.575		
00:00:28:600		1.53154e+07		-0.089108		3.33603		519.81		6.97247e+06		530.573		
00:00:28:600		1.53154e+07		-0.089108		3.33603		519.81		6.97247e+06		530.573		
00:00:28:449		1.53159e+07		-0.0877876		3.32789		519.877		6.97244e+06		530.569		
00:00:28:350		1.53163e+07		-0.086904		3.32245		519.922		6.97242e+06		530.565		
00:00:28:250		1.53167e+07		-0.0860181		3.31711		519.967		6.9724e+06		530.563		
00:00:28:149		1.5317e+07		-0.0851288		3.31163		520.014		6.97238e+06		530.571		
00:00:28:050		1.53174e+07		-0.0842361		3.30633		520.059		6.97236e+06		530.547		
00:00:27:949		1.53177e+07		-0.0833402		3.30087		520.104		6.97234e+06		530.556		
00:00:27:850		1.53181e+07		-0.0824409		3.29545		520.149		6.97232e+06		530.562		
00:00:27:649		1.53188e+07		-0.0806317		3.28464		520.239		6.97228e+06		530.547		
00:00:27:649		1.53188e+07		-0.0806317		3.28464		520.239		6.97228e+06		530.547		
00:00:27:550		1.53192e+07		-0.0797215		3.27932		520.288		6.97226e+06		530.538		
00:00:27:449		1.53196e+07		-0.0788074		3.27388		520.333		6.97224e+06		530.54		
00:00:27:350		1.53199e+07		-0.0778894		3.26856		520.378		6.97222e+06		530.538		
00:00:27:250		1.53203e+07		-0.0769672		3.2631		520.425		6.97221e+06		530.537		
00:00:27:050		1.5321e+07		-0.0751104		3.25235		520.517		6.97217e+06		530.532		
00:00:27:050		1.5321e+07		-0.0751104		3.25235		520.517		6.97217e+06		530.532		
00:00:26:949		1.53214e+07		-0.0741749		3.247		520.562		6.97215e+06		530.528		
00:00:26:850		1.53218e+07		-0.0732355		3.24165		520.608		6.97213e+06		530.519		
00:00:26:649		1.53225e+07		-0.071342		3.23079		520.698		6.97209e+06		530.522		
00:00:26:649		1.53225e+07		-0.071342		3.23079		520.698		6.97209e+06		530.522		
00:00:26:500		1.53231e+07		-0.0699091		3.22285		520.77		6.97206e+06		530.517		
00:00:26:449		1.53232e+07		-0.0694294		3.22012		520.792		6.97205e+06		530.515		
00:00:26:300		1.53238e+07		-0.0679812		3.2118		520.861		6.97203e+06		530.513		
00:00:26:199		1.53242e+07		-0.067009		3.20654		520.908		6.97201e+06		530.51		
00:00:26:100		1.53246e+07		-0.0660315		3.20154		520.953		6.97199e+06		530.506		
00:00:26:000		1.53249e+07		-0.0650487		3.19621		520.998		6.97197e+06		530.496		
00:00:25:899		1.53253e+07		-0.0640597		3.19027		521.045		6.97195e+06		530.5		
00:00:25:800		1.53257e+07		-0.0630655		3.1842		521.092		6.97193e+06		530.512		
00:00:25:600		1.53265e+07		-0.0610595		3.1748		521.183		6.97189e+06		530.493		
00:00:25:600		1.53265e+07		-0.0610595		3.1748		521.183		6.97189e+06		530.493		
00:00:25:500		1.53269e+07		-0.0600476		3.17014		521.23		6.97187e+06		530.491		
00:00:25:399		1.53273e+07		-0.0590296		3.16291		521.277		6.97186e+06		530.486		
00:00:25:300		1.53276e+07		-0.0580058		3.1557		521.324		6.97184e+06		530.478		
00:00:25:199		1.5328e+07		-0.0569754		3.15082		521.37		6.97182e+06		530.476		
00:00:25:100		1.53284e+07		-0.0559387		3.1491		521.415		6.9718e+06		530.479		
00:00:25:000		1.53288e+07		-0.0548954		3.14734		521.462		6.97178e+06		530.475		
00:00:24:899		1.53292e+07		-0.0538459		3.14559		521.509		6.97176e+06		530.466		
00:00:24:699		1.533e+07		-0.0517287		3.14215		521.602		6.97173e+06		530.469		
00:00:24:600		1.53304e+07		-0.050662		3.14043		521.647		6.97171e+06		530.476		
00:00:24:600		1.53304e+07		-0.050662		3.14043		521.647		6.97171e+06		530.476		
00:00:24:500		1.53308e+07		-0.0495896		3.1387		521.694		6.97169e+06		530.464		
00:00:24:399		1.53312e+07		-0.048512		3.13691		521.741		6.97167e+06		530.461		
00:00:24:300		1.53316e+07		-0.0474277		3.13522		521.787		6.97165e+06		530.466		
00:00:24:199		1.5332e+07		-0.0463376		3.13346		521.834		6.97163e+06		530.454		
00:00:24:100		1.53325e+07		-0.0452418		3.13174		521.881		6.97161e+06		530.462		
00:00:24:000		1.53329e+07		-0.0441389		3.13002		521.928		6.9716e+06		530.452		
00:00:23:899		1.53333e+07		-0.0430303		3.12822		521.972		6.97158e+06		530.449		
00:00:23:800		1.53337e+07		-0.0419149		3.12646		522.021		6.97156e+06		530.445		
00:00:23:699		1.53341e+07		-0.0407925		3.12477		522.068		6.97154e+06		530.444		
00:00:23:600		1.53345e+07		-0.0396633		3.12293		522.114		6.97152e+06		530.441		
00:00:23:500		1.53349e+07		-0.0385275		3.12121		522.161		6.9715e+06		530.438		
00:00:23:399		1.53353e+07		-0.0373845		3.11949		522.206		6.97149e+06		530.435		
00:00:23:300		1.53358e+07		-0.0362349		3.11773		522.254		6.97147e+06		530.431		
00:00:23:199		1.53362e+07		-0.0350771		3.11593		522.301		6.97145e+06		530.431		
00:00:23:100		1.53366e+07		-0.0339122		3.11413		522.348		6.97143e+06		530.424		
00:00:23:000		1.53372e+07		-0.0321488		3.11147		522.417		6.97141e+06		530.411		
00:00:23:000		1.53372e+07		-0.0321488		3.11147		522.417		6.97141e+06		530.411		
00:00:22:850		1.53376e+07		-0.030962		3.10975		522.462		6.97139e+06		530.422		
00:00:22:649		1.53385e+07		-0.0285616		3.10605		522.557		6.97135e+06		530.424		
00:00:22:649		1.53385e+07		-0.0285616		3.10605		522.557		6.97135e+06		530.424		
00:00:22:550		1.53389e+07		-0.027348		3.10423		522.604		6.97133e+06		530.413		
00:00:22:449		1.53393e+07		-0.026124		3.10249		522.65		6.97132e+06		530.405		
00:00:22:350		1.53398e+07		-0.0248919		3.10075		522.695		6.9713e+06		530.41		
00:00:22:250		1.53402e+07		-0.0236511		3.09898		522.744		6.97128e+06		530.407		
00:00:22:149		1.53406e+07		-0.0224032		3.09709		522.79		6.97126e+06		530.406		
00:00:21:949		1.53415e+07		-0.0198841		3.09341		522.882		6.97123e+06		530.399		
00:00:21:949		1.53415e+07		-0.0198841		3.09341		522.882		6.97123e+06		530.399		
00:00:21:850		1.53418e+07		-0.0186129		3.09191		522.928		6.97121e+06		530.391		
00:00:21:649		1.53428e+07		-0.0166531		3.08888		523.021		6.97117e+06		530.393		
00:00:21:649		1.53428e+07		-0.0166531		3.08888		523.021		6.97117e+06		530.393		
00:00:21:550		1.53433e+07		-0.0156898		3.0873		523.068		6.97115e+06		530.389		
00:00:21:449		1.53438e+07		-0.0147271		3.08577		523.115		6.97114e+06		530.388		
00:00:21:350		1.53443e+07		-0.0137644		3.08424		523.161		6.97112e+06		530.386		
00:00:21:250		1.53449e+07		-0.0128026		3.08275		523.206		6.9711e+06		530.378		
00:00:21:100		1.53456e+07		-0.0113597		3.08049		523.277		6.97107e+06		530.381		
00:00:21:000		1.53462e+07		-0.0103974		3.07895		523.323		6.97106e+06		530.378		
00:00:20:899		1.53467e+07		-0.00943661		3.07745		523.37		6.97104e+06		530.375		
00:00:20:800		1.53472e+07		-0.0084753		3.07592		523.415		6.97102e+06		530.371		
00:00:20:649		1.5348e+07		-0.00703382		3.07369		523.484		6.97099e+06		530.37		
00:00:20:649		1.5348e+07		-0.00703382		3.07369		523.484		6.97099e+06		530.37		
00:00:20:550		1.53488e+07		-0.0055933		3.07141		523.555		6.97097e+06		530.365		
00:00:20:399		1.53493e+07		-0.00463343		3.06991		523.601		6.97095e+06		530.357		
00:00:20:350		1.53495e+07		-0.00415373		3.06914		523.624		6.97094e+06		530.363		
00:00:20:199		1.53503e+07		-0.00271416		3.0669		523.692		6.97091e+06		530.358		
00:00:20:100		1.53508e+07		-0.00175524		3.06541		523.739		6.97089e+06		530.361		
00:00:20:000		1.53513e+07		-0.000795841		3.06389		523.786		6.97088e+06		530.348		
00:00:19:899		1.53519e+07		0.000162601		3.0624		523.832		6.97086e+06		530.353		
00:00:19:850		1.53521e+07		0.0006423		3.06162		523.854		6.97085e+06		530.351		
00:00:19:600		1.53534e+07		0.00303745		3.05794		523.968		6.9708e+06		530.335		
00:00:19:600		1.53534e+07		0.00303745		3.05794		523.968		6.9708e+06		530.335		
00:00:19:500		1.53539e+07		0.00399446		3.05655		524.016		6.97079e+06		530.344		
00:00:19:399		1.53544e+07		0.00495148		3.05504		524.061		6.97077e+06		530.339		
00:00:19:300		1.5355e+07		0.00590849		3.05367		524.108		6.97075e+06		530.331		
00:00:19:199		1.53555e+07		0.00686455		3.05212		524.152		6.97073e+06		530.336		
00:00:19:100		1.5356e+07		0.00781965		3.05076		524.197		6.97071e+06		530.332		
00:00:19:000		1.53565e+07		0.00877523		3.04929		524.243		6.9707e+06		530.331		
00:00:18:899		1.5357e+07		0.00973034		3.04786		524.29		6.97068e+06		530.328		
00:00:18:699		1.53581e+07		0.0116386		3.04488		524.381		6.97064e+06		530.332		
00:00:18:600		1.53586e+07		0.0125918		3.04343		524.426		6.97062e+06		530.321		
00:00:18:600		1.53586e+07		0.0125918		3.04343		524.426		6.97062e+06		530.321		
00:00:18:500		1.53591e+07		0.013545		3.04199		524.472		6.9706e+06		530.32		
00:00:18:399		1.53596e+07		0.0144973		3.04038		524.519		6.97059e+06		530.317		
00:00:18:300		1.53601e+07		0.015449		3.03907		524.563		6.97057e+06		530.314		
00:00:18:199		1.53606e+07		0.0164008		3.03757		524.608		6.97055e+06		530.305		
00:00:18:100		1.53612e+07		0.0173512		3.03611		524.653		6.97053e+06		530.31		
00:00:18:000		1.53617e+07		0.018302		3.03466		524.697		6.97051e+06		530.307		
00:00:17:899		1.53622e+07		0.0192523		3.03325		524.744		6.97049e+06		530.312		
00:00:17:899		1.53622e+07		0.0192523		3.03325		524.744		6.97049e+06		530.312		
00:00:17:649		1.53635e+07		0.0216246		3.02992		524.855		6.97045e+06		530.291		
00:00:17:649		1.53635e+07		0.0216246		3.02992		524.855		6.97045e+06		530.291		
00:00:17:550		1.5364e+07		0.022573		3.02847		524.9		6.97043e+06		530.295		
00:00:17:449		1.53645e+07		0.0235205		3.02703		524.944		6.97041e+06		530.285		
00:00:17:350		1.5365e+07		0.024467		3.02557		524.991		6.97039e+06		530.282		
00:00:17:250		1.53656e+07		0.0254135		3.02423		525.035		6.97037e+06		530.289		
00:00:17:149		1.53661e+07		0.0263596		3.02266		525.08		6.97035e+06		530.287		
00:00:17:050		1.53666e+07		0.0273042		3.02137		525.125		6.97034e+06		530.284		
00:00:16:949		1.53671e+07		0.0282493		3.0199		525.169		6.97032e+06		530.288		
00:00:16:850		1.53676e+07		0.0291929		3.01851		525.214		6.9703e+06		530.283		
00:00:16:649		1.53687e+07		0.0310788		3.01579		525.303		6.97026e+06		530.271		
00:00:16:649		1.53687e+07		0.0310788		3.01579		525.303		6.97026e+06		530.271		
00:00:16:550		1.53692e+07		0.0320201		3.01433		525.347		6.97024e+06		530.265		
00:00:16:449		1.53697e+07		0.0329618		3.01303		525.392		6.97022e+06		530.273		
00:00:16:250		1.53707e+07		0.034842		3.01041		525.477		6.97018e+06		530.264		
00:00:16:250		1.53707e+07		0.034842		3.01041		525.477		6.97018e+06		530.264		
00:00:16:149		1.53713e+07		0.0357814		3.00894		525.524		6.97017e+06		530.262		
00:00:15:949		1.53718e+07		0.0367198		3.00755		525.566		6.97015e+06		530.258		
00:00:15:949		1.53723e+07		0.0376577		3.00624		525.611		6.97013e+06		530.263		
00:00:15:849		1.53728e+07		0.0385947		3.00483		525.654		6.97011e+06		530.245		
00:00:15:650		1.53739e+07		0.0404663		3.00219		525.739		6.97007e+06		530.247		
00:00:15:650		1.53739e+07		0.0404663		3.00219		525.739		6.97007e+06		530.247		
00:00:15:500		1.53746e+07		0.0418677		3.00027		525.804		6.97004e+06		530.246		
00:00:15:400		1.53752e+07		0.0428014		2.99885		525.847		6.97002e+06		530.243		
00:00:15:300		1.53757e+07		0.0437341		2.99762		525.889		6.97e+06		530.24		
00:00:15:199		1.53762e+07		0.0446658		2.99631		525.934		6.96998e+06		530.238		
00:00:15:099		1.53767e+07		0.0455971		2.99507		525.975		6.96997e+06		530.235		
00:00:15:050		1.5377e+07		0.046062		2.99414		525.997		6.96996e+06		530.234		
00:00:14:949		1.53775e+07		0.0469913		2.99287		526.04		6.96994e+06		530.232		
00:00:14:849		1.5378e+07		0.0479202		2.99151		526.082		6.96992e+06		530.228		
00:00:14:650		1.53791e+07		0.0497746		2.98888		526.167		6.96988e+06		530.225		
00:00:14:650		1.53791e+07		0.0497746		2.98888		526.167		6.96988e+06		530.225		
00:00:14:550		1.53796e+07		0.0507011		2.9876		526.21		6.96986e+06		530.223		
00:00:14:400		1.53804e+07		0.0520878		2.98571		526.275		6.96983e+06		530.227		
00:00:14:300		1.53809e+07		0.0530114		2.98431		526.318		6.96981e+06		530.224		
00:00:14:199		1.53814e+07		0.0539341		2.98307		526.358		6.96979e+06		530.213		
00:00:14:099		1.53819e+07		0.0548558		2.98183		526.401		6.96977e+06		530.21		
00:00:14:000		1.53825e+07		0.0557766		2.98055		526.442		6.96975e+06		530.216		
00:00:13:900		1.5383e+07		0.0566959		2.97915		526.482		6.96973e+06		530.213		
00:00:13:699		1.5384e+07		0.0585327		2.97651		526.564		6.96969e+06		530.206		
00:00:13:599		1.53846e+07		0.0594501		2.97542		526.605		6.96967e+06		530.187		
00:00:13:599		1.53846e+07		0.0594501		2.97542		526.605		6.96967e+06		530.187		
00:00:13:500		1.53851e+07		0.0603657		2.97401		526.646		6.96965e+06		530.192		
00:00:13:400		1.53856e+07		0.0612812		2.97267		526.684		6.96963e+06		530.194		
00:00:13:300		1.53861e+07		0.0621953		2.97131		526.725		6.96962e+06		530.187		
00:00:13:199		1.53867e+07		0.0631084		2.9701		526.766		6.9696e+06		530.186		
00:00:13:099		1.53872e+07		0.0640206		2.96882		526.805		6.96958e+06		530.185		
00:00:13:000		1.53877e+07		0.0649319		2.96749		526.844		6.96956e+06		530.181		
00:00:12:900		1.53882e+07		0.0658426		2.96618		526.884		6.96954e+06		530.178		
00:00:12:800		1.53888e+07		0.066752		2.96489		526.923		6.96952e+06		530.184		
00:00:12:650		1.53896e+07		0.0681143		2.96291		526.984		6.96949e+06		530.172		
00:00:12:550		1.53901e+07		0.0690217		2.96165		527.023		6.96947e+06		530.169		
00:00:12:550		1.53901e+07		0.0690217		2.96165		527.023		6.96947e+06		530.169		
00:00:12:449		1.53906e+07		0.0699277		2.96031		527.062		6.96945e+06		530.164		
00:00:12:349		1.53911e+07		0.0708327		2.95905		527.101		6.96943e+06		530.17		
00:00:12:250		1.53917e+07		0.0717368		2.95772		527.142		6.96941e+06		530.162		
00:00:12:150		1.53922e+07		0.0726404		2.95654		527.18		6.96939e+06		530.159		
00:00:12:050		1.53927e+07		0.0735426		2.95524		527.219		6.96937e+06		530.156		
00:00:11:949		1.53933e+07		0.0744443		2.9539		527.26		6.96935e+06		530.153		
00:00:11:849		1.53938e+07		0.0753446		2.95272		527.299		6.96933e+06		530.148		
00:00:11:650		1.53949e+07		0.0771437		2.95027		527.377		6.96928e+06		530.145		
00:00:11:650		1.53949e+07		0.0771437		2.95027		527.377		6.96928e+06		530.145		
00:00:11:500		1.53959e+07		0.0789394		2.94758		527.454		6.96924e+06		530.132		
00:00:11:500		1.53959e+07		0.0789394		2.94758		527.454		6.96924e+06		530.132		
00:00:11:349		1.53965e+07		0.0798359		2.94646		527.493		6.96922e+06		530.126		
00:00:11:150		1.53975e+07		0.0816269		2.94388		527.567		6.96918e+06		530.13		
00:00:11:150		1.53975e+07		0.0816269		2.94388		527.567		6.96918e+06		530.13		
00:00:11:050		1.53981e+07		0.082521		2.94262		527.604		6.96916e+06		530.141		
00:00:10:949		1.53986e+07		0.083415		2.94153		527.641		6.96914e+06		530.126		
00:00:10:849		1.53992e+07		0.0843077		2.94025		527.678		6.96912e+06		530.122		
00:00:10:750		1.53997e+07		0.0851994		2.93903		527.713		6.9691e+06		530.14		
00:00:10:650		1.54002e+07		0.0860901		2.93776		527.75		6.96908e+06		530.115		
00:00:10:550		1.54008e+07		0.0869803		2.93658		527.787		6.96906e+06		530.111		
00:00:10:449		1.54013e+07		0.0878701		2.9353		527.824		6.96904e+06		530.125		
00:00:10:349		1.54019e+07		0.0887589		2.93408		527.859		6.96902e+06		530.111		
00:00:10:250		1.54024e+07		0.0896473		2.93285		527.894		6.969e+06		530.107		
00:00:10:150		1.5403e+07		0.0905352		2.93171		527.929		6.96897e+06		530.105		
00:00:10:050		1.54035e+07		0.0914226		2.93052		527.963		6.96895e+06		530.101		
00:00:09:949		1.54041e+07		0.0923095		2.92937		527.998		6.96893e+06		530.098		
00:00:09:800		1.54049e+07		0.0936389		2.92745		528.049		6.9689e+06		530.104		
00:00:09:699		1.54055e+07		0.0945249		2.92627		528.085		6.96888e+06		530.089		
00:00:09:599		1.5406e+07		0.0954099		2.92517		528.118		6.96886e+06		530.084		
00:00:09:500		1.54066e+07		0.0962954		2.92394		528.153		6.96883e+06		530.08		
00:00:09:400		1.54072e+07		0.0971804		2.92279		528.19		6.96881e+06		530.086		
00:00:09:300		1.54077e+07		0.0980649		2.9216		528.223		6.96879e+06		530.077		
00:00:09:199		1.54083e+07		0.098949		2.92046		528.26		6.96877e+06		530.07		
00:00:09:099		1.54088e+07		0.0998335		2.91927		528.293		6.96874e+06		530.055		
00:00:09:000		1.54094e+07		0.100717		2.91805		528.328		6.96872e+06		530.061		
00:00:08:900		1.541e+07		0.101601		2.91699		528.363		6.9687e+06		530.055		
00:00:08:699		1.54111e+07		0.103367		2.91461		528.428		6.96865e+06		530.046		
00:00:08:599		1.54117e+07		0.104249		2.91351		528.459		6.96863e+06		530.054		
00:00:08:599		1.54117e+07		0.104249		2.91351		528.459		6.96863e+06		530.054		
00:00:08:550		1.5412e+07		0.10469		2.91294		528.476		6.96862e+06		530.04		
00:00:08:400		1.54129e+07		0.106012		2.91128		528.524		6.96858e+06		530.036		
00:00:08:300		1.54134e+07		0.106894		2.91022		528.557		6.96856e+06		530.03		
00:00:08:199		1.5414e+07		0.107774		2.90908		528.589		6.96853e+06		530.024		
00:00:08:099		1.54146e+07		0.108655		2.90798		528.618		6.96851e+06		530.018		
00:00:08:000		1.54152e+07		0.109536		2.90683		528.649		6.96848e+06		530.01		
00:00:07:900		1.54158e+07		0.110415		2.90578		528.681		6.96846e+06		530.004		
00:00:07:700		1.5417e+07		0.112175		2.90358		528.742		6.9684e+06		529.983		
00:00:07:599		1.54176e+07		0.113055		2.90244		528.773		6.96838e+06		529.983		
00:00:07:599		1.54176e+07		0.113055		2.90244		528.773		6.96838e+06		529.983		
00:00:07:500		1.54182e+07		0.113935		2.90139		528.806		6.96835e+06		529.974		
00:00:07:349		1.54191e+07		0.115254		2.89982		528.852		6.96831e+06		529.961		
00:00:07:349		1.54191e+07		0.115254		2.89982		528.852		6.96831e+06		529.961		
00:00:07:150		1.54203e+07		0.117013		2.89763		528.913		6.96826e+06		529.945		
00:00:07:150		1.54203e+07		0.117013		2.89763		528.913		6.96826e+06		529.945		
00:00:07:000		1.54213e+07		0.118332		2.89616		528.959		6.96821e+06		529.94		
00:00:07:000		1.54213e+07		0.118332		2.89616		528.959		6.96821e+06		529.94		
00:00:06:849		1.54222e+07		0.119652		2.89459		529.002		6.96817e+06		529.921		
00:00:06:650		1.54235e+07		0.121411		2.89251		529.057		6.96811e+06		529.913		
00:00:06:549		1.54241e+07		0.12229		2.89148		529.083		6.96808e+06		529.886		
00:00:06:549		1.54241e+07		0.12229		2.89148		529.083		6.96808e+06		529.886		
00:00:06:450		1.54247e+07		0.12317		2.89048		529.111		6.96805e+06		529.888		
00:00:06:349		1.54254e+07		0.12405		2.88949		529.136		6.96802e+06		529.87		
00:00:06:250		1.5426e+07		0.12493		2.88854		529.162		6.96799e+06		529.864		
00:00:06:150		1.54267e+07		0.125811		2.88747		529.186		6.96796e+06		529.85		
00:00:06:049		1.54273e+07		0.12669		2.88653		529.214		6.96793e+06		529.831		
00:00:05:950		1.5428e+07		0.127571		2.88555		529.24		6.96789e+06		529.822		
00:00:05:799		1.5429e+07		0.128891		2.88406		529.282		6.96784e+06		529.802		
00:00:05:700		1.54296e+07		0.129772		2.88313		529.308		6.96781e+06		529.793		
00:00:05:599		1.54303e+07		0.130653		2.88212		529.334		6.96778e+06		529.771		
00:00:05:599		1.54303e+07		0.130653		2.88212		529.334		6.96778e+06		529.771		
00:00:05:450		1.54313e+07		0.131975		2.88068		529.374		6.96772e+06		529.749		
00:00:05:349		1.5432e+07		0.132856		2.87976		529.4		6.96769e+06		529.73		
00:00:05:250		1.54327e+07		0.133738		2.87876		529.426		6.96765e+06		529.709		
00:00:05:150		1.54334e+07		0.13462		2.87788		529.451		6.96761e+06		529.685		
00:00:05:049		1.54341e+07		0.135502		2.87697		529.475		6.96758e+06		529.686		
00:00:04:950		1.54348e+07		0.136384		2.87606		529.497		6.96754e+06		529.634		
00:00:04:849		1.54355e+07		0.137265		2.87507		529.521		6.9675e+06		529.61		
00:00:04:650		1.54369e+07		0.139027		2.87324		529.564		6.96742e+06		529.563		
00:00:04:650		1.54369e+07		0.139027		2.87324		529.564		6.96742e+06		529.563		
00:00:04:549		1.54376e+07		0.139907		2.87231		529.586		6.96738e+06		529.531		
00:00:04:450		1.54383e+07		0.140788		2.87146		529.608		6.96734e+06		529.509		
00:00:04:349		1.54391e+07		0.141668		2.8705		529.63		6.96729e+06		529.473		
00:00:04:200		1.54402e+07		0.142989		2.86915		529.661		6.96723e+06		529.438		
00:00:04:099		1.54409e+07		0.143869		2.86823		529.682		6.96718e+06		529.408		
00:00:04:000		1.54416e+07		0.144751		2.86727		529.702		6.96714e+06		529.374		
00:00:03:899		1.54424e+07		0.145633		2.86636		529.722		6.96709e+06		529.338		
00:00:03:799		1.54432e+07		0.146514		2.86553		529.742		6.96704e+06		529.302		
00:00:03:700		1.54439e+07		0.147395		2.86458		529.765		6.967e+06		529.263		
00:00:03:600		1.54447e+07		0.148274		2.86381		529.783		6.96695e+06		529.224		
00:00:03:500		1.54455e+07		0.149151		2.86293		529.803		6.9669e+06		529.185		
00:00:03:399		1.54463e+07		0.150023		2.86215		529.82		6.96685e+06		529.148		
00:00:03:299		1.54471e+07		0.15089		2.8614		529.838		6.9668e+06		529.098		
00:00:03:200		1.54478e+07		0.151752		2.86055		529.857		6.96674e+06		529.051		
00:00:03:100		1.54486e+07		0.152611		2.85981		529.873		6.96669e+06		529.004		
00:00:03:000		1.54494e+07		0.153468		2.85896		529.892		6.96664e+06		528.952		
00:00:02:899		1.54501e+07		0.154327		2.85796		529.908		6.96658e+06		528.899		
00:00:02:799		1.54509e+07		0.155191		2.85695		529.925		6.96652e+06		528.844		
00:00:02:600		1.54525e+07		0.156946		2.85487		529.956		6.96641e+06		528.733		
00:00:02:600		1.54525e+07		0.156946		2.85487		529.956		6.96641e+06		528.733		
00:00:02:500		1.54534e+07		0.157835		2.85387		529.971		6.96635e+06		528.7		
00:00:02:399		1.54544e+07		0.158727		2.85307		529.984		6.96629e+06		528.613		
00:00:02:299		1.54554e+07		0.159612		2.85244		529.997		6.96623e+06		528.543		
00:00:02:200		1.54565e+07		0.160479		2.8521		530.011		6.96617e+06		528.485		
00:00:02:200		1.54565e+07		0.160479		2.8521		530.011		6.96617e+06		528.485		
00:00:02:000		1.54585e+07		0.162113		2.85155		530.035		6.96605e+06		528.381		
00:00:01:899		1.54593e+07		0.162867		2.8514		530.048		6.96599e+06		528.273		
00:00:01:699		1.54606e+07		0.16428		2.85043		530.074		6.96586e+06		528.131		
00:00:01:699		1.54606e+07		0.16428		2.85043		530.074		6.96586e+06		528.131		
00:00:01:600		1.54611e+07		0.164979		2.84895		530.087		6.96579e+06		528.043		
00:00:01:500		1.54616e+07		0.165713		2.84669		530.1		6.96572e+06		528.002		
00:00:01:399		1.54622e+07		0.166508		2.8442		530.112		6.96565e+06		527.878		
00:00:01:300		1.54633e+07		0.16738		2.84207		530.124		6.96557e+06		527.788		
00:00:01:199		1.54648e+07		0.168325		2.8402		530.138		6.9655e+06		527.69		
00:00:01:199		1.54648e+07		0.168325		2.8402		530.138		6.9655e+06		527.69		
00:00:01:050		1.54679e+07		0.169811		2.83692		530.159		6.96538e+06		527.53		
00:00:00:949		1.54704e+07		0.170756		2.83569		530.173		6.9653e+06		527.409		
00:00:00:750		1.54753e+07		0.172199		2.84315		530.195		6.96512e+06		527.131		
00:00:00:650		1.54771e+07		0.172599		2.84701		530.203		6.96502e+06		527.032		
00:00:00:650		1.54771e+07		0.172599		2.84701		530.203		6.96502e+06		527.032		
00:00:00:550		1.54781e+07		0.172792		2.84712		530.208		6.96492e+06		526.861		
00:00:00:450		1.54785e+07		0.17284		2.84147		530.212		6.96486e+06		526.825		
00:00:00:349		1.54786e+07		0.17284		2.83573		530.216		6.96485e+06		526.825		
00:00:00:200		1.54785e+07		0.17284		2.83572		530.219		6.96484e+06		526.827		
00:00:00:200		1.54785e+07		0.17284		2.83572		530.219		6.96484e+06		526.827		
00:00:00:050		1.54785e+07		0.17284		2.83567		530.223		6.96484e+06		526.826		
00:00:00:000		1.54785e+07		0.17284		2.83571		530.225		6.96483e+06		526.826		
00:00:00:000		1.54785e+07		0.17284		2.83571		530.225		6.96483e+06		526.826		
00:00:00:000		1.54785e+07		0.17284		2.83571		530.225		6.96483e+06		526.826		
00:00:00:000		1.54785e+07		0.17284		2.83571		530.225		6.96483e+06		526.826		
00:00:00:000		1.54785e+07		0.17284		2.83571		530.225		6.96483e+06		526.826		
00:00:00:000		1.54785e+07		0.17284		2.83571		530.225		6.96483e+06		526.826		
