	time 		rcpppzr	rcp054rcp007mnzoyout	rcv501std0102fvol	fwfrcp001gv	rcppmssga	msfsg(1)	
00:01:03:500		1.54239e+07		0.0757718		3.02265		526.297		6.96948e+06		527.367		
00:01:03:399		1.5424e+07		0.0759206		3.02207		526.301		6.96947e+06		527.366		
00:01:03:299		1.5424e+07		0.0760689		3.02175		526.303		6.96947e+06		527.36		
00:01:03:200		1.54241e+07		0.0762177		3.02142		526.305		6.96946e+06		527.371		
00:01:03:100		1.54242e+07		0.0763664		3.02113		526.306		6.96945e+06		527.373		
00:01:03:000		1.54242e+07		0.0765152		3.02048		526.31		6.96944e+06		527.367		
00:01:02:899		1.54243e+07		0.076664		3.02002		526.312		6.96943e+06		527.367		
00:01:02:700		1.54244e+07		0.0769615		3.01938		526.316		6.96941e+06		527.373		
00:01:02:700		1.54244e+07		0.0769615		3.01938		526.316		6.96941e+06		527.373		
00:01:02:600		1.54245e+07		0.0771098		3.01891		526.318		6.9694e+06		527.369		
00:01:02:450		1.54246e+07		0.077333		3.01823		526.321		6.96939e+06		527.368		
00:01:02:399		1.54246e+07		0.0774074		3.018		526.323		6.96938e+06		527.363		
00:01:02:299		1.54247e+07		0.0775561		3.01776		526.325		6.96937e+06		527.383		
00:01:02:200		1.54247e+07		0.0777054		3.0173		526.329		6.96936e+06		527.371		
00:01:02:049		1.54248e+07		0.0779285		3.01654		526.331		6.96935e+06		527.37		
00:01:01:950		1.54249e+07		0.0780778		3.01617		526.334		6.96934e+06		527.37		
00:01:01:799		1.5425e+07		0.0783014		3.01558		526.336		6.96933e+06		527.373		
00:01:01:649		1.54251e+07		0.0785251		3.01489		526.34		6.96931e+06		527.372		
00:01:01:649		1.54251e+07		0.0785251		3.01489		526.34		6.96931e+06		527.372		
00:01:01:549		1.54251e+07		0.0786738		3.01445		526.344		6.9693e+06		527.374		
00:01:01:450		1.54251e+07		0.0786738		3.01445		526.344		6.9693e+06		527.374		
00:01:01:350		1.54252e+07		0.0789719		3.01375		526.349		6.96929e+06		527.375		
00:01:01:250		1.54253e+07		0.0791211		3.01333		526.351		6.96928e+06		527.375		
00:01:01:149		1.54254e+07		0.0792708		3.0128		526.355		6.96927e+06		527.375		
00:01:01:049		1.54254e+07		0.0794201		3.01242		526.357		6.96926e+06		527.368		
00:01:00:950		1.54255e+07		0.0795693		3.01222		526.358		6.96925e+06		527.37		
00:01:00:850		1.54256e+07		0.0797186		3.01164		526.36		6.96924e+06		527.385		
00:01:00:750		1.54256e+07		0.0798683		3.01114		526.364		6.96923e+06		527.376		
00:01:00:750		1.54256e+07		0.0798683		3.01114		526.364		6.96923e+06		527.376		
00:01:00:649		1.54257e+07		0.0800176		3.01082		526.366		6.96922e+06		527.379		
00:01:00:450		1.54258e+07		0.0803165		3.01004		526.371		6.9692e+06		527.379		
00:01:00:450		1.54258e+07		0.0803165		3.01004		526.371		6.9692e+06		527.379		
00:01:00:250		1.54259e+07		0.080616		3.00913		526.377		6.96918e+06		527.383		
00:01:00:149		1.5426e+07		0.0807657		3.00875		526.381		6.96917e+06		527.383		
00:01:00:049		1.54261e+07		0.0809155		3.00851		526.382		6.96916e+06		527.383		
00:01:00:049		1.54261e+07		0.0809155		3.00851		526.382		6.96916e+06		527.383		
00:01:00:000		1.54261e+07		0.0809898		3.0082		526.384		6.96916e+06		527.384		
00:00:59:799		1.54262e+07		0.0812898		3.00742		526.39		6.96914e+06		527.385		
00:00:59:799		1.54262e+07		0.0812898		3.00742		526.39		6.96914e+06		527.385		
00:00:59:700		1.54263e+07		0.0814395		3.00696		526.392		6.96913e+06		527.387		
00:00:59:600		1.54264e+07		0.0815892		3.00662		526.395		6.96912e+06		527.388		
00:00:59:399		1.54265e+07		0.0818892		3.00563		526.401		6.9691e+06		527.389		
00:00:59:399		1.54265e+07		0.0818892		3.00563		526.401		6.9691e+06		527.389		
00:00:59:149		1.54266e+07		0.0822644		3.00492		526.407		6.96908e+06		527.39		
00:00:59:149		1.54266e+07		0.0822644		3.00492		526.407		6.96908e+06		527.39		
00:00:59:049		1.54267e+07		0.0824142		3.00438		526.41		6.96907e+06		527.392		
00:00:58:950		1.54268e+07		0.0825648		3.00384		526.414		6.96906e+06		527.393		
00:00:58:750		1.54269e+07		0.0828652		3.00319		526.419		6.96904e+06		527.394		
00:00:58:750		1.54269e+07		0.0828652		3.00319		526.419		6.96904e+06		527.394		
00:00:58:649		1.5427e+07		0.0830159		3.00277		526.421		6.96903e+06		527.395		
00:00:58:549		1.5427e+07		0.0831661		3.0024		526.425		6.96902e+06		527.397		
00:00:58:450		1.54271e+07		0.0833163		3.00187		526.429		6.96901e+06		527.397		
00:00:58:350		1.54271e+07		0.0834675		3.00149		526.431		6.969e+06		527.398		
00:00:58:250		1.54272e+07		0.0836177		3.00125		526.434		6.96899e+06		527.398		
00:00:58:149		1.54273e+07		0.0837684		3.00079		526.436		6.96899e+06		527.399		
00:00:58:049		1.54273e+07		0.083919		3.00033		526.44		6.96898e+06		527.399		
00:00:57:950		1.54274e+07		0.0840693		2.99993		526.444		6.96897e+06		527.4		
00:00:57:850		1.54275e+07		0.0842204		2.99947		526.445		6.96896e+06		527.402		
00:00:57:750		1.54275e+07		0.0843711		2.99918		526.449		6.96895e+06		527.401		
00:00:57:649		1.54276e+07		0.0845222		2.99881		526.451		6.96894e+06		527.398		
00:00:57:549		1.54277e+07		0.0846729		2.99827		526.455		6.96893e+06		527.406		
00:00:57:450		1.54277e+07		0.0848236		2.99798		526.458		6.96892e+06		527.408		
00:00:57:350		1.54278e+07		0.0849752		2.99762		526.462		6.96891e+06		527.409		
00:00:57:200		1.54279e+07		0.0852017		2.99693		526.466		6.9689e+06		527.41		
00:00:57:100		1.54279e+07		0.0853524		2.99664		526.47		6.96889e+06		527.411		
00:00:57:000		1.5428e+07		0.0855036		2.99615		526.473		6.96888e+06		527.413		
00:00:56:899		1.54281e+07		0.0856552		2.99572		526.475		6.96887e+06		527.413		
00:00:56:799		1.54281e+07		0.0858068		2.99553		526.479		6.96886e+06		527.415		
00:00:56:700		1.54282e+07		0.085958		2.99495		526.481		6.96885e+06		527.41		
00:00:56:600		1.54283e+07		0.0861092		2.99465		526.484		6.96884e+06		527.419		
00:00:56:500		1.54283e+07		0.0862608		2.9942		526.488		6.96883e+06		527.421		
00:00:56:399		1.54284e+07		0.086412		2.99382		526.492		6.96882e+06		527.422		
00:00:56:299		1.54285e+07		0.0865636		2.99342		526.495		6.96881e+06		527.424		
00:00:56:200		1.54285e+07		0.0867152		2.99301		526.497		6.9688e+06		527.425		
00:00:56:200		1.54285e+07		0.0867152		2.99301		526.497		6.9688e+06		527.425		
00:00:56:000		1.54287e+07		0.0870185		2.99217		526.505		6.96879e+06		527.428		
00:00:56:000		1.54287e+07		0.0870185		2.99217		526.505		6.96879e+06		527.428		
00:00:55:799		1.54288e+07		0.0873222		2.99152		526.512		6.96877e+06		527.429		
00:00:55:700		1.54289e+07		0.0874743		2.99097		526.516		6.96876e+06		527.428		
00:00:55:700		1.54289e+07		0.0874743		2.99097		526.516		6.96876e+06		527.428		
00:00:55:600		1.54289e+07		0.0876265		2.99069		526.518		6.96875e+06		527.434		
00:00:55:500		1.5429e+07		0.0877786		2.99032		526.521		6.96874e+06		527.438		
00:00:55:399		1.54291e+07		0.0879307		2.98987		526.525		6.96873e+06		527.434		
00:00:55:299		1.54291e+07		0.0880823		2.98949		526.529		6.96872e+06		527.435		
00:00:55:200		1.54292e+07		0.0882344		2.98912		526.533		6.96871e+06		527.438		
00:00:55:100		1.54292e+07		0.088387		2.98875		526.534		6.9687e+06		527.438		
00:00:55:000		1.54293e+07		0.0885391		2.98833		526.538		6.96869e+06		527.441		
00:00:54:799		1.54294e+07		0.0888438		2.98755		526.545		6.96868e+06		527.438		
00:00:54:799		1.54294e+07		0.0888438		2.98755		526.545		6.96868e+06		527.438		
00:00:54:700		1.54295e+07		0.0889964		2.98726		526.549		6.96867e+06		527.448		
00:00:54:600		1.54296e+07		0.089149		2.98685		526.553		6.96866e+06		527.459		
00:00:54:500		1.54296e+07		0.0893011		2.98642		526.557		6.96865e+06		527.448		
00:00:54:399		1.54297e+07		0.0894537		2.98602		526.558		6.96864e+06		527.447		
00:00:54:299		1.54298e+07		0.0896063		2.98569		526.564		6.96863e+06		527.451		
00:00:54:149		1.54299e+07		0.0898356		2.98517		526.57		6.96862e+06		527.453		
00:00:54:049		1.54299e+07		0.0899882		2.98484		526.571		6.96861e+06		527.453		
00:00:53:950		1.543e+07		0.0901413		2.98439		526.575		6.9686e+06		527.454		
00:00:53:850		1.54301e+07		0.0902939		2.98405		526.579		6.96859e+06		527.447		
00:00:53:750		1.54301e+07		0.0904469		2.98369		526.583		6.96858e+06		527.458		
00:00:53:649		1.54302e+07		0.0906		2.98331		526.586		6.96857e+06		527.459		
00:00:53:549		1.54303e+07		0.0907531		2.98294		526.59		6.96857e+06		527.458		
00:00:53:450		1.54303e+07		0.0909061		2.98256		526.594		6.96856e+06		527.461		
00:00:53:350		1.54304e+07		0.0910592		2.98227		526.597		6.96855e+06		527.463		
00:00:53:250		1.54305e+07		0.0912127		2.98181		526.601		6.96854e+06		527.464		
00:00:53:149		1.54305e+07		0.0913658		2.98148		526.605		6.96853e+06		527.465		
00:00:53:049		1.54306e+07		0.0915189		2.98111		526.608		6.96852e+06		527.468		
00:00:52:950		1.54307e+07		0.0916724		2.98074		526.612		6.96851e+06		527.469		
00:00:52:850		1.54307e+07		0.091826		2.9804		526.616		6.9685e+06		527.469		
00:00:52:750		1.54308e+07		0.091979		2.97994		526.62		6.9685e+06		527.465		
00:00:52:649		1.54309e+07		0.0921326		2.97966		526.625		6.96849e+06		527.473		
00:00:52:549		1.54309e+07		0.0922861		2.97929		526.629		6.96848e+06		527.473		
00:00:52:450		1.5431e+07		0.0924401		2.97896		526.633		6.96847e+06		527.473		
00:00:52:350		1.54311e+07		0.0925937		2.97858		526.636		6.96846e+06		527.497		
00:00:52:250		1.54311e+07		0.0927472		2.9782		526.64		6.96845e+06		527.479		
00:00:52:149		1.54312e+07		0.0929008		2.97797		526.644		6.96845e+06		527.481		
00:00:52:049		1.54313e+07		0.0930548		2.97751		526.647		6.96844e+06		527.482		
00:00:51:950		1.54313e+07		0.0932088		2.97713		526.651		6.96843e+06		527.483		
00:00:51:850		1.54314e+07		0.0933623		2.97689		526.655		6.96842e+06		527.483		
00:00:51:750		1.54315e+07		0.0935163		2.97643		526.66		6.96841e+06		527.481		
00:00:51:649		1.54315e+07		0.0936704		2.97605		526.664		6.9684e+06		527.498		
00:00:51:549		1.54316e+07		0.0938244		2.97573		526.668		6.9684e+06		527.476		
00:00:51:399		1.54317e+07		0.0940557		2.97516		526.673		6.96838e+06		527.487		
00:00:51:299		1.54318e+07		0.0942097		2.97479		526.677		6.96837e+06		527.489		
00:00:51:200		1.54318e+07		0.0943642		2.97445		526.681		6.96837e+06		527.488		
00:00:51:100		1.54319e+07		0.0945187		2.97404		526.684		6.96836e+06		527.485		
00:00:51:000		1.5432e+07		0.0946732		2.97366		526.69		6.96835e+06		527.495		
00:00:50:899		1.54321e+07		0.0948272		2.97333		526.694		6.96834e+06		527.497		
00:00:50:799		1.54321e+07		0.0949817		2.97295		526.697		6.96833e+06		527.497		
00:00:50:700		1.54322e+07		0.0951362		2.97258		526.701		6.96832e+06		527.498		
00:00:50:600		1.54323e+07		0.0952911		2.97221		526.705		6.96832e+06		527.494		
00:00:50:500		1.54323e+07		0.0954452		2.97179		526.71		6.96831e+06		527.502		
00:00:50:399		1.54324e+07		0.0956001		2.97145		526.714		6.9683e+06		527.502		
00:00:50:299		1.54325e+07		0.0957551		2.97108		526.718		6.96829e+06		527.503		
00:00:50:299		1.54325e+07		0.0957551		2.97108		526.718		6.96829e+06		527.503		
00:00:50:200		1.54325e+07		0.0959096		2.9707		526.721		6.96828e+06		527.499		
00:00:50:100		1.54326e+07		0.0960646		2.97033		526.725		6.96828e+06		527.507		
00:00:49:899		1.54327e+07		0.096374		2.96958		526.734		6.96826e+06		527.509		
00:00:49:899		1.54327e+07		0.096374		2.96958		526.734		6.96826e+06		527.509		
00:00:49:700		1.54329e+07		0.096684		2.96883		526.744		6.96824e+06		527.511		
00:00:49:700		1.54329e+07		0.096684		2.96883		526.744		6.96824e+06		527.511		
00:00:49:600		1.54329e+07		0.0968394		2.96854		526.747		6.96824e+06		527.511		
00:00:49:500		1.5433e+07		0.0969944		2.96812		526.753		6.96823e+06		527.506		
00:00:49:399		1.54331e+07		0.0971498		2.96775		526.757		6.96822e+06		527.515		
00:00:49:200		1.54332e+07		0.0974598		2.967		526.766		6.96821e+06		527.518		
00:00:49:200		1.54332e+07		0.0974598		2.967		526.766		6.96821e+06		527.518		
00:00:49:049		1.54333e+07		0.097693		2.96643		526.771		6.96819e+06		527.519		
00:00:48:950		1.54334e+07		0.0978484		2.9661		526.775		6.96819e+06		527.518		
00:00:48:750		1.54335e+07		0.0981593		2.9654		526.784		6.96817e+06		527.517		
00:00:48:649		1.54336e+07		0.0983148		2.96507		526.79		6.96816e+06		527.524		
00:00:48:649		1.54336e+07		0.0983148		2.96507		526.79		6.96816e+06		527.524		
00:00:48:549		1.54337e+07		0.0984702		2.96469		526.794		6.96815e+06		527.525		
00:00:48:450		1.54337e+07		0.0986257		2.96431		526.799		6.96815e+06		527.525		
00:00:48:350		1.54338e+07		0.0987821		2.96398		526.803		6.96814e+06		527.527		
00:00:48:250		1.54339e+07		0.0989375		2.9636		526.807		6.96813e+06		527.528		
00:00:48:149		1.54339e+07		0.099093		2.96319		526.812		6.96812e+06		527.529		
00:00:48:049		1.5434e+07		0.0992489		2.9629		526.816		6.96812e+06		527.53		
00:00:47:950		1.54341e+07		0.0994048		2.96252		526.821		6.96811e+06		527.532		
00:00:47:750		1.54342e+07		0.0997167		2.96181		526.831		6.96809e+06		527.532		
00:00:47:750		1.54342e+07		0.0997167		2.96181		526.831		6.96809e+06		527.532		
00:00:47:649		1.54343e+07		0.0998726		2.96143		526.834		6.96809e+06		527.533		
00:00:47:549		1.54344e+07		0.100029		2.9611		526.84		6.96808e+06		527.534		
00:00:47:450		1.54344e+07		0.100184		2.96068		526.844		6.96807e+06		527.534		
00:00:47:350		1.54345e+07		0.100341		2.96031		526.849		6.96806e+06		527.536		
00:00:47:250		1.54346e+07		0.100497		2.96001		526.853		6.96806e+06		527.537		
00:00:47:149		1.54346e+07		0.100653		2.95968		526.857		6.96805e+06		527.537		
00:00:47:049		1.54347e+07		0.10081		2.9593		526.862		6.96804e+06		527.538		
00:00:46:950		1.54348e+07		0.100966		2.95889		526.868		6.96803e+06		527.539		
00:00:46:850		1.54348e+07		0.101122		2.95859		526.871		6.96803e+06		527.539		
00:00:46:750		1.54349e+07		0.101278		2.95826		526.877		6.96802e+06		527.54		
00:00:46:649		1.5435e+07		0.101435		2.95784		526.883		6.96801e+06		527.54		
00:00:46:549		1.54351e+07		0.101592		2.95746		526.888		6.968e+06		527.529		
00:00:46:450		1.54351e+07		0.101748		2.95713		526.892		6.968e+06		527.54		
00:00:46:350		1.54352e+07		0.101905		2.95675		526.897		6.96799e+06		527.565		
00:00:46:200		1.54353e+07		0.10214		2.95619		526.905		6.96798e+06		527.539		
00:00:46:149		1.54353e+07		0.102218		2.956		526.907		6.96798e+06		527.539		
00:00:46:000		1.54354e+07		0.102453		2.95549		526.916		6.96796e+06		527.548		
00:00:45:950		1.54355e+07		0.102532		2.95539		526.918		6.96796e+06		527.548		
00:00:45:799		1.54356e+07		0.102767		2.95482		526.925		6.96795e+06		527.548		
00:00:45:700		1.54357e+07		0.102924		2.95453		526.929		6.96794e+06		527.543		
00:00:45:600		1.54357e+07		0.103081		2.95411		526.934		6.96794e+06		527.545		
00:00:45:500		1.54358e+07		0.103238		2.95377		526.94		6.96793e+06		527.564		
00:00:45:399		1.54359e+07		0.103395		2.95348		526.944		6.96792e+06		527.553		
00:00:45:299		1.54359e+07		0.103552		2.95306		526.949		6.96791e+06		527.554		
00:00:45:200		1.5436e+07		0.103709		2.95273		526.955		6.96791e+06		527.555		
00:00:45:100		1.54361e+07		0.103866		2.95235		526.958		6.9679e+06		527.554		
00:00:45:000		1.54362e+07		0.104023		2.95202		526.964		6.96789e+06		527.556		
00:00:44:899		1.54362e+07		0.10418		2.95164		526.97		6.96789e+06		527.555		
00:00:44:899		1.54362e+07		0.10418		2.95164		526.97		6.96789e+06		527.555		
00:00:44:700		1.54364e+07		0.104495		2.95093		526.981		6.96787e+06		527.558		
00:00:44:600		1.54364e+07		0.104652		2.95056		526.984		6.96787e+06		527.558		
00:00:44:500		1.54365e+07		0.10481		2.95026		526.99		6.96786e+06		527.56		
00:00:44:500		1.54365e+07		0.10481		2.95026		526.99		6.96786e+06		527.56		
00:00:44:399		1.54366e+07		0.104968		2.94993		526.995		6.96785e+06		527.56		
00:00:44:299		1.54367e+07		0.105125		2.94959		526.999		6.96784e+06		527.559		
00:00:44:200		1.54367e+07		0.105282		2.94922		527.005		6.96784e+06		527.562		
00:00:44:100		1.54368e+07		0.10544		2.9488		527.01		6.96783e+06		527.561		
00:00:44:000		1.54369e+07		0.105597		2.94851		527.014		6.96782e+06		527.563		
00:00:43:899		1.54369e+07		0.105755		2.94817		527.02		6.96782e+06		527.564		
00:00:43:700		1.54371e+07		0.106071		2.94746		527.031		6.9678e+06		527.577		
00:00:43:700		1.54371e+07		0.106071		2.94746		527.031		6.9678e+06		527.577		
00:00:43:600		1.54372e+07		0.106228		2.94704		527.036		6.9678e+06		527.566		
00:00:43:450		1.54373e+07		0.106465		2.9466		527.045		6.96779e+06		527.569		
00:00:43:350		1.54373e+07		0.106623		2.94635		527.051		6.96778e+06		527.561		
00:00:43:250		1.54374e+07		0.106781		2.94589		527.057		6.96777e+06		527.568		
00:00:43:149		1.54375e+07		0.106939		2.94556		527.062		6.96777e+06		527.567		
00:00:43:049		1.54376e+07		0.107097		2.94519		527.068		6.96776e+06		527.569		
00:00:42:950		1.54376e+07		0.107255		2.9449		527.073		6.96775e+06		527.565		
00:00:42:799		1.54377e+07		0.107492		2.94441		527.081		6.96774e+06		527.58		
00:00:42:649		1.54378e+07		0.107729		2.94385		527.09		6.96773e+06		527.57		
00:00:42:649		1.54378e+07		0.107729		2.94385		527.09		6.96773e+06		527.57		
00:00:42:549		1.54379e+07		0.107887		2.94351		527.095		6.96773e+06		527.573		
00:00:42:450		1.5438e+07		0.108046		2.94318		527.101		6.96772e+06		527.574		
00:00:42:350		1.54381e+07		0.108204		2.9428		527.107		6.96771e+06		527.573		
00:00:42:250		1.54381e+07		0.108362		2.94251		527.112		6.96771e+06		527.568		
00:00:42:149		1.54382e+07		0.108521		2.94217		527.118		6.9677e+06		527.588		
00:00:42:049		1.54383e+07		0.108679		2.9418		527.123		6.96769e+06		527.576		
00:00:41:950		1.54384e+07		0.108837		2.94146		527.129		6.96769e+06		527.575		
00:00:41:850		1.54384e+07		0.108995		2.94108		527.134		6.96768e+06		527.575		
00:00:41:750		1.54385e+07		0.109154		2.94075		527.14		6.96767e+06		527.57		
00:00:41:649		1.54386e+07		0.109313		2.94041		527.145		6.96767e+06		527.577		
00:00:41:549		1.54386e+07		0.109471		2.94012		527.151		6.96766e+06		527.577		
00:00:41:450		1.54387e+07		0.10963		2.9397		527.156		6.96766e+06		527.581		
00:00:41:350		1.54388e+07		0.109788		2.93941		527.162		6.96765e+06		527.58		
00:00:41:250		1.54389e+07		0.109947		2.93903		527.168		6.96764e+06		527.582		
00:00:41:149		1.54389e+07		0.110106		2.93861		527.175		6.96764e+06		527.582		
00:00:41:049		1.5439e+07		0.110264		2.93836		527.18		6.96763e+06		527.582		
00:00:40:950		1.54391e+07		0.110423		2.93803		527.184		6.96762e+06		527.581		
00:00:40:850		1.54392e+07		0.110582		2.93769		527.192		6.96762e+06		527.582		
00:00:40:700		1.54393e+07		0.11082		2.93721		527.201		6.96761e+06		527.584		
00:00:40:600		1.54393e+07		0.110979		2.93697		527.205		6.9676e+06		527.584		
00:00:40:549		1.54394e+07		0.111058		2.9367		527.208		6.9676e+06		527.585		
00:00:40:399		1.54395e+07		0.111296		2.9363		527.217		6.96759e+06		527.585		
00:00:40:299		1.54396e+07		0.111455		2.93593		527.223		6.96758e+06		527.586		
00:00:40:200		1.54396e+07		0.111614		2.93559		527.229		6.96758e+06		527.585		
00:00:40:100		1.54397e+07		0.111773		2.93525		527.234		6.96757e+06		527.585		
00:00:40:000		1.54398e+07		0.111932		2.93488		527.242		6.96757e+06		527.58		
00:00:39:899		1.54399e+07		0.112091		2.93458		527.247		6.96756e+06		527.587		
00:00:39:799		1.54399e+07		0.11225		2.93424		527.255		6.96755e+06		527.588		
00:00:39:700		1.544e+07		0.112409		2.93391		527.26		6.96755e+06		527.589		
00:00:39:649		1.544e+07		0.112489		2.93372		527.264		6.96755e+06		527.589		
00:00:39:549		1.54401e+07		0.112648		2.93342		527.269		6.96754e+06		527.589		
00:00:39:450		1.54402e+07		0.112807		2.93305		527.277		6.96753e+06		527.589		
00:00:39:350		1.54403e+07		0.112966		2.93271		527.282		6.96753e+06		527.589		
00:00:39:250		1.54403e+07		0.113125		2.93238		527.29		6.96752e+06		527.589		
00:00:39:100		1.54404e+07		0.113364		2.93193		527.301		6.96751e+06		527.589		
00:00:39:000		1.54405e+07		0.113523		2.9316		527.306		6.96751e+06		527.589		
00:00:38:899		1.54406e+07		0.113683		2.93122		527.312		6.9675e+06		527.589		
00:00:38:799		1.54407e+07		0.113842		2.93089		527.319		6.9675e+06		527.59		
00:00:38:700		1.54407e+07		0.114002		2.93059		527.327		6.96749e+06		527.587		
00:00:38:700		1.54407e+07		0.114002		2.93059		527.327		6.96749e+06		527.587		
00:00:38:600		1.54408e+07		0.114161		2.93026		527.332		6.96748e+06		527.589		
00:00:38:500		1.54409e+07		0.11432		2.92992		527.34		6.96748e+06		527.588		
00:00:38:399		1.5441e+07		0.11448		2.92959		527.345		6.96747e+06		527.59		
00:00:38:299		1.5441e+07		0.114639		2.92925		527.353		6.96747e+06		527.591		
00:00:38:200		1.54411e+07		0.114799		2.92896		527.358		6.96746e+06		527.59		
00:00:38:100		1.54412e+07		0.114958		2.92862		527.365		6.96745e+06		527.596		
00:00:37:799		1.54414e+07		0.115437		2.92757		527.384		6.96744e+06		527.59		
00:00:37:799		1.54414e+07		0.115437		2.92757		527.384		6.96744e+06		527.59		
00:00:37:649		1.54415e+07		0.115676		2.92705		527.395		6.96743e+06		527.595		
00:00:37:649		1.54415e+07		0.115676		2.92705		527.395		6.96743e+06		527.595		
00:00:37:549		1.54416e+07		0.115836		2.9268		527.401		6.96742e+06		527.59		
00:00:37:500		1.54416e+07		0.115916		2.92661		527.404		6.96742e+06		527.589		
00:00:37:399		1.54417e+07		0.116075		2.92631		527.41		6.96741e+06		527.591		
00:00:37:299		1.54418e+07		0.116234		2.92606		527.417		6.96741e+06		527.588		
00:00:37:200		1.54419e+07		0.116395		2.9256		527.423		6.9674e+06		527.575		
00:00:37:100		1.54419e+07		0.116554		2.9253		527.43		6.9674e+06		527.591		
00:00:36:950		1.54421e+07		0.116793		2.92488		527.439		6.96739e+06		527.591		
00:00:36:750		1.54422e+07		0.117113		2.92424		527.452		6.96738e+06		527.59		
00:00:36:649		1.54423e+07		0.117273		2.92391		527.46		6.96737e+06		527.584		
00:00:36:649		1.54423e+07		0.117273		2.92391		527.46		6.96737e+06		527.584		
00:00:36:600		1.54423e+07		0.117352		2.92376		527.462		6.96737e+06		527.591		
00:00:36:450		1.54424e+07		0.117592		2.92324		527.471		6.96736e+06		527.592		
00:00:36:350		1.54425e+07		0.117752		2.92294		527.478		6.96736e+06		527.591		
00:00:36:250		1.54426e+07		0.117912		2.92261		527.486		6.96735e+06		527.592		
00:00:36:149		1.54427e+07		0.118072		2.92231		527.493		6.96735e+06		527.582		
00:00:36:049		1.54427e+07		0.118232		2.92194		527.499		6.96734e+06		527.592		
00:00:35:950		1.54428e+07		0.118392		2.92168		527.506		6.96733e+06		527.591		
00:00:35:750		1.5443e+07		0.118711		2.92101		527.519		6.96732e+06		527.592		
00:00:35:649		1.5443e+07		0.118871		2.92072		527.526		6.96732e+06		527.593		
00:00:35:649		1.5443e+07		0.118871		2.92072		527.526		6.96732e+06		527.593		
00:00:35:549		1.54431e+07		0.119031		2.92034		527.534		6.96731e+06		527.599		
00:00:35:450		1.54432e+07		0.119191		2.92005		527.539		6.96731e+06		527.591		
00:00:35:350		1.54433e+07		0.119351		2.91975		527.547		6.9673e+06		527.585		
00:00:35:250		1.54434e+07		0.119511		2.91946		527.554		6.9673e+06		527.597		
00:00:35:149		1.54434e+07		0.119671		2.91908		527.56		6.96729e+06		527.581		
00:00:35:049		1.54435e+07		0.119831		2.91883		527.567		6.96729e+06		527.59		
00:00:34:950		1.54436e+07		0.119991		2.91837		527.574		6.96728e+06		527.581		
00:00:34:850		1.54437e+07		0.120151		2.91811		527.58		6.96728e+06		527.592		
00:00:34:750		1.54437e+07		0.120311		2.91786		527.587		6.96727e+06		527.591		
00:00:34:649		1.54438e+07		0.120471		2.91744		527.595		6.96727e+06		527.59		
00:00:34:549		1.54439e+07		0.120631		2.91711		527.6		6.96726e+06		527.592		
00:00:34:450		1.5444e+07		0.120791		2.91683		527.608		6.96725e+06		527.592		
00:00:34:350		1.5444e+07		0.120951		2.91658		527.615		6.96725e+06		527.596		
00:00:34:250		1.54441e+07		0.121111		2.91628		527.623		6.96724e+06		527.579		
00:00:34:149		1.54442e+07		0.121271		2.91599		527.628		6.96724e+06		527.589		
00:00:34:049		1.54443e+07		0.121431		2.91565		527.635		6.96723e+06		527.59		
00:00:33:950		1.54443e+07		0.121591		2.9154		527.643		6.96723e+06		527.588		
00:00:33:850		1.54444e+07		0.121751		2.91506		527.65		6.96722e+06		527.59		
00:00:33:750		1.54445e+07		0.121911		2.91472		527.658		6.96722e+06		527.589		
00:00:33:649		1.54446e+07		0.122071		2.91443		527.663		6.96721e+06		527.588		
00:00:33:549		1.54447e+07		0.122312		2.91399		527.674		6.96721e+06		527.581		
00:00:33:399		1.54448e+07		0.122471		2.91365		527.682		6.9672e+06		527.589		
00:00:33:299		1.54449e+07		0.122632		2.91331		527.689		6.9672e+06		527.587		
00:00:33:200		1.54449e+07		0.122791		2.91298		527.696		6.96719e+06		527.584		
00:00:33:100		1.5445e+07		0.122952		2.91273		527.702		6.96719e+06		527.586		
00:00:33:000		1.54451e+07		0.123111		2.91247		527.709		6.96718e+06		527.584		
00:00:32:899		1.54452e+07		0.123271		2.9121		527.717		6.96718e+06		527.582		
00:00:32:799		1.54452e+07		0.123432		2.9118		527.724		6.96717e+06		527.598		
00:00:32:700		1.54453e+07		0.123591		2.91147		527.732		6.96717e+06		527.587		
00:00:32:600		1.54454e+07		0.123751		2.91121		527.739		6.96716e+06		527.585		
00:00:32:500		1.54455e+07		0.123912		2.91092		527.746		6.96716e+06		527.585		
00:00:32:399		1.54455e+07		0.124072		2.91058		527.754		6.96715e+06		527.583		
00:00:32:299		1.54456e+07		0.124231		2.91029		527.761		6.96715e+06		527.581		
00:00:32:299		1.54456e+07		0.124231		2.91029		527.761		6.96715e+06		527.581		
00:00:32:200		1.54457e+07		0.124392		2.90995		527.769		6.96714e+06		527.572		
00:00:32:000		1.54459e+07		0.124712		2.90936		527.783		6.96713e+06		527.583		
00:00:31:899		1.54459e+07		0.124871		2.90907		527.789		6.96713e+06		527.581		
00:00:31:800		1.5446e+07		0.125031		2.90873		527.796		6.96712e+06		527.579		
00:00:31:699		1.54461e+07		0.125191		2.90844		527.804		6.96712e+06		527.581		
00:00:31:699		1.54461e+07		0.125191		2.90844		527.804		6.96712e+06		527.581		
00:00:31:600		1.54462e+07		0.125351		2.9081		527.811		6.96711e+06		527.582		
00:00:31:500		1.54463e+07		0.125511		2.90785		527.818		6.96711e+06		527.581		
00:00:31:399		1.54463e+07		0.125671		2.90751		527.826		6.9671e+06		527.579		
00:00:31:199		1.54465e+07		0.12599		2.90693		527.841		6.96709e+06		527.577		
00:00:31:100		1.54466e+07		0.126151		2.90655		527.848		6.96709e+06		527.57		
00:00:31:000		1.54466e+07		0.12631		2.90634		527.857		6.96708e+06		527.577		
00:00:30:899		1.54467e+07		0.12647		2.90604		527.865		6.96708e+06		527.577		
00:00:30:800		1.54468e+07		0.126629		2.90571		527.872		6.96707e+06		527.576		
00:00:30:699		1.54469e+07		0.126789		2.90537		527.879		6.96707e+06		527.575		
00:00:30:699		1.54469e+07		0.126789		2.90537		527.879		6.96707e+06		527.575		
00:00:30:600		1.5447e+07		0.126949		2.90513		527.887		6.96706e+06		527.574		
00:00:30:399		1.54471e+07		0.127268		2.90459		527.9		6.96705e+06		527.565		
00:00:30:300		1.54472e+07		0.127428		2.90425		527.909		6.96705e+06		527.579		
00:00:30:300		1.54472e+07		0.127428		2.90425		527.909		6.96705e+06		527.579		
00:00:30:199		1.54473e+07		0.127588		2.90399		527.916		6.96704e+06		527.56		
00:00:29:949		1.54475e+07		0.127986		2.90326		527.935		6.96703e+06		527.57		
00:00:29:949		1.54475e+07		0.127986		2.90326		527.935		6.96703e+06		527.57		
00:00:29:850		1.54476e+07		0.128146		2.90296		527.942		6.96703e+06		527.569		
00:00:29:649		1.54477e+07		0.128465		2.90233		527.957		6.96702e+06		527.562		
00:00:29:649		1.54477e+07		0.128465		2.90233		527.957		6.96702e+06		527.562		
00:00:29:550		1.54478e+07		0.128624		2.90208		527.966		6.96701e+06		527.568		
00:00:29:449		1.54479e+07		0.128784		2.90179		527.974		6.96701e+06		527.567		
00:00:29:350		1.54479e+07		0.128943		2.90154		527.981		6.967e+06		527.565		
00:00:29:250		1.5448e+07		0.129103		2.9012		527.988		6.967e+06		527.565		
00:00:29:149		1.54481e+07		0.129262		2.9009		527.996		6.96699e+06		527.564		
00:00:29:050		1.54482e+07		0.129421		2.90065		528.005		6.96699e+06		527.562		
00:00:28:949		1.54483e+07		0.12958		2.90032		528.012		6.96698e+06		527.561		
00:00:28:750		1.54484e+07		0.129899		2.89973		528.027		6.96697e+06		527.561		
00:00:28:649		1.54485e+07		0.130058		2.89948		528.036		6.96697e+06		527.559		
00:00:28:649		1.54485e+07		0.130058		2.89948		528.036		6.96697e+06		527.559		
00:00:28:550		1.54486e+07		0.130217		2.89918		528.044		6.96696e+06		527.558		
00:00:28:449		1.54487e+07		0.130376		2.89889		528.051		6.96696e+06		527.552		
00:00:28:350		1.54487e+07		0.130535		2.89859		528.059		6.96696e+06		527.557		
00:00:28:250		1.54488e+07		0.130694		2.8983		528.066		6.96695e+06		527.556		
00:00:28:149		1.54489e+07		0.130853		2.89805		528.075		6.96695e+06		527.555		
00:00:28:050		1.5449e+07		0.131012		2.89775		528.083		6.96694e+06		527.553		
00:00:27:949		1.54491e+07		0.131171		2.8975		528.09		6.96694e+06		527.553		
00:00:27:850		1.54491e+07		0.13133		2.89721		528.097		6.96693e+06		527.545		
00:00:27:699		1.54493e+07		0.131567		2.89672		528.11		6.96692e+06		527.551		
00:00:27:600		1.54493e+07		0.131726		2.89647		528.118		6.96692e+06		527.55		
00:00:27:500		1.54494e+07		0.131885		2.89617		528.127		6.96692e+06		527.549		
00:00:27:399		1.54495e+07		0.132044		2.89592		528.134		6.96691e+06		527.547		
00:00:27:300		1.54496e+07		0.132202		2.89563		528.142		6.96691e+06		527.545		
00:00:27:199		1.54497e+07		0.132361		2.89533		528.151		6.9669e+06		527.543		
00:00:27:100		1.54497e+07		0.132519		2.89501		528.158		6.9669e+06		527.542		
00:00:27:000		1.54498e+07		0.132678		2.8948		528.168		6.96689e+06		527.545		
00:00:26:899		1.54499e+07		0.132836		2.89455		528.175		6.96689e+06		527.53		
00:00:26:800		1.54499e+07		0.132836		2.89455		528.175		6.96689e+06		527.53		
00:00:26:699		1.54501e+07		0.133153		2.894		528.19		6.96688e+06		527.541		
00:00:26:600		1.54501e+07		0.133311		2.89375		528.199		6.96687e+06		527.539		
00:00:26:500		1.54502e+07		0.133469		2.89345		528.206		6.96687e+06		527.538		
00:00:26:399		1.54503e+07		0.133627		2.8932		528.214		6.96686e+06		527.537		
00:00:26:399		1.54503e+07		0.133627		2.8932		528.214		6.96686e+06		527.537		
00:00:26:300		1.54504e+07		0.133785		2.89295		528.221		6.96686e+06		527.535		
00:00:26:199		1.54505e+07		0.133943		2.89266		528.23		6.96685e+06		527.534		
00:00:26:000		1.54506e+07		0.134259		2.89215		528.247		6.96685e+06		527.531		
00:00:26:000		1.54506e+07		0.134259		2.89215		528.247		6.96685e+06		527.531		
00:00:25:899		1.54507e+07		0.134417		2.89177		528.256		6.96684e+06		527.53		
00:00:25:699		1.54509e+07		0.134732		2.89127		528.271		6.96683e+06		527.527		
00:00:25:699		1.54509e+07		0.134732		2.89127		528.271		6.96683e+06		527.527		
00:00:25:500		1.5451e+07		0.135048		2.89072		528.288		6.96682e+06		527.526		
00:00:25:500		1.5451e+07		0.135048		2.89072		528.288		6.96682e+06		527.526		
00:00:25:399		1.54511e+07		0.135205		2.89047		528.297		6.96682e+06		527.525		
00:00:25:300		1.54512e+07		0.135363		2.89022		528.304		6.96681e+06		527.525		
00:00:25:199		1.54513e+07		0.13552		2.88992		528.313		6.96681e+06		527.523		
00:00:25:100		1.54514e+07		0.135677		2.88967		528.321		6.9668e+06		527.521		
00:00:24:899		1.54515e+07		0.135992		2.88913		528.339		6.96679e+06		527.518		
00:00:24:899		1.54515e+07		0.135992		2.88913		528.339		6.96679e+06		527.518		
00:00:24:649		1.54517e+07		0.136384		2.88847		528.358		6.96678e+06		527.514		
00:00:24:649		1.54517e+07		0.136384		2.88847		528.358		6.96678e+06		527.514		
00:00:24:550		1.54518e+07		0.136542		2.88822		528.367		6.96678e+06		527.513		
00:00:24:449		1.54519e+07		0.136698		2.88797		528.374		6.96677e+06		527.505		
00:00:24:350		1.5452e+07		0.136855		2.88776		528.384		6.96677e+06		527.512		
00:00:24:250		1.5452e+07		0.137012		2.88747		528.393		6.96676e+06		527.51		
00:00:24:149		1.54521e+07		0.137168		2.88717		528.4		6.96676e+06		527.509		
00:00:24:050		1.54522e+07		0.137325		2.88688		528.409		6.96675e+06		527.507		
00:00:23:949		1.54523e+07		0.137482		2.88667		528.417		6.96675e+06		527.505		
00:00:23:850		1.54524e+07		0.137639		2.88642		528.426		6.96674e+06		527.504		
00:00:23:649		1.54525e+07		0.137951		2.88583		528.443		6.96673e+06		527.5		
00:00:23:649		1.54525e+07		0.137951		2.88583		528.443		6.96673e+06		527.5		
00:00:23:550		1.54526e+07		0.138108		2.88562		528.452		6.96673e+06		527.498		
00:00:23:449		1.54527e+07		0.138264		2.88537		528.459		6.96672e+06		527.495		
00:00:23:350		1.54528e+07		0.13842		2.88511		528.469		6.96672e+06		527.494		
00:00:23:250		1.54529e+07		0.138576		2.88486		528.478		6.96671e+06		527.476		
00:00:23:149		1.54529e+07		0.138732		2.88457		528.487		6.96671e+06		527.49		
00:00:23:050		1.5453e+07		0.138888		2.8844		528.494		6.9667e+06		527.494		
00:00:22:949		1.54531e+07		0.139044		2.88406		528.504		6.9667e+06		527.483		
00:00:22:850		1.54532e+07		0.139199		2.88381		528.511		6.96669e+06		527.488		
00:00:22:649		1.54534e+07		0.139511		2.88331		528.528		6.96668e+06		527.484		
00:00:22:649		1.54534e+07		0.139511		2.88331		528.528		6.96668e+06		527.484		
00:00:22:550		1.54534e+07		0.139666		2.88306		528.537		6.96668e+06		527.482		
00:00:22:449		1.54535e+07		0.139822		2.88276		528.546		6.96667e+06		527.48		
00:00:22:350		1.54536e+07		0.139977		2.88255		528.555		6.96667e+06		527.478		
00:00:22:250		1.54537e+07		0.140133		2.8823		528.563		6.96666e+06		527.483		
00:00:22:149		1.54538e+07		0.140288		2.88198		528.572		6.96666e+06		527.476		
00:00:22:050		1.54539e+07		0.140443		2.88175		528.581		6.96665e+06		527.474		
00:00:21:949		1.54539e+07		0.140598		2.88155		528.59		6.96665e+06		527.473		
00:00:21:850		1.5454e+07		0.140753		2.88129		528.598		6.96664e+06		527.47		
00:00:21:649		1.54542e+07		0.141063		2.88075		528.614		6.96663e+06		527.465		
00:00:21:649		1.54542e+07		0.141063		2.88075		528.614		6.96663e+06		527.465		
00:00:21:550		1.54543e+07		0.141218		2.88054		528.624		6.96663e+06		527.463		
00:00:21:449		1.54544e+07		0.141373		2.88029		528.633		6.96662e+06		527.455		
00:00:21:300		1.54545e+07		0.141605		2.87993		528.646		6.96661e+06		527.456		
00:00:21:199		1.54546e+07		0.141759		2.87968		528.655		6.96661e+06		527.472		
00:00:21:100		1.54546e+07		0.141914		2.87943		528.662		6.9666e+06		527.458		
00:00:21:000		1.54547e+07		0.142068		2.87909		528.672		6.9666e+06		527.457		
00:00:20:949		1.54548e+07		0.142145		2.87903		528.677		6.9666e+06		527.455		
00:00:20:850		1.54549e+07		0.1423		2.87873		528.685		6.96659e+06		527.452		
00:00:20:750		1.54549e+07		0.142454		2.87854		528.694		6.96659e+06		527.45		
00:00:20:649		1.5455e+07		0.142608		2.87827		528.703		6.96658e+06		527.451		
00:00:20:500		1.54551e+07		0.142839		2.87787		528.716		6.96657e+06		527.447		
00:00:20:399		1.54552e+07		0.142993		2.87762		528.725		6.96657e+06		527.444		
00:00:20:300		1.54553e+07		0.143147		2.87741		528.734		6.96656e+06		527.444		
00:00:20:199		1.54554e+07		0.143301		2.87716		528.744		6.96656e+06		527.442		
00:00:20:100		1.54555e+07		0.143455		2.87687		528.753		6.96655e+06		527.439		
00:00:20:000		1.54556e+07		0.143608		2.87661		528.76		6.96654e+06		527.44		
00:00:20:000		1.54556e+07		0.143608		2.87661		528.76		6.96654e+06		527.44		
00:00:19:899		1.54556e+07		0.143761		2.8764		528.769		6.96654e+06		527.436		
00:00:19:699		1.54558e+07		0.144068		2.8759		528.786		6.96653e+06		527.435		
00:00:19:699		1.54558e+07		0.144068		2.8759		528.786		6.96653e+06		527.435		
00:00:19:600		1.54559e+07		0.144222		2.87565		528.795		6.96652e+06		527.431		
00:00:19:500		1.5456e+07		0.144375		2.8754		528.804		6.96652e+06		527.429		
00:00:19:399		1.54561e+07		0.144528		2.87515		528.812		6.96651e+06		527.429		
00:00:19:300		1.54562e+07		0.144681		2.87489		528.821		6.9665e+06		527.426		
00:00:19:199		1.54562e+07		0.144835		2.87469		528.83		6.9665e+06		527.426		
00:00:19:100		1.54563e+07		0.144988		2.87439		528.839		6.96649e+06		527.423		
00:00:18:899		1.54565e+07		0.145293		2.87393		528.856		6.96648e+06		527.422		
00:00:18:899		1.54565e+07		0.145293		2.87393		528.856		6.96648e+06		527.422		
00:00:18:649		1.54567e+07		0.145675		2.87328		528.878		6.96647e+06		527.417		
00:00:18:649		1.54567e+07		0.145675		2.87328		528.878		6.96647e+06		527.417		
00:00:18:550		1.54568e+07		0.145827		2.87307		528.886		6.96646e+06		527.415		
00:00:18:449		1.54569e+07		0.145979		2.87287		528.895		6.96645e+06		527.42		
00:00:18:350		1.5457e+07		0.146132		2.87261		528.904		6.96645e+06		527.414		
00:00:18:250		1.5457e+07		0.146284		2.87236		528.913		6.96644e+06		527.412		
00:00:18:149		1.54571e+07		0.146437		2.87207		528.922		6.96644e+06		527.408		
00:00:18:050		1.54572e+07		0.146589		2.87186		528.932		6.96643e+06		527.397		
00:00:17:949		1.54573e+07		0.146741		2.87157		528.939		6.96642e+06		527.406		
00:00:17:750		1.54575e+07		0.147045		2.87106		528.957		6.96641e+06		527.404		
00:00:17:649		1.54576e+07		0.147197		2.87085		528.965		6.96641e+06		527.401		
00:00:17:649		1.54576e+07		0.147197		2.87085		528.965		6.96641e+06		527.401		
00:00:17:550		1.54576e+07		0.147348		2.8706		528.974		6.9664e+06		527.401		
00:00:17:449		1.54577e+07		0.1475		2.87031		528.983		6.96639e+06		527.398		
00:00:17:399		1.54578e+07		0.147576		2.8702		528.989		6.96639e+06		527.396		
00:00:17:250		1.54579e+07		0.147803		2.86985		529.004		6.96638e+06		527.397		
00:00:17:199		1.5458e+07		0.147879		2.8697		529.005		6.96638e+06		527.396		
00:00:17:100		1.5458e+07		0.14803		2.86945		529.015		6.96637e+06		527.394		
00:00:16:949		1.54582e+07		0.148257		2.8691		529.028		6.96636e+06		527.392		
00:00:16:850		1.54583e+07		0.148409		2.86884		529.037		6.96636e+06		527.383		
00:00:16:649		1.54584e+07		0.148711		2.86834		529.053		6.96634e+06		527.388		
00:00:16:649		1.54584e+07		0.148711		2.86834		529.053		6.96634e+06		527.388		
00:00:16:550		1.54585e+07		0.148862		2.86805		529.063		6.96634e+06		527.386		
00:00:16:449		1.54586e+07		0.149013		2.86784		529.07		6.96633e+06		527.39		
00:00:16:350		1.54587e+07		0.149164		2.86755		529.079		6.96633e+06		527.374		
00:00:16:250		1.54588e+07		0.149314		2.86734		529.087		6.96632e+06		527.382		
00:00:16:149		1.54589e+07		0.149465		2.86709		529.096		6.96631e+06		527.381		
00:00:16:050		1.5459e+07		0.149615		2.86684		529.103		6.96631e+06		527.38		
00:00:15:949		1.5459e+07		0.149766		2.86659		529.112		6.9663e+06		527.378		
00:00:15:699		1.54593e+07		0.150142		2.86598		529.133		6.96628e+06		527.376		
00:00:15:599		1.54594e+07		0.150292		2.86578		529.142		6.96628e+06		527.374		
00:00:15:599		1.54594e+07		0.150292		2.86578		529.142		6.96628e+06		527.374		
00:00:15:500		1.54594e+07		0.150442		2.86548		529.149		6.96627e+06		527.373		
00:00:15:400		1.54595e+07		0.150592		2.86528		529.158		6.96626e+06		527.372		
00:00:15:300		1.54596e+07		0.150743		2.86503		529.166		6.96626e+06		527.37		
00:00:15:199		1.54597e+07		0.150892		2.86478		529.175		6.96625e+06		527.368		
00:00:15:099		1.54598e+07		0.151042		2.86457		529.184		6.96624e+06		527.367		
00:00:15:099		1.54598e+07		0.151042		2.86457		529.184		6.96624e+06		527.367		
00:00:14:900		1.546e+07		0.151341		2.86411		529.201		6.96623e+06		527.364		
00:00:14:800		1.54601e+07		0.151491		2.86382		529.21		6.96622e+06		527.356		
00:00:14:699		1.54602e+07		0.15164		2.86361		529.217		6.96622e+06		527.357		
00:00:14:699		1.54602e+07		0.15164		2.86361		529.217		6.96622e+06		527.357		
00:00:14:599		1.54603e+07		0.15179		2.86336		529.227		6.96621e+06		527.365		
00:00:14:400		1.54604e+07		0.152089		2.86287		529.245		6.9662e+06		527.361		
00:00:14:300		1.54605e+07		0.152238		2.86266		529.254		6.96619e+06		527.359		
00:00:14:199		1.54606e+07		0.152387		2.86245		529.262		6.96618e+06		527.359		
00:00:14:099		1.54607e+07		0.152536		2.86216		529.271		6.96618e+06		527.356		
00:00:14:000		1.54608e+07		0.152685		2.86191		529.28		6.96617e+06		527.356		
00:00:13:900		1.54609e+07		0.152833		2.86171		529.289		6.96616e+06		527.354		
00:00:13:800		1.54609e+07		0.152833		2.86171		529.289		6.96616e+06		527.354		
00:00:13:699		1.54611e+07		0.153131		2.86125		529.306		6.96615e+06		527.351		
00:00:13:699		1.54611e+07		0.153131		2.86125		529.306		6.96615e+06		527.351		
00:00:13:599		1.54612e+07		0.153279		2.861		529.315		6.96614e+06		527.352		
00:00:13:500		1.54613e+07		0.153428		2.86075		529.324		6.96614e+06		527.35		
00:00:13:400		1.54613e+07		0.153576		2.86055		529.332		6.96613e+06		527.35		
00:00:13:300		1.54614e+07		0.153725		2.8603		529.341		6.96612e+06		527.348		
00:00:13:099		1.54617e+07		0.154095		2.85979		529.363		6.96611e+06		527.344		
00:00:13:099		1.54617e+07		0.154095		2.85979		529.363		6.96611e+06		527.344		
00:00:12:949		1.54618e+07		0.154243		2.85951		529.37		6.9661e+06		527.342		
00:00:12:849		1.54619e+07		0.154391		2.85929		529.38		6.96609e+06		527.335		
00:00:12:650		1.5462e+07		0.154687		2.85881		529.396		6.96608e+06		527.34		
00:00:12:650		1.5462e+07		0.154687		2.85881		529.396		6.96608e+06		527.34		
00:00:12:550		1.54621e+07		0.154835		2.85863		529.405		6.96607e+06		527.338		
00:00:12:449		1.54622e+07		0.154982		2.85838		529.413		6.96606e+06		527.34		
00:00:12:349		1.54623e+07		0.15513		2.85813		529.422		6.96606e+06		527.338		
00:00:12:250		1.54624e+07		0.155277		2.85789		529.431		6.96605e+06		527.336		
00:00:12:150		1.54625e+07		0.155425		2.85773		529.439		6.96604e+06		527.338		
00:00:12:050		1.54626e+07		0.155572		2.85748		529.448		6.96604e+06		527.335		
00:00:11:949		1.54627e+07		0.155719		2.85725		529.457		6.96603e+06		527.334		
00:00:11:849		1.54628e+07		0.155867		2.85703		529.464		6.96602e+06		527.333		
00:00:11:650		1.5463e+07		0.15616		2.85653		529.481		6.96601e+06		527.324		
00:00:11:650		1.5463e+07		0.15616		2.85653		529.481		6.96601e+06		527.324		
00:00:11:550		1.54631e+07		0.156308		2.85637		529.49		6.966e+06		527.333		
00:00:11:449		1.54632e+07		0.156455		2.85617		529.499		6.96599e+06		527.33		
00:00:11:349		1.54633e+07		0.156602		2.85588		529.507		6.96599e+06		527.329		
00:00:11:250		1.54634e+07		0.156749		2.85572		529.516		6.96598e+06		527.329		
00:00:11:150		1.54635e+07		0.156895		2.85547		529.523		6.96597e+06		527.326		
00:00:11:050		1.54636e+07		0.157042		2.85522		529.533		6.96596e+06		527.328		
00:00:10:949		1.54637e+07		0.157189		2.85502		529.542		6.96596e+06		527.327		
00:00:10:750		1.54639e+07		0.157482		2.85457		529.556		6.96594e+06		527.328		
00:00:10:650		1.5464e+07		0.157629		2.85441		529.566		6.96593e+06		527.314		
00:00:10:650		1.5464e+07		0.157629		2.85441		529.566		6.96593e+06		527.314		
00:00:10:550		1.54641e+07		0.157775		2.85417		529.573		6.96593e+06		527.322		
00:00:10:449		1.54641e+07		0.157922		2.85392		529.582		6.96592e+06		527.321		
00:00:10:349		1.54642e+07		0.158068		2.85376		529.591		6.96591e+06		527.321		
00:00:10:199		1.54644e+07		0.158288		2.85341		529.604		6.9659e+06		527.321		
00:00:10:099		1.54645e+07		0.158434		2.85317		529.612		6.96589e+06		527.318		
00:00:10:000		1.54646e+07		0.158581		2.85297		529.619		6.96589e+06		527.32		
00:00:09:900		1.54647e+07		0.158727		2.85276		529.628		6.96588e+06		527.319		
00:00:09:699		1.54649e+07		0.15902		2.85241		529.643		6.96586e+06		527.322		
00:00:09:599		1.5465e+07		0.159166		2.85216		529.65		6.96586e+06		527.306		
00:00:09:599		1.5465e+07		0.159166		2.85216		529.65		6.96586e+06		527.306		
00:00:09:599		1.5465e+07		0.159166		2.85216		529.65		6.96586e+06		527.306		
00:00:09:500		1.54651e+07		0.159313		2.85192		529.658		6.96585e+06		527.316		
00:00:09:400		1.54652e+07		0.159459		2.85167		529.667		6.96584e+06		527.316		
00:00:09:199		1.54654e+07		0.159752		2.85136		529.682		6.96583e+06		527.313		
00:00:09:099		1.54655e+07		0.159898		2.85107		529.689		6.96582e+06		527.307		
00:00:09:099		1.54655e+07		0.159898		2.85107		529.689		6.96582e+06		527.307		
00:00:09:000		1.54656e+07		0.160045		2.85083		529.698		6.96581e+06		527.312		
00:00:08:900		1.54657e+07		0.160192		2.85067		529.706		6.9658e+06		527.317		
00:00:08:699		1.54659e+07		0.160485		2.85027		529.72		6.96579e+06		527.311		
00:00:08:699		1.54659e+07		0.160485		2.85027		529.72		6.96579e+06		527.311		
00:00:08:500		1.54661e+07		0.160779		2.84987		529.735		6.96577e+06		527.31		
00:00:08:400		1.54662e+07		0.160925		2.84963		529.744		6.96576e+06		527.305		
00:00:08:400		1.54662e+07		0.160925		2.84963		529.744		6.96576e+06		527.305		
00:00:08:199		1.54664e+07		0.161219		2.84928		529.761		6.96575e+06		527.309		
00:00:08:199		1.54664e+07		0.161219		2.84928		529.761		6.96575e+06		527.309		
00:00:08:000		1.54666e+07		0.161513		2.84888		529.776		6.96573e+06		527.308		
00:00:08:000		1.54666e+07		0.161513		2.84888		529.776		6.96573e+06		527.308		
00:00:07:900		1.54668e+07		0.16166		2.84864		529.783		6.96572e+06		527.307		
00:00:07:700		1.5467e+07		0.161954		2.84829		529.798		6.96571e+06		527.3		
00:00:07:700		1.5467e+07		0.161954		2.84829		529.798		6.96571e+06		527.3		
00:00:07:599		1.54671e+07		0.162102		2.84809		529.805		6.9657e+06		527.308		
00:00:07:500		1.54672e+07		0.16225		2.8479		529.812		6.96569e+06		527.308		
00:00:07:400		1.54673e+07		0.162397		2.8477		529.82		6.96568e+06		527.307		
00:00:07:250		1.54675e+07		0.162619		2.84736		529.829		6.96567e+06		527.306		
00:00:07:150		1.54676e+07		0.162766		2.84721		529.836		6.96566e+06		527.305		
00:00:07:049		1.54677e+07		0.162914		2.84697		529.844		6.96566e+06		527.309		
00:00:06:950		1.54678e+07		0.163062		2.84687		529.851		6.96565e+06		527.304		
00:00:06:849		1.54679e+07		0.16321		2.84668		529.858		6.96564e+06		527.304		
00:00:06:650		1.54681e+07		0.163506		2.84625		529.873		6.96562e+06		527.302		
00:00:06:650		1.54681e+07		0.163506		2.84625		529.873		6.96562e+06		527.302		
00:00:06:549		1.54682e+07		0.163654		2.8461		529.881		6.96561e+06		527.3		
00:00:06:450		1.54684e+07		0.163803		2.8459		529.888		6.96561e+06		527.299		
00:00:06:349		1.54685e+07		0.163952		2.84571		529.895		6.9656e+06		527.298		
00:00:06:250		1.54686e+07		0.164102		2.84552		529.903		6.96559e+06		527.297		
00:00:06:150		1.54687e+07		0.164251		2.84528		529.908		6.96558e+06		527.296		
00:00:06:049		1.54688e+07		0.1644		2.84517		529.916		6.96557e+06		527.294		
00:00:05:950		1.5469e+07		0.164549		2.84498		529.923		6.96556e+06		527.292		
00:00:05:849		1.54691e+07		0.164698		2.8448		529.93		6.96555e+06		527.29		
00:00:05:650		1.54693e+07		0.164996		2.84447		529.943		6.96553e+06		527.287		
00:00:05:650		1.54693e+07		0.164996		2.84447		529.943		6.96553e+06		527.287		
00:00:05:549		1.54694e+07		0.165144		2.84428		529.951		6.96553e+06		527.28		
00:00:05:450		1.54696e+07		0.165293		2.8441		529.956		6.96552e+06		527.285		
00:00:05:349		1.54697e+07		0.165443		2.84391		529.962		6.96551e+06		527.283		
00:00:05:250		1.54698e+07		0.165593		2.84373		529.969		6.9655e+06		527.281		
00:00:05:150		1.54699e+07		0.165744		2.84358		529.976		6.96549e+06		527.278		
00:00:05:049		1.547e+07		0.165895		2.84335		529.982		6.96548e+06		527.276		
00:00:04:950		1.54702e+07		0.166047		2.8432		529.989		6.96547e+06		527.274		
00:00:04:849		1.54703e+07		0.166198		2.84305		529.997		6.96546e+06		527.271		
00:00:04:650		1.54706e+07		0.166501		2.84271		530.009		6.96544e+06		527.264		
00:00:04:650		1.54706e+07		0.166501		2.84271		530.009		6.96544e+06		527.264		
00:00:04:500		1.54708e+07		0.166726		2.84252		530.017		6.96542e+06		527.254		
00:00:04:400		1.54709e+07		0.166875		2.84239		530.024		6.96541e+06		527.258		
00:00:04:299		1.5471e+07		0.167024		2.84222		530.03		6.9654e+06		527.253		
00:00:04:200		1.54712e+07		0.167171		2.84205		530.035		6.96539e+06		527.249		
00:00:04:099		1.54713e+07		0.16732		2.84184		530.043		6.96538e+06		527.243		
00:00:04:000		1.54714e+07		0.167469		2.84163		530.048		6.96537e+06		527.24		
00:00:03:899		1.54715e+07		0.167619		2.8415		530.054		6.96536e+06		527.23		
00:00:03:799		1.54717e+07		0.167772		2.84127		530.059		6.96535e+06		527.232		
00:00:03:700		1.54718e+07		0.167926		2.84112		530.066		6.96534e+06		527.226		
00:00:03:600		1.54719e+07		0.168081		2.84092		530.072		6.96533e+06		527.232		
00:00:03:600		1.54719e+07		0.168081		2.84092		530.072		6.96533e+06		527.232		
00:00:03:450		1.54722e+07		0.168315		2.84066		530.081		6.96531e+06		527.211		
00:00:03:299		1.54724e+07		0.168546		2.84054		530.089		6.96529e+06		527.207		
00:00:03:200		1.54726e+07		0.168696		2.84044		530.094		6.96528e+06		527.201		
00:00:03:100		1.54727e+07		0.168843		2.84036		530.1		6.96527e+06		527.193		
00:00:03:000		1.54729e+07		0.168987		2.84026		530.105		6.96526e+06		527.186		
00:00:02:950		1.54729e+07		0.169058		2.84019		530.107		6.96525e+06		527.182		
00:00:02:700		1.54732e+07		0.169409		2.83975		530.118		6.96522e+06		527.167		
00:00:02:600		1.54733e+07		0.169553		2.83953		530.124		6.96521e+06		527.159		
00:00:02:600		1.54733e+07		0.169553		2.83953		530.124		6.96521e+06		527.159		
00:00:02:600		1.54733e+07		0.169553		2.83953		530.124		6.96521e+06		527.159		
00:00:02:500		1.54734e+07		0.169701		2.83928		530.129		6.9652e+06		527.15		
00:00:02:399		1.54736e+07		0.169855		2.83896		530.133		6.96518e+06		527.141		
00:00:02:299		1.54737e+07		0.170014		2.83874		530.138		6.96517e+06		527.132		
00:00:02:200		1.54739e+07		0.170177		2.83859		530.144		6.96516e+06		527.141		
00:00:02:100		1.54742e+07		0.170341		2.83846		530.147		6.96515e+06		527.115		
00:00:02:000		1.54744e+07		0.170503		2.83839		530.153		6.96513e+06		527.106		
00:00:01:899		1.54746e+07		0.170657		2.83848		530.157		6.96512e+06		527.096		
00:00:01:699		1.5475e+07		0.170933		2.83854		530.166		6.96509e+06		527.074		
00:00:01:600		1.54751e+07		0.171054		2.83856		530.169		6.96508e+06		527.066		
00:00:01:600		1.54751e+07		0.171054		2.83856		530.169		6.96508e+06		527.066		
00:00:01:500		1.54752e+07		0.171166		2.8385		530.173		6.96506e+06		527.055		
00:00:01:399		1.54753e+07		0.171275		2.83834		530.177		6.96505e+06		527.043		
00:00:01:250		1.54754e+07		0.171445		2.83775		530.181		6.96503e+06		527.023		
00:00:01:199		1.54754e+07		0.171508		2.83745		530.182		6.96502e+06		527.017		
00:00:01:100		1.54755e+07		0.171644		2.83693		530.186		6.96501e+06		527.003		
00:00:00:900		1.54759e+07		0.171967		2.83624		530.192		6.96498e+06		526.974		
00:00:00:900		1.54759e+07		0.171967		2.83624		530.192		6.96498e+06		526.974		
00:00:00:699		1.54767e+07		0.172323		2.83568		530.201		6.96494e+06		526.94		
00:00:00:599		1.54772e+07		0.172488		2.8358		530.203		6.96493e+06		526.921		
00:00:00:599		1.54772e+07		0.172488		2.8358		530.203		6.96493e+06		526.921		
00:00:00:500		1.54776e+07		0.172626		2.83646		530.21		6.96491e+06		526.9		
00:00:00:400		1.5478e+07		0.17273		2.8374		530.214		6.96489e+06		526.875		
00:00:00:250		1.54784e+07		0.172818		2.83762		530.217		6.96486e+06		526.833		
00:00:00:149		1.54785e+07		0.172838		2.83666		530.221		6.96485e+06		526.823		
00:00:00:050		1.54785e+07		0.17284		2.83567		530.223		6.96484e+06		526.826		
00:00:00:000		1.54785e+07		0.17284		2.83571		530.225		6.96483e+06		526.826		
00:00:00:000		1.54785e+07		0.17284		2.83571		530.225		6.96483e+06		526.826		
00:00:00:000		1.54785e+07		0.17284		2.83571		530.225		6.96483e+06		526.826		
00:00:00:000		1.54785e+07		0.17284		2.83571		530.225		6.96483e+06		526.826		
00:00:00:000		1.54785e+07		0.17284		2.83571		530.225		6.96483e+06		526.826		
00:00:00:000		1.54785e+07		0.17284		2.83571		530.225		6.96483e+06		526.826		
