	time 		gpv001pnt10113ppntm	evf507ety101mpzoyout	chtcon(1)	chavg(1)	chlhsumpa	rcptavgn	
00:01:01:950		6.84407e+06		100.046		36.3139		0		0		309.8		
00:01:01:850		6.84405e+06		100.046		36.3139		0		0		309.8		
00:01:01:649		6.84401e+06		100.046		36.3142		0		0		309.8		
00:01:01:549		6.844e+06		100.046		36.3142		0		0		309.8		
00:01:01:450		6.84398e+06		100.046		36.3145		0		0		309.8		
00:01:01:350		6.84396e+06		100.046		36.3145		0		0		309.8		
00:01:01:350		6.84396e+06		100.046		36.3145		0		0		309.8		
00:01:01:250		6.84394e+06		100.046		36.3145		0		0		309.8		
00:01:01:049		6.8439e+06		100.046		36.3148		0		0		309.8		
00:01:01:049		6.8439e+06		100.046		36.3148		0		0		309.8		
00:01:00:950		6.84388e+06		100.046		36.3151		0		0		309.8		
00:01:00:850		6.84386e+06		100.046		36.3151		0		0		309.8		
00:01:00:750		6.84384e+06		100.046		36.3151		0		0		309.801		
00:01:00:649		6.84382e+06		100.046		36.3153		0		0		309.801		
00:01:00:450		6.84378e+06		100.046		36.3156		0		0		309.801		
00:01:00:450		6.84378e+06		100.046		36.3156		0		0		309.801		
00:01:00:299		6.84376e+06		100.046		36.3156		0		0		309.801		
00:01:00:200		6.84374e+06		100.047		36.3159		0		0		309.801		
00:01:00:100		6.84372e+06		100.047		36.3159		0		0		309.801		
00:01:00:000		6.8437e+06		100.047		36.3159		0		0		309.801		
00:00:59:950		6.84369e+06		100.047		36.3162		0		0		309.801		
00:00:59:850		6.84367e+06		100.047		36.3162		0		0		309.801		
00:00:59:750		6.84365e+06		100.047		36.3162		0		0		309.801		
00:00:59:649		6.84363e+06		100.047		36.3165		0		0		309.801		
00:00:59:500		6.8436e+06		100.047		36.3165		0		0		309.801		
00:00:59:500		6.8436e+06		100.047		36.3165		0		0		309.801		
00:00:59:350		6.84357e+06		100.047		36.3168		0		0		309.802		
00:00:59:250		6.84355e+06		100.047		36.3168		0		0		309.802		
00:00:59:149		6.84353e+06		100.047		36.317		0		0		309.802		
00:00:59:100		6.84351e+06		100.047		36.317		0		0		309.802		
00:00:58:950		6.84349e+06		100.047		36.3173		0		0		309.802		
00:00:58:850		6.84347e+06		100.047		36.3173		0		0		309.802		
00:00:58:750		6.84345e+06		100.047		36.3173		0		0		309.802		
00:00:58:549		6.84342e+06		100.047		36.3176		0		0		309.802		
00:00:58:450		6.84339e+06		100.047		36.3179		0		0		309.802		
00:00:58:450		6.84339e+06		100.047		36.3179		0		0		309.802		
00:00:58:350		6.84337e+06		100.047		36.3179		0		0		309.802		
00:00:58:250		6.84335e+06		100.047		36.3179		0		0		309.802		
00:00:58:149		6.84334e+06		100.047		36.3182		0		0		309.803		
00:00:58:049		6.84331e+06		100.047		36.3182		0		0		309.803		
00:00:57:950		6.8433e+06		100.047		36.3184		0		0		309.803		
00:00:57:850		6.84327e+06		100.047		36.3184		0		0		309.803		
00:00:57:750		6.84325e+06		100.047		36.3184		0		0		309.803		
00:00:57:649		6.84324e+06		100.047		36.3187		0		0		309.803		
00:00:57:549		6.84322e+06		100.047		36.3187		0		0		309.803		
00:00:57:450		6.84319e+06		100.048		36.319		0		0		309.803		
00:00:57:350		6.84318e+06		100.048		36.319		0		0		309.803		
00:00:57:250		6.84315e+06		100.048		36.319		0		0		309.803		
00:00:57:149		6.84313e+06		100.048		36.3193		0		0		309.803		
00:00:57:049		6.84311e+06		100.048		36.3193		0		0		309.804		
00:00:56:950		6.84309e+06		100.048		36.3196		0		0		309.804		
00:00:56:850		6.84307e+06		100.048		36.3196		0		0		309.804		
00:00:56:750		6.84305e+06		100.048		36.3196		0		0		309.804		
00:00:56:649		6.84303e+06		100.048		36.3199		0		0		309.804		
00:00:56:549		6.84301e+06		100.048		36.3199		0		0		309.804		
00:00:56:450		6.84299e+06		100.048		36.3201		0		0		309.804		
00:00:56:350		6.84297e+06		100.048		36.3201		0		0		309.804		
00:00:56:250		6.84295e+06		100.048		36.3201		0		0		309.804		
00:00:56:149		6.84293e+06		100.048		36.3204		0		0		309.804		
00:00:56:049		6.84291e+06		100.048		36.3204		0		0		309.805		
00:00:55:899		6.84288e+06		100.048		36.3207		0		0		309.805		
00:00:55:799		6.84285e+06		100.048		36.3207		0		0		309.805		
00:00:55:600		6.84281e+06		100.048		36.321		0		0		309.805		
00:00:55:600		6.84281e+06		100.048		36.321		0		0		309.805		
00:00:55:500		6.8428e+06		100.048		36.321		0		0		309.805		
00:00:55:399		6.84277e+06		100.048		36.3213		0		0		309.805		
00:00:55:399		6.84277e+06		100.048		36.3213		0		0		309.805		
00:00:55:299		6.84275e+06		100.048		36.3213		0		0		309.805		
00:00:55:200		6.84273e+06		100.048		36.3215		0		0		309.805		
00:00:55:100		6.84271e+06		100.048		36.3215		0		0		309.805		
00:00:55:000		6.84269e+06		100.048		36.3215		0		0		309.806		
00:00:54:899		6.84266e+06		100.048		36.3218		0		0		309.806		
00:00:54:799		6.84265e+06		100.048		36.3218		0		0		309.806		
00:00:54:700		6.84262e+06		100.049		36.3221		0		0		309.806		
00:00:54:500		6.84258e+06		100.049		36.3221		0		0		309.806		
00:00:54:500		6.84258e+06		100.049		36.3221		0		0		309.806		
00:00:54:299		6.84254e+06		100.049		36.3224		0		0		309.806		
00:00:54:299		6.84254e+06		100.049		36.3224		0		0		309.806		
00:00:54:200		6.84252e+06		100.049		36.3227		0		0		309.806		
00:00:54:100		6.8425e+06		100.049		36.3227		0		0		309.806		
00:00:54:000		6.84248e+06		100.049		36.3227		0		0		309.807		
00:00:53:899		6.84246e+06		100.049		36.3229		0		0		309.807		
00:00:53:799		6.84244e+06		100.049		36.3229		0		0		309.807		
00:00:53:700		6.84241e+06		100.049		36.3232		0		0		309.807		
00:00:53:500		6.84237e+06		100.049		36.3232		0		0		309.807		
00:00:53:500		6.84237e+06		100.049		36.3232		0		0		309.807		
00:00:53:399		6.84235e+06		100.049		36.3235		0		0		309.807		
00:00:53:299		6.84233e+06		100.049		36.3235		0		0		309.807		
00:00:53:149		6.8423e+06		100.049		36.3238		0		0		309.807		
00:00:53:100		6.84229e+06		100.049		36.3238		0		0		309.807		
00:00:52:950		6.84226e+06		100.049		36.3241		0		0		309.808		
00:00:52:850		6.84223e+06		100.049		36.3241		0		0		309.808		
00:00:52:750		6.84221e+06		100.049		36.3241		0		0		309.808		
00:00:52:600		6.84218e+06		100.049		36.3243		0		0		309.808		
00:00:52:500		6.84216e+06		100.049		36.3243		0		0		309.808		
00:00:52:500		6.84216e+06		100.049		36.3243		0		0		309.808		
00:00:52:399		6.84213e+06		100.049		36.3246		0		0		309.808		
00:00:52:200		6.84209e+06		100.05		36.3249		0		0		309.808		
00:00:52:200		6.84209e+06		100.05		36.3249		0		0		309.808		
00:00:52:100		6.84207e+06		100.05		36.3249		0		0		309.808		
00:00:52:000		6.84205e+06		100.05		36.3249		0		0		309.809		
00:00:51:899		6.84203e+06		100.05		36.3252		0		0		309.809		
00:00:51:750		6.842e+06		100.05		36.3252		0		0		309.809		
00:00:51:649		6.84197e+06		100.05		36.3255		0		0		309.809		
00:00:51:450		6.84193e+06		100.05		36.3257		0		0		309.809		
00:00:51:450		6.84193e+06		100.05		36.3257		0		0		309.809		
00:00:51:350		6.84191e+06		100.05		36.3257		0		0		309.809		
00:00:51:250		6.84189e+06		100.05		36.3257		0		0		309.809		
00:00:51:149		6.84186e+06		100.05		36.326		0		0		309.809		
00:00:51:049		6.84184e+06		100.05		36.326		0		0		309.809		
00:00:50:950		6.84182e+06		100.05		36.3263		0		0		309.81		
00:00:50:850		6.8418e+06		100.05		36.3263		0		0		309.81		
00:00:50:750		6.84177e+06		100.05		36.3263		0		0		309.81		
00:00:50:649		6.84175e+06		100.05		36.3266		0		0		309.81		
00:00:50:549		6.84173e+06		100.05		36.3266		0		0		309.81		
00:00:50:399		6.8417e+06		100.05		36.3269		0		0		309.81		
00:00:50:299		6.84168e+06		100.05		36.3269		0		0		309.81		
00:00:50:200		6.84166e+06		100.05		36.3271		0		0		309.81		
00:00:50:200		6.84166e+06		100.05		36.3271		0		0		309.81		
00:00:50:100		6.84163e+06		100.05		36.3271		0		0		309.81		
00:00:49:899		6.84159e+06		100.05		36.3274		0		0		309.811		
00:00:49:799		6.84157e+06		100.05		36.3274		0		0		309.811		
00:00:49:700		6.84154e+06		100.05		36.3277		0		0		309.811		
00:00:49:600		6.84152e+06		100.05		36.3277		0		0		309.811		
00:00:49:500		6.8415e+06		100.051		36.3277		0		0		309.811		
00:00:49:500		6.8415e+06		100.051		36.3277		0		0		309.811		
00:00:49:399		6.84148e+06		100.051		36.328		0		0		309.811		
00:00:49:200		6.84144e+06		100.051		36.3283		0		0		309.811		
00:00:49:200		6.84144e+06		100.051		36.3283		0		0		309.811		
00:00:49:100		6.84141e+06		100.051		36.3283		0		0		309.811		
00:00:49:000		6.84139e+06		100.051		36.3283		0		0		309.812		
00:00:48:899		6.84137e+06		100.051		36.3285		0		0		309.812		
00:00:48:799		6.84135e+06		100.051		36.3285		0		0		309.812		
00:00:48:700		6.84132e+06		100.051		36.3288		0		0		309.812		
00:00:48:500		6.84128e+06		100.051		36.3288		0		0		309.812		
00:00:48:500		6.84128e+06		100.051		36.3288		0		0		309.812		
00:00:48:399		6.84126e+06		100.051		36.3291		0		0		309.812		
00:00:48:299		6.84124e+06		100.051		36.3291		0		0		309.812		
00:00:48:200		6.84121e+06		100.051		36.3294		0		0		309.812		
00:00:48:100		6.8412e+06		100.051		36.3294		0		0		309.812		
00:00:48:000		6.84117e+06		100.051		36.3294		0		0		309.813		
00:00:47:899		6.84115e+06		100.051		36.3297		0		0		309.813		
00:00:47:799		6.84113e+06		100.051		36.3297		0		0		309.813		
00:00:47:700		6.84110e+06		100.051		36.3299		0		0		309.813		
00:00:47:500		6.84106e+06		100.051		36.3299		0		0		309.813		
00:00:47:500		6.84106e+06		100.051		36.3299		0		0		309.813		
00:00:47:399		6.84104e+06		100.051		36.3302		0		0		309.813		
00:00:47:299		6.84102e+06		100.051		36.3302		0		0		309.813		
00:00:47:100		6.84098e+06		100.051		36.3305		0		0		309.813		
00:00:47:100		6.84098e+06		100.051		36.3305		0		0		309.813		
00:00:46:950		6.84095e+06		100.051		36.3308		0		0		309.814		
00:00:46:850		6.84092e+06		100.051		36.3308		0		0		309.814		
00:00:46:750		6.8409e+06		100.052		36.3308		0		0		309.814		
00:00:46:549		6.84086e+06		100.052		36.3311		0		0		309.814		
00:00:46:450		6.84083e+06		100.052		36.3313		0		0		309.814		
00:00:46:450		6.84083e+06		100.052		36.3313		0		0		309.814		
00:00:46:350		6.84081e+06		100.052		36.3313		0		0		309.814		
00:00:46:250		6.84079e+06		100.052		36.3313		0		0		309.814		
00:00:46:149		6.84077e+06		100.052		36.3316		0		0		309.814		
00:00:46:049		6.84075e+06		100.052		36.3316		0		0		309.815		
00:00:45:950		6.84072e+06		100.052		36.3319		0		0		309.815		
00:00:45:850		6.8407e+06		100.052		36.3319		0		0		309.815		
00:00:45:750		6.84068e+06		100.052		36.3319		0		0		309.815		
00:00:45:649		6.84066e+06		100.052		36.3322		0		0		309.815		
00:00:45:450		6.84062e+06		100.052		36.3325		0		0		309.815		
00:00:45:450		6.84062e+06		100.052		36.3325		0		0		309.815		
00:00:45:350		6.8406e+06		100.052		36.3325		0		0		309.815		
00:00:45:250		6.84057e+06		100.052		36.3325		0		0		309.815		
00:00:45:149		6.84055e+06		100.052		36.3327		0		0		309.815		
00:00:45:049		6.84053e+06		100.052		36.3327		0		0		309.816		
00:00:44:899		6.8405e+06		100.052		36.333		0		0		309.816		
00:00:44:799		6.84048e+06		100.052		36.333		0		0		309.816		
00:00:44:700		6.84046e+06		100.052		36.3333		0		0		309.816		
00:00:44:500		6.84041e+06		100.052		36.3333		0		0		309.816		
00:00:44:399		6.84039e+06		100.052		36.3336		0		0		309.816		
00:00:44:399		6.84039e+06		100.052		36.3336		0		0		309.816		
00:00:44:399		6.84039e+06		100.052		36.3336		0		0		309.816		
00:00:44:299		6.84037e+06		100.052		36.3336		0		0		309.816		
00:00:44:200		6.84035e+06		100.053		36.3339		0		0		309.816		
00:00:44:100		6.84033e+06		100.053		36.3339		0		0		309.816		
00:00:43:899		6.84028e+06		100.053		36.3341		0		0		309.817		
00:00:43:899		6.84028e+06		100.053		36.3341		0		0		309.817		
00:00:43:799		6.84026e+06		100.053		36.3341		0		0		309.817		
00:00:43:700		6.84024e+06		100.053		36.3344		0		0		309.817		
00:00:43:500		6.8402e+06		100.053		36.3344		0		0		309.817		
00:00:43:500		6.8402e+06		100.053		36.3344		0		0		309.817		
00:00:43:399		6.84018e+06		100.053		36.3347		0		0		309.817		
00:00:43:250		6.84015e+06		100.053		36.3347		0		0		309.817		
00:00:43:149		6.84012e+06		100.053		36.335		0		0		309.817		
00:00:43:049		6.8401e+06		100.053		36.335		0		0		309.818		
00:00:42:899		6.84007e+06		100.053		36.3353		0		0		309.818		
00:00:42:799		6.84005e+06		100.053		36.3353		0		0		309.818		
00:00:42:700		6.84003e+06		100.053		36.3355		0		0		309.818		
00:00:42:700		6.84003e+06		100.053		36.3355		0		0		309.818		
00:00:42:500		6.83998e+06		100.053		36.3355		0		0		309.818		
00:00:42:500		6.83998e+06		100.053		36.3355		0		0		309.818		
00:00:42:399		6.83996e+06		100.053		36.3358		0		0		309.818		
00:00:42:299		6.83994e+06		100.053		36.3358		0		0		309.818		
00:00:42:200		6.83992e+06		100.053		36.3361		0		0		309.818		
00:00:42:100		6.8399e+06		100.053		36.3361		0		0		309.818		
00:00:42:000		6.83988e+06		100.053		36.3361		0		0		309.819		
00:00:41:899		6.83986e+06		100.053		36.3364		0		0		309.819		
00:00:41:799		6.83984e+06		100.053		36.3364		0		0		309.819		
00:00:41:700		6.83981e+06		100.053		36.3367		0		0		309.819		
00:00:41:450		6.83976e+06		100.054		36.337		0		0		309.819		
00:00:41:450		6.83976e+06		100.054		36.337		0		0		309.819		
00:00:41:350		6.83974e+06		100.054		36.337		0		0		309.819		
00:00:41:250		6.83972e+06		100.054		36.337		0		0		309.819		
00:00:41:200		6.83971e+06		100.054		36.3372		0		0		309.819		
00:00:41:100		6.83969e+06		100.054		36.3372		0		0		309.819		
00:00:41:000		6.83967e+06		100.054		36.3372		0		0		309.819		
00:00:40:899		6.83965e+06		100.054		36.3375		0		0		309.82		
00:00:40:799		6.83963e+06		100.054		36.3375		0		0		309.82		
00:00:40:700		6.83961e+06		100.054		36.3378		0		0		309.82		
00:00:40:450		6.83955e+06		100.054		36.3381		0		0		309.82		
00:00:40:450		6.83955e+06		100.054		36.3381		0		0		309.82		
00:00:40:350		6.83953e+06		100.054		36.3381		0		0		309.82		
00:00:40:250		6.83951e+06		100.054		36.3381		0		0		309.82		
00:00:40:149		6.83949e+06		100.054		36.3384		0		0		309.82		
00:00:40:049		6.83947e+06		100.054		36.3384		0		0		309.82		
00:00:39:950		6.83945e+06		100.054		36.3386		0		0		309.82		
00:00:39:850		6.83943e+06		100.054		36.3386		0		0		309.821		
00:00:39:750		6.83941e+06		100.054		36.3386		0		0		309.821		
00:00:39:649		6.83939e+06		100.054		36.3389		0		0		309.821		
00:00:39:450		6.83934e+06		100.054		36.3392		0		0		309.821		
00:00:39:450		6.83934e+06		100.054		36.3392		0		0		309.821		
00:00:39:350		6.83932e+06		100.054		36.3392		0		0		309.821		
00:00:39:250		6.8393e+06		100.054		36.3392		0		0		309.821		
00:00:39:149		6.83928e+06		100.054		36.3395		0		0		309.821		
00:00:39:049		6.83926e+06		100.054		36.3395		0		0		309.821		
00:00:38:950		6.83924e+06		100.055		36.3398		0		0		309.821		
00:00:38:850		6.83922e+06		100.055		36.3398		0		0		309.821		
00:00:38:750		6.8392e+06		100.055		36.3398		0		0		309.822		
00:00:38:649		6.83917e+06		100.055		36.3401		0		0		309.822		
00:00:38:450		6.83913e+06		100.055		36.3403		0		0		309.822		
00:00:38:450		6.83913e+06		100.055		36.3403		0		0		309.822		
00:00:38:350		6.83911e+06		100.055		36.3403		0		0		309.822		
00:00:38:250		6.83909e+06		100.055		36.3403		0		0		309.822		
00:00:38:149		6.83907e+06		100.055		36.3406		0		0		309.822		
00:00:38:049		6.83905e+06		100.055		36.3406		0		0		309.822		
00:00:37:950		6.83903e+06		100.055		36.3409		0		0		309.822		
00:00:37:799		6.839e+06		100.055		36.3409		0		0		309.822		
00:00:37:750		6.83899e+06		100.055		36.3409		0		0		309.822		
00:00:37:649		6.83897e+06		100.055		36.3412		0		0		309.822		
00:00:37:549		6.83895e+06		100.055		36.3412		0		0		309.823		
00:00:37:450		6.83893e+06		100.055		36.3415		0		0		309.823		
00:00:37:350		6.83891e+06		100.055		36.3415		0		0		309.823		
00:00:37:200		6.83888e+06		100.055		36.3418		0		0		309.823		
00:00:37:100		6.83886e+06		100.055		36.3418		0		0		309.823		
00:00:37:000		6.83884e+06		100.055		36.3418		0		0		309.823		
00:00:36:950		6.83883e+06		100.055		36.342		0		0		309.823		
00:00:36:799		6.83879e+06		100.055		36.342		0		0		309.823		
00:00:36:799		6.83879e+06		100.055		36.342		0		0		309.823		
00:00:36:700		6.83877e+06		100.055		36.3423		0		0		309.823		
00:00:36:500		6.83873e+06		100.055		36.3423		0		0		309.823		
00:00:36:399		6.83871e+06		100.055		36.3426		0		0		309.824		
00:00:36:299		6.83869e+06		100.055		36.3426		0		0		309.824		
00:00:36:200		6.83867e+06		100.056		36.3429		0		0		309.824		
00:00:36:200		6.83867e+06		100.056		36.3429		0		0		309.824		
00:00:36:100		6.83865e+06		100.056		36.3429		0		0		309.824		
00:00:36:000		6.83863e+06		100.056		36.3429		0		0		309.824		
00:00:35:899		6.83861e+06		100.056		36.3432		0		0		309.824		
00:00:35:700		6.83857e+06		100.056		36.3434		0		0		309.824		
00:00:35:700		6.83857e+06		100.056		36.3434		0		0		309.824		
00:00:35:500		6.83853e+06		100.056		36.3434		0		0		309.824		
00:00:35:500		6.83853e+06		100.056		36.3434		0		0		309.824		
00:00:35:399		6.83851e+06		100.056		36.3437		0		0		309.824		
00:00:35:299		6.83849e+06		100.056		36.3437		0		0		309.824		
00:00:35:200		6.83847e+06		100.056		36.344		0		0		309.825		
00:00:35:100		6.83845e+06		100.056		36.344		0		0		309.825		
00:00:34:899		6.83841e+06		100.056		36.3443		0		0		309.825		
00:00:34:799		6.83839e+06		100.056		36.3443		0		0		309.825		
00:00:34:799		6.83839e+06		100.056		36.3443		0		0		309.825		
00:00:34:700		6.83837e+06		100.056		36.3446		0		0		309.825		
00:00:34:500		6.83833e+06		100.056		36.3446		0		0		309.825		
00:00:34:500		6.83833e+06		100.056		36.3446		0		0		309.825		
00:00:34:350		6.8383e+06		100.056		36.3449		0		0		309.825		
00:00:34:299		6.83829e+06		100.056		36.3449		0		0		309.825		
00:00:34:200		6.83827e+06		100.056		36.3451		0		0		309.825		
00:00:34:100		6.83825e+06		100.056		36.3451		0		0		309.825		
00:00:34:000		6.83823e+06		100.056		36.3451		0		0		309.825		
00:00:33:750		6.83818e+06		100.056		36.3454		0		0		309.826		
00:00:33:750		6.83818e+06		100.056		36.3454		0		0		309.826		
00:00:33:649		6.83816e+06		100.056		36.3457		0		0		309.826		
00:00:33:450		6.83812e+06		100.057		36.346		0		0		309.826		
00:00:33:450		6.83812e+06		100.057		36.346		0		0		309.826		
00:00:33:350		6.8381e+06		100.057		36.346		0		0		309.826		
00:00:33:250		6.83808e+06		100.057		36.346		0		0		309.826		
00:00:33:149		6.83806e+06		100.057		36.3463		0		0		309.826		
00:00:33:049		6.83804e+06		100.057		36.3463		0		0		309.826		
00:00:32:950		6.83802e+06		100.057		36.3466		0		0		309.826		
00:00:32:850		6.838e+06		100.057		36.3466		0		0		309.826		
00:00:32:750		6.83798e+06		100.057		36.3466		0		0		309.826		
00:00:32:649		6.83796e+06		100.057		36.3468		0		0		309.827		
00:00:32:549		6.83794e+06		100.057		36.3468		0		0		309.827		
00:00:32:450		6.83792e+06		100.057		36.3471		0		0		309.827		
00:00:32:350		6.8379e+06		100.057		36.3471		0		0		309.827		
00:00:32:250		6.83788e+06		100.057		36.3471		0		0		309.827		
00:00:32:149		6.83786e+06		100.057		36.3474		0		0		309.827		
00:00:32:049		6.83784e+06		100.057		36.3474		0		0		309.827		
00:00:31:949		6.83782e+06		100.057		36.3477		0		0		309.827		
00:00:31:899		6.83781e+06		100.057		36.3477		0		0		309.827		
00:00:31:750		6.83778e+06		100.057		36.3477		0		0		309.827		
00:00:31:649		6.83776e+06		100.057		36.348		0		0		309.827		
00:00:31:550		6.83775e+06		100.057		36.348		0		0		309.827		
00:00:31:449		6.83773e+06		100.057		36.3483		0		0		309.827		
00:00:31:350		6.83771e+06		100.057		36.3483		0		0		309.827		
00:00:31:250		6.83768e+06		100.057		36.3483		0		0		309.828		
00:00:31:149		6.83767e+06		100.057		36.3485		0		0		309.828		
00:00:31:050		6.83765e+06		100.057		36.3485		0		0		309.828		
00:00:30:949		6.83763e+06		100.058		36.3488		0		0		309.828		
00:00:30:850		6.83761e+06		100.058		36.3488		0		0		309.828		
00:00:30:750		6.83759e+06		100.058		36.3488		0		0		309.828		
00:00:30:649		6.83757e+06		100.058		36.3491		0		0		309.828		
00:00:30:550		6.83755e+06		100.058		36.3491		0		0		309.828		
00:00:30:449		6.83753e+06		100.058		36.3494		0		0		309.828		
00:00:30:350		6.83751e+06		100.058		36.3494		0		0		309.828		
00:00:30:250		6.83749e+06		100.058		36.3494		0		0		309.828		
00:00:30:100		6.83746e+06		100.058		36.3497		0		0		309.828		
00:00:30:050		6.83745e+06		100.058		36.3497		0		0		309.828		
00:00:29:949		6.83743e+06		100.058		36.3499		0		0		309.828		
00:00:29:850		6.83741e+06		100.058		36.3499		0		0		309.828		
00:00:29:750		6.8374e+06		100.058		36.3499		0		0		309.829		
00:00:29:600		6.83737e+06		100.058		36.3502		0		0		309.829		
00:00:29:500		6.83735e+06		100.058		36.3502		0		0		309.829		
00:00:29:399		6.83733e+06		100.058		36.3505		0		0		309.829		
00:00:29:399		6.83733e+06		100.058		36.3505		0		0		309.829		
00:00:29:300		6.83731e+06		100.058		36.3505		0		0		309.829		
00:00:29:199		6.83729e+06		100.058		36.3508		0		0		309.829		
00:00:29:050		6.83726e+06		100.058		36.3508		0		0		309.829		
00:00:28:899		6.83724e+06		100.058		36.3511		0		0		309.829		
00:00:28:800		6.83722e+06		100.058		36.3511		0		0		309.829		
00:00:28:699		6.8372e+06		100.058		36.3514		0		0		309.829		
00:00:28:699		6.8372e+06		100.058		36.3514		0		0		309.829		
00:00:28:399		6.83714e+06		100.058		36.3517		0		0		309.829		
00:00:28:399		6.83714e+06		100.058		36.3517		0		0		309.829		
00:00:28:399		6.83714e+06		100.058		36.3517		0		0		309.829		
00:00:28:300		6.83712e+06		100.058		36.3517		0		0		309.829		
00:00:28:199		6.8371e+06		100.059		36.3519		0		0		309.829		
00:00:28:100		6.83708e+06		100.059		36.3519		0		0		309.83		
00:00:28:000		6.83706e+06		100.059		36.3519		0		0		309.83		
00:00:27:899		6.83705e+06		100.059		36.3522		0		0		309.83		
00:00:27:800		6.83703e+06		100.059		36.3522		0		0		309.83		
00:00:27:699		6.83701e+06		100.059		36.3525		0		0		309.83		
00:00:27:500		6.83697e+06		100.059		36.3525		0		0		309.83		
00:00:27:399		6.83695e+06		100.059		36.3528		0		0		309.83		
00:00:27:399		6.83695e+06		100.059		36.3528		0		0		309.83		
00:00:27:300		6.83693e+06		100.059		36.3528		0		0		309.83		
00:00:27:199		6.83691e+06		100.059		36.3531		0		0		309.83		
00:00:27:100		6.8369e+06		100.059		36.3531		0		0		309.83		
00:00:27:000		6.83688e+06		100.059		36.3531		0		0		309.83		
00:00:26:899		6.83686e+06		100.059		36.3533		0		0		309.83		
00:00:26:800		6.83684e+06		100.059		36.3533		0		0		309.83		
00:00:26:699		6.83682e+06		100.059		36.3536		0		0		309.83		
00:00:26:500		6.83679e+06		100.059		36.3536		0		0		309.83		
00:00:26:399		6.83677e+06		100.059		36.3539		0		0		309.83		
00:00:26:399		6.83677e+06		100.059		36.3539		0		0		309.83		
00:00:26:199		6.83673e+06		100.059		36.3542		0		0		309.831		
00:00:26:199		6.83673e+06		100.059		36.3542		0		0		309.831		
00:00:26:050		6.8367e+06		100.059		36.3542		0		0		309.831		
00:00:25:949		6.83668e+06		100.059		36.3545		0		0		309.831		
00:00:25:850		6.83667e+06		100.059		36.3545		0		0		309.831		
00:00:25:750		6.83665e+06		100.059		36.3545		0		0		309.831		
00:00:25:699		6.83664e+06		100.059		36.3548		0		0		309.831		
00:00:25:550		6.83661e+06		100.059		36.3548		0		0		309.831		
00:00:25:449		6.83659e+06		100.06		36.355		0		0		309.831		
00:00:25:350		6.83658e+06		100.06		36.355		0		0		309.831		
00:00:25:250		6.83656e+06		100.06		36.355		0		0		309.831		
00:00:25:149		6.83654e+06		100.06		36.3553		0		0		309.831		
00:00:25:050		6.83652e+06		100.06		36.3553		0		0		309.831		
00:00:24:949		6.8365e+06		100.06		36.3556		0		0		309.831		
00:00:24:899		6.83649e+06		100.06		36.3556		0		0		309.831		
00:00:24:800		6.83648e+06		100.06		36.3556		0		0		309.831		
00:00:24:649		6.83645e+06		100.06		36.3559		0		0		309.831		
00:00:24:550		6.83643e+06		100.06		36.3559		0		0		309.831		
00:00:24:449		6.83641e+06		100.06		36.3562		0		0		309.831		
00:00:24:350		6.83639e+06		100.06		36.3562		0		0		309.831		
00:00:24:250		6.83638e+06		100.06		36.3562		0		0		309.831		
00:00:24:149		6.83636e+06		100.06		36.3565		0		0		309.832		
00:00:24:050		6.83634e+06		100.06		36.3565		0		0		309.832		
00:00:23:949		6.83632e+06		100.06		36.3568		0		0		309.832		
00:00:23:850		6.8363e+06		100.06		36.3568		0		0		309.832		
00:00:23:750		6.83629e+06		100.06		36.3568		0		0		309.832		
00:00:23:649		6.83627e+06		100.06		36.357		0		0		309.832		
00:00:23:550		6.83625e+06		100.06		36.357		0		0		309.832		
00:00:23:449		6.83624e+06		100.06		36.3573		0		0		309.832		
00:00:23:350		6.83621e+06		100.06		36.3573		0		0		309.832		
00:00:23:250		6.8362e+06		100.06		36.3573		0		0		309.832		
00:00:23:149		6.83618e+06		100.06		36.3576		0		0		309.832		
00:00:23:050		6.83616e+06		100.06		36.3576		0		0		309.832		
00:00:22:949		6.83615e+06		100.061		36.3579		0		0		309.832		
00:00:22:850		6.83613e+06		100.061		36.3579		0		0		309.832		
00:00:22:750		6.83611e+06		100.061		36.3579		0		0		309.832		
00:00:22:649		6.83609e+06		100.061		36.3582		0		0		309.832		
00:00:22:550		6.83607e+06		100.061		36.3582		0		0		309.832		
00:00:22:449		6.83606e+06		100.061		36.3585		0		0		309.832		
00:00:22:350		6.83604e+06		100.061		36.3585		0		0		309.832		
00:00:22:250		6.83602e+06		100.061		36.3585		0		0		309.832		
00:00:22:149		6.836e+06		100.061		36.3587		0		0		309.832		
00:00:22:050		6.83599e+06		100.061		36.3587		0		0		309.832		
00:00:21:949		6.83597e+06		100.061		36.359		0		0		309.833		
00:00:21:850		6.83594e+06		100.061		36.359		0		0		309.833		
00:00:21:699		6.83592e+06		100.061		36.3593		0		0		309.833		
00:00:21:600		6.83591e+06		100.061		36.3593		0		0		309.833		
00:00:21:600		6.83591e+06		100.061		36.3593		0		0		309.833		
00:00:21:399		6.83587e+06		100.061		36.3596		0		0		309.833		
00:00:21:300		6.83586e+06		100.061		36.3596		0		0		309.833		
00:00:21:250		6.83585e+06		100.061		36.3596		0		0		309.833		
00:00:21:100		6.83582e+06		100.061		36.3599		0		0		309.833		
00:00:21:100		6.83582e+06		100.061		36.3599		0		0		309.833		
00:00:20:899		6.83578e+06		100.061		36.3602		0		0		309.833		
00:00:20:800		6.83577e+06		100.061		36.3602		0		0		309.834		
00:00:20:800		6.83577e+06		100.061		36.3602		0		0		309.834		
00:00:20:600		6.83573e+06		100.061		36.3605		0		0		309.834		
00:00:20:600		6.83573e+06		100.061		36.3605		0		0		309.834		
00:00:20:449		6.8357e+06		100.061		36.3607		0		0		309.834		
00:00:20:300		6.83568e+06		100.061		36.3607		0		0		309.834		
00:00:20:199		6.83566e+06		100.062		36.361		0		0		309.834		
00:00:20:100		6.83564e+06		100.062		36.361		0		0		309.834		
00:00:20:000		6.83562e+06		100.062		36.361		0		0		309.834		
00:00:20:000		6.83562e+06		100.062		36.361		0		0		309.834		
00:00:19:899		6.83561e+06		100.062		36.3613		0		0		309.834		
00:00:19:800		6.83559e+06		100.062		36.3613		0		0		309.834		
00:00:19:699		6.83557e+06		100.062		36.3616		0		0		309.834		
00:00:19:600		6.83556e+06		100.062		36.3616		0		0		309.834		
00:00:19:399		6.83552e+06		100.062		36.3619		0		0		309.835		
00:00:19:399		6.83552e+06		100.062		36.3619		0		0		309.835		
00:00:19:300		6.8355e+06		100.062		36.3619		0		0		309.835		
00:00:19:199		6.83548e+06		100.062		36.3622		0		0		309.835		
00:00:19:100		6.83547e+06		100.062		36.3622		0		0		309.835		
00:00:19:000		6.83545e+06		100.062		36.3622		0		0		309.835		
00:00:18:899		6.83543e+06		100.062		36.3625		0		0		309.835		
00:00:18:800		6.83541e+06		100.062		36.3625		0		0		309.835		
00:00:18:699		6.83539e+06		100.062		36.3627		0		0		309.835		
00:00:18:600		6.83538e+06		100.062		36.3627		0		0		309.835		
00:00:18:399		6.83534e+06		100.062		36.363		0		0		309.835		
00:00:18:399		6.83534e+06		100.062		36.363		0		0		309.835		
00:00:18:300		6.83532e+06		100.062		36.363		0		0		309.835		
00:00:18:199		6.83531e+06		100.062		36.3633		0		0		309.836		
00:00:18:050		6.83528e+06		100.062		36.3633		0		0		309.836		
00:00:17:949		6.83526e+06		100.062		36.3636		0		0		309.836		
00:00:17:800		6.83523e+06		100.062		36.3636		0		0		309.836		
00:00:17:800		6.83523e+06		100.062		36.3636		0		0		309.836		
00:00:17:699		6.83521e+06		100.062		36.3639		0		0		309.836		
00:00:17:449		6.83517e+06		100.063		36.3642		0		0		309.836		
00:00:17:350		6.83515e+06		100.063		36.3642		0		0		309.836		
00:00:17:350		6.83515e+06		100.063		36.3642		0		0		309.836		
00:00:17:250		6.83513e+06		100.063		36.3642		0		0		309.836		
00:00:17:149		6.83511e+06		100.063		36.3644		0		0		309.836		
00:00:17:050		6.8351e+06		100.063		36.3644		0		0		309.836		
00:00:16:949		6.83508e+06		100.063		36.3647		0		0		309.836		
00:00:16:850		6.83506e+06		100.063		36.3647		0		0		309.836		
00:00:16:750		6.83504e+06		100.063		36.3647		0		0		309.837		
00:00:16:649		6.83502e+06		100.063		36.365		0		0		309.837		
00:00:16:550		6.835e+06		100.063		36.365		0		0		309.837		
00:00:16:449		6.83499e+06		100.063		36.3653		0		0		309.837		
00:00:16:399		6.83498e+06		100.063		36.3653		0		0		309.837		
00:00:16:250		6.83495e+06		100.063		36.3653		0		0		309.837		
00:00:16:149		6.83493e+06		100.063		36.3656		0		0		309.837		
00:00:16:050		6.83491e+06		100.063		36.3656		0		0		309.837		
00:00:15:949		6.83489e+06		100.063		36.3659		0		0		309.837		
00:00:15:849		6.83488e+06		100.063		36.3659		0		0		309.837		
00:00:15:750		6.83486e+06		100.063		36.3659		0		0		309.837		
00:00:15:650		6.83484e+06		100.063		36.3662		0		0		309.837		
00:00:15:550		6.83482e+06		100.063		36.3662		0		0		309.837		
00:00:15:449		6.8348e+06		100.063		36.3664		0		0		309.837		
00:00:15:349		6.83478e+06		100.063		36.3664		0		0		309.837		
00:00:15:250		6.83476e+06		100.063		36.3664		0		0		309.837		
00:00:15:150		6.83474e+06		100.063		36.3667		0		0		309.838		
00:00:15:050		6.83472e+06		100.063		36.3667		0		0		309.838		
00:00:14:900		6.8347e+06		100.063		36.367		0		0		309.838		
00:00:14:849		6.83469e+06		100.063		36.367		0		0		309.838		
00:00:14:750		6.83467e+06		100.064		36.367		0		0		309.838		
00:00:14:599		6.83464e+06		100.064		36.3673		0		0		309.838		
00:00:14:599		6.83464e+06		100.064		36.3673		0		0		309.838		
00:00:14:400		6.8346e+06		100.064		36.3676		0		0		309.838		
00:00:14:400		6.8346e+06		100.064		36.3676		0		0		309.838		
00:00:14:300		6.83458e+06		100.064		36.3676		0		0		309.838		
00:00:14:099		6.83454e+06		100.064		36.3679		0		0		309.838		
00:00:14:099		6.83454e+06		100.064		36.3679		0		0		309.838		
00:00:14:000		6.83452e+06		100.064		36.3679		0		0		309.838		
00:00:13:900		6.83451e+06		100.064		36.3681		0		0		309.838		
00:00:13:750		6.83448e+06		100.064		36.3681		0		0		309.838		
00:00:13:650		6.83446e+06		100.064		36.3684		0		0		309.838		
00:00:13:550		6.83444e+06		100.064		36.3684		0		0		309.838		
00:00:13:400		6.83441e+06		100.064		36.3687		0		0		309.838		
00:00:13:300		6.83439e+06		100.064		36.3687		0		0		309.838		
00:00:13:199		6.83437e+06		100.064		36.369		0		0		309.838		
00:00:13:199		6.83437e+06		100.064		36.369		0		0		309.838		
00:00:13:099		6.83435e+06		100.064		36.369		0		0		309.838		
00:00:12:900		6.83431e+06		100.064		36.3693		0		0		309.839		
00:00:12:900		6.83431e+06		100.064		36.3693		0		0		309.839		
00:00:12:800		6.8343e+06		100.064		36.3693		0		0		309.839		
00:00:12:699		6.83428e+06		100.064		36.3695		0		0		309.839		
00:00:12:500		6.83424e+06		100.064		36.3695		0		0		309.839		
00:00:12:400		6.83422e+06		100.064		36.3698		0		0		309.839		
00:00:12:300		6.8342e+06		100.064		36.3698		0		0		309.839		
00:00:12:300		6.8342e+06		100.064		36.3698		0		0		309.839		
00:00:12:199		6.83418e+06		100.065		36.3701		0		0		309.839		
00:00:12:099		6.83416e+06		100.065		36.3701		0		0		309.839		
00:00:11:949		6.83413e+06		100.065		36.3704		0		0		309.839		
00:00:11:849		6.83411e+06		100.065		36.3704		0		0		309.839		
00:00:11:750		6.83409e+06		100.065		36.3704		0		0		309.839		
00:00:11:650		6.83407e+06		100.065		36.3707		0		0		309.839		
00:00:11:449		6.83403e+06		100.065		36.371		0		0		309.839		
00:00:11:400		6.83402e+06		100.065		36.371		0		0		309.839		
00:00:11:400		6.83402e+06		100.065		36.371		0		0		309.839		
00:00:11:300		6.834e+06		100.065		36.371		0		0		309.839		
00:00:11:199		6.83398e+06		100.065		36.3712		0		0		309.839		
00:00:11:000		6.83394e+06		100.065		36.3712		0		0		309.839		
00:00:11:000		6.83394e+06		100.065		36.3712		0		0		309.839		
00:00:10:900		6.83392e+06		100.065		36.3715		0		0		309.839		
00:00:10:800		6.8339e+06		100.065		36.3715		0		0		309.839		
00:00:10:550		6.83385e+06		100.065		36.3718		0		0		309.839		
00:00:10:449		6.83383e+06		100.065		36.3721		0		0		309.839		
00:00:10:449		6.83383e+06		100.065		36.3721		0		0		309.839		
00:00:10:349		6.83381e+06		100.065		36.3721		0		0		309.838		
00:00:10:250		6.83379e+06		100.065		36.3721		0		0		309.838		
00:00:10:150		6.83377e+06		100.065		36.3724		0		0		309.838		
00:00:10:050		6.83375e+06		100.065		36.3724		0		0		309.838		
00:00:09:949		6.83373e+06		100.065		36.3727		0		0		309.838		
00:00:09:849		6.83371e+06		100.065		36.3727		0		0		309.838		
00:00:09:750		6.83369e+06		100.065		36.3727		0		0		309.838		
00:00:09:650		6.83367e+06		100.065		36.3729		0		0		309.838		
00:00:09:550		6.83365e+06		100.065		36.3729		0		0		309.838		
00:00:09:449		6.83363e+06		100.066		36.3732		0		0		309.838		
00:00:09:349		6.83360e+06		100.066		36.3732		0		0		309.838		
00:00:09:199		6.83357e+06		100.066		36.3735		0		0		309.838		
00:00:09:099		6.83355e+06		100.066		36.3735		0		0		309.838		
00:00:09:000		6.83353e+06		100.066		36.3735		0		0		309.838		
00:00:09:000		6.83353e+06		100.066		36.3735		0		0		309.838		
00:00:08:800		6.83348e+06		100.066		36.3738		0		0		309.838		
00:00:08:800		6.83348e+06		100.066		36.3738		0		0		309.838		
00:00:08:699		6.83346e+06		100.066		36.3741		0		0		309.838		
00:00:08:599		6.83344e+06		100.066		36.3741		0		0		309.838		
00:00:08:400		6.8334e+06		100.066		36.3744		0		0		309.838		
00:00:08:400		6.8334e+06		100.066		36.3744		0		0		309.838		
00:00:08:300		6.83337e+06		100.066		36.3744		0		0		309.838		
00:00:08:199		6.83335e+06		100.066		36.3746		0		0		309.838		
00:00:08:099		6.83333e+06		100.066		36.3746		0		0		309.838		
00:00:08:000		6.83331e+06		100.066		36.3746		0		0		309.837		
00:00:07:799		6.83326e+06		100.066		36.3749		0		0		309.837		
00:00:07:700		6.83324e+06		100.066		36.3752		0		0		309.837		
00:00:07:700		6.83324e+06		100.066		36.3752		0		0		309.837		
00:00:07:599		6.83322e+06		100.066		36.3752		0		0		309.837		
00:00:07:400		6.83317e+06		100.066		36.3755		0		0		309.837		
00:00:07:400		6.83317e+06		100.066		36.3755		0		0		309.837		
00:00:07:299		6.83314e+06		100.066		36.3755		0		0		309.837		
00:00:07:200		6.83312e+06		100.066		36.3758		0		0		309.837		
00:00:07:099		6.8331e+06		100.066		36.3758		0		0		309.837		
00:00:07:000		6.83307e+06		100.066		36.3758		0		0		309.837		
00:00:06:900		6.83305e+06		100.066		36.376		0		0		309.837		
00:00:06:799		6.83302e+06		100.066		36.376		0		0		309.837		
00:00:06:700		6.833e+06		100.067		36.3763		0		0		309.837		
00:00:06:500		6.83295e+06		100.067		36.3763		0		0		309.837		
00:00:06:400		6.83292e+06		100.067		36.3766		0		0		309.837		
00:00:06:400		6.83292e+06		100.067		36.3766		0		0		309.837		
00:00:06:299		6.8329e+06		100.067		36.3766		0		0		309.837		
00:00:06:200		6.83287e+06		100.067		36.3769		0		0		309.837		
00:00:06:049		6.83283e+06		100.067		36.3769		0		0		309.837		
00:00:05:950		6.8328e+06		100.067		36.3772		0		0		309.837		
00:00:05:849		6.83278e+06		100.067		36.3772		0		0		309.837		
00:00:05:750		6.83275e+06		100.067		36.3772		0		0		309.837		
00:00:05:650		6.83272e+06		100.067		36.3775		0		0		309.837		
00:00:05:500		6.83268e+06		100.067		36.3775		0		0		309.838		
00:00:05:349		6.83264e+06		100.067		36.3777		0		0		309.838		
00:00:05:349		6.83264e+06		100.067		36.3777		0		0		309.838		
00:00:05:250		6.83261e+06		100.067		36.3777		0		0		309.838		
00:00:05:150		6.83259e+06		100.067		36.378		0		0		309.838		
00:00:05:049		6.83256e+06		100.067		36.378		0		0		309.838		
00:00:05:000		6.83254e+06		100.067		36.378		0		0		309.838		
00:00:04:849		6.8325e+06		100.067		36.3783		0		0		309.838		
00:00:04:750		6.83247e+06		100.067		36.3783		0		0		309.838		
00:00:04:650		6.83244e+06		100.067		36.3786		0		0		309.839		
00:00:04:549		6.83241e+06		100.067		36.3786		0		0		309.839		
00:00:04:450		6.83238e+06		100.067		36.3789		0		0		309.839		
00:00:04:349		6.83236e+06		100.067		36.3789		0		0		309.839		
00:00:04:250		6.83233e+06		100.068		36.3789		0		0		309.839		
00:00:04:150		6.8323e+06		100.068		36.3792		0		0		309.839		
00:00:04:000		6.83225e+06		100.068		36.3792		0		0		309.84		
00:00:03:899		6.83222e+06		100.068		36.3794		0		0		309.84		
00:00:03:850		6.83221e+06		100.068		36.3794		0		0		309.84		
00:00:03:700		6.83216e+06		100.068		36.3797		0		0		309.84		
00:00:03:600		6.83216e+06		100.068		36.3797		0		0		309.84		
00:00:03:600		6.83213e+06		100.068		36.3797		0		0		309.84		
00:00:03:399		6.83207e+06		100.068		36.38		0		0		309.841		
00:00:03:299		6.83204e+06		100.068		36.38		0		0		309.841		
00:00:03:200		6.83201e+06		100.068		36.3803		0		0		309.841		
00:00:03:200		6.83201e+06		100.068		36.3803		0		0		309.841		
00:00:03:100		6.83198e+06		100.068		36.3803		0		0		309.841		
00:00:03:000		6.83195e+06		100.068		36.3803		0		0		309.842		
00:00:02:899		6.83192e+06		100.068		36.3806		0		0		309.842		
00:00:02:799		6.83189e+06		100.068		36.3806		0		0		309.843		
00:00:02:700		6.83186e+06		100.068		36.3808		0		0		309.843		
00:00:02:600		6.83183e+06		100.068		36.3808		0		0		309.843		
00:00:02:399		6.83176e+06		100.068		36.3811		0		0		309.844		
00:00:02:399		6.83176e+06		100.068		36.3811		0		0		309.844		
00:00:02:299		6.83174e+06		100.068		36.3811		0		0		309.844		
00:00:02:100		6.83168e+06		100.068		36.3814		0		0		309.844		
00:00:02:100		6.83168e+06		100.068		36.3814		0		0		309.844		
00:00:02:000		6.83165e+06		100.068		36.3814		0		0		309.844		
00:00:01:899		6.83162e+06		100.068		36.3817		0		0		309.844		
00:00:01:800		6.83159e+06		100.068		36.3817		0		0		309.845		
00:00:01:699		6.83156e+06		100.068		36.382		0		0		309.845		
00:00:01:500		6.8315e+06		100.069		36.382		0		0		309.848		
00:00:01:399		6.83147e+06		100.069		36.3823		0		0		309.849		
00:00:01:399		6.83147e+06		100.069		36.3823		0		0		309.849		
00:00:01:300		6.83144e+06		100.069		36.3823		0		0		309.85		
00:00:01:199		6.83141e+06		100.069		36.3825		0		0		309.85		
00:00:01:100		6.83138e+06		100.069		36.3825		0		0		309.85		
00:00:01:000		6.83136e+06		100.069		36.3825		0		0		309.849		
00:00:00:849		6.83131e+06		100.069		36.3828		0		0		309.846		
00:00:00:750		6.83128e+06		100.069		36.3828		0		0		309.843		
00:00:00:650		6.83125e+06		100.069		36.3831		0		0		309.841		
00:00:00:450		6.8312e+06		100.069		36.3834		0		0		309.839		
00:00:00:349		6.83118e+06		100.069		36.3834		0		0		309.84		
00:00:00:349		6.83118e+06		100.069		36.3834		0		0		309.84		
00:00:00:250		6.83116e+06		100.069		36.3834		0		0		309.843		
00:00:00:149		6.83116e+06		100.069		36.3837		0		0		309.846		
00:00:00:050		6.83115e+06		100.069		36.3837		0		0		309.846		
00:00:00:000		6.83115e+06		100.069		36.3837		0		0		309.846		
00:00:00:000		6.83115e+06		100.069		36.3837		0		0		309.846		
00:00:00:000		6.83115e+06		100.069		36.3837		0		0		309.846		
00:00:00:000		6.83115e+06		100.069		36.3837		0		0		309.846		
00:00:00:000		6.83115e+06		100.069		36.3837		0		0		309.846		
00:00:00:000		6.83115e+06		100.069		36.3837		0		0		309.846		
