	time 		gpv001pnt10113ppntm	evf507ety101mpzoyout	chtcon(1)	chavg(1)	chlhsumpa	rcptavgn	
00:01:12:599		6.84615e+06		100.042		36.3019		0		0		309.79		
00:01:12:500		6.84613e+06		100.042		36.3019		0		0		309.79		
00:01:12:400		6.84612e+06		100.042		36.3021		0		0		309.79		
00:01:12:299		6.8461e+06		100.042		36.3021		0		0		309.79		
00:01:12:200		6.84609e+06		100.042		36.3024		0		0		309.79		
00:01:12:099		6.84607e+06		100.042		36.3024		0		0		309.79		
00:01:11:900		6.84604e+06		100.042		36.3027		0		0		309.79		
00:01:11:900		6.84604e+06		100.042		36.3027		0		0		309.79		
00:01:11:799		6.84602e+06		100.042		36.3027		0		0		309.79		
00:01:11:700		6.84601e+06		100.042		36.303		0		0		309.79		
00:01:11:599		6.84599e+06		100.042		36.303		0		0		309.791		
00:01:11:500		6.84598e+06		100.042		36.303		0		0		309.791		
00:01:11:400		6.84596e+06		100.042		36.3033		0		0		309.791		
00:01:11:299		6.84595e+06		100.042		36.3033		0		0		309.791		
00:01:11:200		6.84593e+06		100.042		36.3035		0		0		309.791		
00:01:11:099		6.84592e+06		100.042		36.3035		0		0		309.791		
00:01:10:900		6.84588e+06		100.043		36.3038		0		0		309.791		
00:01:10:900		6.84588e+06		100.043		36.3038		0		0		309.791		
00:01:10:799		6.84587e+06		100.043		36.3038		0		0		309.791		
00:01:10:700		6.84585e+06		100.043		36.3041		0		0		309.791		
00:01:10:599		6.84584e+06		100.043		36.3041		0		0		309.791		
00:01:10:500		6.84582e+06		100.043		36.3044		0		0		309.791		
00:01:10:349		6.8458e+06		100.043		36.3044		0		0		309.791		
00:01:10:250		6.84578e+06		100.043		36.3044		0		0		309.791		
00:01:10:150		6.84576e+06		100.043		36.3047		0		0		309.792		
00:01:10:049		6.84575e+06		100.043		36.3047		0		0		309.792		
00:01:09:849		6.84572e+06		100.043		36.3049		0		0		309.792		
00:01:09:849		6.84572e+06		100.043		36.3049		0		0		309.792		
00:01:09:750		6.8457e+06		100.043		36.3049		0		0		309.792		
00:01:09:650		6.84568e+06		100.043		36.3052		0		0		309.792		
00:01:09:549		6.84567e+06		100.043		36.3052		0		0		309.792		
00:01:09:450		6.84565e+06		100.043		36.3055		0		0		309.792		
00:01:09:349		6.84564e+06		100.043		36.3055		0		0		309.792		
00:01:09:250		6.84562e+06		100.043		36.3055		0		0		309.792		
00:01:09:150		6.8456e+06		100.043		36.3058		0		0		309.792		
00:01:09:049		6.84559e+06		100.043		36.3058		0		0		309.792		
00:01:08:849		6.84555e+06		100.043		36.3061		0		0		309.792		
00:01:08:849		6.84555e+06		100.043		36.3061		0		0		309.792		
00:01:08:750		6.84554e+06		100.043		36.3061		0		0		309.793		
00:01:08:650		6.84552e+06		100.043		36.3063		0		0		309.793		
00:01:08:549		6.8455e+06		100.043		36.3063		0		0		309.793		
00:01:08:450		6.84548e+06		100.043		36.3066		0		0		309.793		
00:01:08:349		6.84547e+06		100.043		36.3066		0		0		309.793		
00:01:08:250		6.84545e+06		100.044		36.3066		0		0		309.793		
00:01:08:150		6.84543e+06		100.044		36.3069		0		0		309.793		
00:01:08:049		6.84542e+06		100.044		36.3069		0		0		309.793		
00:01:07:849		6.84538e+06		100.044		36.3072		0		0		309.793		
00:01:07:849		6.84538e+06		100.044		36.3072		0		0		309.793		
00:01:07:750		6.84536e+06		100.044		36.3072		0		0		309.793		
00:01:07:650		6.84535e+06		100.044		36.3075		0		0		309.793		
00:01:07:549		6.84533e+06		100.044		36.3075		0		0		309.793		
00:01:07:450		6.84531e+06		100.044		36.3078		0		0		309.793		
00:01:07:349		6.8453e+06		100.044		36.3078		0		0		309.793		
00:01:07:250		6.84528e+06		100.044		36.3078		0		0		309.794		
00:01:07:150		6.84526e+06		100.044		36.308		0		0		309.794		
00:01:06:900		6.84522e+06		100.044		36.3083		0		0		309.794		
00:01:06:799		6.8452e+06		100.044		36.3083		0		0		309.794		
00:01:06:799		6.8452e+06		100.044		36.3083		0		0		309.794		
00:01:06:700		6.84519e+06		100.044		36.3086		0		0		309.794		
00:01:06:599		6.84517e+06		100.044		36.3086		0		0		309.794		
00:01:06:500		6.84515e+06		100.044		36.3086		0		0		309.794		
00:01:06:400		6.84513e+06		100.044		36.3089		0		0		309.794		
00:01:06:349		6.84512e+06		100.044		36.3089		0		0		309.794		
00:01:06:250		6.84511e+06		100.044		36.3089		0		0		309.794		
00:01:06:099		6.84508e+06		100.044		36.3092		0		0		309.794		
00:01:06:000		6.84506e+06		100.044		36.3092		0		0		309.794		
00:01:05:900		6.84504e+06		100.044		36.3094		0		0		309.794		
00:01:05:799		6.84503e+06		100.044		36.3094		0		0		309.794		
00:01:05:700		6.84501e+06		100.044		36.3097		0		0		309.795		
00:01:05:700		6.84501e+06		100.044		36.3097		0		0		309.795		
00:01:05:599		6.84499e+06		100.044		36.3097		0		0		309.795		
00:01:05:400		6.84495e+06		100.045		36.31		0		0		309.795		
00:01:05:400		6.84495e+06		100.045		36.31		0		0		309.795		
00:01:05:299		6.84494e+06		100.045		36.31		0		0		309.795		
00:01:05:200		6.84492e+06		100.045		36.3103		0		0		309.795		
00:01:05:099		6.8449e+06		100.045		36.3103		0		0		309.795		
00:01:04:900		6.84487e+06		100.045		36.3106		0		0		309.795		
00:01:04:900		6.84487e+06		100.045		36.3106		0		0		309.795		
00:01:04:799		6.84485e+06		100.045		36.3106		0		0		309.795		
00:01:04:700		6.84483e+06		100.045		36.3109		0		0		309.795		
00:01:04:599		6.84481e+06		100.045		36.3109		0		0		309.795		
00:01:04:500		6.84479e+06		100.045		36.3109		0		0		309.795		
00:01:04:299		6.84476e+06		100.045		36.3111		0		0		309.795		
00:01:04:299		6.84476e+06		100.045		36.3111		0		0		309.795		
00:01:04:150		6.84473e+06		100.045		36.3114		0		0		309.796		
00:01:04:049		6.84471e+06		100.045		36.3114		0		0		309.796		
00:01:03:850		6.84467e+06		100.045		36.3117		0		0		309.796		
00:01:03:850		6.84467e+06		100.045		36.3117		0		0		309.796		
00:01:03:750		6.84465e+06		100.045		36.3117		0		0		309.796		
00:01:03:649		6.84463e+06		100.045		36.312		0		0		309.796		
00:01:03:600		6.84462e+06		100.045		36.312		0		0		309.796		
00:01:03:500		6.84461e+06		100.045		36.312		0		0		309.796		
00:01:03:399		6.84459e+06		100.045		36.3123		0		0		309.796		
00:01:03:299		6.84457e+06		100.045		36.3123		0		0		309.796		
00:01:03:149		6.84454e+06		100.045		36.3125		0		0		309.796		
00:01:03:049		6.84452e+06		100.045		36.3125		0		0		309.796		
00:01:02:850		6.84449e+06		100.045		36.3128		0		0		309.796		
00:01:02:850		6.84449e+06		100.045		36.3128		0		0		309.796		
00:01:02:750		6.84446e+06		100.046		36.3128		0		0		309.796		
00:01:02:649		6.84444e+06		100.046		36.3131		0		0		309.797		
00:01:02:549		6.84443e+06		100.046		36.3131		0		0		309.797		
00:01:02:450		6.84441e+06		100.046		36.3134		0		0		309.797		
00:01:02:350		6.84439e+06		100.046		36.3134		0		0		309.797		
00:01:02:250		6.84437e+06		100.046		36.3134		0		0		309.797		
00:01:02:149		6.84435e+06		100.046		36.3137		0		0		309.797		
00:01:01:950		6.84431e+06		100.046		36.3139		0		0		309.797		
00:01:01:850		6.84429e+06		100.046		36.3139		0		0		309.797		
00:01:01:850		6.84429e+06		100.046		36.3139		0		0		309.797		
00:01:01:750		6.84428e+06		100.046		36.3139		0		0		309.797		
00:01:01:649		6.84426e+06		100.046		36.3142		0		0		309.797		
00:01:01:549		6.84424e+06		100.046		36.3142		0		0		309.797		
00:01:01:399		6.84421e+06		100.046		36.3145		0		0		309.797		
00:01:01:299		6.84419e+06		100.046		36.3145		0		0		309.797		
00:01:01:200		6.84417e+06		100.046		36.3148		0		0		309.798		
00:01:01:100		6.84415e+06		100.046		36.3148		0		0		309.798		
00:01:00:899		6.84411e+06		100.046		36.3151		0		0		309.798		
00:01:00:799		6.8441e+06		100.046		36.3151		0		0		309.798		
00:01:00:799		6.8441e+06		100.046		36.3151		0		0		309.798		
00:01:00:700		6.84408e+06		100.046		36.3153		0		0		309.798		
00:01:00:600		6.84406e+06		100.046		36.3153		0		0		309.798		
00:01:00:500		6.84404e+06		100.046		36.3153		0		0		309.798		
00:01:00:399		6.84402e+06		100.046		36.3156		0		0		309.798		
00:01:00:299		6.844e+06		100.046		36.3156		0		0		309.798		
00:01:00:299		6.844e+06		100.046		36.3156		0		0		309.798		
00:01:00:200		6.84398e+06		100.047		36.3159		0		0		309.798		
00:01:00:100		6.84396e+06		100.047		36.3159		0		0		309.798		
00:00:59:950		6.84393e+06		100.047		36.3162		0		0		309.798		
00:00:59:950		6.84393e+06		100.047		36.3162		0		0		309.798		
00:00:59:850		6.84391e+06		100.047		36.3162		0		0		309.798		
00:00:59:750		6.84389e+06		100.047		36.3162		0		0		309.799		
00:00:59:649		6.84387e+06		100.047		36.3165		0		0		309.799		
00:00:59:500		6.84384e+06		100.047		36.3165		0		0		309.799		
00:00:59:450		6.84383e+06		100.047		36.3168		0		0		309.799		
00:00:59:350		6.84381e+06		100.047		36.3168		0		0		309.799		
00:00:59:250		6.84379e+06		100.047		36.3168		0		0		309.799		
00:00:59:149		6.84377e+06		100.047		36.317		0		0		309.799		
00:00:58:899		6.84372e+06		100.047		36.3173		0		0		309.799		
00:00:58:899		6.84372e+06		100.047		36.3173		0		0		309.799		
00:00:58:799		6.8437e+06		100.047		36.3173		0		0		309.799		
00:00:58:750		6.84369e+06		100.047		36.3173		0		0		309.799		
00:00:58:600		6.84366e+06		100.047		36.3176		0		0		309.799		
00:00:58:500		6.84364e+06		100.047		36.3176		0		0		309.799		
00:00:58:399		6.84362e+06		100.047		36.3179		0		0		309.8		
00:00:58:299		6.8436e+06		100.047		36.3179		0		0		309.8		
00:00:58:200		6.84358e+06		100.047		36.3182		0		0		309.8		
00:00:58:100		6.84356e+06		100.047		36.3182		0		0		309.8		
00:00:57:950		6.84353e+06		100.047		36.3184		0		0		309.8		
00:00:57:950		6.84353e+06		100.047		36.3184		0		0		309.8		
00:00:57:850		6.84350e+06		100.047		36.3184		0		0		309.8		
00:00:57:750		6.84348e+06		100.047		36.3184		0		0		309.8		
00:00:57:600		6.84345e+06		100.047		36.3187		0		0		309.8		
00:00:57:500		6.84343e+06		100.048		36.3187		0		0		309.8		
00:00:57:399		6.84341e+06		100.048		36.319		0		0		309.8		
00:00:57:299		6.84339e+06		100.048		36.319		0		0		309.8		
00:00:57:200		6.84337e+06		100.048		36.3193		0		0		309.801		
00:00:57:100		6.84335e+06		100.048		36.3193		0		0		309.801		
00:00:56:899		6.84331e+06		100.048		36.3196		0		0		309.801		
00:00:56:899		6.84331e+06		100.048		36.3196		0		0		309.801		
00:00:56:799		6.84329e+06		100.048		36.3196		0		0		309.801		
00:00:56:700		6.84327e+06		100.048		36.3199		0		0		309.801		
00:00:56:600		6.84325e+06		100.048		36.3199		0		0		309.801		
00:00:56:500		6.84322e+06		100.048		36.3199		0		0		309.801		
00:00:56:399		6.8432e+06		100.048		36.3201		0		0		309.801		
00:00:56:299		6.84318e+06		100.048		36.3201		0		0		309.801		
00:00:56:200		6.84315e+06		100.048		36.3204		0		0		309.802		
00:00:56:100		6.84314e+06		100.048		36.3204		0		0		309.802		
00:00:55:899		6.84309e+06		100.048		36.3207		0		0		309.802		
00:00:55:899		6.84309e+06		100.048		36.3207		0		0		309.802		
00:00:55:799		6.84307e+06		100.048		36.3207		0		0		309.802		
00:00:55:649		6.84304e+06		100.048		36.321		0		0		309.802		
00:00:55:549		6.84302e+06		100.048		36.321		0		0		309.802		
00:00:55:450		6.843e+06		100.048		36.3213		0		0		309.802		
00:00:55:350		6.84298e+06		100.048		36.3213		0		0		309.802		
00:00:55:350		6.84298e+06		100.048		36.3213		0		0		309.802		
00:00:55:250		6.84296e+06		100.048		36.3213		0		0		309.803		
00:00:54:950		6.8429e+06		100.048		36.3218		0		0		309.803		
00:00:54:950		6.8429e+06		100.048		36.3218		0		0		309.803		
00:00:54:850		6.84287e+06		100.048		36.3218		0		0		309.803		
00:00:54:750		6.84285e+06		100.049		36.3218		0		0		309.803		
00:00:54:750		6.84285e+06		100.049		36.3218		0		0		309.803		
00:00:54:649		6.84283e+06		100.049		36.3221		0		0		309.803		
00:00:54:549		6.84281e+06		100.049		36.3221		0		0		309.803		
00:00:54:450		6.84279e+06		100.049		36.3224		0		0		309.803		
00:00:54:350		6.84276e+06		100.049		36.3224		0		0		309.803		
00:00:54:250		6.84274e+06		100.049		36.3224		0		0		309.804		
00:00:54:149		6.84272e+06		100.049		36.3227		0		0		309.804		
00:00:54:049		6.8427e+06		100.049		36.3227		0		0		309.804		
00:00:53:950		6.84268e+06		100.049		36.3229		0		0		309.804		
00:00:53:850		6.84266e+06		100.049		36.3229		0		0		309.804		
00:00:53:649		6.84261e+06		100.049		36.3232		0		0		309.804		
00:00:53:549		6.84259e+06		100.049		36.3232		0		0		309.804		
00:00:53:549		6.84259e+06		100.049		36.3232		0		0		309.804		
00:00:53:399		6.84256e+06		100.049		36.3235		0		0		309.805		
00:00:53:299		6.84254e+06		100.049		36.3235		0		0		309.805		
00:00:53:200		6.84252e+06		100.049		36.3238		0		0		309.805		
00:00:53:100		6.8425e+06		100.049		36.3238		0		0		309.805		
00:00:52:899		6.84245e+06		100.049		36.3241		0		0		309.805		
00:00:52:899		6.84245e+06		100.049		36.3241		0		0		309.805		
00:00:52:799		6.84243e+06		100.049		36.3241		0		0		309.805		
00:00:52:700		6.84241e+06		100.049		36.3243		0		0		309.805		
00:00:52:600		6.84238e+06		100.049		36.3243		0		0		309.805		
00:00:52:500		6.84236e+06		100.049		36.3243		0		0		309.805		
00:00:52:399		6.84234e+06		100.049		36.3246		0		0		309.806		
00:00:52:299		6.84232e+06		100.049		36.3246		0		0		309.806		
00:00:52:200		6.8423e+06		100.05		36.3249		0		0		309.806		
00:00:52:100		6.84227e+06		100.05		36.3249		0		0		309.806		
00:00:52:000		6.84225e+06		100.05		36.3249		0		0		309.806		
00:00:51:899		6.84223e+06		100.05		36.3252		0		0		309.806		
00:00:51:799		6.84221e+06		100.05		36.3252		0		0		309.806		
00:00:51:700		6.84218e+06		100.05		36.3255		0		0		309.806		
00:00:51:600		6.84216e+06		100.05		36.3255		0		0		309.806		
00:00:51:500		6.84214e+06		100.05		36.3255		0		0		309.807		
00:00:51:399		6.84212e+06		100.05		36.3257		0		0		309.807		
00:00:51:299		6.8421e+06		100.05		36.3257		0		0		309.807		
00:00:51:200		6.84207e+06		100.05		36.326		0		0		309.807		
00:00:51:100		6.84205e+06		100.05		36.326		0		0		309.807		
00:00:51:000		6.84203e+06		100.05		36.326		0		0		309.807		
00:00:50:899		6.84201e+06		100.05		36.3263		0		0		309.807		
00:00:50:799		6.84198e+06		100.05		36.3263		0		0		309.807		
00:00:50:700		6.84196e+06		100.05		36.3266		0		0		309.807		
00:00:50:600		6.84193e+06		100.05		36.3266		0		0		309.808		
00:00:50:450		6.84191e+06		100.05		36.3269		0		0		309.808		
00:00:50:350		6.84188e+06		100.05		36.3269		0		0		309.808		
00:00:50:250		6.84186e+06		100.05		36.3269		0		0		309.808		
00:00:50:149		6.84184e+06		100.05		36.3271		0		0		309.808		
00:00:50:049		6.84182e+06		100.05		36.3271		0		0		309.808		
00:00:49:950		6.8418e+06		100.05		36.3274		0		0		309.808		
00:00:49:850		6.84178e+06		100.05		36.3274		0		0		309.808		
00:00:49:750		6.84175e+06		100.05		36.3274		0		0		309.808		
00:00:49:649		6.84173e+06		100.05		36.3277		0		0		309.809		
00:00:49:649		6.84173e+06		100.05		36.3277		0		0		309.809		
00:00:49:549		6.84171e+06		100.05		36.3277		0		0		309.809		
00:00:49:450		6.84168e+06		100.051		36.328		0		0		309.809		
00:00:49:350		6.84166e+06		100.051		36.328		0		0		309.809		
00:00:49:250		6.84164e+06		100.051		36.328		0		0		309.809		
00:00:49:149		6.84162e+06		100.051		36.3283		0		0		309.809		
00:00:48:950		6.84158e+06		100.051		36.3285		0		0		309.809		
00:00:48:850		6.84155e+06		100.051		36.3285		0		0		309.809		
00:00:48:850		6.84155e+06		100.051		36.3285		0		0		309.809		
00:00:48:750		6.84153e+06		100.051		36.3285		0		0		309.81		
00:00:48:649		6.84151e+06		100.051		36.3288		0		0		309.81		
00:00:48:549		6.84149e+06		100.051		36.3288		0		0		309.81		
00:00:48:450		6.84146e+06		100.051		36.3291		0		0		309.81		
00:00:48:350		6.84144e+06		100.051		36.3291		0		0		309.81		
00:00:48:250		6.84142e+06		100.051		36.3291		0		0		309.81		
00:00:48:100		6.84139e+06		100.051		36.3294		0		0		309.81		
00:00:47:950		6.84135e+06		100.051		36.3297		0		0		309.81		
00:00:47:950		6.84135e+06		100.051		36.3297		0		0		309.81		
00:00:47:850		6.84133e+06		100.051		36.3297		0		0		309.811		
00:00:47:750		6.84131e+06		100.051		36.3297		0		0		309.811		
00:00:47:649		6.84129e+06		100.051		36.3299		0		0		309.811		
00:00:47:500		6.84125e+06		100.051		36.3299		0		0		309.811		
00:00:47:299		6.84124e+06		100.051		36.3302		0		0		309.811		
00:00:47:299		6.84121e+06		100.051		36.3302		0		0		309.811		
00:00:47:200		6.84119e+06		100.051		36.3305		0		0		309.811		
00:00:47:100		6.84117e+06		100.051		36.3305		0		0		309.811		
00:00:47:000		6.84114e+06		100.051		36.3305		0		0		309.812		
00:00:46:899		6.84112e+06		100.051		36.3308		0		0		309.812		
00:00:46:799		6.8411e+06		100.051		36.3308		0		0		309.812		
00:00:46:700		6.84108e+06		100.052		36.3311		0		0		309.812		
00:00:46:600		6.84106e+06		100.052		36.3311		0		0		309.812		
00:00:46:500		6.84104e+06		100.052		36.3311		0		0		309.812		
00:00:46:399		6.84101e+06		100.052		36.3313		0		0		309.812		
00:00:46:299		6.84099e+06		100.052		36.3313		0		0		309.812		
00:00:46:200		6.84097e+06		100.052		36.3316		0		0		309.812		
00:00:46:100		6.84095e+06		100.052		36.3316		0		0		309.812		
00:00:46:000		6.84092e+06		100.052		36.3316		0		0		309.813		
00:00:45:899		6.8409e+06		100.052		36.3319		0		0		309.813		
00:00:45:799		6.84088e+06		100.052		36.3319		0		0		309.813		
00:00:45:700		6.84086e+06		100.052		36.3322		0		0		309.813		
00:00:45:600		6.84084e+06		100.052		36.3322		0		0		309.813		
00:00:45:500		6.84081e+06		100.052		36.3322		0		0		309.813		
00:00:45:399		6.84079e+06		100.052		36.3325		0		0		309.813		
00:00:45:299		6.84077e+06		100.052		36.3325		0		0		309.813		
00:00:45:200		6.84075e+06		100.052		36.3327		0		0		309.813		
00:00:45:100		6.84073e+06		100.052		36.3327		0		0		309.814		
00:00:44:899		6.84068e+06		100.052		36.333		0		0		309.814		
00:00:44:899		6.84068e+06		100.052		36.333		0		0		309.814		
00:00:44:750		6.84065e+06		100.052		36.333		0		0		309.814		
00:00:44:649		6.84063e+06		100.052		36.3333		0		0		309.814		
00:00:44:549		6.84061e+06		100.052		36.3333		0		0		309.814		
00:00:44:450		6.84058e+06		100.052		36.3336		0		0		309.814		
00:00:44:350		6.84056e+06		100.052		36.3336		0		0		309.814		
00:00:44:299		6.84055e+06		100.052		36.3336		0		0		309.814		
00:00:44:200		6.84053e+06		100.053		36.3339		0		0		309.815		
00:00:44:100		6.84051e+06		100.053		36.3339		0		0		309.815		
00:00:44:000		6.84049e+06		100.053		36.3339		0		0		309.815		
00:00:43:899		6.84046e+06		100.053		36.3341		0		0		309.815		
00:00:43:799		6.84044e+06		100.053		36.3341		0		0		309.815		
00:00:43:700		6.84042e+06		100.053		36.3344		0		0		309.815		
00:00:43:600		6.8404e+06		100.053		36.3344		0		0		309.815		
00:00:43:500		6.84038e+06		100.053		36.3347		0		0		309.815		
00:00:43:350		6.84035e+06		100.053		36.3347		0		0		309.815		
00:00:43:250		6.84032e+06		100.053		36.3347		0		0		309.816		
00:00:43:149		6.8403e+06		100.053		36.335		0		0		309.816		
00:00:43:049		6.84028e+06		100.053		36.335		0		0		309.816		
00:00:42:950		6.84026e+06		100.053		36.3353		0		0		309.816		
00:00:42:850		6.84024e+06		100.053		36.3353		0		0		309.816		
00:00:42:850		6.84024e+06		100.053		36.3353		0		0		309.816		
00:00:42:750		6.84022e+06		100.053		36.3353		0		0		309.816		
00:00:42:649		6.84019e+06		100.053		36.3355		0		0		309.816		
00:00:42:549		6.84017e+06		100.053		36.3355		0		0		309.816		
00:00:42:350		6.84013e+06		100.053		36.3358		0		0		309.817		
00:00:42:350		6.84013e+06		100.053		36.3358		0		0		309.817		
00:00:42:250		6.84011e+06		100.053		36.3358		0		0		309.817		
00:00:42:149		6.84008e+06		100.053		36.3361		0		0		309.817		
00:00:42:049		6.84006e+06		100.053		36.3361		0		0		309.817		
00:00:41:850		6.84002e+06		100.053		36.3364		0		0		309.817		
00:00:41:850		6.84002e+06		100.053		36.3364		0		0		309.817		
00:00:41:750		6.84e+06		100.053		36.3364		0		0		309.817		
00:00:41:649		6.83998e+06		100.053		36.3367		0		0		309.817		
00:00:41:549		6.83996e+06		100.053		36.3367		0		0		309.817		
00:00:41:450		6.83993e+06		100.054		36.337		0		0		309.817		
00:00:41:250		6.83989e+06		100.054		36.337		0		0		309.818		
00:00:41:250		6.83989e+06		100.054		36.337		0		0		309.818		
00:00:41:149		6.83987e+06		100.054		36.3372		0		0		309.818		
00:00:40:950		6.83983e+06		100.054		36.3375		0		0		309.818		
00:00:40:850		6.83981e+06		100.054		36.3375		0		0		309.818		
00:00:40:850		6.83981e+06		100.054		36.3375		0		0		309.818		
00:00:40:750		6.83978e+06		100.054		36.3378		0		0		309.818		
00:00:40:500		6.83973e+06		100.054		36.3378		0		0		309.818		
00:00:40:399		6.83971e+06		100.054		36.3381		0		0		309.819		
00:00:40:399		6.83971e+06		100.054		36.3381		0		0		309.819		
00:00:40:299		6.83969e+06		100.054		36.3381		0		0		309.819		
00:00:40:200		6.83967e+06		100.054		36.3384		0		0		309.819		
00:00:40:100		6.83965e+06		100.054		36.3384		0		0		309.819		
00:00:40:000		6.83963e+06		100.054		36.3384		0		0		309.819		
00:00:39:899		6.8396e+06		100.054		36.3386		0		0		309.819		
00:00:39:799		6.83958e+06		100.054		36.3386		0		0		309.819		
00:00:39:700		6.83956e+06		100.054		36.3389		0		0		309.819		
00:00:39:600		6.83954e+06		100.054		36.3389		0		0		309.819		
00:00:39:500		6.83952e+06		100.054		36.3389		0		0		309.819		
00:00:39:450		6.83951e+06		100.054		36.3392		0		0		309.82		
00:00:39:350		6.83949e+06		100.054		36.3392		0		0		309.82		
00:00:39:250		6.83947e+06		100.054		36.3392		0		0		309.82		
00:00:39:149		6.83945e+06		100.054		36.3395		0		0		309.82		
00:00:38:899		6.83939e+06		100.055		36.3398		0		0		309.82		
00:00:38:899		6.83939e+06		100.055		36.3398		0		0		309.82		
00:00:38:799		6.83937e+06		100.055		36.3398		0		0		309.82		
00:00:38:700		6.83935e+06		100.055		36.3401		0		0		309.82		
00:00:38:600		6.83933e+06		100.055		36.3401		0		0		309.82		
00:00:38:500		6.83931e+06		100.055		36.3401		0		0		309.82		
00:00:38:399		6.83929e+06		100.055		36.3403		0		0		309.821		
00:00:38:299		6.83927e+06		100.055		36.3403		0		0		309.821		
00:00:38:200		6.83925e+06		100.055		36.3406		0		0		309.821		
00:00:38:100		6.83922e+06		100.055		36.3406		0		0		309.821		
00:00:38:000		6.8392e+06		100.055		36.3406		0		0		309.821		
00:00:37:899		6.83918e+06		100.055		36.3409		0		0		309.821		
00:00:37:799		6.83916e+06		100.055		36.3409		0		0		309.821		
00:00:37:700		6.83914e+06		100.055		36.3412		0		0		309.821		
00:00:37:600		6.83912e+06		100.055		36.3412		0		0		309.821		
00:00:37:450		6.83909e+06		100.055		36.3415		0		0		309.821		
00:00:37:399		6.83908e+06		100.055		36.3415		0		0		309.822		
00:00:37:299		6.83906e+06		100.055		36.3415		0		0		309.822		
00:00:37:149		6.83903e+06		100.055		36.3418		0		0		309.822		
00:00:37:049		6.839e+06		100.055		36.3418		0		0		309.822		
00:00:37:000		6.83899e+06		100.055		36.3418		0		0		309.822		
00:00:36:899		6.83897e+06		100.055		36.342		0		0		309.822		
00:00:36:799		6.83895e+06		100.055		36.342		0		0		309.822		
00:00:36:700		6.83893e+06		100.055		36.3423		0		0		309.822		
00:00:36:600		6.83891e+06		100.055		36.3423		0		0		309.822		
00:00:36:500		6.83889e+06		100.055		36.3423		0		0		309.822		
00:00:36:399		6.83887e+06		100.055		36.3426		0		0		309.822		
00:00:36:250		6.83884e+06		100.056		36.3426		0		0		309.823		
00:00:36:149		6.83882e+06		100.056		36.3429		0		0		309.823		
00:00:36:049		6.8388e+06		100.056		36.3429		0		0		309.823		
00:00:35:950		6.83878e+06		100.056		36.3432		0		0		309.823		
00:00:35:850		6.83876e+06		100.056		36.3432		0		0		309.823		
00:00:35:750		6.83874e+06		100.056		36.3432		0		0		309.823		
00:00:35:649		6.83872e+06		100.056		36.3434		0		0		309.823		
00:00:35:649		6.83872e+06		100.056		36.3434		0		0		309.823		
00:00:35:549		6.8387e+06		100.056		36.3434		0		0		309.823		
00:00:35:450		6.83868e+06		100.056		36.3437		0		0		309.823		
00:00:35:350		6.83865e+06		100.056		36.3437		0		0		309.823		
00:00:35:250		6.83863e+06		100.056		36.3437		0		0		309.824		
00:00:35:149		6.83861e+06		100.056		36.344		0		0		309.824		
00:00:35:049		6.83859e+06		100.056		36.344		0		0		309.824		
00:00:34:899		6.83856e+06		100.056		36.3443		0		0		309.824		
00:00:34:750		6.83853e+06		100.056		36.3443		0		0		309.824		
00:00:34:750		6.83853e+06		100.056		36.3443		0		0		309.824		
00:00:34:549		6.83849e+06		100.056		36.3446		0		0		309.824		
00:00:34:450		6.83847e+06		100.056		36.3449		0		0		309.824		
00:00:34:350		6.83845e+06		100.056		36.3449		0		0		309.824		
00:00:34:250		6.83843e+06		100.056		36.3449		0		0		309.824		
00:00:34:149		6.83841e+06		100.056		36.3451		0		0		309.824		
00:00:34:149		6.83841e+06		100.056		36.3451		0		0		309.824		
00:00:34:049		6.83839e+06		100.056		36.3451		0		0		309.825		
00:00:33:850		6.83835e+06		100.056		36.3454		0		0		309.825		
00:00:33:850		6.83835e+06		100.056		36.3454		0		0		309.825		
00:00:33:750		6.83833e+06		100.056		36.3454		0		0		309.825		
00:00:33:649		6.83831e+06		100.056		36.3457		0		0		309.825		
00:00:33:549		6.83829e+06		100.056		36.3457		0		0		309.825		
00:00:33:450		6.83827e+06		100.057		36.346		0		0		309.825		
00:00:33:350		6.83824e+06		100.057		36.346		0		0		309.825		
00:00:33:250		6.83822e+06		100.057		36.346		0		0		309.825		
00:00:33:100		6.8382e+06		100.057		36.3463		0		0		309.825		
00:00:32:950		6.83816e+06		100.057		36.3466		0		0		309.826		
00:00:32:799		6.83814e+06		100.057		36.3466		0		0		309.826		
00:00:32:799		6.83814e+06		100.057		36.3466		0		0		309.826		
00:00:32:700		6.83812e+06		100.057		36.3468		0		0		309.826		
00:00:32:600		6.83809e+06		100.057		36.3468		0		0		309.826		
00:00:32:500		6.83807e+06		100.057		36.3468		0		0		309.826		
00:00:32:450		6.83806e+06		100.057		36.3471		0		0		309.826		
00:00:32:350		6.83804e+06		100.057		36.3471		0		0		309.826		
00:00:32:250		6.83802e+06		100.057		36.3471		0		0		309.826		
00:00:32:149		6.838e+06		100.057		36.3474		0		0		309.826		
00:00:31:899		6.83795e+06		100.057		36.3477		0		0		309.826		
00:00:31:800		6.83794e+06		100.057		36.3477		0		0		309.826		
00:00:31:800		6.83794e+06		100.057		36.3477		0		0		309.826		
00:00:31:699		6.83791e+06		100.057		36.348		0		0		309.827		
00:00:31:600		6.8379e+06		100.057		36.348		0		0		309.827		
00:00:31:500		6.83787e+06		100.057		36.348		0		0		309.827		
00:00:31:399		6.83786e+06		100.057		36.3483		0		0		309.827		
00:00:31:300		6.83783e+06		100.057		36.3483		0		0		309.827		
00:00:31:199		6.83782e+06		100.057		36.3485		0		0		309.827		
00:00:31:100		6.8378e+06		100.057		36.3485		0		0		309.827		
00:00:31:000		6.83777e+06		100.058		36.3485		0		0		309.827		
00:00:30:899		6.83776e+06		100.058		36.3488		0		0		309.827		
00:00:30:800		6.83773e+06		100.058		36.3488		0		0		309.827		
00:00:30:699		6.83771e+06		100.058		36.3491		0		0		309.827		
00:00:30:600		6.8377e+06		100.058		36.3491		0		0		309.827		
00:00:30:500		6.83767e+06		100.058		36.3491		0		0		309.827		
00:00:30:399		6.83766e+06		100.058		36.3494		0		0		309.828		
00:00:30:300		6.83764e+06		100.058		36.3494		0		0		309.828		
00:00:30:199		6.83762e+06		100.058		36.3497		0		0		309.828		
00:00:30:100		6.8376e+06		100.058		36.3497		0		0		309.828		
00:00:30:000		6.83758e+06		100.058		36.3497		0		0		309.828		
00:00:29:899		6.83756e+06		100.058		36.3499		0		0		309.828		
00:00:29:800		6.83754e+06		100.058		36.3499		0		0		309.828		
00:00:29:699		6.83752e+06		100.058		36.3502		0		0		309.828		
00:00:29:600		6.8375e+06		100.058		36.3502		0		0		309.828		
00:00:29:500		6.83748e+06		100.058		36.3502		0		0		309.828		
00:00:29:399		6.83746e+06		100.058		36.3505		0		0		309.828		
00:00:29:300		6.83744e+06		100.058		36.3505		0		0		309.828		
00:00:29:199		6.83742e+06		100.058		36.3508		0		0		309.828		
00:00:29:100		6.8374e+06		100.058		36.3508		0		0		309.828		
00:00:28:949		6.83737e+06		100.058		36.3511		0		0		309.829		
00:00:28:850		6.83735e+06		100.058		36.3511		0		0		309.829		
00:00:28:750		6.83733e+06		100.058		36.3511		0		0		309.829		
00:00:28:699		6.83732e+06		100.058		36.3514		0		0		309.829		
00:00:28:550		6.83729e+06		100.058		36.3514		0		0		309.829		
00:00:28:449		6.83727e+06		100.058		36.3517		0		0		309.829		
00:00:28:350		6.83725e+06		100.058		36.3517		0		0		309.829		
00:00:28:250		6.83724e+06		100.059		36.3517		0		0		309.829		
00:00:28:149		6.83722e+06		100.059		36.3519		0		0		309.829		
00:00:28:149		6.83722e+06		100.059		36.3519		0		0		309.829		
00:00:27:949		6.83718e+06		100.059		36.3522		0		0		309.829		
00:00:27:850		6.83716e+06		100.059		36.3522		0		0		309.829		
00:00:27:850		6.83716e+06		100.059		36.3522		0		0		309.829		
00:00:27:750		6.83714e+06		100.059		36.3522		0		0		309.829		
00:00:27:649		6.83712e+06		100.059		36.3525		0		0		309.829		
00:00:27:550		6.8371e+06		100.059		36.3525		0		0		309.829		
00:00:27:350		6.83706e+06		100.059		36.3528		0		0		309.83		
00:00:27:250		6.83704e+06		100.059		36.3528		0		0		309.83		
00:00:27:149		6.83703e+06		100.059		36.3531		0		0		309.83		
00:00:27:149		6.83703e+06		100.059		36.3531		0		0		309.83		
00:00:27:050		6.83701e+06		100.059		36.3531		0		0		309.83		
00:00:26:850		6.83697e+06		100.059		36.3533		0		0		309.83		
00:00:26:850		6.83697e+06		100.059		36.3533		0		0		309.83		
00:00:26:750		6.83695e+06		100.059		36.3533		0		0		309.83		
00:00:26:649		6.83693e+06		100.059		36.3536		0		0		309.83		
00:00:26:550		6.83691e+06		100.059		36.3536		0		0		309.83		
00:00:26:350		6.83687e+06		100.059		36.3539		0		0		309.83		
00:00:26:350		6.83687e+06		100.059		36.3539		0		0		309.83		
00:00:26:199		6.83685e+06		100.059		36.3542		0		0		309.83		
00:00:26:100		6.83683e+06		100.059		36.3542		0		0		309.83		
00:00:26:000		6.83681e+06		100.059		36.3542		0		0		309.83		
00:00:25:850		6.83678e+06		100.059		36.3545		0		0		309.83		
00:00:25:850		6.83678e+06		100.059		36.3545		0		0		309.83		
00:00:25:750		6.83676e+06		100.059		36.3548		0		0		309.831		
00:00:25:600		6.83673e+06		100.059		36.3548		0		0		309.831		
00:00:25:500		6.83672e+06		100.06		36.3548		0		0		309.831		
00:00:25:300		6.83668e+06		100.06		36.355		0		0		309.831		
00:00:25:300		6.83668e+06		100.06		36.355		0		0		309.831		
00:00:25:199		6.83666e+06		100.06		36.3553		0		0		309.831		
00:00:25:100		6.83664e+06		100.06		36.3553		0		0		309.831		
00:00:24:899		6.8366e+06		100.06		36.3556		0		0		309.831		
00:00:24:800		6.83658e+06		100.06		36.3556		0		0		309.831		
00:00:24:800		6.83658e+06		100.06		36.3556		0		0		309.831		
00:00:24:699		6.83657e+06		100.06		36.3559		0		0		309.831		
00:00:24:600		6.83655e+06		100.06		36.3559		0		0		309.831		
00:00:24:500		6.83653e+06		100.06		36.3559		0		0		309.831		
00:00:24:399		6.83651e+06		100.06		36.3562		0		0		309.831		
00:00:24:300		6.83649e+06		100.06		36.3562		0		0		309.831		
00:00:24:199		6.83647e+06		100.06		36.3565		0		0		309.831		
00:00:24:100		6.83646e+06		100.06		36.3565		0		0		309.831		
00:00:24:000		6.83644e+06		100.06		36.3565		0		0		309.831		
00:00:23:899		6.83642e+06		100.06		36.3568		0		0		309.831		
00:00:23:800		6.8364e+06		100.06		36.3568		0		0		309.831		
00:00:23:699		6.83638e+06		100.06		36.357		0		0		309.832		
00:00:23:600		6.83636e+06		100.06		36.357		0		0		309.832		
00:00:23:500		6.83635e+06		100.06		36.357		0		0		309.832		
00:00:23:399		6.83633e+06		100.06		36.3573		0		0		309.832		
00:00:23:300		6.83631e+06		100.06		36.3573		0		0		309.832		
00:00:23:199		6.83629e+06		100.06		36.3576		0		0		309.832		
00:00:23:100		6.83628e+06		100.06		36.3576		0		0		309.832		
00:00:23:000		6.83626e+06		100.061		36.3579		0		0		309.832		
00:00:22:899		6.83624e+06		100.061		36.3579		0		0		309.832		
00:00:22:750		6.83621e+06		100.061		36.3579		0		0		309.832		
00:00:22:649		6.83619e+06		100.061		36.3582		0		0		309.832		
00:00:22:600		6.83618e+06		100.061		36.3582		0		0		309.832		
00:00:22:449		6.83616e+06		100.061		36.3585		0		0		309.832		
00:00:22:350		6.83614e+06		100.061		36.3585		0		0		309.832		
00:00:22:350		6.83614e+06		100.061		36.3585		0		0		309.832		
00:00:22:149		6.8361e+06		100.061		36.3587		0		0		309.832		
00:00:22:149		6.8361e+06		100.061		36.3587		0		0		309.832		
00:00:22:050		6.83608e+06		100.061		36.3587		0		0		309.832		
00:00:21:850		6.83605e+06		100.061		36.359		0		0		309.832		
00:00:21:750		6.83603e+06		100.061		36.359		0		0		309.832		
00:00:21:649		6.83601e+06		100.061		36.3593		0		0		309.832		
00:00:21:550		6.836e+06		100.061		36.3593		0		0		309.833		
00:00:21:550		6.836e+06		100.061		36.3593		0		0		309.833		
00:00:21:449		6.83598e+06		100.061		36.3596		0		0		309.833		
00:00:21:250		6.83594e+06		100.061		36.3596		0		0		309.833		
00:00:21:250		6.83594e+06		100.061		36.3596		0		0		309.833		
00:00:21:149		6.83592e+06		100.061		36.3599		0		0		309.833		
00:00:21:050		6.8359e+06		100.061		36.3599		0		0		309.833		
00:00:20:850		6.83587e+06		100.061		36.3602		0		0		309.833		
00:00:20:850		6.83587e+06		100.061		36.3602		0		0		309.833		
00:00:20:600		6.83582e+06		100.061		36.3605		0		0		309.833		
00:00:20:600		6.83582e+06		100.061		36.3605		0		0		309.833		
00:00:20:550		6.83581e+06		100.061		36.3605		0		0		309.833		
00:00:20:449		6.8358e+06		100.061		36.3607		0		0		309.833		
00:00:20:350		6.83578e+06		100.061		36.3607		0		0		309.834		
00:00:20:250		6.83576e+06		100.062		36.3607		0		0		309.834		
00:00:20:149		6.83574e+06		100.062		36.361		0		0		309.834		
00:00:20:050		6.83572e+06		100.062		36.361		0		0		309.834		
00:00:19:800		6.83568e+06		100.062		36.3613		0		0		309.834		
00:00:19:800		6.83568e+06		100.062		36.3613		0		0		309.834		
00:00:19:699		6.83566e+06		100.062		36.3616		0		0		309.834		
00:00:19:600		6.83564e+06		100.062		36.3616		0		0		309.834		
00:00:19:399		6.83561e+06		100.062		36.3619		0		0		309.834		
00:00:19:399		6.83561e+06		100.062		36.3619		0		0		309.834		
00:00:19:300		6.83559e+06		100.062		36.3619		0		0		309.834		
00:00:19:199		6.83557e+06		100.062		36.3622		0		0		309.834		
00:00:19:100		6.83555e+06		100.062		36.3622		0		0		309.835		
00:00:18:899		6.83551e+06		100.062		36.3625		0		0		309.835		
00:00:18:800		6.83549e+06		100.062		36.3625		0		0		309.835		
00:00:18:800		6.83549e+06		100.062		36.3625		0		0		309.835		
00:00:18:699		6.83548e+06		100.062		36.3627		0		0		309.835		
00:00:18:600		6.83546e+06		100.062		36.3627		0		0		309.835		
00:00:18:500		6.83544e+06		100.062		36.3627		0		0		309.835		
00:00:18:399		6.83542e+06		100.062		36.363		0		0		309.835		
00:00:18:300		6.8354e+06		100.062		36.363		0		0		309.835		
00:00:18:199		6.83539e+06		100.062		36.3633		0		0		309.835		
00:00:18:100		6.83537e+06		100.062		36.3633		0		0		309.835		
00:00:17:949		6.83534e+06		100.062		36.3636		0		0		309.835		
00:00:17:850		6.83532e+06		100.062		36.3636		0		0		309.835		
00:00:17:750		6.8353e+06		100.062		36.3636		0		0		309.836		
00:00:17:699		6.83529e+06		100.062		36.3639		0		0		309.836		
00:00:17:600		6.83527e+06		100.062		36.3639		0		0		309.836		
00:00:17:500		6.83526e+06		100.063		36.3639		0		0		309.836		
00:00:17:399		6.83524e+06		100.063		36.3642		0		0		309.836		
00:00:17:300		6.83522e+06		100.063		36.3642		0		0		309.836		
00:00:17:199		6.8352e+06		100.063		36.3644		0		0		309.836		
00:00:17:100		6.83518e+06		100.063		36.3644		0		0		309.836		
00:00:17:000		6.83516e+06		100.063		36.3647		0		0		309.836		
00:00:16:850		6.83513e+06		100.063		36.3647		0		0		309.836		
00:00:16:750		6.83511e+06		100.063		36.3647		0		0		309.836		
00:00:16:649		6.83509e+06		100.063		36.365		0		0		309.836		
00:00:16:550		6.83507e+06		100.063		36.365		0		0		309.836		
00:00:16:550		6.83507e+06		100.063		36.365		0		0		309.836		
00:00:16:449		6.83506e+06		100.063		36.3653		0		0		309.836		
00:00:16:350		6.83504e+06		100.063		36.3653		0		0		309.837		
00:00:16:250		6.83502e+06		100.063		36.3653		0		0		309.837		
00:00:16:149		6.835e+06		100.063		36.3656		0		0		309.837		
00:00:16:050		6.83498e+06		100.063		36.3656		0		0		309.837		
00:00:15:849		6.83494e+06		100.063		36.3659		0		0		309.837		
00:00:15:849		6.83494e+06		100.063		36.3659		0		0		309.837		
00:00:15:650		6.8349e+06		100.063		36.3662		0		0		309.837		
00:00:15:650		6.8349e+06		100.063		36.3662		0		0		309.837		
00:00:15:550		6.83488e+06		100.063		36.3662		0		0		309.837		
00:00:15:449		6.83487e+06		100.063		36.3664		0		0		309.837		
00:00:15:349		6.83484e+06		100.063		36.3664		0		0		309.837		
00:00:15:199		6.83482e+06		100.063		36.3667		0		0		309.837		
00:00:15:099		6.8348e+06		100.063		36.3667		0		0		309.837		
00:00:14:949		6.83476e+06		100.063		36.367		0		0		309.837		
00:00:14:849		6.83475e+06		100.063		36.367		0		0		309.837		
00:00:14:750		6.83473e+06		100.064		36.367		0		0		309.838		
00:00:14:750		6.83473e+06		100.064		36.367		0		0		309.838		
00:00:14:550		6.83469e+06		100.064		36.3673		0		0		309.838		
00:00:14:550		6.83469e+06		100.064		36.3673		0		0		309.838		
00:00:14:449		6.83467e+06		100.064		36.3676		0		0		309.838		
00:00:14:349		6.83465e+06		100.064		36.3676		0		0		309.838		
00:00:14:250		6.83463e+06		100.064		36.3676		0		0		309.838		
00:00:14:150		6.83461e+06		100.064		36.3679		0		0		309.838		
00:00:14:050		6.83459e+06		100.064		36.3679		0		0		309.838		
00:00:13:800		6.83454e+06		100.064		36.3681		0		0		309.838		
00:00:13:800		6.83454e+06		100.064		36.3681		0		0		309.838		
00:00:13:699		6.83452e+06		100.064		36.3684		0		0		309.838		
00:00:13:599		6.8345e+06		100.064		36.3684		0		0		309.838		
00:00:13:500		6.83448e+06		100.064		36.3684		0		0		309.838		
00:00:13:400		6.83446e+06		100.064		36.3687		0		0		309.838		
00:00:13:300		6.83444e+06		100.064		36.3687		0		0		309.838		
00:00:13:199		6.83442e+06		100.064		36.369		0		0		309.838		
00:00:13:099		6.8344e+06		100.064		36.369		0		0		309.838		
00:00:12:900		6.83436e+06		100.064		36.3693		0		0		309.838		
00:00:12:800		6.83434e+06		100.064		36.3693		0		0		309.838		
00:00:12:800		6.83434e+06		100.064		36.3693		0		0		309.838		
00:00:12:699		6.83432e+06		100.064		36.3695		0		0		309.838		
00:00:12:599		6.8343e+06		100.064		36.3695		0		0		309.838		
00:00:12:449		6.83427e+06		100.064		36.3698		0		0		309.838		
00:00:12:349		6.83425e+06		100.064		36.3698		0		0		309.838		
00:00:12:250		6.83423e+06		100.065		36.3698		0		0		309.838		
00:00:12:150		6.83421e+06		100.065		36.3701		0		0		309.838		
00:00:12:050		6.83419e+06		100.065		36.3701		0		0		309.838		
00:00:11:949		6.83417e+06		100.065		36.3704		0		0		309.838		
00:00:11:900		6.83416e+06		100.065		36.3704		0		0		309.838		
00:00:11:800		6.83414e+06		100.065		36.3704		0		0		309.838		
00:00:11:699		6.83412e+06		100.065		36.3707		0		0		309.838		
00:00:11:599		6.8341e+06		100.065		36.3707		0		0		309.838		
00:00:11:500		6.83408e+06		100.065		36.3707		0		0		309.838		
00:00:11:400		6.83406e+06		100.065		36.371		0		0		309.838		
00:00:11:250		6.83403e+06		100.065		36.371		0		0		309.838		
00:00:11:150		6.83400e+06		100.065		36.3712		0		0		309.838		
00:00:11:050		6.83398e+06		100.065		36.3712		0		0		309.838		
00:00:10:949		6.83397e+06		100.065		36.3715		0		0		309.838		
00:00:10:849		6.83394e+06		100.065		36.3715		0		0		309.838		
00:00:10:750		6.83392e+06		100.065		36.3715		0		0		309.838		
00:00:10:650		6.83392e+06		100.065		36.3715		0		0		309.838		
00:00:10:650		6.8339e+06		100.065		36.3718		0		0		309.838		
00:00:10:550		6.83388e+06		100.065		36.3718		0		0		309.838		
00:00:10:449		6.83386e+06		100.065		36.3721		0		0		309.838		
00:00:10:349		6.83384e+06		100.065		36.3721		0		0		309.838		
00:00:10:250		6.83382e+06		100.065		36.3721		0		0		309.838		
00:00:10:150		6.8338e+06		100.065		36.3724		0		0		309.838		
00:00:09:949		6.83375e+06		100.065		36.3727		0		0		309.838		
00:00:09:849		6.83373e+06		100.065		36.3727		0		0		309.838		
00:00:09:750		6.83371e+06		100.065		36.3729		0		0		309.838		
00:00:09:750		6.83371e+06		100.065		36.3729		0		0		309.838		
00:00:09:599		6.83368e+06		100.065		36.3729		0		0		309.838		
00:00:09:500		6.83366e+06		100.066		36.3729		0		0		309.838		
00:00:09:400		6.83364e+06		100.066		36.3732		0		0		309.838		
00:00:09:300		6.83361e+06		100.066		36.3732		0		0		309.838		
00:00:09:199		6.83359e+06		100.066		36.3735		0		0		309.838		
00:00:09:099		6.83357e+06		100.066		36.3735		0		0		309.838		
00:00:08:900		6.83352e+06		100.066		36.3738		0		0		309.837		
00:00:08:800		6.8335e+06		100.066		36.3738		0		0		309.837		
00:00:08:800		6.8335e+06		100.066		36.3738		0		0		309.837		
00:00:08:699		6.83348e+06		100.066		36.3741		0		0		309.837		
00:00:08:599		6.83345e+06		100.066		36.3741		0		0		309.837		
00:00:08:500		6.83343e+06		100.066		36.3741		0		0		309.837		
00:00:08:400		6.83341e+06		100.066		36.3744		0		0		309.837		
00:00:08:300		6.83338e+06		100.066		36.3744		0		0		309.837		
00:00:08:199		6.83336e+06		100.066		36.3746		0		0		309.837		
00:00:08:099		6.83334e+06		100.066		36.3746		0		0		309.837		
00:00:08:000		6.83331e+06		100.066		36.3746		0		0		309.837		
00:00:07:799		6.83326e+06		100.066		36.3749		0		0		309.837		
00:00:07:799		6.83326e+06		100.066		36.3749		0		0		309.837		
00:00:07:700		6.83324e+06		100.066		36.3752		0		0		309.837		
00:00:07:599		6.83322e+06		100.066		36.3752		0		0		309.837		
00:00:07:500		6.83319e+06		100.066		36.3752		0		0		309.837		
00:00:07:400		6.83317e+06		100.066		36.3755		0		0		309.837		
00:00:07:299		6.83314e+06		100.066		36.3755		0		0		309.837		
00:00:07:200		6.83312e+06		100.066		36.3758		0		0		309.837		
00:00:07:099		6.83309e+06		100.066		36.3758		0		0		309.837		
00:00:06:900		6.83304e+06		100.066		36.376		0		0		309.837		
00:00:06:799		6.83301e+06		100.066		36.376		0		0		309.837		
00:00:06:799		6.83301e+06		100.066		36.376		0		0		309.837		
00:00:06:650		6.83298e+06		100.067		36.3763		0		0		309.837		
00:00:06:549		6.83295e+06		100.067		36.3763		0		0		309.837		
00:00:06:450		6.83292e+06		100.067		36.3766		0		0		309.837		
00:00:06:349		6.83289e+06		100.067		36.3766		0		0		309.837		
00:00:06:250		6.83287e+06		100.067		36.3766		0		0		309.837		
00:00:06:250		6.83287e+06		100.067		36.3766		0		0		309.837		
00:00:06:099		6.83282e+06		100.067		36.3769		0		0		309.837		
00:00:06:000		6.8328e+06		100.067		36.3769		0		0		309.837		
00:00:05:900		6.83277e+06		100.067		36.3772		0		0		309.837		
00:00:05:750		6.83273e+06		100.067		36.3772		0		0		309.837		
00:00:05:650		6.8327e+06		100.067		36.3775		0		0		309.837		
00:00:05:549		6.83267e+06		100.067		36.3775		0		0		309.838		
00:00:05:450		6.83264e+06		100.067		36.3777		0		0		309.838		
00:00:05:349		6.83261e+06		100.067		36.3777		0		0		309.838		
00:00:05:250		6.83258e+06		100.067		36.3777		0		0		309.838		
00:00:05:250		6.83258e+06		100.067		36.3777		0		0		309.838		
00:00:05:150		6.83255e+06		100.067		36.378		0		0		309.838		
00:00:04:950		6.8325e+06		100.067		36.3783		0		0		309.838		
00:00:04:849		6.83246e+06		100.067		36.3783		0		0		309.838		
00:00:04:750		6.83243e+06		100.067		36.3783		0		0		309.839		
00:00:04:750		6.83243e+06		100.067		36.3783		0		0		309.839		
00:00:04:650		6.8324e+06		100.067		36.3786		0		0		309.839		
00:00:04:549		6.83237e+06		100.067		36.3786		0		0		309.839		
00:00:04:450		6.83234e+06		100.067		36.3789		0		0		309.839		
00:00:04:349		6.83231e+06		100.067		36.3789		0		0		309.839		
00:00:04:150		6.83225e+06		100.068		36.3792		0		0		309.84		
00:00:04:150		6.83225e+06		100.068		36.3792		0		0		309.84		
00:00:04:049		6.83222e+06		100.068		36.3792		0		0		309.84		
00:00:03:850		6.83216e+06		100.068		36.3794		0		0		309.84		
00:00:03:850		6.83216e+06		100.068		36.3794		0		0		309.84		
00:00:03:750		6.83212e+06		100.068		36.3794		0		0		309.84		
00:00:03:649		6.8321e+06		100.068		36.3797		0		0		309.841		
00:00:03:500		6.83205e+06		100.068		36.3797		0		0		309.841		
00:00:03:399		6.83202e+06		100.068		36.38		0		0		309.841		
00:00:03:350		6.832e+06		100.068		36.38		0		0		309.841		
00:00:03:250		6.83197e+06		100.068		36.38		0		0		309.842		
00:00:03:100		6.83192e+06		100.068		36.3803		0		0		309.842		
00:00:03:000		6.83189e+06		100.068		36.3803		0		0		309.843		
00:00:02:799		6.83183e+06		100.068		36.3806		0		0		309.844		
00:00:02:799		6.83183e+06		100.068		36.3806		0		0		309.844		
00:00:02:700		6.83179e+06		100.068		36.3808		0		0		309.844		
00:00:02:600		6.83176e+06		100.068		36.3808		0		0		309.844		
00:00:02:500		6.83173e+06		100.068		36.3808		0		0		309.844		
00:00:02:399		6.8317e+06		100.068		36.3811		0		0		309.844		
00:00:02:299		6.83167e+06		100.068		36.3811		0		0		309.844		
00:00:02:200		6.83164e+06		100.068		36.3814		0		0		309.844		
00:00:02:100		6.83161e+06		100.068		36.3814		0		0		309.845		
00:00:02:000		6.83158e+06		100.068		36.3814		0		0		309.845		
00:00:01:800		6.83152e+06		100.068		36.3817		0		0		309.848		
00:00:01:800		6.83152e+06		100.068		36.3817		0		0		309.848		
00:00:01:649		6.83148e+06		100.068		36.382		0		0		309.85		
00:00:01:600		6.83146e+06		100.068		36.382		0		0		309.85		
00:00:01:500		6.83143e+06		100.069		36.382		0		0		309.85		
00:00:01:399		6.8314e+06		100.069		36.3823		0		0		309.85		
00:00:01:300		6.83137e+06		100.069		36.3823		0		0		309.849		
00:00:01:199		6.83134e+06		100.069		36.3825		0		0		309.847		
00:00:01:100		6.83131e+06		100.069		36.3825		0		0		309.844		
00:00:00:849		6.83124e+06		100.069		36.3828		0		0		309.839		
00:00:00:750		6.83121e+06		100.069		36.3828		0		0		309.839		
00:00:00:750		6.83121e+06		100.069		36.3828		0		0		309.839		
00:00:00:650		6.83119e+06		100.069		36.3831		0		0		309.84		
00:00:00:550		6.83118e+06		100.069		36.3831		0		0		309.842		
00:00:00:450		6.83117e+06		100.069		36.3834		0		0		309.846		
00:00:00:349		6.83117e+06		100.069		36.3834		0		0		309.846		
00:00:00:250		6.83116e+06		100.069		36.3834		0		0		309.846		
00:00:00:149		6.83116e+06		100.069		36.3837		0		0		309.846		
00:00:00:050		6.83115e+06		100.069		36.3837		0		0		309.846		
00:00:00:050		6.83115e+06		100.069		36.3837		0		0		309.846		
00:00:00:000		6.83115e+06		100.069		36.3837		0		0		309.846		
00:00:00:000		6.83115e+06		100.069		36.3837		0		0		309.846		
00:00:00:000		6.83115e+06		100.069		36.3837		0		0		309.846		
00:00:00:000		6.83115e+06		100.069		36.3837		0		0		309.846		
00:00:00:000		6.83115e+06		100.069		36.3837		0		0		309.846		
