	time 		rcpppzr	rcp054rcp007mnzoyout	rcv501std0102fvol	fwfrcp001gv	rcppmssga	msfsg(1)	
00:01:15:599		1.51453e+07		-0.504237		6.10607		508.904		6.98151e+06		531.21		
00:01:15:599		1.51453e+07		-0.504237		6.10607		508.904		6.98151e+06		531.21		
00:01:15:500		1.51456e+07		-0.50338		6.10336		508.904		6.9815e+06		531.208		
00:01:15:299		1.51463e+07		-0.501667		6.09793		508.906		6.98147e+06		531.207		
00:01:15:200		1.51466e+07		-0.50081		6.09522		508.906		6.98146e+06		531.206		
00:01:15:200		1.51466e+07		-0.50081		6.09522		508.906		6.98146e+06		531.206		
00:01:15:099		1.5147e+07		-0.499953		6.09249		508.908		6.98144e+06		531.206		
00:01:15:000		1.51473e+07		-0.499096		6.08974		508.908		6.98143e+06		531.205		
00:01:14:900		1.51477e+07		-0.498239		6.08696		508.909		6.98141e+06		531.203		
00:01:14:799		1.5148e+07		-0.497382		6.08424		508.909		6.9814e+06		531.202		
00:01:14:650		1.51485e+07		-0.496095		6.08008		508.911		6.98138e+06		531.202		
00:01:14:599		1.51489e+07		-0.495238		6.07731		508.913		6.98137e+06		531.201		
00:01:14:500		1.51491e+07		-0.494809		6.07591		508.913		6.98136e+06		531.2		
00:01:14:349		1.51496e+07		-0.493522		6.07172		508.915		6.98134e+06		531.192		
00:01:14:250		1.51499e+07		-0.492664		6.06887		508.917		6.98132e+06		531.198		
00:01:14:150		1.51503e+07		-0.491807		6.06608		508.919		6.98131e+06		531.196		
00:01:14:049		1.51506e+07		-0.490948		6.06328		508.919		6.9813e+06		531.195		
00:01:13:950		1.5151e+07		-0.490089		6.06046		508.921		6.98128e+06		531.194		
00:01:13:849		1.51513e+07		-0.489231		6.05762		508.923		6.98127e+06		531.191		
00:01:13:750		1.51517e+07		-0.488372		6.05471		508.925		6.98125e+06		531.187		
00:01:13:650		1.5152e+07		-0.487514		6.05183		508.927		6.98124e+06		531.191		
00:01:13:549		1.51524e+07		-0.486655		6.049		508.929		6.98122e+06		531.188		
00:01:13:450		1.51527e+07		-0.485796		6.04618		508.931		6.98121e+06		531.176		
00:01:13:349		1.51531e+07		-0.484937		6.04332		508.932		6.9812e+06		531.188		
00:01:13:250		1.51534e+07		-0.484077		6.04042		508.934		6.98118e+06		531.186		
00:01:13:150		1.51538e+07		-0.483219		6.03752		508.936		6.98117e+06		531.186		
00:01:13:049		1.51541e+07		-0.482359		6.03463		508.94		6.98115e+06		531.186		
00:01:12:950		1.51544e+07		-0.481499		6.03173		508.942		6.98114e+06		531.185		
00:01:12:849		1.51548e+07		-0.480639		6.02886		508.944		6.98112e+06		531.185		
00:01:12:750		1.51551e+07		-0.47978		6.02593		508.946		6.98111e+06		531.183		
00:01:12:650		1.51555e+07		-0.47892		6.02297		508.95		6.98109e+06		531.182		
00:01:12:549		1.51558e+07		-0.47806		6.01999		508.952		6.98108e+06		531.182		
00:01:12:450		1.51562e+07		-0.4772		6.01703		508.954		6.98106e+06		531.18		
00:01:12:349		1.51565e+07		-0.47634		6.01407		508.957		6.98105e+06		531.18		
00:01:12:250		1.51569e+07		-0.475479		6.01113		508.959		6.98104e+06		531.179		
00:01:12:150		1.51572e+07		-0.474618		6.00812		508.963		6.98102e+06		531.177		
00:01:12:150		1.51572e+07		-0.474618		6.00812		508.963		6.98102e+06		531.177		
00:01:12:049		1.51576e+07		-0.473758		6.00514		508.967		6.98101e+06		531.176		
00:01:11:950		1.51579e+07		-0.472897		6.00212		508.971		6.98099e+06		531.174		
00:01:11:849		1.51583e+07		-0.472036		5.99908		508.973		6.98098e+06		531.173		
00:01:11:599		1.51591e+07		-0.469883		5.99151		508.982		6.98094e+06		531.17		
00:01:11:599		1.51591e+07		-0.469883		5.99151		508.982		6.98094e+06		531.17		
00:01:11:500		1.51595e+07		-0.469022		5.98846		508.986		6.98092e+06		531.168		
00:01:11:349		1.516e+07		-0.46773		5.98386		508.992		6.9809e+06		531.165		
00:01:11:250		1.51604e+07		-0.466868		5.98076		508.996		6.98088e+06		531.164		
00:01:11:150		1.51607e+07		-0.466006		5.97771		509		6.98087e+06		531.161		
00:01:11:049		1.51611e+07		-0.465144		5.97463		509.001		6.98085e+06		531.164		
00:01:10:950		1.51614e+07		-0.464282		5.97154		509.009		6.98084e+06		531.162		
00:01:10:849		1.51618e+07		-0.463419		5.96843		509.013		6.98082e+06		531.167		
00:01:10:750		1.51621e+07		-0.462557		5.96531		509.017		6.98081e+06		531.153		
00:01:10:650		1.51625e+07		-0.461694		5.96218		509.019		6.98079e+06		531.166		
00:01:10:650		1.51625e+07		-0.461694		5.96218		509.019		6.98079e+06		531.166		
00:01:10:500		1.5163e+07		-0.460399		5.95748		509.024		6.98077e+06		531.156		
00:01:10:400		1.51633e+07		-0.459536		5.95434		509.03		6.98075e+06		531.161		
00:01:10:200		1.5164e+07		-0.457809		5.94799		509.04		6.98072e+06		531.153		
00:01:10:200		1.5164e+07		-0.457809		5.94799		509.04		6.98072e+06		531.153		
00:01:10:000		1.51647e+07		-0.456082		5.94163		509.049		6.98069e+06		531.151		
00:01:10:000		1.51647e+07		-0.456082		5.94163		509.049		6.98069e+06		531.151		
00:01:09:900		1.51651e+07		-0.455218		5.93846		509.055		6.98067e+06		531.149		
00:01:09:700		1.51658e+07		-0.45349		5.93205		509.067		6.98064e+06		531.149		
00:01:09:700		1.51658e+07		-0.45349		5.93205		509.067		6.98064e+06		531.149		
00:01:09:599		1.51661e+07		-0.452626		5.92881		509.07		6.98063e+06		531.147		
00:01:09:500		1.51665e+07		-0.451762		5.92558		509.076		6.98061e+06		531.145		
00:01:09:299		1.51672e+07		-0.450032		5.91911		509.088		6.98058e+06		531.141		
00:01:09:200		1.51675e+07		-0.449167		5.91587		509.093		6.98056e+06		531.133		
00:01:09:200		1.51675e+07		-0.449167		5.91587		509.093		6.98056e+06		531.133		
00:01:09:099		1.51679e+07		-0.448303		5.91258		509.099		6.98054e+06		531.141		
00:01:09:000		1.51682e+07		-0.447437		5.90932		509.105		6.98053e+06		531.14		
00:01:08:900		1.51686e+07		-0.446572		5.90603		509.111		6.98051e+06		531.137		
00:01:08:799		1.51689e+07		-0.445706		5.9027		509.116		6.9805e+06		531.144		
00:01:08:650		1.51695e+07		-0.444408		5.89771		509.126		6.98047e+06		531.132		
00:01:08:549		1.51698e+07		-0.443542		5.89442		509.13		6.98046e+06		531.133		
00:01:08:450		1.51702e+07		-0.442676		5.89106		509.138		6.98044e+06		531.13		
00:01:08:349		1.51705e+07		-0.44181		5.8877		509.143		6.98042e+06		531.13		
00:01:08:250		1.51709e+07		-0.440944		5.88432		509.149		6.98041e+06		531.13		
00:01:08:150		1.51712e+07		-0.440077		5.88095		509.155		6.98039e+06		531.127		
00:01:08:049		1.51716e+07		-0.439211		5.87757		509.162		6.98037e+06		531.123		
00:01:07:950		1.51719e+07		-0.438344		5.87417		509.168		6.98036e+06		531.147		
00:01:07:849		1.51723e+07		-0.437477		5.87076		509.176		6.98034e+06		531.127		
00:01:07:750		1.51726e+07		-0.43661		5.86734		509.183		6.98032e+06		531.126		
00:01:07:650		1.5173e+07		-0.435743		5.86396		509.191		6.98031e+06		531.124		
00:01:07:549		1.51733e+07		-0.434875		5.86056		509.197		6.98029e+06		531.124		
00:01:07:450		1.51737e+07		-0.434008		5.85714		509.205		6.98027e+06		531.122		
00:01:07:349		1.5174e+07		-0.433139		5.8537		509.212		6.98026e+06		531.121		
00:01:07:250		1.51744e+07		-0.432271		5.85025		509.22		6.98024e+06		531.12		
00:01:07:150		1.51747e+07		-0.431403		5.84681		509.227		6.98022e+06		531.118		
00:01:07:049		1.51751e+07		-0.430535		5.84332		509.235		6.98021e+06		531.118		
00:01:06:950		1.51754e+07		-0.429667		5.83983		509.243		6.98019e+06		531.116		
00:01:06:849		1.51758e+07		-0.428798		5.83638		509.249		6.98017e+06		531.115		
00:01:06:750		1.51761e+07		-0.427929		5.83287		509.258		6.98015e+06		531.113		
00:01:06:650		1.51765e+07		-0.42706		5.82935		509.266		6.98014e+06		531.112		
00:01:06:650		1.51765e+07		-0.42706		5.82935		509.266		6.98014e+06		531.112		
00:01:06:549		1.51768e+07		-0.426191		5.82579		509.275		6.98012e+06		531.109		
00:01:06:450		1.51772e+07		-0.425321		5.82226		509.283		6.9801e+06		531.108		
00:01:06:250		1.51779e+07		-0.423582		5.81515		509.298		6.98007e+06		531.112		
00:01:06:250		1.51779e+07		-0.423582		5.81515		509.298		6.98007e+06		531.112		
00:01:06:099		1.51784e+07		-0.422276		5.80978		509.312		6.98004e+06		531.096		
00:01:06:000		1.51788e+07		-0.421406		5.80618		509.321		6.98003e+06		531.102		
00:01:05:849		1.51793e+07		-0.4201		5.80078		509.335		6.98e+06		531.1		
00:01:05:750		1.51796e+07		-0.41923		5.79715		509.342		6.97998e+06		531.098		
00:01:05:650		1.518e+07		-0.418358		5.79353		509.352		6.97996e+06		531.084		
00:01:05:549		1.51804e+07		-0.417488		5.78986		509.362		6.97995e+06		531.096		
00:01:05:450		1.51807e+07		-0.416616		5.78625		509.371		6.97993e+06		531.095		
00:01:05:349		1.51811e+07		-0.415744		5.7826		509.379		6.97991e+06		531.093		
00:01:05:250		1.51814e+07		-0.414872		5.77895		509.39		6.97989e+06		531.086		
00:01:05:150		1.51818e+07		-0.414		5.77527		509.4		6.97988e+06		531.092		
00:01:05:049		1.51821e+07		-0.413127		5.77157		509.407		6.97986e+06		531.089		
00:01:05:049		1.51821e+07		-0.413127		5.77157		509.407		6.97986e+06		531.089		
00:01:04:950		1.51825e+07		-0.412254		5.76791		509.417		6.97984e+06		531.095		
00:01:04:700		1.51834e+07		-0.410072		5.7586		509.444		6.9798e+06		531.079		
00:01:04:700		1.51834e+07		-0.410072		5.7586		509.444		6.9798e+06		531.079		
00:01:04:599		1.51837e+07		-0.409198		5.75486		509.453		6.97978e+06		531.084		
00:01:04:500		1.51841e+07		-0.408325		5.75111		509.465		6.97976e+06		531.081		
00:01:04:400		1.51844e+07		-0.407451		5.74737		509.476		6.97974e+06		531.073		
00:01:04:200		1.51851e+07		-0.405702		5.73984		509.497		6.97971e+06		531.084		
00:01:04:200		1.51851e+07		-0.405702		5.73984		509.497		6.97971e+06		531.084		
00:01:04:099		1.51855e+07		-0.404828		5.73599		509.511		6.97969e+06		531.078		
00:01:03:899		1.51862e+07		-0.403078		5.72836		509.532		6.97965e+06		531.075		
00:01:03:899		1.51862e+07		-0.403078		5.72836		509.532		6.97965e+06		531.075		
00:01:03:799		1.51865e+07		-0.402203		5.72458		509.543		6.97963e+06		531.074		
00:01:03:700		1.51869e+07		-0.401327		5.72078		509.553		6.97962e+06		531.071		
00:01:03:600		1.51872e+07		-0.400451		5.71691		509.564		6.9796e+06		531.064		
00:01:03:500		1.51876e+07		-0.399575		5.71302		509.576		6.97958e+06		531.068		
00:01:03:299		1.51883e+07		-0.397821		5.70527		509.599		6.97954e+06		531.067		
00:01:03:200		1.51887e+07		-0.396945		5.70134		509.61		6.97953e+06		531.066		
00:01:03:200		1.51887e+07		-0.396945		5.70134		509.61		6.97953e+06		531.066		
00:01:03:100		1.5189e+07		-0.396068		5.6974		509.622		6.97951e+06		531.065		
00:01:03:000		1.51894e+07		-0.39519		5.69341		509.633		6.97949e+06		531.069		
00:01:02:899		1.51897e+07		-0.394312		5.68942		509.645		6.97947e+06		531.069		
00:01:02:750		1.51903e+07		-0.392995		5.68342		509.662		6.97944e+06		531.06		
00:01:02:649		1.51906e+07		-0.392117		5.67943		509.673		6.97942e+06		531.072		
00:01:02:549		1.5191e+07		-0.391238		5.67539		509.685		6.97941e+06		531.059		
00:01:02:450		1.51913e+07		-0.390359		5.67132		509.696		6.97939e+06		531.056		
00:01:02:299		1.51919e+07		-0.38904		5.66526		509.716		6.97936e+06		531.056		
00:01:02:200		1.51922e+07		-0.38816		5.66123		509.727		6.97934e+06		531.055		
00:01:02:200		1.51922e+07		-0.38816		5.66123		509.727		6.97934e+06		531.055		
00:01:02:100		1.51926e+07		-0.38728		5.65713		509.74		6.97932e+06		531.055		
00:01:02:000		1.51929e+07		-0.3864		5.65306		509.752		6.9793e+06		531.053		
00:01:01:899		1.51933e+07		-0.385519		5.64901		509.767		6.97928e+06		531.052		
00:01:01:799		1.51936e+07		-0.384638		5.64495		509.779		6.97927e+06		531.05		
00:01:01:700		1.5194e+07		-0.383757		5.64087		509.792		6.97925e+06		531.049		
00:01:01:549		1.51945e+07		-0.382435		5.63467		509.811		6.97922e+06		531.048		
00:01:01:450		1.51949e+07		-0.381553		5.63048		509.825		6.9792e+06		531.046		
00:01:01:350		1.51952e+07		-0.380671		5.62632		509.838		6.97918e+06		531.045		
00:01:01:250		1.51956e+07		-0.379787		5.62211		509.851		6.97916e+06		531.043		
00:01:01:149		1.51959e+07		-0.378903		5.61793		509.865		6.97914e+06		531.042		
00:01:01:049		1.51963e+07		-0.37802		5.61373		509.878		6.97912e+06		531.04		
00:01:00:950		1.51967e+07		-0.377136		5.60948		509.892		6.97911e+06		531.038		
00:01:00:850		1.5197e+07		-0.376251		5.60522		509.905		6.97909e+06		531.03		
00:01:00:750		1.51974e+07		-0.375366		5.60094		509.918		6.97907e+06		531.031		
00:01:00:649		1.51977e+07		-0.374481		5.59674		509.932		6.97905e+06		531.036		
00:01:00:549		1.51981e+07		-0.373596		5.59248		509.947		6.97903e+06		531.035		
00:01:00:450		1.51984e+07		-0.37271		5.58824		509.96		6.97901e+06		531.032		
00:01:00:350		1.51988e+07		-0.371825		5.58396		509.976		6.97899e+06		531.031		
00:01:00:250		1.51992e+07		-0.370938		5.57966		509.989		6.97897e+06		531.024		
00:01:00:149		1.51995e+07		-0.370052		5.57535		510.006		6.97895e+06		531.03		
00:01:00:149		1.51995e+07		-0.370052		5.57535		510.006		6.97895e+06		531.03		
00:01:00:000		1.52001e+07		-0.368721		5.56881		510.027		6.97892e+06		531.027		
00:00:59:899		1.52004e+07		-0.367834		5.56447		510.041		6.9789e+06		531.026		
00:00:59:799		1.52008e+07		-0.366946		5.56013		510.056		6.97888e+06		531.034		
00:00:59:700		1.52011e+07		-0.366058		5.55571		510.071		6.97886e+06		531.043		
00:00:59:600		1.52015e+07		-0.36517		5.55123		510.087		6.97884e+06		531.03		
00:00:59:500		1.52018e+07		-0.364281		5.54687		510.102		6.97883e+06		531.041		
00:00:59:399		1.52022e+07		-0.363392		5.54253		510.117		6.97881e+06		531.012		
00:00:59:299		1.52026e+07		-0.362503		5.53817		510.132		6.97879e+06		531.019		
00:00:59:200		1.52029e+07		-0.361613		5.53368		510.148		6.97877e+06		531.018		
00:00:59:100		1.52033e+07		-0.360723		5.52919		510.163		6.97875e+06		531.009		
00:00:59:100		1.52033e+07		-0.360723		5.52919		510.163		6.97875e+06		531.009		
00:00:58:850		1.52042e+07		-0.358497		5.51796		510.203		6.9787e+06		531.006		
00:00:58:850		1.52042e+07		-0.358497		5.51796		510.203		6.9787e+06		531.006		
00:00:58:750		1.52045e+07		-0.357605		5.5134		510.219		6.97868e+06		531.013		
00:00:58:600		1.52051e+07		-0.356268		5.50657		510.243		6.97865e+06		531.016		
00:00:58:500		1.52054e+07		-0.355376		5.50206		510.261		6.97863e+06		531.021		
00:00:58:500		1.52054e+07		-0.355376		5.50206		510.261		6.97863e+06		531.021		
00:00:58:250		1.52063e+07		-0.353145		5.49065		510.301		6.97858e+06		531.008		
00:00:58:250		1.52063e+07		-0.353145		5.49065		510.301		6.97858e+06		531.008		
00:00:58:149		1.52067e+07		-0.352252		5.48591		510.318		6.97856e+06		531.006		
00:00:58:049		1.52071e+07		-0.351358		5.48128		510.335		6.97854e+06		531.002		
00:00:57:950		1.52074e+07		-0.350464		5.47701		510.352		6.97852e+06		530.991		
00:00:57:850		1.52078e+07		-0.34957		5.47271		510.369		6.9785e+06		531		
00:00:57:750		1.52081e+07		-0.348676		5.46772		510.387		6.97848e+06		531.002		
00:00:57:649		1.52085e+07		-0.34778		5.46229		510.402		6.97846e+06		531		
00:00:57:549		1.52089e+07		-0.346885		5.45721		510.421		6.97844e+06		530.998		
00:00:57:350		1.52096e+07		-0.345094		5.45145		510.455		6.9784e+06		530.997		
00:00:57:250		1.52099e+07		-0.344197		5.44551		510.475		6.97838e+06		530.994		
00:00:57:250		1.52099e+07		-0.344197		5.44551		510.475		6.97838e+06		530.994		
00:00:57:149		1.52103e+07		-0.3433		5.4369		510.492		6.97836e+06		530.987		
00:00:57:049		1.52107e+07		-0.342403		5.42837		510.513		6.97834e+06		530.999		
00:00:56:950		1.5211e+07		-0.341506		5.41991		510.528		6.97831e+06		530.993		
00:00:56:850		1.52114e+07		-0.340607		5.41147		510.547		6.97829e+06		530.99		
00:00:56:750		1.52118e+07		-0.339709		5.40293		510.564		6.97827e+06		530.982		
00:00:56:649		1.52121e+07		-0.338809		5.39435		510.582		6.97825e+06		530.994		
00:00:56:549		1.52125e+07		-0.337911		5.38582		510.601		6.97823e+06		530.989		
00:00:56:500		1.52127e+07		-0.337461		5.38154		510.61		6.97822e+06		530.987		
00:00:56:250		1.52136e+07		-0.33521		5.3604		510.656		6.97817e+06		530.984		
00:00:56:250		1.52136e+07		-0.33521		5.3604		510.656		6.97817e+06		530.984		
00:00:56:149		1.52139e+07		-0.334309		5.3518		510.675		6.97815e+06		530.983		
00:00:56:049		1.52143e+07		-0.333407		5.34323		510.694		6.97813e+06		530.98		
00:00:55:950		1.52147e+07		-0.332506		5.33467		510.713		6.97811e+06		530.971		
00:00:55:850		1.5215e+07		-0.331604		5.32622		510.734		6.97809e+06		530.986		
00:00:55:750		1.52154e+07		-0.330701		5.31783		510.755		6.97807e+06		530.98		
00:00:55:549		1.52161e+07		-0.328894		5.30068		510.793		6.97803e+06		530.982		
00:00:55:549		1.52161e+07		-0.328894		5.30068		510.793		6.97803e+06		530.982		
00:00:55:450		1.52165e+07		-0.327991		5.29209		510.813		6.97801e+06		530.976		
00:00:55:250		1.52172e+07		-0.326182		5.27522		510.853		6.97796e+06		530.978		
00:00:55:250		1.52172e+07		-0.326182		5.27522		510.853		6.97796e+06		530.978		
00:00:55:149		1.52176e+07		-0.325277		5.26667		510.874		6.97794e+06		530.967		
00:00:55:049		1.52179e+07		-0.324373		5.2582		510.895		6.97792e+06		530.983		
00:00:54:950		1.52183e+07		-0.323467		5.24954		510.916		6.9779e+06		530.972		
00:00:54:850		1.52187e+07		-0.322561		5.24094		510.937		6.97788e+06		530.971		
00:00:54:750		1.5219e+07		-0.321655		5.23256		510.958		6.97786e+06		530.969		
00:00:54:649		1.52194e+07		-0.320748		5.22415		510.977		6.97784e+06		530.968		
00:00:54:549		1.52198e+07		-0.319841		5.21564		511		6.97782e+06		530.956		
00:00:54:299		1.52207e+07		-0.317572		5.19425		511.051		6.97777e+06		530.964		
00:00:54:200		1.52211e+07		-0.316663		5.18573		511.072		6.97775e+06		530.963		
00:00:54:200		1.52211e+07		-0.316663		5.18573		511.072		6.97775e+06		530.963		
00:00:54:100		1.52214e+07		-0.315754		5.17736		511.093		6.97772e+06		530.96		
00:00:54:000		1.52218e+07		-0.314845		5.16881		511.114		6.9777e+06		530.961		
00:00:53:899		1.52222e+07		-0.313935		5.16019		511.137		6.97768e+06		530.959		
00:00:53:799		1.52225e+07		-0.313025		5.15173		511.158		6.97766e+06		530.958		
00:00:53:700		1.52229e+07		-0.312115		5.14318		511.179		6.97764e+06		530.95		
00:00:53:600		1.52233e+07		-0.311204		5.13481		511.2		6.97762e+06		530.956		
00:00:53:500		1.52236e+07		-0.310293		5.12633		511.223		6.9776e+06		530.954		
00:00:53:299		1.52244e+07		-0.308469		5.10914		511.269		6.97755e+06		530.944		
00:00:53:200		1.52247e+07		-0.307557		5.10059		511.29		6.97753e+06		530.951		
00:00:53:200		1.52247e+07		-0.307557		5.10059		511.29		6.97753e+06		530.951		
00:00:53:100		1.52251e+07		-0.306643		5.0922		511.312		6.97751e+06		530.949		
00:00:53:000		1.52255e+07		-0.30573		5.08373		511.335		6.97749e+06		530.942		
00:00:52:899		1.52259e+07		-0.304817		5.0751		511.358		6.97747e+06		530.948		
00:00:52:799		1.52262e+07		-0.303903		5.06663		511.381		6.97745e+06		530.946		
00:00:52:700		1.52266e+07		-0.302988		5.05825		511.404		6.97743e+06		530.939		
00:00:52:600		1.5227e+07		-0.302073		5.04971		511.427		6.9774e+06		530.946		
00:00:52:500		1.52273e+07		-0.301158		5.04115		511.45		6.97738e+06		530.944		
00:00:52:399		1.52277e+07		-0.300242		5.03258		511.473		6.97736e+06		530.937		
00:00:52:299		1.52281e+07		-0.299326		5.02417		511.497		6.97734e+06		530.953		
00:00:52:299		1.52281e+07		-0.299326		5.02417		511.497		6.97734e+06		530.953		
00:00:52:149		1.52286e+07		-0.297951		5.0114		511.534		6.97731e+06		530.939		
00:00:51:950		1.52294e+07		-0.296116		4.99442		511.579		6.97727e+06		530.93		
00:00:51:950		1.52294e+07		-0.296116		4.99442		511.579		6.97727e+06		530.93		
00:00:51:850		1.52298e+07		-0.295198		4.98594		511.604		6.97724e+06		530.939		
00:00:51:750		1.52301e+07		-0.294279		4.97752		511.629		6.97722e+06		530.938		
00:00:51:649		1.52305e+07		-0.29336		4.96907		511.652		6.9772e+06		530.939		
00:00:51:549		1.52309e+07		-0.292441		4.96056		511.675		6.97718e+06		530.938		
00:00:51:500		1.52311e+07		-0.291981		4.95636		511.686		6.97717e+06		530.947		
00:00:51:250		1.5232e+07		-0.289681		4.93518		511.747		6.97712e+06		530.936		
00:00:51:250		1.5232e+07		-0.289681		4.93518		511.747		6.97712e+06		530.936		
00:00:51:149		1.52324e+07		-0.28876		4.92667		511.774		6.97709e+06		530.935		
00:00:51:049		1.52327e+07		-0.287839		4.91824		511.799		6.97707e+06		530.934		
00:00:50:950		1.52331e+07		-0.286918		4.90998		511.823		6.97705e+06		530.933		
00:00:50:850		1.52335e+07		-0.285996		4.90144		511.85		6.97703e+06		530.932		
00:00:50:750		1.52339e+07		-0.285074		4.89292		511.875		6.97701e+06		530.932		
00:00:50:649		1.52342e+07		-0.284151		4.88443		511.9		6.97699e+06		530.932		
00:00:50:549		1.52346e+07		-0.283228		4.87616		511.924		6.97697e+06		530.931		
00:00:50:450		1.5235e+07		-0.282305		4.86765		511.951		6.97694e+06		530.93		
00:00:50:250		1.52357e+07		-0.280457		4.85071		512.006		6.9769e+06		530.928		
00:00:50:250		1.52357e+07		-0.280457		4.85071		512.006		6.9769e+06		530.928		
00:00:50:149		1.52361e+07		-0.279533		4.84234		512.033		6.97688e+06		530.928		
00:00:50:049		1.52365e+07		-0.278608		4.83381		512.058		6.97686e+06		530.927		
00:00:49:950		1.52369e+07		-0.277683		4.82533		512.084		6.97684e+06		530.926		
00:00:49:850		1.52372e+07		-0.276758		4.81697		512.111		6.97682e+06		530.925		
00:00:49:750		1.52376e+07		-0.275833		4.80858		512.138		6.97679e+06		530.924		
00:00:49:649		1.5238e+07		-0.274907		4.80008		512.164		6.97677e+06		530.924		
00:00:49:350		1.52391e+07		-0.272126		4.77491		512.244		6.97671e+06		530.911		
00:00:49:350		1.52391e+07		-0.272126		4.77491		512.244		6.97671e+06		530.911		
00:00:49:250		1.52395e+07		-0.271199		4.76653		512.273		6.97669e+06		530.92		
00:00:49:250		1.52395e+07		-0.271199		4.76653		512.273		6.97669e+06		530.92		
00:00:49:149		1.52399e+07		-0.270272		4.75816		512.301		6.97667e+06		530.919		
00:00:49:049		1.52403e+07		-0.269344		4.74986		512.328		6.97664e+06		530.906		
00:00:48:950		1.52406e+07		-0.268415		4.74143		512.355		6.97662e+06		530.927		
00:00:48:850		1.5241e+07		-0.267487		4.7331		512.383		6.9766e+06		530.924		
00:00:48:700		1.52416e+07		-0.266094		4.72055		512.423		6.97657e+06		530.916		
00:00:48:600		1.5242e+07		-0.265164		4.71214		512.452		6.97655e+06		530.905		
00:00:48:500		1.52424e+07		-0.264235		4.70382		512.48		6.97653e+06		530.914		
00:00:48:399		1.52427e+07		-0.263305		4.69549		512.509		6.9765e+06		530.914		
00:00:48:200		1.52435e+07		-0.261445		4.67882		512.562		6.97646e+06		530.909		
00:00:48:200		1.52435e+07		-0.261445		4.67882		512.562		6.97646e+06		530.909		
00:00:48:100		1.52439e+07		-0.260514		4.67049		512.591		6.97644e+06		530.911		
00:00:48:000		1.52443e+07		-0.259583		4.66223		512.619		6.97642e+06		530.909		
00:00:47:899		1.52446e+07		-0.258652		4.65379		512.646		6.9764e+06		530.906		
00:00:47:799		1.5245e+07		-0.25772		4.64546		512.674		6.97638e+06		530.897		
00:00:47:700		1.52454e+07		-0.256788		4.63714		512.703		6.97635e+06		530.925		
00:00:47:600		1.52458e+07		-0.255857		4.62889		512.731		6.97633e+06		530.9		
00:00:47:500		1.52462e+07		-0.254924		4.62051		512.762		6.97631e+06		530.905		
00:00:47:399		1.52465e+07		-0.253992		4.61223		512.79		6.97629e+06		530.923		
00:00:47:299		1.52469e+07		-0.253059		4.60402		512.819		6.97627e+06		530.897		
00:00:47:200		1.52473e+07		-0.252126		4.59578		512.849		6.97625e+06		530.903		
00:00:47:100		1.52477e+07		-0.251193		4.5874		512.878		6.97623e+06		530.901		
00:00:47:000		1.52481e+07		-0.250259		4.57906		512.906		6.9762e+06		530.898		
00:00:47:000		1.52481e+07		-0.250259		4.57906		512.906		6.9762e+06		530.898		
00:00:46:899		1.52485e+07		-0.249325		4.5709		512.937		6.97618e+06		530.901		
00:00:46:799		1.52488e+07		-0.248391		4.56261		512.965		6.97616e+06		530.891		
00:00:46:700		1.52492e+07		-0.247457		4.55419		512.998		6.97614e+06		530.908		
00:00:46:549		1.52498e+07		-0.246055		4.5418		513.041		6.97611e+06		530.887		
00:00:46:450		1.52502e+07		-0.24512		4.53357		513.072		6.97609e+06		530.896		
00:00:46:250		1.52509e+07		-0.24325		4.51714		513.131		6.97604e+06		530.892		
00:00:46:250		1.52509e+07		-0.24325		4.51714		513.131		6.97604e+06		530.892		
00:00:46:149		1.52513e+07		-0.242314		4.50885		513.161		6.97602e+06		530.889		
00:00:46:049		1.52517e+07		-0.241379		4.5008		513.192		6.976e+06		530.878		
00:00:45:950		1.52521e+07		-0.240443		4.49249		513.222		6.97598e+06		530.879		
00:00:45:850		1.52525e+07		-0.239507		4.4843		513.254		6.97596e+06		530.893		
00:00:45:750		1.52529e+07		-0.238571		4.47638		513.283		6.97594e+06		530.882		
00:00:45:549		1.52536e+07		-0.236698		4.45998		513.345		6.97589e+06		530.887		
00:00:45:549		1.52536e+07		-0.236698		4.45998		513.345		6.97589e+06		530.887		
00:00:45:450		1.5254e+07		-0.235761		4.45186		513.376		6.97587e+06		530.904		
00:00:45:250		1.52548e+07		-0.233886		4.43556		513.438		6.97583e+06		530.882		
00:00:45:250		1.52548e+07		-0.233886		4.43556		513.438		6.97583e+06		530.882		
00:00:45:149		1.52552e+07		-0.232948		4.42735		513.469		6.97581e+06		530.88		
00:00:45:049		1.52555e+07		-0.23201		4.41925		513.503		6.97579e+06		530.877		
00:00:44:950		1.52559e+07		-0.231071		4.41118		513.533		6.97577e+06		530.872		
00:00:44:850		1.52563e+07		-0.230133		4.4029		513.566		6.97574e+06		530.878		
00:00:44:750		1.52567e+07		-0.229194		4.39477		513.596		6.97572e+06		530.877		
00:00:44:649		1.52571e+07		-0.228254		4.38671		513.628		6.9757e+06		530.875		
00:00:44:549		1.52574e+07		-0.227315		4.3788		513.661		6.97568e+06		530.863		
00:00:44:450		1.52578e+07		-0.226377		4.37085		513.693		6.97566e+06		530.872		
00:00:44:250		1.52586e+07		-0.2245		4.35443		513.759		6.97562e+06		530.866		
00:00:44:250		1.52586e+07		-0.2245		4.35443		513.759		6.97562e+06		530.866		
00:00:44:149		1.5259e+07		-0.223562		4.34664		513.79		6.9756e+06		530.866		
00:00:44:049		1.52593e+07		-0.222623		4.33859		513.824		6.97557e+06		530.857		
00:00:43:950		1.52597e+07		-0.221685		4.33054		513.856		6.97555e+06		530.856		
00:00:43:850		1.52601e+07		-0.220747		4.32261		513.888		6.97553e+06		530.876		
00:00:43:750		1.52605e+07		-0.219809		4.31459		513.921		6.97551e+06		530.857		
00:00:43:649		1.52609e+07		-0.218872		4.30664		513.955		6.97549e+06		530.872		
00:00:43:500		1.52614e+07		-0.217465		4.29482		514.004		6.97546e+06		530.86		
00:00:43:399		1.52618e+07		-0.216528		4.28694		514.038		6.97544e+06		530.852		
00:00:43:200		1.52626e+07		-0.214655		4.27109		514.105		6.97539e+06		530.857		
00:00:43:200		1.52626e+07		-0.214655		4.27109		514.105		6.97539e+06		530.857		
00:00:43:149		1.52628e+07		-0.214187		4.26717		514.122		6.97538e+06		530.857		
00:00:43:000		1.52633e+07		-0.212782		4.25535		514.171		6.97535e+06		530.853		
00:00:42:950		1.52635e+07		-0.212315		4.25148		514.188		6.97534e+06		530.852		
00:00:42:850		1.52639e+07		-0.211379		4.24359		514.222		6.97532e+06		530.845		
00:00:42:700		1.52645e+07		-0.209976		4.23175		514.275		6.97529e+06		530.849		
00:00:42:600		1.52649e+07		-0.209041		4.22403		514.308		6.97527e+06		530.847		
00:00:42:500		1.52653e+07		-0.208106		4.21619		514.344		6.97525e+06		530.846		
00:00:42:299		1.5266e+07		-0.206238		4.20066		514.412		6.9752e+06		530.844		
00:00:42:200		1.52664e+07		-0.205305		4.19292		514.446		6.97518e+06		530.842		
00:00:42:200		1.52664e+07		-0.205305		4.19292		514.446		6.97518e+06		530.842		
00:00:42:100		1.52668e+07		-0.204371		4.18505		514.482		6.97516e+06		530.84		
00:00:42:000		1.52672e+07		-0.203439		4.17742		514.516		6.97514e+06		530.839		
00:00:41:899		1.52675e+07		-0.202506		4.16964		514.55		6.97512e+06		530.837		
00:00:41:799		1.52679e+07		-0.201574		4.162		514.584		6.9751e+06		530.835		
00:00:41:700		1.52683e+07		-0.200643		4.15429		514.62		6.97508e+06		530.832		
00:00:41:600		1.52687e+07		-0.199712		4.14653		514.655		6.97506e+06		530.832		
00:00:41:500		1.52691e+07		-0.198781		4.139		514.691		6.97504e+06		530.83		
00:00:41:399		1.52695e+07		-0.197851		4.13122		514.727		6.97501e+06		530.828		
00:00:41:299		1.52698e+07		-0.196922		4.12368		514.763		6.97499e+06		530.839		
00:00:41:299		1.52698e+07		-0.196922		4.12368		514.763		6.97499e+06		530.839		
00:00:41:200		1.52702e+07		-0.195992		4.11615		514.799		6.97497e+06		530.821		
00:00:41:100		1.52706e+07		-0.195064		4.10857		514.835		6.97495e+06		530.827		
00:00:41:000		1.5271e+07		-0.194136		4.10096		514.871		6.97493e+06		530.824		
00:00:40:850		1.52716e+07		-0.192744		4.08954		514.925		6.9749e+06		530.823		
00:00:40:750		1.52719e+07		-0.191818		4.08194		514.961		6.97488e+06		530.821		
00:00:40:649		1.52723e+07		-0.190892		4.0745		514.997		6.97486e+06		530.819		
00:00:40:450		1.52731e+07		-0.189042		4.05966		515.073		6.97482e+06		530.815		
00:00:40:450		1.52731e+07		-0.189042		4.05966		515.073		6.97482e+06		530.815		
00:00:40:250		1.52739e+07		-0.187194		4.04498		515.149		6.97477e+06		530.808		
00:00:40:250		1.52739e+07		-0.187194		4.04498		515.149		6.97477e+06		530.808		
00:00:40:149		1.52742e+07		-0.186272		4.03758		515.187		6.97475e+06		530.831		
00:00:40:049		1.52746e+07		-0.18535		4.03032		515.223		6.97473e+06		530.809		
00:00:39:950		1.5275e+07		-0.184429		4.02291		515.263		6.97471e+06		530.807		
00:00:39:850		1.52754e+07		-0.183508		4.01569		515.3		6.97469e+06		530.813		
00:00:39:750		1.52758e+07		-0.182589		4.00833		515.338		6.97467e+06		530.804		
00:00:39:649		1.52761e+07		-0.18167		4.00117		515.374		6.97465e+06		530.796		
00:00:39:549		1.52765e+07		-0.180752		3.99383		515.412		6.97463e+06		530.825		
00:00:39:450		1.52769e+07		-0.179835		3.9866		515.45		6.97461e+06		530.799		
00:00:39:250		1.52777e+07		-0.178003		3.97215		515.527		6.97457e+06		530.797		
00:00:39:250		1.52777e+07		-0.178003		3.97215		515.527		6.97457e+06		530.797		
00:00:39:149		1.5278e+07		-0.177089		3.96495		515.563		6.97455e+06		530.795		
00:00:39:049		1.52784e+07		-0.176176		3.95782		515.603		6.97453e+06		530.792		
00:00:38:950		1.52788e+07		-0.175263		3.95058		515.641		6.9745e+06		530.789		
00:00:38:850		1.52792e+07		-0.174352		3.94361		515.677		6.97448e+06		530.789		
00:00:38:750		1.52796e+07		-0.173441		3.93645		515.717		6.97446e+06		530.789		
00:00:38:649		1.52799e+07		-0.172532		3.92949		515.756		6.97444e+06		530.786		
00:00:38:549		1.52803e+07		-0.171623		3.92218		515.794		6.97442e+06		530.783		
00:00:38:450		1.52807e+07		-0.170715		3.91525		515.832		6.9744e+06		530.782		
00:00:38:250		1.52815e+07		-0.168903		3.90116		515.909		6.97436e+06		530.779		
00:00:38:250		1.52815e+07		-0.168903		3.90116		515.909		6.97436e+06		530.779		
00:00:38:149		1.52818e+07		-0.167999		3.89411		515.947		6.97434e+06		530.767		
00:00:38:000		1.52824e+07		-0.166645		3.88378		516.006		6.97431e+06		530.788		
00:00:37:899		1.52828e+07		-0.165744		3.87683		516.044		6.97429e+06		530.763		
00:00:37:799		1.52832e+07		-0.164844		3.86987		516.083		6.97427e+06		530.774		
00:00:37:700		1.52835e+07		-0.163944		3.86297		516.121		6.97425e+06		530.771		
00:00:37:600		1.52839e+07		-0.163046		3.85605		516.161		6.97423e+06		530.768		
00:00:37:500		1.52843e+07		-0.162149		3.84923		516.2		6.97421e+06		530.769		
00:00:37:450		1.52845e+07		-0.161701		3.84583		516.221		6.9742e+06		530.767		
00:00:37:200		1.52854e+07		-0.159464		3.82872		516.321		6.97414e+06		530.762		
00:00:37:200		1.52854e+07		-0.159464		3.82872		516.321		6.97414e+06		530.762		
00:00:37:100		1.52858e+07		-0.158572		3.82193		516.361		6.97412e+06		530.759		
00:00:37:000		1.52862e+07		-0.15768		3.8151		516.401		6.9741e+06		530.756		
00:00:36:950		1.52864e+07		-0.157235		3.81165		516.421		6.97409e+06		530.749		
00:00:36:799		1.52869e+07		-0.155901		3.80167		516.482		6.97406e+06		530.755		
00:00:36:700		1.52873e+07		-0.155013		3.79501		516.522		6.97404e+06		530.753		
00:00:36:600		1.52877e+07		-0.154126		3.78821		516.561		6.97402e+06		530.75		
00:00:36:549		1.52879e+07		-0.153683		3.78485		516.582		6.97401e+06		530.748		
00:00:36:399		1.52884e+07		-0.152356		3.77486		516.642		6.97398e+06		530.748		
00:00:36:299		1.52888e+07		-0.151473		3.76832		516.682		6.97396e+06		530.745		
00:00:36:200		1.52892e+07		-0.150591		3.76163		516.724		6.97394e+06		530.743		
00:00:36:100		1.52896e+07		-0.14971		3.75511		516.765		6.97392e+06		530.739		
00:00:36:000		1.52899e+07		-0.14883		3.74843		516.805		6.9739e+06		530.74		
00:00:35:899		1.52903e+07		-0.147952		3.74192		516.846		6.97388e+06		530.737		
00:00:35:850		1.52905e+07		-0.147513		3.7386		516.867		6.97387e+06		530.744		
00:00:35:700		1.5291e+07		-0.146198		3.72895		516.927		6.97384e+06		530.725		
00:00:35:600		1.52914e+07		-0.145323		3.72236		516.969		6.97382e+06		530.73		
00:00:35:500		1.52918e+07		-0.14445		3.71596		517.01		6.9738e+06		530.73		
00:00:35:399		1.52922e+07		-0.143578		3.70942		517.052		6.97378e+06		530.728		
00:00:35:299		1.52925e+07		-0.142706		3.7031		517.091		6.97376e+06		530.725		
00:00:35:200		1.52929e+07		-0.141836		3.69672		517.133		6.97374e+06		530.723		
00:00:35:100		1.52933e+07		-0.140966		3.69032		517.174		6.97372e+06		530.722		
00:00:35:100		1.52933e+07		-0.140966		3.69032		517.174		6.97372e+06		530.722		
00:00:35:000		1.52936e+07		-0.140099		3.68395		517.216		6.9737e+06		530.72		
00:00:34:850		1.52942e+07		-0.138799		3.67427		517.28		6.97367e+06		530.716		
00:00:34:750		1.52946e+07		-0.137934		3.66811		517.321		6.97365e+06		530.714		
00:00:34:600		1.52951e+07		-0.136639		3.65876		517.386		6.97362e+06		530.713		
00:00:34:500		1.52955e+07		-0.135776		3.65244		517.427		6.9736e+06		530.71		
00:00:34:500		1.52955e+07		-0.135776		3.65244		517.427		6.9736e+06		530.71		
00:00:34:250		1.52964e+07		-0.133626		3.63671		517.533		6.97355e+06		530.705		
00:00:34:250		1.52964e+07		-0.133626		3.63671		517.533		6.97355e+06		530.705		
00:00:34:149		1.52968e+07		-0.132766		3.6306		517.574		6.97353e+06		530.703		
00:00:34:049		1.52971e+07		-0.131908		3.62435		517.616		6.97351e+06		530.701		
00:00:33:950		1.52975e+07		-0.131051		3.61834		517.659		6.97348e+06		530.698		
00:00:33:850		1.52979e+07		-0.130195		3.61204		517.7		6.97346e+06		530.697		
00:00:33:750		1.52982e+07		-0.129339		3.606		517.742		6.97344e+06		530.694		
00:00:33:649		1.52986e+07		-0.128485		3.59982		517.787		6.97342e+06		530.692		
00:00:33:549		1.5299e+07		-0.127631		3.59391		517.828		6.9734e+06		530.689		
00:00:33:450		1.52993e+07		-0.126779		3.58789		517.872		6.97338e+06		530.687		
00:00:33:350		1.52997e+07		-0.125927		3.58175		517.913		6.97336e+06		530.685		
00:00:33:250		1.53001e+07		-0.125075		3.57581		517.956		6.97334e+06		530.677		
00:00:33:149		1.53004e+07		-0.124225		3.56973		518		6.97332e+06		530.681		
00:00:33:049		1.53008e+07		-0.123374		3.56381		518.045		6.9733e+06		530.678		
00:00:32:950		1.53012e+07		-0.122525		3.55778		518.086		6.97328e+06		530.67		
00:00:32:850		1.53015e+07		-0.121676		3.55185		518.13		6.97326e+06		530.675		
00:00:32:750		1.53019e+07		-0.120828		3.54595		518.173		6.97324e+06		530.67		
00:00:32:649		1.53023e+07		-0.11998		3.54011		518.216		6.97322e+06		530.667		
00:00:32:549		1.53026e+07		-0.119133		3.53411		518.261		6.9732e+06		530.661		
00:00:32:450		1.5303e+07		-0.118286		3.52825		518.305		6.97318e+06		530.664		
00:00:32:350		1.53034e+07		-0.117439		3.52244		518.348		6.97316e+06		530.663		
00:00:32:250		1.53037e+07		-0.116592		3.51662		518.391		6.97314e+06		530.66		
00:00:32:149		1.53041e+07		-0.115746		3.51077		518.435		6.97312e+06		530.657		
00:00:32:049		1.53044e+07		-0.1149		3.50487		518.48		6.9731e+06		530.649		
00:00:31:949		1.53048e+07		-0.114053		3.49907		518.523		6.97308e+06		530.655		
00:00:31:850		1.53052e+07		-0.113207		3.49334		518.566		6.97306e+06		530.652		
00:00:31:750		1.53055e+07		-0.112361		3.48753		518.609		6.97304e+06		530.649		
00:00:31:649		1.53059e+07		-0.111515		3.48189		518.655		6.97302e+06		530.645		
00:00:31:550		1.53062e+07		-0.110668		3.47609		518.698		6.973e+06		530.651		
00:00:31:399		1.53068e+07		-0.109397		3.46761		518.766		6.97297e+06		530.641		
00:00:31:300		1.53071e+07		-0.108549		3.46173		518.811		6.97295e+06		530.638		
00:00:31:199		1.53075e+07		-0.107701		3.45611		518.854		6.97293e+06		530.633		
00:00:31:100		1.53079e+07		-0.106853		3.45039		518.899		6.97291e+06		530.63		
00:00:31:000		1.53082e+07		-0.106004		3.44491		518.942		6.97289e+06		530.619		
00:00:30:899		1.53086e+07		-0.105154		3.43918		518.987		6.97288e+06		530.64		
00:00:30:800		1.53089e+07		-0.104303		3.4336		519.032		6.97286e+06		530.624		
00:00:30:699		1.53093e+07		-0.103452		3.42796		519.078		6.97284e+06		530.613		
00:00:30:600		1.53097e+07		-0.1026		3.42248		519.121		6.97282e+06		530.624		
00:00:30:500		1.531e+07		-0.101746		3.41682		519.166		6.9728e+06		530.62		
00:00:30:300		1.53107e+07		-0.100036		3.40562		519.256		6.97276e+06		530.615		
00:00:30:199		1.53111e+07		-0.0991778		3.40022		519.301		6.97274e+06		530.61		
00:00:30:199		1.53111e+07		-0.0991778		3.40022		519.301		6.97274e+06		530.61		
00:00:30:100		1.53115e+07		-0.0983195		3.39467		519.346		6.97272e+06		530.606		
00:00:30:000		1.53118e+07		-0.0974593		3.38918		519.391		6.9727e+06		530.601		
00:00:29:899		1.53122e+07		-0.0965972		3.38354		519.434		6.97268e+06		530.606		
00:00:29:850		1.53124e+07		-0.0961657		3.38077		519.457		6.97267e+06		530.613		
00:00:29:699		1.53129e+07		-0.0948682		3.37264		519.526		6.97264e+06		530.6		
00:00:29:600		1.53133e+07		-0.0940003		3.36713		519.571		6.97262e+06		530.597		
00:00:29:500		1.53136e+07		-0.0931311		3.36163		519.616		6.9726e+06		530.595		
00:00:29:399		1.5314e+07		-0.0922594		3.35603		519.661		6.97258e+06		530.593		
00:00:29:300		1.53143e+07		-0.0913854		3.35066		519.707		6.97256e+06		530.59		
00:00:29:199		1.53147e+07		-0.0905089		3.34525		519.755		6.97254e+06		530.585		
00:00:29:100		1.53151e+07		-0.0896297		3.33971		519.8		6.97252e+06		530.585		
00:00:29:000		1.53154e+07		-0.0887485		3.33425		519.845		6.9725e+06		530.583		
00:00:28:899		1.53158e+07		-0.0878644		3.32883		519.89		6.97248e+06		530.579		
00:00:28:800		1.53161e+07		-0.0869775		3.3234		519.935		6.97247e+06		530.581		
00:00:28:699		1.53165e+07		-0.0860872		3.31806		519.98		6.97245e+06		530.575		
00:00:28:600		1.53169e+07		-0.0851941		3.31243		520.027		6.97243e+06		530.57		
00:00:28:600		1.53169e+07		-0.0851941		3.31243		520.027		6.97243e+06		530.57		
00:00:28:500		1.53172e+07		-0.0842977		3.30707		520.072		6.97241e+06		530.565		
00:00:28:250		1.53181e+07		-0.0820427		3.29355		520.187		6.97236e+06		530.567		
00:00:28:149		1.53185e+07		-0.0811343		3.28814		520.232		6.97234e+06		530.559		
00:00:28:149		1.53185e+07		-0.0811343		3.28814		520.232		6.97234e+06		530.559		
00:00:28:050		1.53189e+07		-0.0802226		3.28274		520.281		6.97232e+06		530.558		
00:00:27:949		1.53192e+07		-0.0793071		3.27735		520.326		6.9723e+06		530.554		
00:00:27:850		1.53196e+07		-0.0783873		3.27194		520.37		6.97228e+06		530.552		
00:00:27:750		1.532e+07		-0.0774636		3.26655		520.417		6.97226e+06		530.548		
00:00:27:649		1.53203e+07		-0.0765357		3.26105		520.462		6.97224e+06		530.543		
00:00:27:550		1.53207e+07		-0.075604		3.25574		520.509		6.97222e+06		530.542		
00:00:27:449		1.53211e+07		-0.074667		3.25032		520.554		6.97221e+06		530.539		
00:00:27:250		1.53218e+07		-0.0727811		3.23948		520.648		6.97217e+06		530.535		
00:00:27:250		1.53218e+07		-0.0727811		3.23948		520.648		6.97217e+06		530.535		
00:00:27:149		1.53222e+07		-0.0718312		3.23416		520.693		6.97215e+06		530.53		
00:00:27:100		1.53224e+07		-0.0713539		3.23143		520.715		6.97214e+06		530.539		
00:00:26:949		1.5323e+07		-0.0699158		3.22334		520.788		6.97211e+06		530.526		
00:00:26:850		1.53233e+07		-0.0689507		3.21783		520.833		6.97209e+06		530.523		
00:00:26:750		1.53237e+07		-0.0679808		3.21221		520.878		6.97207e+06		530.519		
00:00:26:649		1.53241e+07		-0.0670052		3.20703		520.925		6.97205e+06		530.519		
00:00:26:550		1.53245e+07		-0.0660238		3.20185		520.97		6.97203e+06		530.515		
00:00:26:449		1.53249e+07		-0.0650377		3.19656		521.019		6.97202e+06		530.511		
00:00:26:250		1.53256e+07		-0.0630474		3.18472		521.112		6.97198e+06		530.507		
00:00:26:149		1.5326e+07		-0.0620441		3.17955		521.157		6.97196e+06		530.51		
00:00:26:149		1.5326e+07		-0.0620441		3.17955		521.157		6.97196e+06		530.51		
00:00:26:050		1.53264e+07		-0.0610347		3.17512		521.204		6.97194e+06		530.502		
00:00:25:949		1.53268e+07		-0.060019		3.17038		521.253		6.97192e+06		530.5		
00:00:25:850		1.53272e+07		-0.0589981		3.16352		521.299		6.9719e+06		530.496		
00:00:25:750		1.53276e+07		-0.057971		3.15606		521.344		6.97188e+06		530.493		
00:00:25:649		1.53282e+07		-0.0564175		3.1499		521.413		6.97186e+06		530.49		
00:00:25:500		1.53285e+07		-0.0553741		3.14814		521.46		6.97184e+06		530.487		
00:00:25:300		1.53293e+07		-0.0532675		3.14467		521.556		6.9718e+06		530.478		
00:00:25:199		1.53298e+07		-0.0522051		3.14295		521.6		6.97178e+06		530.478		
00:00:25:199		1.53298e+07		-0.0522051		3.14295		521.6		6.97178e+06		530.478		
00:00:25:100		1.53302e+07		-0.0511374		3.14119		521.647		6.97176e+06		530.474		
00:00:25:000		1.53306e+07		-0.0500636		3.13944		521.694		6.97174e+06		530.474		
00:00:24:899		1.5331e+07		-0.048985		3.13772		521.741		6.97173e+06		530.479		
00:00:24:800		1.53314e+07		-0.0479002		3.13596		521.787		6.97171e+06		530.467		
00:00:24:699		1.53318e+07		-0.0468092		3.1342		521.834		6.97169e+06		530.464		
00:00:24:600		1.53322e+07		-0.0457125		3.13244		521.883		6.97167e+06		530.462		
00:00:24:500		1.53326e+07		-0.0446091		3.13068		521.929		6.97165e+06		530.458		
00:00:24:399		1.5333e+07		-0.043499		3.129		521.976		6.97163e+06		530.45		
00:00:24:300		1.53334e+07		-0.0423832		3.12724		522.023		6.97161e+06		530.453		
00:00:24:199		1.53338e+07		-0.0412607		3.12548		522.068		6.9716e+06		530.444		
00:00:24:100		1.53343e+07		-0.0401311		3.12368		522.114		6.97158e+06		530.448		
00:00:24:000		1.53347e+07		-0.0389948		3.12196		522.163		6.97156e+06		530.444		
00:00:23:899		1.53351e+07		-0.0378513		3.1202		522.21		6.97154e+06		530.442		
00:00:23:800		1.53355e+07		-0.0367007		3.11844		522.256		6.97152e+06		530.433		
00:00:23:699		1.53359e+07		-0.0355434		3.11664		522.303		6.9715e+06		530.44		
00:00:23:600		1.53363e+07		-0.0343781		3.11489		522.35		6.97149e+06		530.436		
00:00:23:500		1.53368e+07		-0.033205		3.11313		522.396		6.97147e+06		530.433		
00:00:23:399		1.53372e+07		-0.0320234		3.11133		522.443		6.97145e+06		530.424		
00:00:23:300		1.53376e+07		-0.0308332		3.10949		522.49		6.97143e+06		530.429		
00:00:23:199		1.5338e+07		-0.0296335		3.10769		522.536		6.97141e+06		530.426		
00:00:23:199		1.5338e+07		-0.0296335		3.10769		522.536		6.97141e+06		530.426		
00:00:23:100		1.53385e+07		-0.0284252		3.10592		522.583		6.97139e+06		530.421		
00:00:22:949		1.53391e+07		-0.0265942		3.10308		522.652		6.97137e+06		530.419		
00:00:22:850		1.53395e+07		-0.0253625		3.10137		522.699		6.97135e+06		530.409		
00:00:22:649		1.53404e+07		-0.0228734		3.09786		522.794		6.97131e+06		530.415		
00:00:22:649		1.53404e+07		-0.0228734		3.09786		522.794		6.97131e+06		530.415		
00:00:22:550		1.53408e+07		-0.0216179		3.09602		522.841		6.9713e+06		530.412		
00:00:22:449		1.53413e+07		-0.0203543		3.09405		522.887		6.97128e+06		530.408		
00:00:22:250		1.5342e+07		-0.0179276		3.09087		522.979		6.97124e+06		530.397		
00:00:22:149		1.53425e+07		-0.0169601		3.08946		523.027		6.97122e+06		530.403		
00:00:22:149		1.53425e+07		-0.0169601		3.08946		523.027		6.97122e+06		530.403		
00:00:21:949		1.53436e+07		-0.0150266		3.08629		523.12		6.97119e+06		530.397		
00:00:21:949		1.53436e+07		-0.0150266		3.08629		523.12		6.97119e+06		530.397		
00:00:21:850		1.53441e+07		-0.0140595		3.08468		523.167		6.97117e+06		530.392		
00:00:21:750		1.53446e+07		-0.0130935		3.08319		523.212		6.97115e+06		530.38		
00:00:21:649		1.53451e+07		-0.0121274		3.0817		523.26		6.97113e+06		530.403		
00:00:21:550		1.53456e+07		-0.0111613		3.08017		523.307		6.97112e+06		530.382		
00:00:21:449		1.53462e+07		-0.0101957		3.07867		523.352		6.9711e+06		530.387		
00:00:21:250		1.53472e+07		-0.0082655		3.07552		523.445		6.97106e+06		530.383		
00:00:21:250		1.53472e+07		-0.0082655		3.07552		523.445		6.97106e+06		530.383		
00:00:21:149		1.53477e+07		-0.00730085		3.07422		523.491		6.97104e+06		530.379		
00:00:21:050		1.53483e+07		-0.00633621		3.07266		523.538		6.97103e+06		530.376		
00:00:20:949		1.53488e+07		-0.00537205		3.07103		523.584		6.97101e+06		530.384		
00:00:20:800		1.53496e+07		-0.00392675		3.06873		523.653		6.97098e+06		530.372		
00:00:20:699		1.53501e+07		-0.00296354		3.06731		523.7		6.97096e+06		530.368		
00:00:20:649		1.53503e+07		-0.00248194		3.06654		523.722		6.97095e+06		530.367		
00:00:20:550		1.53508e+07		-0.00151825		3.06503		523.769		6.97093e+06		530.354		
00:00:20:449		1.53514e+07		-0.000555038		3.06352		523.815		6.97092e+06		530.365		
00:00:20:250		1.53524e+07		0.00136948		3.06053		523.908		6.97088e+06		530.359		
00:00:20:250		1.53524e+07		0.00136948		3.06053		523.908		6.97088e+06		530.359		
00:00:20:100		1.53532e+07		0.00281239		3.05844		523.977		6.97085e+06		530.356		
00:00:20:050		1.53534e+07		0.00329304		3.0576		524		6.97084e+06		530.355		
00:00:19:899		1.53542e+07		0.00473452		3.05534		524.07		6.97082e+06		530.351		
00:00:19:800		1.53547e+07		0.00569487		3.05392		524.117		6.9708e+06		530.349		
00:00:19:750		1.5355e+07		0.00617504		3.0531		524.139		6.97079e+06		530.348		
00:00:19:649		1.53555e+07		0.00713539		3.05168		524.186		6.97077e+06		530.345		
00:00:19:500		1.53563e+07		0.00857353		3.0495		524.255		6.97074e+06		530.341		
00:00:19:399		1.53568e+07		0.00953293		3.0481		524.299		6.97073e+06		530.337		
00:00:19:300		1.53573e+07		0.0104909		3.04658		524.346		6.97071e+06		530.329		
00:00:19:250		1.53576e+07		0.0109701		3.04577		524.368		6.9707e+06		530.334		
00:00:19:100		1.53584e+07		0.0124063		3.04378		524.435		6.97067e+06		530.332		
00:00:19:000		1.53589e+07		0.0133629		3.04226		524.482		6.97065e+06		530.329		
00:00:18:949		1.53594e+07		0.0143194		3.04083		524.528		6.97063e+06		530.326		
00:00:18:800		1.53599e+07		0.0152755		3.03938		524.573		6.97062e+06		530.323		
00:00:18:699		1.53604e+07		0.0162306		3.03786		524.617		6.9706e+06		530.313		
00:00:18:600		1.5361e+07		0.0171852		3.03647		524.664		6.97058e+06		530.318		
00:00:18:500		1.53615e+07		0.0181394		3.03497		524.708		6.97056e+06		530.322		
00:00:18:399		1.5362e+07		0.0190935		3.03355		524.755		6.97054e+06		530.315		
00:00:18:300		1.53625e+07		0.0200467		3.03214		524.799		6.97052e+06		530.312		
00:00:18:199		1.5363e+07		0.0209994		3.03073		524.844		6.9705e+06		530.309		
00:00:18:199		1.5363e+07		0.0209994		3.03073		524.844		6.9705e+06		530.309		
00:00:18:000		1.53641e+07		0.0229034		3.02791		524.933		6.97047e+06		530.305		
00:00:17:899		1.53646e+07		0.0238543		3.0265		524.978		6.97045e+06		530.303		
00:00:17:800		1.53651e+07		0.0248051		3.0251		525.024		6.97043e+06		530.299		
00:00:17:699		1.53656e+07		0.0257545		3.02368		525.069		6.97041e+06		530.29		
00:00:17:600		1.53662e+07		0.0267038		3.02227		525.115		6.97039e+06		530.294		
00:00:17:600		1.53662e+07		0.0267038		3.02227		525.115		6.97039e+06		530.294		
00:00:17:500		1.53667e+07		0.0276527		3.02093		525.16		6.97037e+06		530.309		
00:00:17:300		1.53677e+07		0.0295477		3.0181		525.249		6.97033e+06		530.287		
00:00:17:149		1.53685e+07		0.0309677		3.01595		525.316		6.97031e+06		530.285		
00:00:17:149		1.53685e+07		0.0309677		3.01595		525.316		6.97031e+06		530.285		
00:00:17:050		1.5369e+07		0.0319133		3.01461		525.359		6.97029e+06		530.283		
00:00:16:899		1.53698e+07		0.0333304		3.01268		525.425		6.97026e+06		530.276		
00:00:16:899		1.53698e+07		0.0333304		3.01268		525.425		6.97026e+06		530.276		
00:00:16:750		1.53706e+07		0.0347462		3.01055		525.49		6.97023e+06		530.261		
00:00:16:649		1.53711e+07		0.0356889		3.00911		525.535		6.97021e+06		530.276		
00:00:16:550		1.53716e+07		0.0366311		3.00776		525.578		6.97019e+06		530.268		
00:00:16:449		1.53722e+07		0.0375724		3.00645		525.622		6.97017e+06		530.265		
00:00:16:250		1.53732e+07		0.039453		3.00381		525.709		6.97013e+06		530.259		
00:00:16:149		1.53737e+07		0.0403919		3.00241		525.754		6.97012e+06		530.258		
00:00:16:050		1.53742e+07		0.0413303		3.00101		525.797		6.9701e+06		530.254		
00:00:16:050		1.53742e+07		0.0413303		3.00101		525.797		6.9701e+06		530.254		
00:00:15:949		1.53748e+07		0.0422678		2.99966		525.839		6.97008e+06		530.257		
00:00:15:849		1.53753e+07		0.0432048		2.99843		525.882		6.97006e+06		530.263		
00:00:15:750		1.53758e+07		0.0441408		2.99709		525.925		6.97004e+06		530.251		
00:00:15:650		1.53763e+07		0.0450754		2.99581		525.967		6.97002e+06		530.248		
00:00:15:550		1.53769e+07		0.0460095		2.99452		526.012		6.97e+06		530.245		
00:00:15:449		1.53774e+07		0.0469427		2.99312		526.054		6.96998e+06		530.243		
00:00:15:349		1.53779e+07		0.0478754		2.99181		526.097		6.96996e+06		530.24		
00:00:15:250		1.53787e+07		0.0492721		2.98974		526.16		6.96993e+06		530.235		
00:00:15:099		1.53792e+07		0.0502019		2.98831		526.203		6.96991e+06		530.232		
00:00:15:000		1.53797e+07		0.0511308		2.98711		526.245		6.96989e+06		530.229		
00:00:14:900		1.53803e+07		0.0520587		2.98571		526.288		6.96987e+06		530.241		
00:00:14:800		1.53808e+07		0.0529857		2.98439		526.331		6.96985e+06		530.223		
00:00:14:699		1.53813e+07		0.0539117		2.98328		526.373		6.96983e+06		530.225		
00:00:14:599		1.53818e+07		0.0548372		2.98184		526.414		6.96981e+06		530.222		
00:00:14:550		1.53821e+07		0.0552993		2.98116		526.434		6.9698e+06		530.228		
00:00:14:400		1.53829e+07		0.0566845		2.97915		526.495		6.96977e+06		530.215		
00:00:14:300		1.53834e+07		0.0576072		2.97796		526.536		6.96976e+06		530.207		
00:00:14:199		1.53839e+07		0.0585284		2.97659		526.577		6.96974e+06		530.212		
00:00:14:099		1.53845e+07		0.0594487		2.97519		526.618		6.96972e+06		530.207		
00:00:14:000		1.5385e+07		0.0603681		2.97386		526.657		6.9697e+06		530.203		
00:00:13:900		1.53855e+07		0.0612864		2.97266		526.697		6.96968e+06		530.196		
00:00:13:800		1.53861e+07		0.0622039		2.9715		526.738		6.96966e+06		530.2		
00:00:13:699		1.53866e+07		0.0631204		2.97009		526.777		6.96964e+06		530.196		
00:00:13:599		1.53871e+07		0.0640364		2.96875		526.818		6.96962e+06		530.192		
00:00:13:500		1.53876e+07		0.0649509		2.96755		526.857		6.9696e+06		530.191		
00:00:13:400		1.53882e+07		0.065865		2.96617		526.897		6.96958e+06		530.188		
00:00:13:300		1.53887e+07		0.0667777		2.96487		526.936		6.96956e+06		530.179		
00:00:13:199		1.53892e+07		0.0676894		2.96354		526.977		6.96954e+06		530.184		
00:00:13:099		1.53898e+07		0.0686007		2.96225		527.018		6.96952e+06		530.171		
00:00:13:000		1.53903e+07		0.0695105		2.96115		527.057		6.9695e+06		530.179		
00:00:12:900		1.53908e+07		0.0704188		2.95969		527.097		6.96948e+06		530.176		
00:00:12:800		1.53914e+07		0.0713267		2.9584		527.136		6.96946e+06		530.174		
00:00:12:699		1.53919e+07		0.0722342		2.95715		527.175		6.96944e+06		530.171		
00:00:12:599		1.53919e+07		0.0722342		2.95715		527.175		6.96944e+06		530.171		
00:00:12:599		1.53924e+07		0.0731401		2.9558		527.214		6.96942e+06		530.168		
00:00:12:449		1.53932e+07		0.0744982		2.95394		527.275		6.96939e+06		530.165		
00:00:12:349		1.53938e+07		0.0754018		2.95268		527.314		6.96936e+06		530.162		
00:00:12:150		1.53948e+07		0.0772076		2.95011		527.391		6.96932e+06		530.155		
00:00:12:050		1.53954e+07		0.0781088		2.94882		527.43		6.9693e+06		530.146		
00:00:12:050		1.53954e+07		0.0781088		2.94882		527.43		6.9693e+06		530.146		
00:00:11:949		1.53959e+07		0.07901		2.9476		527.467		6.96928e+06		530.138		
00:00:11:849		1.53964e+07		0.0799098		2.94638		527.508		6.96926e+06		530.147		
00:00:11:750		1.5397e+07		0.0808086		2.94507		527.543		6.96924e+06		530.15		
00:00:11:650		1.53975e+07		0.081707		2.94381		527.58		6.96922e+06		530.13		
00:00:11:550		1.53981e+07		0.0826049		2.94258		527.617		6.9692e+06		530.138		
00:00:11:449		1.53986e+07		0.0835013		2.94136		527.654		6.96918e+06		530.136		
00:00:11:250		1.53997e+07		0.0852923		2.93887		527.728		6.96914e+06		530.129		
00:00:11:150		1.54002e+07		0.0861869		2.93761		527.765		6.96912e+06		530.129		
00:00:11:150		1.54002e+07		0.0861869		2.93761		527.765		6.96912e+06		530.129		
00:00:11:050		1.54008e+07		0.0870805		2.93648		527.8		6.9691e+06		530.126		
00:00:10:849		1.54019e+07		0.0888653		2.93402		527.872		6.96905e+06		530.12		
00:00:10:849		1.54019e+07		0.0888653		2.93402		527.872		6.96905e+06		530.12		
00:00:10:750		1.54024e+07		0.089757		2.93275		527.907		6.96903e+06		530.118		
00:00:10:650		1.5403e+07		0.0906482		2.93157		527.94		6.96901e+06		530.114		
00:00:10:550		1.54035e+07		0.0915389		2.93039		527.976		6.96899e+06		530.111		
00:00:10:449		1.54041e+07		0.0924292		2.92916		528.011		6.96897e+06		530.107		
00:00:10:250		1.54052e+07		0.0942082		2.92668		528.079		6.96892e+06		530.1		
00:00:10:250		1.54052e+07		0.0942082		2.92668		528.079		6.96892e+06		530.1		
00:00:10:150		1.54058e+07		0.0950971		2.92561		528.114		6.9689e+06		530.096		
00:00:10:050		1.54063e+07		0.0959859		2.92438		528.149		6.96888e+06		530.091		
00:00:09:949		1.54069e+07		0.0968742		2.9232		528.182		6.96886e+06		530.081		
00:00:09:849		1.54075e+07		0.0977621		2.92201		528.219		6.96884e+06		530.086		
00:00:09:750		1.5408e+07		0.09865		2.92087		528.256		6.96881e+06		530.081		
00:00:09:650		1.54086e+07		0.0995378		2.91981		528.291		6.96879e+06		530.077		
00:00:09:550		1.54092e+07		0.100425		2.9185		528.325		6.96877e+06		530.073		
00:00:09:449		1.54097e+07		0.101313		2.91731		528.358		6.96874e+06		530.078		
00:00:09:349		1.54106e+07		0.102643		2.91569		528.406		6.96871e+06		530.061		
00:00:09:199		1.54112e+07		0.103529		2.91455		528.439		6.96869e+06		530.063		
00:00:09:099		1.54118e+07		0.104414		2.91332		528.472		6.96866e+06		530.053		
00:00:09:000		1.54123e+07		0.105299		2.91218		528.505		6.96864e+06		530.048		
00:00:08:900		1.54129e+07		0.106184		2.91112		528.537		6.96861e+06		530.043		
00:00:08:800		1.54135e+07		0.107069		2.90998		528.566		6.96859e+06		530.038		
00:00:08:699		1.54141e+07		0.107954		2.90892		528.598		6.96856e+06		530.031		
00:00:08:599		1.54147e+07		0.108838		2.9077		528.629		6.96854e+06		530.025		
00:00:08:500		1.54153e+07		0.109721		2.9066		528.66		6.96851e+06		530.013		
00:00:08:400		1.54159e+07		0.110605		2.90556		528.69		6.96849e+06		530.013		
00:00:08:300		1.54165e+07		0.111488		2.90446		528.723		6.96846e+06		530.005		
00:00:08:199		1.54171e+07		0.112372		2.90337		528.756		6.96844e+06		529.999		
00:00:08:099		1.54177e+07		0.113255		2.90223		528.786		6.96841e+06		529.991		
00:00:08:000		1.54183e+07		0.114138		2.90114		528.817		6.96838e+06		529.983		
00:00:07:900		1.54189e+07		0.115021		2.90009		528.849		6.96836e+06		529.982		
00:00:07:799		1.54195e+07		0.115904		2.89917		528.878		6.96833e+06		529.969		
00:00:07:700		1.54201e+07		0.116787		2.89796		528.91		6.9683e+06		529.96		
00:00:07:599		1.54208e+07		0.11767		2.89691		528.939		6.96827e+06		529.95		
00:00:07:500		1.54214e+07		0.118553		2.89589		528.967		6.96824e+06		529.938		
00:00:07:400		1.5422e+07		0.119436		2.89488		528.996		6.96821e+06		529.927		
00:00:07:400		1.5422e+07		0.119436		2.89488		528.996		6.96821e+06		529.927		
00:00:07:150		1.54236e+07		0.121644		2.8922		529.063		6.96814e+06		529.904		
00:00:07:150		1.54236e+07		0.121644		2.8922		529.063		6.96814e+06		529.904		
00:00:07:049		1.54242e+07		0.122527		2.89121		529.088		6.96811e+06		529.896		
00:00:07:000		1.54246e+07		0.122969		2.89074		529.103		6.96809e+06		529.89		
00:00:06:900		1.54252e+07		0.123852		2.88975		529.131		6.96806e+06		529.878		
00:00:06:799		1.54258e+07		0.124735		2.88876		529.157		6.96803e+06		529.865		
00:00:06:650		1.54268e+07		0.126061		2.88722		529.195		6.96798e+06		529.839		
00:00:06:549		1.54275e+07		0.126945		2.88624		529.223		6.96795e+06		529.833		
00:00:06:250		1.54295e+07		0.129598		2.88327		529.304		6.96785e+06		529.783		
00:00:06:250		1.54295e+07		0.129598		2.88327		529.304		6.96785e+06		529.783		
00:00:06:150		1.54301e+07		0.130482		2.88234		529.332		6.96781e+06		529.761		
00:00:06:150		1.54301e+07		0.130482		2.88234		529.332		6.96781e+06		529.761		
00:00:06:049		1.54308e+07		0.131367		2.88138		529.357		6.96778e+06		529.751		
00:00:05:950		1.54315e+07		0.132251		2.88037		529.383		6.96774e+06		529.732		
00:00:05:849		1.54322e+07		0.133137		2.87949		529.409		6.96771e+06		529.714		
00:00:05:750		1.54329e+07		0.134021		2.87849		529.435		6.96767e+06		529.696		
00:00:05:650		1.54336e+07		0.134907		2.87758		529.457		6.96763e+06		529.673		
00:00:05:549		1.54343e+07		0.135792		2.87663		529.481		6.96759e+06		529.653		
00:00:05:450		1.5435e+07		0.136677		2.87568		529.503		6.96755e+06		529.619		
00:00:05:250		1.54364e+07		0.138446		2.87384		529.549		6.96747e+06		529.585		
00:00:05:150		1.54371e+07		0.139331		2.87295		529.571		6.96743e+06		529.56		
00:00:05:150		1.54371e+07		0.139331		2.87295		529.571		6.96743e+06		529.56		
00:00:05:049		1.54379e+07		0.140214		2.87203		529.593		6.96739e+06		529.532		
00:00:04:950		1.54386e+07		0.141098		2.87106		529.614		6.96735e+06		529.505		
00:00:04:849		1.54393e+07		0.141982		2.87019		529.636		6.9673e+06		529.475		
00:00:04:750		1.544e+07		0.142866		2.86923		529.656		6.96726e+06		529.443		
00:00:04:650		1.54408e+07		0.14375		2.86832		529.676		6.96721e+06		529.412		
00:00:04:549		1.54415e+07		0.144635		2.86737		529.698		6.96717e+06		529.381		
00:00:04:450		1.54423e+07		0.145521		2.8665		529.719		6.96712e+06		529.345		
00:00:04:250		1.54438e+07		0.14729		2.86472		529.759		6.96703e+06		529.271		
00:00:04:250		1.54438e+07		0.14729		2.86472		529.759		6.96703e+06		529.271		
00:00:04:150		1.54446e+07		0.148173		2.86387		529.777		6.96698e+06		529.233		
00:00:04:049		1.54454e+07		0.149052		2.86307		529.796		6.96693e+06		529.185		
00:00:03:950		1.54462e+07		0.149928		2.86226		529.816		6.96688e+06		529.15		
00:00:03:799		1.54474e+07		0.151232		2.86104		529.844		6.9668e+06		529.083		
00:00:03:700		1.54481e+07		0.152096		2.86025		529.86		6.96674e+06		529.035		
00:00:03:600		1.54489e+07		0.152957		2.85939		529.877		6.96669e+06		528.988		
00:00:03:500		1.54496e+07		0.153819		2.85841		529.893		6.96664e+06		528.937		
00:00:03:399		1.54504e+07		0.154683		2.85737		529.91		6.96658e+06		528.882		
00:00:03:350		1.54508e+07		0.155118		2.85694		529.919		6.96655e+06		528.849		
00:00:03:250		1.54516e+07		0.155993		2.85589		529.934		6.96649e+06		528.801		
00:00:03:100		1.54529e+07		0.157324		2.85429		529.956		6.96641e+06		528.714		
00:00:03:000		1.54538e+07		0.158219		2.85341		529.971		6.96635e+06		528.644		
00:00:02:899		1.54549e+07		0.159112		2.85278		529.984		6.96629e+06		528.59		
00:00:02:850		1.54554e+07		0.159555		2.85254		529.989		6.96626e+06		528.553		
00:00:02:750		1.54564e+07		0.160426		2.85211		530.002		6.9662e+06		528.495		
00:00:02:600		1.5458e+07		0.161672		2.85173		530.022		6.9661e+06		528.404		
00:00:02:500		1.54589e+07		0.162451		2.85147		530.033		6.96604e+06		528.317		
00:00:02:399		1.54597e+07		0.163188		2.85116		530.046		6.96598e+06		528.255		
00:00:02:299		1.54603e+07		0.163895		2.85058		530.061		6.96591e+06		528.175		
00:00:02:200		1.54608e+07		0.164593		2.84925		530.072		6.96584e+06		528.103		
00:00:02:100		1.54613e+07		0.165309		2.84723		530.085		6.96578e+06		528.015		
00:00:02:000		1.54618e+07		0.166073		2.84475		530.098		6.96571e+06		527.938		
00:00:01:899		1.54627e+07		0.166908		2.84264		530.109		6.96563e+06		527.849		
00:00:01:800		1.54639e+07		0.167822		2.84079		530.122		6.96556e+06		527.759		
00:00:01:699		1.54657e+07		0.1688		2.83884		530.135		6.96548e+06		527.663		
00:00:01:600		1.54679e+07		0.169797		2.83694		530.149		6.96541e+06		527.556		
00:00:01:500		1.54704e+07		0.170746		2.83646		530.164		6.96532e+06		527.44		
00:00:01:399		1.5473e+07		0.171567		2.83959		530.175		6.96523e+06		527.312		
00:00:01:399		1.5473e+07		0.171567		2.83959		530.175		6.96523e+06		527.312		
00:00:01:199		1.54771e+07		0.172597		2.84672		530.188		6.96504e+06		527.019		
00:00:01:050		1.54771e+07		0.172597		2.84672		530.188		6.96504e+06		527.019		
00:00:01:050		1.54784e+07		0.172829		2.84129		530.195		6.96491e+06		526.838		
00:00:00:949		1.54786e+07		0.172839		2.83566		530.197		6.96487e+06		526.821		
00:00:00:750		1.54786e+07		0.17284		2.8357		530.203		6.96486e+06		526.822		
00:00:00:750		1.54786e+07		0.17284		2.8357		530.203		6.96486e+06		526.822		
00:00:00:650		1.54786e+07		0.17284		2.83569		530.206		6.96486e+06		526.822		
00:00:00:550		1.54786e+07		0.17284		2.83569		530.21		6.96486e+06		526.823		
00:00:00:450		1.54786e+07		0.17284		2.83569		530.212		6.96485e+06		526.823		
00:00:00:349		1.54786e+07		0.17284		2.83573		530.216		6.96485e+06		526.823		
00:00:00:149		1.54785e+07		0.17284		2.83572		530.221		6.96484e+06		526.817		
00:00:00:149		1.54785e+07		0.17284		2.83572		530.221		6.96484e+06		526.817		
00:00:00:050		1.54785e+07		0.17284		2.83567		530.223		6.96484e+06		526.826		
00:00:00:000		1.54785e+07		0.17284		2.83571		530.225		6.96483e+06		526.826		
00:00:00:000		1.54785e+07		0.17284		2.83571		530.225		6.96483e+06		526.826		
00:00:00:000		1.54785e+07		0.17284		2.83571		530.225		6.96483e+06		526.826		
00:00:00:000		1.54785e+07		0.17284		2.83571		530.225		6.96483e+06		526.826		
00:00:00:000		1.54785e+07		0.17284		2.83571		530.225		6.96483e+06		526.826		
00:00:00:000		1.54785e+07		0.17284		2.83571		530.225		6.96483e+06		526.826		
