	time 		gpv001pnt10113ppntm	evf507ety101mpzoyout	chtcon(1)	chavg(1)	chlhsumpa	rcptavgn	
00:01:07:750		6.84553e+06		100.044		36.3072		0		0		309.792		
00:01:07:549		6.84549e+06		100.044		36.3075		0		0		309.793		
00:01:07:450		6.84548e+06		100.044		36.3078		0		0		309.793		
00:01:07:450		6.84548e+06		100.044		36.3078		0		0		309.793		
00:01:07:349		6.84546e+06		100.044		36.3078		0		0		309.793		
00:01:07:250		6.84544e+06		100.044		36.3078		0		0		309.793		
00:01:07:150		6.84542e+06		100.044		36.308		0		0		309.793		
00:01:07:049		6.8454e+06		100.044		36.308		0		0		309.793		
00:01:06:849		6.84537e+06		100.044		36.3083		0		0		309.793		
00:01:06:849		6.84537e+06		100.044		36.3083		0		0		309.793		
00:01:06:750		6.84535e+06		100.044		36.3083		0		0		309.793		
00:01:06:650		6.84533e+06		100.044		36.3086		0		0		309.793		
00:01:06:549		6.84531e+06		100.044		36.3086		0		0		309.793		
00:01:06:450		6.84529e+06		100.044		36.3089		0		0		309.793		
00:01:06:299		6.84527e+06		100.044		36.3089		0		0		309.793		
00:01:06:250		6.84526e+06		100.044		36.3089		0		0		309.793		
00:01:06:150		6.84524e+06		100.044		36.3092		0		0		309.793		
00:01:06:049		6.84522e+06		100.044		36.3092		0		0		309.794		
00:01:05:849		6.84518e+06		100.044		36.3094		0		0		309.794		
00:01:05:849		6.84518e+06		100.044		36.3094		0		0		309.794		
00:01:05:750		6.84517e+06		100.044		36.3094		0		0		309.794		
00:01:05:650		6.84515e+06		100.044		36.3097		0		0		309.794		
00:01:05:500		6.84512e+06		100.045		36.3097		0		0		309.794		
00:01:05:400		6.8451e+06		100.045		36.31		0		0		309.794		
00:01:05:299		6.84508e+06		100.045		36.31		0		0		309.794		
00:01:05:250		6.84507e+06		100.045		36.31		0		0		309.794		
00:01:05:099		6.84505e+06		100.045		36.3103		0		0		309.794		
00:01:04:950		6.84502e+06		100.045		36.3106		0		0		309.794		
00:01:04:799		6.84499e+06		100.045		36.3106		0		0		309.794		
00:01:04:799		6.84499e+06		100.045		36.3106		0		0		309.794		
00:01:04:700		6.84497e+06		100.045		36.3109		0		0		309.794		
00:01:04:599		6.84495e+06		100.045		36.3109		0		0		309.794		
00:01:04:500		6.84493e+06		100.045		36.3109		0		0		309.795		
00:01:04:400		6.84491e+06		100.045		36.3111		0		0		309.795		
00:01:04:299		6.84489e+06		100.045		36.3111		0		0		309.795		
00:01:04:200		6.84487e+06		100.045		36.3114		0		0		309.795		
00:01:04:099		6.84486e+06		100.045		36.3114		0		0		309.795		
00:01:03:899		6.84482e+06		100.045		36.3117		0		0		309.795		
00:01:03:799		6.8448e+06		100.045		36.3117		0		0		309.795		
00:01:03:799		6.8448e+06		100.045		36.3117		0		0		309.795		
00:01:03:700		6.84478e+06		100.045		36.312		0		0		309.795		
00:01:03:600		6.84476e+06		100.045		36.312		0		0		309.795		
00:01:03:500		6.84474e+06		100.045		36.312		0		0		309.795		
00:01:03:399		6.84472e+06		100.045		36.3123		0		0		309.795		
00:01:03:299		6.8447e+06		100.045		36.3123		0		0		309.795		
00:01:03:200		6.84468e+06		100.045		36.3125		0		0		309.795		
00:01:03:100		6.84467e+06		100.045		36.3125		0		0		309.795		
00:01:02:899		6.84463e+06		100.045		36.3128		0		0		309.796		
00:01:02:799		6.84461e+06		100.045		36.3128		0		0		309.796		
00:01:02:799		6.84461e+06		100.045		36.3128		0		0		309.796		
00:01:02:700		6.84459e+06		100.046		36.3131		0		0		309.796		
00:01:02:600		6.84457e+06		100.046		36.3131		0		0		309.796		
00:01:02:500		6.84455e+06		100.046		36.3131		0		0		309.796		
00:01:02:399		6.84453e+06		100.046		36.3134		0		0		309.796		
00:01:02:299		6.84451e+06		100.046		36.3134		0		0		309.796		
00:01:02:200		6.84449e+06		100.046		36.3137		0		0		309.796		
00:01:02:049		6.84446e+06		100.046		36.3137		0		0		309.796		
00:01:02:049		6.84446e+06		100.046		36.3137		0		0		309.796		
00:01:01:899		6.84443e+06		100.046		36.3139		0		0		309.796		
00:01:01:799		6.84441e+06		100.046		36.3139		0		0		309.796		
00:01:01:700		6.84439e+06		100.046		36.3142		0		0		309.796		
00:01:01:600		6.84437e+06		100.046		36.3142		0		0		309.796		
00:01:01:500		6.84435e+06		100.046		36.3142		0		0		309.797		
00:01:01:399		6.84433e+06		100.046		36.3145		0		0		309.797		
00:01:01:299		6.84431e+06		100.046		36.3145		0		0		309.797		
00:01:01:149		6.84428e+06		100.046		36.3148		0		0		309.797		
00:01:01:149		6.84428e+06		100.046		36.3148		0		0		309.797		
00:01:01:049		6.84426e+06		100.046		36.3148		0		0		309.797		
00:01:00:850		6.84422e+06		100.046		36.3151		0		0		309.797		
00:01:00:850		6.84422e+06		100.046		36.3151		0		0		309.797		
00:01:00:750		6.8442e+06		100.046		36.3151		0		0		309.797		
00:01:00:549		6.84416e+06		100.046		36.3153		0		0		309.797		
00:01:00:549		6.84416e+06		100.046		36.3153		0		0		309.797		
00:01:00:450		6.84414e+06		100.046		36.3156		0		0		309.797		
00:01:00:350		6.84412e+06		100.046		36.3156		0		0		309.797		
00:01:00:250		6.8441e+06		100.047		36.3156		0		0		309.797		
00:01:00:149		6.84408e+06		100.047		36.3159		0		0		309.797		
00:01:00:049		6.84406e+06		100.047		36.3159		0		0		309.797		
00:00:59:899		6.84403e+06		100.047		36.3162		0		0		309.798		
00:00:59:899		6.84403e+06		100.047		36.3162		0		0		309.798		
00:00:59:799		6.84401e+06		100.047		36.3162		0		0		309.798		
00:00:59:700		6.84399e+06		100.047		36.3165		0		0		309.798		
00:00:59:600		6.84397e+06		100.047		36.3165		0		0		309.798		
00:00:59:500		6.84395e+06		100.047		36.3165		0		0		309.798		
00:00:59:399		6.84393e+06		100.047		36.3168		0		0		309.798		
00:00:59:299		6.84391e+06		100.047		36.3168		0		0		309.798		
00:00:59:200		6.84388e+06		100.047		36.317		0		0		309.798		
00:00:59:100		6.84386e+06		100.047		36.317		0		0		309.798		
00:00:58:899		6.84384e+06		100.047		36.317		0		0		309.798		
00:00:58:899		6.84382e+06		100.047		36.3173		0		0		309.798		
00:00:58:799		6.8438e+06		100.047		36.3173		0		0		309.798		
00:00:58:700		6.84378e+06		100.047		36.3176		0		0		309.798		
00:00:58:600		6.84376e+06		100.047		36.3176		0		0		309.799		
00:00:58:500		6.84374e+06		100.047		36.3176		0		0		309.799		
00:00:58:399		6.84372e+06		100.047		36.3179		0		0		309.799		
00:00:58:299		6.8437e+06		100.047		36.3179		0		0		309.799		
00:00:58:200		6.84367e+06		100.047		36.3182		0		0		309.799		
00:00:58:049		6.84365e+06		100.047		36.3182		0		0		309.799		
00:00:57:899		6.84361e+06		100.047		36.3184		0		0		309.799		
00:00:57:899		6.84361e+06		100.047		36.3184		0		0		309.799		
00:00:57:750		6.84358e+06		100.047		36.3184		0		0		309.799		
00:00:57:649		6.84356e+06		100.047		36.3187		0		0		309.799		
00:00:57:549		6.84354e+06		100.047		36.3187		0		0		309.799		
00:00:57:500		6.84353e+06		100.048		36.3187		0		0		309.799		
00:00:57:399		6.84351e+06		100.048		36.319		0		0		309.8		
00:00:57:250		6.84348e+06		100.048		36.319		0		0		309.8		
00:00:57:149		6.84346e+06		100.048		36.3193		0		0		309.8		
00:00:57:049		6.84344e+06		100.048		36.3193		0		0		309.8		
00:00:56:850		6.84339e+06		100.048		36.3196		0		0		309.8		
00:00:56:850		6.84339e+06		100.048		36.3196		0		0		309.8		
00:00:56:750		6.84337e+06		100.048		36.3196		0		0		309.8		
00:00:56:649		6.84335e+06		100.048		36.3199		0		0		309.8		
00:00:56:549		6.84333e+06		100.048		36.3199		0		0		309.8		
00:00:56:450		6.84331e+06		100.048		36.3201		0		0		309.8		
00:00:56:350		6.84329e+06		100.048		36.3201		0		0		309.8		
00:00:56:250		6.84326e+06		100.048		36.3201		0		0		309.801		
00:00:56:149		6.84324e+06		100.048		36.3204		0		0		309.801		
00:00:55:950		6.8432e+06		100.048		36.3207		0		0		309.801		
00:00:55:850		6.84318e+06		100.048		36.3207		0		0		309.801		
00:00:55:850		6.84318e+06		100.048		36.3207		0		0		309.801		
00:00:55:750		6.84316e+06		100.048		36.3207		0		0		309.801		
00:00:55:649		6.84313e+06		100.048		36.321		0		0		309.801		
00:00:55:549		6.84311e+06		100.048		36.321		0		0		309.801		
00:00:55:450		6.84309e+06		100.048		36.3213		0		0		309.801		
00:00:55:350		6.84307e+06		100.048		36.3213		0		0		309.802		
00:00:55:250		6.84305e+06		100.048		36.3213		0		0		309.802		
00:00:55:149		6.84303e+06		100.048		36.3215		0		0		309.802		
00:00:55:049		6.843e+06		100.048		36.3215		0		0		309.802		
00:00:54:950		6.84298e+06		100.048		36.3218		0		0		309.802		
00:00:54:850		6.84296e+06		100.048		36.3218		0		0		309.802		
00:00:54:750		6.84294e+06		100.049		36.3218		0		0		309.802		
00:00:54:649		6.84291e+06		100.049		36.3221		0		0		309.802		
00:00:54:549		6.84289e+06		100.049		36.3221		0		0		309.802		
00:00:54:450		6.84287e+06		100.049		36.3224		0		0		309.802		
00:00:54:350		6.84285e+06		100.049		36.3224		0		0		309.803		
00:00:54:250		6.84283e+06		100.049		36.3224		0		0		309.803		
00:00:54:149		6.84281e+06		100.049		36.3227		0		0		309.803		
00:00:53:950		6.84276e+06		100.049		36.3229		0		0		309.803		
00:00:53:850		6.84274e+06		100.049		36.3229		0		0		309.803		
00:00:53:850		6.84274e+06		100.049		36.3229		0		0		309.803		
00:00:53:750		6.84272e+06		100.049		36.3229		0		0		309.803		
00:00:53:649		6.84269e+06		100.049		36.3232		0		0		309.803		
00:00:53:500		6.84266e+06		100.049		36.3232		0		0		309.804		
00:00:53:500		6.84266e+06		100.049		36.3232		0		0		309.804		
00:00:53:399		6.84264e+06		100.049		36.3235		0		0		309.804		
00:00:53:299		6.84262e+06		100.049		36.3235		0		0		309.804		
00:00:53:200		6.84259e+06		100.049		36.3238		0		0		309.804		
00:00:53:100		6.84257e+06		100.049		36.3238		0		0		309.804		
00:00:52:899		6.84253e+06		100.049		36.3241		0		0		309.804		
00:00:52:899		6.84253e+06		100.049		36.3241		0		0		309.804		
00:00:52:799		6.8425e+06		100.049		36.3241		0		0		309.804		
00:00:52:700		6.84248e+06		100.049		36.3243		0		0		309.804		
00:00:52:600		6.84246e+06		100.049		36.3243		0		0		309.805		
00:00:52:399		6.84242e+06		100.049		36.3246		0		0		309.805		
00:00:52:399		6.84242e+06		100.049		36.3246		0		0		309.805		
00:00:52:299		6.84239e+06		100.049		36.3246		0		0		309.805		
00:00:52:200		6.84237e+06		100.05		36.3249		0		0		309.805		
00:00:52:100		6.84235e+06		100.05		36.3249		0		0		309.805		
00:00:51:899		6.8423e+06		100.05		36.3252		0		0		309.805		
00:00:51:899		6.8423e+06		100.05		36.3252		0		0		309.805		
00:00:51:799		6.84228e+06		100.05		36.3252		0		0		309.805		
00:00:51:700		6.84226e+06		100.05		36.3255		0		0		309.806		
00:00:51:600		6.84224e+06		100.05		36.3255		0		0		309.806		
00:00:51:500		6.84221e+06		100.05		36.3255		0		0		309.806		
00:00:51:299		6.84217e+06		100.05		36.3257		0		0		309.806		
00:00:51:299		6.84217e+06		100.05		36.3257		0		0		309.806		
00:00:51:100		6.84212e+06		100.05		36.326		0		0		309.806		
00:00:51:100		6.84212e+06		100.05		36.326		0		0		309.806		
00:00:51:000		6.8421e+06		100.05		36.326		0		0		309.806		
00:00:50:899		6.84208e+06		100.05		36.3263		0		0		309.806		
00:00:50:799		6.84205e+06		100.05		36.3263		0		0		309.807		
00:00:50:700		6.84203e+06		100.05		36.3266		0		0		309.807		
00:00:50:600		6.84201e+06		100.05		36.3266		0		0		309.807		
00:00:50:500		6.84198e+06		100.05		36.3266		0		0		309.807		
00:00:50:399		6.84196e+06		100.05		36.3269		0		0		309.807		
00:00:50:299		6.84194e+06		100.05		36.3269		0		0		309.807		
00:00:50:200		6.84191e+06		100.05		36.3271		0		0		309.807		
00:00:50:100		6.8419e+06		100.05		36.3271		0		0		309.807		
00:00:50:000		6.84187e+06		100.05		36.3271		0		0		309.807		
00:00:49:899		6.84185e+06		100.05		36.3274		0		0		309.808		
00:00:49:799		6.84183e+06		100.05		36.3274		0		0		309.808		
00:00:49:700		6.84181e+06		100.05		36.3277		0		0		309.808		
00:00:49:600		6.84178e+06		100.05		36.3277		0		0		309.808		
00:00:49:500		6.84176e+06		100.051		36.3277		0		0		309.808		
00:00:49:399		6.84174e+06		100.051		36.328		0		0		309.808		
00:00:49:299		6.84172e+06		100.051		36.328		0		0		309.808		
00:00:49:200		6.84169e+06		100.051		36.3283		0		0		309.808		
00:00:49:100		6.84167e+06		100.051		36.3283		0		0		309.808		
00:00:48:850		6.84162e+06		100.051		36.3285		0		0		309.809		
00:00:48:850		6.84162e+06		100.051		36.3285		0		0		309.809		
00:00:48:750		6.84159e+06		100.051		36.3285		0		0		309.809		
00:00:48:649		6.84157e+06		100.051		36.3288		0		0		309.809		
00:00:48:549		6.84155e+06		100.051		36.3288		0		0		309.809		
00:00:48:450		6.84153e+06		100.051		36.3291		0		0		309.809		
00:00:48:350		6.8415e+06		100.051		36.3291		0		0		309.809		
00:00:48:250		6.84148e+06		100.051		36.3291		0		0		309.809		
00:00:48:149		6.84146e+06		100.051		36.3294		0		0		309.81		
00:00:47:950		6.84141e+06		100.051		36.3297		0		0		309.81		
00:00:47:850		6.84139e+06		100.051		36.3297		0		0		309.81		
00:00:47:850		6.84139e+06		100.051		36.3297		0		0		309.81		
00:00:47:750		6.84137e+06		100.051		36.3297		0		0		309.81		
00:00:47:649		6.84135e+06		100.051		36.3299		0		0		309.81		
00:00:47:549		6.84133e+06		100.051		36.3299		0		0		309.81		
00:00:47:450		6.8413e+06		100.051		36.3302		0		0		309.81		
00:00:47:350		6.84128e+06		100.051		36.3302		0		0		309.81		
00:00:47:250		6.84126e+06		100.051		36.3302		0		0		309.811		
00:00:47:149		6.84124e+06		100.051		36.3305		0		0		309.811		
00:00:46:950		6.84119e+06		100.051		36.3308		0		0		309.811		
00:00:46:850		6.84117e+06		100.051		36.3308		0		0		309.811		
00:00:46:850		6.84117e+06		100.051		36.3308		0		0		309.811		
00:00:46:750		6.84115e+06		100.052		36.3308		0		0		309.811		
00:00:46:649		6.84113e+06		100.052		36.3311		0		0		309.811		
00:00:46:549		6.8411e+06		100.052		36.3311		0		0		309.811		
00:00:46:450		6.84108e+06		100.052		36.3313		0		0		309.811		
00:00:46:350		6.84106e+06		100.052		36.3313		0		0		309.812		
00:00:46:250		6.84104e+06		100.052		36.3313		0		0		309.812		
00:00:46:100		6.84101e+06		100.052		36.3316		0		0		309.812		
00:00:46:100		6.84101e+06		100.052		36.3316		0		0		309.812		
00:00:45:799		6.84096e+06		100.052		36.3319		0		0		309.812		
00:00:45:799		6.84094e+06		100.052		36.3319		0		0		309.812		
00:00:45:799		6.84094e+06		100.052		36.3319		0		0		309.812		
00:00:45:700		6.84092e+06		100.052		36.3322		0		0		309.812		
00:00:45:600		6.8409e+06		100.052		36.3322		0		0		309.812		
00:00:45:399		6.84085e+06		100.052		36.3325		0		0		309.813		
00:00:45:399		6.84085e+06		100.052		36.3325		0		0		309.813		
00:00:45:200		6.84081e+06		100.052		36.3327		0		0		309.813		
00:00:45:200		6.84081e+06		100.052		36.3327		0		0		309.813		
00:00:45:100		6.84079e+06		100.052		36.3327		0		0		309.813		
00:00:44:899		6.84074e+06		100.052		36.333		0		0		309.813		
00:00:44:899		6.84074e+06		100.052		36.333		0		0		309.813		
00:00:44:799		6.84072e+06		100.052		36.333		0		0		309.813		
00:00:44:700		6.8407e+06		100.052		36.3333		0		0		309.813		
00:00:44:600		6.84068e+06		100.052		36.3333		0		0		309.814		
00:00:44:500		6.84065e+06		100.052		36.3333		0		0		309.814		
00:00:44:299		6.84061e+06		100.052		36.3336		0		0		309.814		
00:00:44:200		6.84059e+06		100.053		36.3339		0		0		309.814		
00:00:44:200		6.84059e+06		100.053		36.3339		0		0		309.814		
00:00:44:100		6.84057e+06		100.053		36.3339		0		0		309.814		
00:00:44:000		6.84054e+06		100.053		36.3339		0		0		309.814		
00:00:43:899		6.84052e+06		100.053		36.3341		0		0		309.814		
00:00:43:799		6.8405e+06		100.053		36.3341		0		0		309.814		
00:00:43:700		6.84048e+06		100.053		36.3344		0		0		309.815		
00:00:43:600		6.84046e+06		100.053		36.3344		0		0		309.815		
00:00:43:500		6.84043e+06		100.053		36.3344		0		0		309.815		
00:00:43:399		6.84041e+06		100.053		36.3347		0		0		309.815		
00:00:43:299		6.84039e+06		100.053		36.3347		0		0		309.815		
00:00:43:149		6.84035e+06		100.053		36.335		0		0		309.815		
00:00:43:100		6.84035e+06		100.053		36.335		0		0		309.815		
00:00:42:950		6.84031e+06		100.053		36.3353		0		0		309.815		
00:00:42:850		6.84029e+06		100.053		36.3353		0		0		309.816		
00:00:42:750		6.84027e+06		100.053		36.3353		0		0		309.816		
00:00:42:649		6.84025e+06		100.053		36.3355		0		0		309.816		
00:00:42:549		6.84023e+06		100.053		36.3355		0		0		309.816		
00:00:42:450		6.8402e+06		100.053		36.3358		0		0		309.816		
00:00:42:350		6.84018e+06		100.053		36.3358		0		0		309.816		
00:00:42:250		6.84016e+06		100.053		36.3358		0		0		309.816		
00:00:42:200		6.84015e+06		100.053		36.3361		0		0		309.816		
00:00:42:100		6.84013e+06		100.053		36.3361		0		0		309.816		
00:00:41:899		6.84008e+06		100.053		36.3364		0		0		309.817		
00:00:41:899		6.84008e+06		100.053		36.3364		0		0		309.817		
00:00:41:799		6.84006e+06		100.053		36.3364		0		0		309.817		
00:00:41:700		6.84004e+06		100.053		36.3367		0		0		309.817		
00:00:41:600		6.84002e+06		100.053		36.3367		0		0		309.817		
00:00:41:450		6.83999e+06		100.054		36.337		0		0		309.817		
00:00:41:350		6.83997e+06		100.054		36.337		0		0		309.817		
00:00:41:250		6.83994e+06		100.054		36.337		0		0		309.817		
00:00:41:149		6.83992e+06		100.054		36.3372		0		0		309.817		
00:00:41:049		6.8399e+06		100.054		36.3372		0		0		309.817		
00:00:40:950		6.83988e+06		100.054		36.3375		0		0		309.818		
00:00:40:850		6.83986e+06		100.054		36.3375		0		0		309.818		
00:00:40:750		6.83984e+06		100.054		36.3375		0		0		309.818		
00:00:40:649		6.83982e+06		100.054		36.3378		0		0		309.818		
00:00:40:549		6.83979e+06		100.054		36.3378		0		0		309.818		
00:00:40:450		6.83977e+06		100.054		36.3381		0		0		309.818		
00:00:40:350		6.83975e+06		100.054		36.3381		0		0		309.818		
00:00:40:250		6.83973e+06		100.054		36.3381		0		0		309.818		
00:00:40:149		6.83971e+06		100.054		36.3384		0		0		309.818		
00:00:39:950		6.83966e+06		100.054		36.3386		0		0		309.819		
00:00:39:850		6.83964e+06		100.054		36.3386		0		0		309.819		
00:00:39:850		6.83964e+06		100.054		36.3386		0		0		309.819		
00:00:39:750		6.83962e+06		100.054		36.3386		0		0		309.819		
00:00:39:649		6.8396e+06		100.054		36.3389		0		0		309.819		
00:00:39:549		6.83958e+06		100.054		36.3389		0		0		309.819		
00:00:39:450		6.83956e+06		100.054		36.3392		0		0		309.819		
00:00:39:299		6.83953e+06		100.054		36.3392		0		0		309.819		
00:00:39:200		6.83951e+06		100.054		36.3395		0		0		309.819		
00:00:39:200		6.83951e+06		100.054		36.3395		0		0		309.819		
00:00:39:100		6.83948e+06		100.054		36.3395		0		0		309.82		
00:00:38:899		6.83944e+06		100.055		36.3398		0		0		309.82		
00:00:38:799		6.83942e+06		100.055		36.3398		0		0		309.82		
00:00:38:799		6.83942e+06		100.055		36.3398		0		0		309.82		
00:00:38:649		6.83939e+06		100.055		36.3401		0		0		309.82		
00:00:38:549		6.83937e+06		100.055		36.3401		0		0		309.82		
00:00:38:450		6.83935e+06		100.055		36.3403		0		0		309.82		
00:00:38:350		6.83932e+06		100.055		36.3403		0		0		309.82		
00:00:38:250		6.8393e+06		100.055		36.3403		0		0		309.82		
00:00:38:149		6.83928e+06		100.055		36.3406		0		0		309.82		
00:00:38:049		6.83926e+06		100.055		36.3406		0		0		309.821		
00:00:37:950		6.83924e+06		100.055		36.3409		0		0		309.821		
00:00:37:799		6.83921e+06		100.055		36.3409		0		0		309.821		
00:00:37:799		6.83921e+06		100.055		36.3409		0		0		309.821		
00:00:37:700		6.83919e+06		100.055		36.3412		0		0		309.821		
00:00:37:600		6.83917e+06		100.055		36.3412		0		0		309.821		
00:00:37:500		6.83915e+06		100.055		36.3412		0		0		309.821		
00:00:37:299		6.8391e+06		100.055		36.3415		0		0		309.821		
00:00:37:299		6.8391e+06		100.055		36.3415		0		0		309.821		
00:00:37:200		6.83908e+06		100.055		36.3418		0		0		309.821		
00:00:37:100		6.83906e+06		100.055		36.3418		0		0		309.822		
00:00:37:000		6.83904e+06		100.055		36.3418		0		0		309.822		
00:00:36:899		6.83902e+06		100.055		36.342		0		0		309.822		
00:00:36:799		6.839e+06		100.055		36.342		0		0		309.822		
00:00:36:700		6.83898e+06		100.055		36.3423		0		0		309.822		
00:00:36:600		6.83896e+06		100.055		36.3423		0		0		309.822		
00:00:36:500		6.83894e+06		100.055		36.3423		0		0		309.822		
00:00:36:399		6.83892e+06		100.055		36.3426		0		0		309.822		
00:00:36:200		6.83888e+06		100.056		36.3429		0		0		309.822		
00:00:36:200		6.83888e+06		100.056		36.3429		0		0		309.822		
00:00:36:100		6.83885e+06		100.056		36.3429		0		0		309.822		
00:00:36:000		6.83883e+06		100.056		36.3429		0		0		309.823		
00:00:35:899		6.83881e+06		100.056		36.3432		0		0		309.823		
00:00:35:799		6.83879e+06		100.056		36.3432		0		0		309.823		
00:00:35:700		6.83877e+06		100.056		36.3434		0		0		309.823		
00:00:35:600		6.83875e+06		100.056		36.3434		0		0		309.823		
00:00:35:450		6.83872e+06		100.056		36.3437		0		0		309.823		
00:00:35:350		6.8387e+06		100.056		36.3437		0		0		309.823		
00:00:35:299		6.83869e+06		100.056		36.3437		0		0		309.823		
00:00:35:200		6.83867e+06		100.056		36.344		0		0		309.823		
00:00:35:100		6.83865e+06		100.056		36.344		0		0		309.823		
00:00:34:899		6.83861e+06		100.056		36.3443		0		0		309.824		
00:00:34:899		6.83861e+06		100.056		36.3443		0		0		309.824		
00:00:34:750		6.83858e+06		100.056		36.3443		0		0		309.824		
00:00:34:649		6.83855e+06		100.056		36.3446		0		0		309.824		
00:00:34:600		6.83854e+06		100.056		36.3446		0		0		309.824		
00:00:34:500		6.83852e+06		100.056		36.3446		0		0		309.824		
00:00:34:399		6.8385e+06		100.056		36.3449		0		0		309.824		
00:00:34:299		6.83848e+06		100.056		36.3449		0		0		309.824		
00:00:34:200		6.83846e+06		100.056		36.3451		0		0		309.824		
00:00:34:100		6.83844e+06		100.056		36.3451		0		0		309.824		
00:00:33:899		6.8384e+06		100.056		36.3454		0		0		309.825		
00:00:33:899		6.8384e+06		100.056		36.3454		0		0		309.825		
00:00:33:799		6.83838e+06		100.056		36.3454		0		0		309.825		
00:00:33:700		6.83836e+06		100.056		36.3457		0		0		309.825		
00:00:33:600		6.83834e+06		100.056		36.3457		0		0		309.825		
00:00:33:500		6.83832e+06		100.057		36.3457		0		0		309.825		
00:00:33:399		6.8383e+06		100.057		36.346		0		0		309.825		
00:00:33:250		6.83827e+06		100.057		36.346		0		0		309.825		
00:00:33:149		6.83825e+06		100.057		36.3463		0		0		309.825		
00:00:33:049		6.83823e+06		100.057		36.3463		0		0		309.825		
00:00:32:950		6.83821e+06		100.057		36.3466		0		0		309.825		
00:00:32:850		6.83819e+06		100.057		36.3466		0		0		309.825		
00:00:32:750		6.83817e+06		100.057		36.3466		0		0		309.826		
00:00:32:649		6.83815e+06		100.057		36.3468		0		0		309.826		
00:00:32:549		6.83813e+06		100.057		36.3468		0		0		309.826		
00:00:32:450		6.83811e+06		100.057		36.3471		0		0		309.826		
00:00:32:350		6.83809e+06		100.057		36.3471		0		0		309.826		
00:00:32:250		6.83807e+06		100.057		36.3471		0		0		309.826		
00:00:32:149		6.83805e+06		100.057		36.3474		0		0		309.826		
00:00:32:049		6.83803e+06		100.057		36.3474		0		0		309.826		
00:00:31:949		6.83801e+06		100.057		36.3477		0		0		309.826		
00:00:31:850		6.83799e+06		100.057		36.3477		0		0		309.826		
00:00:31:750		6.83797e+06		100.057		36.3477		0		0		309.826		
00:00:31:649		6.83795e+06		100.057		36.348		0		0		309.826		
00:00:31:550		6.83793e+06		100.057		36.348		0		0		309.827		
00:00:31:449		6.8379e+06		100.057		36.3483		0		0		309.827		
00:00:31:300		6.83788e+06		100.057		36.3483		0		0		309.827		
00:00:31:300		6.83788e+06		100.057		36.3483		0		0		309.827		
00:00:31:199		6.83786e+06		100.057		36.3485		0		0		309.827		
00:00:31:100		6.83784e+06		100.057		36.3485		0		0		309.827		
00:00:30:899		6.8378e+06		100.058		36.3488		0		0		309.827		
00:00:30:800		6.83778e+06		100.058		36.3488		0		0		309.827		
00:00:30:800		6.83778e+06		100.058		36.3488		0		0		309.827		
00:00:30:649		6.83775e+06		100.058		36.3491		0		0		309.827		
00:00:30:550		6.83773e+06		100.058		36.3491		0		0		309.827		
00:00:30:449		6.83771e+06		100.058		36.3494		0		0		309.827		
00:00:30:350		6.83769e+06		100.058		36.3494		0		0		309.827		
00:00:30:250		6.83767e+06		100.058		36.3494		0		0		309.828		
00:00:30:149		6.83765e+06		100.058		36.3497		0		0		309.828		
00:00:29:949		6.83761e+06		100.058		36.3499		0		0		309.828		
00:00:29:949		6.83761e+06		100.058		36.3499		0		0		309.828		
00:00:29:850		6.83759e+06		100.058		36.3499		0		0		309.828		
00:00:29:750		6.83757e+06		100.058		36.3499		0		0		309.828		
00:00:29:649		6.83755e+06		100.058		36.3502		0		0		309.828		
00:00:29:550		6.83753e+06		100.058		36.3502		0		0		309.828		
00:00:29:449		6.83751e+06		100.058		36.3505		0		0		309.828		
00:00:29:300		6.83748e+06		100.058		36.3505		0		0		309.828		
00:00:29:199		6.83746e+06		100.058		36.3508		0		0		309.828		
00:00:29:199		6.83746e+06		100.058		36.3508		0		0		309.828		
00:00:29:100		6.83744e+06		100.058		36.3508		0		0		309.828		
00:00:28:899		6.8374e+06		100.058		36.3511		0		0		309.829		
00:00:28:800		6.83738e+06		100.058		36.3511		0		0		309.829		
00:00:28:800		6.83738e+06		100.058		36.3511		0		0		309.829		
00:00:28:699		6.83736e+06		100.058		36.3514		0		0		309.829		
00:00:28:600		6.83734e+06		100.058		36.3514		0		0		309.829		
00:00:28:500		6.83732e+06		100.058		36.3514		0		0		309.829		
00:00:28:399		6.8373e+06		100.058		36.3517		0		0		309.829		
00:00:28:300		6.83728e+06		100.058		36.3517		0		0		309.829		
00:00:28:100		6.83725e+06		100.059		36.3519		0		0		309.829		
00:00:28:100		6.83725e+06		100.059		36.3519		0		0		309.829		
00:00:27:899		6.83721e+06		100.059		36.3522		0		0		309.829		
00:00:27:899		6.83721e+06		100.059		36.3522		0		0		309.829		
00:00:27:800		6.83719e+06		100.059		36.3522		0		0		309.829		
00:00:27:600		6.83715e+06		100.059		36.3525		0		0		309.829		
00:00:27:600		6.83715e+06		100.059		36.3525		0		0		309.829		
00:00:27:500		6.83713e+06		100.059		36.3525		0		0		309.829		
00:00:27:399		6.83711e+06		100.059		36.3528		0		0		309.83		
00:00:27:300		6.83709e+06		100.059		36.3528		0		0		309.83		
00:00:27:199		6.83707e+06		100.059		36.3531		0		0		309.83		
00:00:27:100		6.83705e+06		100.059		36.3531		0		0		309.83		
00:00:26:850		6.83701e+06		100.059		36.3533		0		0		309.83		
00:00:26:850		6.83701e+06		100.059		36.3533		0		0		309.83		
00:00:26:800		6.837e+06		100.059		36.3533		0		0		309.83		
00:00:26:699		6.83698e+06		100.059		36.3536		0		0		309.83		
00:00:26:600		6.83696e+06		100.059		36.3536		0		0		309.83		
00:00:26:500		6.83694e+06		100.059		36.3536		0		0		309.83		
00:00:26:399		6.83692e+06		100.059		36.3539		0		0		309.83		
00:00:26:300		6.8369e+06		100.059		36.3539		0		0		309.83		
00:00:26:199		6.83688e+06		100.059		36.3542		0		0		309.83		
00:00:26:100		6.83686e+06		100.059		36.3542		0		0		309.83		
00:00:25:899		6.83682e+06		100.059		36.3545		0		0		309.83		
00:00:25:899		6.83682e+06		100.059		36.3545		0		0		309.83		
00:00:25:699		6.83679e+06		100.059		36.3548		0		0		309.831		
00:00:25:699		6.83679e+06		100.059		36.3548		0		0		309.831		
00:00:25:600		6.83677e+06		100.059		36.3548		0		0		309.831		
00:00:25:500		6.83675e+06		100.06		36.3548		0		0		309.831		
00:00:25:399		6.83673e+06		100.06		36.355		0		0		309.831		
00:00:25:300		6.83671e+06		100.06		36.355		0		0		309.831		
00:00:25:199		6.83668e+06		100.06		36.3553		0		0		309.831		
00:00:25:050		6.83667e+06		100.06		36.3553		0		0		309.831		
00:00:24:949		6.83664e+06		100.06		36.3556		0		0		309.831		
00:00:24:850		6.83663e+06		100.06		36.3556		0		0		309.831		
00:00:24:750		6.83661e+06		100.06		36.3556		0		0		309.831		
00:00:24:649		6.83659e+06		100.06		36.3559		0		0		309.831		
00:00:24:550		6.83657e+06		100.06		36.3559		0		0		309.831		
00:00:24:449		6.83656e+06		100.06		36.3562		0		0		309.831		
00:00:24:350		6.83653e+06		100.06		36.3562		0		0		309.831		
00:00:24:250		6.83652e+06		100.06		36.3562		0		0		309.831		
00:00:24:149		6.8365e+06		100.06		36.3565		0		0		309.831		
00:00:24:050		6.83648e+06		100.06		36.3565		0		0		309.831		
00:00:23:949		6.83646e+06		100.06		36.3568		0		0		309.831		
00:00:23:850		6.83644e+06		100.06		36.3568		0		0		309.831		
00:00:23:750		6.83642e+06		100.06		36.3568		0		0		309.831		
00:00:23:649		6.8364e+06		100.06		36.357		0		0		309.832		
00:00:23:550		6.83639e+06		100.06		36.357		0		0		309.832		
00:00:23:449		6.83637e+06		100.06		36.3573		0		0		309.832		
00:00:23:350		6.83635e+06		100.06		36.3573		0		0		309.832		
00:00:23:250		6.83633e+06		100.06		36.3573		0		0		309.832		
00:00:23:149		6.83631e+06		100.06		36.3576		0		0		309.832		
00:00:23:050		6.83629e+06		100.06		36.3576		0		0		309.832		
00:00:22:949		6.83627e+06		100.061		36.3579		0		0		309.832		
00:00:22:850		6.83626e+06		100.061		36.3579		0		0		309.832		
00:00:22:750		6.83623e+06		100.061		36.3582		0		0		309.832		
00:00:22:750		6.83623e+06		100.061		36.3582		0		0		309.832		
00:00:22:500		6.83619e+06		100.061		36.3582		0		0		309.832		
00:00:22:500		6.83619e+06		100.061		36.3582		0		0		309.832		
00:00:22:300		6.83616e+06		100.061		36.3585		0		0		309.832		
00:00:22:300		6.83616e+06		100.061		36.3585		0		0		309.832		
00:00:22:149		6.83613e+06		100.061		36.3587		0		0		309.832		
00:00:22:050		6.83611e+06		100.061		36.3587		0		0		309.832		
00:00:21:949		6.83609e+06		100.061		36.359		0		0		309.832		
00:00:21:850		6.83607e+06		100.061		36.359		0		0		309.832		
00:00:21:750		6.83605e+06		100.061		36.359		0		0		309.832		
00:00:21:649		6.83604e+06		100.061		36.3593		0		0		309.832		
00:00:21:550		6.83602e+06		100.061		36.3593		0		0		309.832		
00:00:21:449		6.836e+06		100.061		36.3596		0		0		309.833		
00:00:21:350		6.83598e+06		100.061		36.3596		0		0		309.833		
00:00:21:250		6.83596e+06		100.061		36.3596		0		0		309.833		
00:00:21:100		6.83594e+06		100.061		36.3599		0		0		309.833		
00:00:21:100		6.83594e+06		100.061		36.3599		0		0		309.833		
00:00:21:000		6.83592e+06		100.061		36.3599		0		0		309.833		
00:00:20:800		6.83588e+06		100.061		36.3602		0		0		309.833		
00:00:20:800		6.83588e+06		100.061		36.3602		0		0		309.833		
00:00:20:600		6.83585e+06		100.061		36.3605		0		0		309.833		
00:00:20:600		6.83585e+06		100.061		36.3605		0		0		309.833		
00:00:20:500		6.83583e+06		100.061		36.3605		0		0		309.833		
00:00:20:399		6.83581e+06		100.061		36.3607		0		0		309.833		
00:00:20:300		6.83579e+06		100.061		36.3607		0		0		309.834		
00:00:20:199		6.83577e+06		100.062		36.361		0		0		309.834		
00:00:20:100		6.83575e+06		100.062		36.361		0		0		309.834		
00:00:19:899		6.83572e+06		100.062		36.3613		0		0		309.834		
00:00:19:800		6.8357e+06		100.062		36.3613		0		0		309.834		
00:00:19:800		6.8357e+06		100.062		36.3613		0		0		309.834		
00:00:19:699		6.83568e+06		100.062		36.3616		0		0		309.834		
00:00:19:600		6.83566e+06		100.062		36.3616		0		0		309.834		
00:00:19:500		6.83564e+06		100.062		36.3616		0		0		309.834		
00:00:19:399		6.83563e+06		100.062		36.3619		0		0		309.834		
00:00:19:300		6.83561e+06		100.062		36.3619		0		0		309.834		
00:00:19:199		6.83559e+06		100.062		36.3622		0		0		309.834		
00:00:19:000		6.83555e+06		100.062		36.3622		0		0		309.835		
00:00:18:899		6.83553e+06		100.062		36.3625		0		0		309.835		
00:00:18:899		6.83553e+06		100.062		36.3625		0		0		309.835		
00:00:18:800		6.83551e+06		100.062		36.3625		0		0		309.835		
00:00:18:699		6.83549e+06		100.062		36.3627		0		0		309.835		
00:00:18:550		6.83547e+06		100.062		36.3627		0		0		309.835		
00:00:18:449		6.83545e+06		100.062		36.363		0		0		309.835		
00:00:18:350		6.83543e+06		100.062		36.363		0		0		309.835		
00:00:18:250		6.83541e+06		100.062		36.363		0		0		309.835		
00:00:18:149		6.83539e+06		100.062		36.3633		0		0		309.835		
00:00:18:050		6.83537e+06		100.062		36.3633		0		0		309.835		
00:00:17:949		6.83535e+06		100.062		36.3636		0		0		309.835		
00:00:17:850		6.83533e+06		100.062		36.3636		0		0		309.835		
00:00:17:750		6.83532e+06		100.062		36.3636		0		0		309.836		
00:00:17:649		6.8353e+06		100.062		36.3639		0		0		309.836		
00:00:17:550		6.83528e+06		100.062		36.3639		0		0		309.836		
00:00:17:449		6.83526e+06		100.063		36.3642		0		0		309.836		
00:00:17:350		6.83524e+06		100.063		36.3642		0		0		309.836		
00:00:17:250		6.83522e+06		100.063		36.3642		0		0		309.836		
00:00:17:149		6.8352e+06		100.063		36.3644		0		0		309.836		
00:00:17:050		6.83518e+06		100.063		36.3644		0		0		309.836		
00:00:16:949		6.83516e+06		100.063		36.3647		0		0		309.836		
00:00:16:850		6.83514e+06		100.063		36.3647		0		0		309.836		
00:00:16:750		6.83512e+06		100.063		36.3647		0		0		309.836		
00:00:16:649		6.8351e+06		100.063		36.365		0		0		309.836		
00:00:16:649		6.8351e+06		100.063		36.365		0		0		309.836		
00:00:16:500		6.83508e+06		100.063		36.365		0		0		309.836		
00:00:16:399		6.83506e+06		100.063		36.3653		0		0		309.836		
00:00:16:199		6.83502e+06		100.063		36.3656		0		0		309.837		
00:00:16:199		6.83502e+06		100.063		36.3656		0		0		309.837		
00:00:16:100		6.835e+06		100.063		36.3656		0		0		309.837		
00:00:15:900		6.83496e+06		100.063		36.3659		0		0		309.837		
00:00:15:800		6.83494e+06		100.063		36.3659		0		0		309.837		
00:00:15:800		6.83494e+06		100.063		36.3659		0		0		309.837		
00:00:15:699		6.83492e+06		100.063		36.3662		0		0		309.837		
00:00:15:599		6.8349e+06		100.063		36.3662		0		0		309.837		
00:00:15:500		6.83488e+06		100.063		36.3662		0		0		309.837		
00:00:15:400		6.83486e+06		100.063		36.3664		0		0		309.837		
00:00:15:300		6.83484e+06		100.063		36.3664		0		0		309.837		
00:00:15:199		6.83482e+06		100.063		36.3667		0		0		309.837		
00:00:15:099		6.8348e+06		100.063		36.3667		0		0		309.837		
00:00:14:900		6.83477e+06		100.063		36.367		0		0		309.837		
00:00:14:800		6.83474e+06		100.063		36.367		0		0		309.837		
00:00:14:800		6.83474e+06		100.063		36.367		0		0		309.837		
00:00:14:699		6.83473e+06		100.064		36.3673		0		0		309.838		
00:00:14:599		6.83471e+06		100.064		36.3673		0		0		309.838		
00:00:14:500		6.83468e+06		100.064		36.3673		0		0		309.838		
00:00:14:400		6.83466e+06		100.064		36.3676		0		0		309.838		
00:00:14:300		6.83465e+06		100.064		36.3676		0		0		309.838		
00:00:14:199		6.83463e+06		100.064		36.3679		0		0		309.838		
00:00:14:099		6.83461e+06		100.064		36.3679		0		0		309.838		
00:00:13:900		6.83457e+06		100.064		36.3681		0		0		309.838		
00:00:13:750		6.83454e+06		100.064		36.3681		0		0		309.838		
00:00:13:750		6.83454e+06		100.064		36.3681		0		0		309.838		
00:00:13:699		6.83453e+06		100.064		36.3684		0		0		309.838		
00:00:13:599		6.83450e+06		100.064		36.3684		0		0		309.838		
00:00:13:500		6.83449e+06		100.064		36.3684		0		0		309.838		
00:00:13:400		6.83447e+06		100.064		36.3687		0		0		309.838		
00:00:13:300		6.83444e+06		100.064		36.3687		0		0		309.838		
00:00:13:150		6.83441e+06		100.064		36.369		0		0		309.838		
00:00:13:050		6.83439e+06		100.064		36.369		0		0		309.838		
00:00:12:949		6.83437e+06		100.064		36.3693		0		0		309.838		
00:00:12:849		6.83436e+06		100.064		36.3693		0		0		309.838		
00:00:12:750		6.83433e+06		100.064		36.3693		0		0		309.838		
00:00:12:650		6.83431e+06		100.064		36.3695		0		0		309.838		
00:00:12:599		6.8343e+06		100.064		36.3695		0		0		309.838		
00:00:12:500		6.83428e+06		100.064		36.3695		0		0		309.838		
00:00:12:400		6.83426e+06		100.064		36.3698		0		0		309.838		
00:00:12:250		6.83423e+06		100.065		36.3698		0		0		309.838		
00:00:12:150		6.83421e+06		100.065		36.3701		0		0		309.838		
00:00:12:050		6.83419e+06		100.065		36.3701		0		0		309.838		
00:00:11:949		6.83417e+06		100.065		36.3704		0		0		309.838		
00:00:11:849		6.83415e+06		100.065		36.3704		0		0		309.838		
00:00:11:750		6.83413e+06		100.065		36.3704		0		0		309.838		
00:00:11:650		6.83411e+06		100.065		36.3707		0		0		309.838		
00:00:11:550		6.83409e+06		100.065		36.3707		0		0		309.838		
00:00:11:449		6.83407e+06		100.065		36.371		0		0		309.838		
00:00:11:349		6.83405e+06		100.065		36.371		0		0		309.838		
00:00:11:250		6.83402e+06		100.065		36.371		0		0		309.838		
00:00:11:150		6.834e+06		100.065		36.3712		0		0		309.838		
00:00:11:050		6.83398e+06		100.065		36.3712		0		0		309.838		
00:00:11:050		6.83398e+06		100.065		36.3712		0		0		309.838		
00:00:10:800		6.83393e+06		100.065		36.3715		0		0		309.838		
00:00:10:800		6.83393e+06		100.065		36.3715		0		0		309.838		
00:00:10:599		6.83389e+06		100.065		36.3718		0		0		309.838		
00:00:10:599		6.83389e+06		100.065		36.3718		0		0		309.838		
00:00:10:449		6.83385e+06		100.065		36.3721		0		0		309.838		
00:00:10:449		6.83385e+06		100.065		36.3721		0		0		309.838		
00:00:10:300		6.83382e+06		100.065		36.3721		0		0		309.838		
00:00:10:199		6.8338e+06		100.065		36.3724		0		0		309.838		
00:00:10:099		6.83378e+06		100.065		36.3724		0		0		309.838		
00:00:10:000		6.83376e+06		100.065		36.3724		0		0		309.838		
00:00:09:800		6.83371e+06		100.065		36.3727		0		0		309.838		
00:00:09:800		6.83371e+06		100.065		36.3727		0		0		309.838		
00:00:09:699		6.83369e+06		100.065		36.3729		0		0		309.838		
00:00:09:599		6.83367e+06		100.065		36.3729		0		0		309.838		
00:00:09:500		6.83365e+06		100.066		36.3729		0		0		309.838		
00:00:09:400		6.83362e+06		100.066		36.3732		0		0		309.837		
00:00:09:300		6.8336e+06		100.066		36.3732		0		0		309.837		
00:00:09:199		6.83358e+06		100.066		36.3735		0		0		309.837		
00:00:08:900		6.83351e+06		100.066		36.3738		0		0		309.837		
00:00:08:900		6.83351e+06		100.066		36.3738		0		0		309.837		
00:00:08:800		6.83349e+06		100.066		36.3738		0		0		309.837		
00:00:08:800		6.83349e+06		100.066		36.3738		0		0		309.837		
00:00:08:699		6.83346e+06		100.066		36.3741		0		0		309.837		
00:00:08:599		6.83344e+06		100.066		36.3741		0		0		309.837		
00:00:08:500		6.83342e+06		100.066		36.3741		0		0		309.837		
00:00:08:400		6.83339e+06		100.066		36.3744		0		0		309.837		
00:00:08:300		6.83337e+06		100.066		36.3744		0		0		309.837		
00:00:08:199		6.83335e+06		100.066		36.3746		0		0		309.837		
00:00:08:099		6.83332e+06		100.066		36.3746		0		0		309.837		
00:00:07:849		6.83326e+06		100.066		36.3749		0		0		309.837		
00:00:07:750		6.83324e+06		100.066		36.3749		0		0		309.837		
00:00:07:750		6.83324e+06		100.066		36.3749		0		0		309.837		
00:00:07:650		6.83321e+06		100.066		36.3752		0		0		309.837		
00:00:07:549		6.83319e+06		100.066		36.3752		0		0		309.837		
00:00:07:450		6.83316e+06		100.066		36.3755		0		0		309.837		
00:00:07:349		6.83313e+06		100.066		36.3755		0		0		309.837		
00:00:07:250		6.83311e+06		100.066		36.3755		0		0		309.837		
00:00:07:150		6.83308e+06		100.066		36.3758		0		0		309.837		
00:00:07:049		6.83306e+06		100.066		36.3758		0		0		309.837		
00:00:06:950		6.83303e+06		100.066		36.376		0		0		309.837		
00:00:06:849		6.83300e+06		100.066		36.376		0		0		309.837		
00:00:06:750		6.83297e+06		100.067		36.376		0		0		309.837		
00:00:06:650		6.83295e+06		100.067		36.3763		0		0		309.837		
00:00:06:549		6.83292e+06		100.067		36.3763		0		0		309.837		
00:00:06:450		6.83289e+06		100.067		36.3766		0		0		309.837		
00:00:06:349		6.83287e+06		100.067		36.3766		0		0		309.837		
00:00:06:250		6.83284e+06		100.067		36.3766		0		0		309.837		
00:00:06:150		6.83281e+06		100.067		36.3769		0		0		309.837		
00:00:06:049		6.83278e+06		100.067		36.3769		0		0		309.837		
00:00:05:950		6.83275e+06		100.067		36.3772		0		0		309.837		
00:00:05:799		6.83271e+06		100.067		36.3772		0		0		309.837		
00:00:05:799		6.83271e+06		100.067		36.3772		0		0		309.837		
00:00:05:700		6.83268e+06		100.067		36.3775		0		0		309.837		
00:00:05:599		6.83265e+06		100.067		36.3775		0		0		309.838		
00:00:05:400		6.83259e+06		100.067		36.3777		0		0		309.838		
00:00:05:400		6.83259e+06		100.067		36.3777		0		0		309.838		
00:00:05:299		6.83256e+06		100.067		36.3777		0		0		309.838		
00:00:05:099		6.8325e+06		100.067		36.378		0		0		309.838		
00:00:05:099		6.8325e+06		100.067		36.378		0		0		309.838		
00:00:05:000		6.83247e+06		100.067		36.378		0		0		309.838		
00:00:04:799		6.83241e+06		100.067		36.3783		0		0		309.839		
00:00:04:799		6.83241e+06		100.067		36.3783		0		0		309.839		
00:00:04:700		6.83238e+06		100.067		36.3786		0		0		309.839		
00:00:04:599		6.83235e+06		100.067		36.3786		0		0		309.839		
00:00:04:500		6.83232e+06		100.067		36.3786		0		0		309.839		
00:00:04:299		6.83226e+06		100.067		36.3789		0		0		309.84		
00:00:04:299		6.83226e+06		100.067		36.3789		0		0		309.84		
00:00:04:200		6.83222e+06		100.068		36.3792		0		0		309.84		
00:00:04:099		6.83219e+06		100.068		36.3792		0		0		309.84		
00:00:04:000		6.83216e+06		100.068		36.3792		0		0		309.84		
00:00:03:799		6.8321e+06		100.068		36.3794		0		0		309.841		
00:00:03:799		6.8321e+06		100.068		36.3794		0		0		309.841		
00:00:03:700		6.83206e+06		100.068		36.3797		0		0		309.841		
00:00:03:600		6.83203e+06		100.068		36.3797		0		0		309.841		
00:00:03:500		6.832e+06		100.068		36.3797		0		0		309.842		
00:00:03:399		6.83197e+06		100.068		36.38		0		0		309.842		
00:00:03:299		6.83194e+06		100.068		36.38		0		0		309.842		
00:00:03:200		6.8319e+06		100.068		36.3803		0		0		309.843		
00:00:03:100		6.83187e+06		100.068		36.3803		0		0		309.843		
00:00:02:899		6.83181e+06		100.068		36.3806		0		0		309.844		
00:00:02:799		6.83178e+06		100.068		36.3806		0		0		309.844		
00:00:02:799		6.83178e+06		100.068		36.3806		0		0		309.844		
00:00:02:700		6.83175e+06		100.068		36.3808		0		0		309.844		
00:00:02:600		6.83172e+06		100.068		36.3808		0		0		309.844		
00:00:02:450		6.83167e+06		100.068		36.3811		0		0		309.844		
00:00:02:350		6.83164e+06		100.068		36.3811		0		0		309.844		
00:00:02:250		6.83161e+06		100.068		36.3811		0		0		309.845		
00:00:02:149		6.83158e+06		100.068		36.3814		0		0		309.846		
00:00:02:049		6.83155e+06		100.068		36.3814		0		0		309.847		
00:00:01:949		6.83152e+06		100.068		36.3817		0		0		309.848		
00:00:01:850		6.83149e+06		100.068		36.3817		0		0		309.85		
00:00:01:750		6.83146e+06		100.068		36.3817		0		0		309.85		
00:00:01:649		6.83143e+06		100.068		36.382		0		0		309.85		
00:00:01:550		6.8314e+06		100.068		36.382		0		0		309.85		
00:00:01:449		6.83137e+06		100.069		36.3823		0		0		309.848		
00:00:01:350		6.83134e+06		100.069		36.3823		0		0		309.846		
00:00:01:250		6.83131e+06		100.069		36.3823		0		0		309.843		
00:00:01:149		6.83128e+06		100.069		36.3825		0		0		309.841		
00:00:01:050		6.83125e+06		100.069		36.3825		0		0		309.839		
00:00:00:949		6.83122e+06		100.069		36.3828		0		0		309.839		
00:00:00:849		6.8312e+06		100.069		36.3828		0		0		309.84		
00:00:00:750		6.83119e+06		100.069		36.3828		0		0		309.842		
00:00:00:650		6.83117e+06		100.069		36.3831		0		0		309.846		
00:00:00:550		6.83117e+06		100.069		36.3831		0		0		309.846		
00:00:00:450		6.83117e+06		100.069		36.3834		0		0		309.846		
00:00:00:349		6.83116e+06		100.069		36.3834		0		0		309.846		
00:00:00:200		6.83116e+06		100.069		36.3837		0		0		309.846		
00:00:00:200		6.83116e+06		100.069		36.3837		0		0		309.846		
00:00:00:100		6.83116e+06		100.069		36.3837		0		0		309.846		
00:00:00:000		6.83115e+06		100.069		36.3837		0		0		309.846		
00:00:00:000		6.83115e+06		100.069		36.3837		0		0		309.846		
00:00:00:000		6.83115e+06		100.069		36.3837		0		0		309.846		
00:00:00:000		6.83115e+06		100.069		36.3837		0		0		309.846		
00:00:00:000		6.83115e+06		100.069		36.3837		0		0		309.846		
