	time 		rcpppzr	rcp054rcp007mnzoyout	rcv501std0102fvol	fwfrcp001gv	rcppmssga	msfsg(1)	
00:01:08:200		1.54343e+07		0.0923147		2.99961		526.94		6.96945e+06		527.202		
00:01:08:099		1.54343e+07		0.0924292		2.99918		526.942		6.96944e+06		527.201		
00:01:08:000		1.54344e+07		0.0925441		2.99884		526.942		6.96943e+06		527.2		
00:01:07:900		1.54344e+07		0.0926585		2.99853		526.944		6.96942e+06		527.201		
00:01:07:799		1.54345e+07		0.092773		2.99822		526.945		6.96942e+06		527.202		
00:01:07:700		1.54345e+07		0.0928879		2.99802		526.947		6.96941e+06		527.201		
00:01:07:599		1.54346e+07		0.0930023		2.99755		526.947		6.9694e+06		527.2		
00:01:07:500		1.54346e+07		0.0931172		2.99715		526.949		6.96939e+06		527.199		
00:01:07:400		1.54347e+07		0.0932317		2.99686		526.949		6.96938e+06		527.198		
00:01:07:299		1.54347e+07		0.0933466		2.99656		526.951		6.96938e+06		527.221		
00:01:07:200		1.54348e+07		0.0934615		2.99622		526.953		6.96937e+06		527.2		
00:01:07:049		1.54348e+07		0.0936337		2.99571		526.955		6.96936e+06		527.2		
00:01:07:000		1.54349e+07		0.0936904		2.99557		526.955		6.96935e+06		527.2		
00:01:06:900		1.54349e+07		0.0938048		2.99527		526.957		6.96934e+06		527.2		
00:01:06:750		1.5435e+07		0.093977		2.99473		526.958		6.96933e+06		527.199		
00:01:06:650		1.5435e+07		0.0940919		2.99442		526.96		6.96932e+06		527.199		
00:01:06:549		1.54351e+07		0.0942063		2.99409		526.962		6.96932e+06		527.199		
00:01:06:450		1.54351e+07		0.0943213		2.99374		526.964		6.96931e+06		527.198		
00:01:06:349		1.54352e+07		0.0944357		2.99332		526.966		6.9693e+06		527.197		
00:01:06:250		1.54352e+07		0.0945506		2.99305		526.968		6.96929e+06		527.196		
00:01:06:150		1.54352e+07		0.0946655		2.99276		526.968		6.96928e+06		527.195		
00:01:06:049		1.54353e+07		0.09478		2.99241		526.97		6.96928e+06		527.197		
00:01:05:950		1.54353e+07		0.0948949		2.99202		526.971		6.96927e+06		527.195		
00:01:05:950		1.54353e+07		0.0948949		2.99202		526.971		6.96927e+06		527.195		
00:01:05:849		1.54354e+07		0.0950093		2.99172		526.973		6.96926e+06		527.191		
00:01:05:750		1.54354e+07		0.0951242		2.99142		526.975		6.96925e+06		527.199		
00:01:05:650		1.54355e+07		0.0952392		2.99108		526.975		6.96924e+06		527.198		
00:01:05:450		1.54356e+07		0.095469		2.9903		526.979		6.96923e+06		527.192		
00:01:05:349		1.54356e+07		0.0955834		2.99001		526.981		6.96922e+06		527.199		
00:01:05:250		1.54357e+07		0.0956984		2.98974		526.982		6.96921e+06		527.198		
00:01:05:150		1.54357e+07		0.0958133		2.98932		526.984		6.9692e+06		527.198		
00:01:05:049		1.54358e+07		0.0959282		2.98896		526.986		6.96919e+06		527.192		
00:01:05:049		1.54358e+07		0.0959282		2.98896		526.986		6.96919e+06		527.192		
00:01:04:950		1.54358e+07		0.0960426		2.98863		526.988		6.96918e+06		527.199		
00:01:04:750		1.54359e+07		0.0962725		2.98798		526.992		6.96917e+06		527.193		
00:01:04:750		1.54359e+07		0.0962725		2.98798		526.992		6.96917e+06		527.193		
00:01:04:650		1.54359e+07		0.0963874		2.9876		526.994		6.96916e+06		527.2		
00:01:04:450		1.5436e+07		0.0966172		2.98695		526.997		6.96914e+06		527.199		
00:01:04:299		1.54361e+07		0.0967894		2.98642		526.999		6.96913e+06		527.197		
00:01:04:299		1.54361e+07		0.0967894		2.98642		526.999		6.96913e+06		527.197		
00:01:04:200		1.54362e+07		0.0969048		2.98603		527.003		6.96912e+06		527.199		
00:01:04:099		1.54362e+07		0.0970197		2.98564		527.005		6.96911e+06		527.199		
00:01:04:000		1.54362e+07		0.0971346		2.98538		527.005		6.9691e+06		527.198		
00:01:03:899		1.54363e+07		0.0972495		2.98508		527.007		6.9691e+06		527.2		
00:01:03:799		1.54363e+07		0.0973649		2.98477		527.01		6.96909e+06		527.2		
00:01:03:700		1.54364e+07		0.0974793		2.98431		527.01		6.96908e+06		527.2		
00:01:03:600		1.54364e+07		0.0975947		2.98396		527.012		6.96907e+06		527.199		
00:01:03:500		1.54365e+07		0.0977097		2.98366		527.014		6.96906e+06		527.191		
00:01:03:399		1.54365e+07		0.0978251		2.98336		527.016		6.96905e+06		527.201		
00:01:03:299		1.54366e+07		0.09794		2.98301		527.018		6.96904e+06		527.202		
00:01:03:200		1.54366e+07		0.0980554		2.98267		527.02		6.96904e+06		527.202		
00:01:03:100		1.54367e+07		0.0981708		2.98232		527.021		6.96903e+06		527.203		
00:01:03:000		1.54367e+07		0.0982857		2.98197		527.023		6.96902e+06		527.204		
00:01:02:899		1.54368e+07		0.0984011		2.98172		527.025		6.96901e+06		527.203		
00:01:02:799		1.54368e+07		0.098516		2.98133		527.027		6.969e+06		527.204		
00:01:02:700		1.54369e+07		0.0986319		2.98098		527.029		6.96899e+06		527.205		
00:01:02:600		1.54369e+07		0.0987468		2.98064		527.031		6.96898e+06		527.204		
00:01:02:500		1.54369e+07		0.0988622		2.9803		527.029		6.96897e+06		527.205		
00:01:02:399		1.5437e+07		0.0989776		2.98		527.036		6.96897e+06		527.197		
00:01:02:299		1.5437e+07		0.0990934		2.97965		527.038		6.96896e+06		527.202		
00:01:02:200		1.54371e+07		0.0992084		2.97922		527.04		6.96895e+06		527.196		
00:01:02:100		1.54371e+07		0.0993237		2.97896		527.042		6.96894e+06		527.207		
00:01:02:000		1.54372e+07		0.0994391		2.9787		527.044		6.96893e+06		527.207		
00:01:01:899		1.54372e+07		0.099555		2.97827		527.045		6.96892e+06		527.208		
00:01:01:799		1.54373e+07		0.0996704		2.97792		527.047		6.96891e+06		527.208		
00:01:01:700		1.54373e+07		0.0997863		2.97754		527.049		6.96891e+06		527.209		
00:01:01:600		1.54374e+07		0.0999017		2.97727		527.053		6.9689e+06		527.209		
00:01:01:450		1.54374e+07		0.100075		2.97682		527.055		6.96888e+06		527.21		
00:01:01:350		1.54375e+07		0.100191		2.97643		527.057		6.96887e+06		527.21		
00:01:01:250		1.54375e+07		0.100307		2.97608		527.06		6.96887e+06		527.208		
00:01:01:149		1.54376e+07		0.100422		2.97573		527.062		6.96886e+06		527.231		
00:01:01:049		1.54376e+07		0.100538		2.97539		527.064		6.96885e+06		527.212		
00:01:00:950		1.54377e+07		0.100654		2.97504		527.066		6.96884e+06		527.213		
00:01:00:950		1.54377e+07		0.100654		2.97504		527.066		6.96884e+06		527.213		
00:01:00:850		1.54377e+07		0.10077		2.97469		527.068		6.96883e+06		527.213		
00:01:00:649		1.54378e+07		0.101002		2.97399		527.073		6.96881e+06		527.214		
00:01:00:649		1.54378e+07		0.101002		2.97399		527.073		6.96881e+06		527.214		
00:01:00:549		1.54379e+07		0.101118		2.9736		527.075		6.9688e+06		527.213		
00:01:00:350		1.5438e+07		0.10135		2.97295		527.079		6.96879e+06		527.213		
00:01:00:350		1.5438e+07		0.10135		2.97295		527.079		6.96879e+06		527.213		
00:01:00:149		1.54381e+07		0.101582		2.97226		527.084		6.96877e+06		527.217		
00:01:00:049		1.54381e+07		0.101698		2.97195		527.086		6.96876e+06		527.218		
00:01:00:000		1.54381e+07		0.101756		2.97175		527.088		6.96875e+06		527.217		
00:00:59:899		1.54382e+07		0.101872		2.97145		527.09		6.96875e+06		527.217		
00:00:59:799		1.54382e+07		0.101989		2.97106		527.092		6.96874e+06		527.224		
00:00:59:700		1.54382e+07		0.101989		2.97106		527.092		6.96874e+06		527.224		
00:00:59:700		1.54383e+07		0.102105		2.97067		527.094		6.96873e+06		527.221		
00:00:59:600		1.54383e+07		0.102221		2.97041		527.097		6.96872e+06		527.222		
00:00:59:399		1.54384e+07		0.102454		2.96975		527.101		6.9687e+06		527.223		
00:00:59:399		1.54384e+07		0.102454		2.96975		527.101		6.9687e+06		527.223		
00:00:59:299		1.54385e+07		0.102571		2.96936		527.105		6.96869e+06		527.224		
00:00:59:200		1.54385e+07		0.102687		2.96902		527.107		6.96868e+06		527.224		
00:00:59:100		1.54386e+07		0.102804		2.96867		527.11		6.96867e+06		527.226		
00:00:59:000		1.54386e+07		0.10292		2.96836		527.112		6.96867e+06		527.226		
00:00:58:750		1.54387e+07		0.103212		2.96751		527.118		6.96864e+06		527.226		
00:00:58:750		1.54387e+07		0.103212		2.96751		527.118		6.96864e+06		527.226		
00:00:58:649		1.54388e+07		0.103329		2.96713		527.119		6.96863e+06		527.23		
00:00:58:450		1.54389e+07		0.103563		2.96655		527.125		6.96862e+06		527.23		
00:00:58:350		1.54389e+07		0.103679		2.96612		527.127		6.96861e+06		527.231		
00:00:58:350		1.54389e+07		0.103679		2.96612		527.127		6.96861e+06		527.231		
00:00:58:250		1.5439e+07		0.103796		2.96577		527.131		6.9686e+06		527.234		
00:00:58:149		1.5439e+07		0.103913		2.96548		527.132		6.96859e+06		527.234		
00:00:58:049		1.54391e+07		0.104031		2.96521		527.134		6.96858e+06		527.234		
00:00:57:950		1.54391e+07		0.104147		2.96478		527.138		6.96857e+06		527.241		
00:00:57:850		1.54392e+07		0.104265		2.96451		527.14		6.96856e+06		527.238		
00:00:57:750		1.54392e+07		0.104382		2.96417		527.143		6.96855e+06		527.239		
00:00:57:649		1.54393e+07		0.104499		2.96382		527.145		6.96855e+06		527.239		
00:00:57:549		1.54393e+07		0.104617		2.96351		527.147		6.96854e+06		527.251		
00:00:57:450		1.54394e+07		0.104733		2.96312		527.151		6.96853e+06		527.243		
00:00:57:350		1.54394e+07		0.104851		2.96277		527.153		6.96852e+06		527.244		
00:00:57:250		1.54394e+07		0.104969		2.96251		527.156		6.96851e+06		527.245		
00:00:57:149		1.54395e+07		0.105086		2.96212		527.158		6.9685e+06		527.245		
00:00:57:049		1.54395e+07		0.105203		2.96177		527.16		6.96849e+06		527.245		
00:00:56:950		1.54396e+07		0.105321		2.96151		527.164		6.96848e+06		527.246		
00:00:56:850		1.54396e+07		0.105439		2.96112		527.166		6.96847e+06		527.248		
00:00:56:750		1.54397e+07		0.105556		2.96081		527.169		6.96847e+06		527.252		
00:00:56:649		1.54397e+07		0.105674		2.96046		527.173		6.96846e+06		527.253		
00:00:56:549		1.54398e+07		0.105792		2.96016		527.175		6.96845e+06		527.253		
00:00:56:450		1.54398e+07		0.105909		2.95985		527.177		6.96844e+06		527.255		
00:00:56:350		1.54399e+07		0.106028		2.9595		527.179		6.96843e+06		527.263		
00:00:56:250		1.54399e+07		0.106145		2.95915		527.182		6.96842e+06		527.26		
00:00:56:149		1.544e+07		0.106264		2.95881		527.186		6.96841e+06		527.262		
00:00:56:049		1.54401e+07		0.106441		2.95831		527.19		6.9684e+06		527.25		
00:00:55:899		1.54401e+07		0.106558		2.95804		527.192		6.96839e+06		527.266		
00:00:55:799		1.54402e+07		0.106677		2.95761		527.195		6.96838e+06		527.267		
00:00:55:700		1.54402e+07		0.106795		2.95726		527.197		6.96837e+06		527.267		
00:00:55:600		1.54403e+07		0.106913		2.95695		527.201		6.96837e+06		527.256		
00:00:55:500		1.54403e+07		0.107031		2.95669		527.203		6.96836e+06		527.271		
00:00:55:399		1.54404e+07		0.10715		2.95638		527.206		6.96835e+06		527.273		
00:00:55:399		1.54404e+07		0.10715		2.95638		527.206		6.96835e+06		527.273		
00:00:55:299		1.54404e+07		0.107268		2.95603		527.208		6.96834e+06		527.274		
00:00:55:200		1.54405e+07		0.107387		2.9556		527.212		6.96833e+06		527.275		
00:00:55:100		1.54405e+07		0.107504		2.95531		527.214		6.96832e+06		527.276		
00:00:54:899		1.54406e+07		0.107742		2.95478		527.219		6.96831e+06		527.28		
00:00:54:799		1.54407e+07		0.107861		2.95447		527.223		6.9683e+06		527.281		
00:00:54:700		1.54407e+07		0.107979		2.95412		527.227		6.96829e+06		527.283		
00:00:54:700		1.54407e+07		0.107979		2.95412		527.227		6.96829e+06		527.283		
00:00:54:600		1.54408e+07		0.108098		2.95381		527.229		6.96828e+06		527.284		
00:00:54:399		1.54409e+07		0.108335		2.95316		527.234		6.96826e+06		527.287		
00:00:54:399		1.54409e+07		0.108335		2.95316		527.234		6.96826e+06		527.287		
00:00:54:299		1.54409e+07		0.108454		2.95285		527.238		6.96826e+06		527.294		
00:00:54:200		1.5441e+07		0.108573		2.95255		527.242		6.96825e+06		527.291		
00:00:54:100		1.5441e+07		0.108692		2.9522		527.243		6.96824e+06		527.292		
00:00:54:000		1.54411e+07		0.108811		2.95197		527.247		6.96823e+06		527.293		
00:00:53:899		1.54411e+07		0.10899		2.95147		527.253		6.96822e+06		527.295		
00:00:53:799		1.54412e+07		0.109049		2.95136		527.253		6.96821e+06		527.296		
00:00:53:700		1.54412e+07		0.109169		2.95101		527.256		6.96821e+06		527.298		
00:00:53:450		1.54413e+07		0.109466		2.95029		527.264		6.96819e+06		527.301		
00:00:53:350		1.54414e+07		0.109586		2.94998		527.266		6.96818e+06		527.301		
00:00:53:350		1.54414e+07		0.109586		2.94998		527.266		6.96818e+06		527.301		
00:00:53:250		1.54414e+07		0.109704		2.94972		527.269		6.96817e+06		527.304		
00:00:53:149		1.54415e+07		0.109824		2.94937		527.271		6.96816e+06		527.305		
00:00:53:049		1.54415e+07		0.109943		2.94906		527.275		6.96815e+06		527.306		
00:00:52:950		1.54416e+07		0.110064		2.9488		527.279		6.96814e+06		527.307		
00:00:52:850		1.54416e+07		0.110183		2.94849		527.282		6.96814e+06		527.309		
00:00:52:750		1.54417e+07		0.110302		2.94819		527.284		6.96813e+06		527.311		
00:00:52:649		1.54417e+07		0.110422		2.94784		527.288		6.96812e+06		527.312		
00:00:52:450		1.54418e+07		0.110662		2.94722		527.293		6.9681e+06		527.307		
00:00:52:350		1.54419e+07		0.110781		2.94696		527.297		6.9681e+06		527.315		
00:00:52:350		1.54419e+07		0.110781		2.94696		527.297		6.9681e+06		527.315		
00:00:52:250		1.54419e+07		0.110901		2.94661		527.301		6.96809e+06		527.314		
00:00:52:149		1.5442e+07		0.111021		2.94639		527.304		6.96808e+06		527.312		
00:00:52:049		1.5442e+07		0.111141		2.94608		527.306		6.96807e+06		527.322		
00:00:51:950		1.54421e+07		0.111261		2.94573		527.31		6.96806e+06		527.322		
00:00:51:850		1.54421e+07		0.111381		2.94547		527.314		6.96806e+06		527.322		
00:00:51:750		1.54422e+07		0.111501		2.94517		527.317		6.96805e+06		527.325		
00:00:51:649		1.54422e+07		0.111621		2.94495		527.321		6.96804e+06		527.325		
00:00:51:549		1.54423e+07		0.111741		2.94464		527.323		6.96803e+06		527.332		
00:00:51:450		1.54423e+07		0.111861		2.94434		527.327		6.96803e+06		527.347		
00:00:51:350		1.54424e+07		0.111981		2.94403		527.33		6.96802e+06		527.328		
00:00:51:250		1.54425e+07		0.112102		2.94372		527.334		6.96801e+06		527.335		
00:00:51:100		1.54425e+07		0.112283		2.9433		527.338		6.968e+06		527.333		
00:00:51:000		1.54426e+07		0.112403		2.94304		527.341		6.96799e+06		527.335		
00:00:50:950		1.54426e+07		0.112463		2.94289		527.343		6.96799e+06		527.335		
00:00:50:799		1.54427e+07		0.112644		2.94243		527.349		6.96797e+06		527.333		
00:00:50:750		1.54427e+07		0.112704		2.94223		527.351		6.96797e+06		527.328		
00:00:50:649		1.54428e+07		0.112824		2.94201		527.353		6.96796e+06		527.34		
00:00:50:500		1.54428e+07		0.113006		2.94155		527.358		6.96795e+06		527.341		
00:00:50:399		1.54429e+07		0.113126		2.9412		527.362		6.96794e+06		527.336		
00:00:50:299		1.54429e+07		0.113247		2.94094		527.365		6.96794e+06		527.344		
00:00:50:200		1.5443e+07		0.113368		2.94067		527.369		6.96793e+06		527.345		
00:00:50:100		1.5443e+07		0.113489		2.94037		527.371		6.96792e+06		527.344		
00:00:50:000		1.54431e+07		0.113609		2.94006		527.375		6.96791e+06		527.347		
00:00:50:000		1.54431e+07		0.113609		2.94006		527.375		6.96791e+06		527.347		
00:00:49:899		1.54432e+07		0.11373		2.93975		527.378		6.96791e+06		527.347		
00:00:49:700		1.54433e+07		0.113972		2.93918		527.386		6.96789e+06		527.351		
00:00:49:700		1.54433e+07		0.113972		2.93918		527.386		6.96789e+06		527.351		
00:00:49:600		1.54433e+07		0.114093		2.93887		527.39		6.96788e+06		527.347		
00:00:49:399		1.54434e+07		0.114336		2.9383		527.397		6.96787e+06		527.356		
00:00:49:399		1.54434e+07		0.114336		2.9383		527.397		6.96787e+06		527.356		
00:00:49:299		1.54435e+07		0.114457		2.938		527.401		6.96786e+06		527.357		
00:00:49:200		1.54435e+07		0.114578		2.93769		527.403		6.96785e+06		527.357		
00:00:49:100		1.54436e+07		0.114699		2.93747		527.406		6.96785e+06		527.357		
00:00:49:000		1.54436e+07		0.11482		2.93716		527.41		6.96784e+06		527.352		
00:00:48:899		1.54437e+07		0.114942		2.93685		527.414		6.96783e+06		527.341		
00:00:48:799		1.54437e+07		0.115063		2.9365		527.417		6.96782e+06		527.363		
00:00:48:700		1.54438e+07		0.115185		2.93628		527.421		6.96782e+06		527.363		
00:00:48:600		1.54438e+07		0.115306		2.93602		527.425		6.96781e+06		527.359		
00:00:48:399		1.5444e+07		0.11561		2.93525		527.434		6.96779e+06		527.369		
00:00:48:399		1.5444e+07		0.11561		2.93525		527.434		6.96779e+06		527.369		
00:00:48:299		1.5444e+07		0.115671		2.9351		527.434		6.96779e+06		527.37		
00:00:48:149		1.54441e+07		0.115854		2.93474		527.439		6.96778e+06		527.369		
00:00:48:049		1.54441e+07		0.115975		2.93447		527.443		6.96777e+06		527.372		
00:00:47:950		1.54442e+07		0.116097		2.93416		527.447		6.96776e+06		527.373		
00:00:47:850		1.54442e+07		0.11622		2.93385		527.451		6.96776e+06		527.375		
00:00:47:750		1.54443e+07		0.116341		2.93359		527.456		6.96775e+06		527.375		
00:00:47:649		1.54443e+07		0.116463		2.93337		527.46		6.96774e+06		527.375		
00:00:47:450		1.54444e+07		0.116707		2.93275		527.465		6.96773e+06		527.379		
00:00:47:350		1.54445e+07		0.116829		2.93249		527.471		6.96772e+06		527.379		
00:00:47:350		1.54445e+07		0.116829		2.93249		527.471		6.96772e+06		527.379		
00:00:47:250		1.54446e+07		0.116951		2.93218		527.473		6.96771e+06		527.38		
00:00:47:149		1.54446e+07		0.117073		2.93187		527.476		6.96771e+06		527.387		
00:00:47:049		1.54447e+07		0.117195		2.93157		527.482		6.9677e+06		527.384		
00:00:46:950		1.54447e+07		0.117317		2.93134		527.486		6.96769e+06		527.385		
00:00:46:850		1.54448e+07		0.117439		2.93104		527.489		6.96769e+06		527.389		
00:00:46:750		1.54448e+07		0.117562		2.93073		527.493		6.96768e+06		527.407		
00:00:46:649		1.54449e+07		0.117684		2.93047		527.497		6.96767e+06		527.387		
00:00:46:549		1.54449e+07		0.117807		2.93024		527.502		6.96767e+06		527.389		
00:00:46:450		1.5445e+07		0.117929		2.9299		527.504		6.96766e+06		527.389		
00:00:46:350		1.5445e+07		0.118052		2.92959		527.51		6.96765e+06		527.39		
00:00:46:250		1.54451e+07		0.118174		2.92937		527.512		6.96765e+06		527.39		
00:00:46:149		1.54451e+07		0.118297		2.92906		527.515		6.96764e+06		527.391		
00:00:46:049		1.54452e+07		0.118419		2.9288		527.521		6.96763e+06		527.384		
00:00:45:950		1.54453e+07		0.118542		2.92845		527.525		6.96763e+06		527.395		
00:00:45:850		1.54453e+07		0.118664		2.92822		527.528		6.96762e+06		527.395		
00:00:45:750		1.54454e+07		0.118787		2.92796		527.532		6.96761e+06		527.396		
00:00:45:649		1.54454e+07		0.11891		2.92765		527.536		6.96761e+06		527.396		
00:00:45:549		1.54455e+07		0.119032		2.92739		527.539		6.9676e+06		527.397		
00:00:45:450		1.54455e+07		0.119155		2.92712		527.543		6.96759e+06		527.398		
00:00:45:299		1.54456e+07		0.119339		2.92671		527.55		6.96758e+06		527.4		
00:00:45:250		1.54456e+07		0.119401		2.92651		527.552		6.96758e+06		527.401		
00:00:45:100		1.54457e+07		0.119585		2.92613		527.558		6.96757e+06		527.402		
00:00:45:000		1.54458e+07		0.119708		2.92587		527.562		6.96756e+06		527.403		
00:00:44:899		1.54458e+07		0.119831		2.92552		527.565		6.96756e+06		527.404		
00:00:44:799		1.54459e+07		0.119954		2.92526		527.571		6.96755e+06		527.405		
00:00:44:700		1.54459e+07		0.120077		2.92496		527.574		6.96754e+06		527.406		
00:00:44:600		1.5446e+07		0.1202		2.92478		527.58		6.96754e+06		527.407		
00:00:44:600		1.5446e+07		0.1202		2.92478		527.58		6.96754e+06		527.407		
00:00:44:399		1.54461e+07		0.120447		2.92421		527.587		6.96753e+06		527.407		
00:00:44:299		1.54462e+07		0.12057		2.92394		527.593		6.96752e+06		527.408		
00:00:44:299		1.54462e+07		0.12057		2.92394		527.593		6.96752e+06		527.408		
00:00:44:200		1.54462e+07		0.120693		2.92368		527.597		6.96751e+06		527.407		
00:00:44:100		1.54463e+07		0.120816		2.92341		527.6		6.96751e+06		527.419		
00:00:44:000		1.54463e+07		0.120939		2.92311		527.604		6.9675e+06		527.412		
00:00:43:799		1.54464e+07		0.121186		2.92258		527.613		6.96749e+06		527.412		
00:00:43:799		1.54464e+07		0.121186		2.92258		527.613		6.96749e+06		527.412		
00:00:43:700		1.54465e+07		0.12131		2.92227		527.619		6.96748e+06		527.413		
00:00:43:600		1.54465e+07		0.121433		2.92205		527.623		6.96747e+06		527.412		
00:00:43:399		1.54467e+07		0.12168		2.92148		527.632		6.96746e+06		527.409		
00:00:43:399		1.54467e+07		0.12168		2.92148		527.632		6.96746e+06		527.409		
00:00:43:200		1.54468e+07		0.121927		2.92091		527.639		6.96745e+06		527.416		
00:00:43:100		1.54468e+07		0.122051		2.92064		527.645		6.96744e+06		527.41		
00:00:43:100		1.54468e+07		0.122051		2.92064		527.645		6.96744e+06		527.41		
00:00:42:899		1.54469e+07		0.122298		2.92011		527.652		6.96743e+06		527.42		
00:00:42:799		1.5447e+07		0.122422		2.91981		527.656		6.96743e+06		527.42		
00:00:42:799		1.5447e+07		0.122422		2.91981		527.656		6.96743e+06		527.42		
00:00:42:700		1.5447e+07		0.122546		2.91958		527.661		6.96742e+06		527.41		
00:00:42:600		1.54471e+07		0.12267		2.91928		527.665		6.96741e+06		527.421		
00:00:42:399		1.54472e+07		0.122918		2.91875		527.674		6.9674e+06		527.424		
00:00:42:399		1.54472e+07		0.122918		2.91875		527.674		6.9674e+06		527.424		
00:00:42:299		1.54473e+07		0.123042		2.91844		527.678		6.9674e+06		527.425		
00:00:42:100		1.54474e+07		0.123289		2.918		527.687		6.96738e+06		527.426		
00:00:42:100		1.54474e+07		0.123289		2.918		527.687		6.96738e+06		527.426		
00:00:42:000		1.54474e+07		0.123414		2.91769		527.691		6.96738e+06		527.426		
00:00:41:850		1.54475e+07		0.1236		2.91719		527.698		6.96737e+06		527.426		
00:00:41:750		1.54476e+07		0.123724		2.91698		527.702		6.96736e+06		527.427		
00:00:41:649		1.54476e+07		0.123847		2.91676		527.706		6.96736e+06		527.427		
00:00:41:450		1.54477e+07		0.124096		2.91618		527.715		6.96734e+06		527.431		
00:00:41:350		1.54478e+07		0.12422		2.91596		527.721		6.96734e+06		527.431		
00:00:41:350		1.54478e+07		0.12422		2.91596		527.721		6.96734e+06		527.431		
00:00:41:250		1.54479e+07		0.124344		2.9157		527.726		6.96733e+06		527.432		
00:00:41:149		1.54479e+07		0.124469		2.91543		527.732		6.96733e+06		527.432		
00:00:41:049		1.5448e+07		0.124593		2.91521		527.735		6.96732e+06		527.433		
00:00:40:950		1.5448e+07		0.124717		2.91486		527.741		6.96732e+06		527.433		
00:00:40:850		1.54481e+07		0.124841		2.9146		527.745		6.96731e+06		527.434		
00:00:40:750		1.54481e+07		0.124966		2.91437		527.752		6.9673e+06		527.435		
00:00:40:649		1.54482e+07		0.12509		2.91411		527.756		6.9673e+06		527.435		
00:00:40:450		1.54483e+07		0.125339		2.91358		527.765		6.96729e+06		527.436		
00:00:40:350		1.54484e+07		0.125463		2.91327		527.769		6.96728e+06		527.436		
00:00:40:350		1.54484e+07		0.125463		2.91327		527.769		6.96728e+06		527.436		
00:00:40:250		1.54484e+07		0.125588		2.91305		527.774		6.96728e+06		527.434		
00:00:40:149		1.54485e+07		0.125712		2.91278		527.778		6.96727e+06		527.441		
00:00:40:049		1.54485e+07		0.125837		2.91252		527.783		6.96727e+06		527.437		
00:00:39:950		1.54486e+07		0.125962		2.91226		527.789		6.96726e+06		527.436		
00:00:39:850		1.54487e+07		0.126086		2.91195		527.794		6.96725e+06		527.443		
00:00:39:750		1.54487e+07		0.126211		2.91173		527.798		6.96725e+06		527.439		
00:00:39:649		1.54488e+07		0.126335		2.91142		527.804		6.96724e+06		527.438		
00:00:39:549		1.54488e+07		0.12646		2.9112		527.807		6.96724e+06		527.43		
00:00:39:450		1.54489e+07		0.126585		2.91093		527.813		6.96723e+06		527.453		
00:00:39:350		1.54489e+07		0.126709		2.91067		527.818		6.96723e+06		527.44		
00:00:39:250		1.5449e+07		0.126834		2.91045		527.822		6.96722e+06		527.44		
00:00:39:100		1.54491e+07		0.127021		2.91003		527.83		6.96721e+06		527.434		
00:00:39:000		1.54491e+07		0.127146		2.90972		527.833		6.96721e+06		527.442		
00:00:38:899		1.54492e+07		0.127271		2.90954		527.839		6.9672e+06		527.442		
00:00:38:799		1.54493e+07		0.127396		2.90928		527.844		6.9672e+06		527.443		
00:00:38:700		1.54493e+07		0.12752		2.90893		527.848		6.96719e+06		527.443		
00:00:38:600		1.54494e+07		0.127645		2.90871		527.854		6.96719e+06		527.444		
00:00:38:500		1.54494e+07		0.127645		2.90871		527.854		6.96719e+06		527.444		
00:00:38:399		1.54495e+07		0.127895		2.90826		527.865		6.96718e+06		527.443		
00:00:38:399		1.54495e+07		0.127895		2.90826		527.865		6.96718e+06		527.443		
00:00:38:200		1.54496e+07		0.128145		2.90765		527.874		6.96717e+06		527.442		
00:00:38:100		1.54497e+07		0.12827		2.90743		527.878		6.96716e+06		527.45		
00:00:38:100		1.54497e+07		0.12827		2.90743		527.878		6.96716e+06		527.45		
00:00:38:000		1.54497e+07		0.128395		2.90721		527.883		6.96716e+06		527.446		
00:00:37:899		1.54498e+07		0.12852		2.9069		527.889		6.96715e+06		527.446		
00:00:37:799		1.54498e+07		0.128645		2.90663		527.894		6.96715e+06		527.446		
00:00:37:700		1.54499e+07		0.12877		2.90641		527.9		6.96714e+06		527.446		
00:00:37:600		1.545e+07		0.128895		2.90619		527.905		6.96714e+06		527.448		
00:00:37:399		1.54501e+07		0.129145		2.90566		527.915		6.96712e+06		527.446		
00:00:37:399		1.54501e+07		0.129145		2.90566		527.915		6.96712e+06		527.446		
00:00:37:299		1.54501e+07		0.12927		2.90535		527.92		6.96712e+06		527.446		
00:00:37:100		1.54502e+07		0.12952		2.90493		527.931		6.96711e+06		527.448		
00:00:37:100		1.54502e+07		0.12952		2.90493		527.931		6.96711e+06		527.448		
00:00:36:950		1.54503e+07		0.129708		2.90455		527.94		6.9671e+06		527.448		
00:00:36:850		1.54504e+07		0.129833		2.90428		527.946		6.9671e+06		527.448		
00:00:36:799		1.54504e+07		0.129896		2.90417		527.948		6.96709e+06		527.448		
00:00:36:700		1.54505e+07		0.130021		2.90391		527.955		6.96709e+06		527.448		
00:00:36:500		1.54506e+07		0.130271		2.90338		527.964		6.96708e+06		527.449		
00:00:36:399		1.54507e+07		0.130396		2.90316		527.97		6.96707e+06		527.449		
00:00:36:399		1.54507e+07		0.130396		2.90316		527.97		6.96707e+06		527.449		
00:00:36:299		1.54507e+07		0.130522		2.90289		527.977		6.96707e+06		527.45		
00:00:36:200		1.54508e+07		0.130647		2.90258		527.983		6.96707e+06		527.449		
00:00:36:049		1.54509e+07		0.130835		2.90225		527.992		6.96706e+06		527.449		
00:00:35:950		1.54509e+07		0.13096		2.90203		527.998		6.96705e+06		527.45		
00:00:35:850		1.5451e+07		0.131085		2.90177		528.003		6.96705e+06		527.45		
00:00:35:750		1.5451e+07		0.131211		2.9015		528.009		6.96704e+06		527.449		
00:00:35:649		1.54511e+07		0.131336		2.90128		528.014		6.96704e+06		527.45		
00:00:35:450		1.54512e+07		0.131586		2.90075		528.025		6.96703e+06		527.449		
00:00:35:350		1.54513e+07		0.131711		2.90049		528.031		6.96702e+06		527.449		
00:00:35:350		1.54513e+07		0.131711		2.90049		528.031		6.96702e+06		527.449		
00:00:35:250		1.54513e+07		0.131837		2.90026		528.036		6.96702e+06		527.448		
00:00:35:149		1.54514e+07		0.131962		2.9		528.042		6.96701e+06		527.447		
00:00:35:049		1.54515e+07		0.132087		2.89974		528.048		6.96701e+06		527.448		
00:00:34:950		1.54515e+07		0.132213		2.89956		528.053		6.967e+06		527.449		
00:00:34:850		1.54516e+07		0.132339		2.89925		528.059		6.967e+06		527.45		
00:00:34:750		1.54516e+07		0.132463		2.89899		528.064		6.967e+06		527.449		
00:00:34:649		1.54517e+07		0.132589		2.89881		528.07		6.96699e+06		527.448		
00:00:34:549		1.54518e+07		0.132714		2.8985		528.075		6.96699e+06		527.447		
00:00:34:450		1.54518e+07		0.132839		2.89828		528.081		6.96698e+06		527.445		
00:00:34:350		1.54519e+07		0.132965		2.89801		528.086		6.96698e+06		527.438		
00:00:34:200		1.5452e+07		0.133153		2.89764		528.096		6.96697e+06		527.448		
00:00:34:100		1.5452e+07		0.133278		2.89742		528.101		6.96696e+06		527.447		
00:00:34:000		1.54521e+07		0.133403		2.8972		528.107		6.96696e+06		527.445		
00:00:33:899		1.54521e+07		0.133529		2.89697		528.112		6.96696e+06		527.441		
00:00:33:799		1.54522e+07		0.133654		2.89667		528.118		6.96695e+06		527.448		
00:00:33:750		1.54522e+07		0.133717		2.89656		528.12		6.96695e+06		527.448		
00:00:33:649		1.54523e+07		0.133842		2.89629		528.127		6.96694e+06		527.447		
00:00:33:549		1.54524e+07		0.133968		2.89607		528.133		6.96694e+06		527.447		
00:00:33:450		1.54524e+07		0.134093		2.89585		528.138		6.96693e+06		527.441		
00:00:33:350		1.54525e+07		0.134219		2.89558		528.144		6.96693e+06		527.448		
00:00:33:200		1.54526e+07		0.134407		2.89521		528.151		6.96692e+06		527.448		
00:00:33:100		1.54526e+07		0.134532		2.89505		528.157		6.96692e+06		527.448		
00:00:33:000		1.54527e+07		0.134657		2.89478		528.164		6.96691e+06		527.434		
00:00:32:899		1.54528e+07		0.134783		2.89456		528.169		6.96691e+06		527.454		
00:00:32:799		1.54528e+07		0.134908		2.89434		528.175		6.9669e+06		527.447		
00:00:32:700		1.54529e+07		0.135034		2.89407		528.181		6.9669e+06		527.446		
00:00:32:700		1.54529e+07		0.135034		2.89407		528.181		6.9669e+06		527.446		
00:00:32:600		1.54529e+07		0.135159		2.89385		528.186		6.9669e+06		527.446		
00:00:32:399		1.54531e+07		0.135409		2.89336		528.199		6.96689e+06		527.444		
00:00:32:299		1.54531e+07		0.135535		2.89314		528.205		6.96688e+06		527.438		
00:00:32:299		1.54531e+07		0.135535		2.89314		528.205		6.96688e+06		527.438		
00:00:32:200		1.54532e+07		0.13566		2.89288		528.21		6.96688e+06		527.445		
00:00:32:100		1.54532e+07		0.135785		2.89261		528.216		6.96687e+06		527.444		
00:00:32:000		1.54533e+07		0.135911		2.89243		528.221		6.96687e+06		527.443		
00:00:31:899		1.54534e+07		0.136035		2.89213		528.227		6.96686e+06		527.442		
00:00:31:800		1.54534e+07		0.136161		2.89195		528.232		6.96686e+06		527.432		
00:00:31:699		1.54535e+07		0.136286		2.89168		528.24		6.96686e+06		527.427		
00:00:31:600		1.54535e+07		0.136412		2.89142		528.245		6.96685e+06		527.446		
00:00:31:399		1.54537e+07		0.136662		2.89093		528.256		6.96684e+06		527.456		
00:00:31:399		1.54537e+07		0.136662		2.89093		528.256		6.96684e+06		527.456		
00:00:31:199		1.54538e+07		0.136912		2.89049		528.269		6.96683e+06		527.441		
00:00:31:199		1.54538e+07		0.136912		2.89049		528.269		6.96683e+06		527.441		
00:00:31:100		1.54539e+07		0.137037		2.89027		528.275		6.96683e+06		527.442		
00:00:31:000		1.54539e+07		0.137162		2.89009		528.28		6.96683e+06		527.441		
00:00:30:899		1.5454e+07		0.137288		2.88978		528.288		6.96682e+06		527.44		
00:00:30:800		1.5454e+07		0.137413		2.88961		528.293		6.96682e+06		527.44		
00:00:30:600		1.54542e+07		0.137663		2.88908		528.304		6.96681e+06		527.438		
00:00:30:600		1.54542e+07		0.137663		2.88908		528.304		6.96681e+06		527.438		
00:00:30:399		1.54543e+07		0.137912		2.88863		528.317		6.9668e+06		527.437		
00:00:30:399		1.54543e+07		0.137912		2.88863		528.317		6.9668e+06		527.437		
00:00:30:300		1.54543e+07		0.138038		2.88841		528.323		6.9668e+06		527.436		
00:00:30:199		1.54544e+07		0.138163		2.88815		528.33		6.96679e+06		527.436		
00:00:30:050		1.54545e+07		0.13835		2.88777		528.339		6.96678e+06		527.434		
00:00:30:000		1.54545e+07		0.138412		2.88771		528.341		6.96678e+06		527.434		
00:00:29:850		1.54546e+07		0.1386		2.88738		528.35		6.96678e+06		527.433		
00:00:29:800		1.54547e+07		0.138662		2.88731		528.354		6.96677e+06		527.433		
00:00:29:699		1.54547e+07		0.138787		2.887		528.36		6.96677e+06		527.432		
00:00:29:500		1.54548e+07		0.139036		2.88651		528.373		6.96676e+06		527.43		
00:00:29:399		1.54549e+07		0.139161		2.88634		528.38		6.96676e+06		527.43		
00:00:29:399		1.54549e+07		0.139161		2.88634		528.38		6.96676e+06		527.43		
00:00:29:300		1.5455e+07		0.139286		2.88612		528.385		6.96675e+06		527.429		
00:00:29:100		1.54551e+07		0.139535		2.88563		528.398		6.96674e+06		527.427		
00:00:29:100		1.54551e+07		0.139535		2.88563		528.398		6.96674e+06		527.427		
00:00:29:000		1.54552e+07		0.13966		2.88545		528.404		6.96674e+06		527.427		
00:00:28:850		1.54552e+07		0.139847		2.88508		528.413		6.96673e+06		527.426		
00:00:28:750		1.54553e+07		0.139971		2.88486		528.419		6.96673e+06		527.425		
00:00:28:649		1.54554e+07		0.140096		2.88463		528.426		6.96673e+06		527.424		
00:00:28:449		1.54555e+07		0.140345		2.88424		528.439		6.96672e+06		527.423		
00:00:28:350		1.54556e+07		0.140469		2.88397		528.445		6.96671e+06		527.422		
00:00:28:350		1.54556e+07		0.140469		2.88397		528.445		6.96671e+06		527.422		
00:00:28:250		1.54556e+07		0.140594		2.88384		528.45		6.96671e+06		527.42		
00:00:28:149		1.54557e+07		0.140718		2.88349		528.458		6.9667e+06		527.419		
00:00:28:050		1.54558e+07		0.140842		2.88331		528.463		6.9667e+06		527.411		
00:00:27:949		1.54558e+07		0.140966		2.88317		528.469		6.9667e+06		527.427		
00:00:27:850		1.54559e+07		0.141091		2.88291		528.476		6.96669e+06		527.396		
00:00:27:750		1.54559e+07		0.141215		2.88269		528.483		6.96669e+06		527.417		
00:00:27:699		1.5456e+07		0.141277		2.88258		528.485		6.96669e+06		527.417		
00:00:27:600		1.5456e+07		0.141401		2.88231		528.493		6.96668e+06		527.414		
00:00:27:350		1.54562e+07		0.141711		2.88185		528.509		6.96667e+06		527.414		
00:00:27:350		1.54562e+07		0.141711		2.88185		528.509		6.96667e+06		527.414		
00:00:27:250		1.54563e+07		0.141835		2.88158		528.515		6.96667e+06		527.413		
00:00:27:149		1.54563e+07		0.141959		2.88132		528.522		6.96666e+06		527.411		
00:00:27:050		1.54564e+07		0.142083		2.88114		528.529		6.96666e+06		527.407		
00:00:26:949		1.54564e+07		0.142207		2.88096		528.535		6.96665e+06		527.388		
00:00:26:850		1.54565e+07		0.142331		2.88074		528.542		6.96665e+06		527.41		
00:00:26:750		1.54566e+07		0.142455		2.88052		528.548		6.96665e+06		527.409		
00:00:26:649		1.54566e+07		0.142578		2.88026		528.555		6.96664e+06		527.408		
00:00:26:449		1.54568e+07		0.142825		2.8799		528.568		6.96663e+06		527.413		
00:00:26:350		1.54568e+07		0.142949		2.87964		528.574		6.96663e+06		527.391		
00:00:26:350		1.54568e+07		0.142949		2.87964		528.574		6.96663e+06		527.391		
00:00:26:250		1.54569e+07		0.143073		2.87946		528.581		6.96662e+06		527.404		
00:00:26:149		1.5457e+07		0.143196		2.87919		528.587		6.96662e+06		527.403		
00:00:26:050		1.5457e+07		0.143319		2.87901		528.594		6.96662e+06		527.402		
00:00:25:949		1.54571e+07		0.143443		2.87884		528.6		6.96661e+06		527.4		
00:00:25:850		1.54571e+07		0.143566		2.87857		528.607		6.96661e+06		527.399		
00:00:25:750		1.54572e+07		0.14369		2.87844		528.613		6.9666e+06		527.397		
00:00:25:649		1.54573e+07		0.143813		2.87822		528.62		6.9666e+06		527.397		
00:00:25:449		1.54574e+07		0.144059		2.87777		528.633		6.96659e+06		527.393		
00:00:25:300		1.54575e+07		0.144243		2.87749		528.644		6.96659e+06		527.399		
00:00:25:300		1.54575e+07		0.144243		2.87749		528.644		6.96659e+06		527.399		
00:00:25:250		1.54575e+07		0.144305		2.87738		528.648		6.96658e+06		527.394		
00:00:25:100		1.54576e+07		0.144489		2.87709		528.657		6.96658e+06		527.391		
00:00:25:000		1.54577e+07		0.144612		2.87687		528.664		6.96657e+06		527.389		
00:00:24:899		1.54578e+07		0.144735		2.87665		528.67		6.96657e+06		527.393		
00:00:24:800		1.54578e+07		0.144858		2.87643		528.677		6.96656e+06		527.388		
00:00:24:800		1.54578e+07		0.144858		2.87643		528.677		6.96656e+06		527.388		
00:00:24:699		1.54579e+07		0.14498		2.87625		528.683		6.96656e+06		527.386		
00:00:24:600		1.54579e+07		0.145103		2.87603		528.69		6.96656e+06		527.383		
00:00:24:399		1.54581e+07		0.145349		2.87563		528.703		6.96655e+06		527.383		
00:00:24:399		1.54581e+07		0.145349		2.87563		528.703		6.96655e+06		527.383		
00:00:24:300		1.54581e+07		0.145471		2.87541		528.71		6.96654e+06		527.382		
00:00:24:199		1.54582e+07		0.145593		2.87519		528.718		6.96654e+06		527.38		
00:00:24:100		1.54583e+07		0.145715		2.87505		528.723		6.96653e+06		527.379		
00:00:24:000		1.54583e+07		0.145837		2.87487		528.731		6.96653e+06		527.377		
00:00:23:899		1.54584e+07		0.145959		2.87465		528.738		6.96653e+06		527.375		
00:00:23:800		1.54585e+07		0.146082		2.87443		528.745		6.96652e+06		527.374		
00:00:23:699		1.54585e+07		0.146204		2.87425		528.753		6.96652e+06		527.371		
00:00:23:600		1.54586e+07		0.146326		2.87403		528.758		6.96651e+06		527.371		
00:00:23:399		1.54587e+07		0.14657		2.87363		528.773		6.9665e+06		527.368		
00:00:23:300		1.54588e+07		0.146692		2.87346		528.779		6.9665e+06		527.366		
00:00:23:300		1.54588e+07		0.146692		2.87346		528.779		6.9665e+06		527.366		
00:00:23:199		1.54588e+07		0.146813		2.87324		528.786		6.9665e+06		527.357		
00:00:23:000		1.5459e+07		0.147057		2.87284		528.801		6.96649e+06		527.362		
00:00:23:000		1.5459e+07		0.147057		2.87284		528.801		6.96649e+06		527.362		
00:00:22:800		1.54591e+07		0.1473		2.87248		528.814		6.96648e+06		527.359		
00:00:22:800		1.54591e+07		0.1473		2.87248		528.814		6.96648e+06		527.359		
00:00:22:699		1.54592e+07		0.147421		2.87231		528.821		6.96647e+06		527.357		
00:00:22:600		1.54592e+07		0.147543		2.87204		528.827		6.96647e+06		527.361		
00:00:22:399		1.54594e+07		0.147785		2.87164		528.841		6.96646e+06		527.353		
00:00:22:399		1.54594e+07		0.147785		2.87164		528.841		6.96646e+06		527.353		
00:00:22:250		1.54595e+07		0.147967		2.87135		528.851		6.96645e+06		527.35		
00:00:22:149		1.54595e+07		0.148088		2.87122		528.858		6.96645e+06		527.349		
00:00:22:050		1.54596e+07		0.14821		2.87104		528.865		6.96644e+06		527.347		
00:00:21:949		1.54597e+07		0.148331		2.87078		528.873		6.96644e+06		527.345		
00:00:21:850		1.54597e+07		0.148451		2.87064		528.88		6.96643e+06		527.344		
00:00:21:750		1.54598e+07		0.148572		2.87038		528.886		6.96643e+06		527.342		
00:00:21:649		1.54599e+07		0.148693		2.8702		528.893		6.96643e+06		527.34		
00:00:21:449		1.546e+07		0.148935		2.8698		528.908		6.96642e+06		527.337		
00:00:21:350		1.54601e+07		0.149055		2.86967		528.915		6.96641e+06		527.336		
00:00:21:350		1.54601e+07		0.149055		2.86967		528.915		6.96641e+06		527.336		
00:00:21:250		1.54601e+07		0.149176		2.86941		528.921		6.96641e+06		527.334		
00:00:21:149		1.54602e+07		0.149296		2.86931		528.928		6.9664e+06		527.332		
00:00:21:050		1.54602e+07		0.149417		2.86905		528.935		6.9664e+06		527.33		
00:00:20:949		1.54603e+07		0.149537		2.86883		528.943		6.96639e+06		527.328		
00:00:20:850		1.54604e+07		0.149658		2.8687		528.95		6.96639e+06		527.326		
00:00:20:750		1.54604e+07		0.149777		2.86852		528.956		6.96638e+06		527.318		
00:00:20:649		1.54605e+07		0.149898		2.8683		528.963		6.96638e+06		527.321		
00:00:20:449		1.54606e+07		0.150138		2.86786		528.978		6.96637e+06		527.315		
00:00:20:350		1.54607e+07		0.150259		2.86772		528.985		6.96636e+06		527.321		
00:00:20:350		1.54607e+07		0.150259		2.86772		528.985		6.96636e+06		527.321		
00:00:20:250		1.54608e+07		0.150378		2.86755		528.992		6.96636e+06		527.32		
00:00:20:149		1.54608e+07		0.150498		2.86737		529		6.96635e+06		527.318		
00:00:20:050		1.54609e+07		0.150618		2.86715		529.005		6.96635e+06		527.316		
00:00:19:949		1.5461e+07		0.150738		2.86693		529.013		6.96634e+06		527.313		
00:00:19:850		1.5461e+07		0.150857		2.86679		529.02		6.96634e+06		527.305		
00:00:19:750		1.54611e+07		0.150977		2.86657		529.026		6.96633e+06		527.312		
00:00:19:649		1.54612e+07		0.151097		2.8664		529.033		6.96633e+06		527.31		
00:00:19:550		1.54612e+07		0.151216		2.86618		529.04		6.96632e+06		527.308		
00:00:19:449		1.54613e+07		0.151335		2.866		529.046		6.96632e+06		527.305		
00:00:19:300		1.54614e+07		0.151515		2.86571		529.057		6.96631e+06		527.298		
00:00:19:199		1.54615e+07		0.151634		2.86553		529.064		6.9663e+06		527.303		
00:00:19:100		1.54615e+07		0.151753		2.86536		529.07		6.9663e+06		527.302		
00:00:19:000		1.54616e+07		0.151872		2.86514		529.077		6.96629e+06		527.299		
00:00:18:899		1.54617e+07		0.151991		2.86496		529.085		6.96629e+06		527.297		
00:00:18:899		1.54617e+07		0.151991		2.86496		529.085		6.96629e+06		527.297		
00:00:18:800		1.54617e+07		0.152111		2.86478		529.092		6.96628e+06		527.29		
00:00:18:699		1.54618e+07		0.152229		2.86456		529.099		6.96628e+06		527.295		
00:00:18:600		1.54619e+07		0.152349		2.86439		529.107		6.96627e+06		527.293		
00:00:18:399		1.5462e+07		0.152586		2.86403		529.12		6.96626e+06		527.291		
00:00:18:399		1.5462e+07		0.152586		2.86403		529.12		6.96626e+06		527.291		
00:00:18:300		1.54621e+07		0.152705		2.86381		529.127		6.96625e+06		527.289		
00:00:18:199		1.54621e+07		0.152823		2.86364		529.134		6.96625e+06		527.286		
00:00:18:050		1.54623e+07		0.153001		2.86335		529.146		6.96624e+06		527.276		
00:00:17:899		1.54624e+07		0.153179		2.86302		529.157		6.96623e+06		527.284		
00:00:17:800		1.54624e+07		0.153297		2.86289		529.162		6.96623e+06		527.281		
00:00:17:800		1.54624e+07		0.153297		2.86289		529.162		6.96623e+06		527.281		
00:00:17:699		1.54625e+07		0.153416		2.86267		529.169		6.96622e+06		527.274		
00:00:17:600		1.54626e+07		0.153534		2.86249		529.177		6.96622e+06		527.28		
00:00:17:399		1.54627e+07		0.15377		2.86209		529.192		6.96621e+06		527.278		
00:00:17:399		1.54627e+07		0.15377		2.86209		529.192		6.96621e+06		527.278		
00:00:17:300		1.54628e+07		0.153889		2.86187		529.199		6.9662e+06		527.276		
00:00:17:199		1.54628e+07		0.154006		2.86165		529.206		6.96619e+06		527.273		
00:00:17:100		1.54629e+07		0.154125		2.86148		529.214		6.96619e+06		527.271		
00:00:17:000		1.5463e+07		0.154243		2.86126		529.221		6.96618e+06		527.272		
00:00:16:899		1.54631e+07		0.154419		2.86097		529.232		6.96617e+06		527.27		
00:00:16:699		1.54632e+07		0.154596		2.86068		529.243		6.96617e+06		527.268		
00:00:16:699		1.54632e+07		0.154596		2.86068		529.243		6.96617e+06		527.268		
00:00:16:550		1.54633e+07		0.154772		2.86035		529.254		6.96616e+06		527.264		
00:00:16:350		1.54634e+07		0.155007		2.86		529.269		6.96615e+06		527.262		
00:00:16:350		1.54634e+07		0.155007		2.86		529.269		6.96615e+06		527.262		
00:00:16:250		1.54635e+07		0.155125		2.85983		529.276		6.96614e+06		527.267		
00:00:16:149		1.54636e+07		0.155242		2.85961		529.284		6.96613e+06		527.261		
00:00:16:050		1.54636e+07		0.15536		2.85943		529.291		6.96613e+06		527.258		
00:00:15:949		1.54637e+07		0.155477		2.85926		529.299		6.96612e+06		527.257		
00:00:15:849		1.54638e+07		0.155593		2.85904		529.304		6.96612e+06		527.255		
00:00:15:750		1.54638e+07		0.155711		2.85886		529.311		6.96611e+06		527.258		
00:00:15:650		1.54639e+07		0.155828		2.85864		529.319		6.9661e+06		527.241		
00:00:15:449		1.54641e+07		0.156062		2.85829		529.334		6.96609e+06		527.252		
00:00:15:349		1.54641e+07		0.156178		2.85807		529.341		6.96609e+06		527.251		
00:00:15:349		1.54641e+07		0.156178		2.85807		529.341		6.96609e+06		527.251		
00:00:15:250		1.54642e+07		0.156295		2.85785		529.348		6.96608e+06		527.25		
00:00:15:150		1.54643e+07		0.156412		2.85772		529.356		6.96607e+06		527.248		
00:00:15:050		1.54643e+07		0.156528		2.85755		529.363		6.96607e+06		527.247		
00:00:14:949		1.54644e+07		0.156645		2.85733		529.37		6.96606e+06		527.246		
00:00:14:849		1.54645e+07		0.156761		2.85715		529.378		6.96606e+06		527.245		
00:00:14:750		1.54645e+07		0.156878		2.85698		529.385		6.96605e+06		527.243		
00:00:14:599		1.54647e+07		0.157053		2.85669		529.396		6.96604e+06		527.241		
00:00:14:449		1.54648e+07		0.157227		2.85641		529.407		6.96603e+06		527.234		
00:00:14:300		1.54649e+07		0.157401		2.85608		529.416		6.96602e+06		527.238		
00:00:14:300		1.54649e+07		0.157401		2.85608		529.416		6.96602e+06		527.238		
00:00:14:250		1.54649e+07		0.157459		2.85606		529.42		6.96602e+06		527.237		
00:00:14:150		1.5465e+07		0.157575		2.85584		529.427		6.96601e+06		527.235		
00:00:14:050		1.54651e+07		0.157691		2.85567		529.435		6.96601e+06		527.234		
00:00:13:900		1.54652e+07		0.157865		2.85538		529.446		6.966e+06		527.234		
00:00:13:800		1.54652e+07		0.15798		2.85517		529.453		6.96599e+06		527.233		
00:00:13:699		1.54653e+07		0.158096		2.85499		529.461		6.96599e+06		527.238		
00:00:13:599		1.54654e+07		0.158212		2.85482		529.468		6.96598e+06		527.225		
00:00:13:599		1.54654e+07		0.158212		2.85482		529.468		6.96598e+06		527.225		
00:00:13:400		1.54655e+07		0.158443		2.85447		529.483		6.96597e+06		527.23		
00:00:13:400		1.54655e+07		0.158443		2.85447		529.483		6.96597e+06		527.23		
00:00:13:300		1.54656e+07		0.158558		2.85429		529.49		6.96596e+06		527.229		
00:00:13:199		1.54657e+07		0.158673		2.85403		529.497		6.96595e+06		527.227		
00:00:13:099		1.54657e+07		0.158789		2.85386		529.505		6.96595e+06		527.227		
00:00:13:000		1.54658e+07		0.158904		2.85369		529.51		6.96594e+06		527.226		
00:00:12:900		1.54659e+07		0.159019		2.85356		529.518		6.96594e+06		527.225		
00:00:12:800		1.5466e+07		0.159134		2.85343		529.525		6.96593e+06		527.224		
00:00:12:699		1.5466e+07		0.15925		2.85317		529.533		6.96592e+06		527.223		
00:00:12:599		1.54661e+07		0.159365		2.85299		529.54		6.96592e+06		527.221		
00:00:12:400		1.54663e+07		0.159595		2.8526		529.555		6.9659e+06		527.221		
00:00:12:400		1.54663e+07		0.159595		2.8526		529.555		6.9659e+06		527.221		
00:00:12:300		1.54663e+07		0.159709		2.85251		529.562		6.9659e+06		527.219		
00:00:12:199		1.54664e+07		0.159824		2.8523		529.569		6.96589e+06		527.218		
00:00:12:099		1.54665e+07		0.159939		2.85217		529.58		6.96588e+06		527.22		
00:00:11:949		1.54666e+07		0.160111		2.85184		529.586		6.96587e+06		527.216		
00:00:11:900		1.54666e+07		0.160168		2.85174		529.59		6.96587e+06		527.215		
00:00:11:699		1.54668e+07		0.160397		2.85139		529.603		6.96586e+06		527.215		
00:00:11:699		1.54668e+07		0.160397		2.85139		529.603		6.96586e+06		527.215		
00:00:11:550		1.54669e+07		0.160569		2.85111		529.614		6.96585e+06		527.213		
00:00:11:449		1.5467e+07		0.160684		2.85098		529.621		6.96584e+06		527.212		
00:00:11:349		1.54671e+07		0.160799		2.85081		529.626		6.96583e+06		527.211		
00:00:11:250		1.54671e+07		0.160913		2.85059		529.634		6.96583e+06		527.209		
00:00:11:199		1.54672e+07		0.16097		2.85049		529.638		6.96582e+06		527.209		
00:00:11:050		1.54673e+07		0.161141		2.85025		529.647		6.96581e+06		527.203		
00:00:10:949		1.54674e+07		0.161256		2.85012		529.654		6.96581e+06		527.209		
00:00:10:849		1.54675e+07		0.16137		2.84995		529.66		6.9658e+06		527.208		
00:00:10:750		1.54675e+07		0.161485		2.84978		529.667		6.96579e+06		527.201		
00:00:10:650		1.54676e+07		0.161599		2.8496		529.674		6.96579e+06		527.208		
00:00:10:550		1.54677e+07		0.161713		2.84943		529.682		6.96578e+06		527.206		
00:00:10:349		1.54678e+07		0.161942		2.84914		529.695		6.96577e+06		527.205		
00:00:10:349		1.54678e+07		0.161942		2.84914		529.695		6.96577e+06		527.205		
00:00:10:250		1.54679e+07		0.162056		2.84892		529.702		6.96576e+06		527.205		
00:00:10:150		1.5468e+07		0.162171		2.84875		529.708		6.96575e+06		527.204		
00:00:10:050		1.54681e+07		0.162285		2.84858		529.715		6.96575e+06		527.202		
00:00:09:949		1.54682e+07		0.162399		2.84836		529.722		6.96574e+06		527.201		
00:00:09:849		1.54682e+07		0.162514		2.84824		529.728		6.96573e+06		527.199		
00:00:09:750		1.54683e+07		0.162629		2.84807		529.735		6.96573e+06		527.196		
00:00:09:650		1.54684e+07		0.162743		2.84794		529.742		6.96572e+06		527.192		
00:00:09:449		1.54686e+07		0.162972		2.8476		529.757		6.96571e+06		527.196		
00:00:09:349		1.54686e+07		0.163087		2.84739		529.763		6.9657e+06		527.207		
00:00:09:349		1.54686e+07		0.163087		2.84739		529.763		6.9657e+06		527.207		
00:00:09:250		1.54687e+07		0.163202		2.8473		529.77		6.96569e+06		527.197		
00:00:09:150		1.54688e+07		0.163316		2.84709		529.777		6.96568e+06		527.194		
00:00:09:000		1.54689e+07		0.163488		2.84682		529.787		6.96567e+06		527.187		
00:00:08:900		1.5469e+07		0.163603		2.84669		529.792		6.96567e+06		527.193		
00:00:08:800		1.54691e+07		0.163718		2.84657		529.798		6.96566e+06		527.186		
00:00:08:699		1.54692e+07		0.163833		2.8464		529.805		6.96565e+06		527.193		
00:00:08:599		1.54693e+07		0.163948		2.84623		529.811		6.96564e+06		527.19		
00:00:08:500		1.54693e+07		0.164063		2.84606		529.818		6.96564e+06		527.198		
00:00:08:400		1.54694e+07		0.164179		2.84589		529.823		6.96563e+06		527.193		
00:00:08:300		1.54695e+07		0.164294		2.84573		529.829		6.96562e+06		527.192		
00:00:08:300		1.54695e+07		0.164294		2.84573		529.829		6.96562e+06		527.192		
00:00:08:150		1.54696e+07		0.164467		2.8455		529.838		6.96561e+06		527.19		
00:00:08:050		1.54697e+07		0.164583		2.84537		529.846		6.9656e+06		527.189		
00:00:07:950		1.54698e+07		0.164698		2.84521		529.851		6.9656e+06		527.188		
00:00:07:849		1.54699e+07		0.164814		2.84504		529.858		6.96559e+06		527.187		
00:00:07:750		1.547e+07		0.164929		2.84492		529.864		6.96558e+06		527.193		
00:00:07:599		1.54701e+07		0.165103		2.84465		529.873		6.96557e+06		527.187		
00:00:07:500		1.54702e+07		0.165219		2.84453		529.879		6.96556e+06		527.186		
00:00:07:400		1.54703e+07		0.165335		2.84441		529.886		6.96555e+06		527.185		
00:00:07:299		1.54704e+07		0.165451		2.84424		529.892		6.96555e+06		527.185		
00:00:07:200		1.54705e+07		0.165567		2.84408		529.897		6.96554e+06		527.185		
00:00:07:099		1.54706e+07		0.165684		2.84391		529.904		6.96553e+06		527.183		
00:00:07:099		1.54706e+07		0.165684		2.84391		529.904		6.96553e+06		527.183		
00:00:07:000		1.54707e+07		0.165801		2.84375		529.91		6.96552e+06		527.194		
00:00:06:799		1.54708e+07		0.166035		2.8435		529.923		6.96551e+06		527.182		
00:00:06:799		1.54708e+07		0.166035		2.8435		529.923		6.96551e+06		527.182		
00:00:06:700		1.54709e+07		0.166152		2.84338		529.928		6.9655e+06		527.181		
00:00:06:599		1.5471e+07		0.166269		2.84322		529.936		6.96549e+06		527.18		
00:00:06:500		1.54711e+07		0.166386		2.84305		529.941		6.96548e+06		527.178		
00:00:06:400		1.54712e+07		0.166503		2.84294		529.947		6.96548e+06		527.176		
00:00:06:299		1.54713e+07		0.166619		2.84278		529.952		6.96547e+06		527.173		
00:00:06:200		1.54714e+07		0.166736		2.84267		529.958		6.96546e+06		527.165		
00:00:06:049		1.54715e+07		0.166911		2.84245		529.967		6.96545e+06		527.161		
00:00:05:950		1.54716e+07		0.167029		2.84229		529.973		6.96544e+06		527.173		
00:00:05:849		1.54717e+07		0.167146		2.84213		529.98		6.96543e+06		527.172		
00:00:05:750		1.54718e+07		0.167265		2.84202		529.985		6.96542e+06		527.17		
00:00:05:650		1.54719e+07		0.167384		2.84185		529.991		6.96541e+06		527.168		
00:00:05:549		1.5472e+07		0.167503		2.84169		529.997		6.9654e+06		527.165		
00:00:05:450		1.54721e+07		0.167623		2.84156		530.002		6.9654e+06		527.163		
00:00:05:349		1.54722e+07		0.167742		2.84144		530.008		6.96539e+06		527.162		
00:00:05:250		1.54723e+07		0.167861		2.84137		530.013		6.96538e+06		527.16		
00:00:05:150		1.54725e+07		0.167979		2.84121		530.019		6.96537e+06		527.158		
00:00:05:049		1.54726e+07		0.168096		2.84106		530.024		6.96536e+06		527.156		
00:00:04:950		1.54727e+07		0.168212		2.841		530.03		6.96535e+06		527.154		
00:00:04:849		1.54727e+07		0.168328		2.84085		530.035		6.96534e+06		527.151		
00:00:04:750		1.54728e+07		0.168444		2.84071		530.041		6.96533e+06		527.148		
00:00:04:650		1.54729e+07		0.16856		2.84057		530.046		6.96532e+06		527.145		
00:00:04:450		1.54731e+07		0.168797		2.84022		530.055		6.9653e+06		527.139		
00:00:04:349		1.54732e+07		0.168918		2.8401		530.061		6.96529e+06		527.135		
00:00:04:349		1.54732e+07		0.168918		2.8401		530.061		6.96529e+06		527.135		
00:00:04:200		1.54734e+07		0.169101		2.83991		530.068		6.96528e+06		527.13		
00:00:04:150		1.54735e+07		0.169162		2.83989		530.072		6.96528e+06		527.128		
00:00:04:049		1.54736e+07		0.169285		2.83971		530.076		6.96527e+06		527.124		
00:00:03:950		1.54737e+07		0.169407		2.83954		530.081		6.96526e+06		527.12		
00:00:03:850		1.54739e+07		0.169527		2.83946		530.087		6.96525e+06		527.115		
00:00:03:700		1.5474e+07		0.169701		2.83944		530.094		6.96523e+06		527.108		
00:00:03:600		1.54741e+07		0.169813		2.83936		530.098		6.96522e+06		527.103		
00:00:03:500		1.54742e+07		0.169923		2.8392		530.103		6.96521e+06		527.098		
00:00:03:399		1.54743e+07		0.170033		2.83914		530.107		6.9652e+06		527.092		
00:00:03:299		1.54744e+07		0.170143		2.83903		530.112		6.96519e+06		527.087		
00:00:03:200		1.54745e+07		0.170255		2.83882		530.116		6.96518e+06		527.081		
00:00:03:100		1.54746e+07		0.170372		2.8386		530.122		6.96517e+06		527.074		
00:00:03:000		1.54747e+07		0.170493		2.83835		530.125		6.96515e+06		527.067		
00:00:02:899		1.54748e+07		0.170619		2.8382		530.129		6.96514e+06		527.061		
00:00:02:799		1.5475e+07		0.170748		2.83808		530.133		6.96513e+06		527.053		
00:00:02:799		1.5475e+07		0.170748		2.83808		530.133		6.96513e+06		527.053		
00:00:02:700		1.54751e+07		0.170877		2.83795		530.138		6.96512e+06		527.045		
00:00:02:399		1.54757e+07		0.171239		2.83788		530.149		6.96509e+06		527.031		
00:00:02:399		1.54757e+07		0.171239		2.83788		530.149		6.96509e+06		527.031		
00:00:02:299		1.54758e+07		0.171342		2.83791		530.153		6.96508e+06		527.013		
00:00:02:299		1.54758e+07		0.171342		2.83791		530.153		6.96508e+06		527.013		
00:00:02:149		1.5476e+07		0.171481		2.83803		530.159		6.96506e+06		527.003		
00:00:02:049		1.5476e+07		0.171566		2.83794		530.16		6.96505e+06		526.995		
00:00:01:899		1.54761e+07		0.171696		2.83768		530.166		6.96503e+06		526.981		
00:00:01:800		1.54761e+07		0.171791		2.83732		530.168		6.96501e+06		526.971		
00:00:01:699		1.54762e+07		0.171898		2.83686		530.171		6.965e+06		526.952		
00:00:01:600		1.54763e+07		0.172019		2.83655		530.175		6.96499e+06		526.949		
00:00:01:500		1.54765e+07		0.172152		2.83625		530.177		6.96498e+06		526.939		
00:00:01:399		1.54768e+07		0.172292		2.83594		530.181		6.96496e+06		526.927		
00:00:01:399		1.54768e+07		0.172292		2.83594		530.181		6.96496e+06		526.927		
00:00:01:300		1.54772e+07		0.172432		2.83578		530.184		6.96495e+06		526.914		
00:00:01:199		1.54775e+07		0.17256		2.83565		530.188		6.96494e+06		526.9		
00:00:01:100		1.54779e+07		0.172669		2.836		530.192		6.96492e+06		526.884		
00:00:01:000		1.54782e+07		0.172751		2.83665		530.195		6.9649e+06		526.867		
00:00:00:900		1.54784e+07		0.172804		2.83716		530.199		6.96489e+06		526.849		
00:00:00:800		1.54785e+07		0.172832		2.83717		530.203		6.96487e+06		526.832		
00:00:00:699		1.54786e+07		0.17284		2.83649		530.204		6.96486e+06		526.824		
00:00:00:599		1.54786e+07		0.17284		2.83569		530.208		6.96486e+06		526.825		
00:00:00:500		1.54786e+07		0.172839		2.83573		530.21		6.96485e+06		526.825		
00:00:00:400		1.54786e+07		0.17284		2.83568		530.214		6.96485e+06		526.826		
00:00:00:250		1.54786e+07		0.17284		2.83572		530.217		6.96484e+06		526.827		
00:00:00:149		1.54785e+07		0.17284		2.83572		530.221		6.96484e+06		526.825		
00:00:00:100		1.54785e+07		0.17284		2.83572		530.221		6.96484e+06		526.821		
00:00:00:000		1.54785e+07		0.17284		2.83571		530.225		6.96483e+06		526.826		
00:00:00:000		1.54785e+07		0.17284		2.83571		530.225		6.96483e+06		526.826		
00:00:00:000		1.54785e+07		0.17284		2.83571		530.225		6.96483e+06		526.826		
00:00:00:000		1.54785e+07		0.17284		2.83571		530.225		6.96483e+06		526.826		
00:00:00:000		1.54785e+07		0.17284		2.83571		530.225		6.96483e+06		526.826		
00:00:00:000		1.54785e+07		0.17284		2.83571		530.225		6.96483e+06		526.826		
