	time 		rcpppzr	rcp054rcp007mnzoyout	rcv501std0102fvol	fwfrcp001gv	rcppmssga	msfsg(1)	
00:01:02:649		1.51721e+07		-0.422719		5.75875		508.545		6.97998e+06		531.285		
00:01:02:549		1.51725e+07		-0.421793		5.75494		508.559		6.97996e+06		531.283		
00:01:02:450		1.51729e+07		-0.420866		5.75115		508.572		6.97995e+06		531.277		
00:01:02:350		1.51733e+07		-0.41994		5.74735		508.584		6.97993e+06		531.281		
00:01:02:250		1.51736e+07		-0.419013		5.74356		508.597		6.97991e+06		531.28		
00:01:02:149		1.5174e+07		-0.418085		5.73974		508.61		6.97989e+06		531.278		
00:01:01:950		1.51748e+07		-0.41623		5.73204		508.637		6.97985e+06		531.277		
00:01:01:850		1.51752e+07		-0.415302		5.72819		508.651		6.97983e+06		531.276		
00:01:01:850		1.51752e+07		-0.415302		5.72819		508.651		6.97983e+06		531.276		
00:01:01:750		1.51756e+07		-0.414373		5.72432		508.664		6.97981e+06		531.274		
00:01:01:649		1.5176e+07		-0.413445		5.7205		508.678		6.97979e+06		531.274		
00:01:01:549		1.51764e+07		-0.412516		5.71659		508.693		6.97977e+06		531.272		
00:01:01:450		1.51768e+07		-0.411587		5.71267		508.706		6.97975e+06		531.27		
00:01:01:350		1.51771e+07		-0.410657		5.70876		508.722		6.97973e+06		531.27		
00:01:01:250		1.51775e+07		-0.409728		5.70487		508.735		6.97971e+06		531.268		
00:01:01:149		1.51779e+07		-0.408797		5.70094		508.75		6.97969e+06		531.266		
00:01:01:049		1.51783e+07		-0.407867		5.69689		508.764		6.97967e+06		531.266		
00:01:00:850		1.51791e+07		-0.406006		5.68888		508.795		6.97963e+06		531.263		
00:01:00:850		1.51791e+07		-0.406006		5.68888		508.795		6.97963e+06		531.263		
00:01:00:750		1.51795e+07		-0.405075		5.6849		508.808		6.97961e+06		531.26		
00:01:00:649		1.51799e+07		-0.404144		5.68083		508.823		6.97959e+06		531.253		
00:01:00:549		1.51803e+07		-0.403213		5.6767		508.839		6.97957e+06		531.258		
00:01:00:450		1.51806e+07		-0.40228		5.67264		508.854		6.97955e+06		531.259		
00:01:00:350		1.51812e+07		-0.400882		5.66663		508.875		6.97952e+06		531.256		
00:01:00:200		1.51816e+07		-0.399949		5.66255		508.89		6.9795e+06		531.252		
00:01:00:100		1.5182e+07		-0.399015		5.65842		508.906		6.97948e+06		531.251		
00:01:00:000		1.51824e+07		-0.398082		5.65429		508.921		6.97946e+06		531.252		
00:00:59:950		1.51826e+07		-0.397615		5.65223		508.929		6.97945e+06		531.25		
00:00:59:850		1.51826e+07		-0.397615		5.65223		508.929		6.97945e+06		531.25		
00:00:59:850		1.5183e+07		-0.396681		5.64816		508.944		6.97943e+06		531.252		
00:00:59:750		1.51834e+07		-0.395747		5.64406		508.961		6.97941e+06		531.25		
00:00:59:549		1.51842e+07		-0.393877		5.63576		508.994		6.97937e+06		531.247		
00:00:59:549		1.51842e+07		-0.393877		5.63576		508.994		6.97937e+06		531.247		
00:00:59:450		1.51846e+07		-0.392942		5.63155		509.011		6.97935e+06		531.238		
00:00:59:350		1.51849e+07		-0.392006		5.62733		509.026		6.97932e+06		531.247		
00:00:59:250		1.51853e+07		-0.39107		5.62308		509.042		6.9793e+06		531.245		
00:00:59:149		1.51857e+07		-0.390134		5.61885		509.059		6.97928e+06		531.258		
00:00:58:950		1.51865e+07		-0.38826		5.61036		509.091		6.97924e+06		531.243		
00:00:58:950		1.51865e+07		-0.38826		5.61036		509.091		6.97924e+06		531.243		
00:00:58:750		1.51873e+07		-0.386385		5.60176		509.126		6.9792e+06		531.242		
00:00:58:649		1.51877e+07		-0.385447		5.59746		509.143		6.97918e+06		531.241		
00:00:58:549		1.51881e+07		-0.384509		5.59315		509.16		6.97916e+06		531.238		
00:00:58:450		1.51885e+07		-0.38357		5.58886		509.178		6.97914e+06		531.238		
00:00:58:450		1.51885e+07		-0.38357		5.58886		509.178		6.97914e+06		531.238		
00:00:58:350		1.51889e+07		-0.382631		5.58457		509.195		6.97912e+06		531.236		
00:00:58:250		1.51893e+07		-0.381691		5.58023		509.212		6.9791e+06		531.235		
00:00:58:149		1.51897e+07		-0.380752		5.57589		509.231		6.97908e+06		531.234		
00:00:57:950		1.51904e+07		-0.378871		5.56721		509.268		6.97904e+06		531.231		
00:00:57:950		1.51904e+07		-0.378871		5.56721		509.268		6.97904e+06		531.231		
00:00:57:850		1.51908e+07		-0.37793		5.5627		509.285		6.97902e+06		531.23		
00:00:57:750		1.51912e+07		-0.376989		5.55831		509.302		6.97899e+06		531.224		
00:00:57:649		1.51916e+07		-0.376047		5.55392		509.321		6.97897e+06		531.25		
00:00:57:500		1.51922e+07		-0.374635		5.5472		509.348		6.97894e+06		531.225		
00:00:57:399		1.51926e+07		-0.373692		5.54278		509.367		6.97892e+06		531.225		
00:00:57:299		1.5193e+07		-0.372749		5.53838		509.386		6.9789e+06		531.223		
00:00:57:200		1.51934e+07		-0.371806		5.53399		509.404		6.97888e+06		531.216		
00:00:57:100		1.51938e+07		-0.370862		5.52944		509.423		6.97886e+06		531.221		
00:00:56:899		1.51946e+07		-0.368974		5.52034		509.461		6.97882e+06		531.219		
00:00:56:899		1.51946e+07		-0.368974		5.52034		509.461		6.97882e+06		531.219		
00:00:56:799		1.5195e+07		-0.368029		5.5158		509.48		6.97879e+06		531.219		
00:00:56:700		1.51954e+07		-0.367084		5.51122		509.499		6.97877e+06		531.216		
00:00:56:600		1.51958e+07		-0.366138		5.50663		509.52		6.97875e+06		531.215		
00:00:56:500		1.51962e+07		-0.365191		5.50207		509.538		6.97873e+06		531.214		
00:00:56:399		1.51966e+07		-0.364245		5.49746		509.559		6.97871e+06		531.207		
00:00:56:299		1.5197e+07		-0.363298		5.49286		509.58		6.97869e+06		531.204		
00:00:56:200		1.51974e+07		-0.36235		5.48814		509.599		6.97867e+06		531.213		
00:00:55:950		1.51983e+07		-0.359981		5.47652		509.651		6.97861e+06		531.211		
00:00:55:899		1.51985e+07		-0.359507		5.4742		509.662		6.9786e+06		531.209		
00:00:55:899		1.51985e+07		-0.359507		5.4742		509.662		6.9786e+06		531.209		
00:00:55:799		1.51989e+07		-0.358558		5.46958		509.681		6.97858e+06		531.208		
00:00:55:649		1.51995e+07		-0.357134		5.46246		509.714		6.97855e+06		531.207		
00:00:55:549		1.51999e+07		-0.356184		5.45762		509.735		6.97853e+06		531.206		
00:00:55:450		1.52003e+07		-0.355235		5.45289		509.758		6.97851e+06		531.204		
00:00:55:399		1.52005e+07		-0.354759		5.4508		509.767		6.9785e+06		531.204		
00:00:55:299		1.52009e+07		-0.353809		5.44643		509.788		6.97847e+06		531.203		
00:00:55:200		1.52013e+07		-0.352858		5.44175		509.809		6.97845e+06		531.2		
00:00:54:950		1.52023e+07		-0.35048		5.42834		509.863		6.9784e+06		531.199		
00:00:54:850		1.52027e+07		-0.349527		5.42551		509.884		6.97838e+06		531.197		
00:00:54:850		1.52027e+07		-0.349527		5.42551		509.884		6.97838e+06		531.197		
00:00:54:750		1.52031e+07		-0.348575		5.42247		509.907		6.97835e+06		531.194		
00:00:54:649		1.52035e+07		-0.347621		5.41584		509.928		6.97833e+06		531.189		
00:00:54:549		1.52039e+07		-0.346668		5.40708		509.951		6.97831e+06		531.201		
00:00:54:549		1.52039e+07		-0.346668		5.40708		509.951		6.97831e+06		531.201		
00:00:54:450		1.52043e+07		-0.345714		5.39802		509.972		6.97829e+06		531.196		
00:00:54:350		1.52047e+07		-0.344759		5.38915		509.995		6.97827e+06		531.195		
00:00:54:250		1.52051e+07		-0.343805		5.37993		510.018		6.97825e+06		531.194		
00:00:54:149		1.52055e+07		-0.342849		5.37151		510.041		6.97822e+06		531.193		
00:00:53:950		1.52063e+07		-0.340937		5.35366		510.085		6.97818e+06		531.19		
00:00:53:950		1.52063e+07		-0.340937		5.35366		510.085		6.97818e+06		531.19		
00:00:53:850		1.52067e+07		-0.339981		5.34487		510.108		6.97816e+06		531.191		
00:00:53:750		1.52071e+07		-0.339024		5.33325		510.131		6.97814e+06		531.189		
00:00:53:649		1.52075e+07		-0.338066		5.32719		510.154		6.97812e+06		531.189		
00:00:53:549		1.52079e+07		-0.337109		5.31849		510.176		6.97809e+06		531.187		
00:00:53:450		1.52083e+07		-0.33615		5.3093		510.201		6.97807e+06		531.185		
00:00:53:350		1.52087e+07		-0.335192		5.30058		510.224		6.97805e+06		531.198		
00:00:53:250		1.52091e+07		-0.334232		5.28948		510.247		6.97803e+06		531.189		
00:00:53:149		1.52095e+07		-0.333272		5.28281		510.272		6.97801e+06		531.184		
00:00:52:950		1.52103e+07		-0.331352		5.26469		510.32		6.97796e+06		531.18		
00:00:52:950		1.52103e+07		-0.331352		5.26469		510.32		6.97796e+06		531.18		
00:00:52:799		1.52109e+07		-0.32991		5.25224		510.356		6.97793e+06		531.181		
00:00:52:700		1.52113e+07		-0.328949		5.24307		510.379		6.97791e+06		531.179		
00:00:52:600		1.52117e+07		-0.327987		5.23377		510.402		6.97788e+06		531.167		
00:00:52:500		1.52121e+07		-0.327024		5.22205		510.427		6.97786e+06		531.166		
00:00:52:450		1.52123e+07		-0.326543		5.22006		510.44		6.97785e+06		531.166		
00:00:52:299		1.52129e+07		-0.325098		5.20766		510.476		6.97782e+06		531.176		
00:00:52:200		1.52133e+07		-0.324134		5.19835		510.501		6.9778e+06		531.175		
00:00:52:100		1.52137e+07		-0.32317		5.18964		510.528		6.97777e+06		531.176		
00:00:51:899		1.52145e+07		-0.32124		5.17182		510.58		6.97773e+06		531.172		
00:00:51:899		1.52145e+07		-0.32124		5.17182		510.58		6.97773e+06		531.172		
00:00:51:799		1.52149e+07		-0.320274		5.16292		510.604		6.97771e+06		531.164		
00:00:51:700		1.52153e+07		-0.319308		5.15416		510.629		6.97769e+06		531.173		
00:00:51:600		1.52157e+07		-0.318342		5.14535		510.656		6.97766e+06		531.172		
00:00:51:500		1.52162e+07		-0.317375		5.13637		510.681		6.97764e+06		531.17		
00:00:51:399		1.52166e+07		-0.316408		5.12756		510.708		6.97762e+06		531.167		
00:00:51:299		1.5217e+07		-0.31544		5.11881		510.734		6.9776e+06		531.168		
00:00:51:200		1.52174e+07		-0.314473		5.10989		510.761		6.97758e+06		531.167		
00:00:51:100		1.52178e+07		-0.313505		5.1011		510.788		6.97755e+06		531.166		
00:00:51:000		1.52182e+07		-0.312537		5.09215		510.814		6.97753e+06		531.162		
00:00:50:899		1.52186e+07		-0.311568		5.08343		510.843		6.97751e+06		531.175		
00:00:50:799		1.5219e+07		-0.310599		5.07451		510.868		6.97749e+06		531.169		
00:00:50:700		1.52194e+07		-0.309629		5.06573		510.895		6.97747e+06		531.168		
00:00:50:600		1.52198e+07		-0.30866		5.05695		510.923		6.97744e+06		531.166		
00:00:50:500		1.52202e+07		-0.307689		5.0481		510.95		6.97742e+06		531.167		
00:00:50:399		1.52206e+07		-0.306718		5.03926		510.979		6.9774e+06		531.167		
00:00:50:299		1.5221e+07		-0.305748		5.03043		511.005		6.97738e+06		531.187		
00:00:50:149		1.52216e+07		-0.30429		5.01732		511.047		6.97735e+06		531.165		
00:00:50:100		1.52218e+07		-0.303804		5.01288		511.061		6.97733e+06		531.164		
00:00:50:000		1.52222e+07		-0.302832		5.00394		511.089		6.97731e+06		531.163		
00:00:49:899		1.52227e+07		-0.301859		4.99514		511.116		6.97729e+06		531.155		
00:00:49:799		1.52231e+07		-0.300886		4.98639		511.145		6.97727e+06		531.161		
00:00:49:700		1.52235e+07		-0.299912		4.97767		511.173		6.97725e+06		531.162		
00:00:49:549		1.52241e+07		-0.298451		4.96453		511.215		6.97721e+06		531.159		
00:00:49:450		1.52245e+07		-0.297478		4.95564		511.244		6.97719e+06		531.158		
00:00:49:350		1.52249e+07		-0.296503		4.94684		511.272		6.97717e+06		531.15		
00:00:49:250		1.52253e+07		-0.295527		4.93797		511.301		6.97715e+06		531.158		
00:00:49:149		1.52257e+07		-0.294552		4.9293		511.328		6.97713e+06		531.158		
00:00:48:950		1.52257e+07		-0.294552		4.9293		511.328		6.97713e+06		531.158		
00:00:48:850		1.52269e+07		-0.291623		4.90289		511.414		6.97706e+06		531.155		
00:00:48:850		1.52269e+07		-0.291623		4.90289		511.414		6.97706e+06		531.155		
00:00:48:850		1.52269e+07		-0.291623		4.90289		511.414		6.97706e+06		531.155		
00:00:48:750		1.52274e+07		-0.290645		4.89411		511.442		6.97704e+06		531.152		
00:00:48:649		1.52278e+07		-0.289668		4.8855		511.473		6.97702e+06		531.144		
00:00:48:549		1.52282e+07		-0.28869		4.87656		511.501		6.97699e+06		531.14		
00:00:48:450		1.52286e+07		-0.287711		4.86772		511.532		6.97697e+06		531.144		
00:00:48:350		1.5229e+07		-0.286732		4.8586		511.56		6.97695e+06		531.149		
00:00:48:250		1.52294e+07		-0.285753		4.85033		511.591		6.97693e+06		531.15		
00:00:48:149		1.52298e+07		-0.284774		4.84195		511.62		6.97691e+06		531.149		
00:00:47:950		1.52307e+07		-0.282814		4.82386		511.68		6.97686e+06		531.146		
00:00:47:850		1.52311e+07		-0.281833		4.81276		511.709		6.97684e+06		531.143		
00:00:47:850		1.52311e+07		-0.281833		4.81276		511.709		6.97684e+06		531.143		
00:00:47:750		1.52315e+07		-0.280852		4.80685		511.741		6.97682e+06		531.143		
00:00:47:649		1.52319e+07		-0.279871		4.79794		511.77		6.9768e+06		531.13		
00:00:47:549		1.52323e+07		-0.278889		4.78918		511.801		6.97677e+06		531.148		
00:00:47:450		1.52327e+07		-0.277907		4.77983		511.831		6.97675e+06		531.142		
00:00:47:250		1.52335e+07		-0.275943		4.76354		511.892		6.97671e+06		531.139		
00:00:47:250		1.52335e+07		-0.275943		4.76354		511.892		6.97671e+06		531.139		
00:00:47:149		1.5234e+07		-0.27496		4.75453		511.922		6.97669e+06		531.138		
00:00:47:000		1.52346e+07		-0.273485		4.7408		511.968		6.97665e+06		531.142		
00:00:46:899		1.5235e+07		-0.272501		4.73263		512.002		6.97663e+06		531.137		
00:00:46:799		1.52354e+07		-0.271518		4.72405		512.033		6.97661e+06		531.136		
00:00:46:700		1.52358e+07		-0.270534		4.71538		512.063		6.97659e+06		531.134		
00:00:46:600		1.52362e+07		-0.269549		4.70674		512.096		6.97657e+06		531.132		
00:00:46:500		1.52367e+07		-0.268564		4.69799		512.128		6.97654e+06		531.13		
00:00:46:399		1.52371e+07		-0.267579		4.68928		512.159		6.97652e+06		531.13		
00:00:46:299		1.52375e+07		-0.266594		4.68066		512.191		6.9765e+06		531.122		
00:00:46:200		1.52379e+07		-0.265608		4.67207		512.221		6.97648e+06		531.127		
00:00:46:100		1.52383e+07		-0.264623		4.66344		512.256		6.97646e+06		531.126		
00:00:46:000		1.52387e+07		-0.263637		4.6547		512.286		6.97644e+06		531.126		
00:00:45:899		1.52392e+07		-0.26265		4.64602		512.32		6.97641e+06		531.126		
00:00:45:799		1.52396e+07		-0.261664		4.63739		512.353		6.97639e+06		531.124		
00:00:45:700		1.524e+07		-0.260677		4.6289		512.385		6.97637e+06		531.122		
00:00:45:600		1.52404e+07		-0.25969		4.62051		512.417		6.97635e+06		531.121		
00:00:45:500		1.52408e+07		-0.258702		4.61171		512.45		6.97633e+06		531.119		
00:00:45:399		1.52412e+07		-0.257715		4.60301		512.482		6.9763e+06		531.117		
00:00:45:299		1.52417e+07		-0.256727		4.5941		512.516		6.97628e+06		531.115		
00:00:45:200		1.52421e+07		-0.255739		4.586		512.549		6.97626e+06		531.107		
00:00:45:100		1.52425e+07		-0.254751		4.57792		512.581		6.97624e+06		531.114		
00:00:45:000		1.52429e+07		-0.253763		4.56876		512.615		6.97622e+06		531.114		
00:00:44:899		1.52433e+07		-0.252774		4.56019		512.648		6.9762e+06		531.113		
00:00:44:799		1.52437e+07		-0.251785		4.5492		512.682		6.97617e+06		531.111		
00:00:44:700		1.52442e+07		-0.250795		4.54307		512.716		6.97615e+06		531.11		
00:00:44:600		1.52446e+07		-0.249806		4.53467		512.752		6.97613e+06		531.108		
00:00:44:500		1.5245e+07		-0.248817		4.52568		512.785		6.97611e+06		531.107		
00:00:44:399		1.52454e+07		-0.247828		4.51757		512.819		6.97609e+06		531.106		
00:00:44:299		1.52458e+07		-0.246837		4.50952		512.853		6.97607e+06		531.104		
00:00:44:200		1.52463e+07		-0.245847		4.49997		512.887		6.97604e+06		531.103		
00:00:44:100		1.52467e+07		-0.244857		4.49203		512.922		6.97602e+06		531.101		
00:00:43:950		1.52473e+07		-0.243371		4.48059		512.973		6.97599e+06		531.099		
00:00:43:850		1.52477e+07		-0.24238		4.47087		513.009		6.97597e+06		531.098		
00:00:43:750		1.52482e+07		-0.241389		4.46181		513.043		6.97595e+06		531.097		
00:00:43:649		1.52486e+07		-0.240398		4.45384		513.078		6.97592e+06		531.095		
00:00:43:549		1.5249e+07		-0.239407		4.44547		513.112		6.9759e+06		531.094		
00:00:43:450		1.52494e+07		-0.238414		4.43706		513.148		6.97588e+06		531.092		
00:00:43:399		1.52496e+07		-0.237919		4.43306		513.165		6.97587e+06		531.092		
00:00:43:250		1.52503e+07		-0.23643		4.41987		513.218		6.97584e+06		531.088		
00:00:43:200		1.52505e+07		-0.235934		4.41551		513.237		6.97583e+06		531.088		
00:00:43:100		1.52509e+07		-0.234941		4.4073		513.273		6.97581e+06		531.076		
00:00:42:950		1.52515e+07		-0.233451		4.39525		513.326		6.97577e+06		531.074		
00:00:42:850		1.52519e+07		-0.232458		4.38645		513.361		6.97575e+06		531.082		
00:00:42:750		1.52523e+07		-0.231464		4.37789		513.397		6.97573e+06		531.08		
00:00:42:649		1.52528e+07		-0.230471		4.36683		513.433		6.97571e+06		531.072		
00:00:42:649		1.52528e+07		-0.230471		4.36683		513.433		6.97571e+06		531.072		
00:00:42:549		1.52532e+07		-0.229477		4.3612		513.469		6.97569e+06		531.078		
00:00:42:450		1.52536e+07		-0.228485		4.3529		513.507		6.97566e+06		531.076		
00:00:42:350		1.5254e+07		-0.227491		4.34476		513.543		6.97564e+06		531.072		
00:00:42:250		1.52544e+07		-0.226498		4.33636		513.579		6.97562e+06		531.067		
00:00:42:149		1.52548e+07		-0.225504		4.32786		513.615		6.9756e+06		531.063		
00:00:41:950		1.52557e+07		-0.223519		4.31135		513.691		6.97556e+06		531.068		
00:00:41:850		1.52561e+07		-0.222526		4.30354		513.727		6.97553e+06		531.059		
00:00:41:850		1.52561e+07		-0.222526		4.30354		513.727		6.97553e+06		531.059		
00:00:41:649		1.52569e+07		-0.220541		4.28645		513.803		6.97549e+06		531.062		
00:00:41:649		1.52569e+07		-0.220541		4.28645		513.803		6.97549e+06		531.062		
00:00:41:549		1.52573e+07		-0.21955		4.27545		513.841		6.97547e+06		531.053		
00:00:41:450		1.52577e+07		-0.218558		4.27009		513.879		6.97545e+06		531.056		
00:00:41:350		1.52581e+07		-0.217566		4.26198		513.919		6.97543e+06		531.059		
00:00:41:250		1.52586e+07		-0.216575		4.25368		513.957		6.9754e+06		531.056		
00:00:41:149		1.5259e+07		-0.215584		4.2456		513.995		6.97538e+06		531.053		
00:00:40:950		1.52598e+07		-0.213604		4.22919		514.074		6.97534e+06		531.051		
00:00:40:850		1.52602e+07		-0.212614		4.22115		514.112		6.97532e+06		531.051		
00:00:40:850		1.52602e+07		-0.212614		4.22115		514.112		6.97532e+06		531.051		
00:00:40:750		1.52606e+07		-0.211625		4.21309		514.15		6.9753e+06		531.049		
00:00:40:649		1.52611e+07		-0.210635		4.20521		514.19		6.97528e+06		531.046		
00:00:40:549		1.52615e+07		-0.209647		4.19701		514.228		6.97525e+06		531.035		
00:00:40:450		1.52619e+07		-0.208659		4.1885		514.27		6.97523e+06		531.038		
00:00:40:299		1.52625e+07		-0.207178		4.17672		514.327		6.9752e+06		531.042		
00:00:40:200		1.52629e+07		-0.206191		4.16909		514.367		6.97518e+06		531.039		
00:00:40:100		1.52633e+07		-0.205204		4.16095		514.404		6.97516e+06		531.043		
00:00:39:950		1.5264e+07		-0.203725		4.14855		514.463		6.97512e+06		531.033		
00:00:39:799		1.52646e+07		-0.202248		4.13719		514.524		6.97509e+06		531.027		
00:00:39:799		1.52646e+07		-0.202248		4.13719		514.524		6.97509e+06		531.027		
00:00:39:700		1.5265e+07		-0.201263		4.12943		514.562		6.97507e+06		531.033		
00:00:39:649		1.52652e+07		-0.200771		4.12552		514.581		6.97506e+06		531.032		
00:00:39:549		1.52656e+07		-0.199787		4.11766		514.62		6.97504e+06		531.029		
00:00:39:450		1.5266e+07		-0.198804		4.10989		514.66		6.97502e+06		531.026		
00:00:39:299		1.52667e+07		-0.19733		4.09816		514.719		6.97499e+06		531.014		
00:00:39:200		1.52671e+07		-0.196349		4.09026		514.761		6.97496e+06		531.013		
00:00:39:100		1.52675e+07		-0.195368		4.08267		514.8		6.97494e+06		531.015		
00:00:39:000		1.52679e+07		-0.194387		4.07487		514.84		6.97492e+06		531.02		
00:00:38:899		1.52683e+07		-0.193408		4.0672		514.88		6.9749e+06		531.018		
00:00:38:799		1.52688e+07		-0.192429		4.05945		514.922		6.97488e+06		531.015		
00:00:38:700		1.52692e+07		-0.19145		4.05184		514.961		6.97486e+06		531.015		
00:00:38:600		1.52696e+07		-0.190472		4.04415		515.003		6.97484e+06		531.013		
00:00:38:500		1.527e+07		-0.189496		4.03645		515.045		6.97482e+06		531.011		
00:00:38:399		1.52704e+07		-0.188519		4.02883		515.085		6.97479e+06		531.002		
00:00:38:299		1.52708e+07		-0.187543		4.0211		515.124		6.97477e+06		531.008		
00:00:38:200		1.52712e+07		-0.186569		4.01369		515.166		6.97475e+06		531.005		
00:00:38:100		1.52717e+07		-0.185595		4.00612		515.208		6.97473e+06		531.004		
00:00:37:899		1.52725e+07		-0.183649		3.99082		515.291		6.97469e+06		530.998		
00:00:37:899		1.52725e+07		-0.183649		3.99082		515.291		6.97469e+06		530.998		
00:00:37:799		1.52729e+07		-0.182678		3.98287		515.333		6.97467e+06		531.002		
00:00:37:700		1.52733e+07		-0.181708		3.97594		515.374		6.97465e+06		530.995		
00:00:37:600		1.52737e+07		-0.180738		3.96891		515.414		6.97462e+06		530.985		
00:00:37:500		1.52742e+07		-0.17977		3.96101		515.456		6.9746e+06		530.993		
00:00:37:399		1.52746e+07		-0.178802		3.95353		515.499		6.97458e+06		530.991		
00:00:37:299		1.5275e+07		-0.177835		3.94338		515.541		6.97456e+06		530.99		
00:00:37:200		1.52754e+07		-0.176869		3.93859		515.582		6.97454e+06		530.987		
00:00:37:100		1.52758e+07		-0.175904		3.93144		515.624		6.97452e+06		530.985		
00:00:37:000		1.52762e+07		-0.174941		3.92387		515.667		6.9745e+06		530.983		
00:00:36:899		1.52766e+07		-0.173978		3.91676		515.709		6.97448e+06		530.981		
00:00:36:799		1.52771e+07		-0.173017		3.9093		515.753		6.97446e+06		530.979		
00:00:36:700		1.52775e+07		-0.172057		3.90181		515.794		6.97444e+06		530.977		
00:00:36:600		1.52779e+07		-0.171097		3.8946		515.836		6.97441e+06		530.974		
00:00:36:500		1.52783e+07		-0.170139		3.88729		515.879		6.97439e+06		530.978		
00:00:36:399		1.52787e+07		-0.169182		3.88036		515.921		6.97437e+06		530.971		
00:00:36:299		1.52791e+07		-0.168226		3.87285		515.962		6.97435e+06		530.967		
00:00:36:200		1.52795e+07		-0.167272		3.86558		516.008		6.97433e+06		530.965		
00:00:36:100		1.52799e+07		-0.166317		3.85782		516.051		6.97431e+06		530.964		
00:00:36:000		1.52804e+07		-0.165366		3.85128		516.093		6.97429e+06		530.963		
00:00:35:899		1.52808e+07		-0.164415		3.84459		516.136		6.97427e+06		530.965		
00:00:35:750		1.52814e+07		-0.162991		3.83348		516.199		6.97424e+06		530.957		
00:00:35:649		1.52818e+07		-0.162043		3.82593		516.244		6.97422e+06		530.966		
00:00:35:549		1.52822e+07		-0.161096		3.8192		516.287		6.97419e+06		530.955		
00:00:35:450		1.52826e+07		-0.160151		3.81218		516.331		6.97417e+06		530.968		
00:00:35:350		1.5283e+07		-0.159206		3.80525		516.374		6.97415e+06		530.951		
00:00:35:350		1.5283e+07		-0.159206		3.80525		516.374		6.97415e+06		530.951		
00:00:35:250		1.52834e+07		-0.158262		3.79838		516.418		6.97413e+06		530.947		
00:00:35:049		1.52842e+07		-0.156379		3.78411		516.508		6.97409e+06		530.945		
00:00:35:049		1.52842e+07		-0.156379		3.78411		516.508		6.97409e+06		530.945		
00:00:34:850		1.52851e+07		-0.1545		3.77053		516.595		6.97405e+06		530.938		
00:00:34:799		1.52853e+07		-0.154031		3.76718		516.618		6.97404e+06		530.948		
00:00:34:649		1.52859e+07		-0.152627		3.75644		516.684		6.97401e+06		530.936		
00:00:34:649		1.52859e+07		-0.152627		3.75644		516.684		6.97401e+06		530.936		
00:00:34:549		1.52863e+07		-0.151692		3.74915		516.727		6.97399e+06		530.932		
00:00:34:450		1.52867e+07		-0.150757		3.74032		516.773		6.97397e+06		530.928		
00:00:34:350		1.52871e+07		-0.149825		3.73644		516.818		6.97395e+06		530.928		
00:00:34:250		1.52875e+07		-0.148894		3.72924		516.861		6.97392e+06		530.926		
00:00:34:149		1.52879e+07		-0.147964		3.72248		516.907		6.9739e+06		530.924		
00:00:33:950		1.52887e+07		-0.146107		3.70905		516.995		6.97386e+06		530.919		
00:00:33:850		1.52891e+07		-0.14518		3.70235		517.041		6.97384e+06		530.92		
00:00:33:850		1.52891e+07		-0.14518		3.70235		517.041		6.97384e+06		530.92		
00:00:33:750		1.52895e+07		-0.144255		3.69554		517.086		6.97382e+06		530.916		
00:00:33:649		1.52899e+07		-0.143331		3.68896		517.131		6.9738e+06		530.903		
00:00:33:549		1.52903e+07		-0.142407		3.68223		517.174		6.97378e+06		530.91		
00:00:33:450		1.52907e+07		-0.141485		3.67572		517.22		6.97376e+06		530.902		
00:00:33:350		1.52911e+07		-0.140565		3.66894		517.267		6.97374e+06		530.913		
00:00:33:250		1.52915e+07		-0.139645		3.66245		517.312		6.97372e+06		530.906		
00:00:33:149		1.52919e+07		-0.138727		3.65582		517.357		6.9737e+06		530.903		
00:00:32:799		1.52933e+07		-0.13552		3.63292		517.516		6.97362e+06		530.895		
00:00:32:799		1.52933e+07		-0.13552		3.63292		517.516		6.97362e+06		530.895		
00:00:32:799		1.52933e+07		-0.13552		3.63292		517.516		6.97362e+06		530.895		
00:00:32:700		1.52937e+07		-0.134606		3.62668		517.563		6.9736e+06		530.891		
00:00:32:600		1.52941e+07		-0.133694		3.62021		517.608		6.97358e+06		530.892		
00:00:32:549		1.52943e+07		-0.133238		3.61729		517.631		6.97357e+06		530.89		
00:00:32:399		1.52949e+07		-0.131871		3.6075		517.698		6.97354e+06		530.886		
00:00:32:299		1.52953e+07		-0.130961		3.60081		517.745		6.97352e+06		530.884		
00:00:32:200		1.52957e+07		-0.130052		3.59462		517.793		6.9735e+06		530.879		
00:00:32:100		1.52961e+07		-0.129143		3.58837		517.838		6.97348e+06		530.874		
00:00:32:000		1.52965e+07		-0.128235		3.5835		517.885		6.97346e+06		530.874		
00:00:31:899		1.52969e+07		-0.127328		3.57606		517.93		6.97344e+06		530.872		
00:00:31:850		1.52971e+07		-0.126875		3.57255		517.955		6.97343e+06		530.878		
00:00:31:699		1.52977e+07		-0.125517		3.56292		518.024		6.9734e+06		530.87		
00:00:31:600		1.52981e+07		-0.124612		3.557		518.071		6.97338e+06		530.868		
00:00:31:500		1.52985e+07		-0.123707		3.55077		518.116		6.97336e+06		530.864		
00:00:31:399		1.52989e+07		-0.122804		3.54585		518.164		6.97334e+06		530.862		
00:00:31:300		1.52993e+07		-0.121901		3.53835		518.211		6.97332e+06		530.853		
00:00:31:199		1.52997e+07		-0.120998		3.53178		518.258		6.9733e+06		530.856		
00:00:31:100		1.53001e+07		-0.120096		3.52594		518.305		6.97328e+06		530.856		
00:00:31:000		1.53005e+07		-0.119194		3.51991		518.352		6.97326e+06		530.853		
00:00:30:899		1.53009e+07		-0.118293		3.51379		518.399		6.97324e+06		530.851		
00:00:30:800		1.53013e+07		-0.117391		3.50795		518.446		6.97322e+06		530.849		
00:00:30:699		1.53017e+07		-0.11649		3.50163		518.493		6.9732e+06		530.846		
00:00:30:600		1.53021e+07		-0.115589		3.49557		518.54		6.97317e+06		530.837		
00:00:30:500		1.53025e+07		-0.114688		3.48935		518.587		6.97315e+06		530.841		
00:00:30:399		1.53029e+07		-0.113787		3.48367		518.634		6.97313e+06		530.829		
00:00:30:250		1.53035e+07		-0.112436		3.47497		518.703		6.9731e+06		530.835		
00:00:30:149		1.53039e+07		-0.111535		3.46838		518.754		6.97308e+06		530.831		
00:00:30:050		1.53043e+07		-0.110633		3.46188		518.801		6.97306e+06		530.815		
00:00:29:949		1.53047e+07		-0.109731		3.45677		518.846		6.97304e+06		530.823		
00:00:29:850		1.5305e+07		-0.108829		3.45127		518.895		6.97302e+06		530.818		
00:00:29:750		1.53054e+07		-0.107926		3.44617		518.942		6.973e+06		530.822		
00:00:29:649		1.53058e+07		-0.107023		3.4383		518.991		6.97298e+06		530.812		
00:00:29:649		1.53058e+07		-0.107023		3.4383		518.991		6.97298e+06		530.812		
00:00:29:550		1.53062e+07		-0.106119		3.42999		519.04		6.97296e+06		530.817		
00:00:29:449		1.53066e+07		-0.105214		3.427		519.089		6.97294e+06		530.804		
00:00:29:350		1.5307e+07		-0.104309		3.42137		519.138		6.97292e+06		530.811		
00:00:29:250		1.53074e+07		-0.103402		3.41592		519.185		6.9729e+06		530.798		
00:00:29:149		1.53078e+07		-0.102495		3.40712		519.233		6.97288e+06		530.807		
00:00:28:949		1.53086e+07		-0.100677		3.39543		519.331		6.97284e+06		530.788		
00:00:28:850		1.5309e+07		-0.0997667		3.39225		519.38		6.97282e+06		530.799		
00:00:28:850		1.5309e+07		-0.0997667		3.39225		519.38		6.97282e+06		530.799		
00:00:28:649		1.53097e+07		-0.0979409		3.3809		519.478		6.97278e+06		530.793		
00:00:28:550		1.53101e+07		-0.0970254		3.37519		519.526		6.97276e+06		530.788		
00:00:28:449		1.53105e+07		-0.0961084		3.36931		519.575		6.97274e+06		530.779		
00:00:28:350		1.53109e+07		-0.0951896		3.36361		519.624		6.97272e+06		530.785		
00:00:28:250		1.53113e+07		-0.0942693		3.35786		519.673		6.9727e+06		530.781		
00:00:28:149		1.53117e+07		-0.0933466		3.35222		519.722		6.97268e+06		530.78		
00:00:28:149		1.53117e+07		-0.0933466		3.35222		519.722		6.97268e+06		530.78		
00:00:28:050		1.53121e+07		-0.0924215		3.34648		519.77		6.97266e+06		530.777		
00:00:27:850		1.53129e+07		-0.0905652		3.33508		519.868		6.97262e+06		530.773		
00:00:27:850		1.53129e+07		-0.0905652		3.33508		519.868		6.97262e+06		530.773		
00:00:27:750		1.53133e+07		-0.0896335		3.32937		519.915		6.9726e+06		530.769		
00:00:27:649		1.53137e+07		-0.0886993		3.32374		519.964		6.97258e+06		530.765		
00:00:27:550		1.5314e+07		-0.0877624		3.31807		520.014		6.97256e+06		530.761		
00:00:27:300		1.5315e+07		-0.0854068		3.30394		520.136		6.97251e+06		530.757		
00:00:27:300		1.5315e+07		-0.0854068		3.30394		520.136		6.97251e+06		530.757		
00:00:27:199		1.53154e+07		-0.0844598		3.29828		520.183		6.97249e+06		530.754		
00:00:27:100		1.53158e+07		-0.0835094		3.29265		520.234		6.97247e+06		530.742		
00:00:26:899		1.53166e+07		-0.0815983		3.28148		520.331		6.97243e+06		530.746		
00:00:26:800		1.5317e+07		-0.080637		3.27574		520.38		6.97241e+06		530.743		
00:00:26:800		1.5317e+07		-0.080637		3.27574		520.38		6.97241e+06		530.743		
00:00:26:699		1.53174e+07		-0.0796723		3.27011		520.429		6.97239e+06		530.739		
00:00:26:600		1.53178e+07		-0.0787044		3.26457		520.477		6.97237e+06		530.731		
00:00:26:500		1.53182e+07		-0.0777321		3.2591		520.528		6.97235e+06		530.735		
00:00:26:399		1.53186e+07		-0.076756		3.25336		520.577		6.97233e+06		530.732		
00:00:26:300		1.5319e+07		-0.0757751		3.24758		520.625		6.97231e+06		530.729		
00:00:26:199		1.53194e+07		-0.074791		3.24145		520.676		6.97229e+06		530.726		
00:00:26:100		1.53198e+07		-0.0738015		3.23665		520.723		6.97227e+06		530.722		
00:00:26:000		1.53202e+07		-0.0728083		3.23152		520.773		6.97225e+06		530.719		
00:00:25:899		1.53206e+07		-0.0718102		3.22541		520.824		6.97224e+06		530.715		
00:00:25:800		1.5321e+07		-0.070807		3.21965		520.873		6.97222e+06		530.718		
00:00:25:699		1.53214e+07		-0.0697989		3.21104		520.921		6.9722e+06		530.71		
00:00:25:600		1.53218e+07		-0.0687866		3.20839		520.97		6.97218e+06		530.706		
00:00:25:500		1.53222e+07		-0.0677681		3.20337		521.02		6.97216e+06		530.697		
00:00:25:399		1.53226e+07		-0.0667453		3.19772		521.069		6.97214e+06		530.702		
00:00:25:300		1.5323e+07		-0.0657167		3.19163		521.118		6.97212e+06		530.699		
00:00:25:199		1.53234e+07		-0.0646825		3.18573		521.168		6.9721e+06		530.694		
00:00:25:100		1.53239e+07		-0.063643		3.17981		521.215		6.97208e+06		530.693		
00:00:25:000		1.53243e+07		-0.0625978		3.17655		521.267		6.97206e+06		530.689		
00:00:24:899		1.53247e+07		-0.0615468		3.1707		521.316		6.97204e+06		530.685		
00:00:24:800		1.53251e+07		-0.0604897		3.16397		521.365		6.97202e+06		530.684		
00:00:24:699		1.53255e+07		-0.0594273		3.15665		521.415		6.972e+06		530.679		
00:00:24:600		1.53259e+07		-0.0583587		3.14946		521.464		6.97198e+06		530.677		
00:00:24:449		1.53266e+07		-0.0567441		3.14613		521.539		6.97195e+06		530.665		
00:00:24:350		1.5327e+07		-0.0556598		3.14439		521.587		6.97193e+06		530.672		
00:00:24:250		1.53274e+07		-0.0545697		3.14273		521.636		6.97191e+06		530.668		
00:00:24:149		1.53278e+07		-0.053472		3.14016		521.685		6.97189e+06		530.664		
00:00:24:149		1.53278e+07		-0.053472		3.14016		521.685		6.97189e+06		530.664		
00:00:24:050		1.53283e+07		-0.0523682		3.13906		521.735		6.97188e+06		530.655		
00:00:23:850		1.53291e+07		-0.0501404		3.13551		521.834		6.97184e+06		530.642		
00:00:23:850		1.53291e+07		-0.0501404		3.13551		521.834		6.97184e+06		530.642		
00:00:23:750		1.53296e+07		-0.0490165		3.13373		521.885		6.97182e+06		530.652		
00:00:23:550		1.53304e+07		-0.0467482		3.1301		521.982		6.97178e+06		530.646		
00:00:23:550		1.53304e+07		-0.0467482		3.1301		521.982		6.97178e+06		530.646		
00:00:23:350		1.53313e+07		-0.0444555		3.1265		522.081		6.97174e+06		530.642		
00:00:23:350		1.53313e+07		-0.0444555		3.1265		522.081		6.97174e+06		530.642		
00:00:23:250		1.53317e+07		-0.0433002		3.12469		522.131		6.97172e+06		530.638		
00:00:23:050		1.53326e+07		-0.0409698		3.12105		522.228		6.97168e+06		530.635		
00:00:22:949		1.53331e+07		-0.0397949		3.11923		522.279		6.97166e+06		530.632		
00:00:22:850		1.53335e+07		-0.0386133		3.11745		522.327		6.97164e+06		530.628		
00:00:22:750		1.5334e+07		-0.0374246		3.11564		522.376		6.97163e+06		530.626		
00:00:22:649		1.53344e+07		-0.0362291		3.11378		522.426		6.97161e+06		530.622		
00:00:22:649		1.53344e+07		-0.0362291		3.11378		522.426		6.97161e+06		530.622		
00:00:22:550		1.53348e+07		-0.035027		3.11189		522.475		6.97159e+06		530.62		
00:00:22:350		1.53357e+07		-0.0325994		3.10826		522.574		6.97155e+06		530.613		
00:00:22:350		1.53357e+07		-0.0325994		3.10826		522.574		6.97155e+06		530.613		
00:00:22:250		1.53362e+07		-0.031374		3.1065		522.622		6.97153e+06		530.608		
00:00:22:149		1.53366e+07		-0.0301399		3.10461		522.673		6.97151e+06		530.623		
00:00:21:949		1.53375e+07		-0.0276461		3.10009		522.772		6.97147e+06		530.604		
00:00:21:850		1.5338e+07		-0.0263853		3.09895		522.82		6.97146e+06		530.603		
00:00:21:850		1.5338e+07		-0.0263853		3.09895		522.82		6.97146e+06		530.603		
00:00:21:750		1.53385e+07		-0.025115		3.097		522.869		6.97144e+06		530.599		
00:00:21:649		1.53389e+07		-0.0238357		3.09523		522.917		6.97142e+06		530.594		
00:00:21:500		1.53396e+07		-0.0218997		3.09258		522.99		6.97139e+06		530.582		
00:00:21:399		1.53401e+07		-0.0205989		3.09071		523.04		6.97137e+06		530.594		
00:00:21:300		1.53405e+07		-0.0192904		3.08904		523.087		6.97135e+06		530.601		
00:00:21:199		1.5341e+07		-0.0179744		3.08677		523.135		6.97133e+06		530.586		
00:00:21:100		1.53414e+07		-0.0166512		3.08513		523.184		6.97132e+06		530.583		
00:00:20:899		1.53423e+07		-0.0144234		3.08196		523.281		6.97128e+06		530.579		
00:00:20:800		1.53429e+07		-0.0134039		3.08038		523.329		6.97126e+06		530.576		
00:00:20:800		1.53429e+07		-0.0134039		3.08038		523.329		6.97126e+06		530.576		
00:00:20:699		1.53434e+07		-0.0123844		3.07882		523.378		6.97124e+06		530.574		
00:00:20:600		1.5344e+07		-0.0113654		3.07731		523.426		6.97122e+06		530.571		
00:00:20:500		1.53445e+07		-0.0103474		3.07572		523.473		6.9712e+06		530.566		
00:00:20:399		1.53451e+07		-0.00932932		3.07409		523.523		6.97118e+06		530.567		
00:00:20:300		1.53456e+07		-0.00831175		3.07238		523.571		6.97117e+06		530.564		
00:00:20:199		1.53462e+07		-0.00729418		3.07106		523.62		6.97115e+06		530.561		
00:00:20:100		1.53467e+07		-0.00627756		3.06954		523.668		6.97113e+06		530.558		
00:00:20:000		1.53473e+07		-0.00526047		3.06817		523.717		6.97111e+06		530.558		
00:00:19:899		1.53478e+07		-0.00424433		3.06623		523.765		6.97109e+06		530.555		
00:00:19:800		1.53484e+07		-0.00322866		3.06408		523.813		6.97107e+06		530.55		
00:00:19:649		1.53492e+07		-0.00170517		3.06245		523.886		6.97104e+06		530.547		
00:00:19:600		1.53495e+07		-0.00119734		3.06167		523.91		6.97103e+06		530.547		
00:00:19:500		1.535e+07		-0.000182152		3.06014		523.959		6.97101e+06		530.543		
00:00:19:399		1.53506e+07		0.000832081		3.05859		524.009		6.971e+06		530.542		
00:00:19:300		1.53511e+07		0.00184631		3.05706		524.055		6.97098e+06		530.538		
00:00:19:199		1.53517e+07		0.00285959		3.05553		524.104		6.97096e+06		530.538		
00:00:19:100		1.53522e+07		0.00387287		3.05393		524.15		6.97094e+06		530.536		
00:00:19:000		1.53528e+07		0.0048852		3.05243		524.199		6.97092e+06		530.532		
00:00:18:850		1.53536e+07		0.00640297		3.05023		524.271		6.97089e+06		530.529		
00:00:18:750		1.53542e+07		0.00741434		3.04864		524.32		6.97087e+06		530.527		
00:00:18:649		1.53547e+07		0.00842524		3.04701		524.368		6.97085e+06		530.524		
00:00:18:550		1.53553e+07		0.00943518		3.04564		524.415		6.97083e+06		530.521		
00:00:18:449		1.53558e+07		0.0104446		3.04414		524.461		6.97081e+06		530.518		
00:00:18:350		1.53564e+07		0.0114541		3.04262		524.511		6.97079e+06		530.516		
00:00:18:350		1.53564e+07		0.0114541		3.04262		524.511		6.97079e+06		530.516		
00:00:18:149		1.53575e+07		0.0134697		3.039		524.606		6.97076e+06		530.516		
00:00:18:149		1.53575e+07		0.0134697		3.039		524.606		6.97076e+06		530.516		
00:00:18:050		1.5358e+07		0.0144773		3.03805		524.653		6.97074e+06		530.495		
00:00:17:850		1.53591e+07		0.016489		3.03513		524.749		6.9707e+06		530.495		
00:00:17:850		1.53591e+07		0.016489		3.03513		524.749		6.9707e+06		530.495		
00:00:17:750		1.53597e+07		0.0174947		3.03366		524.796		6.97068e+06		530.503		
00:00:17:649		1.53602e+07		0.0184989		3.03215		524.844		6.97066e+06		530.5		
00:00:17:550		1.53608e+07		0.0195031		3.03067		524.891		6.97064e+06		530.496		
00:00:17:449		1.53613e+07		0.0205064		3.02916		524.937		6.97062e+06		530.493		
00:00:17:350		1.53619e+07		0.0215092		3.02777		524.985		6.9706e+06		530.491		
00:00:17:250		1.53624e+07		0.022511		3.02636		525.032		6.97058e+06		530.487		
00:00:17:149		1.5363e+07		0.0235124		3.0248		525.08		6.97056e+06		530.486		
00:00:17:050		1.53635e+07		0.0245132		3.0233		525.126		6.97054e+06		530.484		
00:00:16:850		1.53646e+07		0.0265117		3.02052		525.219		6.9705e+06		530.476		
00:00:16:750		1.53652e+07		0.0275102		3.01929		525.266		6.97048e+06		530.465		
00:00:16:750		1.53652e+07		0.0275102		3.01929		525.266		6.97048e+06		530.465		
00:00:16:649		1.53657e+07		0.0285082		3.01753		525.312		6.97046e+06		530.472		
00:00:16:550		1.53663e+07		0.0295048		3.01594		525.359		6.97044e+06		530.469		
00:00:16:449		1.53668e+07		0.0305009		3.01459		525.403		6.97042e+06		530.465		
00:00:16:350		1.53674e+07		0.0314956		3.0134		525.45		6.9704e+06		530.452		
00:00:16:250		1.53679e+07		0.0324903		3.01186		525.496		6.97038e+06		530.461		
00:00:16:100		1.53688e+07		0.0339799		3.00975		525.563		6.97035e+06		530.456		
00:00:16:000		1.53693e+07		0.0349722		3.00835		525.609		6.97033e+06		530.448		
00:00:15:800		1.53704e+07		0.0369544		3.00542		525.698		6.97029e+06		530.439		
00:00:15:800		1.53704e+07		0.0369544		3.00542		525.698		6.97029e+06		530.439		
00:00:15:699		1.5371e+07		0.0379438		3.00403		525.745		6.97027e+06		530.446		
00:00:15:599		1.53715e+07		0.0389328		3.00261		525.791		6.97025e+06		530.444		
00:00:15:500		1.53721e+07		0.0399208		3.00116		525.836		6.97023e+06		530.441		
00:00:15:400		1.53726e+07		0.0409074		3.00015		525.88		6.97021e+06		530.438		
00:00:15:300		1.53732e+07		0.0418935		2.99847		525.925		6.97019e+06		530.436		
00:00:15:199		1.53737e+07		0.0428786		2.99698		525.969		6.97017e+06		530.433		
00:00:15:099		1.53743e+07		0.0438623		2.99578		526.015		6.97015e+06		530.43		
00:00:15:000		1.53748e+07		0.0448461		2.99434		526.06		6.97013e+06		530.427		
00:00:14:800		1.5376e+07		0.0468092		2.99165		526.147		6.97009e+06		530.421		
00:00:14:800		1.5376e+07		0.0468092		2.99165		526.147		6.97009e+06		530.421		
00:00:14:699		1.53765e+07		0.0477891		2.99036		526.192		6.97007e+06		530.418		
00:00:14:599		1.53771e+07		0.048768		2.98895		526.236		6.97005e+06		530.415		
00:00:14:500		1.53776e+07		0.049746		2.98757		526.281		6.97003e+06		530.411		
00:00:14:400		1.53782e+07		0.0507226		2.98608		526.325		6.97001e+06		530.411		
00:00:14:300		1.53787e+07		0.0516987		2.98458		526.368		6.96999e+06		530.408		
00:00:14:199		1.53793e+07		0.0526729		2.98369		526.41		6.96997e+06		530.404		
00:00:14:099		1.53798e+07		0.0536466		2.98212		526.453		6.96995e+06		530.4		
00:00:14:000		1.53804e+07		0.0546193		2.98053		526.495		6.96992e+06		530.391		
00:00:13:849		1.53812e+07		0.056076		2.97843		526.56		6.96989e+06		530.396		
00:00:13:750		1.53818e+07		0.0570455		2.97719		526.601		6.96987e+06		530.392		
00:00:13:650		1.53824e+07		0.0580144		2.97613		526.644		6.96985e+06		530.389		
00:00:13:550		1.53829e+07		0.0589824		2.97463		526.684		6.96983e+06		530.385		
00:00:13:449		1.53835e+07		0.0599489		2.97311		526.727		6.96981e+06		530.384		
00:00:13:449		1.53835e+07		0.0599489		2.97311		526.727		6.96981e+06		530.384		
00:00:13:250		1.53846e+07		0.0618787		2.97038		526.81		6.96977e+06		530.378		
00:00:13:150		1.53852e+07		0.0628419		2.96909		526.853		6.96975e+06		530.374		
00:00:13:050		1.53857e+07		0.0638046		2.96774		526.894		6.96973e+06		530.369		
00:00:12:949		1.53863e+07		0.0647659		2.96634		526.934		6.96971e+06		530.375		
00:00:12:849		1.53868e+07		0.0657263		2.96494		526.977		6.96969e+06		530.367		
00:00:12:849		1.53868e+07		0.0657263		2.96494		526.977		6.96969e+06		530.367		
00:00:12:650		1.5388e+07		0.0676441		2.96224		527.06		6.96964e+06		530.362		
00:00:12:650		1.5388e+07		0.0676441		2.96224		527.06		6.96964e+06		530.362		
00:00:12:550		1.53885e+07		0.0686016		2.96101		527.101		6.96962e+06		530.359		
00:00:12:449		1.53891e+07		0.0695572		2.95957		527.142		6.9696e+06		530.357		
00:00:12:349		1.53897e+07		0.0705128		2.95817		527.182		6.96958e+06		530.353		
00:00:12:250		1.53902e+07		0.0714674		2.95691		527.225		6.96956e+06		530.349		
00:00:12:150		1.53908e+07		0.0724206		2.95555		527.267		6.96954e+06		530.344		
00:00:12:050		1.53914e+07		0.0733728		2.95415		527.306		6.96952e+06		530.342		
00:00:11:849		1.53925e+07		0.0752749		2.95159		527.386		6.96947e+06		530.335		
00:00:11:849		1.53925e+07		0.0752749		2.95159		527.386		6.96947e+06		530.335		
00:00:11:750		1.53931e+07		0.0762248		2.95027		527.425		6.96945e+06		530.333		
00:00:11:650		1.53936e+07		0.0771732		2.94895		527.464		6.96943e+06		530.33		
00:00:11:550		1.53942e+07		0.0781217		2.94764		527.504		6.96941e+06		530.328		
00:00:11:449		1.53948e+07		0.0790687		2.94631		527.541		6.96939e+06		530.326		
00:00:11:250		1.53959e+07		0.0809612		2.94366		527.617		6.96934e+06		530.315		
00:00:11:250		1.53959e+07		0.0809612		2.94366		527.617		6.96934e+06		530.315		
00:00:11:150		1.53965e+07		0.0819058		2.94242		527.656		6.96932e+06		530.318		
00:00:11:050		1.53971e+07		0.0828505		2.94114		527.693		6.9693e+06		530.314		
00:00:10:800		1.53985e+07		0.0852075		2.93789		527.791		6.96924e+06		530.307		
00:00:10:800		1.53985e+07		0.0852075		2.93789		527.791		6.96924e+06		530.307		
00:00:10:699		1.53991e+07		0.0861492		2.93666		527.826		6.96922e+06		530.304		
00:00:10:599		1.53997e+07		0.08709		2.93541		527.863		6.9692e+06		530.301		
00:00:10:500		1.54003e+07		0.0880303		2.93409		527.898		6.96918e+06		530.296		
00:00:10:400		1.54009e+07		0.0889697		2.93284		527.933		6.96915e+06		530.293		
00:00:10:300		1.54014e+07		0.0899086		2.93168		527.97		6.96913e+06		530.289		
00:00:10:199		1.5402e+07		0.090847		2.93027		528.009		6.96911e+06		530.284		
00:00:10:099		1.54026e+07		0.091785		2.92911		528.046		6.96909e+06		530.282		
00:00:09:900		1.54038e+07		0.0936594		2.9266		528.12		6.96904e+06		530.272		
00:00:09:800		1.54044e+07		0.0945964		2.92539		528.157		6.96901e+06		530.267		
00:00:09:800		1.54044e+07		0.0945964		2.92539		528.157		6.96901e+06		530.267		
00:00:09:699		1.5405e+07		0.0955329		2.92406		528.193		6.96899e+06		530.256		
00:00:09:599		1.54056e+07		0.0964694		2.9229		528.229		6.96897e+06		530.25		
00:00:09:500		1.54062e+07		0.097405		2.92166		528.264		6.96894e+06		530.253		
00:00:09:400		1.54068e+07		0.098341		2.92041		528.299		6.96892e+06		530.244		
00:00:09:300		1.54074e+07		0.099277		2.91925		528.334		6.96889e+06		530.247		
00:00:09:199		1.5408e+07		0.100213		2.91794		528.369		6.96887e+06		530.24		
00:00:09:099		1.54086e+07		0.101148		2.91686		528.402		6.96884e+06		530.234		
00:00:08:900		1.54099e+07		0.103019		2.91445		528.469		6.96879e+06		530.226		
00:00:08:800		1.54105e+07		0.103954		2.91325		528.502		6.96877e+06		530.22		
00:00:08:800		1.54105e+07		0.103954		2.91325		528.502		6.96877e+06		530.22		
00:00:08:699		1.54111e+07		0.104889		2.91201		528.535		6.96874e+06		530.213		
00:00:08:599		1.54117e+07		0.105824		2.91094		528.568		6.96871e+06		530.206		
00:00:08:500		1.54124e+07		0.106757		2.90979		528.6		6.96869e+06		530.206		
00:00:08:400		1.5413e+07		0.107691		2.90859		528.633		6.96866e+06		530.194		
00:00:08:300		1.54136e+07		0.108624		2.90739		528.666		6.96863e+06		530.186		
00:00:08:199		1.54143e+07		0.109558		2.90625		528.699		6.96861e+06		530.178		
00:00:08:099		1.54149e+07		0.110491		2.90543		528.732		6.96858e+06		530.164		
00:00:08:000		1.54155e+07		0.111423		2.90403		528.766		6.96855e+06		530.163		
00:00:07:900		1.54162e+07		0.112357		2.90287		528.799		6.96852e+06		530.155		
00:00:07:799		1.54168e+07		0.113289		2.90178		528.83		6.96849e+06		530.146		
00:00:07:700		1.54178e+07		0.114688		2.90016		528.875		6.96845e+06		530.131		
00:00:07:549		1.54185e+07		0.115621		2.89906		528.904		6.96842e+06		530.129		
00:00:07:450		1.54191e+07		0.116553		2.89798		528.932		6.96839e+06		530.114		
00:00:07:349		1.54198e+07		0.117486		2.89683		528.961		6.96836e+06		530.103		
00:00:07:250		1.54204e+07		0.118418		2.89528		528.991		6.96833e+06		530.092		
00:00:07:150		1.54204e+07		0.118418		2.89528		528.991		6.96833e+06		530.092		
00:00:07:150		1.54211e+07		0.119351		2.89476		529.02		6.96829e+06		530.079		
00:00:07:049		1.54218e+07		0.120284		2.89367		529.048		6.96826e+06		530.066		
00:00:06:849		1.54232e+07		0.122149		2.89149		529.103		6.9682e+06		530.04		
00:00:06:849		1.54232e+07		0.122149		2.89149		529.103		6.9682e+06		530.04		
00:00:06:750		1.54238e+07		0.123081		2.89054		529.133		6.96816e+06		530.018		
00:00:06:650		1.54245e+07		0.124014		2.88967		529.16		6.96813e+06		530.01		
00:00:06:549		1.54252e+07		0.124947		2.88837		529.19		6.96809e+06		529.997		
00:00:06:450		1.54259e+07		0.12588		2.88733		529.219		6.96806e+06		529.983		
00:00:06:349		1.54266e+07		0.126812		2.88618		529.249		6.96802e+06		529.966		
00:00:06:250		1.54273e+07		0.127746		2.88553		529.276		6.96799e+06		529.947		
00:00:06:150		1.5428e+07		0.128679		2.8843		529.304		6.96795e+06		529.929		
00:00:06:049		1.54287e+07		0.129612		2.88322		529.33		6.96791e+06		529.903		
00:00:05:849		1.54302e+07		0.131478		2.88085		529.38		6.96783e+06		529.869		
00:00:05:849		1.54302e+07		0.131478		2.88085		529.38		6.96783e+06		529.869		
00:00:05:750		1.54309e+07		0.132412		2.88017		529.405		6.9678e+06		529.846		
00:00:05:650		1.54317e+07		0.133345		2.87921		529.431		6.96775e+06		529.814		
00:00:05:549		1.54324e+07		0.134278		2.87829		529.455		6.96771e+06		529.799		
00:00:05:450		1.54331e+07		0.135211		2.87754		529.481		6.96767e+06		529.781		
00:00:05:299		1.54343e+07		0.13661		2.87582		529.516		6.96761e+06		529.74		
00:00:05:200		1.5435e+07		0.137543		2.87445		529.538		6.96757e+06		529.73		
00:00:05:099		1.54358e+07		0.138474		2.87389		529.56		6.96752e+06		529.689		
00:00:05:000		1.54365e+07		0.139405		2.87296		529.584		6.96748e+06		529.657		
00:00:04:799		1.54381e+07		0.141268		2.87098		529.628		6.96739e+06		529.602		
00:00:04:799		1.54381e+07		0.141268		2.87098		529.628		6.96739e+06		529.602		
00:00:04:700		1.54388e+07		0.1422		2.87005		529.65		6.96734e+06		529.564		
00:00:04:599		1.54396e+07		0.143131		2.86909		529.672		6.96729e+06		529.528		
00:00:04:500		1.54404e+07		0.144063		2.86808		529.695		6.96724e+06		529.487		
00:00:04:400		1.54412e+07		0.144996		2.86716		529.715		6.96719e+06		529.456		
00:00:04:299		1.54421e+07		0.145927		2.86625		529.737		6.96714e+06		529.43		
00:00:04:200		1.54429e+07		0.146856		2.86534		529.759		6.96709e+06		529.364		
00:00:04:099		1.54437e+07		0.147783		2.86458		529.779		6.96704e+06		529.331		
00:00:04:000		1.54445e+07		0.148705		2.86367		529.798		6.96698e+06		529.285		
00:00:03:799		1.54462e+07		0.150536		2.86193		529.835		6.96687e+06		529.183		
00:00:03:799		1.54462e+07		0.150536		2.86193		529.835		6.96687e+06		529.183		
00:00:03:700		1.5447e+07		0.151445		2.8611		529.851		6.96682e+06		529.139		
00:00:03:600		1.54478e+07		0.152352		2.86028		529.87		6.96676e+06		529.085		
00:00:03:500		1.54486e+07		0.153261		2.85912		529.888		6.9667e+06		529.029		
00:00:03:399		1.54494e+07		0.154174		2.85801		529.906		6.96664e+06		528.966		
00:00:03:299		1.54502e+07		0.155095		2.85705		529.921		6.96658e+06		528.913		
00:00:03:200		1.54511e+07		0.156025		2.85595		529.938		6.96652e+06		528.846		
00:00:03:100		1.54521e+07		0.156962		2.85492		529.952		6.96646e+06		528.79		
00:00:03:000		1.54531e+07		0.157903		2.85407		529.965		6.9664e+06		528.73		
00:00:02:799		1.54553e+07		0.159752		2.85311		529.993		6.96627e+06		528.588		
00:00:02:799		1.54553e+07		0.159752		2.85311		529.993		6.96627e+06		528.588		
00:00:02:649		1.54569e+07		0.161066		2.85258		530.013		6.96617e+06		528.485		
00:00:02:549		1.54579e+07		0.16189		2.85232		530.026		6.96611e+06		528.413		
00:00:02:450		1.54587e+07		0.162671		2.85158		530.037		6.96604e+06		528.325		
00:00:02:399		1.5459e+07		0.163049		2.85161		530.043		6.966e+06		528.289		
00:00:02:250		1.54599e+07		0.164158		2.84964		530.065		6.9659e+06		528.179		
00:00:02:149		1.54604e+07		0.164913		2.84808		530.078		6.96583e+06		528.091		
00:00:02:049		1.5461e+07		0.165718		2.84529		530.09		6.96575e+06		528.008		
00:00:02:049		1.5461e+07		0.165718		2.84529		530.09		6.96575e+06		528.008		
00:00:01:850		1.54632e+07		0.167555		2.84113		530.116		6.9656e+06		527.814		
00:00:01:750		1.5465e+07		0.168581		2.83906		530.131		6.96552e+06		527.71		
00:00:01:649		1.54673e+07		0.16963		2.83646		530.146		6.96544e+06		527.598		
00:00:01:649		1.54673e+07		0.16963		2.83646		530.146		6.96544e+06		527.598		
00:00:01:550		1.547e+07		0.170629		2.83651		530.159		6.96535e+06		527.475		
00:00:01:449		1.54727e+07		0.171495		2.83989		530.171		6.96525e+06		527.341		
00:00:01:350		1.54751e+07		0.172159		2.84495		530.181		6.96515e+06		527.189		
00:00:01:250		1.5477e+07		0.172583		2.84731		530.188		6.96505e+06		527.021		
00:00:01:149		1.54781e+07		0.172788		2.84739		530.192		6.96495e+06		526.885		
00:00:00:949		1.54786e+07		0.172839		2.83566		530.197		6.96487e+06		526.823		
00:00:00:849		1.54786e+07		0.172839		2.83566		530.201		6.96487e+06		526.823		
00:00:00:750		1.54786e+07		0.17284		2.8357		530.204		6.96486e+06		526.823		
00:00:00:650		1.54786e+07		0.172839		2.83569		530.206		6.96486e+06		526.824		
00:00:00:550		1.54786e+07		0.17284		2.83569		530.21		6.96486e+06		526.825		
00:00:00:550		1.54786e+07		0.17284		2.83569		530.21		6.96486e+06		526.825		
00:00:00:450		1.54786e+07		0.17284		2.83569		530.212		6.96485e+06		526.825		
00:00:00:349		1.54786e+07		0.17284		2.83573		530.216		6.96485e+06		526.825		
00:00:00:250		1.54786e+07		0.17284		2.83572		530.219		6.96484e+06		526.826		
00:00:00:149		1.54785e+07		0.17284		2.83572		530.221		6.96484e+06		526.826		
00:00:00:050		1.54785e+07		0.17284		2.83567		530.223		6.96484e+06		526.826		
00:00:00:000		1.54785e+07		0.17284		2.83571		530.225		6.96483e+06		526.826		
00:00:00:000		1.54785e+07		0.17284		2.83571		530.225		6.96483e+06		526.826		
00:00:00:000		1.54785e+07		0.17284		2.83571		530.225		6.96483e+06		526.826		
00:00:00:000		1.54785e+07		0.17284		2.83571		530.225		6.96483e+06		526.826		
00:00:00:000		1.54785e+07		0.17284		2.83571		530.225		6.96483e+06		526.826		
00:00:00:000		1.54785e+07		0.17284		2.83571		530.225		6.96483e+06		526.826		
00:00:00:000		1.54785e+07		0.17284		2.83571		530.225		6.96483e+06		526.826		
00:00:00:000		1.54785e+07		0.17284		2.83571		530.225		6.96483e+06		526.826		
