	time 		rcpppzr	rcp054rcp007mnzoyout	rcv501std0102fvol	fwfrcp001gv	rcppmssga	msfsg(1)	
00:01:02:549		1.54537e+07		0.127403		2.92945		527.994		6.96846e+06		526.98		
00:01:02:549		1.54537e+07		0.127403		2.92945		527.994		6.96846e+06		526.98		
00:01:02:450		1.54537e+07		0.127472		2.92921		527.996		6.96845e+06		526.98		
00:01:02:350		1.54537e+07		0.12754		2.92893		527.998		6.96844e+06		526.98		
00:01:02:250		1.54538e+07		0.127609		2.92864		528		6.96844e+06		526.981		
00:01:02:149		1.54538e+07		0.127678		2.92844		528.001		6.96843e+06		526.981		
00:01:02:000		1.54538e+07		0.127781		2.92812		528.005		6.96842e+06		526.981		
00:01:01:899		1.54538e+07		0.12785		2.92784		528.005		6.96841e+06		526.981		
00:01:01:799		1.54539e+07		0.127919		2.92764		528.007		6.9684e+06		526.98		
00:01:01:600		1.54539e+07		0.128057		2.92712		528.009		6.96838e+06		526.983		
00:01:01:500		1.54539e+07		0.128126		2.92692		528.011		6.96838e+06		526.984		
00:01:01:500		1.54539e+07		0.128126		2.92692		528.011		6.96838e+06		526.984		
00:01:01:399		1.5454e+07		0.128195		2.92668		528.012		6.96837e+06		526.984		
00:01:01:299		1.5454e+07		0.128264		2.92648		528.014		6.96836e+06		526.984		
00:01:01:299		1.5454e+07		0.128264		2.92648		528.014		6.96836e+06		526.984		
00:01:01:200		1.5454e+07		0.128333		2.92615		528.014		6.96835e+06		526.985		
00:01:01:000		1.54541e+07		0.128471		2.92572		528.018		6.96834e+06		526.986		
00:01:01:000		1.54541e+07		0.128471		2.92572		528.018		6.96834e+06		526.986		
00:01:00:899		1.54541e+07		0.12854		2.92543		528.02		6.96833e+06		526.986		
00:01:00:799		1.54541e+07		0.128609		2.92523		528.022		6.96832e+06		526.986		
00:01:00:600		1.54542e+07		0.128747		2.92477		528.024		6.9683e+06		526.98		
00:01:00:500		1.54542e+07		0.128817		2.92452		528.025		6.9683e+06		526.989		
00:01:00:500		1.54542e+07		0.128817		2.92452		528.025		6.9683e+06		526.989		
00:01:00:399		1.54542e+07		0.128886		2.92428		528.027		6.96829e+06		526.99		
00:01:00:200		1.54543e+07		0.129025		2.92384		528.031		6.96827e+06		526.99		
00:01:00:100		1.54543e+07		0.129094		2.92359		528.033		6.96826e+06		526.991		
00:01:00:000		1.54543e+07		0.129163		2.9234		528.033		6.96826e+06		526.991		
00:00:59:950		1.54543e+07		0.129198		2.92328		528.036		6.96825e+06		526.992		
00:00:59:850		1.54544e+07		0.129267		2.92303		528.036		6.96824e+06		526.992		
00:00:59:850		1.54544e+07		0.129267		2.92303		528.036		6.96824e+06		526.992		
00:00:59:649		1.54544e+07		0.129406		2.92255		528.04		6.96823e+06		526.995		
00:00:59:649		1.54544e+07		0.129406		2.92255		528.04		6.96823e+06		526.995		
00:00:59:549		1.54545e+07		0.129476		2.92231		528.042		6.96822e+06		526.994		
00:00:59:450		1.54545e+07		0.129545		2.92211		528.044		6.96821e+06		526.995		
00:00:59:350		1.54545e+07		0.129615		2.92187		528.044		6.9682e+06		526.995		
00:00:59:200		1.54545e+07		0.12972		2.92147		528.048		6.96819e+06		526.996		
00:00:59:149		1.54546e+07		0.129754		2.92139		528.048		6.96819e+06		526.995		
00:00:59:049		1.54546e+07		0.129859		2.92103		528.051		6.96817e+06		526.998		
00:00:58:899		1.54546e+07		0.129929		2.92078		528.051		6.96817e+06		527.004		
00:00:58:799		1.54546e+07		0.129999		2.92059		528.053		6.96816e+06		527.001		
00:00:58:600		1.54547e+07		0.130138		2.9201		528.057		6.96814e+06		526.996		
00:00:58:600		1.54547e+07		0.130138		2.9201		528.057		6.96814e+06		526.996		
00:00:58:500		1.54547e+07		0.130208		2.91986		528.059		6.96813e+06		527.004		
00:00:58:399		1.54548e+07		0.130278		2.91966		528.06		6.96813e+06		527.005		
00:00:58:299		1.54548e+07		0.130348		2.91942		528.062		6.96812e+06		527.006		
00:00:58:200		1.54548e+07		0.130418		2.91918		528.064		6.96811e+06		527.006		
00:00:58:100		1.54548e+07		0.130488		2.91894		528.066		6.9681e+06		527.011		
00:00:58:000		1.54549e+07		0.130558		2.91874		528.068		6.96809e+06		527.009		
00:00:57:950		1.54549e+07		0.130593		2.91866		528.068		6.96809e+06		527.009		
00:00:57:799		1.54549e+07		0.130698		2.91826		528.07		6.96808e+06		527.01		
00:00:57:700		1.54549e+07		0.130769		2.91802		528.072		6.96807e+06		527.01		
00:00:57:600		1.5455e+07		0.130839		2.91778		528.073		6.96806e+06		527.006		
00:00:57:500		1.5455e+07		0.130909		2.91762		528.075		6.96805e+06		527.014		
00:00:57:399		1.5455e+07		0.13098		2.91738		528.077		6.96804e+06		527.015		
00:00:57:299		1.5455e+07		0.13105		2.91714		528.079		6.96804e+06		527.017		
00:00:57:200		1.54551e+07		0.131121		2.91685		528.081		6.96803e+06		527.018		
00:00:57:100		1.54551e+07		0.131191		2.91665		528.083		6.96802e+06		527.02		
00:00:57:000		1.54551e+07		0.131261		2.91645		528.085		6.96801e+06		527.021		
00:00:56:899		1.54552e+07		0.131332		2.91621		528.086		6.968e+06		527.023		
00:00:56:799		1.54552e+07		0.131402		2.91602		528.088		6.968e+06		527.02		
00:00:56:700		1.54552e+07		0.131473		2.91577		528.09		6.96799e+06		527.019		
00:00:56:600		1.54552e+07		0.131544		2.91562		528.092		6.96798e+06		527.025		
00:00:56:500		1.54553e+07		0.131615		2.91529		528.094		6.96797e+06		527.02		
00:00:56:399		1.54553e+07		0.131685		2.91509		528.096		6.96796e+06		527.029		
00:00:56:299		1.54553e+07		0.131756		2.91486		528.097		6.96796e+06		527.029		
00:00:56:200		1.54553e+07		0.131827		2.91471		528.099		6.96795e+06		527.025		
00:00:56:100		1.54554e+07		0.131898		2.91447		528.101		6.96794e+06		527.034		
00:00:56:000		1.54554e+07		0.131969		2.91423		528.103		6.96793e+06		527.035		
00:00:55:850		1.54554e+07		0.132075		2.9139		528.105		6.96792e+06		527.042		
00:00:55:700		1.54555e+07		0.132182		2.91358		528.109		6.96791e+06		527.039		
00:00:55:600		1.54555e+07		0.132253		2.9133		528.11		6.9679e+06		527.039		
00:00:55:600		1.54555e+07		0.132253		2.9133		528.11		6.9679e+06		527.039		
00:00:55:500		1.54555e+07		0.132324		2.9131		528.114		6.96789e+06		527.043		
00:00:55:399		1.54556e+07		0.132396		2.91295		528.114		6.96788e+06		527.044		
00:00:55:299		1.54556e+07		0.132467		2.9127		528.116		6.96788e+06		527.045		
00:00:55:200		1.54556e+07		0.132538		2.91251		528.118		6.96787e+06		527.04		
00:00:55:100		1.54556e+07		0.132609		2.91222		528.12		6.96786e+06		527.048		
00:00:54:950		1.54557e+07		0.132716		2.9119		528.123		6.96785e+06		527.043		
00:00:54:850		1.54557e+07		0.132788		2.91175		528.123		6.96784e+06		527.052		
00:00:54:750		1.54557e+07		0.132859		2.91151		528.127		6.96783e+06		527.054		
00:00:54:649		1.54558e+07		0.132931		2.91131		528.129		6.96783e+06		527.048		
00:00:54:549		1.54558e+07		0.133002		2.91115		528.131		6.96782e+06		527.057		
00:00:54:450		1.54558e+07		0.133074		2.91087		528.133		6.96781e+06		527.052		
00:00:54:350		1.54558e+07		0.133145		2.91071		528.134		6.9678e+06		527.06		
00:00:54:250		1.54559e+07		0.133217		2.91052		528.136		6.96779e+06		527.06		
00:00:54:149		1.54559e+07		0.133289		2.91036		528.138		6.96779e+06		527.063		
00:00:54:049		1.54559e+07		0.133361		2.91012		528.14		6.96778e+06		527.065		
00:00:53:950		1.5456e+07		0.133432		2.90992		528.142		6.96777e+06		527.071		
00:00:53:850		1.5456e+07		0.133504		2.90972		528.144		6.96776e+06		527.059		
00:00:53:750		1.5456e+07		0.133576		2.90953		528.145		6.96776e+06		527.07		
00:00:53:649		1.5456e+07		0.133576		2.90953		528.145		6.96776e+06		527.07		
00:00:53:549		1.54561e+07		0.13372		2.90917		528.149		6.96774e+06		527.065		
00:00:53:450		1.54561e+07		0.133792		2.90889		528.151		6.96773e+06		527.075		
00:00:53:350		1.54561e+07		0.133864		2.90873		528.153		6.96773e+06		527.076		
00:00:53:250		1.54562e+07		0.133936		2.90849		528.155		6.96772e+06		527.073		
00:00:53:149		1.54562e+07		0.134009		2.90838		528.157		6.96771e+06		527.08		
00:00:53:049		1.54562e+07		0.134081		2.9081		528.158		6.9677e+06		527.081		
00:00:52:950		1.54562e+07		0.134153		2.9079		528.16		6.9677e+06		527.082		
00:00:52:850		1.54563e+07		0.134225		2.90774		528.164		6.96769e+06		527.083		
00:00:52:649		1.54563e+07		0.134225		2.90774		528.164		6.96769e+06		527.083		
00:00:52:649		1.54563e+07		0.13437		2.90739		528.168		6.96767e+06		527.085		
00:00:52:549		1.54564e+07		0.134442		2.90711		528.169		6.96767e+06		527.081		
00:00:52:549		1.54564e+07		0.134442		2.90711		528.169		6.96767e+06		527.081		
00:00:52:450		1.54564e+07		0.134515		2.90695		528.171		6.96766e+06		527.09		
00:00:52:350		1.54564e+07		0.134587		2.90675		528.173		6.96765e+06		527.092		
00:00:52:250		1.54564e+07		0.13466		2.90656		528.177		6.96764e+06		527.092		
00:00:52:100		1.54565e+07		0.134768		2.90632		528.179		6.96763e+06		527.095		
00:00:52:000		1.54565e+07		0.134841		2.90608		528.181		6.96763e+06		527.096		
00:00:51:950		1.54565e+07		0.134877		2.906		528.182		6.96762e+06		527.097		
00:00:51:850		1.54566e+07		0.13495		2.90576		528.184		6.96762e+06		527.097		
00:00:51:649		1.54566e+07		0.135096		2.90545		528.188		6.9676e+06		527.097		
00:00:51:649		1.54566e+07		0.135096		2.90545		528.188		6.9676e+06		527.097		
00:00:51:399		1.54567e+07		0.135278		2.90491		528.193		6.96758e+06		527.105		
00:00:51:399		1.54567e+07		0.135278		2.90491		528.193		6.96758e+06		527.105		
00:00:51:299		1.54567e+07		0.135351		2.9048		528.197		6.96758e+06		527.105		
00:00:51:200		1.54567e+07		0.135424		2.9046		528.199		6.96757e+06		527.112		
00:00:51:100		1.54568e+07		0.135497		2.90436		528.201		6.96756e+06		527.108		
00:00:51:049		1.54568e+07		0.135533		2.90428		528.201		6.96756e+06		527.109		
00:00:50:799		1.54569e+07		0.135716		2.90385		528.205		6.96754e+06		527.114		
00:00:50:799		1.54569e+07		0.135716		2.90385		528.205		6.96754e+06		527.114		
00:00:50:600		1.54569e+07		0.135862		2.90345		528.21		6.96753e+06		527.117		
00:00:50:600		1.54569e+07		0.135862		2.90345		528.21		6.96753e+06		527.117		
00:00:50:500		1.5457e+07		0.135936		2.90326		528.214		6.96752e+06		527.119		
00:00:50:399		1.5457e+07		0.136009		2.90306		528.214		6.96751e+06		527.12		
00:00:50:299		1.5457e+07		0.136082		2.90282		528.217		6.96751e+06		527.12		
00:00:50:200		1.5457e+07		0.136155		2.90266		528.219		6.9675e+06		527.133		
00:00:50:100		1.54571e+07		0.136229		2.90251		528.221		6.96749e+06		527.112		
00:00:50:000		1.54571e+07		0.136302		2.90227		528.223		6.96749e+06		527.125		
00:00:49:899		1.54571e+07		0.136375		2.90211		528.227		6.96748e+06		527.126		
00:00:49:799		1.54572e+07		0.136449		2.90191		528.229		6.96747e+06		527.126		
00:00:49:700		1.54572e+07		0.136522		2.90172		528.23		6.96747e+06		527.13		
00:00:49:600		1.54572e+07		0.136596		2.90152		528.232		6.96746e+06		527.13		
00:00:49:500		1.54573e+07		0.13667		2.90132		528.234		6.96745e+06		527.131		
00:00:49:399		1.54573e+07		0.136744		2.90121		528.238		6.96745e+06		527.131		
00:00:49:299		1.54573e+07		0.136817		2.90097		528.24		6.96744e+06		527.135		
00:00:49:200		1.54573e+07		0.136891		2.90077		528.242		6.96743e+06		527.136		
00:00:49:100		1.54574e+07		0.136965		2.90062		528.245		6.96743e+06		527.136		
00:00:49:000		1.54574e+07		0.137038		2.90038		528.245		6.96742e+06		527.131		
00:00:48:899		1.54574e+07		0.137112		2.90026		528.249		6.96741e+06		527.138		
00:00:48:799		1.54575e+07		0.137186		2.90002		528.253		6.96741e+06		527.138		
00:00:48:700		1.54575e+07		0.13726		2.89983		528.253		6.9674e+06		527.147		
00:00:48:600		1.54575e+07		0.137334		2.89963		528.256		6.96739e+06		527.144		
00:00:48:500		1.54576e+07		0.137408		2.89952		528.258		6.96739e+06		527.145		
00:00:48:399		1.54576e+07		0.137482		2.89932		528.26		6.96738e+06		527.146		
00:00:48:299		1.54576e+07		0.137556		2.89908		528.262		6.96737e+06		527.147		
00:00:48:200		1.54576e+07		0.13763		2.89888		528.266		6.96737e+06		527.148		
00:00:48:100		1.54577e+07		0.137704		2.89869		528.267		6.96736e+06		527.156		
00:00:47:950		1.54577e+07		0.137815		2.8985		528.271		6.96735e+06		527.152		
00:00:47:899		1.54577e+07		0.137853		2.89838		528.271		6.96735e+06		527.153		
00:00:47:799		1.54578e+07		0.137927		2.89814		528.275		6.96734e+06		527.154		
00:00:47:700		1.54578e+07		0.138001		2.89798		528.277		6.96733e+06		527.156		
00:00:47:600		1.54578e+07		0.138076		2.89778		528.278		6.96733e+06		527.157		
00:00:47:450		1.54579e+07		0.138187		2.89755		528.282		6.96732e+06		527.158		
00:00:47:350		1.54579e+07		0.138261		2.89736		528.286		6.96731e+06		527.16		
00:00:47:250		1.54579e+07		0.138336		2.89712		528.288		6.96731e+06		527.16		
00:00:47:149		1.5458e+07		0.138411		2.89692		528.289		6.9673e+06		527.16		
00:00:47:049		1.5458e+07		0.138485		2.89677		528.291		6.96729e+06		527.16		
00:00:47:000		1.5458e+07		0.138522		2.89673		528.293		6.96729e+06		527.172		
00:00:46:899		1.5458e+07		0.138597		2.89649		528.295		6.96728e+06		527.164		
00:00:46:799		1.54581e+07		0.138671		2.89633		528.297		6.96728e+06		527.166		
00:00:46:649		1.54581e+07		0.138783		2.89602		528.302		6.96727e+06		527.177		
00:00:46:549		1.54582e+07		0.138858		2.89591		528.304		6.96726e+06		527.167		
00:00:46:450		1.54582e+07		0.138933		2.89567		528.306		6.96726e+06		527.168		
00:00:46:350		1.54582e+07		0.139008		2.8956		528.31		6.96725e+06		527.166		
00:00:46:250		1.54582e+07		0.139082		2.89527		528.312		6.96724e+06		527.167		
00:00:46:149		1.54583e+07		0.139157		2.89507		528.313		6.96724e+06		527.173		
00:00:46:049		1.54583e+07		0.139232		2.89498		528.315		6.96723e+06		527.172		
00:00:45:950		1.54583e+07		0.139307		2.89483		528.319		6.96723e+06		527.178		
00:00:45:850		1.54584e+07		0.139382		2.89463		528.323		6.96722e+06		527.169		
00:00:45:750		1.54584e+07		0.139457		2.89443		528.325		6.96721e+06		527.177		
00:00:45:649		1.54584e+07		0.139532		2.89427		528.326		6.96721e+06		527.177		
00:00:45:549		1.54585e+07		0.139607		2.89403		528.328		6.9672e+06		527.177		
00:00:45:549		1.54585e+07		0.139607		2.89403		528.328		6.9672e+06		527.177		
00:00:45:450		1.54585e+07		0.139682		2.89388		528.332		6.9672e+06		527.179		
00:00:45:350		1.54585e+07		0.139757		2.89372		528.334		6.96719e+06		527.174		
00:00:45:250		1.54586e+07		0.139832		2.89353		528.338		6.96718e+06		527.182		
00:00:45:149		1.54586e+07		0.139908		2.89342		528.339		6.96718e+06		527.183		
00:00:45:049		1.54586e+07		0.139983		2.89318		528.341		6.96717e+06		527.183		
00:00:44:950		1.54587e+07		0.140058		2.89298		528.345		6.96717e+06		527.19		
00:00:44:850		1.54587e+07		0.140133		2.89283		528.347		6.96716e+06		527.185		
00:00:44:649		1.54587e+07		0.140284		2.89247		528.352		6.96715e+06		527.19		
00:00:44:549		1.54588e+07		0.140359		2.89236		528.356		6.96714e+06		527.191		
00:00:44:549		1.54588e+07		0.140359		2.89236		528.356		6.96714e+06		527.191		
00:00:44:450		1.54588e+07		0.140435		2.89212		528.358		6.96714e+06		527.191		
00:00:44:350		1.54588e+07		0.14051		2.89197		528.36		6.96713e+06		527.193		
00:00:44:149		1.54589e+07		0.140661		2.89162		528.365		6.96712e+06		527.194		
00:00:44:049		1.54589e+07		0.140737		2.89147		528.369		6.96711e+06		527.194		
00:00:43:950		1.5459e+07		0.140812		2.89123		528.371		6.96711e+06		527.189		
00:00:43:850		1.5459e+07		0.140888		2.89107		528.374		6.9671e+06		527.198		
00:00:43:850		1.5459e+07		0.140888		2.89107		528.374		6.9671e+06		527.198		
00:00:43:549		1.54591e+07		0.141115		2.89052		528.382		6.96709e+06		527.2		
00:00:43:549		1.54591e+07		0.141115		2.89052		528.382		6.96709e+06		527.2		
00:00:43:549		1.54591e+07		0.141115		2.89052		528.382		6.96709e+06		527.2		
00:00:43:450		1.54591e+07		0.141191		2.89033		528.384		6.96708e+06		527.201		
00:00:43:350		1.54592e+07		0.141266		2.89017		528.387		6.96707e+06		527.201		
00:00:43:250		1.54592e+07		0.141343		2.89002		528.389		6.96707e+06		527.202		
00:00:43:049		1.54593e+07		0.141532		2.88955		528.397		6.96706e+06		527.204		
00:00:43:049		1.54593e+07		0.141532		2.88955		528.397		6.96706e+06		527.204		
00:00:42:899		1.54593e+07		0.141608		2.8894		528.4		6.96705e+06		527.205		
00:00:42:799		1.54593e+07		0.141684		2.88924		528.402		6.96704e+06		527.206		
00:00:42:600		1.54594e+07		0.141836		2.88889		528.408		6.96703e+06		527.207		
00:00:42:600		1.54594e+07		0.141836		2.88889		528.408		6.96703e+06		527.207		
00:00:42:500		1.54594e+07		0.141912		2.8887		528.409		6.96703e+06		527.209		
00:00:42:399		1.54595e+07		0.141988		2.88854		528.413		6.96702e+06		527.21		
00:00:42:299		1.54595e+07		0.142064		2.88835		528.417		6.96702e+06		527.21		
00:00:42:200		1.54595e+07		0.14214		2.88815		528.419		6.96701e+06		527.211		
00:00:42:100		1.54596e+07		0.142216		2.88795		528.422		6.96701e+06		527.211		
00:00:42:000		1.54596e+07		0.142292		2.88784		528.424		6.967e+06		527.211		
00:00:41:899		1.54596e+07		0.142368		2.88769		528.426		6.967e+06		527.218		
00:00:41:799		1.54597e+07		0.142445		2.88749		528.43		6.96699e+06		527.213		
00:00:41:700		1.54597e+07		0.142521		2.88734		528.433		6.96699e+06		527.213		
00:00:41:600		1.54597e+07		0.142597		2.8871		528.435		6.96698e+06		527.215		
00:00:41:450		1.54598e+07		0.142712		2.88687		528.441		6.96697e+06		527.215		
00:00:41:350		1.54598e+07		0.142788		2.88672		528.443		6.96697e+06		527.217		
00:00:41:299		1.54598e+07		0.142827		2.8866		528.445		6.96696e+06		527.217		
00:00:41:200		1.54599e+07		0.142903		2.88644		528.446		6.96696e+06		527.218		
00:00:41:100		1.54599e+07		0.14298		2.88629		528.45		6.96695e+06		527.225		
00:00:41:000		1.54599e+07		0.143056		2.88609		528.452		6.96695e+06		527.22		
00:00:40:850		1.546e+07		0.14317		2.88586		528.458		6.96694e+06		527.221		
00:00:40:799		1.546e+07		0.143209		2.88579		528.458		6.96694e+06		527.222		
00:00:40:649		1.54601e+07		0.143323		2.88547		528.463		6.96693e+06		527.223		
00:00:40:549		1.54601e+07		0.1434		2.88532		528.465		6.96693e+06		527.224		
00:00:40:450		1.54601e+07		0.143476		2.88512		528.469		6.96692e+06		527.224		
00:00:40:350		1.54602e+07		0.143553		2.88501		528.472		6.96692e+06		527.225		
00:00:40:250		1.54602e+07		0.14363		2.88486		528.474		6.96691e+06		527.219		
00:00:40:149		1.54602e+07		0.143706		2.88466		528.476		6.96691e+06		527.244		
00:00:40:049		1.54603e+07		0.143783		2.88451		528.48		6.9669e+06		527.219		
00:00:39:950		1.54603e+07		0.14386		2.88431		528.482		6.9669e+06		527.232		
00:00:39:850		1.54603e+07		0.143937		2.88416		528.485		6.96689e+06		527.229		
00:00:39:750		1.54604e+07		0.144013		2.88401		528.489		6.96689e+06		527.229		
00:00:39:649		1.54604e+07		0.14409		2.88385		528.493		6.96688e+06		527.229		
00:00:39:549		1.54604e+07		0.144167		2.8837		528.496		6.96688e+06		527.229		
00:00:39:450		1.54605e+07		0.144244		2.88346		528.498		6.96687e+06		527.223		
00:00:39:350		1.54605e+07		0.14432		2.88335		528.504		6.96687e+06		527.229		
00:00:39:250		1.54605e+07		0.144397		2.88315		528.505		6.96686e+06		527.233		
00:00:39:250		1.54605e+07		0.144397		2.88315		528.505		6.96686e+06		527.233		
00:00:39:149		1.54606e+07		0.144475		2.88296		528.509		6.96686e+06		527.233		
00:00:39:049		1.54606e+07		0.144551		2.88289		528.513		6.96685e+06		527.234		
00:00:38:950		1.54606e+07		0.144628		2.88265		528.517		6.96685e+06		527.234		
00:00:38:850		1.54607e+07		0.144705		2.88254		528.518		6.96684e+06		527.235		
00:00:38:600		1.54608e+07		0.144898		2.88199		528.528		6.96683e+06		527.236		
00:00:38:500		1.54608e+07		0.144975		2.88188		528.529		6.96683e+06		527.236		
00:00:38:500		1.54608e+07		0.144975		2.88188		528.529		6.96683e+06		527.236		
00:00:38:399		1.54608e+07		0.145051		2.88173		528.533		6.96682e+06		527.237		
00:00:38:299		1.54609e+07		0.145129		2.88157		528.537		6.96682e+06		527.238		
00:00:38:250		1.54609e+07		0.145167		2.88154		528.539		6.96682e+06		527.238		
00:00:38:100		1.54609e+07		0.145283		2.88122		528.542		6.96681e+06		527.238		
00:00:38:000		1.5461e+07		0.14536		2.88107		528.546		6.9668e+06		527.238		
00:00:37:899		1.5461e+07		0.145437		2.88088		528.55		6.9668e+06		527.239		
00:00:37:799		1.5461e+07		0.145514		2.88077		528.553		6.96679e+06		527.238		
00:00:37:600		1.54611e+07		0.145669		2.88046		528.559		6.96679e+06		527.224		
00:00:37:500		1.54611e+07		0.145746		2.88022		528.563		6.96678e+06		527.237		
00:00:37:500		1.54611e+07		0.145746		2.88022		528.563		6.96678e+06		527.237		
00:00:37:399		1.54612e+07		0.145823		2.88011		528.565		6.96678e+06		527.231		
00:00:37:299		1.54612e+07		0.1459		2.87992		528.568		6.96677e+06		527.242		
00:00:37:200		1.54613e+07		0.145978		2.87981		528.572		6.96677e+06		527.243		
00:00:37:100		1.54613e+07		0.146055		2.87965		528.574		6.96676e+06		527.243		
00:00:37:000		1.54613e+07		0.146132		2.87946		528.577		6.96676e+06		527.243		
00:00:36:899		1.54614e+07		0.14621		2.87931		528.581		6.96675e+06		527.243		
00:00:36:799		1.54614e+07		0.146286		2.87911		528.583		6.96675e+06		527.242		
00:00:36:700		1.54614e+07		0.146364		2.87896		528.587		6.96675e+06		527.241		
00:00:36:600		1.54615e+07		0.146441		2.87885		528.589		6.96674e+06		527.237		
00:00:36:500		1.54615e+07		0.146519		2.87861		528.592		6.96674e+06		527.232		
00:00:36:399		1.54615e+07		0.146596		2.87846		528.596		6.96673e+06		527.245		
00:00:36:299		1.54616e+07		0.146673		2.87835		528.6		6.96673e+06		527.246		
00:00:36:200		1.54616e+07		0.146751		2.87811		528.603		6.96672e+06		527.246		
00:00:36:100		1.54616e+07		0.146829		2.878		528.607		6.96672e+06		527.247		
00:00:35:950		1.54617e+07		0.146945		2.87777		528.613		6.96671e+06		527.247		
00:00:35:850		1.54617e+07		0.147022		2.87762		528.616		6.96671e+06		527.246		
00:00:35:750		1.54618e+07		0.147099		2.87742		528.62		6.9667e+06		527.247		
00:00:35:649		1.54618e+07		0.147177		2.87727		528.624		6.9667e+06		527.246		
00:00:35:549		1.54618e+07		0.147254		2.87716		528.627		6.9667e+06		527.246		
00:00:35:450		1.54619e+07		0.147332		2.87697		528.631		6.96669e+06		527.24		
00:00:35:350		1.54619e+07		0.147409		2.87681		528.635		6.96669e+06		527.248		
00:00:35:250		1.54619e+07		0.147487		2.87662		528.638		6.96668e+06		527.248		
00:00:35:200		1.5462e+07		0.147525		2.87654		528.638		6.96668e+06		527.248		
00:00:35:100		1.5462e+07		0.147604		2.87639		528.642		6.96668e+06		527.247		
00:00:35:000		1.5462e+07		0.147681		2.87628		528.646		6.96667e+06		527.247		
00:00:34:899		1.54621e+07		0.147758		2.87613		528.649		6.96667e+06		527.246		
00:00:34:799		1.54621e+07		0.147836		2.87593		528.653		6.96666e+06		527.24		
00:00:34:700		1.54621e+07		0.147913		2.87578		528.657		6.96666e+06		527.25		
00:00:34:600		1.54622e+07		0.148029		2.87551		528.662		6.96665e+06		527.25		
00:00:34:450		1.54622e+07		0.148107		2.8754		528.666		6.96665e+06		527.249		
00:00:34:350		1.54623e+07		0.148185		2.87521		528.67		6.96665e+06		527.249		
00:00:34:250		1.54623e+07		0.148263		2.87514		528.673		6.96664e+06		527.249		
00:00:34:149		1.54623e+07		0.14834		2.8749		528.677		6.96664e+06		527.249		
00:00:34:049		1.54624e+07		0.148417		2.87475		528.681		6.96663e+06		527.248		
00:00:33:950		1.54624e+07		0.148495		2.87464		528.685		6.96663e+06		527.248		
00:00:33:850		1.54625e+07		0.148573		2.87445		528.688		6.96663e+06		527.248		
00:00:33:649		1.54625e+07		0.148727		2.87414		528.696		6.96662e+06		527.248		
00:00:33:649		1.54625e+07		0.148727		2.87414		528.696		6.96662e+06		527.248		
00:00:33:549		1.54626e+07		0.148806		2.87399		528.697		6.96661e+06		527.248		
00:00:33:450		1.54626e+07		0.148883		2.87388		528.701		6.96661e+06		527.247		
00:00:33:450		1.54626e+07		0.148883		2.87388		528.701		6.96661e+06		527.247		
00:00:33:350		1.54626e+07		0.148961		2.87369		528.705		6.96661e+06		527.248		
00:00:33:200		1.54627e+07		0.149077		2.87341		528.71		6.9666e+06		527.258		
00:00:33:100		1.54627e+07		0.149155		2.87326		528.714		6.9666e+06		527.26		
00:00:32:950		1.54628e+07		0.149271		2.87312		528.72		6.96659e+06		527.248		
00:00:32:950		1.54628e+07		0.149271		2.87312		528.72		6.96659e+06		527.248		
00:00:32:600		1.54629e+07		0.149543		2.8725		528.732		6.96658e+06		527.247		
00:00:32:600		1.54629e+07		0.149543		2.8725		528.732		6.96658e+06		527.247		
00:00:32:500		1.5463e+07		0.149621		2.8724		528.736		6.96657e+06		527.254		
00:00:32:500		1.5463e+07		0.149621		2.8724		528.736		6.96657e+06		527.254		
00:00:32:399		1.5463e+07		0.149698		2.87224		528.74		6.96657e+06		527.232		
00:00:32:299		1.5463e+07		0.149776		2.87209		528.744		6.96656e+06		527.246		
00:00:32:200		1.54631e+07		0.149853		2.8719		528.747		6.96656e+06		527.246		
00:00:32:100		1.54631e+07		0.14993		2.87174		528.753		6.96656e+06		527.247		
00:00:32:000		1.54631e+07		0.150008		2.87164		528.756		6.96655e+06		527.246		
00:00:31:899		1.54632e+07		0.150086		2.87149		528.76		6.96655e+06		527.246		
00:00:31:800		1.54632e+07		0.150164		2.87133		528.764		6.96655e+06		527.246		
00:00:31:600		1.54633e+07		0.150319		2.87099		528.771		6.96654e+06		527.246		
00:00:31:500		1.54633e+07		0.150396		2.87088		528.775		6.96653e+06		527.245		
00:00:31:500		1.54633e+07		0.150396		2.87088		528.775		6.96653e+06		527.245		
00:00:31:399		1.54634e+07		0.150474		2.87073		528.779		6.96653e+06		527.245		
00:00:31:300		1.54634e+07		0.150551		2.87057		528.782		6.96653e+06		527.243		
00:00:31:199		1.54634e+07		0.150629		2.87042		528.788		6.96652e+06		527.243		
00:00:31:100		1.54635e+07		0.150706		2.87023		528.791		6.96652e+06		527.249		
00:00:31:000		1.54635e+07		0.150784		2.87021		528.795		6.96652e+06		527.243		
00:00:30:899		1.54636e+07		0.150861		2.86997		528.799		6.96651e+06		527.242		
00:00:30:800		1.54636e+07		0.150939		2.86982		528.803		6.96651e+06		527.244		
00:00:30:600		1.54637e+07		0.151093		2.86956		528.81		6.9665e+06		527.248		
00:00:30:500		1.54637e+07		0.151171		2.86941		528.815		6.9665e+06		527.243		
00:00:30:500		1.54637e+07		0.151171		2.86941		528.815		6.9665e+06		527.243		
00:00:30:399		1.54637e+07		0.151248		2.86926		528.819		6.96649e+06		527.243		
00:00:30:300		1.54638e+07		0.151325		2.8691		528.823		6.96649e+06		527.243		
00:00:30:149		1.54638e+07		0.151442		2.86888		528.828		6.96648e+06		527.242		
00:00:30:050		1.54639e+07		0.151519		2.86873		528.832		6.96648e+06		527.241		
00:00:29:949		1.54639e+07		0.151597		2.86862		528.836		6.96648e+06		527.241		
00:00:29:850		1.5464e+07		0.151674		2.86847		528.839		6.96647e+06		527.241		
00:00:29:750		1.5464e+07		0.151751		2.86831		528.845		6.96647e+06		527.241		
00:00:29:649		1.5464e+07		0.151828		2.86812		528.849		6.96647e+06		527.24		
00:00:29:550		1.54641e+07		0.151906		2.86806		528.852		6.96646e+06		527.239		
00:00:29:500		1.54641e+07		0.151944		2.86798		528.854		6.96646e+06		527.238		
00:00:29:399		1.54641e+07		0.152021		2.86778		528.858		6.96646e+06		527.237		
00:00:29:300		1.54642e+07		0.152099		2.86768		528.862		6.96645e+06		527.238		
00:00:29:199		1.54642e+07		0.152176		2.86753		528.867		6.96645e+06		527.238		
00:00:29:100		1.54642e+07		0.152253		2.86733		528.871		6.96645e+06		527.238		
00:00:29:000		1.54643e+07		0.15233		2.86727		528.875		6.96644e+06		527.236		
00:00:28:899		1.54643e+07		0.152408		2.86712		528.878		6.96644e+06		527.235		
00:00:28:750		1.54644e+07		0.152523		2.86689		528.886		6.96643e+06		527.227		
00:00:28:649		1.54644e+07		0.1526		2.86674		528.889		6.96643e+06		527.233		
00:00:28:550		1.54644e+07		0.152677		2.86663		528.893		6.96643e+06		527.234		
00:00:28:449		1.54645e+07		0.152754		2.86648		528.898		6.96642e+06		527.233		
00:00:28:350		1.54645e+07		0.152831		2.86637		528.902		6.96642e+06		527.23		
00:00:28:250		1.54646e+07		0.152908		2.86618		528.906		6.96642e+06		527.232		
00:00:28:149		1.54646e+07		0.152985		2.86603		528.911		6.96641e+06		527.231		
00:00:28:050		1.54646e+07		0.153062		2.86592		528.915		6.96641e+06		527.229		
00:00:28:050		1.54646e+07		0.153062		2.86592		528.915		6.96641e+06		527.229		
00:00:27:949		1.54647e+07		0.153139		2.86577		528.919		6.9664e+06		527.224		
00:00:27:850		1.54647e+07		0.153216		2.8657		528.922		6.9664e+06		527.219		
00:00:27:750		1.54648e+07		0.153292		2.86551		528.926		6.9664e+06		527.229		
00:00:27:550		1.54648e+07		0.153446		2.86525		528.935		6.96639e+06		527.228		
00:00:27:550		1.54648e+07		0.153446		2.86525		528.935		6.96639e+06		527.228		
00:00:27:449		1.54649e+07		0.153523		2.86514		528.939		6.96639e+06		527.228		
00:00:27:300		1.54649e+07		0.153638		2.86496		528.946		6.96638e+06		527.226		
00:00:27:199		1.5465e+07		0.153715		2.86476		528.95		6.96638e+06		527.224		
00:00:27:050		1.5465e+07		0.15383		2.86458		528.956		6.96637e+06		527.226		
00:00:27:050		1.5465e+07		0.15383		2.86458		528.956		6.96637e+06		527.226		
00:00:26:949		1.54651e+07		0.153906		2.86447		528.961		6.96637e+06		527.224		
00:00:26:850		1.54651e+07		0.153983		2.86432		528.965		6.96637e+06		527.222		
00:00:26:750		1.54651e+07		0.154059		2.86417		528.97		6.96636e+06		527.205		
00:00:26:550		1.54652e+07		0.154212		2.86391		528.98		6.96635e+06		527.22		
00:00:26:550		1.54652e+07		0.154212		2.86391		528.98		6.96635e+06		527.22		
00:00:26:449		1.54653e+07		0.154289		2.86381		528.983		6.96635e+06		527.219		
00:00:26:250		1.54653e+07		0.154441		2.8635		528.992		6.96634e+06		527.203		
00:00:26:250		1.54653e+07		0.154441		2.8635		528.992		6.96634e+06		527.203		
00:00:26:149		1.54654e+07		0.154518		2.86344		528.996		6.96634e+06		527.217		
00:00:26:050		1.54654e+07		0.154632		2.86321		529.004		6.96633e+06		527.216		
00:00:25:899		1.54655e+07		0.154708		2.86306		529.009		6.96633e+06		527.214		
00:00:25:800		1.54655e+07		0.154784		2.863		529.013		6.96633e+06		527.213		
00:00:25:600		1.54656e+07		0.154937		2.8627		529.02		6.96632e+06		527.21		
00:00:25:500		1.54656e+07		0.155013		2.86255		529.026		6.96632e+06		527.223		
00:00:25:500		1.54656e+07		0.155013		2.86255		529.026		6.96632e+06		527.223		
00:00:25:399		1.54657e+07		0.155089		2.8624		529.029		6.96631e+06		527.21		
00:00:25:300		1.54657e+07		0.155165		2.86233		529.035		6.96631e+06		527.207		
00:00:25:199		1.54658e+07		0.155241		2.86218		529.039		6.96631e+06		527.213		
00:00:25:100		1.54658e+07		0.155317		2.86207		529.044		6.9663e+06		527.207		
00:00:25:000		1.54658e+07		0.155393		2.86192		529.048		6.9663e+06		527.206		
00:00:24:899		1.54659e+07		0.155468		2.86173		529.053		6.9663e+06		527.205		
00:00:24:800		1.54659e+07		0.155544		2.86171		529.057		6.96629e+06		527.204		
00:00:24:600		1.5466e+07		0.155695		2.8615		529.066		6.96628e+06		527.201		
00:00:24:500		1.5466e+07		0.155771		2.86134		529.072		6.96628e+06		527.194		
00:00:24:500		1.5466e+07		0.155771		2.86134		529.072		6.96628e+06		527.194		
00:00:24:399		1.54661e+07		0.155847		2.86119		529.076		6.96628e+06		527.198		
00:00:24:250		1.54661e+07		0.155961		2.86101		529.083		6.96627e+06		527.196		
00:00:24:149		1.54662e+07		0.156035		2.86086		529.087		6.96627e+06		527.201		
00:00:24:050		1.54662e+07		0.156111		2.86075		529.092		6.96626e+06		527.195		
00:00:23:949		1.54662e+07		0.156187		2.86065		529.096		6.96626e+06		527.193		
00:00:23:899		1.54663e+07		0.156224		2.86061		529.099		6.96626e+06		527.192		
00:00:23:800		1.54663e+07		0.1563		2.86051		529.103		6.96625e+06		527.183		
00:00:23:699		1.54663e+07		0.156374		2.86036		529.109		6.96625e+06		527.19		
00:00:23:600		1.54664e+07		0.15645		2.86021		529.112		6.96625e+06		527.182		
00:00:23:500		1.54664e+07		0.156526		2.8601		529.118		6.96624e+06		527.188		
00:00:23:399		1.54665e+07		0.156638		2.85992		529.125		6.96624e+06		527.178		
00:00:23:250		1.54665e+07		0.156713		2.85976		529.131		6.96623e+06		527.185		
00:00:23:149		1.54666e+07		0.156788		2.85961		529.134		6.96623e+06		527.183		
00:00:23:050		1.54666e+07		0.156863		2.85955		529.14		6.96623e+06		527.181		
00:00:22:949		1.54666e+07		0.156938		2.85944		529.144		6.96622e+06		527.179		
00:00:22:850		1.54667e+07		0.157013		2.85934		529.149		6.96622e+06		527.176		
00:00:22:750		1.54667e+07		0.157088		2.85919		529.153		6.96621e+06		527.176		
00:00:22:649		1.54668e+07		0.157163		2.85908		529.158		6.96621e+06		527.173		
00:00:22:550		1.54668e+07		0.157238		2.85897		529.162		6.96621e+06		527.174		
00:00:22:449		1.54668e+07		0.157312		2.85886		529.168		6.9662e+06		527.172		
00:00:22:350		1.54669e+07		0.157387		2.85871		529.173		6.9662e+06		527.171		
00:00:22:350		1.54669e+07		0.157387		2.85871		529.173		6.9662e+06		527.171		
00:00:22:250		1.54669e+07		0.157462		2.85861		529.177		6.9662e+06		527.17		
00:00:22:149		1.5467e+07		0.157536		2.85846		529.182		6.96619e+06		527.18		
00:00:22:050		1.5467e+07		0.157611		2.85839		529.188		6.96619e+06		527.18		
00:00:21:850		1.54671e+07		0.15776		2.85813		529.197		6.96618e+06		527.162		
00:00:21:850		1.54671e+07		0.15776		2.85813		529.197		6.96618e+06		527.162		
00:00:21:750		1.54671e+07		0.157834		2.85794		529.203		6.96617e+06		527.167		
00:00:21:500		1.54672e+07		0.15802		2.8577		529.214		6.96616e+06		527.158		
00:00:21:500		1.54672e+07		0.15802		2.8577		529.214		6.96616e+06		527.158		
00:00:21:300		1.54673e+07		0.158168		2.85748		529.225		6.96616e+06		527.155		
00:00:21:300		1.54673e+07		0.158168		2.85748		529.225		6.96616e+06		527.155		
00:00:21:199		1.54673e+07		0.158243		2.85737		529.229		6.96615e+06		527.151		
00:00:21:100		1.54674e+07		0.158317		2.85722		529.234		6.96615e+06		527.152		
00:00:21:000		1.54674e+07		0.158391		2.85716		529.24		6.96614e+06		527.152		
00:00:20:899		1.54675e+07		0.158465		2.85697		529.245		6.96614e+06		527.15		
00:00:20:850		1.54675e+07		0.158502		2.85694		529.247		6.96614e+06		527.149		
00:00:20:699		1.54675e+07		0.158613		2.85671		529.254		6.96613e+06		527.146		
00:00:20:500		1.54676e+07		0.158761		2.85654		529.265		6.96612e+06		527.147		
00:00:20:500		1.54676e+07		0.158761		2.85654		529.265		6.96612e+06		527.147		
00:00:20:399		1.54677e+07		0.158834		2.85639		529.271		6.96612e+06		527.142		
00:00:20:300		1.54677e+07		0.158908		2.85628		529.275		6.96611e+06		527.14		
00:00:20:199		1.54677e+07		0.158982		2.85617		529.28		6.96611e+06		527.138		
00:00:20:100		1.54678e+07		0.159056		2.85598		529.286		6.9661e+06		527.142		
00:00:20:000		1.54678e+07		0.15913		2.85592		529.291		6.9661e+06		527.137		
00:00:19:899		1.54679e+07		0.159203		2.85577		529.297		6.9661e+06		527.135		
00:00:19:800		1.54679e+07		0.159277		2.85566		529.3		6.96609e+06		527.132		
00:00:19:600		1.5468e+07		0.159424		2.85545		529.311		6.96608e+06		527.132		
00:00:19:500		1.5468e+07		0.159498		2.85538		529.315		6.96608e+06		527.13		
00:00:19:500		1.5468e+07		0.159498		2.85538		529.315		6.96608e+06		527.13		
00:00:19:399		1.54681e+07		0.159571		2.85515		529.321		6.96607e+06		527.129		
00:00:19:300		1.54681e+07		0.159644		2.85508		529.326		6.96607e+06		527.127		
00:00:19:199		1.54682e+07		0.159718		2.85498		529.332		6.96606e+06		527.125		
00:00:19:100		1.54682e+07		0.159791		2.85487		529.337		6.96606e+06		527.124		
00:00:19:000		1.54682e+07		0.159864		2.85476		529.341		6.96605e+06		527.123		
00:00:18:850		1.54683e+07		0.159974		2.85449		529.348		6.96605e+06		527.12		
00:00:18:750		1.54683e+07		0.160048		2.85439		529.354		6.96604e+06		527.124		
00:00:18:649		1.54684e+07		0.16012		2.85424		529.359		6.96604e+06		527.117		
00:00:18:550		1.54684e+07		0.160193		2.85413		529.363		6.96603e+06		527.121		
00:00:18:500		1.54684e+07		0.16023		2.8541		529.367		6.96603e+06		527.115		
00:00:18:399		1.54685e+07		0.160303		2.85395		529.372		6.96603e+06		527.107		
00:00:18:300		1.54685e+07		0.160376		2.8538		529.376		6.96602e+06		527.115		
00:00:18:199		1.54686e+07		0.160485		2.85366		529.385		6.96601e+06		527.113		
00:00:18:050		1.54686e+07		0.160558		2.85346		529.389		6.96601e+06		527.112		
00:00:17:949		1.54687e+07		0.160631		2.8534		529.394		6.966e+06		527.11		
00:00:17:850		1.54687e+07		0.160704		2.85321		529.4		6.966e+06		527.108		
00:00:17:750		1.54688e+07		0.160777		2.85306		529.405		6.966e+06		527.101		
00:00:17:649		1.54688e+07		0.16085		2.85299		529.411		6.96599e+06		527.108		
00:00:17:550		1.54688e+07		0.160922		2.85284		529.416		6.96599e+06		527.106		
00:00:17:449		1.54689e+07		0.160995		2.85269		529.422		6.96598e+06		527.104		
00:00:17:449		1.54689e+07		0.160995		2.85269		529.422		6.96598e+06		527.104		
00:00:17:350		1.54689e+07		0.161067		2.85254		529.427		6.96598e+06		527.102		
00:00:17:250		1.5469e+07		0.16114		2.85248		529.433		6.96597e+06		527.095		
00:00:17:050		1.5469e+07		0.161285		2.85218		529.442		6.96596e+06		527.1		
00:00:17:050		1.5469e+07		0.161285		2.85218		529.442		6.96596e+06		527.1		
00:00:16:949		1.54691e+07		0.161357		2.85207		529.448		6.96596e+06		527.099		
00:00:16:750		1.54692e+07		0.161502		2.85182		529.457		6.96595e+06		527.095		
00:00:16:649		1.54692e+07		0.161575		2.85171		529.463		6.96594e+06		527.094		
00:00:16:550		1.54693e+07		0.161647		2.85156		529.468		6.96594e+06		527.094		
00:00:16:550		1.54693e+07		0.161647		2.85156		529.468		6.96594e+06		527.094		
00:00:16:449		1.54693e+07		0.161719		2.85141		529.474		6.96593e+06		527.094		
00:00:16:350		1.54693e+07		0.161791		2.85126		529.479		6.96593e+06		527.091		
00:00:16:250		1.54694e+07		0.161864		2.85116		529.483		6.96592e+06		527.09		
00:00:16:149		1.54694e+07		0.161936		2.85105		529.488		6.96591e+06		527.089		
00:00:16:050		1.54695e+07		0.162008		2.85094		529.494		6.96591e+06		527.087		
00:00:15:900		1.54695e+07		0.162116		2.85072		529.503		6.9659e+06		527.083		
00:00:15:800		1.54696e+07		0.162188		2.85057		529.507		6.9659e+06		527.076		
00:00:15:699		1.54696e+07		0.16226		2.85046		529.512		6.96589e+06		527.084		
00:00:15:500		1.54697e+07		0.162404		2.85025		529.523		6.96588e+06		527.081		
00:00:15:500		1.54697e+07		0.162404		2.85025		529.523		6.96588e+06		527.081		
00:00:15:400		1.54697e+07		0.162476		2.8501		529.529		6.96588e+06		527.074		
00:00:15:300		1.54698e+07		0.162548		2.84996		529.533		6.96587e+06		527.079		
00:00:15:199		1.54698e+07		0.162619		2.8498		529.538		6.96586e+06		527.078		
00:00:15:099		1.54699e+07		0.162691		2.84974		529.544		6.96586e+06		527.071		
00:00:15:000		1.54699e+07		0.162763		2.84959		529.549		6.96585e+06		527.077		
00:00:14:900		1.547e+07		0.162835		2.84944		529.555		6.96585e+06		527.075		
00:00:14:800		1.547e+07		0.162906		2.84938		529.558		6.96584e+06		527.068		
00:00:14:699		1.54701e+07		0.162978		2.84928		529.564		6.96584e+06		527.075		
00:00:14:500		1.54701e+07		0.163121		2.84893		529.575		6.96583e+06		527.073		
00:00:14:500		1.54701e+07		0.163121		2.84893		529.575		6.96583e+06		527.073		
00:00:14:400		1.54702e+07		0.163193		2.84883		529.58		6.96582e+06		527.072		
00:00:14:300		1.54702e+07		0.163264		2.84877		529.586		6.96582e+06		527.071		
00:00:14:199		1.54703e+07		0.163335		2.84862		529.591		6.96581e+06		527.07		
00:00:14:099		1.54703e+07		0.163407		2.84851		529.595		6.9658e+06		527.069		
00:00:14:000		1.54704e+07		0.163478		2.84841		529.603		6.9658e+06		527.068		
00:00:13:900		1.54704e+07		0.163549		2.84826		529.606		6.96579e+06		527.067		
00:00:13:800		1.54704e+07		0.163621		2.84811		529.612		6.96579e+06		527.066		
00:00:13:599		1.54705e+07		0.163763		2.84786		529.623		6.96578e+06		527.07		
00:00:13:500		1.54706e+07		0.16387		2.84772		529.632		6.96577e+06		527.063		
00:00:13:500		1.54706e+07		0.16387		2.84772		529.632		6.96577e+06		527.063		
00:00:13:400		1.54706e+07		0.163906		2.84765		529.634		6.96577e+06		527.063		
00:00:13:250		1.54707e+07		0.164012		2.84751		529.641		6.96576e+06		527.061		
00:00:13:150		1.54707e+07		0.164083		2.84736		529.649		6.96575e+06		527.061		
00:00:13:050		1.54708e+07		0.164155		2.84726		529.652		6.96575e+06		527.06		
00:00:13:000		1.54708e+07		0.16419		2.84723		529.654		6.96574e+06		527.059		
00:00:12:849		1.54709e+07		0.164297		2.84701		529.663		6.96573e+06		527.049		
00:00:12:750		1.54709e+07		0.164368		2.84686		529.667		6.96573e+06		527.058		
00:00:12:550		1.5471e+07		0.164509		2.84669		529.678		6.96572e+06		527.057		
00:00:12:449		1.54711e+07		0.16458		2.84654		529.684		6.96571e+06		527.056		
00:00:12:449		1.54711e+07		0.16458		2.84654		529.684		6.96571e+06		527.056		
00:00:12:400		1.54711e+07		0.164616		2.84651		529.685		6.96571e+06		527.055		
00:00:12:250		1.54711e+07		0.164721		2.84633		529.695		6.9657e+06		527.054		
00:00:12:150		1.54712e+07		0.164793		2.84623		529.698		6.96569e+06		527.052		
00:00:12:050		1.54712e+07		0.164863		2.84608		529.704		6.96569e+06		527.053		
00:00:11:949		1.54713e+07		0.164934		2.84598		529.709		6.96568e+06		527.052		
00:00:11:849		1.54713e+07		0.165005		2.84588		529.715		6.96568e+06		527.05		
00:00:11:750		1.54714e+07		0.165076		2.84573		529.72		6.96567e+06		527.043		
00:00:11:650		1.54714e+07		0.165146		2.84567		529.724		6.96567e+06		527.062		
00:00:11:550		1.54715e+07		0.165217		2.84552		529.73		6.96566e+06		527.05		
00:00:11:449		1.54715e+07		0.165217		2.84552		529.73		6.96566e+06		527.05		
00:00:11:449		1.54715e+07		0.165288		2.84542		529.735		6.96565e+06		527.049		
00:00:11:250		1.54716e+07		0.16543		2.84521		529.746		6.96564e+06		527.047		
00:00:11:250		1.54716e+07		0.16543		2.84521		529.746		6.96564e+06		527.047		
00:00:11:150		1.54717e+07		0.1655		2.8451		529.754		6.96564e+06		527.046		
00:00:10:949		1.54717e+07		0.165641		2.8449		529.763		6.96562e+06		527.043		
00:00:10:849		1.54718e+07		0.165712		2.84475		529.768		6.96562e+06		527.044		
00:00:10:849		1.54718e+07		0.165712		2.84475		529.768		6.96562e+06		527.044		
00:00:10:750		1.54718e+07		0.165783		2.84465		529.772		6.96561e+06		527.048		
00:00:10:550		1.54719e+07		0.165925		2.8444		529.783		6.9656e+06		527.044		
00:00:10:550		1.54719e+07		0.165925		2.8444		529.783		6.9656e+06		527.044		
00:00:10:449		1.5472e+07		0.165995		2.84429		529.787		6.96559e+06		527.044		
00:00:10:349		1.5472e+07		0.166066		2.84419		529.792		6.96559e+06		527.044		
00:00:10:199		1.54721e+07		0.166172		2.84401		529.8		6.96558e+06		527.043		
00:00:10:099		1.54721e+07		0.166243		2.84396		529.805		6.96557e+06		527.043		
00:00:10:000		1.54722e+07		0.166314		2.84381		529.811		6.96557e+06		527.042		
00:00:09:800		1.54723e+07		0.166455		2.84365		529.82		6.96556e+06		527.042		
00:00:09:800		1.54723e+07		0.166455		2.84365		529.82		6.96556e+06		527.042		
00:00:09:699		1.54723e+07		0.166526		2.8435		529.825		6.96555e+06		527.041		
00:00:09:500		1.54724e+07		0.166668		2.84325		529.835		6.96554e+06		527.041		
00:00:09:500		1.54724e+07		0.166668		2.84325		529.835		6.96554e+06		527.041		
00:00:09:400		1.54725e+07		0.166739		2.84324		529.842		6.96553e+06		527.039		
00:00:09:300		1.54725e+07		0.16681		2.84314		529.846		6.96552e+06		527.039		
00:00:09:199		1.54726e+07		0.166881		2.84295		529.849		6.96552e+06		527.039		
00:00:09:099		1.54726e+07		0.166952		2.84289		529.855		6.96551e+06		527.038		
00:00:09:000		1.54727e+07		0.167023		2.84279		529.86		6.96551e+06		527.034		
00:00:08:900		1.54727e+07		0.167094		2.84264		529.864		6.9655e+06		527.052		
00:00:08:800		1.54728e+07		0.167165		2.84259		529.87		6.96549e+06		527.027		
00:00:08:699		1.54728e+07		0.167236		2.84244		529.875		6.96549e+06		527.037		
00:00:08:500		1.54729e+07		0.167379		2.84228		529.884		6.96547e+06		527.036		
00:00:08:500		1.54729e+07		0.167379		2.84228		529.884		6.96547e+06		527.036		
00:00:08:400		1.5473e+07		0.167451		2.84214		529.89		6.96547e+06		527.035		
00:00:08:300		1.5473e+07		0.167523		2.84204		529.895		6.96546e+06		527.034		
00:00:08:199		1.54731e+07		0.167594		2.84194		529.899		6.96546e+06		527.033		
00:00:08:099		1.54732e+07		0.167702		2.84181		529.904		6.96545e+06		527.029		
00:00:08:000		1.54732e+07		0.167738		2.84173		529.91		6.96544e+06		527.035		
00:00:07:900		1.54733e+07		0.167809		2.84163		529.914		6.96544e+06		527.034		
00:00:07:799		1.54733e+07		0.167881		2.84158		529.919		6.96543e+06		527.033		
00:00:07:650		1.54734e+07		0.167989		2.84141		529.927		6.96542e+06		527.031		
00:00:07:450		1.54735e+07		0.168132		2.84121		529.936		6.96541e+06		527.026		
00:00:07:450		1.54735e+07		0.168132		2.84121		529.936		6.96541e+06		527.026		
00:00:07:400		1.54735e+07		0.168169		2.84118		529.938		6.9654e+06		527.033		
00:00:07:250		1.54736e+07		0.168277		2.84101		529.945		6.96539e+06		527.033		
00:00:07:150		1.54737e+07		0.16835		2.84092		529.952		6.96539e+06		527.032		
00:00:07:049		1.54737e+07		0.168422		2.84081		529.956		6.96538e+06		527.032		
00:00:06:950		1.54738e+07		0.168495		2.84076		529.958		6.96537e+06		527.032		
00:00:06:849		1.54738e+07		0.168568		2.84062		529.963		6.96537e+06		527.032		
00:00:06:750		1.54739e+07		0.168641		2.84056		529.967		6.96536e+06		527.03		
00:00:06:549		1.5474e+07		0.168786		2.84041		529.98		6.96535e+06		527.028		
00:00:06:450		1.54741e+07		0.168859		2.84031		529.984		6.96534e+06		527.039		
00:00:06:450		1.54741e+07		0.168859		2.84031		529.984		6.96534e+06		527.039		
00:00:06:349		1.54741e+07		0.168931		2.84022		529.987		6.96533e+06		527.03		
00:00:06:250		1.54742e+07		0.169003		2.84012		529.993		6.96533e+06		527.028		
00:00:06:150		1.54742e+07		0.169076		2.84003		529.998		6.96532e+06		527.022		
00:00:06:049		1.54743e+07		0.169149		2.83989		530.004		6.96531e+06		527.028		
00:00:05:950		1.54743e+07		0.169221		2.8398		530.008		6.96531e+06		527.027		
00:00:05:849		1.54744e+07		0.169295		2.83979		530.011		6.9653e+06		527.025		
00:00:05:750		1.54744e+07		0.169369		2.8396		530.017		6.96529e+06		527.019		
00:00:05:750		1.54744e+07		0.169369		2.8396		530.017		6.96529e+06		527.019		
00:00:05:549		1.54746e+07		0.169518		2.83949		530.026		6.96528e+06		527.024		
00:00:05:549		1.54746e+07		0.169518		2.83949		530.026		6.96528e+06		527.024		
00:00:05:450		1.54746e+07		0.169592		2.83939		530.03		6.96527e+06		527.022		
00:00:05:349		1.54747e+07		0.169667		2.83933		530.033		6.96526e+06		527.021		
00:00:05:250		1.54748e+07		0.169741		2.83919		530.039		6.96526e+06		527.019		
00:00:05:150		1.54748e+07		0.169814		2.83914		530.043		6.96525e+06		527.016		
00:00:05:049		1.54749e+07		0.169887		2.83905		530.046		6.96524e+06		527.011		
00:00:04:950		1.5475e+07		0.169959		2.83901		530.052		6.96523e+06		527.016		
00:00:04:799		1.5475e+07		0.170067		2.83886		530.057		6.96522e+06		527.012		
00:00:04:700		1.54751e+07		0.170139		2.83877		530.063		6.96522e+06		527.022		
00:00:04:549		1.54752e+07		0.170248		2.83867		530.068		6.9652e+06		527.011		
00:00:04:549		1.54752e+07		0.170248		2.83867		530.068		6.9652e+06		527.011		
00:00:04:450		1.54752e+07		0.170322		2.83862		530.074		6.9652e+06		527.009		
00:00:04:299		1.54753e+07		0.170436		2.8384		530.079		6.96519e+06		527.005		
00:00:04:200		1.54754e+07		0.170513		2.83829		530.083		6.96518e+06		527.001		
00:00:04:099		1.54755e+07		0.17059		2.83823		530.089		6.96517e+06		526.988		
00:00:03:899		1.54756e+07		0.170742		2.83806		530.096		6.96515e+06		526.997		
00:00:03:899		1.54756e+07		0.170742		2.83806		530.096		6.96515e+06		526.997		
00:00:03:799		1.54757e+07		0.170815		2.83806		530.1		6.96515e+06		526.994		
00:00:03:700		1.54758e+07		0.170887		2.83806		530.105		6.96514e+06		526.99		
00:00:03:500		1.54759e+07		0.171025		2.83788		530.111		6.96512e+06		526.985		
00:00:03:500		1.54759e+07		0.171025		2.83788		530.111		6.96512e+06		526.985		
00:00:03:399		1.5476e+07		0.171093		2.83782		530.116		6.96511e+06		526.975		
00:00:03:299		1.5476e+07		0.171161		2.83771		530.12		6.9651e+06		526.979		
00:00:03:200		1.54761e+07		0.17123		2.83764		530.124		6.9651e+06		526.975		
00:00:03:100		1.54761e+07		0.171303		2.83748		530.127		6.96509e+06		526.973		
00:00:03:000		1.54762e+07		0.171379		2.83733		530.131		6.96508e+06		526.969		
00:00:02:899		1.54763e+07		0.171458		2.83726		530.135		6.96507e+06		526.963		
00:00:02:799		1.54764e+07		0.171539		2.83709		530.138		6.96506e+06		526.958		
00:00:02:700		1.54765e+07		0.17162		2.83704		530.142		6.96505e+06		526.956		
00:00:02:600		1.54766e+07		0.1717		2.83704		530.146		6.96504e+06		526.94		
00:00:02:500		1.54767e+07		0.171776		2.8371		530.147		6.96504e+06		526.946		
00:00:02:399		1.54768e+07		0.171846		2.83709		530.151		6.96503e+06		526.94		
00:00:02:299		1.54769e+07		0.17191		2.83716		530.155		6.96502e+06		526.928		
00:00:02:200		1.5477e+07		0.171995		2.83715		530.16		6.96501e+06		526.931		
00:00:02:049		1.5477e+07		0.172047		2.83706		530.162		6.965e+06		526.926		
00:00:01:949		1.5477e+07		0.172099		2.83694		530.164		6.96499e+06		526.921		
00:00:01:899		1.5477e+07		0.172126		2.83687		530.166		6.96498e+06		526.918		
00:00:01:800		1.54771e+07		0.172184		2.83667		530.169		6.96497e+06		526.911		
00:00:01:699		1.54771e+07		0.17225		2.83639		530.171		6.96496e+06		526.904		
00:00:01:600		1.54772e+07		0.172325		2.83619		530.175		6.96495e+06		526.9		
00:00:01:500		1.54773e+07		0.172408		2.83604		530.179		6.96494e+06		526.892		
00:00:01:399		1.54775e+07		0.172495		2.83589		530.182		6.96494e+06		526.885		
00:00:01:250		1.54778e+07		0.172623		2.83569		530.188		6.96492e+06		526.852		
00:00:01:149		1.54781e+07		0.172698		2.83592		530.192		6.96491e+06		526.865		
00:00:01:050		1.54783e+07		0.172759		2.83621		530.193		6.9649e+06		526.854		
00:00:00:949		1.54784e+07		0.172801		2.83659		530.197		6.96489e+06		526.837		
00:00:00:849		1.54785e+07		0.172828		2.83664		530.201		6.96488e+06		526.843		
00:00:00:750		1.54786e+07		0.172839		2.83615		530.203		6.96487e+06		526.811		
00:00:00:650		1.54786e+07		0.17284		2.83569		530.206		6.96486e+06		526.822		
00:00:00:550		1.54786e+07		0.17284		2.83569		530.208		6.96486e+06		526.828		
00:00:00:450		1.54786e+07		0.17284		2.83569		530.212		6.96485e+06		526.823		
00:00:00:349		1.54786e+07		0.17284		2.83573		530.214		6.96485e+06		526.825		
00:00:00:250		1.54786e+07		0.17284		2.83572		530.217		6.96484e+06		526.827		
00:00:00:149		1.54785e+07		0.17284		2.83572		530.221		6.96484e+06		526.826		
00:00:00:149		1.54785e+07		0.17284		2.83572		530.221		6.96484e+06		526.826		
00:00:00:050		1.54785e+07		0.17284		2.83567		530.223		6.96484e+06		526.826		
00:00:00:000		1.54785e+07		0.17284		2.83571		530.225		6.96483e+06		526.826		
00:00:00:000		1.54785e+07		0.17284		2.83571		530.225		6.96483e+06		526.826		
00:00:00:000		1.54785e+07		0.17284		2.83571		530.225		6.96483e+06		526.826		
00:00:00:000		1.54785e+07		0.17284		2.83571		530.225		6.96483e+06		526.826		
00:00:00:000		1.54785e+07		0.17284		2.83571		530.225		6.96483e+06		526.826		
00:00:00:000		1.54785e+07		0.17284		2.83571		530.225		6.96483e+06		526.826		
00:00:00:000		1.54785e+07		0.17284		2.83571		530.225		6.96483e+06		526.826		
