	time 		rcpppzr	rcp054rcp007mnzoyout	rcv501std0102fvol	fwfrcp001gv	rcppmssga	msfsg(1)	
00:01:02:149		1.52247e+07		-0.33294		5.46309		511.787		6.97833e+06		530.609		
00:01:02:049		1.5225e+07		-0.332146		5.45622		511.797		6.97832e+06		530.603		
00:01:01:950		1.52253e+07		-0.331351		5.44745		511.808		6.9783e+06		530.609		
00:01:01:850		1.52256e+07		-0.330556		5.4401		511.82		6.97828e+06		530.608		
00:01:01:649		1.52262e+07		-0.328966		5.42352		511.842		6.97825e+06		530.606		
00:01:01:549		1.52265e+07		-0.328169		5.41617		511.854		6.97823e+06		530.604		
00:01:01:549		1.52265e+07		-0.328169		5.41617		511.854		6.97823e+06		530.604		
00:01:01:450		1.52268e+07		-0.327373		5.40833		511.865		6.97821e+06		530.603		
00:01:01:350		1.52271e+07		-0.326576		5.4004		511.877		6.97819e+06		530.602		
00:01:01:250		1.52274e+07		-0.325779		5.39226		511.888		6.97817e+06		530.6		
00:01:01:149		1.52277e+07		-0.324982		5.38502		511.902		6.97816e+06		530.599		
00:01:01:049		1.5228e+07		-0.324183		5.37724		511.913		6.97814e+06		530.597		
00:01:00:950		1.52283e+07		-0.323385		5.36885		511.924		6.97812e+06		530.595		
00:01:00:850		1.52286e+07		-0.322587		5.3608		511.936		6.9781e+06		530.595		
00:01:00:649		1.52293e+07		-0.320589		5.34249		511.966		6.97806e+06		530.592		
00:01:00:500		1.52296e+07		-0.319789		5.33386		511.98		6.97804e+06		530.591		
00:01:00:500		1.52296e+07		-0.319789		5.33386		511.98		6.97804e+06		530.591		
00:01:00:450		1.52298e+07		-0.319389		5.32946		511.985		6.97803e+06		530.589		
00:01:00:350		1.523e+07		-0.318589		5.31996		511.997		6.97801e+06		530.602		
00:01:00:250		1.52303e+07		-0.317788		5.31365		512.012		6.97799e+06		530.588		
00:01:00:149		1.52308e+07		-0.316586		5.30232		512.029		6.97796e+06		530.585		
00:01:00:000		1.52311e+07		-0.315784		5.29571		512.042		6.97795e+06		530.587		
00:01:00:000		1.52311e+07		-0.315784		5.29571		512.042		6.97795e+06		530.587		
00:00:59:850		1.52315e+07		-0.31458		5.28213		512.062		6.97792e+06		530.591		
00:00:59:750		1.52318e+07		-0.313778		5.27203		512.075		6.9779e+06		530.572		
00:00:59:649		1.52321e+07		-0.312974		5.26709		512.088		6.97788e+06		530.584		
00:00:59:600		1.52323e+07		-0.312573		5.263		512.096		6.97787e+06		530.584		
00:00:59:500		1.52326e+07		-0.311769		5.25582		512.109		6.97785e+06		530.582		
00:00:59:399		1.52329e+07		-0.310965		5.24696		512.122		6.97784e+06		530.581		
00:00:59:250		1.52333e+07		-0.309759		5.23294		512.141		6.97781e+06		530.579		
00:00:59:149		1.52336e+07		-0.308953		5.22836		512.155		6.97779e+06		530.578		
00:00:59:049		1.52339e+07		-0.308148		5.2198		512.17		6.97777e+06		530.577		
00:00:58:950		1.52342e+07		-0.307343		5.21088		512.183		6.97775e+06		530.576		
00:00:58:850		1.52345e+07		-0.306536		5.20486		512.197		6.97773e+06		530.575		
00:00:58:750		1.52348e+07		-0.30573		5.19573		512.212		6.97771e+06		530.573		
00:00:58:649		1.52352e+07		-0.304923		5.1886		512.225		6.9777e+06		530.573		
00:00:58:549		1.52355e+07		-0.304116		5.18059		512.24		6.97768e+06		530.571		
00:00:58:450		1.52358e+07		-0.303308		5.17049		512.258		6.97766e+06		530.568		
00:00:58:450		1.52358e+07		-0.303308		5.17049		512.258		6.97766e+06		530.568		
00:00:58:250		1.52364e+07		-0.301692		5.15355		512.284		6.97762e+06		530.569		
00:00:58:250		1.52364e+07		-0.301692		5.15355		512.284		6.97762e+06		530.569		
00:00:58:149		1.52367e+07		-0.300883		5.14929		512.299		6.9776e+06		530.567		
00:00:57:950		1.52373e+07		-0.299265		5.13274		512.33		6.97756e+06		530.565		
00:00:57:950		1.52373e+07		-0.299265		5.13274		512.33		6.97756e+06		530.565		
00:00:57:850		1.52376e+07		-0.298456		5.12639		512.343		6.97754e+06		530.563		
00:00:57:649		1.52382e+07		-0.296835		5.10826		512.374		6.9775e+06		530.558		
00:00:57:649		1.52382e+07		-0.296835		5.10826		512.374		6.9775e+06		530.558		
00:00:57:399		1.52389e+07		-0.294807		5.09066		512.412		6.97746e+06		530.559		
00:00:57:399		1.52389e+07		-0.294807		5.09066		512.412		6.97746e+06		530.559		
00:00:57:299		1.52392e+07		-0.293995		5.08254		512.427		6.97744e+06		530.558		
00:00:57:200		1.52395e+07		-0.293184		5.07062		512.442		6.97742e+06		530.555		
00:00:57:100		1.52398e+07		-0.292371		5.06419		512.457		6.9774e+06		530.553		
00:00:57:049		1.524e+07		-0.291965		5.05975		512.467		6.97739e+06		530.558		
00:00:56:899		1.52405e+07		-0.290745		5.04975		512.492		6.97736e+06		530.547		
00:00:56:850		1.52406e+07		-0.290339		5.04429		512.499		6.97735e+06		530.554		
00:00:56:600		1.52414e+07		-0.288304		5.02639		512.539		6.9773e+06		530.548		
00:00:56:600		1.52414e+07		-0.288304		5.02639		512.539		6.9773e+06		530.548		
00:00:56:500		1.52417e+07		-0.28749		5.01704		512.556		6.97728e+06		530.54		
00:00:56:399		1.5242e+07		-0.286675		5.01104		512.572		6.97726e+06		530.547		
00:00:56:299		1.52423e+07		-0.28586		5.00385		512.589		6.97724e+06		530.547		
00:00:56:200		1.52426e+07		-0.285044		4.9927		512.606		6.97722e+06		530.546		
00:00:56:100		1.52429e+07		-0.284228		4.98664		512.623		6.9772e+06		530.544		
00:00:56:000		1.52432e+07		-0.283412		4.97968		512.64		6.97718e+06		530.544		
00:00:55:899		1.52435e+07		-0.282595		4.97157		512.657		6.97717e+06		530.541		
00:00:55:700		1.52441e+07		-0.28096		4.95423		512.69		6.97713e+06		530.531		
00:00:55:600		1.52444e+07		-0.280142		4.94563		512.709		6.97711e+06		530.539		
00:00:55:600		1.52444e+07		-0.280142		4.94563		512.709		6.97711e+06		530.539		
00:00:55:500		1.52447e+07		-0.279325		4.9398		512.724		6.97709e+06		530.535		
00:00:55:399		1.52451e+07		-0.278506		4.93003		512.743		6.97707e+06		530.532		
00:00:55:299		1.52454e+07		-0.277687		4.92481		512.762		6.97705e+06		530.536		
00:00:55:200		1.52457e+07		-0.276868		4.91785		512.779		6.97703e+06		530.535		
00:00:55:100		1.5246e+07		-0.276049		4.9101		512.796		6.97701e+06		530.534		
00:00:55:000		1.52463e+07		-0.275229		4.89985		512.815		6.97699e+06		530.533		
00:00:54:850		1.52468e+07		-0.273998		4.8864		512.842		6.97696e+06		530.53		
00:00:54:750		1.52471e+07		-0.273177		4.8827		512.861		6.97694e+06		530.53		
00:00:54:549		1.52477e+07		-0.271535		4.8652		512.899		6.9769e+06		530.528		
00:00:54:549		1.52477e+07		-0.271535		4.8652		512.899		6.9769e+06		530.528		
00:00:54:450		1.5248e+07		-0.270713		4.8552		512.918		6.97688e+06		530.526		
00:00:54:350		1.52483e+07		-0.269891		4.84746		512.937		6.97686e+06		530.527		
00:00:54:250		1.52486e+07		-0.269069		4.84247		512.954		6.97684e+06		530.525		
00:00:54:149		1.52489e+07		-0.268246		4.83417		512.973		6.97682e+06		530.523		
00:00:54:049		1.52492e+07		-0.267423		4.82684		512.992		6.9768e+06		530.513		
00:00:53:950		1.52495e+07		-0.2666		4.81668		513.013		6.97678e+06		530.524		
00:00:53:850		1.52499e+07		-0.265776		4.80952		513.032		6.97676e+06		530.523		
00:00:53:750		1.52502e+07		-0.264952		4.80293		513.051		6.97674e+06		530.521		
00:00:53:649		1.52505e+07		-0.264128		4.79269		513.072		6.97672e+06		530.521		
00:00:53:649		1.52505e+07		-0.264128		4.79269		513.072		6.97672e+06		530.521		
00:00:53:549		1.52508e+07		-0.263303		4.78856		513.091		6.9767e+06		530.52		
00:00:53:450		1.52511e+07		-0.262478		4.77913		513.11		6.97668e+06		530.509		
00:00:53:250		1.52517e+07		-0.260827		4.76333		513.15		6.97664e+06		530.517		
00:00:53:149		1.5252e+07		-0.260001		4.75702		513.169		6.97662e+06		530.517		
00:00:53:049		1.52523e+07		-0.259174		4.74735		513.188		6.9766e+06		530.515		
00:00:52:950		1.52527e+07		-0.258348		4.73806		513.209		6.97658e+06		530.515		
00:00:52:950		1.52527e+07		-0.258348		4.73806		513.209		6.97658e+06		530.515		
00:00:52:850		1.5253e+07		-0.257521		4.73317		513.229		6.97655e+06		530.514		
00:00:52:649		1.52536e+07		-0.255867		4.71689		513.269		6.97651e+06		530.511		
00:00:52:649		1.52536e+07		-0.255867		4.71689		513.269		6.97651e+06		530.511		
00:00:52:549		1.52539e+07		-0.255039		4.7078		513.29		6.97649e+06		530.509		
00:00:52:450		1.52542e+07		-0.254211		4.70217		513.309		6.97647e+06		530.509		
00:00:52:350		1.52545e+07		-0.253383		4.69352		513.33		6.97645e+06		530.507		
00:00:52:100		1.52553e+07		-0.251311		4.67479		513.382		6.9764e+06		530.504		
00:00:52:100		1.52553e+07		-0.251311		4.67479		513.382		6.9764e+06		530.504		
00:00:52:000		1.52556e+07		-0.250482		4.66692		513.402		6.97638e+06		530.504		
00:00:51:899		1.5256e+07		-0.249651		4.65846		513.423		6.97636e+06		530.51		
00:00:51:850		1.52561e+07		-0.249237		4.65493		513.435		6.97635e+06		530.504		
00:00:51:649		1.52567e+07		-0.247576		4.64136		513.475		6.97631e+06		530.5		
00:00:51:500		1.52572e+07		-0.24633		4.62791		513.509		6.97628e+06		530.502		
00:00:51:500		1.52572e+07		-0.24633		4.62791		513.509		6.97628e+06		530.502		
00:00:51:399		1.52575e+07		-0.245499		4.61738		513.53		6.97626e+06		530.5		
00:00:51:299		1.52578e+07		-0.244668		4.61307		513.552		6.97624e+06		530.505		
00:00:51:200		1.52582e+07		-0.243836		4.60637		513.573		6.97622e+06		530.5		
00:00:51:100		1.52585e+07		-0.243005		4.59664		513.596		6.9762e+06		530.494		
00:00:51:000		1.52588e+07		-0.242173		4.58926		513.617		6.97618e+06		530.502		
00:00:50:899		1.52591e+07		-0.24134		4.58025		513.638		6.97616e+06		530.5		
00:00:50:799		1.52594e+07		-0.240508		4.57547		513.661		6.97614e+06		530.499		
00:00:50:600		1.52601e+07		-0.238842		4.55559		513.706		6.9761e+06		530.498		
00:00:50:600		1.52601e+07		-0.238842		4.55559		513.706		6.9761e+06		530.498		
00:00:50:500		1.52604e+07		-0.238009		4.55151		513.729		6.97608e+06		530.497		
00:00:50:399		1.52607e+07		-0.237176		4.54424		513.75		6.97605e+06		530.497		
00:00:50:299		1.5261e+07		-0.236343		4.53628		513.775		6.97603e+06		530.497		
00:00:50:200		1.52613e+07		-0.235509		4.52597		513.797		6.97601e+06		530.496		
00:00:50:100		1.52616e+07		-0.234675		4.51812		513.82		6.97599e+06		530.496		
00:00:50:000		1.5262e+07		-0.233841		4.51196		513.843		6.97597e+06		530.489		
00:00:49:899		1.52623e+07		-0.233006		4.50624		513.866		6.97595e+06		530.485		
00:00:49:799		1.52626e+07		-0.232172		4.49762		513.888		6.97593e+06		530.495		
00:00:49:600		1.52632e+07		-0.230502		4.48061		513.934		6.97589e+06		530.494		
00:00:49:600		1.52632e+07		-0.230502		4.48061		513.934		6.97589e+06		530.494		
00:00:49:450		1.52637e+07		-0.229249		4.47148		513.97		6.97586e+06		530.492		
00:00:49:399		1.52639e+07		-0.228831		4.46807		513.983		6.97585e+06		530.492		
00:00:49:250		1.52644e+07		-0.227577		4.45725		514.019		6.97582e+06		530.491		
00:00:49:200		1.52645e+07		-0.227159		4.45308		514.031		6.97581e+06		530.491		
00:00:49:100		1.52648e+07		-0.226323		4.44526		514.055		6.97579e+06		530.49		
00:00:49:000		1.52651e+07		-0.225486		4.43617		514.08		6.97577e+06		530.489		
00:00:48:850		1.52656e+07		-0.224231		4.42646		514.118		6.97574e+06		530.489		
00:00:48:750		1.52659e+07		-0.223394		4.41622		514.141		6.97572e+06		530.487		
00:00:48:549		1.52666e+07		-0.221721		4.40364		514.192		6.97568e+06		530.487		
00:00:48:549		1.52666e+07		-0.221721		4.40364		514.192		6.97568e+06		530.487		
00:00:48:450		1.52669e+07		-0.220884		4.39635		514.217		6.97566e+06		530.485		
00:00:48:350		1.52672e+07		-0.220047		4.38915		514.241		6.97564e+06		530.486		
00:00:48:250		1.52675e+07		-0.219211		4.38269		514.268		6.97562e+06		530.485		
00:00:48:149		1.52678e+07		-0.218375		4.3743		514.293		6.9756e+06		530.483		
00:00:48:049		1.52681e+07		-0.217538		4.36614		514.317		6.97558e+06		530.483		
00:00:47:950		1.52685e+07		-0.216702		4.3589		514.344		6.97556e+06		530.479		
00:00:47:850		1.52688e+07		-0.215865		4.35181		514.368		6.97553e+06		530.479		
00:00:47:850		1.52688e+07		-0.215865		4.35181		514.368		6.97553e+06		530.479		
00:00:47:649		1.52694e+07		-0.214192		4.33811		514.42		6.97549e+06		530.478		
00:00:47:649		1.52694e+07		-0.214192		4.33811		514.42		6.97549e+06		530.478		
00:00:47:549		1.52697e+07		-0.213356		4.32949		514.444		6.97547e+06		530.477		
00:00:47:450		1.527e+07		-0.21252		4.32141		514.471		6.97545e+06		530.477		
00:00:47:350		1.52704e+07		-0.211683		4.31465		514.497		6.97543e+06		530.474		
00:00:47:250		1.52707e+07		-0.210847		4.30744		514.522		6.97541e+06		530.475		
00:00:47:149		1.5271e+07		-0.210011		4.30049		514.548		6.97539e+06		530.469		
00:00:47:049		1.52713e+07		-0.209176		4.29306		514.575		6.97537e+06		530.486		
00:00:46:850		1.52719e+07		-0.207505		4.27727		514.626		6.97533e+06		530.469		
00:00:46:850		1.52719e+07		-0.207505		4.27727		514.626		6.97533e+06		530.469		
00:00:46:649		1.52726e+07		-0.205834		4.26516		514.679		6.97529e+06		530.468		
00:00:46:649		1.52726e+07		-0.205834		4.26516		514.679		6.97529e+06		530.468		
00:00:46:500		1.52731e+07		-0.204582		4.2522		514.719		6.97526e+06		530.47		
00:00:46:299		1.52737e+07		-0.202913		4.23569		514.772		6.97522e+06		530.467		
00:00:46:299		1.52737e+07		-0.202913		4.23569		514.772		6.97522e+06		530.467		
00:00:46:200		1.5274e+07		-0.202079		4.23108		514.799		6.9752e+06		530.459		
00:00:46:100		1.52743e+07		-0.201245		4.22353		514.825		6.97518e+06		530.471		
00:00:46:000		1.52746e+07		-0.200412		4.21568		514.852		6.97516e+06		530.465		
00:00:45:899		1.5275e+07		-0.199578		4.20667		514.878		6.97514e+06		530.464		
00:00:45:799		1.52753e+07		-0.198745		4.20218		514.907		6.97512e+06		530.464		
00:00:45:600		1.52759e+07		-0.19708		4.18743		514.96		6.97508e+06		530.466		
00:00:45:600		1.52759e+07		-0.19708		4.18743		514.96		6.97508e+06		530.466		
00:00:45:500		1.52762e+07		-0.196248		4.17782		514.99		6.97506e+06		530.461		
00:00:45:399		1.52766e+07		-0.195416		4.17331		515.018		6.97504e+06		530.459		
00:00:45:299		1.52769e+07		-0.194585		4.16607		515.045		6.97502e+06		530.457		
00:00:45:200		1.52772e+07		-0.193754		4.15905		515.073		6.975e+06		530.449		
00:00:45:100		1.52775e+07		-0.192924		4.15192		515.1		6.97498e+06		530.454		
00:00:45:000		1.52778e+07		-0.192093		4.1447		515.128		6.97496e+06		530.446		
00:00:44:899		1.52782e+07		-0.191264		4.13798		515.156		6.97494e+06		530.456		
00:00:44:799		1.52785e+07		-0.190435		4.1306		515.185		6.97492e+06		530.454		
00:00:44:600		1.52791e+07		-0.188778		4.11688		515.242		6.97488e+06		530.45		
00:00:44:600		1.52791e+07		-0.188778		4.11688		515.242		6.97488e+06		530.45		
00:00:44:500		1.52794e+07		-0.18795		4.10936		515.27		6.97486e+06		530.447		
00:00:44:399		1.52797e+07		-0.187123		4.10325		515.298		6.97484e+06		530.441		
00:00:44:299		1.52801e+07		-0.186296		4.09547		515.327		6.97482e+06		530.449		
00:00:44:200		1.52804e+07		-0.18547		4.08809		515.355		6.9748e+06		530.447		
00:00:44:100		1.52807e+07		-0.184645		4.08277		515.384		6.97478e+06		530.446		
00:00:44:000		1.5281e+07		-0.18382		4.07406		515.414		6.97476e+06		530.444		
00:00:43:850		1.52815e+07		-0.182584		4.06113		515.457		6.97473e+06		530.439		
00:00:43:750		1.52818e+07		-0.18176		4.05796		515.486		6.97471e+06		530.434		
00:00:43:600		1.52823e+07		-0.180526		4.04786		515.531		6.97468e+06		530.432		
00:00:43:600		1.52823e+07		-0.180526		4.04786		515.531		6.97468e+06		530.432		
00:00:43:500		1.52826e+07		-0.179705		4.038		515.56		6.97466e+06		530.438		
00:00:43:399		1.52831e+07		-0.178473		4.02704		515.603		6.97463e+06		530.438		
00:00:43:250		1.52834e+07		-0.177653		4.02144		515.633		6.97461e+06		530.437		
00:00:43:149		1.52837e+07		-0.176834		4.01337		515.664		6.97459e+06		530.435		
00:00:43:049		1.5284e+07		-0.176015		4.00907		515.692		6.97457e+06		530.433		
00:00:42:950		1.52844e+07		-0.175197		4.00254		515.722		6.97455e+06		530.426		
00:00:42:850		1.52847e+07		-0.17438		3.99533		515.754		6.97453e+06		530.431		
00:00:42:649		1.52853e+07		-0.17275		3.98135		515.813		6.97449e+06		530.428		
00:00:42:549		1.52856e+07		-0.171937		3.97254		515.843		6.97447e+06		530.42		
00:00:42:549		1.52856e+07		-0.171937		3.97254		515.843		6.97447e+06		530.42		
00:00:42:450		1.52859e+07		-0.171123		3.96919		515.873		6.97445e+06		530.426		
00:00:42:350		1.52863e+07		-0.170311		3.96168		515.904		6.97443e+06		530.426		
00:00:42:250		1.52866e+07		-0.169499		3.95585		515.934		6.97441e+06		530.426		
00:00:42:250		1.52866e+07		-0.169499		3.95585		515.934		6.97441e+06		530.426		
00:00:42:049		1.52872e+07		-0.167879		3.94082		515.996		6.97437e+06		530.422		
00:00:42:049		1.52872e+07		-0.167879		3.94082		515.996		6.97437e+06		530.422		
00:00:41:950		1.52875e+07		-0.16707		3.93632		516.029		6.97435e+06		530.421		
00:00:41:850		1.52878e+07		-0.166262		3.92769		516.061		6.97433e+06		530.42		
00:00:41:649		1.52885e+07		-0.164649		3.91437		516.123		6.97429e+06		530.416		
00:00:41:649		1.52885e+07		-0.164649		3.91437		516.123		6.97429e+06		530.416		
00:00:41:549		1.52888e+07		-0.163843		3.90539		516.153		6.97427e+06		530.415		
00:00:41:450		1.52891e+07		-0.163039		3.90203		516.185		6.97425e+06		530.407		
00:00:41:350		1.52894e+07		-0.162236		3.89606		516.216		6.97423e+06		530.402		
00:00:41:250		1.52897e+07		-0.161433		3.89059		516.248		6.97421e+06		530.411		
00:00:41:100		1.52902e+07		-0.160232		3.87894		516.297		6.97418e+06		530.402		
00:00:41:000		1.52905e+07		-0.159432		3.87072		516.327		6.97416e+06		530.407		
00:00:40:899		1.52908e+07		-0.158633		3.86443		516.359		6.97414e+06		530.404		
00:00:40:799		1.52912e+07		-0.157836		3.85813		516.391		6.97412e+06		530.396		
00:00:40:700		1.52915e+07		-0.157039		3.85193		516.423		6.9741e+06		530.403		
00:00:40:600		1.52918e+07		-0.156244		3.84552		516.455		6.97408e+06		530.394		
00:00:40:500		1.52921e+07		-0.155449		3.84171		516.489		6.97406e+06		530.4		
00:00:40:399		1.52924e+07		-0.154656		3.83353		516.522		6.97404e+06		530.389		
00:00:40:299		1.52927e+07		-0.153863		3.82902		516.554		6.97402e+06		530.397		
00:00:40:200		1.5293e+07		-0.153072		3.82213		516.586		6.974e+06		530.396		
00:00:40:100		1.52934e+07		-0.152282		3.81664		516.618		6.97398e+06		530.394		
00:00:40:000		1.52937e+07		-0.151493		3.81046		516.652		6.97396e+06		530.39		
00:00:39:899		1.5294e+07		-0.150706		3.8018		516.684		6.97394e+06		530.385		
00:00:39:799		1.52943e+07		-0.149919		3.7976		516.716		6.97392e+06		530.389		
00:00:39:600		1.52949e+07		-0.148349		3.7859		516.786		6.97388e+06		530.388		
00:00:39:600		1.52949e+07		-0.148349		3.7859		516.786		6.97388e+06		530.388		
00:00:39:500		1.52952e+07		-0.147566		3.77857		516.818		6.97386e+06		530.386		
00:00:39:399		1.52956e+07		-0.146784		3.77317		516.852		6.97384e+06		530.378		
00:00:39:299		1.52959e+07		-0.146003		3.76479		516.886		6.97382e+06		530.384		
00:00:39:200		1.52962e+07		-0.145224		3.75926		516.918		6.9738e+06		530.382		
00:00:39:049		1.52966e+07		-0.144056		3.75209		516.967		6.97377e+06		530.377		
00:00:38:950		1.5297e+07		-0.14328		3.74604		517.003		6.97375e+06		530.374		
00:00:38:850		1.52973e+07		-0.142504		3.74139		517.037		6.97373e+06		530.363		
00:00:38:750		1.52976e+07		-0.141729		3.73485		517.069		6.97371e+06		530.368		
00:00:38:649		1.52979e+07		-0.140956		3.72723		517.105		6.97369e+06		530.371		
00:00:38:549		1.52982e+07		-0.140184		3.72213		517.139		6.97368e+06		530.375		
00:00:38:450		1.52985e+07		-0.139413		3.71659		517.173		6.97366e+06		530.367		
00:00:38:350		1.52988e+07		-0.138644		3.7107		517.208		6.97364e+06		530.361		
00:00:38:250		1.52991e+07		-0.137876		3.70233		517.244		6.97362e+06		530.361		
00:00:38:149		1.52994e+07		-0.137108		3.69608		517.28		6.9736e+06		530.367		
00:00:38:049		1.52997e+07		-0.136342		3.69283		517.314		6.97358e+06		530.364		
00:00:38:049		1.52997e+07		-0.136342		3.69283		517.314		6.97358e+06		530.364		
00:00:37:950		1.53e+07		-0.135577		3.68644		517.35		6.97356e+06		530.362		
00:00:37:850		1.53004e+07		-0.134812		3.68225		517.386		6.97354e+06		530.36		
00:00:37:649		1.5301e+07		-0.133286		3.66889		517.455		6.9735e+06		530.35		
00:00:37:549		1.53013e+07		-0.132525		3.66377		517.491		6.97348e+06		530.357		
00:00:37:549		1.53013e+07		-0.132525		3.66377		517.491		6.97348e+06		530.357		
00:00:37:450		1.53016e+07		-0.131765		3.65534		517.529		6.97346e+06		530.354		
00:00:37:350		1.53019e+07		-0.131006		3.6525		517.563		6.97344e+06		530.352		
00:00:37:250		1.53022e+07		-0.130248		3.64714		517.599		6.97342e+06		530.349		
00:00:37:049		1.53028e+07		-0.128735		3.63597		517.67		6.97338e+06		530.346		
00:00:37:049		1.53028e+07		-0.128735		3.63597		517.67		6.97338e+06		530.346		
00:00:36:899		1.53033e+07		-0.127603		3.62394		517.723		6.97335e+06		530.357		
00:00:36:799		1.53036e+07		-0.126848		3.61923		517.761		6.97334e+06		530.342		
00:00:36:600		1.53042e+07		-0.125343		3.61117		517.832		6.9733e+06		530.342		
00:00:36:600		1.53042e+07		-0.125343		3.61117		517.832		6.9733e+06		530.342		
00:00:36:500		1.53045e+07		-0.124592		3.60127		517.868		6.97328e+06		530.339		
00:00:36:399		1.53048e+07		-0.123841		3.59855		517.904		6.97326e+06		530.337		
00:00:36:299		1.53051e+07		-0.123091		3.59346		517.94		6.97324e+06		530.335		
00:00:36:200		1.53054e+07		-0.122342		3.58699		517.977		6.97322e+06		530.333		
00:00:36:100		1.53057e+07		-0.121593		3.58326		518.015		6.9732e+06		530.33		
00:00:36:000		1.5306e+07		-0.120845		3.57444		518.051		6.97318e+06		530.327		
00:00:35:899		1.53063e+07		-0.120098		3.5683		518.086		6.97316e+06		530.327		
00:00:35:799		1.53066e+07		-0.119351		3.56619		518.122		6.97314e+06		530.324		
00:00:35:700		1.53069e+07		-0.118605		3.55778		518.158		6.97312e+06		530.336		
00:00:35:600		1.53072e+07		-0.117858		3.55563		518.194		6.9731e+06		530.321		
00:00:35:500		1.53075e+07		-0.117113		3.54883		518.231		6.97309e+06		530.313		
00:00:35:399		1.53078e+07		-0.116367		3.54356		518.269		6.97307e+06		530.318		
00:00:35:299		1.53081e+07		-0.115623		3.536		518.305		6.97305e+06		530.316		
00:00:35:200		1.53084e+07		-0.114878		3.53201		518.342		6.97303e+06		530.315		
00:00:35:100		1.53087e+07		-0.114133		3.52751		518.38		6.97301e+06		530.312		
00:00:35:000		1.5309e+07		-0.113389		3.51976		518.418		6.97299e+06		530.308		
00:00:34:899		1.53093e+07		-0.112645		3.51761		518.453		6.97297e+06		530.308		
00:00:34:799		1.53096e+07		-0.1119		3.50939		518.491		6.97295e+06		530.307		
00:00:34:700		1.53099e+07		-0.111156		3.5067		518.53		6.97293e+06		530.305		
00:00:34:600		1.53102e+07		-0.110411		3.49894		518.568		6.97291e+06		530.303		
00:00:34:500		1.53105e+07		-0.109666		3.49593		518.604		6.9729e+06		530.301		
00:00:34:399		1.53108e+07		-0.108921		3.49176		518.643		6.97288e+06		530.298		
00:00:34:299		1.53111e+07		-0.108175		3.48506		518.679		6.97286e+06		530.289		
00:00:34:200		1.53114e+07		-0.107429		3.4774		518.717		6.97284e+06		530.296		
00:00:34:100		1.53117e+07		-0.106683		3.47512		518.756		6.97282e+06		530.293		
00:00:33:950		1.53122e+07		-0.105561		3.46739		518.812		6.97279e+06		530.29		
00:00:33:899		1.53123e+07		-0.105187		3.46466		518.831		6.97278e+06		530.288		
00:00:33:750		1.53128e+07		-0.104064		3.45651		518.89		6.97275e+06		530.297		
00:00:33:700		1.53129e+07		-0.10369		3.45355		518.908		6.97274e+06		530.284		
00:00:33:600		1.53132e+07		-0.102939		3.44955		518.946		6.97272e+06		530.281		
00:00:33:500		1.53135e+07		-0.102188		3.44401		518.984		6.97271e+06		530.273		
00:00:33:350		1.5314e+07		-0.101059		3.43525		519.042		6.97268e+06		530.274		
00:00:33:250		1.53143e+07		-0.100305		3.43067		519.079		6.97266e+06		530.273		
00:00:33:149		1.53146e+07		-0.0995488		3.42393		519.119		6.97264e+06		530.276		
00:00:33:049		1.53149e+07		-0.0987921		3.42193		519.156		6.97262e+06		530.268		
00:00:32:950		1.53152e+07		-0.0980334		3.41495		519.194		6.9726e+06		530.28		
00:00:32:899		1.53153e+07		-0.0976539		3.41249		519.213		6.97259e+06		530.267		
00:00:32:799		1.53156e+07		-0.0968924		3.40529		519.254		6.97257e+06		530.265		
00:00:32:700		1.53159e+07		-0.0961299		3.40421		519.292		6.97256e+06		530.262		
00:00:32:549		1.53164e+07		-0.0949821		3.39602		519.35		6.97253e+06		530.258		
00:00:32:450		1.53167e+07		-0.0942144		3.38771		519.389		6.97251e+06		530.262		
00:00:32:350		1.5317e+07		-0.0934448		3.38609		519.427		6.97249e+06		530.255		
00:00:32:250		1.53173e+07		-0.0926733		3.37968		519.464		6.97247e+06		530.253		
00:00:32:149		1.53176e+07		-0.0918989		3.37454		519.508		6.97245e+06		530.249		
00:00:32:049		1.53179e+07		-0.0911222		3.36886		519.545		6.97243e+06		530.24		
00:00:31:949		1.53182e+07		-0.090343		3.36571		519.585		6.97242e+06		530.244		
00:00:31:850		1.53185e+07		-0.0895615		3.36044		519.624		6.9724e+06		530.244		
00:00:31:850		1.53185e+07		-0.0895615		3.36044		519.624		6.9724e+06		530.244		
00:00:31:649		1.53191e+07		-0.0879893		3.34973		519.701		6.97236e+06		530.239		
00:00:31:550		1.53194e+07		-0.0871997		3.34449		519.74		6.97234e+06		530.23		
00:00:31:550		1.53194e+07		-0.0871997		3.34449		519.74		6.97234e+06		530.23		
00:00:31:449		1.53197e+07		-0.0864067		3.33895		519.78		6.97232e+06		530.234		
00:00:31:350		1.532e+07		-0.0856099		3.33393		519.819		6.9723e+06		530.226		
00:00:31:250		1.53203e+07		-0.0848103		3.33125		519.859		6.97229e+06		530.23		
00:00:31:149		1.53206e+07		-0.0840073		3.32531		519.898		6.97227e+06		530.226		
00:00:31:050		1.53209e+07		-0.0832009		3.32072		519.937		6.97225e+06		530.227		
00:00:30:949		1.53213e+07		-0.0823908		3.31157		519.979		6.97223e+06		530.224		
00:00:30:850		1.53216e+07		-0.0815773		3.30668		520.02		6.97221e+06		530.221		
00:00:30:750		1.53219e+07		-0.0807595		3.30472		520.059		6.97219e+06		530.218		
00:00:30:550		1.53225e+07		-0.0791125		3.29596		520.138		6.97216e+06		530.215		
00:00:30:449		1.53228e+07		-0.0782828		3.28776		520.179		6.97214e+06		530.21		
00:00:30:350		1.53231e+07		-0.0774493		3.28407		520.219		6.97212e+06		530.197		
00:00:30:350		1.53231e+07		-0.0774493		3.28407		520.219		6.97212e+06		530.197		
00:00:30:250		1.53234e+07		-0.076611		3.2788		520.26		6.9721e+06		530.207		
00:00:30:149		1.53237e+07		-0.0757685		3.27489		520.301		6.97209e+06		530.204		
00:00:30:050		1.53241e+07		-0.0749211		3.26991		520.34		6.97207e+06		530.195		
00:00:29:949		1.53244e+07		-0.0740695		3.26474		520.38		6.97205e+06		530.2		
00:00:29:800		1.53249e+07		-0.0727835		3.25596		520.442		6.97202e+06		530.191		
00:00:29:550		1.53257e+07		-0.0706143		3.24579		520.543		6.97198e+06		530.182		
00:00:29:550		1.53257e+07		-0.0706143		3.24579		520.543		6.97198e+06		530.182		
00:00:29:449		1.5326e+07		-0.0697379		3.24114		520.584		6.97196e+06		530.179		
00:00:29:449		1.5326e+07		-0.0697379		3.24114		520.584		6.97196e+06		530.179		
00:00:29:350		1.53263e+07		-0.0688558		3.23537		520.623		6.97194e+06		530.177		
00:00:29:199		1.53268e+07		-0.0675235		3.22283		520.683		6.97191e+06		530.183		
00:00:29:100		1.53271e+07		-0.066628		3.21807		520.725		6.9719e+06		530.18		
00:00:29:000		1.53275e+07		-0.0657272		3.21609		520.768		6.97188e+06		530.177		
00:00:28:899		1.53278e+07		-0.0648208		3.21033		520.809		6.97186e+06		530.169		
00:00:28:800		1.53281e+07		-0.0639086		3.2068		520.848		6.97184e+06		530.173		
00:00:28:699		1.53285e+07		-0.0629907		3.19828		520.889		6.97182e+06		530.171		
00:00:28:600		1.53288e+07		-0.0620666		3.1933		520.931		6.97181e+06		530.168		
00:00:28:500		1.53291e+07		-0.0611367		3.18776		520.97		6.97179e+06		530.164		
00:00:28:399		1.53295e+07		-0.0602021		3.1853		521.013		6.97177e+06		530.161		
00:00:28:300		1.53298e+07		-0.0592632		3.18118		521.054		6.97175e+06		530.151		
00:00:28:199		1.53302e+07		-0.0583196		3.17687		521.095		6.97173e+06		530.161		
00:00:28:100		1.53305e+07		-0.0573702		3.1709		521.136		6.97172e+06		530.153		
00:00:28:000		1.53308e+07		-0.0564165		3.16405		521.176		6.9717e+06		530.148		
00:00:27:899		1.53312e+07		-0.0554576		3.15774		521.217		6.97168e+06		530.151		
00:00:27:800		1.53315e+07		-0.0544934		3.15623		521.26		6.97166e+06		530.149		
00:00:27:600		1.53322e+07		-0.0525479		3.15241		521.342		6.97163e+06		530.145		
00:00:27:600		1.53322e+07		-0.0525479		3.15241		521.342		6.97163e+06		530.145		
00:00:27:500		1.53326e+07		-0.0515666		3.15109		521.383		6.97161e+06		530.141		
00:00:27:399		1.53329e+07		-0.05058		3.14964		521.425		6.97159e+06		530.139		
00:00:27:199		1.53337e+07		-0.0485883		3.14541		521.507		6.97156e+06		530.134		
00:00:27:199		1.53337e+07		-0.0485883		3.14541		521.507		6.97156e+06		530.134		
00:00:27:100		1.5334e+07		-0.0475831		3.14386		521.548		6.97154e+06		530.131		
00:00:27:000		1.53344e+07		-0.0465713		3.14274		521.591		6.97152e+06		530.126		
00:00:26:899		1.53347e+07		-0.0455532		3.14114		521.632		6.97151e+06		530.125		
00:00:26:800		1.53351e+07		-0.0445285		3.1388		521.673		6.97149e+06		530.121		
00:00:26:600		1.53358e+07		-0.0424585		3.13612		521.756		6.97145e+06		530.116		
00:00:26:600		1.53358e+07		-0.0424585		3.13612		521.756		6.97145e+06		530.116		
00:00:26:500		1.53362e+07		-0.0414133		3.13436		521.797		6.97144e+06		530.105		
00:00:26:399		1.53365e+07		-0.0403609		3.13274		521.838		6.97142e+06		530.119		
00:00:26:300		1.53369e+07		-0.0393014		3.13098		521.879		6.9714e+06		530.111		
00:00:26:199		1.53373e+07		-0.0382347		3.12922		521.922		6.97138e+06		530.11		
00:00:26:050		1.53378e+07		-0.0366187		3.12682		521.984		6.97136e+06		530.106		
00:00:26:000		1.5338e+07		-0.0360761		3.12595		522.006		6.97135e+06		530.105		
00:00:25:850		1.53385e+07		-0.0344338		3.12327		522.068		6.97132e+06		530.093		
00:00:25:800		1.53387e+07		-0.0338821		3.12239		522.088		6.97132e+06		530.099		
00:00:25:649		1.53393e+07		-0.0322127		3.11989		522.152		6.97129e+06		530.096		
00:00:25:550		1.53397e+07		-0.0310879		3.11846		522.193		6.97127e+06		530.093		
00:00:25:449		1.53401e+07		-0.029954		3.11697		522.234		6.97126e+06		530.092		
00:00:25:399		1.53403e+07		-0.0293837		3.1157		522.256		6.97125e+06		530.09		
00:00:25:250		1.53408e+07		-0.0276613		3.11301		522.318		6.97122e+06		530.087		
00:00:25:149		1.53412e+07		-0.026504		3.11143		522.361		6.97121e+06		530.086		
00:00:25:050		1.53416e+07		-0.0253396		3.10938		522.402		6.97119e+06		530.078		
00:00:25:050		1.53416e+07		-0.0253396		3.10938		522.402		6.97119e+06		530.078		
00:00:24:850		1.53422e+07		-0.0231109		3.10627		522.486		6.97116e+06		530.078		
00:00:24:750		1.53427e+07		-0.0222425		3.10504		522.529		6.97114e+06		530.078		
00:00:24:649		1.53431e+07		-0.0213747		3.10366		522.57		6.97112e+06		530.074		
00:00:24:550		1.53436e+07		-0.0205064		3.10175		522.611		6.97111e+06		530.074		
00:00:24:449		1.53441e+07		-0.0196381		3.10079		522.652		6.97109e+06		530.07		
00:00:24:350		1.53445e+07		-0.0187697		3.09958		522.693		6.97107e+06		530.073		
00:00:24:250		1.5345e+07		-0.0179019		3.09787		522.736		6.97106e+06		530.072		
00:00:24:250		1.5345e+07		-0.0179019		3.09787		522.736		6.97106e+06		530.072		
00:00:24:149		1.53455e+07		-0.0170341		3.09638		522.779		6.97104e+06		530.078		
00:00:24:050		1.53459e+07		-0.0161667		3.09498		522.822		6.97102e+06		530.064		
00:00:23:949		1.53464e+07		-0.0152988		3.09366		522.863		6.97101e+06		530.06		
00:00:23:850		1.53469e+07		-0.014432		3.09207		522.904		6.97099e+06		530.051		
00:00:23:649		1.53478e+07		-0.0126967		3.08963		522.988		6.97096e+06		530.055		
00:00:23:550		1.53483e+07		-0.0118299		3.08789		523.031		6.97094e+06		530.055		
00:00:23:550		1.53483e+07		-0.0118299		3.08789		523.031		6.97094e+06		530.055		
00:00:23:399		1.5349e+07		-0.0105295		3.08516		523.094		6.97091e+06		530.049		
00:00:23:300		1.53494e+07		-0.00966311		3.08416		523.135		6.9709e+06		530.048		
00:00:23:199		1.53499e+07		-0.00879669		3.08302		523.176		6.97088e+06		530.039		
00:00:23:000		1.53508e+07		-0.00706434		3.0801		523.262		6.97085e+06		530.056		
00:00:23:000		1.53508e+07		-0.00706434		3.0801		523.262		6.97085e+06		530.056		
00:00:22:899		1.53513e+07		-0.00619793		3.07876		523.303		6.97083e+06		530.041		
00:00:22:800		1.53518e+07		-0.00533199		3.07676		523.346		6.97081e+06		530.039		
00:00:22:600		1.53527e+07		-0.00360012		3.07451		523.428		6.97078e+06		530.035		
00:00:22:600		1.53527e+07		-0.00360012		3.07451		523.428		6.97078e+06		530.035		
00:00:22:500		1.53531e+07		-0.00273466		3.07292		523.471		6.97076e+06		530.026		
00:00:22:399		1.53536e+07		-0.00186968		3.07159		523.514		6.97075e+06		530.025		
00:00:22:300		1.53541e+07		-0.0010047		3.07011		523.555		6.97073e+06		530.028		
00:00:22:199		1.53545e+07		-0.000139713		3.06844		523.597		6.97071e+06		530.019		
00:00:22:100		1.5355e+07		0.000724792		3.06748		523.64		6.9707e+06		530.023		
00:00:22:000		1.53555e+07		0.00159025		3.06597		523.681		6.97068e+06		530.024		
00:00:21:899		1.53559e+07		0.00245476		3.0647		523.722		6.97066e+06		530.021		
00:00:21:800		1.53564e+07		0.00331926		3.06308		523.765		6.97065e+06		530.012		
00:00:21:699		1.53569e+07		0.00418329		3.0618		523.806		6.97063e+06		530.018		
00:00:21:600		1.53573e+07		0.00504684		3.06073		523.849		6.97061e+06		530.016		
00:00:21:500		1.53578e+07		0.0059104		3.05943		523.89		6.9706e+06		530.011		
00:00:21:399		1.53582e+07		0.00677347		3.05775		523.931		6.97058e+06		530.023		
00:00:21:300		1.53587e+07		0.00763702		3.05615		523.974		6.97056e+06		530.008		
00:00:21:199		1.53592e+07		0.00849962		3.05496		524.016		6.97055e+06		530.019		
00:00:21:100		1.53596e+07		0.00936222		3.05376		524.057		6.97053e+06		530.004		
00:00:21:000		1.53601e+07		0.0102243		3.05257		524.1		6.97051e+06		530.002		
00:00:20:899		1.53606e+07		0.011086		3.05101		524.141		6.9705e+06		529.999		
00:00:20:800		1.53613e+07		0.0123782		3.04824		524.202		6.97047e+06		530.01		
00:00:20:649		1.53617e+07		0.0132394		3.04731		524.243		6.97046e+06		529.995		
00:00:20:550		1.53622e+07		0.0141001		3.0461		524.286		6.97044e+06		529.986		
00:00:20:449		1.53626e+07		0.0149603		3.04466		524.329		6.97042e+06		529.991		
00:00:20:350		1.53631e+07		0.015821		3.04343		524.37		6.9704e+06		529.986		
00:00:20:250		1.53636e+07		0.0166807		3.04177		524.411		6.97039e+06		529.989		
00:00:20:149		1.5364e+07		0.01754		3.0403		524.454		6.97037e+06		529.996		
00:00:20:050		1.53645e+07		0.0183988		3.03934		524.495		6.97035e+06		529.981		
00:00:19:949		1.5365e+07		0.0192575		3.03816		524.537		6.97034e+06		529.979		
00:00:19:850		1.53654e+07		0.0201163		3.0367		524.578		6.97032e+06		529.976		
00:00:19:750		1.53659e+07		0.0209746		3.03536		524.617		6.9703e+06		529.975		
00:00:19:649		1.53663e+07		0.021832		3.03391		524.658		6.97029e+06		529.974		
00:00:19:550		1.53668e+07		0.0226889		3.03282		524.699		6.97027e+06		529.97		
00:00:19:550		1.53668e+07		0.0226889		3.03282		524.699		6.97027e+06		529.97		
00:00:19:350		1.53677e+07		0.0244026		3.03003		524.783		6.97024e+06		529.972		
00:00:19:350		1.53677e+07		0.0244026		3.03003		524.783		6.97024e+06		529.972		
00:00:19:149		1.53687e+07		0.0261149		3.02677		524.865		6.9702e+06		529.964		
00:00:19:149		1.53687e+07		0.0261149		3.02677		524.865		6.9702e+06		529.964		
00:00:19:050		1.53691e+07		0.0269699		3.02604		524.905		6.97019e+06		529.963		
00:00:18:949		1.53696e+07		0.0278249		3.02455		524.946		6.97017e+06		529.961		
00:00:18:850		1.537e+07		0.0286794		3.02394		524.987		6.97015e+06		529.959		
00:00:18:750		1.53705e+07		0.0295339		3.02252		525.028		6.97013e+06		529.957		
00:00:18:550		1.53714e+07		0.0312405		3.01924		525.112		6.9701e+06		529.953		
00:00:18:550		1.53714e+07		0.0312405		3.01924		525.112		6.9701e+06		529.953		
00:00:18:300		1.53726e+07		0.0333714		3.0166		525.212		6.97006e+06		529.947		
00:00:18:300		1.53726e+07		0.0333714		3.0166		525.212		6.97006e+06		529.947		
00:00:18:199		1.53731e+07		0.0342231		3.01526		525.255		6.97004e+06		529.945		
00:00:18:050		1.53737e+07		0.0354991		3.01341		525.314		6.97001e+06		529.942		
00:00:18:050		1.53737e+07		0.0354991		3.01341		525.314		6.97001e+06		529.942		
00:00:17:850		1.53747e+07		0.0371995		3.01068		525.394		6.96998e+06		529.936		
00:00:17:850		1.53747e+07		0.0371995		3.01068		525.394		6.96998e+06		529.936		
00:00:17:649		1.53756e+07		0.0388975		3.00837		525.474		6.96995e+06		529.932		
00:00:17:550		1.53761e+07		0.0397463		3.00645		525.516		6.96993e+06		529.929		
00:00:17:550		1.53761e+07		0.0397463		3.00645		525.516		6.96993e+06		529.929		
00:00:17:449		1.53765e+07		0.0405936		3.00569		525.555		6.96991e+06		529.926		
00:00:17:350		1.5377e+07		0.041441		3.0039		525.596		6.96989e+06		529.925		
00:00:17:250		1.53775e+07		0.0422878		3.00343		525.635		6.96988e+06		529.922		
00:00:17:149		1.53779e+07		0.0431333		3.0024		525.676		6.96986e+06		529.919		
00:00:17:050		1.53786e+07		0.0444012		2.99999		525.715		6.96984e+06		529.911		
00:00:16:800		1.53795e+07		0.0460896		2.99743		525.815		6.9698e+06		529.912		
00:00:16:800		1.53795e+07		0.0460896		2.99743		525.815		6.9698e+06		529.912		
00:00:16:600		1.53805e+07		0.0477753		2.99527		525.895		6.96976e+06		529.907		
00:00:16:600		1.53805e+07		0.0477753		2.99527		525.895		6.96976e+06		529.907		
00:00:16:500		1.53809e+07		0.0486174		2.99345		525.934		6.96975e+06		529.904		
00:00:16:399		1.53814e+07		0.0494585		2.99292		525.973		6.96973e+06		529.897		
00:00:16:300		1.53819e+07		0.0502987		2.99149		526.015		6.96971e+06		529.902		
00:00:16:199		1.53823e+07		0.0511384		2.99001		526.054		6.96969e+06		529.899		
00:00:16:100		1.53828e+07		0.0519776		2.98882		526.093		6.96967e+06		529.898		
00:00:16:000		1.53833e+07		0.0528164		2.98783		526.132		6.96966e+06		529.884		
00:00:15:900		1.53837e+07		0.0536542		2.98683		526.171		6.96964e+06		529.892		
00:00:15:800		1.53842e+07		0.0544906		2.98559		526.21		6.96962e+06		529.889		
00:00:15:699		1.53847e+07		0.0553269		2.98366		526.249		6.9696e+06		529.887		
00:00:15:599		1.53851e+07		0.0561633		2.98234		526.288		6.96959e+06		529.883		
00:00:15:500		1.53856e+07		0.0569978		2.98171		526.327		6.96957e+06		529.882		
00:00:15:349		1.53863e+07		0.058249		2.98004		526.384		6.96954e+06		529.877		
00:00:15:250		1.53868e+07		0.0590825		2.97881		526.423		6.96952e+06		529.87		
00:00:15:150		1.53872e+07		0.0599155		2.97776		526.46		6.9695e+06		529.874		
00:00:15:050		1.53877e+07		0.0607471		2.9764		526.499		6.96949e+06		529.871		
00:00:14:949		1.53882e+07		0.0615783		2.97478		526.538		6.96947e+06		529.868		
00:00:14:849		1.53886e+07		0.0624084		2.97398		526.575		6.96945e+06		529.865		
00:00:14:750		1.53891e+07		0.0632386		2.97252		526.614		6.96943e+06		529.853		
00:00:14:650		1.53896e+07		0.0640674		2.9714		526.651		6.96941e+06		529.861		
00:00:14:550		1.539e+07		0.0648956		2.97039		526.686		6.9694e+06		529.858		
00:00:14:449		1.53905e+07		0.0657229		2.96932		526.723		6.96938e+06		529.857		
00:00:14:349		1.5391e+07		0.0665498		2.96802		526.762		6.96936e+06		529.854		
00:00:14:250		1.53914e+07		0.0673752		2.96676		526.797		6.96934e+06		529.85		
00:00:14:150		1.53919e+07		0.0682006		2.96514		526.834		6.96932e+06		529.835		
00:00:14:050		1.53924e+07		0.0690246		2.96454		526.87		6.9693e+06		529.843		
00:00:14:050		1.53924e+07		0.0690246		2.96454		526.87		6.9693e+06		529.843		
00:00:13:949		1.53929e+07		0.0698481		2.96259		526.907		6.96929e+06		529.837		
00:00:13:849		1.53933e+07		0.0706706		2.96215		526.944		6.96927e+06		529.829		
00:00:13:750		1.53938e+07		0.0714927		2.96069		526.981		6.96925e+06		529.833		
00:00:13:550		1.53947e+07		0.0731344		2.95813		527.055		6.96921e+06		529.836		
00:00:13:550		1.53947e+07		0.0731344		2.95813		527.055		6.96921e+06		529.836		
00:00:13:449		1.53952e+07		0.0739546		2.95705		527.092		6.96919e+06		529.833		
00:00:13:349		1.53957e+07		0.0747733		2.95612		527.129		6.96918e+06		529.82		
00:00:13:250		1.53962e+07		0.0755911		2.95515		527.164		6.96916e+06		529.82		
00:00:13:150		1.53966e+07		0.0764089		2.95368		527.201		6.96914e+06		529.826		
00:00:13:050		1.53971e+07		0.0772257		2.95184		527.238		6.96912e+06		529.816		
00:00:12:800		1.53983e+07		0.0792637		2.9498		527.328		6.96907e+06		529.82		
00:00:12:800		1.53983e+07		0.0792637		2.9498		527.328		6.96907e+06		529.82		
00:00:12:699		1.53988e+07		0.0800776		2.94867		527.364		6.96905e+06		529.817		
00:00:12:500		1.53997e+07		0.0817032		2.94609		527.436		6.96902e+06		529.813		
00:00:12:500		1.53997e+07		0.0817032		2.94609		527.436		6.96902e+06		529.813		
00:00:12:400		1.54002e+07		0.0825148		2.94491		527.473		6.969e+06		529.804		
00:00:12:300		1.54007e+07		0.0833259		2.94386		527.508		6.96898e+06		529.809		
00:00:12:199		1.54012e+07		0.084136		2.94267		527.543		6.96896e+06		529.806		
00:00:12:099		1.54016e+07		0.0849452		2.94158		527.578		6.96894e+06		529.802		
00:00:12:000		1.54021e+07		0.0857534		2.94048		527.613		6.96892e+06		529.802		
00:00:11:900		1.54026e+07		0.0865617		2.93921		527.648		6.96891e+06		529.798		
00:00:11:800		1.54031e+07		0.087369		2.93807		527.684		6.96889e+06		529.794		
00:00:11:599		1.54041e+07		0.0889821		2.9353		527.754		6.96885e+06		529.791		
00:00:11:500		1.54046e+07		0.089787		2.93477		527.787		6.96883e+06		529.789		
00:00:11:500		1.54046e+07		0.089787		2.93477		527.787		6.96883e+06		529.789		
00:00:11:400		1.5405e+07		0.0905924		2.93355		527.82		6.96881e+06		529.785		
00:00:11:349		1.54053e+07		0.0909944		2.93328		527.837		6.9688e+06		529.79		
00:00:11:199		1.5406e+07		0.0921998		2.93138		527.889		6.96877e+06		529.78		
00:00:11:099		1.54065e+07		0.0930033		2.92978		527.92		6.96875e+06		529.779		
00:00:11:000		1.5407e+07		0.0938063		2.92938		527.952		6.96873e+06		529.778		
00:00:10:900		1.54075e+07		0.0946088		2.92757		527.987		6.96871e+06		529.776		
00:00:10:800		1.5408e+07		0.0954103		2.92684		528.02		6.9687e+06		529.772		
00:00:10:699		1.54085e+07		0.0962119		2.92578		528.051		6.96868e+06		529.769		
00:00:10:599		1.5409e+07		0.097013		2.92484		528.083		6.96866e+06		529.766		
00:00:10:500		1.54095e+07		0.0978136		2.92366		528.114		6.96864e+06		529.765		
00:00:10:400		1.541e+07		0.0986133		2.92275		528.144		6.96862e+06		529.756		
00:00:10:300		1.54105e+07		0.0994124		2.9214		528.177		6.9686e+06		529.761		
00:00:10:199		1.5411e+07		0.100211		2.92017		528.206		6.96858e+06		529.759		
00:00:10:099		1.54115e+07		0.101009		2.91969		528.238		6.96856e+06		529.744		
00:00:10:000		1.5412e+07		0.101807		2.91825		528.271		6.96854e+06		529.75		
00:00:09:849		1.54127e+07		0.103002		2.91594		528.319		6.96851e+06		529.745		
00:00:09:750		1.54132e+07		0.103798		2.91549		528.349		6.96849e+06		529.735		
00:00:09:650		1.54137e+07		0.104593		2.91415		528.38		6.96847e+06		529.738		
00:00:09:550		1.54143e+07		0.105389		2.91366		528.411		6.96845e+06		529.741		
00:00:09:449		1.54148e+07		0.106183		2.91247		528.445		6.96843e+06		529.733		
00:00:09:349		1.54153e+07		0.106977		2.91069		528.476		6.9684e+06		529.729		
00:00:09:250		1.54158e+07		0.107771		2.91026		528.507		6.96838e+06		529.725		
00:00:09:150		1.54163e+07		0.108564		2.90933		528.539		6.96836e+06		529.721		
00:00:09:099		1.54166e+07		0.108961		2.90886		528.553		6.96835e+06		529.718		
00:00:09:000		1.54171e+07		0.109754		2.90768		528.583		6.96833e+06		529.717		
00:00:08:900		1.54176e+07		0.110546		2.90658		528.613		6.96831e+06		529.713		
00:00:08:800		1.54181e+07		0.111339		2.90531		528.64		6.96829e+06		529.709		
00:00:08:650		1.54189e+07		0.112526		2.90427		528.683		6.96825e+06		529.702		
00:00:08:550		1.54195e+07		0.113318		2.90301		528.712		6.96823e+06		529.697		
00:00:08:449		1.542e+07		0.11411		2.90241		528.74		6.96821e+06		529.692		
00:00:08:349		1.54205e+07		0.114902		2.90127		528.768		6.96819e+06		529.688		
00:00:08:250		1.54211e+07		0.115693		2.90004		528.795		6.96816e+06		529.682		
00:00:08:150		1.54216e+07		0.116484		2.89903		528.823		6.96814e+06		529.676		
00:00:08:050		1.54221e+07		0.117275		2.89765		528.851		6.96812e+06		529.67		
00:00:07:950		1.54227e+07		0.118066		2.8974		528.876		6.96809e+06		529.664		
00:00:07:849		1.54232e+07		0.118857		2.8963		528.904		6.96807e+06		529.658		
00:00:07:849		1.54232e+07		0.118857		2.8963		528.904		6.96807e+06		529.658		
00:00:07:750		1.54238e+07		0.119648		2.89545		528.932		6.96805e+06		529.665		
00:00:07:549		1.54249e+07		0.121231		2.89297		528.991		6.968e+06		529.637		
00:00:07:549		1.54249e+07		0.121231		2.89297		528.991		6.968e+06		529.637		
00:00:07:450		1.54254e+07		0.122021		2.89234		529.018		6.96797e+06		529.631		
00:00:07:349		1.5426e+07		0.122813		2.89078		529.046		6.96794e+06		529.623		
00:00:07:250		1.54266e+07		0.123604		2.8905		529.074		6.96792e+06		529.615		
00:00:07:150		1.54271e+07		0.124396		2.88942		529.101		6.96789e+06		529.605		
00:00:07:000		1.5428e+07		0.125584		2.88795		529.14		6.96785e+06		529.593		
00:00:06:900		1.54285e+07		0.126376		2.88729		529.164		6.96783e+06		529.582		
00:00:06:799		1.54291e+07		0.127168		2.88647		529.19		6.9678e+06		529.563		
00:00:06:599		1.54303e+07		0.128753		2.88388		529.238		6.96774e+06		529.549		
00:00:06:500		1.54309e+07		0.129546		2.8831		529.263		6.96771e+06		529.53		
00:00:06:500		1.54309e+07		0.129546		2.8831		529.263		6.96771e+06		529.53		
00:00:06:400		1.54315e+07		0.13034		2.88258		529.287		6.96768e+06		529.528		
00:00:06:299		1.54321e+07		0.131133		2.88185		529.31		6.96765e+06		529.509		
00:00:06:200		1.54326e+07		0.131927		2.88078		529.332		6.96762e+06		529.507		
00:00:06:099		1.54332e+07		0.13272		2.87983		529.354		6.96759e+06		529.492		
00:00:06:000		1.54339e+07		0.133514		2.87903		529.378		6.96756e+06		529.464		
00:00:05:900		1.54345e+07		0.134309		2.87805		529.4		6.96753e+06		529.465		
00:00:05:799		1.54351e+07		0.135103		2.8772		529.424		6.9675e+06		529.45		
00:00:05:599		1.54363e+07		0.136694		2.87547		529.472		6.96743e+06		529.419		
00:00:05:500		1.54369e+07		0.137489		2.87471		529.494		6.9674e+06		529.4		
00:00:05:500		1.54369e+07		0.137489		2.87471		529.494		6.9674e+06		529.4		
00:00:05:400		1.54376e+07		0.138286		2.87371		529.52		6.96737e+06		529.382		
00:00:05:299		1.54382e+07		0.139081		2.87278		529.542		6.96733e+06		529.363		
00:00:05:200		1.54388e+07		0.139878		2.87208		529.562		6.9673e+06		529.345		
00:00:05:099		1.54395e+07		0.140674		2.87108		529.584		6.96726e+06		529.325		
00:00:05:000		1.54401e+07		0.141469		2.87069		529.604		6.96722e+06		529.304		
00:00:04:900		1.54408e+07		0.142265		2.86918		529.625		6.96719e+06		529.282		
00:00:04:799		1.54414e+07		0.14306		2.86875		529.645		6.96715e+06		529.258		
00:00:04:700		1.54421e+07		0.143856		2.86761		529.665		6.96711e+06		529.231		
00:00:04:599		1.54427e+07		0.14465		2.86732		529.685		6.96707e+06		529.207		
00:00:04:500		1.54434e+07		0.145445		2.86631		529.706		6.96703e+06		529.172		
00:00:04:400		1.5444e+07		0.146241		2.86542		529.726		6.96699e+06		529.153		
00:00:04:299		1.54447e+07		0.147038		2.86462		529.744		6.96695e+06		529.112		
00:00:04:150		1.54457e+07		0.148235		2.8634		529.772		6.96689e+06		529.079		
00:00:04:099		1.54461e+07		0.148633		2.86289		529.781		6.96687e+06		529.062		
00:00:03:950		1.54471e+07		0.14983		2.86175		529.809		6.9668e+06		529.015		
00:00:03:850		1.54479e+07		0.150626		2.86109		529.825		6.96676e+06		528.99		
00:00:03:750		1.54486e+07		0.151418		2.85997		529.842		6.96671e+06		528.946		
00:00:03:649		1.54493e+07		0.152206		2.85948		529.858		6.96667e+06		528.907		
00:00:03:549		1.545e+07		0.15299		2.8588		529.875		6.96662e+06		528.866		
00:00:03:450		1.54507e+07		0.153768		2.8582		529.89		6.96657e+06		528.825		
00:00:03:350		1.54514e+07		0.154543		2.85761		529.904		6.96652e+06		528.78		
00:00:03:250		1.5452e+07		0.155317		2.85656		529.919		6.96647e+06		528.736		
00:00:03:149		1.54527e+07		0.156094		2.85524		529.934		6.96642e+06		528.687		
00:00:03:049		1.54534e+07		0.156876		2.8545		529.949		6.96637e+06		528.634		
00:00:02:950		1.54541e+07		0.157668		2.85367		529.962		6.96632e+06		528.587		
00:00:02:850		1.54549e+07		0.158469		2.85278		529.974		6.96627e+06		528.542		
00:00:02:750		1.54557e+07		0.159278		2.85184		529.987		6.96621e+06		528.489		
00:00:02:649		1.54566e+07		0.160089		2.85126		530.002		6.96616e+06		528.433		
00:00:02:549		1.54576e+07		0.160893		2.85078		530.015		6.96611e+06		528.37		
00:00:02:549		1.54576e+07		0.160893		2.85078		530.015		6.96611e+06		528.37		
00:00:02:350		1.54595e+07		0.162433		2.85029		530.041		6.966e+06		528.247		
00:00:02:350		1.54595e+07		0.162433		2.85029		530.041		6.966e+06		528.247		
00:00:02:250		1.54604e+07		0.163149		2.85006		530.052		6.96594e+06		528.198		
00:00:02:149		1.54611e+07		0.163825		2.85011		530.065		6.96588e+06		528.138		
00:00:02:049		1.54617e+07		0.164467		2.84953		530.076		6.96582e+06		528.067		
00:00:01:949		1.54622e+07		0.16509		2.84857		530.087		6.96577e+06		528.007		
00:00:01:850		1.54626e+07		0.16572		2.84734		530.098		6.9657e+06		527.936		
00:00:01:750		1.54631e+07		0.166382		2.84487		530.109		6.96564e+06		527.862		
00:00:01:550		1.54647e+07		0.167896		2.84117		530.131		6.96551e+06		527.703		
00:00:01:550		1.54647e+07		0.167896		2.84117		530.131		6.96551e+06		527.703		
00:00:01:399		1.54669e+07		0.169205		2.83765		530.149		6.96541e+06		527.575		
00:00:01:300		1.5469e+07		0.170106		2.83623		530.162		6.96534e+06		527.479		
00:00:01:199		1.54713e+07		0.170962		2.83643		530.175		6.96526e+06		527.376		
00:00:01:000		1.54756e+07		0.172263		2.8436		530.192		6.9651e+06		527.137		
00:00:01:000		1.54756e+07		0.172263		2.8436		530.192		6.9651e+06		527.137		
00:00:00:900		1.54772e+07		0.172623		2.8455		530.197		6.96501e+06		526.999		
00:00:00:800		1.54782e+07		0.172796		2.84558		530.203		6.96493e+06		526.878		
00:00:00:699		1.54785e+07		0.17284		2.8357		530.204		6.96487e+06		526.823		
00:00:00:550		1.54786e+07		0.17284		2.83569		530.208		6.96485e+06		526.825		
00:00:00:550		1.54786e+07		0.17284		2.83569		530.208		6.96485e+06		526.825		
00:00:00:400		1.54786e+07		0.17284		2.83568		530.214		6.96485e+06		526.824		
00:00:00:299		1.54786e+07		0.17284		2.83568		530.217		6.96485e+06		526.818		
00:00:00:200		1.54785e+07		0.17284		2.83568		530.219		6.96484e+06		526.821		
00:00:00:100		1.54785e+07		0.17284		2.83572		530.221		6.96484e+06		526.828		
00:00:00:000		1.54785e+07		0.17284		2.83571		530.225		6.96483e+06		526.826		
00:00:00:000		1.54785e+07		0.17284		2.83571		530.225		6.96483e+06		526.826		
00:00:00:000		1.54785e+07		0.17284		2.83571		530.225		6.96483e+06		526.826		
00:00:00:000		1.54785e+07		0.17284		2.83571		530.225		6.96483e+06		526.826		
00:00:00:000		1.54785e+07		0.17284		2.83571		530.225		6.96483e+06		526.826		
