	time 		gpv001pnt10113ppntm	evf507ety101mpzoyout	chtcon(1)	chavg(1)	chlhsumpa	rcptavgn	
00:01:05:049		6.83625e+06		100.045		36.3103		0		0		309.848		
00:01:04:950		6.83624e+06		100.045		36.3106		0		0		309.848		
00:01:04:799		6.83623e+06		100.045		36.3106		0		0		309.848		
00:01:04:700		6.83621e+06		100.045		36.3108		0		0		309.848		
00:01:04:700		6.83621e+06		100.045		36.3108		0		0		309.848		
00:01:04:549		6.8362e+06		100.045		36.3108		0		0		309.848		
00:01:04:450		6.83619e+06		100.045		36.3111		0		0		309.848		
00:01:04:299		6.83618e+06		100.045		36.3111		0		0		309.848		
00:01:04:200		6.83616e+06		100.045		36.3114		0		0		309.848		
00:01:04:200		6.83616e+06		100.045		36.3114		0		0		309.848		
00:01:04:099		6.83616e+06		100.045		36.3114		0		0		309.848		
00:01:04:000		6.83614e+06		100.045		36.3114		0		0		309.848		
00:01:03:799		6.83612e+06		100.045		36.3117		0		0		309.848		
00:01:03:700		6.83612e+06		100.045		36.3117		0		0		309.848		
00:01:03:700		6.83612e+06		100.045		36.312		0		0		309.848		
00:01:03:500		6.8361e+06		100.045		36.312		0		0		309.848		
00:01:03:399		6.83608e+06		100.045		36.3122		0		0		309.848		
00:01:03:299		6.83608e+06		100.045		36.3122		0		0		309.848		
00:01:03:299		6.83608e+06		100.045		36.3122		0		0		309.848		
00:01:03:200		6.83607e+06		100.045		36.3125		0		0		309.848		
00:01:03:100		6.83606e+06		100.045		36.3125		0		0		309.848		
00:01:03:000		6.83604e+06		100.045		36.3125		0		0		309.848		
00:01:02:899		6.83604e+06		100.045		36.3128		0		0		309.848		
00:01:02:700		6.83601e+06		100.046		36.3131		0		0		309.848		
00:01:02:700		6.83601e+06		100.046		36.3131		0		0		309.848		
00:01:02:500		6.83599e+06		100.046		36.3131		0		0		309.848		
00:01:02:500		6.83599e+06		100.046		36.3131		0		0		309.848		
00:01:02:399		6.83598e+06		100.046		36.3134		0		0		309.848		
00:01:02:299		6.83597e+06		100.046		36.3134		0		0		309.848		
00:01:02:200		6.83596e+06		100.046		36.3137		0		0		309.848		
00:01:02:100		6.83595e+06		100.046		36.3137		0		0		309.848		
00:01:02:000		6.83594e+06		100.046		36.3137		0		0		309.848		
00:01:01:899		6.83593e+06		100.046		36.3139		0		0		309.848		
00:01:01:799		6.83592e+06		100.046		36.3139		0		0		309.848		
00:01:01:700		6.83591e+06		100.046		36.3142		0		0		309.848		
00:01:01:500		6.83589e+06		100.046		36.3142		0		0		309.848		
00:01:01:500		6.83589e+06		100.046		36.3142		0		0		309.848		
00:01:01:350		6.83587e+06		100.046		36.3145		0		0		309.847		
00:01:01:250		6.83586e+06		100.046		36.3145		0		0		309.847		
00:01:01:149		6.83585e+06		100.046		36.3148		0		0		309.847		
00:01:01:049		6.83584e+06		100.046		36.3148		0		0		309.847		
00:01:00:950		6.83583e+06		100.046		36.3151		0		0		309.847		
00:01:00:850		6.83582e+06		100.046		36.3151		0		0		309.847		
00:01:00:750		6.83581e+06		100.046		36.3151		0		0		309.847		
00:01:00:649		6.8358e+06		100.046		36.3153		0		0		309.847		
00:01:00:549		6.83579e+06		100.046		36.3153		0		0		309.847		
00:01:00:450		6.83578e+06		100.046		36.3156		0		0		309.847		
00:01:00:350		6.83576e+06		100.046		36.3156		0		0		309.847		
00:01:00:250		6.83576e+06		100.047		36.3156		0		0		309.847		
00:01:00:149		6.83574e+06		100.047		36.3159		0		0		309.847		
00:01:00:049		6.83573e+06		100.047		36.3159		0		0		309.847		
00:01:00:000		6.83573e+06		100.047		36.3159		0		0		309.847		
00:00:59:899		6.83572e+06		100.047		36.3162		0		0		309.847		
00:00:59:799		6.83571e+06		100.047		36.3162		0		0		309.847		
00:00:59:700		6.83569e+06		100.047		36.3165		0		0		309.847		
00:00:59:500		6.83567e+06		100.047		36.3165		0		0		309.847		
00:00:59:500		6.83567e+06		100.047		36.3165		0		0		309.847		
00:00:59:399		6.83566e+06		100.047		36.3167		0		0		309.847		
00:00:59:299		6.83565e+06		100.047		36.3167		0		0		309.847		
00:00:59:200		6.83564e+06		100.047		36.317		0		0		309.847		
00:00:59:100		6.83563e+06		100.047		36.317		0		0		309.847		
00:00:59:000		6.83562e+06		100.047		36.3173		0		0		309.847		
00:00:58:850		6.8356e+06		100.047		36.3173		0		0		309.847		
00:00:58:750		6.83559e+06		100.047		36.3173		0		0		309.847		
00:00:58:750		6.83559e+06		100.047		36.3173		0		0		309.847		
00:00:58:649		6.83558e+06		100.047		36.3176		0		0		309.847		
00:00:58:450		6.83556e+06		100.047		36.3179		0		0		309.847		
00:00:58:450		6.83556e+06		100.047		36.3179		0		0		309.847		
00:00:58:350		6.83555e+06		100.047		36.3179		0		0		309.847		
00:00:58:250		6.83554e+06		100.047		36.3179		0		0		309.847		
00:00:58:049		6.83552e+06		100.047		36.3182		0		0		309.847		
00:00:58:049		6.83552e+06		100.047		36.3182		0		0		309.847		
00:00:57:950		6.8355e+06		100.047		36.3184		0		0		309.847		
00:00:57:750		6.83548e+06		100.047		36.3184		0		0		309.847		
00:00:57:750		6.83548e+06		100.047		36.3184		0		0		309.847		
00:00:57:649		6.83547e+06		100.047		36.3187		0		0		309.847		
00:00:57:450		6.83545e+06		100.048		36.319		0		0		309.847		
00:00:57:450		6.83545e+06		100.048		36.319		0		0		309.847		
00:00:57:350		6.83544e+06		100.048		36.319		0		0		309.847		
00:00:57:250		6.83543e+06		100.048		36.319		0		0		309.847		
00:00:57:149		6.83542e+06		100.048		36.3193		0		0		309.847		
00:00:57:049		6.8354e+06		100.048		36.3193		0		0		309.847		
00:00:56:950		6.83539e+06		100.048		36.3196		0		0		309.847		
00:00:56:850		6.83538e+06		100.048		36.3196		0		0		309.846		
00:00:56:649		6.83536e+06		100.048		36.3199		0		0		309.846		
00:00:56:549		6.83535e+06		100.048		36.3199		0		0		309.846		
00:00:56:549		6.83535e+06		100.048		36.3199		0		0		309.846		
00:00:56:450		6.83534e+06		100.048		36.3201		0		0		309.846		
00:00:56:350		6.83533e+06		100.048		36.3201		0		0		309.846		
00:00:56:200		6.83531e+06		100.048		36.3204		0		0		309.846		
00:00:56:100		6.8353e+06		100.048		36.3204		0		0		309.846		
00:00:56:000		6.83529e+06		100.048		36.3204		0		0		309.846		
00:00:55:899		6.83528e+06		100.048		36.3207		0		0		309.846		
00:00:55:799		6.83527e+06		100.048		36.3207		0		0		309.846		
00:00:55:700		6.83526e+06		100.048		36.321		0		0		309.846		
00:00:55:500		6.83524e+06		100.048		36.321		0		0		309.846		
00:00:55:500		6.83524e+06		100.048		36.321		0		0		309.846		
00:00:55:450		6.83523e+06		100.048		36.3213		0		0		309.846		
00:00:55:350		6.83522e+06		100.048		36.3213		0		0		309.846		
00:00:55:200		6.8352e+06		100.048		36.3215		0		0		309.846		
00:00:55:100		6.83519e+06		100.048		36.3215		0		0		309.846		
00:00:55:000		6.83518e+06		100.048		36.3215		0		0		309.846		
00:00:54:899		6.83517e+06		100.048		36.3218		0		0		309.846		
00:00:54:799		6.83516e+06		100.048		36.3218		0		0		309.846		
00:00:54:700		6.83515e+06		100.049		36.3221		0		0		309.846		
00:00:54:500		6.83513e+06		100.049		36.3221		0		0		309.846		
00:00:54:500		6.83513e+06		100.049		36.3221		0		0		309.846		
00:00:54:399		6.83512e+06		100.049		36.3224		0		0		309.846		
00:00:54:299		6.83511e+06		100.049		36.3224		0		0		309.846		
00:00:54:200		6.8351e+06		100.049		36.3227		0		0		309.846		
00:00:54:100		6.83509e+06		100.049		36.3227		0		0		309.846		
00:00:54:000		6.83508e+06		100.049		36.3227		0		0		309.846		
00:00:53:899		6.83507e+06		100.049		36.323		0		0		309.846		
00:00:53:799		6.83506e+06		100.049		36.323		0		0		309.846		
00:00:53:700		6.83505e+06		100.049		36.3232		0		0		309.846		
00:00:53:600		6.83504e+06		100.049		36.3232		0		0		309.846		
00:00:53:500		6.83502e+06		100.049		36.3232		0		0		309.846		
00:00:53:399		6.83502e+06		100.049		36.3235		0		0		309.846		
00:00:53:299		6.83501e+06		100.049		36.3235		0		0		309.846		
00:00:53:200		6.83499e+06		100.049		36.3238		0		0		309.846		
00:00:53:049		6.83498e+06		100.049		36.3238		0		0		309.846		
00:00:52:950		6.83497e+06		100.049		36.3241		0		0		309.846		
00:00:52:850		6.83496e+06		100.049		36.3241		0		0		309.846		
00:00:52:750		6.83495e+06		100.049		36.3241		0		0		309.846		
00:00:52:750		6.83495e+06		100.049		36.3241		0		0		309.846		
00:00:52:549		6.83493e+06		100.049		36.3244		0		0		309.846		
00:00:52:450		6.83492e+06		100.049		36.3246		0		0		309.846		
00:00:52:450		6.83492e+06		100.049		36.3246		0		0		309.846		
00:00:52:350		6.83491e+06		100.049		36.3246		0		0		309.846		
00:00:52:250		6.8349e+06		100.05		36.3246		0		0		309.846		
00:00:52:149		6.83489e+06		100.05		36.3249		0		0		309.846		
00:00:52:049		6.83488e+06		100.05		36.3249		0		0		309.846		
00:00:51:950		6.83487e+06		100.05		36.3252		0		0		309.846		
00:00:51:850		6.83486e+06		100.05		36.3252		0		0		309.846		
00:00:51:549		6.83483e+06		100.05		36.3255		0		0		309.846		
00:00:51:549		6.83483e+06		100.05		36.3255		0		0		309.846		
00:00:51:450		6.83482e+06		100.05		36.3258		0		0		309.846		
00:00:51:450		6.83482e+06		100.05		36.3258		0		0		309.846		
00:00:51:350		6.83481e+06		100.05		36.3258		0		0		309.846		
00:00:51:250		6.8348e+06		100.05		36.3258		0		0		309.846		
00:00:51:149		6.83479e+06		100.05		36.326		0		0		309.846		
00:00:51:049		6.83478e+06		100.05		36.326		0		0		309.846		
00:00:50:950		6.83477e+06		100.05		36.3263		0		0		309.846		
00:00:50:850		6.83476e+06		100.05		36.3263		0		0		309.846		
00:00:50:750		6.83475e+06		100.05		36.3263		0		0		309.846		
00:00:50:549		6.83473e+06		100.05		36.3266		0		0		309.846		
00:00:50:450		6.83472e+06		100.05		36.3269		0		0		309.846		
00:00:50:450		6.83472e+06		100.05		36.3269		0		0		309.846		
00:00:50:350		6.83471e+06		100.05		36.3269		0		0		309.846		
00:00:50:200		6.8347e+06		100.05		36.3272		0		0		309.846		
00:00:50:100		6.83469e+06		100.05		36.3272		0		0		309.846		
00:00:50:049		6.83468e+06		100.05		36.3272		0		0		309.846		
00:00:49:899		6.83467e+06		100.05		36.3274		0		0		309.846		
00:00:49:799		6.83466e+06		100.05		36.3274		0		0		309.846		
00:00:49:700		6.83465e+06		100.05		36.3277		0		0		309.846		
00:00:49:600		6.83464e+06		100.05		36.3277		0		0		309.846		
00:00:49:500		6.83463e+06		100.051		36.3277		0		0		309.846		
00:00:49:450		6.83463e+06		100.051		36.328		0		0		309.846		
00:00:49:350		6.83462e+06		100.051		36.328		0		0		309.846		
00:00:49:250		6.83461e+06		100.051		36.328		0		0		309.846		
00:00:49:149		6.8346e+06		100.051		36.3283		0		0		309.846		
00:00:49:000		6.83458e+06		100.051		36.3283		0		0		309.846		
00:00:48:899		6.83458e+06		100.051		36.3286		0		0		309.846		
00:00:48:799		6.83457e+06		100.051		36.3286		0		0		309.846		
00:00:48:700		6.83456e+06		100.051		36.3288		0		0		309.846		
00:00:48:600		6.83455e+06		100.051		36.3288		0		0		309.846		
00:00:48:500		6.83454e+06		100.051		36.3288		0		0		309.846		
00:00:48:399		6.83453e+06		100.051		36.3291		0		0		309.846		
00:00:48:299		6.83452e+06		100.051		36.3291		0		0		309.846		
00:00:48:200		6.83451e+06		100.051		36.3294		0		0		309.846		
00:00:48:100		6.83451e+06		100.051		36.3294		0		0		309.846		
00:00:48:000		6.8345e+06		100.051		36.3294		0		0		309.846		
00:00:47:899		6.83449e+06		100.051		36.3297		0		0		309.846		
00:00:47:799		6.83448e+06		100.051		36.3297		0		0		309.846		
00:00:47:700		6.83447e+06		100.051		36.33		0		0		309.846		
00:00:47:600		6.83446e+06		100.051		36.33		0		0		309.846		
00:00:47:500		6.83445e+06		100.051		36.33		0		0		309.845		
00:00:47:399		6.83444e+06		100.051		36.3302		0		0		309.845		
00:00:47:299		6.83443e+06		100.051		36.3302		0		0		309.845		
00:00:47:200		6.83442e+06		100.051		36.3305		0		0		309.845		
00:00:47:100		6.83441e+06		100.051		36.3305		0		0		309.845		
00:00:46:950		6.8344e+06		100.051		36.3308		0		0		309.845		
00:00:46:850		6.83439e+06		100.051		36.3308		0		0		309.845		
00:00:46:750		6.83438e+06		100.052		36.3308		0		0		309.845		
00:00:46:750		6.83438e+06		100.052		36.3308		0		0		309.845		
00:00:46:549		6.83437e+06		100.052		36.3311		0		0		309.845		
00:00:46:450		6.83436e+06		100.052		36.3314		0		0		309.845		
00:00:46:450		6.83436e+06		100.052		36.3314		0		0		309.845		
00:00:46:350		6.83435e+06		100.052		36.3314		0		0		309.845		
00:00:46:250		6.83434e+06		100.052		36.3314		0		0		309.845		
00:00:46:149		6.83433e+06		100.052		36.3316		0		0		309.845		
00:00:45:950		6.83432e+06		100.052		36.3319		0		0		309.845		
00:00:45:950		6.83432e+06		100.052		36.3319		0		0		309.845		
00:00:45:850		6.83431e+06		100.052		36.3319		0		0		309.845		
00:00:45:750		6.8343e+06		100.052		36.3319		0		0		309.845		
00:00:45:649		6.83429e+06		100.052		36.3322		0		0		309.845		
00:00:45:450		6.83427e+06		100.052		36.3325		0		0		309.845		
00:00:45:450		6.83427e+06		100.052		36.3325		0		0		309.845		
00:00:45:350		6.83427e+06		100.052		36.3325		0		0		309.845		
00:00:45:250		6.83426e+06		100.052		36.3325		0		0		309.845		
00:00:45:149		6.83425e+06		100.052		36.3328		0		0		309.845		
00:00:45:049		6.83424e+06		100.052		36.3328		0		0		309.845		
00:00:44:950		6.83423e+06		100.052		36.333		0		0		309.845		
00:00:44:850		6.83422e+06		100.052		36.333		0		0		309.845		
00:00:44:750		6.83422e+06		100.052		36.333		0		0		309.845		
00:00:44:549		6.8342e+06		100.052		36.3333		0		0		309.845		
00:00:44:450		6.83419e+06		100.052		36.3336		0		0		309.845		
00:00:44:450		6.83419e+06		100.052		36.3336		0		0		309.845		
00:00:44:299		6.83418e+06		100.052		36.3336		0		0		309.845		
00:00:44:200		6.83417e+06		100.053		36.3339		0		0		309.845		
00:00:44:100		6.83416e+06		100.053		36.3339		0		0		309.845		
00:00:44:000		6.83416e+06		100.053		36.3339		0		0		309.845		
00:00:43:899		6.83415e+06		100.053		36.3342		0		0		309.845		
00:00:43:799		6.83414e+06		100.053		36.3342		0		0		309.845		
00:00:43:700		6.83413e+06		100.053		36.3344		0		0		309.846		
00:00:43:600		6.83412e+06		100.053		36.3344		0		0		309.846		
00:00:43:500		6.83412e+06		100.053		36.3344		0		0		309.846		
00:00:43:399		6.83411e+06		100.053		36.3347		0		0		309.846		
00:00:43:299		6.8341e+06		100.053		36.3347		0		0		309.846		
00:00:43:200		6.83409e+06		100.053		36.335		0		0		309.846		
00:00:43:100		6.83408e+06		100.053		36.335		0		0		309.846		
00:00:43:000		6.83408e+06		100.053		36.335		0		0		309.846		
00:00:42:899		6.83407e+06		100.053		36.3353		0		0		309.846		
00:00:42:799		6.83406e+06		100.053		36.3353		0		0		309.846		
00:00:42:700		6.83405e+06		100.053		36.3356		0		0		309.846		
00:00:42:500		6.83404e+06		100.053		36.3356		0		0		309.846		
00:00:42:500		6.83404e+06		100.053		36.3356		0		0		309.846		
00:00:42:399		6.83403e+06		100.053		36.3358		0		0		309.846		
00:00:42:299		6.83402e+06		100.053		36.3358		0		0		309.846		
00:00:42:200		6.83401e+06		100.053		36.3361		0		0		309.846		
00:00:42:100		6.834e+06		100.053		36.3361		0		0		309.846		
00:00:42:000		6.834e+06		100.053		36.3361		0		0		309.846		
00:00:41:850		6.83399e+06		100.053		36.3364		0		0		309.846		
00:00:41:850		6.83399e+06		100.053		36.3364		0		0		309.846		
00:00:41:700		6.83398e+06		100.053		36.3367		0		0		309.846		
00:00:41:600		6.83397e+06		100.053		36.3367		0		0		309.846		
00:00:41:500		6.83396e+06		100.054		36.3367		0		0		309.846		
00:00:41:399		6.83395e+06		100.054		36.337		0		0		309.846		
00:00:41:299		6.83395e+06		100.054		36.337		0		0		309.846		
00:00:41:149		6.83394e+06		100.054		36.3373		0		0		309.846		
00:00:41:049		6.83393e+06		100.054		36.3373		0		0		309.846		
00:00:40:950		6.83392e+06		100.054		36.3375		0		0		309.846		
00:00:40:850		6.83391e+06		100.054		36.3375		0		0		309.846		
00:00:40:850		6.83391e+06		100.054		36.3375		0		0		309.846		
00:00:40:750		6.83391e+06		100.054		36.3375		0		0		309.846		
00:00:40:649		6.8339e+06		100.054		36.3378		0		0		309.846		
00:00:40:450		6.83389e+06		100.054		36.3381		0		0		309.846		
00:00:40:450		6.83389e+06		100.054		36.3381		0		0		309.846		
00:00:40:350		6.83388e+06		100.054		36.3381		0		0		309.846		
00:00:40:250		6.83387e+06		100.054		36.3381		0		0		309.846		
00:00:40:149		6.83386e+06		100.054		36.3384		0		0		309.846		
00:00:40:049		6.83386e+06		100.054		36.3384		0		0		309.846		
00:00:39:950		6.83385e+06		100.054		36.3387		0		0		309.846		
00:00:39:850		6.83384e+06		100.054		36.3387		0		0		309.846		
00:00:39:750		6.83384e+06		100.054		36.3387		0		0		309.846		
00:00:39:549		6.83382e+06		100.054		36.3389		0		0		309.846		
00:00:39:450		6.83382e+06		100.054		36.3392		0		0		309.846		
00:00:39:450		6.83382e+06		100.054		36.3392		0		0		309.846		
00:00:39:350		6.83381e+06		100.054		36.3392		0		0		309.846		
00:00:39:250		6.8338e+06		100.054		36.3392		0		0		309.846		
00:00:39:149		6.83379e+06		100.054		36.3395		0		0		309.846		
00:00:39:000		6.83378e+06		100.055		36.3395		0		0		309.846		
00:00:38:899		6.83378e+06		100.055		36.3398		0		0		309.846		
00:00:38:799		6.83377e+06		100.055		36.3398		0		0		309.846		
00:00:38:700		6.83377e+06		100.055		36.3401		0		0		309.846		
00:00:38:600		6.83376e+06		100.055		36.3401		0		0		309.846		
00:00:38:500		6.83375e+06		100.055		36.3401		0		0		309.846		
00:00:38:399		6.83374e+06		100.055		36.3404		0		0		309.846		
00:00:38:299		6.83374e+06		100.055		36.3404		0		0		309.846		
00:00:38:200		6.83373e+06		100.055		36.3406		0		0		309.846		
00:00:38:100		6.83372e+06		100.055		36.3406		0		0		309.846		
00:00:38:000		6.83372e+06		100.055		36.3406		0		0		309.846		
00:00:37:899		6.83371e+06		100.055		36.3409		0		0		309.846		
00:00:37:799		6.8337e+06		100.055		36.3409		0		0		309.846		
00:00:37:700		6.8337e+06		100.055		36.3412		0		0		309.846		
00:00:37:600		6.83369e+06		100.055		36.3412		0		0		309.846		
00:00:37:500		6.83369e+06		100.055		36.3412		0		0		309.846		
00:00:37:399		6.83368e+06		100.055		36.3415		0		0		309.846		
00:00:37:299		6.83367e+06		100.055		36.3415		0		0		309.846		
00:00:37:200		6.83366e+06		100.055		36.3418		0		0		309.846		
00:00:37:100		6.83366e+06		100.055		36.3418		0		0		309.846		
00:00:37:000		6.83365e+06		100.055		36.3418		0		0		309.846		
00:00:36:899		6.83365e+06		100.055		36.3421		0		0		309.846		
00:00:36:799		6.83364e+06		100.055		36.3421		0		0		309.846		
00:00:36:700		6.83363e+06		100.055		36.3423		0		0		309.846		
00:00:36:600		6.83363e+06		100.055		36.3423		0		0		309.846		
00:00:36:500		6.83362e+06		100.055		36.3423		0		0		309.846		
00:00:36:399		6.83361e+06		100.055		36.3426		0		0		309.846		
00:00:36:299		6.83361e+06		100.055		36.3426		0		0		309.846		
00:00:36:200		6.8336e+06		100.056		36.3429		0		0		309.846		
00:00:36:100		6.83359e+06		100.056		36.3429		0		0		309.846		
00:00:35:950		6.83359e+06		100.056		36.3432		0		0		309.846		
00:00:35:850		6.83358e+06		100.056		36.3432		0		0		309.846		
00:00:35:850		6.83358e+06		100.056		36.3432		0		0		309.846		
00:00:35:750		6.83358e+06		100.056		36.3432		0		0		309.846		
00:00:35:649		6.83357e+06		100.056		36.3435		0		0		309.846		
00:00:35:500		6.83356e+06		100.056		36.3435		0		0		309.846		
00:00:35:399		6.83355e+06		100.056		36.3437		0		0		309.846		
00:00:35:250		6.83354e+06		100.056		36.3437		0		0		309.846		
00:00:35:149		6.83354e+06		100.056		36.344		0		0		309.846		
00:00:35:149		6.83354e+06		100.056		36.344		0		0		309.846		
00:00:35:049		6.83353e+06		100.056		36.344		0		0		309.846		
00:00:34:950		6.83353e+06		100.056		36.3443		0		0		309.846		
00:00:34:750		6.83352e+06		100.056		36.3443		0		0		309.846		
00:00:34:750		6.83352e+06		100.056		36.3443		0		0		309.846		
00:00:34:649		6.83351e+06		100.056		36.3446		0		0		309.846		
00:00:34:450		6.8335e+06		100.056		36.3449		0		0		309.846		
00:00:34:450		6.8335e+06		100.056		36.3449		0		0		309.846		
00:00:34:350		6.83349e+06		100.056		36.3449		0		0		309.846		
00:00:34:250		6.83349e+06		100.056		36.3449		0		0		309.846		
00:00:34:149		6.83348e+06		100.056		36.3452		0		0		309.846		
00:00:34:049		6.83348e+06		100.056		36.3452		0		0		309.846		
00:00:33:950		6.83347e+06		100.056		36.3454		0		0		309.846		
00:00:33:850		6.83346e+06		100.056		36.3454		0		0		309.846		
00:00:33:750		6.83346e+06		100.056		36.3454		0		0		309.846		
00:00:33:549		6.83345e+06		100.056		36.3457		0		0		309.846		
00:00:33:450		6.83344e+06		100.057		36.346		0		0		309.846		
00:00:33:450		6.83344e+06		100.057		36.346		0		0		309.846		
00:00:33:350		6.83343e+06		100.057		36.346		0		0		309.846		
00:00:33:250		6.83343e+06		100.057		36.346		0		0		309.846		
00:00:33:100		6.83342e+06		100.057		36.3463		0		0		309.846		
00:00:33:000		6.83342e+06		100.057		36.3463		0		0		309.846		
00:00:32:899		6.83341e+06		100.057		36.3466		0		0		309.846		
00:00:32:799		6.8334e+06		100.057		36.3466		0		0		309.846		
00:00:32:700		6.8334e+06		100.057		36.3469		0		0		309.846		
00:00:32:549		6.83339e+06		100.057		36.3469		0		0		309.846		
00:00:32:450		6.83338e+06		100.057		36.3471		0		0		309.846		
00:00:32:450		6.83338e+06		100.057		36.3471		0		0		309.846		
00:00:32:299		6.83338e+06		100.057		36.3471		0		0		309.847		
00:00:32:200		6.83337e+06		100.057		36.3474		0		0		309.847		
00:00:32:100		6.83336e+06		100.057		36.3474		0		0		309.847		
00:00:32:000		6.83336e+06		100.057		36.3474		0		0		309.847		
00:00:31:899		6.83335e+06		100.057		36.3477		0		0		309.847		
00:00:31:800		6.83335e+06		100.057		36.3477		0		0		309.847		
00:00:31:699		6.83334e+06		100.057		36.348		0		0		309.847		
00:00:31:600		6.83334e+06		100.057		36.348		0		0		309.847		
00:00:31:500		6.83333e+06		100.057		36.348		0		0		309.847		
00:00:31:399		6.83332e+06		100.057		36.3483		0		0		309.847		
00:00:31:300		6.83332e+06		100.057		36.3483		0		0		309.847		
00:00:31:199		6.83331e+06		100.057		36.3485		0		0		309.847		
00:00:31:100		6.83331e+06		100.057		36.3485		0		0		309.847		
00:00:31:000		6.8333e+06		100.058		36.3485		0		0		309.847		
00:00:30:899		6.8333e+06		100.058		36.3488		0		0		309.847		
00:00:30:800		6.83329e+06		100.058		36.3488		0		0		309.847		
00:00:30:699		6.83329e+06		100.058		36.3491		0		0		309.847		
00:00:30:600		6.83328e+06		100.058		36.3491		0		0		309.847		
00:00:30:500		6.83328e+06		100.058		36.3491		0		0		309.847		
00:00:30:399		6.83327e+06		100.058		36.3494		0		0		309.847		
00:00:30:250		6.83327e+06		100.058		36.3494		0		0		309.847		
00:00:30:149		6.83327e+06		100.058		36.3494		0		0		309.847		
00:00:30:149		6.83326e+06		100.058		36.3497		0		0		309.847		
00:00:30:050		6.83325e+06		100.058		36.3497		0		0		309.847		
00:00:29:949		6.83325e+06		100.058		36.35		0		0		309.847		
00:00:29:850		6.83324e+06		100.058		36.35		0		0		309.847		
00:00:29:750		6.83324e+06		100.058		36.35		0		0		309.847		
00:00:29:649		6.83323e+06		100.058		36.3502		0		0		309.847		
00:00:29:449		6.83322e+06		100.058		36.3505		0		0		309.847		
00:00:29:449		6.83322e+06		100.058		36.3505		0		0		309.847		
00:00:29:350		6.83322e+06		100.058		36.3505		0		0		309.847		
00:00:29:250		6.83321e+06		100.058		36.3505		0		0		309.847		
00:00:29:149		6.83321e+06		100.058		36.3508		0		0		309.847		
00:00:29:050		6.8332e+06		100.058		36.3508		0		0		309.847		
00:00:28:949		6.8332e+06		100.058		36.3511		0		0		309.847		
00:00:28:850		6.83319e+06		100.058		36.3511		0		0		309.847		
00:00:28:750		6.83319e+06		100.058		36.3511		0		0		309.847		
00:00:28:550		6.83318e+06		100.058		36.3514		0		0		309.847		
00:00:28:449		6.83317e+06		100.058		36.3517		0		0		309.847		
00:00:28:449		6.83317e+06		100.058		36.3517		0		0		309.847		
00:00:28:350		6.83317e+06		100.058		36.3517		0		0		309.847		
00:00:28:250		6.83316e+06		100.059		36.3517		0		0		309.847		
00:00:28:149		6.83316e+06		100.059		36.3519		0		0		309.847		
00:00:28:050		6.83315e+06		100.059		36.3519		0		0		309.847		
00:00:27:949		6.83315e+06		100.059		36.3522		0		0		309.847		
00:00:27:800		6.83314e+06		100.059		36.3522		0		0		309.847		
00:00:27:699		6.83314e+06		100.059		36.3525		0		0		309.847		
00:00:27:600		6.83313e+06		100.059		36.3525		0		0		309.847		
00:00:27:399		6.83312e+06		100.059		36.3528		0		0		309.847		
00:00:27:399		6.83312e+06		100.059		36.3528		0		0		309.847		
00:00:27:300		6.83312e+06		100.059		36.3528		0		0		309.847		
00:00:27:199		6.83311e+06		100.059		36.3531		0		0		309.847		
00:00:27:100		6.83311e+06		100.059		36.3531		0		0		309.847		
00:00:27:000		6.8331e+06		100.059		36.3531		0		0		309.847		
00:00:26:899		6.8331e+06		100.059		36.3534		0		0		309.847		
00:00:26:800		6.83309e+06		100.059		36.3534		0		0		309.847		
00:00:26:699		6.83309e+06		100.059		36.3536		0		0		309.847		
00:00:26:500		6.83308e+06		100.059		36.3536		0		0		309.847		
00:00:26:399		6.83307e+06		100.059		36.3539		0		0		309.847		
00:00:26:399		6.83307e+06		100.059		36.3539		0		0		309.847		
00:00:26:300		6.83307e+06		100.059		36.3539		0		0		309.847		
00:00:26:199		6.83306e+06		100.059		36.3542		0		0		309.847		
00:00:26:100		6.83306e+06		100.059		36.3542		0		0		309.847		
00:00:26:000		6.83305e+06		100.059		36.3542		0		0		309.847		
00:00:25:899		6.83305e+06		100.059		36.3545		0		0		309.847		
00:00:25:800		6.83304e+06		100.059		36.3545		0		0		309.847		
00:00:25:699		6.83304e+06		100.059		36.3548		0		0		309.847		
00:00:25:600		6.83303e+06		100.059		36.3548		0		0		309.847		
00:00:25:500		6.83303e+06		100.06		36.3548		0		0		309.847		
00:00:25:399		6.83302e+06		100.06		36.3551		0		0		309.847		
00:00:25:300		6.83302e+06		100.06		36.3551		0		0		309.847		
00:00:25:199		6.83302e+06		100.06		36.3553		0		0		309.847		
00:00:25:100		6.83301e+06		100.06		36.3553		0		0		309.847		
00:00:25:000		6.83300e+06		100.06		36.3553		0		0		309.847		
00:00:24:899		6.833e+06		100.06		36.3556		0		0		309.847		
00:00:24:750		6.83299e+06		100.06		36.3556		0		0		309.847		
00:00:24:699		6.83299e+06		100.06		36.3559		0		0		309.847		
00:00:24:550		6.83299e+06		100.06		36.3559		0		0		309.847		
00:00:24:449		6.83298e+06		100.06		36.3562		0		0		309.847		
00:00:24:399		6.83298e+06		100.06		36.3562		0		0		309.847		
00:00:24:250		6.83297e+06		100.06		36.3562		0		0		309.847		
00:00:24:250		6.83297e+06		100.06		36.3562		0		0		309.847		
00:00:24:050		6.83296e+06		100.06		36.3565		0		0		309.847		
00:00:24:050		6.83296e+06		100.06		36.3565		0		0		309.847		
00:00:23:949		6.83295e+06		100.06		36.3568		0		0		309.847		
00:00:23:850		6.83295e+06		100.06		36.3568		0		0		309.847		
00:00:23:750		6.83294e+06		100.06		36.3568		0		0		309.847		
00:00:23:649		6.83294e+06		100.06		36.357		0		0		309.847		
00:00:23:449		6.83293e+06		100.06		36.3573		0		0		309.847		
00:00:23:449		6.83293e+06		100.06		36.3573		0		0		309.847		
00:00:23:250		6.83292e+06		100.06		36.3573		0		0		309.847		
00:00:23:250		6.83292e+06		100.06		36.3573		0		0		309.847		
00:00:23:149		6.83292e+06		100.06		36.3576		0		0		309.847		
00:00:23:050		6.83291e+06		100.06		36.3576		0		0		309.847		
00:00:22:949		6.83291e+06		100.061		36.3579		0		0		309.847		
00:00:22:850		6.8329e+06		100.061		36.3579		0		0		309.847		
00:00:22:750		6.8329e+06		100.061		36.3579		0		0		309.847		
00:00:22:649		6.83289e+06		100.061		36.3582		0		0		309.847		
00:00:22:449		6.83288e+06		100.061		36.3585		0		0		309.847		
00:00:22:449		6.83288e+06		100.061		36.3585		0		0		309.847		
00:00:22:350		6.83288e+06		100.061		36.3585		0		0		309.847		
00:00:22:149		6.83287e+06		100.061		36.3588		0		0		309.847		
00:00:22:149		6.83287e+06		100.061		36.3588		0		0		309.847		
00:00:22:050		6.83286e+06		100.061		36.3588		0		0		309.847		
00:00:21:949		6.83286e+06		100.061		36.359		0		0		309.847		
00:00:21:800		6.83285e+06		100.061		36.359		0		0		309.847		
00:00:21:699		6.83285e+06		100.061		36.3593		0		0		309.847		
00:00:21:600		6.83284e+06		100.061		36.3593		0		0		309.847		
00:00:21:399		6.83283e+06		100.061		36.3596		0		0		309.847		
00:00:21:399		6.83283e+06		100.061		36.3596		0		0		309.847		
00:00:21:300		6.83282e+06		100.061		36.3596		0		0		309.847		
00:00:21:199		6.83282e+06		100.061		36.3599		0		0		309.847		
00:00:21:100		6.83281e+06		100.061		36.3599		0		0		309.847		
00:00:21:000		6.83281e+06		100.061		36.3599		0		0		309.847		
00:00:20:899		6.8328e+06		100.061		36.3602		0		0		309.847		
00:00:20:800		6.8328e+06		100.061		36.3602		0		0		309.847		
00:00:20:699		6.83279e+06		100.061		36.3605		0		0		309.847		
00:00:20:500		6.83278e+06		100.061		36.3605		0		0		309.847		
00:00:20:399		6.83278e+06		100.061		36.3607		0		0		309.847		
00:00:20:399		6.83278e+06		100.061		36.3607		0		0		309.847		
00:00:20:300		6.83277e+06		100.061		36.3607		0		0		309.847		
00:00:20:199		6.83276e+06		100.062		36.361		0		0		309.847		
00:00:20:100		6.83276e+06		100.062		36.361		0		0		309.847		
00:00:20:000		6.83275e+06		100.062		36.361		0		0		309.847		
00:00:19:899		6.83275e+06		100.062		36.3613		0		0		309.847		
00:00:19:800		6.83274e+06		100.062		36.3613		0		0		309.847		
00:00:19:699		6.83274e+06		100.062		36.3616		0		0		309.847		
00:00:19:600		6.83273e+06		100.062		36.3616		0		0		309.847		
00:00:19:500		6.83272e+06		100.062		36.3616		0		0		309.847		
00:00:19:399		6.83272e+06		100.062		36.3619		0		0		309.847		
00:00:19:250		6.83271e+06		100.062		36.3619		0		0		309.847		
00:00:19:149		6.8327e+06		100.062		36.3622		0		0		309.847		
00:00:19:149		6.8327e+06		100.062		36.3622		0		0		309.847		
00:00:19:050		6.8327e+06		100.062		36.3622		0		0		309.847		
00:00:18:850		6.83269e+06		100.062		36.3625		0		0		309.847		
00:00:18:750		6.83269e+06		100.062		36.3625		0		0		309.847		
00:00:18:649		6.83268e+06		100.062		36.3627		0		0		309.847		
00:00:18:649		6.83268e+06		100.062		36.3627		0		0		309.847		
00:00:18:500		6.83267e+06		100.062		36.3627		0		0		309.847		
00:00:18:399		6.83266e+06		100.062		36.363		0		0		309.847		
00:00:18:250		6.83265e+06		100.062		36.363		0		0		309.847		
00:00:18:250		6.83265e+06		100.062		36.363		0		0		309.847		
00:00:18:050		6.83264e+06		100.062		36.3633		0		0		309.847		
00:00:18:050		6.83264e+06		100.062		36.3633		0		0		309.847		
00:00:17:949		6.83264e+06		100.062		36.3636		0		0		309.847		
00:00:17:850		6.83263e+06		100.062		36.3636		0		0		309.847		
00:00:17:750		6.83262e+06		100.062		36.3636		0		0		309.847		
00:00:17:649		6.83261e+06		100.062		36.3639		0		0		309.847		
00:00:17:449		6.8326e+06		100.063		36.3642		0		0		309.847		
00:00:17:449		6.8326e+06		100.063		36.3642		0		0		309.847		
00:00:17:350		6.83259e+06		100.063		36.3642		0		0		309.847		
00:00:17:250		6.83259e+06		100.063		36.3642		0		0		309.847		
00:00:17:149		6.83258e+06		100.063		36.3644		0		0		309.847		
00:00:17:050		6.83258e+06		100.063		36.3644		0		0		309.847		
00:00:16:949		6.83257e+06		100.063		36.3647		0		0		309.847		
00:00:16:850		6.83256e+06		100.063		36.3647		0		0		309.847		
00:00:16:750		6.83256e+06		100.063		36.3647		0		0		309.847		
00:00:16:649		6.83255e+06		100.063		36.365		0		0		309.847		
00:00:16:449		6.83254e+06		100.063		36.3653		0		0		309.847		
00:00:16:449		6.83254e+06		100.063		36.3653		0		0		309.847		
00:00:16:350		6.83253e+06		100.063		36.3653		0		0		309.847		
00:00:16:250		6.83253e+06		100.063		36.3653		0		0		309.847		
00:00:16:149		6.83252e+06		100.063		36.3656		0		0		309.847		
00:00:16:000		6.83251e+06		100.063		36.3656		0		0		309.847		
00:00:15:900		6.8325e+06		100.063		36.3659		0		0		309.847		
00:00:15:800		6.83249e+06		100.063		36.3659		0		0		309.847		
00:00:15:699		6.83249e+06		100.063		36.3662		0		0		309.847		
00:00:15:500		6.83247e+06		100.063		36.3662		0		0		309.847		
00:00:15:400		6.83247e+06		100.063		36.3664		0		0		309.847		
00:00:15:400		6.83247e+06		100.063		36.3664		0		0		309.847		
00:00:15:349		6.83246e+06		100.063		36.3664		0		0		309.847		
00:00:15:250		6.83246e+06		100.063		36.3664		0		0		309.847		
00:00:15:150		6.83245e+06		100.063		36.3667		0		0		309.847		
00:00:15:050		6.83244e+06		100.063		36.3667		0		0		309.847		
00:00:14:949		6.83244e+06		100.063		36.367		0		0		309.847		
00:00:14:849		6.83243e+06		100.063		36.367		0		0		309.847		
00:00:14:750		6.83242e+06		100.064		36.367		0		0		309.847		
00:00:14:500		6.8324e+06		100.064		36.3673		0		0		309.847		
00:00:14:400		6.8324e+06		100.064		36.3676		0		0		309.847		
00:00:14:400		6.8324e+06		100.064		36.3676		0		0		309.847		
00:00:14:300		6.83239e+06		100.064		36.3676		0		0		309.847		
00:00:14:199		6.83238e+06		100.064		36.3679		0		0		309.847		
00:00:14:099		6.83238e+06		100.064		36.3679		0		0		309.847		
00:00:14:000		6.83237e+06		100.064		36.3679		0		0		309.847		
00:00:13:900		6.83236e+06		100.064		36.3681		0		0		309.847		
00:00:13:800		6.83235e+06		100.064		36.3681		0		0		309.847		
00:00:13:699		6.83235e+06		100.064		36.3684		0		0		309.847		
00:00:13:599		6.83234e+06		100.064		36.3684		0		0		309.847		
00:00:13:500		6.83233e+06		100.064		36.3684		0		0		309.847		
00:00:13:400		6.83232e+06		100.064		36.3687		0		0		309.847		
00:00:13:250		6.83231e+06		100.064		36.3687		0		0		309.847		
00:00:13:150		6.83231e+06		100.064		36.369		0		0		309.847		
00:00:13:050		6.8323e+06		100.064		36.369		0		0		309.847		
00:00:12:949		6.83229e+06		100.064		36.3693		0		0		309.847		
00:00:12:849		6.83229e+06		100.064		36.3693		0		0		309.847		
00:00:12:849		6.83228e+06		100.064		36.3693		0		0		309.847		
00:00:12:750		6.83228e+06		100.064		36.3693		0		0		309.847		
00:00:12:650		6.83227e+06		100.064		36.3695		0		0		309.847		
00:00:12:500		6.83226e+06		100.064		36.3695		0		0		309.847		
00:00:12:400		6.83225e+06		100.064		36.3698		0		0		309.847		
00:00:12:300		6.83224e+06		100.064		36.3698		0		0		309.847		
00:00:12:199		6.83223e+06		100.065		36.3701		0		0		309.847		
00:00:12:099		6.83223e+06		100.065		36.3701		0		0		309.847		
00:00:11:949		6.83222e+06		100.065		36.3704		0		0		309.847		
00:00:11:900		6.83221e+06		100.065		36.3704		0		0		309.847		
00:00:11:750		6.8322e+06		100.065		36.3704		0		0		309.846		
00:00:11:750		6.8322e+06		100.065		36.3704		0		0		309.846		
00:00:11:650		6.83219e+06		100.065		36.3707		0		0		309.846		
00:00:11:449		6.83218e+06		100.065		36.371		0		0		309.846		
00:00:11:449		6.83218e+06		100.065		36.371		0		0		309.846		
00:00:11:349		6.83217e+06		100.065		36.371		0		0		309.846		
00:00:11:250		6.83216e+06		100.065		36.371		0		0		309.846		
00:00:11:150		6.83215e+06		100.065		36.3712		0		0		309.846		
00:00:11:050		6.83214e+06		100.065		36.3712		0		0		309.846		
00:00:10:949		6.83214e+06		100.065		36.3715		0		0		309.846		
00:00:10:849		6.83213e+06		100.065		36.3715		0		0		309.846		
00:00:10:750		6.83212e+06		100.065		36.3715		0		0		309.846		
00:00:10:650		6.83211e+06		100.065		36.3718		0		0		309.846		
00:00:10:449		6.8321e+06		100.065		36.3721		0		0		309.846		
00:00:10:449		6.8321e+06		100.065		36.3721		0		0		309.846		
00:00:10:349		6.83209e+06		100.065		36.3721		0		0		309.846		
00:00:10:150		6.83207e+06		100.065		36.3724		0		0		309.846		
00:00:10:150		6.83207e+06		100.065		36.3724		0		0		309.846		
00:00:10:050		6.83207e+06		100.065		36.3724		0		0		309.846		
00:00:09:949		6.83206e+06		100.065		36.3727		0		0		309.846		
00:00:09:849		6.83204e+06		100.065		36.3727		0		0		309.846		
00:00:09:699		6.83204e+06		100.065		36.3729		0		0		309.846		
00:00:09:599		6.83203e+06		100.065		36.3729		0		0		309.846		
00:00:09:400		6.83201e+06		100.066		36.3732		0		0		309.846		
00:00:09:400		6.83201e+06		100.066		36.3732		0		0		309.846		
00:00:09:300		6.832e+06		100.066		36.3732		0		0		309.846		
00:00:09:199		6.83199e+06		100.066		36.3735		0		0		309.846		
00:00:09:099		6.83198e+06		100.066		36.3735		0		0		309.846		
00:00:09:000		6.83198e+06		100.066		36.3735		0		0		309.846		
00:00:08:900		6.83197e+06		100.066		36.3738		0		0		309.846		
00:00:08:800		6.83196e+06		100.066		36.3738		0		0		309.846		
00:00:08:699		6.83195e+06		100.066		36.3741		0		0		309.846		
00:00:08:500		6.83193e+06		100.066		36.3741		0		0		309.846		
00:00:08:400		6.83192e+06		100.066		36.3744		0		0		309.846		
00:00:08:400		6.83192e+06		100.066		36.3744		0		0		309.846		
00:00:08:300		6.83191e+06		100.066		36.3744		0		0		309.846		
00:00:08:199		6.83191e+06		100.066		36.3746		0		0		309.846		
00:00:08:099		6.8319e+06		100.066		36.3746		0		0		309.846		
00:00:08:000		6.83189e+06		100.066		36.3746		0		0		309.846		
00:00:07:900		6.83188e+06		100.066		36.3749		0		0		309.846		
00:00:07:799		6.83187e+06		100.066		36.3749		0		0		309.846		
00:00:07:700		6.83186e+06		100.066		36.3752		0		0		309.845		
00:00:07:500		6.83184e+06		100.066		36.3752		0		0		309.845		
00:00:07:349		6.83183e+06		100.066		36.3755		0		0		309.845		
00:00:07:349		6.83183e+06		100.066		36.3755		0		0		309.845		
00:00:07:299		6.83182e+06		100.066		36.3755		0		0		309.845		
00:00:07:200		6.83182e+06		100.066		36.3758		0		0		309.845		
00:00:07:099		6.8318e+06		100.066		36.3758		0		0		309.845		
00:00:07:000		6.8318e+06		100.066		36.3758		0		0		309.845		
00:00:06:900		6.83179e+06		100.066		36.376		0		0		309.845		
00:00:06:799		6.83178e+06		100.066		36.376		0		0		309.845		
00:00:06:700		6.83177e+06		100.067		36.3763		0		0		309.845		
00:00:06:549		6.83175e+06		100.067		36.3763		0		0		309.845		
00:00:06:450		6.83174e+06		100.067		36.3766		0		0		309.845		
00:00:06:450		6.83174e+06		100.067		36.3766		0		0		309.845		
00:00:06:250		6.83172e+06		100.067		36.3766		0		0		309.845		
00:00:06:150		6.83172e+06		100.067		36.3769		0		0		309.845		
00:00:06:150		6.83172e+06		100.067		36.3769		0		0		309.845		
00:00:06:049		6.83171e+06		100.067		36.3769		0		0		309.845		
00:00:05:950		6.8317e+06		100.067		36.3772		0		0		309.845		
00:00:05:849		6.83169e+06		100.067		36.3772		0		0		309.845		
00:00:05:750		6.83168e+06		100.067		36.3772		0		0		309.845		
00:00:05:650		6.83167e+06		100.067		36.3775		0		0		309.845		
00:00:05:450		6.83165e+06		100.067		36.3777		0		0		309.845		
00:00:05:450		6.83165e+06		100.067		36.3777		0		0		309.845		
00:00:05:349		6.83164e+06		100.067		36.3777		0		0		309.845		
00:00:05:250		6.83163e+06		100.067		36.3777		0		0		309.845		
00:00:05:150		6.83162e+06		100.067		36.378		0		0		309.845		
00:00:05:049		6.83161e+06		100.067		36.378		0		0		309.845		
00:00:04:950		6.8316e+06		100.067		36.3783		0		0		309.845		
00:00:04:849		6.83159e+06		100.067		36.3783		0		0		309.845		
00:00:04:750		6.83158e+06		100.067		36.3783		0		0		309.846		
00:00:04:599		6.83156e+06		100.067		36.3786		0		0		309.846		
00:00:04:400		6.83154e+06		100.067		36.3789		0		0		309.846		
00:00:04:400		6.83154e+06		100.067		36.3789		0		0		309.846		
00:00:04:349		6.83154e+06		100.067		36.3789		0		0		309.846		
00:00:04:250		6.83153e+06		100.068		36.3789		0		0		309.846		
00:00:04:150		6.83152e+06		100.068		36.3792		0		0		309.846		
00:00:04:049		6.83151e+06		100.068		36.3792		0		0		309.846		
00:00:03:899		6.83149e+06		100.068		36.3794		0		0		309.846		
00:00:03:799		6.83148e+06		100.068		36.3794		0		0		309.846		
00:00:03:700		6.83147e+06		100.068		36.3797		0		0		309.846		
00:00:03:600		6.83146e+06		100.068		36.3797		0		0		309.846		
00:00:03:450		6.83144e+06		100.068		36.38		0		0		309.846		
00:00:03:450		6.83144e+06		100.068		36.38		0		0		309.846		
00:00:03:350		6.83144e+06		100.068		36.38		0		0		309.846		
00:00:03:250		6.83142e+06		100.068		36.38		0		0		309.846		
00:00:03:100		6.83141e+06		100.068		36.3803		0		0		309.846		
00:00:03:000		6.8314e+06		100.068		36.3803		0		0		309.846		
00:00:02:899		6.83139e+06		100.068		36.3806		0		0		309.846		
00:00:02:799		6.83138e+06		100.068		36.3806		0		0		309.846		
00:00:02:700		6.83137e+06		100.068		36.3808		0		0		309.846		
00:00:02:600		6.83136e+06		100.068		36.3808		0		0		309.846		
00:00:02:399		6.83134e+06		100.068		36.3811		0		0		309.846		
00:00:02:399		6.83134e+06		100.068		36.3811		0		0		309.846		
00:00:02:299		6.83133e+06		100.068		36.3811		0		0		309.846		
00:00:02:200		6.83131e+06		100.068		36.3814		0		0		309.846		
00:00:02:100		6.83131e+06		100.068		36.3814		0		0		309.847		
00:00:02:000		6.8313e+06		100.068		36.3814		0		0		309.847		
00:00:01:899		6.83129e+06		100.068		36.3817		0		0		309.847		
00:00:01:800		6.83128e+06		100.068		36.3817		0		0		309.848		
00:00:01:699		6.83127e+06		100.068		36.382		0		0		309.848		
00:00:01:500		6.83125e+06		100.069		36.382		0		0		309.847		
00:00:01:399		6.83124e+06		100.069		36.3823		0		0		309.847		
00:00:01:399		6.83124e+06		100.069		36.3823		0		0		309.847		
00:00:01:300		6.83123e+06		100.069		36.3823		0		0		309.846		
00:00:01:199		6.83122e+06		100.069		36.3825		0		0		309.845		
00:00:01:100		6.83121e+06		100.069		36.3825		0		0		309.845		
00:00:01:000		6.8312e+06		100.069		36.3825		0		0		309.844		
00:00:00:900		6.83119e+06		100.069		36.3828		0		0		309.845		
00:00:00:800		6.83118e+06		100.069		36.3828		0		0		309.845		
00:00:00:699		6.83118e+06		100.069		36.3831		0		0		309.845		
00:00:00:500		6.83117e+06		100.069		36.3831		0		0		309.846		
00:00:00:400		6.83117e+06		100.069		36.3834		0		0		309.846		
00:00:00:400		6.83117e+06		100.069		36.3834		0		0		309.846		
00:00:00:250		6.83116e+06		100.069		36.3834		0		0		309.846		
00:00:00:200		6.83116e+06		100.069		36.3837		0		0		309.846		
00:00:00:100		6.83116e+06		100.069		36.3837		0		0		309.846		
00:00:00:000		6.83115e+06		100.069		36.3837		0		0		309.846		
00:00:00:000		6.83115e+06		100.069		36.3837		0		0		309.846		
00:00:00:000		6.83115e+06		100.069		36.3837		0		0		309.846		
00:00:00:000		6.83115e+06		100.069		36.3837		0		0		309.846		
00:00:00:000		6.83115e+06		100.069		36.3837		0		0		309.846		
00:00:00:000		6.83115e+06		100.069		36.3837		0		0		309.846		
