	time 		gpv001pnt10113ppntm	evf507ety101mpzoyout	chtcon(1)	chavg(1)	chlhsumpa	rcptavgn	
00:01:03:500		6.84369e+06		100.045		36.312		0		0		309.806		
00:01:03:399		6.84368e+06		100.045		36.3123		0		0		309.806		
00:01:03:250		6.84365e+06		100.045		36.3123		0		0		309.806		
00:01:03:149		6.84363e+06		100.045		36.3126		0		0		309.806		
00:01:02:950		6.8436e+06		100.045		36.3129		0		0		309.806		
00:01:02:950		6.8436e+06		100.045		36.3129		0		0		309.806		
00:01:02:850		6.84358e+06		100.045		36.3129		0		0		309.806		
00:01:02:750		6.84357e+06		100.046		36.3129		0		0		309.806		
00:01:02:649		6.84355e+06		100.046		36.3131		0		0		309.806		
00:01:02:549		6.84353e+06		100.046		36.3131		0		0		309.807		
00:01:02:450		6.84351e+06		100.046		36.3134		0		0		309.807		
00:01:02:350		6.8435e+06		100.046		36.3134		0		0		309.807		
00:01:02:250		6.84348e+06		100.046		36.3134		0		0		309.807		
00:01:02:149		6.84346e+06		100.046		36.3137		0		0		309.807		
00:01:01:950		6.84343e+06		100.046		36.314		0		0		309.807		
00:01:01:950		6.84343e+06		100.046		36.314		0		0		309.807		
00:01:01:850		6.84341e+06		100.046		36.314		0		0		309.807		
00:01:01:750		6.84339e+06		100.046		36.314		0		0		309.807		
00:01:01:649		6.84337e+06		100.046		36.3143		0		0		309.807		
00:01:01:549		6.84336e+06		100.046		36.3143		0		0		309.807		
00:01:01:450		6.84334e+06		100.046		36.3145		0		0		309.807		
00:01:01:350		6.84332e+06		100.046		36.3145		0		0		309.807		
00:01:01:200		6.84329e+06		100.046		36.3148		0		0		309.808		
00:01:01:100		6.84327e+06		100.046		36.3148		0		0		309.808		
00:01:01:000		6.84325e+06		100.046		36.3148		0		0		309.808		
00:01:00:899		6.84324e+06		100.046		36.3151		0		0		309.808		
00:01:00:799		6.84322e+06		100.046		36.3151		0		0		309.808		
00:01:00:700		6.8432e+06		100.046		36.3154		0		0		309.808		
00:01:00:700		6.8432e+06		100.046		36.3154		0		0		309.808		
00:01:00:600		6.84318e+06		100.046		36.3154		0		0		309.808		
00:01:00:399		6.84315e+06		100.046		36.3157		0		0		309.808		
00:01:00:399		6.84315e+06		100.046		36.3157		0		0		309.808		
00:01:00:299		6.84313e+06		100.046		36.3157		0		0		309.808		
00:01:00:200		6.84311e+06		100.047		36.3159		0		0		309.808		
00:01:00:000		6.84307e+06		100.047		36.3159		0		0		309.809		
00:01:00:000		6.84307e+06		100.047		36.3159		0		0		309.809		
00:00:59:950		6.84306e+06		100.047		36.3162		0		0		309.809		
00:00:59:750		6.84303e+06		100.047		36.3162		0		0		309.809		
00:00:59:750		6.84303e+06		100.047		36.3162		0		0		309.809		
00:00:59:649		6.84301e+06		100.047		36.3165		0		0		309.809		
00:00:59:549		6.84299e+06		100.047		36.3165		0		0		309.809		
00:00:59:450		6.84297e+06		100.047		36.3168		0		0		309.809		
00:00:59:350		6.84295e+06		100.047		36.3168		0		0		309.809		
00:00:59:250		6.84293e+06		100.047		36.3168		0		0		309.809		
00:00:59:000		6.84288e+06		100.047		36.3171		0		0		309.809		
00:00:59:000		6.84288e+06		100.047		36.3171		0		0		309.809		
00:00:58:899		6.84287e+06		100.047		36.3173		0		0		309.809		
00:00:58:799		6.84285e+06		100.047		36.3173		0		0		309.81		
00:00:58:750		6.84284e+06		100.047		36.3173		0		0		309.81		
00:00:58:600		6.84281e+06		100.047		36.3176		0		0		309.81		
00:00:58:500		6.84279e+06		100.047		36.3176		0		0		309.81		
00:00:58:399		6.84277e+06		100.047		36.3179		0		0		309.81		
00:00:58:299		6.84275e+06		100.047		36.3179		0		0		309.81		
00:00:58:250		6.84274e+06		100.047		36.3179		0		0		309.81		
00:00:58:049		6.8427e+06		100.047		36.3182		0		0		309.81		
00:00:58:049		6.8427e+06		100.047		36.3182		0		0		309.81		
00:00:57:950		6.84268e+06		100.047		36.3185		0		0		309.81		
00:00:57:850		6.84267e+06		100.047		36.3185		0		0		309.81		
00:00:57:750		6.84265e+06		100.047		36.3185		0		0		309.81		
00:00:57:649		6.84263e+06		100.047		36.3187		0		0		309.81		
00:00:57:549		6.84261e+06		100.047		36.3187		0		0		309.811		
00:00:57:450		6.84259e+06		100.048		36.319		0		0		309.811		
00:00:57:200		6.84254e+06		100.048		36.3193		0		0		309.811		
00:00:57:200		6.84254e+06		100.048		36.3193		0		0		309.811		
00:00:57:000		6.8425e+06		100.048		36.3193		0		0		309.811		
00:00:57:000		6.8425e+06		100.048		36.3193		0		0		309.811		
00:00:56:899		6.84248e+06		100.048		36.3196		0		0		309.811		
00:00:56:799		6.84246e+06		100.048		36.3196		0		0		309.811		
00:00:56:700		6.84244e+06		100.048		36.3199		0		0		309.811		
00:00:56:600		6.84242e+06		100.048		36.3199		0		0		309.811		
00:00:56:500		6.8424e+06		100.048		36.3199		0		0		309.811		
00:00:56:399		6.84238e+06		100.048		36.3202		0		0		309.812		
00:00:56:299		6.84236e+06		100.048		36.3202		0		0		309.812		
00:00:56:100		6.84232e+06		100.048		36.3204		0		0		309.812		
00:00:56:000		6.84230e+06		100.048		36.3204		0		0		309.812		
00:00:56:000		6.84230e+06		100.048		36.3204		0		0		309.812		
00:00:55:850		6.84228e+06		100.048		36.3207		0		0		309.812		
00:00:55:750		6.84225e+06		100.048		36.3207		0		0		309.812		
00:00:55:649		6.84224e+06		100.048		36.321		0		0		309.812		
00:00:55:649		6.84224e+06		100.048		36.321		0		0		309.812		
00:00:55:500		6.84220e+06		100.048		36.321		0		0		309.812		
00:00:55:350		6.84217e+06		100.048		36.3213		0		0		309.812		
00:00:55:350		6.84217e+06		100.048		36.3213		0		0		309.812		
00:00:55:250		6.84216e+06		100.048		36.3213		0		0		309.812		
00:00:55:049		6.84211e+06		100.048		36.3216		0		0		309.813		
00:00:55:049		6.84211e+06		100.048		36.3216		0		0		309.813		
00:00:54:899		6.84208e+06		100.048		36.3218		0		0		309.813		
00:00:54:750		6.84205e+06		100.049		36.3218		0		0		309.813		
00:00:54:649		6.84203e+06		100.049		36.3221		0		0		309.813		
00:00:54:549		6.84201e+06		100.049		36.3221		0		0		309.813		
00:00:54:450		6.842e+06		100.049		36.3224		0		0		309.813		
00:00:54:450		6.842e+06		100.049		36.3224		0		0		309.813		
00:00:54:250		6.84196e+06		100.049		36.3224		0		0		309.813		
00:00:54:250		6.84196e+06		100.049		36.3224		0		0		309.813		
00:00:54:049		6.84191e+06		100.049		36.3227		0		0		309.813		
00:00:54:049		6.84191e+06		100.049		36.3227		0		0		309.813		
00:00:53:950		6.84189e+06		100.049		36.3229		0		0		309.813		
00:00:53:850		6.84187e+06		100.049		36.3229		0		0		309.814		
00:00:53:750		6.84185e+06		100.049		36.3229		0		0		309.814		
00:00:53:649		6.84183e+06		100.049		36.3232		0		0		309.814		
00:00:53:549		6.84181e+06		100.049		36.3232		0		0		309.814		
00:00:53:450		6.84179e+06		100.049		36.3235		0		0		309.814		
00:00:53:350		6.84177e+06		100.049		36.3235		0		0		309.814		
00:00:53:149		6.84173e+06		100.049		36.3238		0		0		309.814		
00:00:53:000		6.8417e+06		100.049		36.3238		0		0		309.814		
00:00:53:000		6.8417e+06		100.049		36.3238		0		0		309.814		
00:00:52:899		6.84168e+06		100.049		36.3241		0		0		309.814		
00:00:52:799		6.84166e+06		100.049		36.3241		0		0		309.814		
00:00:52:700		6.84164e+06		100.049		36.3243		0		0		309.814		
00:00:52:600		6.84161e+06		100.049		36.3243		0		0		309.815		
00:00:52:500		6.84159e+06		100.049		36.3243		0		0		309.815		
00:00:52:399		6.84157e+06		100.049		36.3246		0		0		309.815		
00:00:52:299		6.84155e+06		100.049		36.3246		0		0		309.815		
00:00:52:100		6.84151e+06		100.05		36.3249		0		0		309.815		
00:00:52:000		6.84149e+06		100.05		36.3249		0		0		309.815		
00:00:52:000		6.84149e+06		100.05		36.3249		0		0		309.815		
00:00:51:899		6.84147e+06		100.05		36.3252		0		0		309.815		
00:00:51:799		6.84145e+06		100.05		36.3252		0		0		309.815		
00:00:51:700		6.84143e+06		100.05		36.3255		0		0		309.815		
00:00:51:600		6.84141e+06		100.05		36.3255		0		0		309.815		
00:00:51:500		6.84139e+06		100.05		36.3255		0		0		309.815		
00:00:51:399		6.84136e+06		100.05		36.3257		0		0		309.816		
00:00:51:299		6.84134e+06		100.05		36.3257		0		0		309.816		
00:00:51:200		6.84132e+06		100.05		36.326		0		0		309.816		
00:00:51:100		6.8413e+06		100.05		36.326		0		0		309.816		
00:00:51:000		6.84128e+06		100.05		36.326		0		0		309.816		
00:00:50:899		6.84126e+06		100.05		36.3263		0		0		309.816		
00:00:50:799		6.84124e+06		100.05		36.3263		0		0		309.816		
00:00:50:700		6.84122e+06		100.05		36.3266		0		0		309.816		
00:00:50:549		6.84119e+06		100.05		36.3266		0		0		309.816		
00:00:50:450		6.84116e+06		100.05		36.3269		0		0		309.816		
00:00:50:350		6.84114e+06		100.05		36.3269		0		0		309.816		
00:00:50:299		6.84114e+06		100.05		36.3269		0		0		309.816		
00:00:50:100		6.84109e+06		100.05		36.3271		0		0		309.817		
00:00:49:950		6.84106e+06		100.05		36.3274		0		0		309.817		
00:00:49:950		6.84106e+06		100.05		36.3274		0		0		309.817		
00:00:49:850		6.84104e+06		100.05		36.3274		0		0		309.817		
00:00:49:750		6.84102e+06		100.05		36.3274		0		0		309.817		
00:00:49:649		6.841e+06		100.05		36.3277		0		0		309.817		
00:00:49:649		6.841e+06		100.05		36.3277		0		0		309.817		
00:00:49:549		6.84098e+06		100.05		36.3277		0		0		309.817		
00:00:49:450		6.84096e+06		100.051		36.328		0		0		309.817		
00:00:49:350		6.84093e+06		100.051		36.328		0		0		309.817		
00:00:49:250		6.84091e+06		100.051		36.328		0		0		309.817		
00:00:49:049		6.84087e+06		100.051		36.3283		0		0		309.817		
00:00:49:049		6.84087e+06		100.051		36.3283		0		0		309.817		
00:00:48:950		6.84085e+06		100.051		36.3285		0		0		309.818		
00:00:48:850		6.84083e+06		100.051		36.3285		0		0		309.818		
00:00:48:750		6.84081e+06		100.051		36.3285		0		0		309.818		
00:00:48:649		6.84078e+06		100.051		36.3288		0		0		309.818		
00:00:48:450		6.84075e+06		100.051		36.3291		0		0		309.818		
00:00:48:450		6.84075e+06		100.051		36.3291		0		0		309.818		
00:00:48:350		6.84073e+06		100.051		36.3291		0		0		309.818		
00:00:48:250		6.84071e+06		100.051		36.3291		0		0		309.818		
00:00:48:049		6.84066e+06		100.051		36.3294		0		0		309.818		
00:00:48:049		6.84066e+06		100.051		36.3294		0		0		309.818		
00:00:47:950		6.84064e+06		100.051		36.3297		0		0		309.818		
00:00:47:799		6.84061e+06		100.051		36.3297		0		0		309.818		
00:00:47:750		6.8406e+06		100.051		36.3297		0		0		309.819		
00:00:47:649		6.84058e+06		100.051		36.3299		0		0		309.819		
00:00:47:549		6.84056e+06		100.051		36.3299		0		0		309.819		
00:00:47:450		6.84054e+06		100.051		36.3302		0		0		309.819		
00:00:47:350		6.84052e+06		100.051		36.3302		0		0		309.819		
00:00:47:250		6.8405e+06		100.051		36.3302		0		0		309.819		
00:00:47:000		6.84044e+06		100.051		36.3305		0		0		309.819		
00:00:47:000		6.84044e+06		100.051		36.3305		0		0		309.819		
00:00:46:899		6.84042e+06		100.051		36.3308		0		0		309.819		
00:00:46:799		6.8404e+06		100.051		36.3308		0		0		309.819		
00:00:46:700		6.84038e+06		100.052		36.3311		0		0		309.819		
00:00:46:649		6.84036e+06		100.052		36.3311		0		0		309.819		
00:00:46:549		6.84035e+06		100.052		36.3311		0		0		309.819		
00:00:46:399		6.84032e+06		100.052		36.3313		0		0		309.82		
00:00:46:299		6.8403e+06		100.052		36.3313		0		0		309.82		
00:00:46:200		6.84028e+06		100.052		36.3316		0		0		309.82		
00:00:46:100		6.84026e+06		100.052		36.3316		0		0		309.82		
00:00:46:000		6.84024e+06		100.052		36.3316		0		0		309.82		
00:00:45:899		6.84022e+06		100.052		36.3319		0		0		309.82		
00:00:45:799		6.8402e+06		100.052		36.3319		0		0		309.82		
00:00:45:700		6.84017e+06		100.052		36.3322		0		0		309.82		
00:00:45:600		6.84015e+06		100.052		36.3322		0		0		309.82		
00:00:45:500		6.84013e+06		100.052		36.3322		0		0		309.82		
00:00:45:399		6.84011e+06		100.052		36.3325		0		0		309.82		
00:00:45:299		6.84009e+06		100.052		36.3325		0		0		309.82		
00:00:45:200		6.84007e+06		100.052		36.3327		0		0		309.821		
00:00:45:100		6.84005e+06		100.052		36.3327		0		0		309.821		
00:00:45:000		6.84003e+06		100.052		36.3327		0		0		309.821		
00:00:44:899		6.84001e+06		100.052		36.333		0		0		309.821		
00:00:44:799		6.83999e+06		100.052		36.333		0		0		309.821		
00:00:44:700		6.83997e+06		100.052		36.3333		0		0		309.821		
00:00:44:600		6.83995e+06		100.052		36.3333		0		0		309.821		
00:00:44:500		6.83993e+06		100.052		36.3333		0		0		309.821		
00:00:44:399		6.83991e+06		100.052		36.3336		0		0		309.821		
00:00:44:299		6.83989e+06		100.052		36.3336		0		0		309.821		
00:00:44:100		6.83985e+06		100.053		36.3339		0		0		309.821		
00:00:44:000		6.83982e+06		100.053		36.3339		0		0		309.821		
00:00:44:000		6.83982e+06		100.053		36.3339		0		0		309.821		
00:00:43:899		6.8398e+06		100.053		36.3341		0		0		309.822		
00:00:43:799		6.83978e+06		100.053		36.3341		0		0		309.822		
00:00:43:700		6.83976e+06		100.053		36.3344		0		0		309.822		
00:00:43:600		6.83974e+06		100.053		36.3344		0		0		309.822		
00:00:43:500		6.83972e+06		100.053		36.3344		0		0		309.822		
00:00:43:399		6.8397e+06		100.053		36.3347		0		0		309.822		
00:00:43:299		6.83968e+06		100.053		36.3347		0		0		309.822		
00:00:43:200		6.83966e+06		100.053		36.335		0		0		309.822		
00:00:43:100		6.83964e+06		100.053		36.335		0		0		309.822		
00:00:43:000		6.83962e+06		100.053		36.335		0		0		309.822		
00:00:42:899		6.8396e+06		100.053		36.3353		0		0		309.822		
00:00:42:750		6.83957e+06		100.053		36.3353		0		0		309.822		
00:00:42:649		6.83955e+06		100.053		36.3355		0		0		309.822		
00:00:42:549		6.83953e+06		100.053		36.3355		0		0		309.823		
00:00:42:549		6.83953e+06		100.053		36.3355		0		0		309.823		
00:00:42:350		6.83949e+06		100.053		36.3358		0		0		309.823		
00:00:42:250		6.83947e+06		100.053		36.3358		0		0		309.823		
00:00:42:149		6.83945e+06		100.053		36.3361		0		0		309.823		
00:00:42:149		6.83945e+06		100.053		36.3361		0		0		309.823		
00:00:41:950		6.83941e+06		100.053		36.3364		0		0		309.823		
00:00:41:950		6.83941e+06		100.053		36.3364		0		0		309.823		
00:00:41:850		6.83939e+06		100.053		36.3364		0		0		309.823		
00:00:41:750		6.83937e+06		100.053		36.3364		0		0		309.823		
00:00:41:649		6.83935e+06		100.053		36.3367		0		0		309.823		
00:00:41:549		6.83933e+06		100.053		36.3367		0		0		309.823		
00:00:41:450		6.83931e+06		100.054		36.337		0		0		309.823		
00:00:41:350		6.83928e+06		100.054		36.337		0		0		309.823		
00:00:41:250		6.83926e+06		100.054		36.337		0		0		309.823		
00:00:41:049		6.83922e+06		100.054		36.3372		0		0		309.824		
00:00:40:950		6.8392e+06		100.054		36.3375		0		0		309.824		
00:00:40:950		6.8392e+06		100.054		36.3375		0		0		309.824		
00:00:40:850		6.83918e+06		100.054		36.3375		0		0		309.824		
00:00:40:649		6.83914e+06		100.054		36.3378		0		0		309.824		
00:00:40:649		6.83914e+06		100.054		36.3378		0		0		309.824		
00:00:40:549		6.83912e+06		100.054		36.3378		0		0		309.824		
00:00:40:450		6.8391e+06		100.054		36.3381		0		0		309.824		
00:00:40:350		6.83908e+06		100.054		36.3381		0		0		309.824		
00:00:40:250		6.83906e+06		100.054		36.3381		0		0		309.824		
00:00:40:049		6.83902e+06		100.054		36.3384		0		0		309.824		
00:00:40:049		6.83902e+06		100.054		36.3384		0		0		309.824		
00:00:39:950		6.83900e+06		100.054		36.3386		0		0		309.824		
00:00:39:850		6.83898e+06		100.054		36.3386		0		0		309.824		
00:00:39:750		6.83896e+06		100.054		36.3386		0		0		309.825		
00:00:39:649		6.83894e+06		100.054		36.3389		0		0		309.825		
00:00:39:549		6.83892e+06		100.054		36.3389		0		0		309.825		
00:00:39:350		6.83888e+06		100.054		36.3392		0		0		309.825		
00:00:39:350		6.83888e+06		100.054		36.3392		0		0		309.825		
00:00:39:250		6.83886e+06		100.054		36.3392		0		0		309.825		
00:00:39:100		6.83884e+06		100.054		36.3395		0		0		309.825		
00:00:39:000		6.83881e+06		100.055		36.3395		0		0		309.825		
00:00:38:899		6.83879e+06		100.055		36.3398		0		0		309.825		
00:00:38:799		6.83878e+06		100.055		36.3398		0		0		309.825		
00:00:38:700		6.83876e+06		100.055		36.3401		0		0		309.825		
00:00:38:600		6.83874e+06		100.055		36.3401		0		0		309.825		
00:00:38:500		6.83871e+06		100.055		36.3401		0		0		309.825		
00:00:38:399		6.83869e+06		100.055		36.3403		0		0		309.825		
00:00:38:299		6.83868e+06		100.055		36.3403		0		0		309.825		
00:00:38:200		6.83866e+06		100.055		36.3406		0		0		309.826		
00:00:38:049		6.83863e+06		100.055		36.3406		0		0		309.826		
00:00:38:049		6.83863e+06		100.055		36.3406		0		0		309.826		
00:00:37:950		6.83861e+06		100.055		36.3409		0		0		309.826		
00:00:37:799		6.83858e+06		100.055		36.3409		0		0		309.826		
00:00:37:700		6.83856e+06		100.055		36.3412		0		0		309.826		
00:00:37:600		6.83854e+06		100.055		36.3412		0		0		309.826		
00:00:37:500		6.83852e+06		100.055		36.3412		0		0		309.826		
00:00:37:399		6.8385e+06		100.055		36.3415		0		0		309.826		
00:00:37:299		6.83848e+06		100.055		36.3415		0		0		309.826		
00:00:37:200		6.83846e+06		100.055		36.3418		0		0		309.826		
00:00:37:000		6.83842e+06		100.055		36.3418		0		0		309.826		
00:00:37:000		6.83842e+06		100.055		36.3418		0		0		309.826		
00:00:36:899		6.8384e+06		100.055		36.342		0		0		309.826		
00:00:36:799		6.83838e+06		100.055		36.342		0		0		309.826		
00:00:36:700		6.83836e+06		100.055		36.3423		0		0		309.826		
00:00:36:600		6.83834e+06		100.055		36.3423		0		0		309.827		
00:00:36:500		6.83832e+06		100.055		36.3423		0		0		309.827		
00:00:36:399		6.8383e+06		100.055		36.3426		0		0		309.827		
00:00:36:299		6.83828e+06		100.055		36.3426		0		0		309.827		
00:00:36:200		6.83826e+06		100.056		36.3429		0		0		309.827		
00:00:36:100		6.83824e+06		100.056		36.3429		0		0		309.827		
00:00:36:000		6.83823e+06		100.056		36.3429		0		0		309.827		
00:00:35:899		6.83821e+06		100.056		36.3432		0		0		309.827		
00:00:35:799		6.83819e+06		100.056		36.3432		0		0		309.827		
00:00:35:700		6.83817e+06		100.056		36.3434		0		0		309.827		
00:00:35:600		6.83814e+06		100.056		36.3434		0		0		309.827		
00:00:35:500		6.83813e+06		100.056		36.3434		0		0		309.827		
00:00:35:399		6.83811e+06		100.056		36.3437		0		0		309.827		
00:00:35:299		6.83809e+06		100.056		36.3437		0		0		309.827		
00:00:35:200		6.83807e+06		100.056		36.344		0		0		309.827		
00:00:35:049		6.83804e+06		100.056		36.344		0		0		309.827		
00:00:34:950		6.83802e+06		100.056		36.3443		0		0		309.828		
00:00:34:950		6.83802e+06		100.056		36.3443		0		0		309.828		
00:00:34:750		6.838e+06		100.056		36.3443		0		0		309.828		
00:00:34:750		6.83798e+06		100.056		36.3443		0		0		309.828		
00:00:34:649		6.83796e+06		100.056		36.3446		0		0		309.828		
00:00:34:549		6.83794e+06		100.056		36.3446		0		0		309.828		
00:00:34:450		6.83793e+06		100.056		36.3449		0		0		309.828		
00:00:34:350		6.83791e+06		100.056		36.3449		0		0		309.828		
00:00:34:250		6.83789e+06		100.056		36.3449		0		0		309.828		
00:00:34:049		6.83785e+06		100.056		36.3451		0		0		309.828		
00:00:33:950		6.83783e+06		100.056		36.3454		0		0		309.828		
00:00:33:950		6.83783e+06		100.056		36.3454		0		0		309.828		
00:00:33:850		6.83781e+06		100.056		36.3454		0		0		309.828		
00:00:33:750		6.83779e+06		100.056		36.3454		0		0		309.828		
00:00:33:649		6.83777e+06		100.056		36.3457		0		0		309.828		
00:00:33:549		6.83776e+06		100.056		36.3457		0		0		309.828		
00:00:33:450		6.83774e+06		100.057		36.346		0		0		309.828		
00:00:33:350		6.83772e+06		100.057		36.346		0		0		309.828		
00:00:33:250		6.8377e+06		100.057		36.346		0		0		309.828		
00:00:33:049		6.83766e+06		100.057		36.3463		0		0		309.829		
00:00:32:950		6.83764e+06		100.057		36.3466		0		0		309.829		
00:00:32:950		6.83764e+06		100.057		36.3466		0		0		309.829		
00:00:32:850		6.83763e+06		100.057		36.3466		0		0		309.829		
00:00:32:750		6.83760e+06		100.057		36.3466		0		0		309.829		
00:00:32:649		6.83759e+06		100.057		36.3468		0		0		309.829		
00:00:32:549		6.83757e+06		100.057		36.3468		0		0		309.829		
00:00:32:450		6.83755e+06		100.057		36.3471		0		0		309.829		
00:00:32:350		6.83753e+06		100.057		36.3471		0		0		309.829		
00:00:32:250		6.83751e+06		100.057		36.3471		0		0		309.829		
00:00:32:100		6.83748e+06		100.057		36.3474		0		0		309.829		
00:00:32:000		6.83746e+06		100.057		36.3474		0		0		309.829		
00:00:31:899		6.83745e+06		100.057		36.3477		0		0		309.829		
00:00:31:800		6.83743e+06		100.057		36.3477		0		0		309.829		
00:00:31:699		6.83741e+06		100.057		36.348		0		0		309.829		
00:00:31:600		6.83739e+06		100.057		36.348		0		0		309.829		
00:00:31:500		6.83737e+06		100.057		36.348		0		0		309.829		
00:00:31:399		6.83735e+06		100.057		36.3483		0		0		309.829		
00:00:31:300		6.83733e+06		100.057		36.3483		0		0		309.83		
00:00:31:199		6.83732e+06		100.057		36.3485		0		0		309.83		
00:00:31:100		6.8373e+06		100.057		36.3485		0		0		309.83		
00:00:31:000		6.83728e+06		100.058		36.3485		0		0		309.83		
00:00:30:899		6.83726e+06		100.058		36.3488		0		0		309.83		
00:00:30:800		6.83724e+06		100.058		36.3488		0		0		309.83		
00:00:30:699		6.83722e+06		100.058		36.3491		0		0		309.83		
00:00:30:600		6.83720e+06		100.058		36.3491		0		0		309.83		
00:00:30:500		6.83719e+06		100.058		36.3491		0		0		309.83		
00:00:30:399		6.83717e+06		100.058		36.3494		0		0		309.83		
00:00:30:300		6.83715e+06		100.058		36.3494		0		0		309.83		
00:00:30:199		6.83713e+06		100.058		36.3497		0		0		309.83		
00:00:30:100		6.83711e+06		100.058		36.3497		0		0		309.83		
00:00:30:000		6.83709e+06		100.058		36.3497		0		0		309.83		
00:00:29:899		6.83708e+06		100.058		36.3499		0		0		309.83		
00:00:29:800		6.83706e+06		100.058		36.3499		0		0		309.83		
00:00:29:699		6.83704e+06		100.058		36.3502		0		0		309.83		
00:00:29:550		6.83701e+06		100.058		36.3502		0		0		309.83		
00:00:29:449		6.837e+06		100.058		36.3505		0		0		309.83		
00:00:29:350		6.83698e+06		100.058		36.3505		0		0		309.83		
00:00:29:300		6.83697e+06		100.058		36.3505		0		0		309.83		
00:00:29:199		6.83695e+06		100.058		36.3508		0		0		309.83		
00:00:29:100		6.83693e+06		100.058		36.3508		0		0		309.831		
00:00:29:000		6.83692e+06		100.058		36.3508		0		0		309.831		
00:00:28:850		6.83689e+06		100.058		36.3511		0		0		309.831		
00:00:28:750		6.83687e+06		100.058		36.3511		0		0		309.831		
00:00:28:649		6.83685e+06		100.058		36.3514		0		0		309.831		
00:00:28:649		6.83685e+06		100.058		36.3514		0		0		309.831		
00:00:28:550		6.83684e+06		100.058		36.3514		0		0		309.831		
00:00:28:449		6.83682e+06		100.058		36.3517		0		0		309.831		
00:00:28:350		6.8368e+06		100.058		36.3517		0		0		309.831		
00:00:28:250		6.83678e+06		100.059		36.3517		0		0		309.831		
00:00:28:149		6.83676e+06		100.059		36.3519		0		0		309.831		
00:00:27:949		6.83673e+06		100.059		36.3522		0		0		309.831		
00:00:27:949		6.83673e+06		100.059		36.3522		0		0		309.831		
00:00:27:850		6.83671e+06		100.059		36.3522		0		0		309.831		
00:00:27:750		6.83669e+06		100.059		36.3522		0		0		309.831		
00:00:27:649		6.83668e+06		100.059		36.3525		0		0		309.831		
00:00:27:550		6.83666e+06		100.059		36.3525		0		0		309.831		
00:00:27:449		6.83664e+06		100.059		36.3528		0		0		309.831		
00:00:27:350		6.83662e+06		100.059		36.3528		0		0		309.831		
00:00:27:199		6.8366e+06		100.059		36.3531		0		0		309.831		
00:00:27:050		6.83657e+06		100.059		36.3531		0		0		309.831		
00:00:26:949		6.83655e+06		100.059		36.3533		0		0		309.831		
00:00:26:949		6.83655e+06		100.059		36.3533		0		0		309.831		
00:00:26:850		6.83654e+06		100.059		36.3533		0		0		309.832		
00:00:26:699		6.83651e+06		100.059		36.3536		0		0		309.832		
00:00:26:600		6.83649e+06		100.059		36.3536		0		0		309.832		
00:00:26:500		6.83648e+06		100.059		36.3536		0		0		309.832		
00:00:26:399		6.83646e+06		100.059		36.3539		0		0		309.832		
00:00:26:300		6.83644e+06		100.059		36.3539		0		0		309.832		
00:00:26:199		6.83642e+06		100.059		36.3542		0		0		309.832		
00:00:26:000		6.83639e+06		100.059		36.3542		0		0		309.832		
00:00:26:000		6.83639e+06		100.059		36.3542		0		0		309.832		
00:00:25:899		6.83637e+06		100.059		36.3545		0		0		309.832		
00:00:25:800		6.83636e+06		100.059		36.3545		0		0		309.832		
00:00:25:699		6.83634e+06		100.059		36.3548		0		0		309.832		
00:00:25:600		6.83632e+06		100.059		36.3548		0		0		309.832		
00:00:25:500		6.83631e+06		100.06		36.3548		0		0		309.832		
00:00:25:399		6.83629e+06		100.06		36.355		0		0		309.832		
00:00:25:300		6.83627e+06		100.06		36.355		0		0		309.832		
00:00:25:199		6.83625e+06		100.06		36.3553		0		0		309.832		
00:00:25:100		6.83624e+06		100.06		36.3553		0		0		309.832		
00:00:25:000		6.83622e+06		100.06		36.3553		0		0		309.832		
00:00:24:899		6.8362e+06		100.06		36.3556		0		0		309.832		
00:00:24:800		6.83619e+06		100.06		36.3556		0		0		309.832		
00:00:24:699		6.83617e+06		100.06		36.3559		0		0		309.832		
00:00:24:600		6.83615e+06		100.06		36.3559		0		0		309.832		
00:00:24:449		6.83613e+06		100.06		36.3562		0		0		309.832		
00:00:24:350		6.83611e+06		100.06		36.3562		0		0		309.832		
00:00:24:250		6.8361e+06		100.06		36.3562		0		0		309.832		
00:00:24:149		6.83608e+06		100.06		36.3565		0		0		309.833		
00:00:24:100		6.83607e+06		100.06		36.3565		0		0		309.833		
00:00:24:000		6.83605e+06		100.06		36.3565		0		0		309.833		
00:00:23:899		6.83604e+06		100.06		36.3568		0		0		309.833		
00:00:23:750		6.83601e+06		100.06		36.3568		0		0		309.833		
00:00:23:649		6.83599e+06		100.06		36.357		0		0		309.833		
00:00:23:550		6.83598e+06		100.06		36.357		0		0		309.833		
00:00:23:449		6.83598e+06		100.06		36.357		0		0		309.833		
00:00:23:449		6.83596e+06		100.06		36.3573		0		0		309.833		
00:00:23:350		6.83594e+06		100.06		36.3573		0		0		309.833		
00:00:23:250		6.83593e+06		100.06		36.3573		0		0		309.833		
00:00:23:149		6.83591e+06		100.06		36.3576		0		0		309.833		
00:00:22:949		6.83588e+06		100.061		36.3579		0		0		309.834		
00:00:22:949		6.83588e+06		100.061		36.3579		0		0		309.834		
00:00:22:850		6.83586e+06		100.061		36.3579		0		0		309.834		
00:00:22:750		6.83584e+06		100.061		36.3579		0		0		309.834		
00:00:22:649		6.83583e+06		100.061		36.3582		0		0		309.834		
00:00:22:449		6.83579e+06		100.061		36.3585		0		0		309.834		
00:00:22:449		6.83579e+06		100.061		36.3585		0		0		309.834		
00:00:22:350		6.83578e+06		100.061		36.3585		0		0		309.834		
00:00:22:250		6.83576e+06		100.061		36.3585		0		0		309.834		
00:00:22:149		6.83574e+06		100.061		36.3587		0		0		309.834		
00:00:21:949		6.83571e+06		100.061		36.359		0		0		309.834		
00:00:21:949		6.83571e+06		100.061		36.359		0		0		309.834		
00:00:21:850		6.83569e+06		100.061		36.359		0		0		309.834		
00:00:21:750		6.83568e+06		100.061		36.359		0		0		309.834		
00:00:21:649		6.83566e+06		100.061		36.3593		0		0		309.835		
00:00:21:500		6.83563e+06		100.061		36.3593		0		0		309.835		
00:00:21:399		6.83562e+06		100.061		36.3596		0		0		309.835		
00:00:21:300		6.8356e+06		100.061		36.3596		0		0		309.835		
00:00:21:199		6.83558e+06		100.061		36.3599		0		0		309.835		
00:00:21:100		6.83557e+06		100.061		36.3599		0		0		309.835		
00:00:20:899		6.83553e+06		100.061		36.3602		0		0		309.835		
00:00:20:899		6.83553e+06		100.061		36.3602		0		0		309.835		
00:00:20:850		6.83553e+06		100.061		36.3602		0		0		309.835		
00:00:20:750		6.83551e+06		100.061		36.3602		0		0		309.835		
00:00:20:600		6.83548e+06		100.061		36.3605		0		0		309.835		
00:00:20:500		6.83546e+06		100.061		36.3605		0		0		309.835		
00:00:20:399		6.83545e+06		100.061		36.3607		0		0		309.835		
00:00:20:300		6.83543e+06		100.061		36.3607		0		0		309.835		
00:00:20:199		6.83542e+06		100.062		36.361		0		0		309.836		
00:00:20:100		6.8354e+06		100.062		36.361		0		0		309.836		
00:00:20:000		6.83538e+06		100.062		36.361		0		0		309.836		
00:00:19:899		6.83536e+06		100.062		36.3613		0		0		309.836		
00:00:19:800		6.83535e+06		100.062		36.3613		0		0		309.836		
00:00:19:699		6.83533e+06		100.062		36.3616		0		0		309.836		
00:00:19:600		6.83531e+06		100.062		36.3616		0		0		309.836		
00:00:19:500		6.8353e+06		100.062		36.3616		0		0		309.836		
00:00:19:399		6.83528e+06		100.062		36.3619		0		0		309.836		
00:00:19:300		6.83526e+06		100.062		36.3619		0		0		309.836		
00:00:19:199		6.83524e+06		100.062		36.3622		0		0		309.836		
00:00:19:100		6.83523e+06		100.062		36.3622		0		0		309.836		
00:00:19:000		6.83521e+06		100.062		36.3622		0		0		309.836		
00:00:18:850		6.83519e+06		100.062		36.3625		0		0		309.836		
00:00:18:750		6.83517e+06		100.062		36.3625		0		0		309.837		
00:00:18:649		6.83515e+06		100.062		36.3627		0		0		309.837		
00:00:18:550		6.83513e+06		100.062		36.3627		0		0		309.837		
00:00:18:550		6.83513e+06		100.062		36.3627		0		0		309.837		
00:00:18:350		6.8351e+06		100.062		36.363		0		0		309.837		
00:00:18:250		6.83508e+06		100.062		36.363		0		0		309.837		
00:00:18:199		6.83507e+06		100.062		36.3633		0		0		309.837		
00:00:18:050		6.83505e+06		100.062		36.3633		0		0		309.837		
00:00:17:949		6.83503e+06		100.062		36.3636		0		0		309.837		
00:00:17:949		6.83503e+06		100.062		36.3636		0		0		309.837		
00:00:17:850		6.83502e+06		100.062		36.3636		0		0		309.837		
00:00:17:649		6.83498e+06		100.062		36.3639		0		0		309.837		
00:00:17:550		6.83496e+06		100.062		36.3639		0		0		309.837		
00:00:17:550		6.83496e+06		100.062		36.3639		0		0		309.837		
00:00:17:449		6.83494e+06		100.063		36.3642		0		0		309.837		
00:00:17:350		6.83493e+06		100.063		36.3642		0		0		309.837		
00:00:17:250		6.83491e+06		100.063		36.3642		0		0		309.837		
00:00:17:149		6.83489e+06		100.063		36.3644		0		0		309.837		
00:00:16:949		6.83486e+06		100.063		36.3647		0		0		309.838		
00:00:16:949		6.83486e+06		100.063		36.3647		0		0		309.838		
00:00:16:850		6.83484e+06		100.063		36.3647		0		0		309.838		
00:00:16:750		6.83483e+06		100.063		36.3647		0		0		309.838		
00:00:16:649		6.83481e+06		100.063		36.365		0		0		309.838		
00:00:16:550		6.83479e+06		100.063		36.365		0		0		309.838		
00:00:16:449		6.83477e+06		100.063		36.3653		0		0		309.838		
00:00:16:250		6.83474e+06		100.063		36.3653		0		0		309.838		
00:00:16:250		6.83474e+06		100.063		36.3653		0		0		309.838		
00:00:16:050		6.8347e+06		100.063		36.3656		0		0		309.838		
00:00:15:949		6.83468e+06		100.063		36.3659		0		0		309.838		
00:00:15:949		6.83468e+06		100.063		36.3659		0		0		309.838		
00:00:15:800		6.83466e+06		100.063		36.3659		0		0		309.838		
00:00:15:699		6.83464e+06		100.063		36.3662		0		0		309.838		
00:00:15:599		6.83462e+06		100.063		36.3662		0		0		309.838		
00:00:15:500		6.83461e+06		100.063		36.3662		0		0		309.838		
00:00:15:449		6.83459e+06		100.063		36.3664		0		0		309.838		
00:00:15:349		6.83458e+06		100.063		36.3664		0		0		309.838		
00:00:15:250		6.83456e+06		100.063		36.3664		0		0		309.838		
00:00:15:050		6.83452e+06		100.063		36.3667		0		0		309.839		
00:00:14:949		6.83450e+06		100.063		36.367		0		0		309.839		
00:00:14:949		6.83450e+06		100.063		36.367		0		0		309.839		
00:00:14:800		6.83448e+06		100.063		36.367		0		0		309.839		
00:00:14:750		6.83447e+06		100.064		36.367		0		0		309.839		
00:00:14:599		6.83444e+06		100.064		36.3673		0		0		309.839		
00:00:14:500		6.83443e+06		100.064		36.3673		0		0		309.839		
00:00:14:400		6.83441e+06		100.064		36.3676		0		0		309.839		
00:00:14:300		6.83439e+06		100.064		36.3676		0		0		309.839		
00:00:14:199		6.83437e+06		100.064		36.3679		0		0		309.839		
00:00:14:000		6.83433e+06		100.064		36.3679		0		0		309.839		
00:00:13:900		6.83431e+06		100.064		36.3681		0		0		309.839		
00:00:13:900		6.83431e+06		100.064		36.3681		0		0		309.839		
00:00:13:800		6.8343e+06		100.064		36.3681		0		0		309.839		
00:00:13:699		6.83428e+06		100.064		36.3684		0		0		309.839		
00:00:13:599		6.83426e+06		100.064		36.3684		0		0		309.839		
00:00:13:500		6.83424e+06		100.064		36.3684		0		0		309.839		
00:00:13:400		6.83422e+06		100.064		36.3687		0		0		309.839		
00:00:13:300		6.83420e+06		100.064		36.3687		0		0		309.839		
00:00:13:199		6.83419e+06		100.064		36.369		0		0		309.839		
00:00:13:099		6.83417e+06		100.064		36.369		0		0		309.839		
00:00:13:000		6.83415e+06		100.064		36.369		0		0		309.839		
00:00:12:900		6.83413e+06		100.064		36.3693		0		0		309.839		
00:00:12:800		6.83411e+06		100.064		36.3693		0		0		309.839		
00:00:12:699		6.8341e+06		100.064		36.3695		0		0		309.839		
00:00:12:599		6.83408e+06		100.064		36.3695		0		0		309.839		
00:00:12:500		6.83406e+06		100.064		36.3695		0		0		309.839		
00:00:12:400		6.83404e+06		100.064		36.3698		0		0		309.84		
00:00:12:300		6.83402e+06		100.064		36.3698		0		0		309.84		
00:00:12:199		6.83399e+06		100.065		36.3701		0		0		309.84		
00:00:12:050		6.83397e+06		100.065		36.3701		0		0		309.84		
00:00:12:000		6.83397e+06		100.065		36.3701		0		0		309.84		
00:00:11:849		6.83394e+06		100.065		36.3704		0		0		309.84		
00:00:11:750		6.83392e+06		100.065		36.3704		0		0		309.84		
00:00:11:650		6.8339e+06		100.065		36.3707		0		0		309.84		
00:00:11:550		6.83388e+06		100.065		36.3707		0		0		309.84		
00:00:11:550		6.83388e+06		100.065		36.3707		0		0		309.84		
00:00:11:349		6.83384e+06		100.065		36.371		0		0		309.84		
00:00:11:250		6.83383e+06		100.065		36.371		0		0		309.84		
00:00:11:150		6.83381e+06		100.065		36.3712		0		0		309.84		
00:00:11:050		6.83379e+06		100.065		36.3712		0		0		309.84		
00:00:10:949		6.83377e+06		100.065		36.3715		0		0		309.84		
00:00:10:949		6.83377e+06		100.065		36.3715		0		0		309.84		
00:00:10:849		6.83375e+06		100.065		36.3715		0		0		309.839		
00:00:10:750		6.83373e+06		100.065		36.3715		0		0		309.839		
00:00:10:650		6.83371e+06		100.065		36.3718		0		0		309.839		
00:00:10:550		6.83369e+06		100.065		36.3718		0		0		309.839		
00:00:10:349		6.83365e+06		100.065		36.3721		0		0		309.839		
00:00:10:349		6.83365e+06		100.065		36.3721		0		0		309.839		
00:00:10:250		6.83363e+06		100.065		36.3721		0		0		309.839		
00:00:10:150		6.83361e+06		100.065		36.3724		0		0		309.839		
00:00:09:949		6.83357e+06		100.065		36.3727		0		0		309.839		
00:00:09:949		6.83357e+06		100.065		36.3727		0		0		309.839		
00:00:09:849		6.83356e+06		100.065		36.3727		0		0		309.839		
00:00:09:750		6.83354e+06		100.065		36.3727		0		0		309.839		
00:00:09:650		6.83352e+06		100.065		36.3729		0		0		309.839		
00:00:09:550		6.8335e+06		100.065		36.3729		0		0		309.839		
00:00:09:449		6.83348e+06		100.066		36.3732		0		0		309.839		
00:00:09:349		6.83346e+06		100.066		36.3732		0		0		309.839		
00:00:09:199		6.83343e+06		100.066		36.3735		0		0		309.839		
00:00:09:099		6.83341e+06		100.066		36.3735		0		0		309.839		
00:00:08:900		6.83337e+06		100.066		36.3738		0		0		309.839		
00:00:08:900		6.83337e+06		100.066		36.3738		0		0		309.839		
00:00:08:849		6.83336e+06		100.066		36.3738		0		0		309.839		
00:00:08:750		6.83333e+06		100.066		36.3738		0		0		309.839		
00:00:08:650		6.83331e+06		100.066		36.3741		0		0		309.839		
00:00:08:550		6.83329e+06		100.066		36.3741		0		0		309.839		
00:00:08:449		6.83327e+06		100.066		36.3744		0		0		309.839		
00:00:08:349		6.83325e+06		100.066		36.3744		0		0		309.839		
00:00:08:199		6.83322e+06		100.066		36.3746		0		0		309.839		
00:00:08:000		6.83318e+06		100.066		36.3746		0		0		309.838		
00:00:07:900		6.83316e+06		100.066		36.3749		0		0		309.838		
00:00:07:900		6.83316e+06		100.066		36.3749		0		0		309.838		
00:00:07:799		6.83314e+06		100.066		36.3749		0		0		309.838		
00:00:07:700		6.83311e+06		100.066		36.3752		0		0		309.838		
00:00:07:599		6.83309e+06		100.066		36.3752		0		0		309.838		
00:00:07:500		6.83307e+06		100.066		36.3752		0		0		309.838		
00:00:07:400		6.83305e+06		100.066		36.3755		0		0		309.838		
00:00:07:299		6.83302e+06		100.066		36.3755		0		0		309.838		
00:00:07:200		6.833e+06		100.066		36.3758		0		0		309.838		
00:00:07:000		6.83296e+06		100.066		36.3758		0		0		309.838		
00:00:06:900		6.83293e+06		100.066		36.376		0		0		309.838		
00:00:06:900		6.83293e+06		100.066		36.376		0		0		309.838		
00:00:06:799		6.83291e+06		100.066		36.376		0		0		309.838		
00:00:06:700		6.83289e+06		100.067		36.3763		0		0		309.838		
00:00:06:599		6.83286e+06		100.067		36.3763		0		0		309.838		
00:00:06:500		6.83284e+06		100.067		36.3763		0		0		309.838		
00:00:06:400		6.83282e+06		100.067		36.3766		0		0		309.838		
00:00:06:250		6.83278e+06		100.067		36.3766		0		0		309.838		
00:00:06:150		6.83275e+06		100.067		36.3769		0		0		309.838		
00:00:06:049		6.83273e+06		100.067		36.3769		0		0		309.838		
00:00:06:000		6.83272e+06		100.067		36.3769		0		0		309.838		
00:00:05:900		6.83269e+06		100.067		36.3772		0		0		309.838		
00:00:05:799		6.83267e+06		100.067		36.3772		0		0		309.838		
00:00:05:700		6.83265e+06		100.067		36.3775		0		0		309.838		
00:00:05:599		6.83262e+06		100.067		36.3775		0		0		309.838		
00:00:05:500		6.83259e+06		100.067		36.3775		0		0		309.838		
00:00:05:400		6.83257e+06		100.067		36.3777		0		0		309.838		
00:00:05:250		6.83253e+06		100.067		36.3777		0		0		309.839		
00:00:05:150		6.8325e+06		100.067		36.378		0		0		309.839		
00:00:05:049		6.83248e+06		100.067		36.378		0		0		309.839		
00:00:04:950		6.83245e+06		100.067		36.3783		0		0		309.839		
00:00:04:950		6.83245e+06		100.067		36.3783		0		0		309.839		
00:00:04:849		6.83242e+06		100.067		36.3783		0		0		309.839		
00:00:04:750		6.83239e+06		100.067		36.3783		0		0		309.839		
00:00:04:650		6.83236e+06		100.067		36.3786		0		0		309.839		
00:00:04:549		6.83234e+06		100.067		36.3786		0		0		309.839		
00:00:04:450		6.83231e+06		100.067		36.3789		0		0		309.839		
00:00:04:349		6.83229e+06		100.067		36.3789		0		0		309.84		
00:00:04:250		6.83226e+06		100.068		36.3789		0		0		309.84		
00:00:04:049		6.8322e+06		100.068		36.3792		0		0		309.84		
00:00:03:950		6.83218e+06		100.068		36.3794		0		0		309.84		
00:00:03:950		6.83218e+06		100.068		36.3794		0		0		309.84		
00:00:03:850		6.83215e+06		100.068		36.3794		0		0		309.84		
00:00:03:649		6.83209e+06		100.068		36.3797		0		0		309.841		
00:00:03:549		6.83206e+06		100.068		36.3797		0		0		309.841		
00:00:03:549		6.83206e+06		100.068		36.3797		0		0		309.841		
00:00:03:450		6.83203e+06		100.068		36.38		0		0		309.841		
00:00:03:350		6.83200e+06		100.068		36.38		0		0		309.841		
00:00:03:250		6.83198e+06		100.068		36.38		0		0		309.841		
00:00:03:149		6.83195e+06		100.068		36.3803		0		0		309.842		
00:00:02:950		6.83189e+06		100.068		36.3806		0		0		309.842		
00:00:02:950		6.83189e+06		100.068		36.3806		0		0		309.842		
00:00:02:850		6.83186e+06		100.068		36.3806		0		0		309.842		
00:00:02:750		6.83183e+06		100.068		36.3806		0		0		309.843		
00:00:02:549		6.83178e+06		100.068		36.3808		0		0		309.844		
00:00:02:549		6.83178e+06		100.068		36.3808		0		0		309.844		
00:00:02:450		6.83175e+06		100.068		36.3811		0		0		309.844		
00:00:02:299		6.83171e+06		100.068		36.3811		0		0		309.844		
00:00:02:200		6.83168e+06		100.068		36.3814		0		0		309.844		
00:00:02:100		6.83165e+06		100.068		36.3814		0		0		309.844		
00:00:01:899		6.83159e+06		100.068		36.3817		0		0		309.844		
00:00:01:899		6.83159e+06		100.068		36.3817		0		0		309.844		
00:00:01:800		6.83157e+06		100.068		36.3817		0		0		309.844		
00:00:01:699		6.83154e+06		100.068		36.382		0		0		309.845		
00:00:01:600		6.83151e+06		100.068		36.382		0		0		309.845		
00:00:01:500		6.83148e+06		100.069		36.382		0		0		309.846		
00:00:01:399		6.83146e+06		100.069		36.3823		0		0		309.848		
00:00:01:300		6.83143e+06		100.069		36.3823		0		0		309.849		
00:00:01:250		6.83142e+06		100.069		36.3823		0		0		309.849		
00:00:01:149		6.83139e+06		100.069		36.3825		0		0		309.85		
00:00:00:900		6.83132e+06		100.069		36.3828		0		0		309.849		
00:00:00:900		6.83132e+06		100.069		36.3828		0		0		309.849		
00:00:00:800		6.8313e+06		100.069		36.3828		0		0		309.847		
00:00:00:699		6.83127e+06		100.069		36.3831		0		0		309.845		
00:00:00:599		6.83124e+06		100.069		36.3831		0		0		309.842		
00:00:00:500		6.83122e+06		100.069		36.3831		0		0		309.84		
00:00:00:400		6.83119e+06		100.069		36.3834		0		0		309.84		
00:00:00:299		6.83117e+06		100.069		36.3834		0		0		309.84		
00:00:00:200		6.83116e+06		100.069		36.3837		0		0		309.842		
00:00:00:000		6.83115e+06		100.069		36.3837		0		0		309.846		
00:00:00:000		6.83115e+06		100.069		36.3837		0		0		309.846		
00:00:00:000		6.83115e+06		100.069		36.3837		0		0		309.846		
00:00:00:000		6.83115e+06		100.069		36.3837		0		0		309.846		
00:00:00:000		6.83115e+06		100.069		36.3837		0		0		309.846		
00:00:00:000		6.83115e+06		100.069		36.3837		0		0		309.846		
00:00:00:000		6.83115e+06		100.069		36.3837		0		0		309.846		
