	time 		rcpppzr	rcp054rcp007mnzoyout	rcv501std0102fvol	fwfrcp001gv	rcppmssga	msfsg(1)	
00:01:04:400		1.51963e+07		-0.388384		5.69741		510.236		6.97936e+06		530.915		
00:01:04:299		1.51967e+07		-0.387543		5.69346		510.245		6.97935e+06		530.914		
00:01:04:200		1.5197e+07		-0.386702		5.68952		510.257		6.97933e+06		530.911		
00:01:04:099		1.51973e+07		-0.38586		5.68555		510.266		6.97931e+06		530.908		
00:01:04:000		1.51977e+07		-0.385018		5.68155		510.276		6.97929e+06		530.933		
00:01:03:799		1.51983e+07		-0.383335		5.67359		510.297		6.97926e+06		530.912		
00:01:03:700		1.51986e+07		-0.382492		5.66955		510.306		6.97924e+06		530.908		
00:01:03:700		1.51986e+07		-0.382492		5.66955		510.306		6.97924e+06		530.908		
00:01:03:600		1.5199e+07		-0.381649		5.66553		510.318		6.97922e+06		530.908		
00:01:03:500		1.51993e+07		-0.380806		5.66153		510.329		6.97921e+06		530.908		
00:01:03:500		1.51993e+07		-0.380806		5.66153		510.329		6.97921e+06		530.908		
00:01:03:399		1.51996e+07		-0.379963		5.65748		510.339		6.97919e+06		530.906		
00:01:03:299		1.52e+07		-0.379119		5.65346		510.35		6.97917e+06		530.904		
00:01:03:200		1.52003e+07		-0.378276		5.64944		510.362		6.97915e+06		530.904		
00:01:03:100		1.52006e+07		-0.377432		5.6454		510.371		6.97914e+06		530.902		
00:01:02:950		1.52011e+07		-0.376165		5.63924		510.389		6.97911e+06		530.9		
00:01:02:750		1.52018e+07		-0.374475		5.63097		510.41		6.97907e+06		530.899		
00:01:02:750		1.52018e+07		-0.374475		5.63097		510.41		6.97907e+06		530.899		
00:01:02:649		1.52021e+07		-0.373629		5.62689		510.421		6.97905e+06		530.897		
00:01:02:500		1.52026e+07		-0.372361		5.62061		510.438		6.97903e+06		530.894		
00:01:02:500		1.52026e+07		-0.372361		5.62061		510.438		6.97903e+06		530.894		
00:01:02:350		1.52031e+07		-0.371091		5.61433		510.455		6.979e+06		530.893		
00:01:02:250		1.52034e+07		-0.370245		5.61012		510.467		6.97898e+06		530.891		
00:01:02:149		1.52038e+07		-0.369398		5.60598		510.478		6.97896e+06		530.89		
00:01:02:049		1.52041e+07		-0.36855		5.60175		510.492		6.97895e+06		530.89		
00:01:01:950		1.52044e+07		-0.367703		5.59756		510.505		6.97893e+06		530.89		
00:01:01:799		1.52049e+07		-0.366431		5.59121		510.52		6.9789e+06		530.887		
00:01:01:799		1.52049e+07		-0.366431		5.59121		510.52		6.9789e+06		530.887		
00:01:01:700		1.52053e+07		-0.365582		5.58699		510.534		6.97888e+06		530.884		
00:01:01:549		1.52058e+07		-0.36431		5.58062		510.553		6.97885e+06		530.871		
00:01:01:450		1.52061e+07		-0.363461		5.57628		510.564		6.97884e+06		530.877		
00:01:01:350		1.52064e+07		-0.362611		5.572		510.576		6.97882e+06		530.881		
00:01:01:250		1.52068e+07		-0.361761		5.56767		510.589		6.9788e+06		530.88		
00:01:01:149		1.52071e+07		-0.360911		5.56333		510.601		6.97878e+06		530.878		
00:01:01:049		1.52074e+07		-0.360061		5.55892		510.614		6.97876e+06		530.869		
00:01:00:950		1.52078e+07		-0.35921		5.55466		510.625		6.97874e+06		530.871		
00:01:00:750		1.52084e+07		-0.357507		5.54599		510.652		6.9787e+06		530.874		
00:01:00:750		1.52084e+07		-0.357507		5.54599		510.652		6.9787e+06		530.874		
00:01:00:649		1.52088e+07		-0.356656		5.54156		510.666		6.97869e+06		530.856		
00:01:00:549		1.52091e+07		-0.355804		5.53714		510.679		6.97867e+06		530.873		
00:01:00:450		1.52094e+07		-0.354952		5.53268		510.69		6.97865e+06		530.866		
00:01:00:350		1.52098e+07		-0.354099		5.52823		510.704		6.97863e+06		530.87		
00:01:00:250		1.52101e+07		-0.353246		5.52378		510.719		6.97861e+06		530.869		
00:01:00:149		1.52104e+07		-0.352393		5.51941		510.732		6.97859e+06		530.87		
00:01:00:049		1.52108e+07		-0.351539		5.51496		510.746		6.97857e+06		530.869		
00:01:00:000		1.52109e+07		-0.351112		5.51268		510.755		6.97856e+06		530.868		
00:00:59:850		1.52114e+07		-0.349831		5.50566		510.772		6.97853e+06		530.868		
00:00:59:750		1.52118e+07		-0.348976		5.50127		510.788		6.97852e+06		530.866		
00:00:59:649		1.52121e+07		-0.348122		5.49714		510.801		6.9785e+06		530.855		
00:00:59:549		1.52125e+07		-0.347266		5.49277		510.816		6.97848e+06		530.865		
00:00:59:450		1.52128e+07		-0.346411		5.48766		510.83		6.97846e+06		530.863		
00:00:59:350		1.52131e+07		-0.345555		5.48244		510.845		6.97844e+06		530.862		
00:00:59:250		1.52135e+07		-0.344699		5.47803		510.86		6.97842e+06		530.859		
00:00:59:200		1.52136e+07		-0.344271		5.47663		510.866		6.97841e+06		530.866		
00:00:59:049		1.52141e+07		-0.342986		5.472		510.889		6.97838e+06		530.859		
00:00:58:899		1.52146e+07		-0.341699		5.46089		510.912		6.97835e+06		530.857		
00:00:58:750		1.52151e+07		-0.340412		5.44868		510.933		6.97832e+06		530.854		
00:00:58:750		1.52151e+07		-0.340412		5.44868		510.933		6.97832e+06		530.854		
00:00:58:649		1.52155e+07		-0.339553		5.44043		510.948		6.9783e+06		530.842		
00:00:58:549		1.52158e+07		-0.338695		5.43214		510.963		6.97828e+06		530.854		
00:00:58:450		1.52161e+07		-0.337835		5.42373		510.979		6.97827e+06		530.853		
00:00:58:350		1.52165e+07		-0.336976		5.4155		510.994		6.97825e+06		530.852		
00:00:58:250		1.52168e+07		-0.336115		5.40733		511.013		6.97823e+06		530.851		
00:00:58:149		1.52172e+07		-0.335255		5.39909		511.026		6.97821e+06		530.849		
00:00:58:049		1.52175e+07		-0.334395		5.3909		511.042		6.97819e+06		530.846		
00:00:58:049		1.52175e+07		-0.334395		5.3909		511.042		6.97819e+06		530.846		
00:00:57:850		1.52182e+07		-0.332673		5.37429		511.072		6.97815e+06		530.837		
00:00:57:750		1.52185e+07		-0.331811		5.36602		511.089		6.97813e+06		530.845		
00:00:57:649		1.52189e+07		-0.330949		5.35785		511.107		6.97811e+06		530.843		
00:00:57:549		1.52192e+07		-0.330087		5.34963		511.122		6.97809e+06		530.847		
00:00:57:450		1.52195e+07		-0.329224		5.34162		511.139		6.97807e+06		530.841		
00:00:57:450		1.52195e+07		-0.329224		5.34162		511.139		6.97807e+06		530.841		
00:00:57:350		1.52199e+07		-0.328361		5.33294		511.154		6.97805e+06		530.823		
00:00:57:250		1.52202e+07		-0.327497		5.32429		511.171		6.97803e+06		530.839		
00:00:57:149		1.52205e+07		-0.326633		5.31651		511.189		6.97801e+06		530.836		
00:00:57:000		1.52211e+07		-0.325336		5.30448		511.213		6.97798e+06		530.835		
00:00:56:899		1.52214e+07		-0.324471		5.29563		511.232		6.97796e+06		530.834		
00:00:56:799		1.52217e+07		-0.323606		5.28736		511.25		6.97794e+06		530.829		
00:00:56:700		1.52221e+07		-0.322741		5.27913		511.267		6.97792e+06		530.824		
00:00:56:600		1.52224e+07		-0.321874		5.27101		511.284		6.9779e+06		530.832		
00:00:56:500		1.52228e+07		-0.321008		5.26268		511.301		6.97788e+06		530.83		
00:00:56:399		1.52231e+07		-0.320141		5.25433		511.318		6.97786e+06		530.828		
00:00:56:299		1.52234e+07		-0.319274		5.24598		511.337		6.97784e+06		530.829		
00:00:56:200		1.52238e+07		-0.318406		5.23769		511.354		6.97782e+06		530.827		
00:00:56:100		1.52241e+07		-0.317538		5.22941		511.372		6.9778e+06		530.811		
00:00:56:000		1.52245e+07		-0.31667		5.22123		511.389		6.97778e+06		530.825		
00:00:55:850		1.5225e+07		-0.315366		5.20875		511.415		6.97775e+06		530.817		
00:00:55:750		1.52253e+07		-0.314497		5.20035		511.433		6.97773e+06		530.824		
00:00:55:750		1.52253e+07		-0.314497		5.20035		511.433		6.97773e+06		530.824		
00:00:55:649		1.52257e+07		-0.313627		5.19206		511.452		6.97771e+06		530.821		
00:00:55:549		1.5226e+07		-0.312757		5.18379		511.471		6.97769e+06		530.814		
00:00:55:399		1.52265e+07		-0.31145		5.17151		511.499		6.97766e+06		530.809		
00:00:55:299		1.52269e+07		-0.310579		5.16317		511.52		6.97764e+06		530.81		
00:00:55:100		1.52275e+07		-0.308836		5.14663		511.558		6.9776e+06		530.812		
00:00:55:100		1.52275e+07		-0.308836		5.14663		511.558		6.9776e+06		530.812		
00:00:55:000		1.52279e+07		-0.307963		5.13833		511.578		6.97757e+06		530.811		
00:00:54:799		1.52286e+07		-0.306217		5.1217		511.616		6.97753e+06		530.8		
00:00:54:799		1.52286e+07		-0.306217		5.1217		511.616		6.97753e+06		530.8		
00:00:54:700		1.52289e+07		-0.305344		5.11356		511.637		6.97751e+06		530.812		
00:00:54:600		1.52293e+07		-0.30447		5.10529		511.656		6.97749e+06		530.81		
00:00:54:500		1.52296e+07		-0.303595		5.09739		511.677		6.97747e+06		530.799		
00:00:54:399		1.523e+07		-0.30272		5.08878		511.696		6.97745e+06		530.807		
00:00:54:250		1.52305e+07		-0.301406		5.07535		511.726		6.97742e+06		530.804		
00:00:54:149		1.52308e+07		-0.30053		5.06803		511.747		6.9774e+06		530.8		
00:00:54:049		1.52312e+07		-0.299654		5.06023		511.768		6.97738e+06		530.805		
00:00:53:950		1.52315e+07		-0.298777		5.05142		511.787		6.97736e+06		530.801		
00:00:53:850		1.52319e+07		-0.2979		5.04336		511.808		6.97734e+06		530.795		
00:00:53:750		1.52322e+07		-0.297022		5.03506		511.829		6.97732e+06		530.801		
00:00:53:649		1.52326e+07		-0.296144		5.02673		511.85		6.9773e+06		530.8		
00:00:53:549		1.52329e+07		-0.295266		5.01844		511.871		6.97727e+06		530.791		
00:00:53:450		1.52332e+07		-0.294387		5.01024		511.892		6.97725e+06		530.799		
00:00:53:350		1.52336e+07		-0.293508		5.00214		511.913		6.97723e+06		530.797		
00:00:53:250		1.52339e+07		-0.292628		4.99385		511.934		6.97721e+06		530.796		
00:00:53:149		1.52343e+07		-0.291749		4.98548		511.955		6.97719e+06		530.794		
00:00:53:049		1.52346e+07		-0.290868		4.97719		511.976		6.97717e+06		530.795		
00:00:52:850		1.52353e+07		-0.289106		4.96087		512.02		6.97713e+06		530.785		
00:00:52:750		1.52357e+07		-0.288225		4.95254		512.042		6.97711e+06		530.806		
00:00:52:750		1.52357e+07		-0.288225		4.95254		512.042		6.97711e+06		530.806		
00:00:52:649		1.5236e+07		-0.287343		4.94418		512.063		6.97709e+06		530.791		
00:00:52:549		1.52364e+07		-0.286461		4.93598		512.084		6.97707e+06		530.789		
00:00:52:450		1.52367e+07		-0.285579		4.9278		512.105		6.97705e+06		530.801		
00:00:52:350		1.52371e+07		-0.284696		4.91967		512.128		6.97702e+06		530.788		
00:00:52:250		1.52374e+07		-0.283813		4.91137		512.149		6.977e+06		530.787		
00:00:52:149		1.52378e+07		-0.282929		4.90316		512.172		6.97698e+06		530.778		
00:00:52:049		1.52381e+07		-0.282045		4.89491		512.195		6.97696e+06		530.783		
00:00:51:850		1.52388e+07		-0.280276		4.87845		512.24		6.97692e+06		530.784		
00:00:51:750		1.52392e+07		-0.279391		4.87026		512.265		6.9769e+06		530.783		
00:00:51:750		1.52392e+07		-0.279391		4.87026		512.265		6.9769e+06		530.783		
00:00:51:750		1.52392e+07		-0.279391		4.87026		512.265		6.9769e+06		530.783		
00:00:51:649		1.52395e+07		-0.278506		4.86205		512.286		6.97688e+06		530.774		
00:00:51:549		1.52399e+07		-0.27762		4.85395		512.309		6.97686e+06		530.788		
00:00:51:450		1.52402e+07		-0.276734		4.84565		512.332		6.97683e+06		530.783		
00:00:51:200		1.52411e+07		-0.274518		4.82512		512.387		6.97678e+06		530.781		
00:00:51:200		1.52411e+07		-0.274518		4.82512		512.387		6.97678e+06		530.781		
00:00:51:000		1.52418e+07		-0.272743		4.80887		512.435		6.97674e+06		530.772		
00:00:51:000		1.52418e+07		-0.272743		4.80887		512.435		6.97674e+06		530.772		
00:00:50:899		1.52422e+07		-0.271855		4.80068		512.457		6.97672e+06		530.779		
00:00:50:799		1.52425e+07		-0.270967		4.79262		512.482		6.9767e+06		530.776		
00:00:50:700		1.52429e+07		-0.270079		4.78437		512.507		6.97668e+06		530.779		
00:00:50:600		1.52432e+07		-0.269189		4.77619		512.53		6.97666e+06		530.779		
00:00:50:500		1.52436e+07		-0.268301		4.76792		512.555		6.97664e+06		530.778		
00:00:50:399		1.52439e+07		-0.267411		4.75974		512.579		6.97661e+06		530.777		
00:00:50:299		1.52443e+07		-0.266521		4.75159		512.602		6.97659e+06		530.778		
00:00:50:250		1.52445e+07		-0.266077		4.74745		512.615		6.97658e+06		530.778		
00:00:50:100		1.5245e+07		-0.26474		4.73513		512.652		6.97655e+06		530.777		
00:00:50:000		1.52453e+07		-0.26385		4.7271		512.678		6.97653e+06		530.776		
00:00:49:799		1.52461e+07		-0.262068		4.71072		512.73		6.97649e+06		530.774		
00:00:49:799		1.52461e+07		-0.262068		4.71072		512.73		6.97649e+06		530.774		
00:00:49:700		1.52464e+07		-0.261176		4.70257		512.754		6.97647e+06		530.773		
00:00:49:600		1.52468e+07		-0.260284		4.69452		512.779		6.97645e+06		530.774		
00:00:49:500		1.52471e+07		-0.259392		4.6863		512.806		6.97643e+06		530.773		
00:00:49:399		1.52475e+07		-0.258499		4.67812		512.832		6.9764e+06		530.772		
00:00:49:299		1.52478e+07		-0.257607		4.67023		512.857		6.97638e+06		530.77		
00:00:49:200		1.52482e+07		-0.256713		4.66199		512.884		6.97636e+06		530.771		
00:00:49:100		1.52485e+07		-0.25582		4.65386		512.908		6.97634e+06		530.77		
00:00:49:000		1.52489e+07		-0.254926		4.64587		512.935		6.97632e+06		530.77		
00:00:48:899		1.52493e+07		-0.254032		4.63764		512.96		6.9763e+06		530.767		
00:00:48:799		1.52496e+07		-0.253139		4.62946		512.988		6.97628e+06		530.766		
00:00:48:700		1.525e+07		-0.252244		4.62123		513.015		6.97626e+06		530.767		
00:00:48:549		1.52505e+07		-0.250902		4.6091		513.053		6.97623e+06		530.766		
00:00:48:450		1.52509e+07		-0.250007		4.60115		513.079		6.97621e+06		530.755		
00:00:48:350		1.52512e+07		-0.249111		4.5932		513.106		6.97618e+06		530.764		
00:00:48:250		1.52516e+07		-0.248216		4.58502		513.133		6.97616e+06		530.763		
00:00:48:149		1.52519e+07		-0.24732		4.57694		513.159		6.97614e+06		530.762		
00:00:48:049		1.52523e+07		-0.246424		4.56898		513.186		6.97612e+06		530.762		
00:00:47:950		1.52527e+07		-0.245528		4.56102		513.212		6.9761e+06		530.761		
00:00:47:750		1.52534e+07		-0.243735		4.54492		513.268		6.97606e+06		530.76		
00:00:47:750		1.52534e+07		-0.243735		4.54492		513.268		6.97606e+06		530.76		
00:00:47:649		1.52537e+07		-0.242838		4.53692		513.294		6.97604e+06		530.757		
00:00:47:549		1.52541e+07		-0.241942		4.52888		513.323		6.97602e+06		530.757		
00:00:47:500		1.52543e+07		-0.241493		4.5249		513.336		6.97601e+06		530.757		
00:00:47:399		1.52546e+07		-0.240595		4.51697		513.363		6.97599e+06		530.753		
00:00:47:299		1.5255e+07		-0.239698		4.50894		513.391		6.97596e+06		530.759		
00:00:47:149		1.52555e+07		-0.23835		4.49687		513.431		6.97593e+06		530.752		
00:00:47:049		1.52559e+07		-0.237453		4.48891		513.457		6.97591e+06		530.749		
00:00:46:950		1.52562e+07		-0.236554		4.48089		513.486		6.97589e+06		530.742		
00:00:46:850		1.52566e+07		-0.235655		4.47292		513.514		6.97587e+06		530.747		
00:00:46:750		1.5257e+07		-0.234756		4.46508		513.543		6.97585e+06		530.748		
00:00:46:649		1.52573e+07		-0.233857		4.45717		513.571		6.97583e+06		530.747		
00:00:46:549		1.52577e+07		-0.232957		4.44924		513.6		6.97581e+06		530.746		
00:00:46:450		1.5258e+07		-0.232058		4.44134		513.628		6.97579e+06		530.743		
00:00:46:350		1.52584e+07		-0.231157		4.43339		513.657		6.97577e+06		530.736		
00:00:46:250		1.52588e+07		-0.230257		4.42545		513.685		6.97574e+06		530.743		
00:00:46:250		1.52588e+07		-0.230257		4.42545		513.685		6.97574e+06		530.743		
00:00:46:149		1.52591e+07		-0.229356		4.4176		513.714		6.97572e+06		530.743		
00:00:46:049		1.52595e+07		-0.228455		4.40967		513.744		6.9757e+06		530.742		
00:00:45:850		1.52602e+07		-0.226653		4.39408		513.801		6.97566e+06		530.738		
00:00:45:700		1.52607e+07		-0.225302		4.38206		513.845		6.97563e+06		530.738		
00:00:45:700		1.52607e+07		-0.225302		4.38206		513.845		6.97563e+06		530.738		
00:00:45:500		1.52614e+07		-0.223501		4.36651		513.904		6.97559e+06		530.736		
00:00:45:500		1.52614e+07		-0.223501		4.36651		513.904		6.97559e+06		530.736		
00:00:45:399		1.52618e+07		-0.2226		4.35864		513.932		6.97557e+06		530.733		
00:00:45:299		1.52621e+07		-0.2217		4.35095		513.962		6.97555e+06		530.733		
00:00:45:200		1.52625e+07		-0.220799		4.3431		513.993		6.97553e+06		530.733		
00:00:45:100		1.52629e+07		-0.219899		4.33533		514.023		6.97551e+06		530.731		
00:00:45:000		1.52632e+07		-0.218999		4.32757		514.054		6.97548e+06		530.728		
00:00:44:799		1.52639e+07		-0.217199		4.31216		514.112		6.97544e+06		530.725		
00:00:44:700		1.52643e+07		-0.2163		4.30441		514.143		6.97542e+06		530.727		
00:00:44:700		1.52643e+07		-0.2163		4.30441		514.143		6.97542e+06		530.727		
00:00:44:600		1.52646e+07		-0.2154		4.29668		514.173		6.9754e+06		530.726		
00:00:44:549		1.52648e+07		-0.214951		4.29281		514.188		6.97539e+06		530.724		
00:00:44:399		1.52654e+07		-0.213602		4.28131		514.234		6.97536e+06		530.723		
00:00:44:299		1.52657e+07		-0.212703		4.2737		514.266		6.97534e+06		530.721		
00:00:44:200		1.52661e+07		-0.211804		4.26596		514.296		6.97532e+06		530.718		
00:00:44:100		1.52664e+07		-0.210906		4.2583		514.327		6.9753e+06		530.709		
00:00:44:000		1.52668e+07		-0.210008		4.25063		514.357		6.97528e+06		530.717		
00:00:43:799		1.52675e+07		-0.208212		4.23535		514.42		6.97523e+06		530.714		
00:00:43:799		1.52675e+07		-0.208212		4.23535		514.42		6.97523e+06		530.714		
00:00:43:700		1.52679e+07		-0.207314		4.22775		514.45		6.97521e+06		530.704		
00:00:43:600		1.52682e+07		-0.206417		4.22018		514.482		6.97519e+06		530.714		
00:00:43:500		1.52686e+07		-0.20552		4.21254		514.516		6.97517e+06		530.713		
00:00:43:399		1.52689e+07		-0.204623		4.20499		514.547		6.97515e+06		530.71		
00:00:43:299		1.52693e+07		-0.203727		4.19742		514.577		6.97513e+06		530.701		
00:00:43:200		1.52696e+07		-0.202831		4.18994		514.609		6.97511e+06		530.707		
00:00:43:049		1.52702e+07		-0.201488		4.17871		514.656		6.97508e+06		530.715		
00:00:42:950		1.52705e+07		-0.200593		4.17121		514.689		6.97506e+06		530.692		
00:00:42:850		1.52709e+07		-0.199697		4.1637		514.721		6.97504e+06		530.705		
00:00:42:750		1.52713e+07		-0.198803		4.15621		514.755		6.97502e+06		530.703		
00:00:42:649		1.52716e+07		-0.197909		4.14878		514.787		6.975e+06		530.69		
00:00:42:549		1.5272e+07		-0.197016		4.14134		514.819		6.97497e+06		530.7		
00:00:42:450		1.52723e+07		-0.196123		4.13388		514.854		6.97495e+06		530.705		
00:00:42:350		1.52727e+07		-0.19523		4.12648		514.886		6.97493e+06		530.699		
00:00:42:250		1.52731e+07		-0.194338		4.11914		514.918		6.97491e+06		530.694		
00:00:42:149		1.52734e+07		-0.193447		4.11169		514.95		6.97489e+06		530.691		
00:00:42:049		1.52738e+07		-0.192555		4.10427		514.984		6.97487e+06		530.688		
00:00:42:000		1.52739e+07		-0.192111		4.10064		514.999		6.97486e+06		530.702		
00:00:41:850		1.52745e+07		-0.190775		4.08953		515.05		6.97483e+06		530.682		
00:00:41:799		1.52747e+07		-0.19033		4.08601		515.068		6.97482e+06		530.688		
00:00:41:649		1.52752e+07		-0.188997		4.07495		515.117		6.97479e+06		530.687		
00:00:41:549		1.52756e+07		-0.188109		4.0677		515.151		6.97477e+06		530.68		
00:00:41:450		1.52759e+07		-0.187222		4.0603		515.185		6.97475e+06		530.684		
00:00:41:350		1.52763e+07		-0.186335		4.05305		515.217		6.97473e+06		530.679		
00:00:41:250		1.52766e+07		-0.185448		4.04584		515.255		6.97471e+06		530.683		
00:00:41:250		1.52766e+07		-0.185448		4.04584		515.255		6.97471e+06		530.683		
00:00:41:149		1.5277e+07		-0.184563		4.03863		515.287		6.97469e+06		530.681		
00:00:41:049		1.52774e+07		-0.183678		4.03146		515.321		6.97467e+06		530.672		
00:00:40:850		1.52781e+07		-0.18191		4.01695		515.387		6.97463e+06		530.675		
00:00:40:750		1.52784e+07		-0.181027		4.00986		515.422		6.9746e+06		530.666		
00:00:40:750		1.52784e+07		-0.181027		4.00986		515.422		6.9746e+06		530.666		
00:00:40:649		1.52788e+07		-0.180146		4.00283		515.456		6.97458e+06		530.671		
00:00:40:549		1.52791e+07		-0.179265		3.99574		515.492		6.97456e+06		530.669		
00:00:40:450		1.52795e+07		-0.178385		3.98882		515.526		6.97454e+06		530.682		
00:00:40:299		1.528e+07		-0.177066		3.97817		515.578		6.97451e+06		530.657		
00:00:40:200		1.52804e+07		-0.176188		3.97121		515.613		6.97449e+06		530.664		
00:00:40:100		1.52808e+07		-0.175311		3.96423		515.648		6.97447e+06		530.663		
00:00:40:000		1.52811e+07		-0.174435		3.95734		515.683		6.97445e+06		530.661		
00:00:39:799		1.52818e+07		-0.172685		3.94351		515.756		6.97441e+06		530.653		
00:00:39:700		1.52822e+07		-0.171812		3.93646		515.792		6.97439e+06		530.657		
00:00:39:700		1.52822e+07		-0.171812		3.93646		515.792		6.97439e+06		530.657		
00:00:39:500		1.52829e+07		-0.170067		3.9228		515.866		6.97435e+06		530.656		
00:00:39:500		1.52829e+07		-0.170067		3.9228		515.866		6.97435e+06		530.656		
00:00:39:399		1.52832e+07		-0.169197		3.91596		515.902		6.97433e+06		530.652		
00:00:39:299		1.52836e+07		-0.168328		3.90914		515.938		6.97431e+06		530.648		
00:00:39:200		1.5284e+07		-0.167459		3.90225		515.976		6.97429e+06		530.651		
00:00:39:100		1.52843e+07		-0.166593		3.89556		516.013		6.97427e+06		530.646		
00:00:39:000		1.52847e+07		-0.165726		3.88872		516.049		6.97425e+06		530.644		
00:00:38:799		1.52854e+07		-0.163997		3.87519		516.123		6.97421e+06		530.645		
00:00:38:700		1.52857e+07		-0.163134		3.86856		516.161		6.97419e+06		530.641		
00:00:38:700		1.52857e+07		-0.163134		3.86856		516.161		6.97419e+06		530.641		
00:00:38:600		1.52861e+07		-0.162271		3.86176		516.197		6.97417e+06		530.642		
00:00:38:399		1.52868e+07		-0.160551		3.84842		516.272		6.97413e+06		530.639		
00:00:38:399		1.52868e+07		-0.160551		3.84842		516.272		6.97413e+06		530.639		
00:00:38:299		1.52871e+07		-0.159691		3.84185		516.308		6.97411e+06		530.636		
00:00:38:200		1.52875e+07		-0.158834		3.83509		516.346		6.97409e+06		530.632		
00:00:38:100		1.52879e+07		-0.157977		3.82856		516.382		6.97407e+06		530.633		
00:00:38:000		1.52882e+07		-0.157122		3.82187		516.42		6.97405e+06		530.637		
00:00:37:799		1.52889e+07		-0.155414		3.80877		516.493		6.97401e+06		530.621		
00:00:37:799		1.52889e+07		-0.155414		3.80877		516.493		6.97401e+06		530.621		
00:00:37:700		1.52893e+07		-0.154562		3.8023		516.533		6.97399e+06		530.63		
00:00:37:600		1.52896e+07		-0.153711		3.79568		516.569		6.97397e+06		530.636		
00:00:37:500		1.529e+07		-0.152861		3.78925		516.607		6.97394e+06		530.617		
00:00:37:399		1.52903e+07		-0.152012		3.78274		516.642		6.97392e+06		530.622		
00:00:37:299		1.52907e+07		-0.151165		3.77635		516.68		6.9739e+06		530.62		
00:00:37:149		1.52912e+07		-0.149896		3.76672		516.739		6.97387e+06		530.609		
00:00:37:049		1.52916e+07		-0.149052		3.76031		516.776		6.97385e+06		530.612		
00:00:36:950		1.52919e+07		-0.148209		3.75397		516.814		6.97383e+06		530.614		
00:00:36:850		1.52923e+07		-0.147366		3.74754		516.852		6.97381e+06		530.612		
00:00:36:750		1.52926e+07		-0.146525		3.74115		516.89		6.97379e+06		530.61		
00:00:36:649		1.5293e+07		-0.145685		3.73481		516.927		6.97377e+06		530.609		
00:00:36:549		1.52933e+07		-0.144847		3.72859		516.965		6.97375e+06		530.607		
00:00:36:450		1.52937e+07		-0.144009		3.72225		517.007		6.97373e+06		530.605		
00:00:36:350		1.5294e+07		-0.143173		3.71601		517.044		6.97371e+06		530.602		
00:00:36:250		1.52944e+07		-0.142338		3.70969		517.082		6.97369e+06		530.599		
00:00:36:149		1.52947e+07		-0.141504		3.70355		517.122		6.97367e+06		530.595		
00:00:36:049		1.5295e+07		-0.140672		3.69726		517.161		6.97365e+06		530.602		
00:00:35:950		1.52954e+07		-0.13984		3.69114		517.199		6.97363e+06		530.583		
00:00:35:850		1.52957e+07		-0.139009		3.68491		517.239		6.97361e+06		530.596		
00:00:35:750		1.52961e+07		-0.13818		3.67884		517.278		6.97359e+06		530.593		
00:00:35:649		1.52964e+07		-0.137352		3.67262		517.318		6.97357e+06		530.581		
00:00:35:549		1.52968e+07		-0.136525		3.66662		517.357		6.97355e+06		530.579		
00:00:35:450		1.52971e+07		-0.135699		3.66048		517.397		6.97354e+06		530.585		
00:00:35:450		1.52971e+07		-0.135699		3.66048		517.397		6.97354e+06		530.585		
00:00:35:350		1.52975e+07		-0.134874		3.65437		517.435		6.97352e+06		530.583		
00:00:35:149		1.52982e+07		-0.133227		3.64228		517.516		6.97348e+06		530.576		
00:00:35:149		1.52982e+07		-0.133227		3.64228		517.516		6.97348e+06		530.576		
00:00:35:049		1.52985e+07		-0.132405		3.63629		517.555		6.97346e+06		530.568		
00:00:34:850		1.52992e+07		-0.130764		3.62425		517.634		6.97342e+06		530.58		
00:00:34:750		1.52995e+07		-0.129944		3.6183		517.674		6.9734e+06		530.575		
00:00:34:750		1.52995e+07		-0.129944		3.6183		517.674		6.9734e+06		530.575		
00:00:34:649		1.52999e+07		-0.129126		3.61235		517.714		6.97338e+06		530.573		
00:00:34:549		1.53002e+07		-0.128309		3.60646		517.757		6.97336e+06		530.569		
00:00:34:450		1.53006e+07		-0.127492		3.60046		517.796		6.97334e+06		530.567		
00:00:34:299		1.53011e+07		-0.126269		3.59179		517.857		6.97331e+06		530.566		
00:00:34:200		1.53014e+07		-0.125454		3.5859		517.896		6.97329e+06		530.562		
00:00:34:100		1.53018e+07		-0.12464		3.58001		517.936		6.97327e+06		530.566		
00:00:34:000		1.53021e+07		-0.123827		3.57421		517.975		6.97325e+06		530.559		
00:00:33:899		1.53025e+07		-0.123015		3.56847		518.019		6.97323e+06		530.556		
00:00:33:700		1.53032e+07		-0.121392		3.55682		518.1		6.97319e+06		530.543		
00:00:33:700		1.53032e+07		-0.121392		3.55682		518.1		6.97319e+06		530.543		
00:00:33:500		1.53038e+07		-0.119771		3.54533		518.18		6.97315e+06		530.548		
00:00:33:500		1.53038e+07		-0.119771		3.54533		518.18		6.97315e+06		530.548		
00:00:33:399		1.53042e+07		-0.118961		3.53968		518.22		6.97313e+06		530.546		
00:00:33:299		1.53045e+07		-0.118152		3.53387		518.263		6.97311e+06		530.541		
00:00:33:200		1.53049e+07		-0.117343		3.52832		518.305		6.97309e+06		530.539		
00:00:33:100		1.53052e+07		-0.116534		3.52256		518.346		6.97307e+06		530.537		
00:00:33:000		1.53055e+07		-0.115725		3.51697		518.386		6.97305e+06		530.533		
00:00:32:799		1.53062e+07		-0.114109		3.50574		518.468		6.97301e+06		530.526		
00:00:32:700		1.53066e+07		-0.1133		3.50012		518.512		6.97299e+06		530.53		
00:00:32:700		1.53066e+07		-0.1133		3.50012		518.512		6.97299e+06		530.53		
00:00:32:600		1.53069e+07		-0.112491		3.49446		518.551		6.97297e+06		530.533		
00:00:32:500		1.53072e+07		-0.111683		3.48887		518.593		6.97295e+06		530.526		
00:00:32:399		1.53076e+07		-0.110874		3.48338		518.634		6.97294e+06		530.525		
00:00:32:299		1.53079e+07		-0.110065		3.47788		518.675		6.97292e+06		530.523		
00:00:32:200		1.53082e+07		-0.109256		3.47226		518.717		6.9729e+06		530.521		
00:00:32:100		1.53086e+07		-0.108447		3.46671		518.76		6.97288e+06		530.517		
00:00:31:949		1.53091e+07		-0.107232		3.45849		518.822		6.97285e+06		530.514		
00:00:31:850		1.53094e+07		-0.106421		3.45302		518.865		6.97283e+06		530.508		
00:00:31:800		1.53096e+07		-0.106015		3.45034		518.886		6.97282e+06		530.51		
00:00:31:699		1.53099e+07		-0.105204		3.44483		518.927		6.9728e+06		530.507		
00:00:31:550		1.53104e+07		-0.103984		3.43666		518.991		6.97277e+06		530.489		
00:00:31:500		1.53106e+07		-0.103578		3.4339		519.014		6.97276e+06		530.495		
00:00:31:399		1.53109e+07		-0.102763		3.4286		519.055		6.97274e+06		530.5		
00:00:31:300		1.53113e+07		-0.101947		3.42311		519.098		6.97272e+06		530.496		
00:00:31:199		1.53116e+07		-0.101131		3.41784		519.139		6.9727e+06		530.497		
00:00:31:100		1.5312e+07		-0.100313		3.4123		519.183		6.97268e+06		530.492		
00:00:30:949		1.53125e+07		-0.0990839		3.40421		519.247		6.97265e+06		530.49		
00:00:30:850		1.53128e+07		-0.0982623		3.39882		519.29		6.97264e+06		530.484		
00:00:30:800		1.5313e+07		-0.0978513		3.39623		519.31		6.97263e+06		530.483		
00:00:30:649		1.53135e+07		-0.0966148		3.38811		519.374		6.9726e+06		530.481		
00:00:30:550		1.53138e+07		-0.0957885		3.38279		519.416		6.97258e+06		530.473		
00:00:30:449		1.53141e+07		-0.0949607		3.37749		519.459		6.97256e+06		530.478		
00:00:30:350		1.53145e+07		-0.0941305		3.37213		519.504		6.97254e+06		530.475		
00:00:30:250		1.53148e+07		-0.093298		3.36676		519.545		6.97252e+06		530.471		
00:00:30:149		1.53152e+07		-0.092464		3.36158		519.588		6.9725e+06		530.463		
00:00:30:050		1.53155e+07		-0.0916271		3.35613		519.631		6.97248e+06		530.467		
00:00:29:949		1.53158e+07		-0.0907884		3.3509		519.675		6.97246e+06		530.467		
00:00:29:850		1.53162e+07		-0.0899463		3.34558		519.718		6.97244e+06		530.463		
00:00:29:750		1.53165e+07		-0.0891023		3.34018		519.763		6.97242e+06		530.46		
00:00:29:649		1.53169e+07		-0.0882554		3.33495		519.804		6.97241e+06		530.464		
00:00:29:550		1.53172e+07		-0.0874057		3.32972		519.847		6.97239e+06		530.455		
00:00:29:449		1.53172e+07		-0.0874057		3.32972		519.847		6.97239e+06		530.455		
00:00:29:449		1.53175e+07		-0.0865531		3.32444		519.892		6.97237e+06		530.447		
00:00:29:350		1.53179e+07		-0.0856977		3.31913		519.935		6.97235e+06		530.451		
00:00:29:250		1.53182e+07		-0.0848389		3.31393		519.979		6.97233e+06		530.448		
00:00:29:149		1.53186e+07		-0.0839767		3.30861		520.022		6.97231e+06		530.445		
00:00:29:050		1.53189e+07		-0.0831113		3.3034		520.067		6.97229e+06		530.442		
00:00:28:949		1.53193e+07		-0.0822425		3.29819		520.11		6.97227e+06		530.438		
00:00:28:699		1.53201e+07		-0.0800538		3.28486		520.219		6.97223e+06		530.432		
00:00:28:699		1.53201e+07		-0.0800538		3.28486		520.219		6.97223e+06		530.432		
00:00:28:550		1.53206e+07		-0.0787292		3.27707		520.286		6.9722e+06		530.42		
00:00:28:449		1.5321e+07		-0.0778413		3.27171		520.329		6.97218e+06		530.419		
00:00:28:350		1.53213e+07		-0.0769491		3.26653		520.372		6.97216e+06		530.436		
00:00:28:350		1.53213e+07		-0.0769491		3.26653		520.372		6.97216e+06		530.436		
00:00:28:250		1.53217e+07		-0.0760527		3.26119		520.415		6.97214e+06		530.414		
00:00:28:149		1.5322e+07		-0.0751514		3.256		520.46		6.97212e+06		530.415		
00:00:28:050		1.53224e+07		-0.0742459		3.25075		520.505		6.9721e+06		530.416		
00:00:27:800		1.53233e+07		-0.0719619		3.23755		520.616		6.97206e+06		530.406		
00:00:27:750		1.53234e+07		-0.0715017		3.23486		520.637		6.97205e+06		530.413		
00:00:27:750		1.53234e+07		-0.0715017		3.23486		520.637		6.97205e+06		530.413		
00:00:27:600		1.5324e+07		-0.0701137		3.22711		520.704		6.97202e+06		530.408		
00:00:27:500		1.53243e+07		-0.0691814		3.22182		520.749		6.972e+06		530.404		
00:00:27:399		1.53247e+07		-0.068244		3.2165		520.794		6.97198e+06		530.402		
00:00:27:300		1.5325e+07		-0.0673013		3.21094		520.837		6.97196e+06		530.399		
00:00:27:199		1.53254e+07		-0.0663533		3.20593		520.882		6.97195e+06		530.397		
00:00:27:100		1.53258e+07		-0.0653996		3.20092		520.925		6.97193e+06		530.395		
00:00:27:000		1.53261e+07		-0.0644403		3.19567		520.968		6.97191e+06		530.383		
00:00:26:800		1.53269e+07		-0.0625048		3.18396		521.06		6.97187e+06		530.387		
00:00:26:699		1.53272e+07		-0.0615277		3.1793		521.105		6.97185e+06		530.384		
00:00:26:699		1.53272e+07		-0.0615277		3.1793		521.105		6.97185e+06		530.384		
00:00:26:600		1.53276e+07		-0.0605454		3.175		521.148		6.97183e+06		530.381		
00:00:26:449		1.53282e+07		-0.0590606		3.16632		521.215		6.97181e+06		530.376		
00:00:26:350		1.53285e+07		-0.0580621		3.15903		521.26		6.97179e+06		530.375		
00:00:26:300		1.53289e+07		-0.0570579		3.15307		521.305		6.97177e+06		530.372		
00:00:26:149		1.53293e+07		-0.0560474		3.15141		521.35		6.97175e+06		530.369		
00:00:26:050		1.53297e+07		-0.0550313		3.14965		521.393		6.97173e+06		530.365		
00:00:25:949		1.53301e+07		-0.0540109		3.14795		521.438		6.97172e+06		530.362		
00:00:25:850		1.53304e+07		-0.0529847		3.14626		521.483		6.9717e+06		530.359		
00:00:25:750		1.53308e+07		-0.0519528		3.14456		521.527		6.97168e+06		530.36		
00:00:25:649		1.53312e+07		-0.0509157		3.14287		521.572		6.97166e+06		530.357		
00:00:25:550		1.53316e+07		-0.0498734		3.14121		521.617		6.97164e+06		530.353		
00:00:25:449		1.5332e+07		-0.0488248		3.13948		521.66		6.97163e+06		530.351		
00:00:25:350		1.53324e+07		-0.04777		3.13778		521.705		6.97161e+06		530.347		
00:00:25:250		1.53327e+07		-0.04671		3.13605		521.754		6.97159e+06		530.344		
00:00:25:149		1.53331e+07		-0.0456424		3.13431		521.797		6.97157e+06		530.335		
00:00:25:050		1.53335e+07		-0.04457		3.13266		521.84		6.97155e+06		530.341		
00:00:24:949		1.53339e+07		-0.0434899		3.13088		521.885		6.97154e+06		530.338		
00:00:24:850		1.53343e+07		-0.0424032		3.12922		521.929		6.97152e+06		530.335		
00:00:24:750		1.53347e+07		-0.0413103		3.12745		521.974		6.9715e+06		530.332		
00:00:24:649		1.53351e+07		-0.0402102		3.12572		522.021		6.97148e+06		530.33		
00:00:24:550		1.53355e+07		-0.0391035		3.12406		522.064		6.97146e+06		530.325		
00:00:24:449		1.53359e+07		-0.0379891		3.12233		522.111		6.97145e+06		530.315		
00:00:24:350		1.53363e+07		-0.0368681		3.1206		522.154		6.97143e+06		530.321		
00:00:24:250		1.53367e+07		-0.0357389		3.11883		522.2		6.97141e+06		530.319		
00:00:24:149		1.53371e+07		-0.0346022		3.11706		522.245		6.97139e+06		530.318		
00:00:24:149		1.53371e+07		-0.0346022		3.11706		522.245		6.97139e+06		530.318		
00:00:24:050		1.53375e+07		-0.0334573		3.11532		522.29		6.97137e+06		530.314		
00:00:23:949		1.53379e+07		-0.0323029		3.11355		522.335		6.97136e+06		530.305		
00:00:23:699		1.53389e+07		-0.0293775		3.10911		522.447		6.97131e+06		530.294		
00:00:23:699		1.53389e+07		-0.0293775		3.10911		522.447		6.97131e+06		530.294		
00:00:23:600		1.53393e+07		-0.0281911		3.10736		522.493		6.9713e+06		530.304		
00:00:23:550		1.53395e+07		-0.0275946		3.10644		522.516		6.97129e+06		530.301		
00:00:23:399		1.53402e+07		-0.0257916		3.10396		522.583		6.97126e+06		530.3		
00:00:23:300		1.53406e+07		-0.0245795		3.10214		522.628		6.97124e+06		530.304		
00:00:23:199		1.5341e+07		-0.0233598		3.10025		522.673		6.97123e+06		530.297		
00:00:23:100		1.53414e+07		-0.0221329		3.09847		522.716		6.97121e+06		530.294		
00:00:22:899		1.53421e+07		-0.0197797		3.0955		522.807		6.97117e+06		530.289		
00:00:22:899		1.53421e+07		-0.0197797		3.0955		522.807		6.97117e+06		530.289		
00:00:22:699		1.53431e+07		-0.0179186		3.09239		522.897		6.97114e+06		530.279		
00:00:22:600		1.53436e+07		-0.0169883		3.09093		522.941		6.97112e+06		530.282		
00:00:22:600		1.53436e+07		-0.0169883		3.09093		522.941		6.97112e+06		530.282		
00:00:22:500		1.53441e+07		-0.0160584		3.0895		522.986		6.9711e+06		530.278		
00:00:22:399		1.53446e+07		-0.0151281		3.08796		523.031		6.97109e+06		530.27		
00:00:22:300		1.53451e+07		-0.0141983		3.08653		523.076		6.97107e+06		530.275		
00:00:22:199		1.53456e+07		-0.0132689		3.08499		523.12		6.97105e+06		530.274		
00:00:22:100		1.53461e+07		-0.0123391		3.08348		523.165		6.97103e+06		530.273		
00:00:22:000		1.53466e+07		-0.0114102		3.08194		523.21		6.97102e+06		530.27		
00:00:21:800		1.53476e+07		-0.00955248		3.07915		523.301		6.97098e+06		530.267		
00:00:21:699		1.53481e+07		-0.00862408		3.07758		523.348		6.97097e+06		530.265		
00:00:21:699		1.53481e+07		-0.00862408		3.07758		523.348		6.97097e+06		530.265		
00:00:21:600		1.53486e+07		-0.00769567		3.0761		523.392		6.97095e+06		530.262		
00:00:21:500		1.53491e+07		-0.00676823		3.07458		523.435		6.97093e+06		530.26		
00:00:21:399		1.53496e+07		-0.00583982		3.07316		523.48		6.97091e+06		530.25		
00:00:21:300		1.53501e+07		-0.00491238		3.07167		523.527		6.9709e+06		530.256		
00:00:21:199		1.53506e+07		-0.0039854		3.07014		523.571		6.97088e+06		530.254		
00:00:21:100		1.53511e+07		-0.00305796		3.0687		523.616		6.97086e+06		530.251		
00:00:21:000		1.53516e+07		-0.00213146		3.06734		523.661		6.97084e+06		530.249		
00:00:20:800		1.53526e+07		-0.000278473		3.06441		523.752		6.97081e+06		530.244		
00:00:20:649		1.53533e+07		0.00111151		3.06231		523.817		6.97078e+06		530.24		
00:00:20:649		1.53533e+07		0.00111151		3.06231		523.817		6.97078e+06		530.24		
00:00:20:550		1.53538e+07		0.00203705		3.06077		523.862		6.97076e+06		530.231		
00:00:20:449		1.53543e+07		0.00296307		3.05927		523.907		6.97075e+06		530.234		
00:00:20:350		1.53548e+07		0.00388765		3.05787		523.949		6.97073e+06		530.233		
00:00:20:250		1.53553e+07		0.00481319		3.05634		523.996		6.97071e+06		530.231		
00:00:20:149		1.53558e+07		0.0057373		3.055		524.041		6.97069e+06		530.234		
00:00:20:050		1.53563e+07		0.00666142		3.05349		524.083		6.97068e+06		530.227		
00:00:19:949		1.53568e+07		0.00758553		3.05203		524.128		6.97066e+06		530.217		
00:00:19:850		1.53573e+07		0.00850868		3.0506		524.173		6.97064e+06		530.221		
00:00:19:750		1.53578e+07		0.00943184		3.04918		524.216		6.97062e+06		530.213		
00:00:19:649		1.53583e+07		0.0103545		3.04785		524.262		6.97061e+06		530.219		
00:00:19:550		1.53583e+07		0.0103545		3.04785		524.262		6.97061e+06		530.219		
00:00:19:449		1.53593e+07		0.0121989		3.04493		524.349		6.97057e+06		530.213		
00:00:19:350		1.53598e+07		0.0131202		3.04352		524.392		6.97055e+06		530.206		
00:00:19:250		1.53603e+07		0.0140409		3.04214		524.435		6.97054e+06		530.209		
00:00:19:250		1.53603e+07		0.0140409		3.04214		524.435		6.97054e+06		530.209		
00:00:19:149		1.53608e+07		0.0149612		3.041		524.482		6.97052e+06		530.207		
00:00:19:050		1.53613e+07		0.0158815		3.0394		524.524		6.9705e+06		530.204		
00:00:18:949		1.53618e+07		0.0168014		3.03789		524.569		6.97048e+06		530.201		
00:00:18:750		1.53628e+07		0.0186396		3.03509		524.654		6.97045e+06		530.197		
00:00:18:649		1.53633e+07		0.019558		3.03386		524.699		6.97043e+06		530.195		
00:00:18:550		1.53638e+07		0.0204759		3.03237		524.744		6.97041e+06		530.195		
00:00:18:449		1.53643e+07		0.0213933		3.03102		524.786		6.97039e+06		530.192		
00:00:18:350		1.53648e+07		0.0223103		3.02972		524.831		6.97038e+06		530.181		
00:00:18:250		1.53653e+07		0.0232267		3.02826		524.874		6.97036e+06		530.188		
00:00:18:149		1.53658e+07		0.0241427		3.02687		524.918		6.97034e+06		530.177		
00:00:18:149		1.53658e+07		0.0241427		3.02687		524.918		6.97034e+06		530.177		
00:00:18:050		1.53663e+07		0.0250583		3.0256		524.961		6.97032e+06		530.183		
00:00:17:949		1.53668e+07		0.0259728		3.02426		525.006		6.9703e+06		530.181		
00:00:17:750		1.53678e+07		0.0278015		3.02152		525.093		6.97027e+06		530.175		
00:00:17:600		1.53685e+07		0.029171		3.01942		525.158		6.97024e+06		530.171		
00:00:17:600		1.53685e+07		0.029171		3.01942		525.158		6.97024e+06		530.171		
00:00:17:500		1.5369e+07		0.0300832		3.01792		525.201		6.97022e+06		530.168		
00:00:17:399		1.53695e+07		0.0309954		3.01667		525.245		6.97021e+06		530.165		
00:00:17:300		1.537e+07		0.0319066		3.01527		525.288		6.97019e+06		530.158		
00:00:17:199		1.53705e+07		0.0328174		3.01394		525.331		6.97017e+06		530.155		
00:00:17:100		1.5371e+07		0.0337272		3.01262		525.373		6.97015e+06		530.159		
00:00:16:800		1.53725e+07		0.0364537		3.00867		525.5		6.9701e+06		530.15		
00:00:16:800		1.53725e+07		0.0364537		3.00867		525.5		6.9701e+06		530.15		
00:00:16:699		1.5373e+07		0.0373611		3.00733		525.544		6.97008e+06		530.135		
00:00:16:699		1.5373e+07		0.0373611		3.00733		525.544		6.97008e+06		530.135		
00:00:16:600		1.53735e+07		0.0382686		3.00597		525.585		6.97006e+06		530.14		
00:00:16:500		1.5374e+07		0.0391746		3.00474		525.628		6.97004e+06		530.145		
00:00:16:399		1.53745e+07		0.0400801		3.00337		525.67		6.97002e+06		530.141		
00:00:16:350		1.53748e+07		0.0405326		3.00276		525.691		6.97001e+06		530.141		
00:00:16:199		1.53755e+07		0.0418892		3.00069		525.756		6.96999e+06		530.136		
00:00:16:100		1.5376e+07		0.0427928		2.99937		525.797		6.96997e+06		530.133		
00:00:16:000		1.53765e+07		0.0436954		2.99805		525.837		6.96995e+06		530.13		
00:00:15:800		1.53775e+07		0.0454984		2.99556		525.921		6.96991e+06		530.112		
00:00:15:699		1.5378e+07		0.0463991		2.99421		525.964		6.96989e+06		530.116		
00:00:15:699		1.5378e+07		0.0463991		2.99421		525.964		6.96989e+06		530.116		
00:00:15:599		1.53785e+07		0.0472984		2.99296		526.006		6.96987e+06		530.123		
00:00:15:500		1.5379e+07		0.0481973		2.99163		526.047		6.96985e+06		530.114		
00:00:15:400		1.53795e+07		0.0490952		2.99034		526.088		6.96984e+06		530.118		
00:00:15:300		1.538e+07		0.0499921		2.98909		526.129		6.96982e+06		530.113		
00:00:15:199		1.53805e+07		0.0508881		2.98784		526.171		6.9698e+06		530.111		
00:00:15:099		1.5381e+07		0.0517836		2.98655		526.212		6.96978e+06		530.11		
00:00:15:000		1.53815e+07		0.0526781		2.98525		526.255		6.96976e+06		530.108		
00:00:14:800		1.53825e+07		0.0544648		2.98266		526.336		6.96972e+06		530.1		
00:00:14:650		1.53833e+07		0.0558019		2.981		526.397		6.96969e+06		530.092		
00:00:14:650		1.53833e+07		0.0558019		2.981		526.397		6.96969e+06		530.092		
00:00:14:550		1.53838e+07		0.0566931		2.97971		526.436		6.96967e+06		530.095		
00:00:14:449		1.53843e+07		0.0575824		2.9782		526.477		6.96966e+06		530.091		
00:00:14:349		1.53848e+07		0.0584717		2.97698		526.518		6.96964e+06		530.083		
00:00:14:250		1.53853e+07		0.0593596		2.97578		526.558		6.96962e+06		530.076		
00:00:14:150		1.53858e+07		0.0602469		2.97455		526.597		6.9696e+06		530.085		
00:00:14:050		1.53863e+07		0.0611334		2.97321		526.636		6.96958e+06		530.073		
00:00:13:949		1.53868e+07		0.0620189		2.97186		526.675		6.96956e+06		530.074		
00:00:13:849		1.53873e+07		0.0629034		2.9706		526.714		6.96954e+06		530.077		
00:00:13:750		1.53878e+07		0.063787		2.96943		526.755		6.96952e+06		530.074		
00:00:13:699		1.53881e+07		0.0642285		2.96881		526.773		6.96951e+06		530.073		
00:00:13:599		1.53886e+07		0.0651112		2.96759		526.812		6.96949e+06		530.073		
00:00:13:500		1.53891e+07		0.0659924		2.96631		526.851		6.96947e+06		530.07		
00:00:13:349		1.53899e+07		0.0673132		2.96439		526.907		6.96945e+06		530.065		
00:00:13:250		1.53904e+07		0.068192		2.96312		526.947		6.96943e+06		530.062		
00:00:13:150		1.53909e+07		0.0690703		2.96189		526.984		6.96941e+06		530.058		
00:00:13:050		1.53914e+07		0.0699477		2.9607		527.025		6.96939e+06		530.053		
00:00:12:949		1.53919e+07		0.0708241		2.95935		527.062		6.96937e+06		530.048		
00:00:12:849		1.53924e+07		0.0717001		2.95811		527.101		6.96935e+06		530.052		
00:00:12:750		1.53929e+07		0.0725751		2.9569		527.14		6.96933e+06		530.048		
00:00:12:650		1.53934e+07		0.0734487		2.95562		527.179		6.96931e+06		530.048		
00:00:12:550		1.53939e+07		0.0743222		2.95438		527.216		6.96929e+06		530.047		
00:00:12:449		1.53945e+07		0.0751944		2.95319		527.256		6.96927e+06		530.043		
00:00:12:449		1.53945e+07		0.0751944		2.95319		527.256		6.96927e+06		530.043		
00:00:12:349		1.5395e+07		0.076066		2.95204		527.293		6.96925e+06		530.03		
00:00:12:250		1.53955e+07		0.0769362		2.95068		527.33		6.96923e+06		530.037		
00:00:12:150		1.5396e+07		0.077806		2.9494		527.369		6.96921e+06		530.029		
00:00:12:050		1.53965e+07		0.0786753		2.9483		527.406		6.96919e+06		530.034		
00:00:11:900		1.53973e+07		0.079977		2.94644		527.462		6.96916e+06		530.03		
00:00:11:699		1.53983e+07		0.0817108		2.944		527.537		6.96912e+06		530.025		
00:00:11:699		1.53983e+07		0.0817108		2.944		527.537		6.96912e+06		530.025		
00:00:11:599		1.53988e+07		0.0825758		2.94276		527.574		6.9691e+06		530.023		
00:00:11:500		1.53994e+07		0.0834403		2.94157		527.611		6.96908e+06		530.021		
00:00:11:400		1.53999e+07		0.0843043		2.94037		527.647		6.96906e+06		530.017		
00:00:11:199		1.54009e+07		0.0860295		2.93793		527.721		6.96902e+06		530.011		
00:00:11:199		1.54009e+07		0.0860295		2.93793		527.721		6.96902e+06		530.011		
00:00:11:099		1.54014e+07		0.0868907		2.93678		527.757		6.969e+06		530.009		
00:00:11:000		1.5402e+07		0.0877519		2.93566		527.791		6.96898e+06		530.005		
00:00:10:900		1.54025e+07		0.0886121		2.93442		527.826		6.96896e+06		530.003		
00:00:10:699		1.54035e+07		0.0903306		2.93206		527.896		6.96892e+06		529.999		
00:00:10:699		1.54035e+07		0.0903306		2.93206		527.896		6.96892e+06		529.999		
00:00:10:599		1.54041e+07		0.0911889		2.9309		527.931		6.9689e+06		529.995		
00:00:10:500		1.54046e+07		0.0920472		2.92982		527.963		6.96888e+06		529.99		
00:00:10:400		1.54051e+07		0.0929041		2.92854		527.998		6.96886e+06		529.987		
00:00:10:300		1.54057e+07		0.0937614		2.92738		528.029		6.96884e+06		529.978		
00:00:10:199		1.54062e+07		0.0946183		2.92623		528.062		6.96882e+06		529.983		
00:00:10:099		1.54067e+07		0.0954747		2.92515		528.096		6.9688e+06		529.98		
00:00:10:000		1.54073e+07		0.0963302		2.92395		528.129		6.96878e+06		529.981		
00:00:09:800		1.54084e+07		0.0980411		2.92158		528.197		6.96874e+06		529.97		
00:00:09:699		1.54089e+07		0.098896		2.9205		528.23		6.96871e+06		529.958		
00:00:09:699		1.54089e+07		0.098896		2.9205		528.23		6.96871e+06		529.958		
00:00:09:599		1.54094e+07		0.099751		2.91947		528.266		6.96869e+06		529.961		
00:00:09:500		1.541e+07		0.100605		2.91822		528.299		6.96867e+06		529.956		
00:00:09:349		1.54108e+07		0.101885		2.91649		528.349		6.96864e+06		529.952		
00:00:09:250		1.54113e+07		0.102738		2.91546		528.382		6.96862e+06		529.945		
00:00:09:150		1.54119e+07		0.103591		2.91434		528.415		6.96859e+06		529.957		
00:00:09:050		1.54125e+07		0.104443		2.91322		528.448		6.96857e+06		529.939		
00:00:08:949		1.5413e+07		0.105294		2.9121		528.48		6.96855e+06		529.94		
00:00:08:750		1.54141e+07		0.106996		2.90995		528.542		6.9685e+06		529.928		
00:00:08:650		1.54147e+07		0.107847		2.90883		528.572		6.96848e+06		529.922		
00:00:08:650		1.54147e+07		0.107847		2.90883		528.572		6.96848e+06		529.922		
00:00:08:550		1.54152e+07		0.108697		2.90771		528.603		6.96846e+06		529.916		
00:00:08:449		1.54158e+07		0.109547		2.90665		528.633		6.96843e+06		529.909		
00:00:08:349		1.54164e+07		0.110396		2.90558		528.662		6.96841e+06		529.904		
00:00:08:349		1.54164e+07		0.110396		2.90558		528.662		6.96841e+06		529.904		
00:00:08:250		1.54169e+07		0.111246		2.90454		528.692		6.96838e+06		529.904		
00:00:08:150		1.54175e+07		0.112095		2.90351		528.721		6.96836e+06		529.895		
00:00:08:050		1.54181e+07		0.112945		2.90237		528.751		6.96833e+06		529.907		
00:00:07:950		1.54187e+07		0.113793		2.90143		528.782		6.96831e+06		529.879		
00:00:07:750		1.54198e+07		0.115491		2.89938		528.841		6.96826e+06		529.868		
00:00:07:750		1.54198e+07		0.115491		2.89938		528.841		6.96826e+06		529.868		
00:00:07:650		1.54204e+07		0.11634		2.89831		528.873		6.96823e+06		529.864		
00:00:07:450		1.54216e+07		0.118038		2.89626		528.932		6.96818e+06		529.843		
00:00:07:450		1.54216e+07		0.118038		2.89626		528.932		6.96818e+06		529.843		
00:00:07:299		1.54225e+07		0.11931		2.89471		528.978		6.96814e+06		529.838		
00:00:07:200		1.54231e+07		0.12016		2.89365		529.007		6.96811e+06		529.828		
00:00:07:099		1.54237e+07		0.121008		2.89267		529.033		6.96809e+06		529.818		
00:00:07:000		1.54243e+07		0.121857		2.89165		529.061		6.96806e+06		529.812		
00:00:06:900		1.54249e+07		0.122706		2.89068		529.087		6.96803e+06		529.803		
00:00:06:750		1.54258e+07		0.123981		2.88923		529.125		6.96798e+06		529.785		
00:00:06:750		1.54258e+07		0.123981		2.88923		529.125		6.96798e+06		529.785		
00:00:06:650		1.54265e+07		0.12483		2.88822		529.151		6.96796e+06		529.775		
00:00:06:500		1.54274e+07		0.126104		2.88677		529.19		6.96791e+06		529.758		
00:00:06:400		1.5428e+07		0.126954		2.88581		529.214		6.96788e+06		529.745		
00:00:06:200		1.54293e+07		0.128654		2.8839		529.267		6.96782e+06		529.716		
00:00:06:200		1.54293e+07		0.128654		2.8839		529.267		6.96782e+06		529.716		
00:00:06:099		1.54299e+07		0.129505		2.88299		529.291		6.96778e+06		529.703		
00:00:06:000		1.54306e+07		0.130355		2.88203		529.315		6.96775e+06		529.682		
00:00:05:900		1.54312e+07		0.131206		2.88109		529.341		6.96772e+06		529.656		
00:00:05:700		1.54325e+07		0.132908		2.87928		529.393		6.96765e+06		529.642		
00:00:05:700		1.54325e+07		0.132908		2.87928		529.393		6.96765e+06		529.642		
00:00:05:599		1.54332e+07		0.133759		2.87838		529.418		6.96762e+06		529.626		
00:00:05:500		1.54338e+07		0.134611		2.87744		529.442		6.96758e+06		529.607		
00:00:05:400		1.54345e+07		0.135463		2.87651		529.468		6.96755e+06		529.587		
00:00:05:299		1.54352e+07		0.136315		2.87562		529.49		6.96751e+06		529.569		
00:00:05:200		1.54358e+07		0.137167		2.87473		529.516		6.96747e+06		529.546		
00:00:05:099		1.54365e+07		0.138019		2.87381		529.536		6.96743e+06		529.518		
00:00:05:000		1.54372e+07		0.138871		2.87293		529.558		6.9674e+06		529.518		
00:00:04:750		1.54389e+07		0.140998		2.8707		529.614		6.9673e+06		529.447		
00:00:04:650		1.54396e+07		0.14185		2.86984		529.634		6.96726e+06		529.421		
00:00:04:650		1.54396e+07		0.14185		2.86984		529.634		6.96726e+06		529.421		
00:00:04:549		1.54403e+07		0.1427		2.8689		529.654		6.96722e+06		529.394		
00:00:04:450		1.5441e+07		0.143551		2.86805		529.676		6.96717e+06		529.345		
00:00:04:349		1.54417e+07		0.144403		2.86715		529.696		6.96713e+06		529.337		
00:00:04:250		1.54425e+07		0.145254		2.86626		529.717		6.96709e+06		529.304		
00:00:04:150		1.54432e+07		0.146107		2.86537		529.737		6.96704e+06		529.271		
00:00:04:049		1.54439e+07		0.146959		2.86452		529.759		6.967e+06		529.235		
00:00:04:000		1.54443e+07		0.147386		2.86412		529.766		6.96698e+06		529.216		
00:00:03:799		1.54458e+07		0.149088		2.86244		529.803		6.96688e+06		529.145		
00:00:03:649		1.5447e+07		0.150357		2.86128		529.831		6.96681e+06		529.086		
00:00:03:649		1.5447e+07		0.150357		2.86128		529.831		6.96681e+06		529.086		
00:00:03:549		1.54477e+07		0.151198		2.86058		529.847		6.96676e+06		529.032		
00:00:03:450		1.54485e+07		0.152033		2.85983		529.864		6.96671e+06		528.999		
00:00:03:350		1.54492e+07		0.152865		2.85897		529.882		6.96666e+06		528.951		
00:00:03:250		1.54499e+07		0.153693		2.85809		529.899		6.96661e+06		528.908		
00:00:03:149		1.54506e+07		0.154522		2.85716		529.916		6.96655e+06		528.861		
00:00:03:049		1.54514e+07		0.155355		2.85623		529.93		6.9665e+06		528.809		
00:00:02:950		1.54521e+07		0.156195		2.85525		529.945		6.96644e+06		528.73		
00:00:02:850		1.54529e+07		0.157045		2.85418		529.958		6.96639e+06		528.702		
00:00:02:750		1.54538e+07		0.157903		2.85319		529.973		6.96633e+06		528.647		
00:00:02:750		1.54538e+07		0.157903		2.85319		529.973		6.96633e+06		528.647		
00:00:02:549		1.54557e+07		0.159628		2.85179		529.997		6.96622e+06		528.501		
00:00:02:549		1.54557e+07		0.159628		2.85179		529.997		6.96622e+06		528.501		
00:00:02:450		1.54567e+07		0.160478		2.85151		530.009		6.96616e+06		528.469		
00:00:02:350		1.54577e+07		0.161303		2.85124		530.022		6.9661e+06		528.408		
00:00:02:250		1.54587e+07		0.162093		2.85105		530.033		6.96604e+06		528.343		
00:00:02:149		1.54596e+07		0.16284		2.85088		530.046		6.96598e+06		528.279		
00:00:02:000		1.54606e+07		0.163889		2.85034		530.065		6.96589e+06		528.168		
00:00:01:949		1.54609e+07		0.164226		2.84996		530.072		6.96586e+06		528.133		
00:00:01:750		1.54618e+07		0.165584		2.84627		530.098		6.96573e+06		528		
00:00:01:750		1.54618e+07		0.165584		2.84627		530.098		6.96573e+06		528		
00:00:01:600		1.54628e+07		0.166714		2.84274		530.114		6.96563e+06		527.861		
00:00:01:500		1.54638e+07		0.167559		2.84083		530.127		6.96556e+06		527.757		
00:00:01:399		1.54652e+07		0.168475		2.8389		530.14		6.96548e+06		527.653		
00:00:01:300		1.54672e+07		0.169435		2.83682		530.153		6.96541e+06		527.553		
00:00:01:100		1.5472e+07		0.171243		2.83809		530.179		6.96525e+06		527.331		
00:00:01:100		1.5472e+07		0.171243		2.83809		530.179		6.96525e+06		527.331		
00:00:01:000		1.54744e+07		0.171946		2.84295		530.19		6.96516e+06		527.199		
00:00:00:900		1.54763e+07		0.172442		2.84658		530.197		6.96507e+06		527.047		
00:00:00:699		1.54784e+07		0.17283		2.84103		530.204		6.96489e+06		526.826		
00:00:00:699		1.54784e+07		0.17283		2.84103		530.204		6.96489e+06		526.826		
00:00:00:599		1.54786e+07		0.17284		2.83569		530.208		6.96486e+06		526.815		
00:00:00:500		1.54786e+07		0.172839		2.83569		530.21		6.96485e+06		526.828		
00:00:00:400		1.54786e+07		0.17284		2.83568		530.214		6.96485e+06		526.823		
00:00:00:299		1.54786e+07		0.17284		2.83568		530.217		6.96485e+06		526.83		
00:00:00:200		1.54785e+07		0.17284		2.83568		530.219		6.96484e+06		526.825		
00:00:00:100		1.54785e+07		0.17284		2.83572		530.221		6.96484e+06		526.821		
00:00:00:000		1.54785e+07		0.17284		2.83571		530.225		6.96483e+06		526.826		
00:00:00:000		1.54785e+07		0.17284		2.83571		530.225		6.96483e+06		526.826		
00:00:00:000		1.54785e+07		0.17284		2.83571		530.225		6.96483e+06		526.826		
00:00:00:000		1.54785e+07		0.17284		2.83571		530.225		6.96483e+06		526.826		
00:00:00:000		1.54785e+07		0.17284		2.83571		530.225		6.96483e+06		526.826		
