	time 		rcpppzr	rcp054rcp007mnzoyout	rcv501std0102fvol	fwfrcp001gv	rcppmssga	msfsg(1)	
00:01:05:450		1.51692e+07		-0.437485		5.84473		508.787		6.98028e+06		531.202		
00:01:05:349		1.51695e+07		-0.436592		5.84125		508.795		6.98027e+06		531.214		
00:01:05:250		1.51699e+07		-0.435699		5.83774		508.804		6.98025e+06		531.201		
00:01:05:150		1.51703e+07		-0.434806		5.83421		508.814		6.98023e+06		531.198		
00:01:05:049		1.51708e+07		-0.433466		5.82892		508.827		6.9802e+06		531.184		
00:01:04:950		1.5171e+07		-0.433019		5.82715		508.831		6.98019e+06		531.187		
00:01:04:849		1.51714e+07		-0.432125		5.82358		508.841		6.98017e+06		531.194		
00:01:04:650		1.51721e+07		-0.430337		5.81646		508.86		6.98014e+06		531.191		
00:01:04:650		1.51721e+07		-0.430337		5.81646		508.86		6.98014e+06		531.191		
00:01:04:549		1.51725e+07		-0.429442		5.81282		508.869		6.98012e+06		531.18		
00:01:04:450		1.51728e+07		-0.428548		5.80922		508.879		6.9801e+06		531.185		
00:01:04:299		1.51734e+07		-0.427206		5.80387		508.894		6.98007e+06		531.188		
00:01:04:200		1.51738e+07		-0.426311		5.80025		508.904		6.98006e+06		531.188		
00:01:04:150		1.5174e+07		-0.425863		5.79842		508.909		6.98005e+06		531.187		
00:01:04:000		1.51745e+07		-0.42452		5.79299		508.925		6.98002e+06		531.185		
00:01:03:899		1.51749e+07		-0.423625		5.78933		508.936		6.98e+06		531.186		
00:01:03:799		1.51752e+07		-0.422728		5.78569		508.946		6.97998e+06		531.184		
00:01:03:750		1.51754e+07		-0.42228		5.78387		508.952		6.97997e+06		531.182		
00:01:03:600		1.5176e+07		-0.420936		5.77833		508.967		6.97994e+06		531.182		
00:01:03:500		1.51763e+07		-0.420039		5.77466		508.978		6.97993e+06		531.175		
00:01:03:399		1.51767e+07		-0.419143		5.77096		508.99		6.97991e+06		531.181		
00:01:03:299		1.51771e+07		-0.418245		5.76724		509.001		6.97989e+06		531.18		
00:01:03:200		1.51775e+07		-0.417348		5.76351		509.015		6.97987e+06		531.178		
00:01:03:100		1.51778e+07		-0.416451		5.7598		509.026		6.97985e+06		531.176		
00:01:03:000		1.51782e+07		-0.415553		5.75604		509.038		6.97983e+06		531.176		
00:01:02:899		1.51786e+07		-0.414656		5.75228		509.049		6.97981e+06		531.174		
00:01:02:799		1.51789e+07		-0.413757		5.74852		509.061		6.9798e+06		531.174		
00:01:02:700		1.51793e+07		-0.412859		5.74474		509.072		6.97978e+06		531.172		
00:01:02:600		1.51797e+07		-0.41196		5.7409		509.084		6.97976e+06		531.171		
00:01:02:500		1.518e+07		-0.411061		5.73709		509.095		6.97974e+06		531.17		
00:01:02:399		1.51804e+07		-0.410163		5.73327		509.109		6.97972e+06		531.168		
00:01:02:299		1.51808e+07		-0.409263		5.72945		509.12		6.9797e+06		531.167		
00:01:02:149		1.51813e+07		-0.407914		5.72372		509.139		6.97967e+06		531.158		
00:01:02:100		1.51817e+07		-0.407013		5.71988		509.151		6.97965e+06		531.164		
00:01:01:950		1.51821e+07		-0.406113		5.71601		509.162		6.97964e+06		531.164		
00:01:01:899		1.51823e+07		-0.405663		5.71406		509.17		6.97963e+06		531.162		
00:01:01:799		1.51828e+07		-0.404312		5.70821		509.187		6.9796e+06		531.16		
00:01:01:649		1.51832e+07		-0.40341		5.70428		509.201		6.97958e+06		531.159		
00:01:01:549		1.51836e+07		-0.402509		5.70034		509.214		6.97956e+06		531.158		
00:01:01:450		1.51836e+07		-0.402509		5.70034		509.214		6.97956e+06		531.158		
00:01:01:450		1.51839e+07		-0.401607		5.69631		509.226		6.97954e+06		531.157		
00:01:01:250		1.51847e+07		-0.399802		5.68831		509.254		6.9795e+06		531.153		
00:01:01:250		1.51847e+07		-0.399802		5.68831		509.254		6.9795e+06		531.153		
00:01:01:049		1.51854e+07		-0.397997		5.68029		509.279		6.97946e+06		531.151		
00:01:01:049		1.51854e+07		-0.397997		5.68029		509.279		6.97946e+06		531.151		
00:01:00:850		1.51862e+07		-0.396191		5.67212		509.306		6.97942e+06		531.149		
00:01:00:649		1.51862e+07		-0.396191		5.67212		509.306		6.97942e+06		531.149		
00:01:00:649		1.51869e+07		-0.394382		5.66411		509.333		6.97938e+06		531.144		
00:01:00:549		1.51873e+07		-0.393478		5.65998		509.346		6.97937e+06		531.138		
00:01:00:549		1.51873e+07		-0.393478		5.65998		509.346		6.97937e+06		531.138		
00:01:00:450		1.51876e+07		-0.392573		5.65585		509.36		6.97935e+06		531.144		
00:01:00:350		1.5188e+07		-0.391668		5.65181		509.373		6.97933e+06		531.136		
00:01:00:250		1.51884e+07		-0.390763		5.64775		509.388		6.97931e+06		531.142		
00:01:00:149		1.51888e+07		-0.389857		5.64365		509.402		6.97929e+06		531.131		
00:01:00:049		1.51891e+07		-0.388952		5.63952		509.415		6.97927e+06		531.14		
00:01:00:000		1.51893e+07		-0.388499		5.63742		509.423		6.97926e+06		531.141		
00:00:59:799		1.51901e+07		-0.386685		5.62908		509.453		6.97922e+06		531.138		
00:00:59:799		1.51901e+07		-0.386685		5.62908		509.453		6.97922e+06		531.138		
00:00:59:700		1.51904e+07		-0.385778		5.6249		509.467		6.9792e+06		531.137		
00:00:59:600		1.51908e+07		-0.384871		5.62065		509.482		6.97918e+06		531.136		
00:00:59:500		1.51912e+07		-0.383963		5.61645		509.497		6.97916e+06		531.134		
00:00:59:399		1.51916e+07		-0.383055		5.61221		509.511		6.97914e+06		531.132		
00:00:59:299		1.51919e+07		-0.382147		5.60794		509.526		6.97912e+06		531.129		
00:00:59:200		1.51923e+07		-0.381238		5.60369		509.541		6.9791e+06		531.129		
00:00:59:100		1.51927e+07		-0.380329		5.59944		509.557		6.97908e+06		531.131		
00:00:59:000		1.5193e+07		-0.379419		5.59519		509.572		6.97906e+06		531.129		
00:00:58:850		1.51936e+07		-0.378055		5.58882		509.597		6.97903e+06		531.127		
00:00:58:649		1.51944e+07		-0.376234		5.58016		509.628		6.97899e+06		531.137		
00:00:58:649		1.51944e+07		-0.376234		5.58016		509.628		6.97899e+06		531.137		
00:00:58:549		1.51947e+07		-0.375323		5.57581		509.643		6.97897e+06		531.125		
00:00:58:450		1.51951e+07		-0.374412		5.57149		509.66		6.97895e+06		531.122		
00:00:58:350		1.51955e+07		-0.3735		5.56717		509.675		6.97893e+06		531.119		
00:00:58:250		1.51959e+07		-0.372587		5.56279		509.691		6.97891e+06		531.112		
00:00:58:149		1.51962e+07		-0.371674		5.55837		509.708		6.97889e+06		531.121		
00:00:58:049		1.51966e+07		-0.37076		5.5539		509.725		6.97887e+06		531.119		
00:00:57:950		1.5197e+07		-0.369847		5.54956		509.74		6.97885e+06		531.129		
00:00:57:850		1.51974e+07		-0.368934		5.54521		509.76		6.97883e+06		531.131		
00:00:57:750		1.51977e+07		-0.36802		5.5408		509.775		6.97881e+06		531.116		
00:00:57:649		1.51981e+07		-0.367105		5.53628		509.79		6.97879e+06		531.114		
00:00:57:549		1.51985e+07		-0.36619		5.53182		509.807		6.97877e+06		531.12		
00:00:57:450		1.51989e+07		-0.365275		5.52724		509.825		6.97875e+06		531.113		
00:00:57:350		1.51992e+07		-0.36436		5.52277		509.842		6.97873e+06		531.11		
00:00:57:250		1.51996e+07		-0.363444		5.51828		509.859		6.97871e+06		531.111		
00:00:57:149		1.52e+07		-0.362528		5.5137		509.876		6.97869e+06		531.104		
00:00:57:049		1.52004e+07		-0.361611		5.50916		509.893		6.97866e+06		531.133		
00:00:56:950		1.52007e+07		-0.360694		5.50463		509.913		6.97864e+06		531.109		
00:00:56:850		1.52011e+07		-0.359777		5.5		509.93		6.97862e+06		531.108		
00:00:56:750		1.52015e+07		-0.35886		5.49539		509.949		6.9786e+06		531.107		
00:00:56:649		1.52019e+07		-0.357942		5.49076		509.968		6.97858e+06		531.106		
00:00:56:549		1.52022e+07		-0.357024		5.4862		509.985		6.97856e+06		531.104		
00:00:56:399		1.52028e+07		-0.355646		5.47933		510.014		6.97853e+06		531.102		
00:00:56:399		1.52028e+07		-0.355646		5.47933		510.014		6.97853e+06		531.102		
00:00:56:200		1.52036e+07		-0.353807		5.46972		510.05		6.97849e+06		531.101		
00:00:56:200		1.52036e+07		-0.353807		5.46972		510.05		6.97849e+06		531.101		
00:00:56:100		1.52039e+07		-0.352887		5.46538		510.069		6.97847e+06		531.099		
00:00:56:000		1.52043e+07		-0.351967		5.46109		510.087		6.97845e+06		531.099		
00:00:55:850		1.52049e+07		-0.350586		5.45356		510.113		6.97842e+06		531.096		
00:00:55:750		1.52053e+07		-0.349666		5.44809		510.132		6.9784e+06		531.094		
00:00:55:649		1.52056e+07		-0.348744		5.44344		510.154		6.97838e+06		531.087		
00:00:55:549		1.5206e+07		-0.347823		5.4406		510.173		6.97835e+06		531.095		
00:00:55:450		1.52064e+07		-0.3469		5.43745		510.192		6.97833e+06		531.093		
00:00:55:350		1.52068e+07		-0.345977		5.43039		510.213		6.97831e+06		531.092		
00:00:55:250		1.52071e+07		-0.345055		5.42171		510.234		6.97829e+06		531.089		
00:00:55:149		1.52075e+07		-0.344131		5.41313		510.255		6.97827e+06		531.086		
00:00:55:049		1.52081e+07		-0.342745		5.39999		510.284		6.97824e+06		531.08		
00:00:54:899		1.52085e+07		-0.34182		5.39122		510.305		6.97822e+06		531.086		
00:00:54:700		1.52092e+07		-0.33997		5.37408		510.345		6.97818e+06		531.073		
00:00:54:600		1.52096e+07		-0.339044		5.36526		510.366		6.97815e+06		531.082		
00:00:54:600		1.52096e+07		-0.339044		5.36526		510.366		6.97815e+06		531.082		
00:00:54:600		1.52096e+07		-0.339044		5.36526		510.366		6.97815e+06		531.082		
00:00:54:500		1.521e+07		-0.338118		5.35657		510.385		6.97813e+06		531.081		
00:00:54:399		1.52104e+07		-0.337191		5.34785		510.406		6.97811e+06		531.077		
00:00:54:299		1.52107e+07		-0.336264		5.33909		510.427		6.97809e+06		531.071		
00:00:54:200		1.52111e+07		-0.335336		5.33061		510.448		6.97807e+06		531.078		
00:00:54:100		1.52115e+07		-0.334408		5.32189		510.469		6.97805e+06		531.076		
00:00:54:000		1.52119e+07		-0.33348		5.31311		510.492		6.97803e+06		531.076		
00:00:53:899		1.52123e+07		-0.332551		5.30443		510.515		6.978e+06		531.075		
00:00:53:750		1.52128e+07		-0.331157		5.29134		510.545		6.97797e+06		531.067		
00:00:53:600		1.52134e+07		-0.329762		5.27845		510.578		6.97794e+06		531.073		
00:00:53:500		1.52138e+07		-0.328832		5.26974		510.599		6.97792e+06		531.071		
00:00:53:399		1.52142e+07		-0.3279		5.26089		510.62		6.9779e+06		531.069		
00:00:53:399		1.52142e+07		-0.3279		5.26089		510.62		6.9779e+06		531.069		
00:00:53:299		1.52146e+07		-0.326969		5.25229		510.643		6.97788e+06		531.07		
00:00:53:200		1.52149e+07		-0.326037		5.24361		510.664		6.97785e+06		531.068		
00:00:53:100		1.52153e+07		-0.325105		5.23495		510.687		6.97783e+06		531.067		
00:00:53:000		1.52157e+07		-0.324172		5.22632		510.708		6.97781e+06		531.065		
00:00:52:899		1.52161e+07		-0.323239		5.21754		510.73		6.97779e+06		531.064		
00:00:52:700		1.52169e+07		-0.321372		5.20037		510.778		6.97775e+06		531.07		
00:00:52:700		1.52169e+07		-0.321372		5.20037		510.778		6.97775e+06		531.07		
00:00:52:600		1.52172e+07		-0.320438		5.19157		510.801		6.97773e+06		531.051		
00:00:52:399		1.5218e+07		-0.318569		5.17418		510.847		6.97768e+06		531.061		
00:00:52:399		1.5218e+07		-0.318569		5.17418		510.847		6.97768e+06		531.061		
00:00:52:299		1.52184e+07		-0.317634		5.16558		510.868		6.97766e+06		531.058		
00:00:52:200		1.52188e+07		-0.316698		5.15701		510.893		6.97764e+06		531.052		
00:00:52:100		1.52192e+07		-0.315763		5.14822		510.916		6.97762e+06		531.056		
00:00:51:950		1.52198e+07		-0.314357		5.13524		510.952		6.97758e+06		531.048		
00:00:51:850		1.52201e+07		-0.31342		5.12666		510.975		6.97756e+06		531.057		
00:00:51:649		1.52209e+07		-0.311545		5.10935		511.023		6.97752e+06		531.049		
00:00:51:649		1.52209e+07		-0.311545		5.10935		511.023		6.97752e+06		531.049		
00:00:51:549		1.52213e+07		-0.310607		5.10063		511.047		6.9775e+06		531.054		
00:00:51:450		1.52217e+07		-0.309669		5.09196		511.072		6.97748e+06		531.048		
00:00:51:350		1.52221e+07		-0.30873		5.08348		511.097		6.97745e+06		531.052		
00:00:51:250		1.52225e+07		-0.30779		5.07472		511.12		6.97743e+06		531.046		
00:00:51:149		1.52228e+07		-0.30685		5.06601		511.143		6.97741e+06		531.052		
00:00:51:049		1.52232e+07		-0.305911		5.0574		511.169		6.97739e+06		531.05		
00:00:50:950		1.52236e+07		-0.30497		5.04881		511.192		6.97737e+06		531.048		
00:00:50:899		1.52238e+07		-0.3045		5.04457		511.206		6.97736e+06		531.046		
00:00:50:700		1.52246e+07		-0.302617		5.02716		511.257		6.97731e+06		531.045		
00:00:50:700		1.52246e+07		-0.302617		5.02716		511.257		6.97731e+06		531.045		
00:00:50:549		1.52252e+07		-0.301204		5.01428		511.293		6.97728e+06		531.046		
00:00:50:450		1.52256e+07		-0.300261		5.00557		511.32		6.97726e+06		531.048		
00:00:50:350		1.52259e+07		-0.299318		4.99699		511.345		6.97724e+06		531.06		
00:00:50:250		1.52263e+07		-0.298375		4.98821		511.372		6.97722e+06		531.048		
00:00:50:149		1.52267e+07		-0.297431		4.97975		511.398		6.97719e+06		531.046		
00:00:50:049		1.52271e+07		-0.296487		4.97098		511.423		6.97717e+06		531.044		
00:00:49:950		1.52275e+07		-0.295543		4.9623		511.45		6.97715e+06		531.051		
00:00:49:850		1.52279e+07		-0.294598		4.95379		511.477		6.97713e+06		531.047		
00:00:49:750		1.52283e+07		-0.293652		4.94512		511.505		6.97711e+06		531.045		
00:00:49:649		1.52287e+07		-0.292706		4.93654		511.532		6.97708e+06		531.044		
00:00:49:549		1.52291e+07		-0.291759		4.92782		511.558		6.97706e+06		531.036		
00:00:49:450		1.52294e+07		-0.290813		4.91933		511.585		6.97704e+06		531.042		
00:00:49:350		1.52298e+07		-0.289866		4.9107		511.612		6.97702e+06		531.046		
00:00:49:250		1.52302e+07		-0.288918		4.90207		511.639		6.977e+06		531.041		
00:00:49:149		1.52306e+07		-0.287971		4.89355		511.665		6.97698e+06		531.034		
00:00:49:049		1.5231e+07		-0.287022		4.88493		511.692		6.97695e+06		531.038		
00:00:48:950		1.52314e+07		-0.286074		4.87636		511.721		6.97693e+06		531.035		
00:00:48:850		1.52318e+07		-0.285125		4.86767		511.749		6.97691e+06		531.032		
00:00:48:750		1.52322e+07		-0.284175		4.85928		511.778		6.97689e+06		531.038		
00:00:48:649		1.52326e+07		-0.283226		4.85065		511.804		6.97687e+06		531.036		
00:00:48:549		1.5233e+07		-0.282276		4.84211		511.833		6.97685e+06		531.032		
00:00:48:450		1.52334e+07		-0.281326		4.83349		511.86		6.97682e+06		531.034		
00:00:48:350		1.52338e+07		-0.280375		4.82488		511.888		6.9768e+06		531.026		
00:00:48:250		1.52342e+07		-0.279424		4.81638		511.915		6.97678e+06		531.031		
00:00:48:149		1.52345e+07		-0.278473		4.80776		511.943		6.97676e+06		531.033		
00:00:48:049		1.52349e+07		-0.277521		4.79929		511.97		6.97674e+06		531.033		
00:00:47:950		1.52353e+07		-0.276569		4.79065		511.997		6.97672e+06		531.031		
00:00:47:799		1.52359e+07		-0.275141		4.77771		512.042		6.97668e+06		531.029		
00:00:47:700		1.52363e+07		-0.274188		4.76939		512.069		6.97666e+06		531.029		
00:00:47:600		1.52367e+07		-0.273235		4.7607		512.098		6.97664e+06		531.022		
00:00:47:600		1.52367e+07		-0.273235		4.7607		512.098		6.97664e+06		531.022		
00:00:47:399		1.52375e+07		-0.271328		4.74363		512.155		6.9766e+06		531.025		
00:00:47:299		1.52375e+07		-0.271328		4.74363		512.155		6.9766e+06		531.025		
00:00:47:299		1.52379e+07		-0.270374		4.73515		512.183		6.97658e+06		531.024		
00:00:47:200		1.52383e+07		-0.26942		4.72661		512.214		6.97655e+06		531.022		
00:00:47:100		1.52387e+07		-0.268465		4.71824		512.244		6.97653e+06		531.035		
00:00:47:000		1.52391e+07		-0.26751		4.70957		512.273		6.97651e+06		531.023		
00:00:46:750		1.52401e+07		-0.265122		4.68845		512.347		6.97646e+06		531.02		
00:00:46:750		1.52401e+07		-0.265122		4.68845		512.347		6.97646e+06		531.02		
00:00:46:649		1.52405e+07		-0.264166		4.6799		512.378		6.97644e+06		531.019		
00:00:46:549		1.52409e+07		-0.26321		4.67153		512.406		6.97641e+06		531.02		
00:00:46:399		1.52415e+07		-0.261775		4.65881		512.452		6.97638e+06		531.016		
00:00:46:299		1.52419e+07		-0.260818		4.65036		512.48		6.97636e+06		531.014		
00:00:46:299		1.52419e+07		-0.260818		4.65036		512.48		6.97636e+06		531.014		
00:00:46:200		1.52423e+07		-0.259861		4.64197		512.513		6.97634e+06		531.004		
00:00:46:100		1.52427e+07		-0.258904		4.63336		512.543		6.97632e+06		531.012		
00:00:46:000		1.52431e+07		-0.257946		4.62497		512.574		6.97629e+06		531.009		
00:00:45:899		1.52435e+07		-0.256989		4.61643		512.604		6.97627e+06		531.009		
00:00:45:700		1.52443e+07		-0.255072		4.59963		512.665		6.97623e+06		531.009		
00:00:45:600		1.52447e+07		-0.254114		4.59111		512.695		6.97621e+06		531.007		
00:00:45:600		1.52447e+07		-0.254114		4.59111		512.695		6.97621e+06		531.007		
00:00:45:500		1.52451e+07		-0.253155		4.58279		512.728		6.97619e+06		531.006		
00:00:45:399		1.52455e+07		-0.252196		4.57428		512.758		6.97617e+06		531.006		
00:00:45:299		1.52459e+07		-0.251237		4.5659		512.79		6.97614e+06		531.003		
00:00:45:200		1.52463e+07		-0.250278		4.55759		512.821		6.97612e+06		530.999		
00:00:45:100		1.52467e+07		-0.249318		4.5492		512.851		6.9761e+06		530.996		
00:00:45:000		1.52471e+07		-0.248358		4.54068		512.882		6.97608e+06		530.996		
00:00:44:899		1.52475e+07		-0.247397		4.53231		512.914		6.97606e+06		530.996		
00:00:44:700		1.52483e+07		-0.245477		4.51564		512.979		6.97601e+06		531.008		
00:00:44:600		1.52487e+07		-0.244516		4.50729		513.011		6.97599e+06		530.994		
00:00:44:600		1.52487e+07		-0.244516		4.50729		513.011		6.97599e+06		530.994		
00:00:44:500		1.52491e+07		-0.243555		4.49882		513.043		6.97597e+06		530.984		
00:00:44:399		1.52495e+07		-0.242593		4.49057		513.074		6.97595e+06		530.99		
00:00:44:299		1.52499e+07		-0.241632		4.48205		513.106		6.97593e+06		531.003		
00:00:44:200		1.52503e+07		-0.240671		4.47389		513.138		6.97591e+06		530.982		
00:00:44:100		1.52507e+07		-0.239709		4.46537		513.173		6.97588e+06		530.99		
00:00:44:000		1.52511e+07		-0.238747		4.45715		513.205		6.97586e+06		530.99		
00:00:43:899		1.52515e+07		-0.237785		4.4489		513.237		6.97584e+06		530.989		
00:00:43:799		1.52519e+07		-0.236823		4.44053		513.271		6.97582e+06		530.988		
00:00:43:549		1.52529e+07		-0.234415		4.42		513.353		6.97577e+06		530.983		
00:00:43:549		1.52529e+07		-0.234415		4.42		513.353		6.97577e+06		530.983		
00:00:43:500		1.52531e+07		-0.233933		4.41582		513.37		6.97576e+06		530.981		
00:00:43:399		1.52535e+07		-0.23297		4.40765		513.402		6.97573e+06		530.975		
00:00:43:299		1.52539e+07		-0.232006		4.39925		513.437		6.97571e+06		530.981		
00:00:43:200		1.52543e+07		-0.231042		4.39116		513.469		6.97569e+06		530.979		
00:00:43:100		1.52546e+07		-0.230078		4.38284		513.505		6.97567e+06		530.976		
00:00:43:000		1.5255e+07		-0.229113		4.3747		513.537		6.97565e+06		530.976		
00:00:42:850		1.52556e+07		-0.227667		4.36228		513.59		6.97562e+06		530.979		
00:00:42:750		1.5256e+07		-0.226703		4.35404		513.625		6.97559e+06		530.971		
00:00:42:649		1.52564e+07		-0.225738		4.34596		513.659		6.97557e+06		530.965		
00:00:42:549		1.52568e+07		-0.224775		4.33788		513.691		6.97555e+06		530.97		
00:00:42:450		1.52572e+07		-0.223811		4.3297		513.727		6.97553e+06		530.967		
00:00:42:350		1.52576e+07		-0.222847		4.3216		513.761		6.97551e+06		530.967		
00:00:42:250		1.5258e+07		-0.221884		4.31359		513.795		6.97549e+06		530.972		
00:00:42:149		1.52584e+07		-0.220921		4.30533		513.83		6.97547e+06		530.966		
00:00:42:049		1.52588e+07		-0.219958		4.29732		513.866		6.97545e+06		530.964		
00:00:41:950		1.52592e+07		-0.218995		4.28924		513.9		6.97542e+06		530.962		
00:00:41:850		1.52596e+07		-0.218032		4.28113		513.934		6.9754e+06		530.958		
00:00:41:750		1.526e+07		-0.21707		4.27321		513.97		6.97538e+06		530.962		
00:00:41:649		1.52604e+07		-0.216108		4.2651		514.006		6.97536e+06		530.948		
00:00:41:549		1.52608e+07		-0.215147		4.25716		514.042		6.97534e+06		530.953		
00:00:41:450		1.52612e+07		-0.214185		4.24916		514.078		6.97532e+06		530.945		
00:00:41:350		1.52616e+07		-0.213224		4.24104		514.112		6.9753e+06		530.953		
00:00:41:250		1.5262e+07		-0.212263		4.23319		514.148		6.97527e+06		530.951		
00:00:41:149		1.52624e+07		-0.211302		4.2252		514.183		6.97525e+06		530.938		
00:00:41:049		1.52628e+07		-0.210342		4.21733		514.22		6.97523e+06		530.947		
00:00:40:950		1.52632e+07		-0.209383		4.2093		514.256		6.97521e+06		530.945		
00:00:40:850		1.52636e+07		-0.208423		4.20133		514.293		6.97519e+06		530.942		
00:00:40:750		1.5264e+07		-0.207464		4.19351		514.33		6.97517e+06		530.943		
00:00:40:649		1.52644e+07		-0.206506		4.18573		514.367		6.97515e+06		530.942		
00:00:40:549		1.52648e+07		-0.205547		4.17772		514.403		6.97513e+06		530.934		
00:00:40:450		1.52652e+07		-0.20459		4.16996		514.44		6.9751e+06		530.933		
00:00:40:350		1.52656e+07		-0.203633		4.16209		514.478		6.97508e+06		530.938		
00:00:40:250		1.5266e+07		-0.202676		4.15422		514.516		6.97506e+06		530.936		
00:00:40:149		1.52664e+07		-0.20172		4.14641		514.556		6.97504e+06		530.936		
00:00:40:049		1.52668e+07		-0.200764		4.13858		514.594		6.97502e+06		530.934		
00:00:39:950		1.52672e+07		-0.199808		4.13067		514.632		6.975e+06		530.933		
00:00:39:799		1.52678e+07		-0.198376		4.11918		514.689		6.97497e+06		530.93		
00:00:39:750		1.5268e+07		-0.197899		4.11544		514.708		6.97496e+06		530.928		
00:00:39:649		1.52684e+07		-0.196945		4.10778		514.747		6.97494e+06		530.925		
00:00:39:549		1.52687e+07		-0.195992		4.10014		514.785		6.97491e+06		530.923		
00:00:39:450		1.52691e+07		-0.195039		4.09262		514.823		6.97489e+06		530.923		
00:00:39:350		1.52695e+07		-0.194087		4.08491		514.861		6.97487e+06		530.912		
00:00:39:250		1.52699e+07		-0.193135		4.07746		514.899		6.97485e+06		530.921		
00:00:39:100		1.52705e+07		-0.191709		4.06606		514.956		6.97482e+06		530.919		
00:00:39:100		1.52705e+07		-0.191709		4.06606		514.956		6.97482e+06		530.919		
00:00:38:950		1.52711e+07		-0.190285		4.05481		515.015		6.97479e+06		530.905		
00:00:38:850		1.52715e+07		-0.189336		4.04727		515.052		6.97477e+06		530.912		
00:00:38:750		1.52719e+07		-0.188387		4.03974		515.09		6.97475e+06		530.906		
00:00:38:649		1.52723e+07		-0.18744		4.03239		515.128		6.97472e+06		530.929		
00:00:38:549		1.52727e+07		-0.186493		4.02487		515.168		6.9747e+06		530.907		
00:00:38:399		1.52733e+07		-0.185075		4.01374		515.225		6.97467e+06		530.906		
00:00:38:299		1.52737e+07		-0.18413		4.00621		515.264		6.97465e+06		530.904		
00:00:38:299		1.52737e+07		-0.18413		4.00621		515.264		6.97465e+06		530.904		
00:00:38:200		1.52741e+07		-0.183187		3.99883		515.304		6.97463e+06		530.902		
00:00:38:100		1.52745e+07		-0.182243		3.99155		515.342		6.97461e+06		530.9		
00:00:38:000		1.52749e+07		-0.181301		3.98418		515.382		6.97459e+06		530.891		
00:00:37:799		1.52757e+07		-0.179419		3.96955		515.459		6.97455e+06		530.893		
00:00:37:799		1.52757e+07		-0.179419		3.96955		515.459		6.97455e+06		530.893		
00:00:37:600		1.52765e+07		-0.177541		3.95485		515.541		6.9745e+06		530.885		
00:00:37:600		1.52765e+07		-0.177541		3.95485		515.541		6.9745e+06		530.885		
00:00:37:500		1.52769e+07		-0.176603		3.94767		515.58		6.97448e+06		530.89		
00:00:37:399		1.52773e+07		-0.175667		3.94031		515.62		6.97446e+06		530.888		
00:00:37:299		1.52777e+07		-0.174732		3.93312		515.66		6.97444e+06		530.88		
00:00:37:200		1.52781e+07		-0.173798		3.92586		515.7		6.97442e+06		530.885		
00:00:37:100		1.52785e+07		-0.172863		3.91869		515.739		6.9744e+06		530.883		
00:00:37:000		1.52789e+07		-0.171932		3.91146		515.781		6.97438e+06		530.881		
00:00:36:899		1.52793e+07		-0.171		3.90434		515.821		6.97436e+06		530.879		
00:00:36:700		1.52801e+07		-0.16914		3.89005		515.902		6.97432e+06		530.877		
00:00:36:600		1.52805e+07		-0.168212		3.88307		515.942		6.9743e+06		530.874		
00:00:36:600		1.52805e+07		-0.168212		3.88307		515.942		6.9743e+06		530.874		
00:00:36:500		1.52808e+07		-0.167285		3.87591		515.983		6.97428e+06		530.873		
00:00:36:399		1.52812e+07		-0.166359		3.86888		516.025		6.97426e+06		530.871		
00:00:36:299		1.52816e+07		-0.165436		3.86177		516.066		6.97423e+06		530.868		
00:00:36:200		1.5282e+07		-0.164512		3.85479		516.106		6.97421e+06		530.866		
00:00:36:100		1.52824e+07		-0.16359		3.84775		516.148		6.97419e+06		530.865		
00:00:36:000		1.52828e+07		-0.162669		3.84084		516.189		6.97417e+06		530.862		
00:00:35:899		1.52832e+07		-0.161749		3.8338		516.229		6.97415e+06		530.854		
00:00:35:700		1.5284e+07		-0.159912		3.81994		516.314		6.97411e+06		530.857		
00:00:35:549		1.52846e+07		-0.158538		3.80959		516.374		6.97408e+06		530.853		
00:00:35:549		1.52846e+07		-0.158538		3.80959		516.374		6.97408e+06		530.853		
00:00:35:450		1.5285e+07		-0.157623		3.80279		516.416		6.97406e+06		530.852		
00:00:35:350		1.52854e+07		-0.156709		3.79594		516.457		6.97404e+06		530.842		
00:00:35:250		1.52857e+07		-0.155797		3.78917		516.503		6.97402e+06		530.849		
00:00:35:149		1.52861e+07		-0.154885		3.78231		516.542		6.974e+06		530.847		
00:00:35:049		1.52865e+07		-0.153975		3.77552		516.584		6.97398e+06		530.845		
00:00:34:950		1.52869e+07		-0.153067		3.76869		516.625		6.97396e+06		530.842		
00:00:34:850		1.52873e+07		-0.152159		3.76193		516.667		6.97394e+06		530.841		
00:00:34:649		1.52881e+07		-0.150347		3.74858		516.754		6.97389e+06		530.827		
00:00:34:549		1.52885e+07		-0.149443		3.74191		516.795		6.97387e+06		530.834		
00:00:34:549		1.52885e+07		-0.149443		3.74191		516.795		6.97387e+06		530.834		
00:00:34:450		1.52889e+07		-0.14854		3.73516		516.837		6.97385e+06		530.831		
00:00:34:350		1.52892e+07		-0.147638		3.72858		516.88		6.97383e+06		530.83		
00:00:34:250		1.52896e+07		-0.146738		3.72185		516.924		6.97381e+06		530.829		
00:00:34:149		1.529e+07		-0.145839		3.71543		516.965		6.97379e+06		530.826		
00:00:34:049		1.52904e+07		-0.14494		3.70873		517.01		6.97377e+06		530.835		
00:00:33:950		1.52908e+07		-0.144043		3.70226		517.054		6.97375e+06		530.823		
00:00:33:850		1.52912e+07		-0.143147		3.69564		517.095		6.97373e+06		530.821		
00:00:33:750		1.52916e+07		-0.142253		3.68915		517.139		6.97371e+06		530.817		
00:00:33:649		1.5292e+07		-0.141359		3.6826		517.18		6.97369e+06		530.82		
00:00:33:549		1.52923e+07		-0.140467		3.67617		517.223		6.97367e+06		530.814		
00:00:33:450		1.52927e+07		-0.139576		3.66984		517.269		6.97365e+06		530.811		
00:00:33:350		1.52931e+07		-0.138686		3.66332		517.312		6.97363e+06		530.809		
00:00:33:250		1.52935e+07		-0.137797		3.65694		517.355		6.97361e+06		530.806		
00:00:33:149		1.52939e+07		-0.136909		3.65048		517.399		6.97359e+06		530.802		
00:00:33:049		1.52943e+07		-0.136023		3.64418		517.442		6.97357e+06		530.794		
00:00:32:950		1.52946e+07		-0.135137		3.63778		517.485		6.97355e+06		530.798		
00:00:32:850		1.5295e+07		-0.134252		3.63152		517.531		6.97353e+06		530.799		
00:00:32:750		1.52954e+07		-0.133368		3.62513		517.574		6.97351e+06		530.796		
00:00:32:649		1.52958e+07		-0.132485		3.61902		517.617		6.97349e+06		530.793		
00:00:32:549		1.52962e+07		-0.131604		3.61259		517.661		6.97347e+06		530.791		
00:00:32:450		1.52966e+07		-0.130723		3.60643		517.704		6.97345e+06		530.782		
00:00:32:299		1.52971e+07		-0.129402		3.59713		517.772		6.97342e+06		530.784		
00:00:32:200		1.52975e+07		-0.128523		3.59089		517.815		6.9734e+06		530.784		
00:00:32:100		1.52979e+07		-0.127645		3.58468		517.86		6.97338e+06		530.782		
00:00:32:000		1.52983e+07		-0.126767		3.57842		517.904		6.97336e+06		530.779		
00:00:32:000		1.52983e+07		-0.126767		3.57842		517.904		6.97336e+06		530.779		
00:00:31:800		1.5299e+07		-0.125014		3.56621		517.994		6.97332e+06		530.775		
00:00:31:800		1.5299e+07		-0.125014		3.56621		517.994		6.97332e+06		530.775		
00:00:31:600		1.52998e+07		-0.123264		3.55395		518.083		6.97327e+06		530.77		
00:00:31:600		1.52998e+07		-0.123264		3.55395		518.083		6.97327e+06		530.77		
00:00:31:500		1.53002e+07		-0.12239		3.54795		518.128		6.97325e+06		530.768		
00:00:31:399		1.53006e+07		-0.121516		3.54182		518.173		6.97323e+06		530.765		
00:00:31:300		1.53009e+07		-0.120643		3.53605		518.216		6.97321e+06		530.753		
00:00:31:199		1.53013e+07		-0.11977		3.53004		518.263		6.97319e+06		530.761		
00:00:31:100		1.53017e+07		-0.118897		3.524		518.308		6.97317e+06		530.759		
00:00:31:000		1.53021e+07		-0.118025		3.51796		518.354		6.97315e+06		530.757		
00:00:30:899		1.53025e+07		-0.117153		3.51199		518.399		6.97313e+06		530.755		
00:00:30:699		1.53032e+07		-0.11541		3.50015		518.489		6.97309e+06		530.741		
00:00:30:600		1.53036e+07		-0.114538		3.49429		518.534		6.97307e+06		530.745		
00:00:30:600		1.53036e+07		-0.114538		3.49429		518.534		6.97307e+06		530.745		
00:00:30:500		1.5304e+07		-0.113667		3.48836		518.581		6.97305e+06		530.738		
00:00:30:399		1.53043e+07		-0.112795		3.48254		518.626		6.97303e+06		530.742		
00:00:30:300		1.53047e+07		-0.111923		3.47663		518.671		6.97301e+06		530.74		
00:00:30:199		1.53051e+07		-0.111051		3.47085		518.717		6.97299e+06		530.737		
00:00:30:100		1.53055e+07		-0.110178		3.46508		518.764		6.97297e+06		530.734		
00:00:30:000		1.53058e+07		-0.109305		3.45932		518.809		6.97295e+06		530.73		
00:00:29:899		1.53062e+07		-0.108432		3.45345		518.854		6.97293e+06		530.73		
00:00:29:699		1.5307e+07		-0.106684		3.44191		518.946		6.97289e+06		530.724		
00:00:29:600		1.53073e+07		-0.105809		3.4362		518.993		6.97287e+06		530.721		
00:00:29:600		1.53073e+07		-0.105809		3.4362		518.993		6.97287e+06		530.721		
00:00:29:500		1.53077e+07		-0.104933		3.43043		519.038		6.97285e+06		530.718		
00:00:29:399		1.53081e+07		-0.104056		3.42473		519.085		6.97283e+06		530.709		
00:00:29:300		1.53085e+07		-0.103179		3.41901		519.13		6.97281e+06		530.715		
00:00:29:149		1.5309e+07		-0.101861		3.41047		519.2		6.97278e+06		530.709		
00:00:29:100		1.53092e+07		-0.101421		3.40763		519.222		6.97277e+06		530.703		
00:00:28:949		1.53098e+07		-0.100099		3.39907		519.294		6.97274e+06		530.706		
00:00:28:850		1.53101e+07		-0.0992165		3.39339		519.339		6.97272e+06		530.703		
00:00:28:649		1.53109e+07		-0.097446		3.38217		519.431		6.97269e+06		530.687		
00:00:28:550		1.53113e+07		-0.0965581		3.37661		519.478		6.97267e+06		530.695		
00:00:28:550		1.53113e+07		-0.0965581		3.37661		519.478		6.97267e+06		530.695		
00:00:28:449		1.53116e+07		-0.0956688		3.371		519.526		6.97265e+06		530.693		
00:00:28:350		1.5312e+07		-0.0947776		3.36546		519.573		6.97263e+06		530.69		
00:00:28:250		1.53124e+07		-0.0938845		3.35977		519.62		6.97261e+06		530.686		
00:00:28:149		1.53128e+07		-0.092989		3.35421		519.665		6.97259e+06		530.683		
00:00:28:050		1.53131e+07		-0.0920916		3.34866		519.712		6.97257e+06		530.68		
00:00:27:949		1.53135e+07		-0.0911913		3.34315		519.761		6.97255e+06		530.672		
00:00:27:850		1.53139e+07		-0.0902891		3.33753		519.806		6.97253e+06		530.677		
00:00:27:750		1.53143e+07		-0.0893846		3.33196		519.855		6.97251e+06		530.674		
00:00:27:649		1.53146e+07		-0.0884767		3.32632		519.902		6.97249e+06		530.672		
00:00:27:550		1.5315e+07		-0.0875664		3.3208		519.949		6.97247e+06		530.668		
00:00:27:449		1.53154e+07		-0.0866532		3.31533		519.995		6.97245e+06		530.664		
00:00:27:350		1.53158e+07		-0.0857368		3.30971		520.044		6.97243e+06		530.661		
00:00:27:250		1.53162e+07		-0.0848179		3.30433		520.091		6.97241e+06		530.652		
00:00:27:149		1.53165e+07		-0.0838952		3.2988		520.138		6.97239e+06		530.656		
00:00:27:050		1.53169e+07		-0.0829692		3.29333		520.187		6.97237e+06		530.654		
00:00:26:949		1.53173e+07		-0.0820403		3.28782		520.234		6.97235e+06		530.652		
00:00:26:850		1.53177e+07		-0.0811076		3.2823		520.282		6.97233e+06		530.659		
00:00:26:750		1.5318e+07		-0.0801706		3.27684		520.331		6.97231e+06		530.645		
00:00:26:649		1.53184e+07		-0.0792303		3.27123		520.378		6.97229e+06		530.642		
00:00:26:500		1.5319e+07		-0.0778127		3.26292		520.449		6.97226e+06		530.635		
00:00:26:399		1.53194e+07		-0.0768623		3.25747		520.498		6.97225e+06		530.656		
00:00:26:300		1.53198e+07		-0.0759077		3.25203		520.547		6.97223e+06		530.635		
00:00:26:300		1.53198e+07		-0.0759077		3.25203		520.547		6.97223e+06		530.635		
00:00:26:199		1.53202e+07		-0.0749488		3.24646		520.593		6.97221e+06		530.631		
00:00:26:000		1.53209e+07		-0.0730181		3.23549		520.689		6.97217e+06		530.623		
00:00:26:000		1.53209e+07		-0.0730181		3.23549		520.689		6.97217e+06		530.623		
00:00:25:899		1.53213e+07		-0.0720453		3.23003		520.736		6.97215e+06		530.62		
00:00:25:800		1.53217e+07		-0.0710678		3.22468		520.785		6.97213e+06		530.61		
00:00:25:600		1.53225e+07		-0.0690985		3.21337		520.88		6.97209e+06		530.614		
00:00:25:500		1.53229e+07		-0.0681062		3.20783		520.927		6.97207e+06		530.612		
00:00:25:500		1.53229e+07		-0.0681062		3.20783		520.927		6.97207e+06		530.612		
00:00:25:399		1.53233e+07		-0.0671086		3.20269		520.974		6.97205e+06		530.608		
00:00:25:300		1.53237e+07		-0.0661054		3.1974		521.024		6.97203e+06		530.619		
00:00:25:199		1.53241e+07		-0.0650969		3.19156		521.071		6.97201e+06		530.604		
00:00:25:000		1.53248e+07		-0.0630627		3.17968		521.166		6.97198e+06		530.595		
00:00:25:000		1.53248e+07		-0.0630627		3.17968		521.166		6.97198e+06		530.595		
00:00:24:899		1.53252e+07		-0.0620365		3.17542		521.213		6.97196e+06		530.595		
00:00:24:800		1.53256e+07		-0.0610051		3.1708		521.264		6.97194e+06		530.591		
00:00:24:600		1.53264e+07		-0.0589247		3.15687		521.359		6.9719e+06		530.59		
00:00:24:600		1.53264e+07		-0.0589247		3.15687		521.359		6.9719e+06		530.59		
00:00:24:500		1.53269e+07		-0.0578747		3.15002		521.406		6.97188e+06		530.586		
00:00:24:399		1.53273e+07		-0.0568194		3.14827		521.453		6.97186e+06		530.583		
00:00:24:300		1.53277e+07		-0.0557575		3.14648		521.505		6.97184e+06		530.58		
00:00:24:199		1.53281e+07		-0.0546885		3.14474		521.55		6.97182e+06		530.577		
00:00:24:050		1.53287e+07		-0.0530729		3.14213		521.623		6.9718e+06		530.57		
00:00:23:949		1.53291e+07		-0.0519881		3.14027		521.67		6.97178e+06		530.561		
00:00:23:850		1.53295e+07		-0.0508962		3.13856		521.718		6.97176e+06		530.568		
00:00:23:649		1.53304e+07		-0.0486951		3.13503		521.815		6.97172e+06		530.562		
00:00:23:550		1.53308e+07		-0.047586		3.13332		521.864		6.9717e+06		530.557		
00:00:23:550		1.53308e+07		-0.047586		3.13332		521.864		6.9717e+06		530.557		
00:00:23:449		1.53312e+07		-0.0464706		3.13145		521.913		6.97168e+06		530.556		
00:00:23:350		1.53316e+07		-0.0453496		3.12974		521.959		6.97166e+06		530.554		
00:00:23:250		1.53321e+07		-0.0442219		3.12795		522.008		6.97165e+06		530.549		
00:00:23:149		1.53325e+07		-0.0430884		3.12613		522.056		6.97163e+06		530.548		
00:00:23:050		1.53329e+07		-0.0419474		3.12438		522.103		6.97161e+06		530.544		
00:00:22:949		1.53333e+07		-0.0408006		3.12259		522.15		6.97159e+06		530.539		
00:00:22:850		1.53338e+07		-0.0396471		3.12083		522.197		6.97157e+06		530.527		
00:00:22:699		1.53344e+07		-0.0379033		3.11819		522.271		6.97154e+06		530.534		
00:00:22:600		1.53348e+07		-0.0367322		3.11644		522.32		6.97152e+06		530.52		
00:00:22:600		1.53348e+07		-0.0367322		3.11644		522.32		6.97152e+06		530.52		
00:00:22:500		1.53353e+07		-0.0355539		3.11458		522.365		6.97151e+06		530.53		
00:00:22:399		1.53357e+07		-0.034368		3.11279		522.413		6.97149e+06		530.526		
00:00:22:300		1.53361e+07		-0.0331745		3.11096		522.46		6.97147e+06		530.525		
00:00:22:199		1.53366e+07		-0.0319729		3.10917		522.508		6.97145e+06		530.522		
00:00:22:050		1.53372e+07		-0.0301542		3.10649		522.579		6.97142e+06		530.517		
00:00:21:949		1.53377e+07		-0.0289307		3.10465		522.626		6.9714e+06		530.513		
00:00:21:850		1.53381e+07		-0.027698		3.10273		522.673		6.97139e+06		530.512		
00:00:21:750		1.53385e+07		-0.0264554		3.10081		522.719		6.97137e+06		530.504		
00:00:21:649		1.5339e+07		-0.0252042		3.099		522.77		6.97135e+06		530.508		
00:00:21:550		1.53394e+07		-0.0239434		3.09723		522.816		6.97133e+06		530.505		
00:00:21:449		1.53399e+07		-0.0226741		3.0956		522.863		6.97131e+06		530.49		
00:00:21:350		1.53403e+07		-0.0213981		3.09355		522.91		6.97129e+06		530.502		
00:00:21:250		1.53408e+07		-0.0201139		3.09164		522.958		6.97128e+06		530.498		
00:00:21:149		1.53412e+07		-0.0188222		3.08982		523.007		6.97126e+06		530.495		
00:00:21:050		1.53416e+07		-0.0175223		3.08825		523.053		6.97124e+06		530.494		
00:00:20:949		1.5342e+07		-0.0164971		3.08665		523.102		6.97122e+06		530.489		
00:00:20:800		1.53428e+07		-0.0150099		3.08438		523.173		6.97119e+06		530.488		
00:00:20:699		1.53434e+07		-0.0140185		3.08278		523.219		6.97118e+06		530.484		
00:00:20:600		1.53439e+07		-0.0130277		3.08122		523.268		6.97116e+06		530.48		
00:00:20:600		1.53439e+07		-0.0130277		3.08122		523.268		6.97116e+06		530.48		
00:00:20:500		1.53444e+07		-0.0120373		3.07965		523.314		6.97114e+06		530.48		
00:00:20:399		1.5345e+07		-0.0110464		3.07817		523.363		6.97112e+06		530.471		
00:00:20:300		1.53455e+07		-0.0100565		3.07665		523.409		6.9711e+06		530.475		
00:00:20:199		1.5346e+07		-0.00906658		3.07508		523.458		6.97108e+06		530.473		
00:00:20:100		1.53466e+07		-0.00807714		3.07351		523.506		6.97107e+06		530.47		
00:00:20:000		1.53471e+07		-0.00708818		3.07187		523.553		6.97105e+06		530.466		
00:00:19:899		1.53476e+07		-0.00609922		3.07053		523.601		6.97103e+06		530.458		
00:00:19:800		1.53482e+07		-0.00511074		3.06904		523.648		6.97101e+06		530.461		
00:00:19:600		1.53492e+07		-0.0031352		3.06582		523.741		6.97097e+06		530.457		
00:00:19:600		1.53492e+07		-0.0031352		3.06582		523.741		6.97097e+06		530.457		
00:00:19:500		1.53498e+07		-0.00214767		3.06436		523.789		6.97096e+06		530.454		
00:00:19:399		1.53503e+07		-0.00116014		3.06291		523.838		6.97094e+06		530.453		
00:00:19:300		1.53508e+07		-0.000172615		3.06133		523.884		6.97092e+06		530.451		
00:00:19:199		1.53514e+07		0.000813961		3.05988		523.931		6.9709e+06		530.448		
00:00:19:100		1.53519e+07		0.00180006		3.05833		523.979		6.97088e+06		530.445		
00:00:19:000		1.53524e+07		0.00278616		3.05678		524.026		6.97086e+06		530.436		
00:00:18:899		1.5353e+07		0.00377131		3.05532		524.072		6.97084e+06		530.44		
00:00:18:800		1.53535e+07		0.00475645		3.05389		524.119		6.97083e+06		530.443		
00:00:18:600		1.53546e+07		0.00672483		3.05084		524.212		6.97079e+06		530.432		
00:00:18:600		1.53546e+07		0.00672483		3.05084		524.212		6.97079e+06		530.432		
00:00:18:500		1.53551e+07		0.00770855		3.04945		524.262		6.97077e+06		530.43		
00:00:18:399		1.53556e+07		0.00869131		3.048		524.307		6.97075e+06		530.426		
00:00:18:300		1.53564e+07		0.0101652		3.04554		524.377		6.97072e+06		530.424		
00:00:18:149		1.5357e+07		0.011147		3.0441		524.424		6.9707e+06		530.421		
00:00:18:050		1.53575e+07		0.0121284		3.04265		524.47		6.97069e+06		530.424		
00:00:17:949		1.5358e+07		0.0131092		3.04113		524.519		6.97067e+06		530.417		
00:00:17:850		1.53586e+07		0.0140891		3.03975		524.565		6.97065e+06		530.413		
00:00:17:649		1.53596e+07		0.0160475		3.03669		524.656		6.97061e+06		530.408		
00:00:17:550		1.53602e+07		0.0170259		3.03533		524.703		6.97059e+06		530.407		
00:00:17:550		1.53602e+07		0.0170259		3.03533		524.703		6.97059e+06		530.407		
00:00:17:449		1.53607e+07		0.0180039		3.03386		524.753		6.97057e+06		530.404		
00:00:17:350		1.53612e+07		0.0189815		3.03246		524.798		6.97055e+06		530.401		
00:00:17:250		1.53618e+07		0.019958		3.03094		524.842		6.97053e+06		530.392		
00:00:17:149		1.53623e+07		0.0209346		3.02946		524.889		6.97052e+06		530.39		
00:00:17:050		1.53628e+07		0.0219102		3.02834		524.935		6.9705e+06		530.395		
00:00:16:949		1.53634e+07		0.0228853		3.02668		524.98		6.97048e+06		530.393		
00:00:16:850		1.53639e+07		0.0238595		3.02523		525.026		6.97046e+06		530.391		
00:00:16:649		1.5365e+07		0.0258064		3.0223		525.119		6.97042e+06		530.386		
00:00:16:550		1.53655e+07		0.0267787		3.02101		525.164		6.9704e+06		530.383		
00:00:16:550		1.53655e+07		0.0267787		3.02101		525.164		6.9704e+06		530.383		
00:00:16:449		1.53661e+07		0.0277505		3.01951		525.208		6.97038e+06		530.381		
00:00:16:350		1.53666e+07		0.0287213		3.01809		525.256		6.97036e+06		530.377		
00:00:16:250		1.53671e+07		0.0296912		3.0167		525.301		6.97034e+06		530.375		
00:00:16:149		1.53677e+07		0.0306606		3.01521		525.346		6.97032e+06		530.372		
00:00:16:050		1.53682e+07		0.0316296		3.01385		525.392		6.9703e+06		530.368		
00:00:15:949		1.53687e+07		0.0325975		3.01244		525.437		6.97029e+06		530.36		
00:00:15:849		1.53693e+07		0.0335646		3.01107		525.481		6.97027e+06		530.366		
00:00:15:750		1.53698e+07		0.0345316		3.00974		525.526		6.97025e+06		530.363		
00:00:15:650		1.53703e+07		0.0354972		3.00826		525.57		6.97023e+06		530.36		
00:00:15:550		1.53709e+07		0.0364618		3.00697		525.615		6.97021e+06		530.357		
00:00:15:449		1.53714e+07		0.0374265		3.00547		525.657		6.97019e+06		530.354		
00:00:15:349		1.53719e+07		0.0383897		3.00417		525.702		6.97017e+06		530.351		
00:00:15:250		1.53725e+07		0.0393519		3.00277		525.746		6.97015e+06		530.348		
00:00:15:150		1.5373e+07		0.0403137		3.00143		525.791		6.97013e+06		530.35		
00:00:15:050		1.53736e+07		0.0412745		3.00019		525.836		6.97011e+06		530.337		
00:00:14:900		1.53744e+07		0.0427141		2.99794		525.902		6.97008e+06		530.34		
00:00:14:800		1.53749e+07		0.043673		2.99657		525.945		6.97006e+06		530.337		
00:00:14:699		1.53754e+07		0.0446305		2.99527		525.991		6.97004e+06		530.334		
00:00:14:599		1.5376e+07		0.0455871		2.99393		526.034		6.97002e+06		530.33		
00:00:14:599		1.5376e+07		0.0455871		2.99393		526.034		6.97002e+06		530.33		
00:00:14:500		1.53765e+07		0.0465431		2.99257		526.078		6.97e+06		530.325		
00:00:14:400		1.5377e+07		0.0474982		2.99126		526.121		6.96998e+06		530.316		
00:00:14:300		1.53776e+07		0.0484524		2.98996		526.166		6.96996e+06		530.314		
00:00:14:199		1.53781e+07		0.0494051		2.98857		526.208		6.96994e+06		530.321		
00:00:14:099		1.53787e+07		0.0503569		2.98723		526.253		6.96992e+06		530.317		
00:00:14:000		1.53792e+07		0.0513077		2.98584		526.295		6.9699e+06		530.313		
00:00:13:800		1.53803e+07		0.0532069		2.98326		526.381		6.96986e+06		530.3		
00:00:13:800		1.53803e+07		0.0532069		2.98326		526.381		6.96986e+06		530.3		
00:00:13:599		1.53814e+07		0.0551014		2.9806		526.462		6.96982e+06		530.298		
00:00:13:599		1.53814e+07		0.0551014		2.9806		526.462		6.96982e+06		530.298		
00:00:13:500		1.53819e+07		0.0560474		2.97917		526.507		6.9698e+06		530.303		
00:00:13:400		1.53824e+07		0.0569921		2.97782		526.547		6.96978e+06		530.299		
00:00:13:300		1.5383e+07		0.0579362		2.97651		526.59		6.96976e+06		530.29		
00:00:13:199		1.53835e+07		0.0588784		2.97536		526.631		6.96974e+06		530.294		
00:00:13:099		1.53841e+07		0.0598202		2.97396		526.671		6.96972e+06		530.285		
00:00:12:949		1.53849e+07		0.0612311		2.9718		526.734		6.96969e+06		530.279		
00:00:12:849		1.53854e+07		0.0621705		2.97053		526.775		6.96967e+06		530.287		
00:00:12:750		1.5386e+07		0.0631089		2.96921		526.814		6.96965e+06		530.284		
00:00:12:550		1.53871e+07		0.0649829		2.96661		526.896		6.96961e+06		530.274		
00:00:12:550		1.53871e+07		0.0649829		2.96661		526.896		6.96961e+06		530.274		
00:00:12:449		1.53876e+07		0.065918		2.96528		526.936		6.96959e+06		530.267		
00:00:12:349		1.53881e+07		0.0668526		2.964		526.977		6.96957e+06		530.27		
00:00:12:250		1.53887e+07		0.0677862		2.96271		527.02		6.96955e+06		530.261		
00:00:12:150		1.53892e+07		0.0687184		2.9613		527.058		6.96953e+06		530.266		
00:00:12:050		1.53898e+07		0.0696497		2.95998		527.099		6.96951e+06		530.263		
00:00:11:949		1.53903e+07		0.07058		2.95871		527.14		6.96948e+06		530.266		
00:00:11:849		1.53909e+07		0.0715098		2.95738		527.179		6.96946e+06		530.259		
00:00:11:650		1.5392e+07		0.0733652		2.95475		527.26		6.96942e+06		530.252		
00:00:11:550		1.53925e+07		0.0742922		2.95346		527.301		6.9694e+06		530.251		
00:00:11:550		1.53925e+07		0.0742922		2.95346		527.301		6.9694e+06		530.251		
00:00:11:449		1.53931e+07		0.0752182		2.95226		527.34		6.96938e+06		530.247		
00:00:11:349		1.53936e+07		0.0761433		2.95084		527.378		6.96936e+06		530.244		
00:00:11:250		1.53942e+07		0.0770674		2.94955		527.419		6.96934e+06		530.234		
00:00:11:150		1.53947e+07		0.077991		2.94831		527.458		6.96932e+06		530.244		
00:00:11:050		1.53953e+07		0.0789132		2.94706		527.497		6.9693e+06		530.236		
00:00:10:949		1.53958e+07		0.0798349		2.94576		527.534		6.96928e+06		530.235		
00:00:10:800		1.53967e+07		0.0812159		2.94377		527.591		6.96925e+06		530.231		
00:00:10:699		1.53972e+07		0.0821362		2.9426		527.628		6.96922e+06		530.228		
00:00:10:599		1.53978e+07		0.083055		2.94131		527.665		6.9692e+06		530.225		
00:00:10:500		1.53983e+07		0.0839734		2.94014		527.702		6.96918e+06		530.222		
00:00:10:500		1.53983e+07		0.0839734		2.94014		527.702		6.96918e+06		530.222		
00:00:10:349		1.53992e+07		0.0853496		2.93815		527.759		6.96915e+06		530.217		
00:00:10:250		1.53997e+07		0.0862656		2.93691		527.794		6.96913e+06		530.214		
00:00:10:150		1.54003e+07		0.0871811		2.93569		527.831		6.96911e+06		530.205		
00:00:10:050		1.54009e+07		0.0880957		2.93448		527.868		6.96908e+06		530.208		
00:00:09:949		1.54014e+07		0.0890098		2.93314		527.903		6.96906e+06		530.204		
00:00:09:849		1.5402e+07		0.0899234		2.93196		527.939		6.96904e+06		530.201		
00:00:09:750		1.54026e+07		0.090837		2.93075		527.974		6.96902e+06		530.187		
00:00:09:650		1.54031e+07		0.0917497		2.92953		528.012		6.969e+06		530.193		
00:00:09:550		1.54037e+07		0.0926614		2.92823		528.046		6.96897e+06		530.19		
00:00:09:449		1.54043e+07		0.0935731		2.92703		528.081		6.96895e+06		530.186		
00:00:09:300		1.54052e+07		0.0949402		2.92529		528.134		6.96892e+06		530.18		
00:00:09:199		1.54057e+07		0.0958514		2.92407		528.171		6.9689e+06		530.176		
00:00:09:199		1.54057e+07		0.0958514		2.92407		528.171		6.9689e+06		530.176		
00:00:09:000		1.54069e+07		0.0976725		2.92176		528.245		6.96885e+06		530.166		
00:00:09:000		1.54069e+07		0.0976725		2.92176		528.245		6.96885e+06		530.166		
00:00:08:900		1.54075e+07		0.0985827		2.92042		528.28		6.96883e+06		530.161		
00:00:08:699		1.54087e+07		0.100403		2.91813		528.349		6.96878e+06		530.152		
00:00:08:599		1.54093e+07		0.101313		2.91691		528.382		6.96875e+06		530.146		
00:00:08:599		1.54093e+07		0.101313		2.91691		528.382		6.96875e+06		530.146		
00:00:08:400		1.54104e+07		0.103132		2.9146		528.448		6.96871e+06		530.136		
00:00:08:300		1.5411e+07		0.10404		2.91343		528.482		6.96868e+06		530.124		
00:00:08:300		1.5411e+07		0.10404		2.91343		528.482		6.96868e+06		530.124		
00:00:08:199		1.54116e+07		0.104949		2.91218		528.515		6.96866e+06		530.131		
00:00:08:099		1.54122e+07		0.105857		2.91113		528.546		6.96863e+06		530.115		
00:00:07:900		1.54135e+07		0.107672		2.90888		528.611		6.96858e+06		530.104		
00:00:07:900		1.54135e+07		0.107672		2.90888		528.611		6.96858e+06		530.104		
00:00:07:750		1.54144e+07		0.109033		2.9071		528.657		6.96854e+06		530.101		
00:00:07:549		1.54156e+07		0.110847		2.90494		528.721		6.96849e+06		530.088		
00:00:07:549		1.54156e+07		0.110847		2.90494		528.721		6.96849e+06		530.088		
00:00:07:450		1.54162e+07		0.111753		2.90382		528.756		6.96846e+06		530.081		
00:00:07:400		1.54165e+07		0.112206		2.90326		528.771		6.96845e+06		530.076		
00:00:07:299		1.54172e+07		0.113112		2.90214		528.803		6.96842e+06		530.067		
00:00:07:200		1.54178e+07		0.114019		2.90106		528.836		6.96839e+06		530.051		
00:00:07:099		1.54184e+07		0.114925		2.89994		528.867		6.96836e+06		530.054		
00:00:06:950		1.54194e+07		0.116284		2.89841		528.913		6.96832e+06		530.039		
00:00:06:849		1.542e+07		0.11719		2.89733		528.943		6.96829e+06		530.03		
00:00:06:650		1.54213e+07		0.119003		2.89519		528.998		6.96823e+06		530.008		
00:00:06:549		1.54219e+07		0.119909		2.89416		529.028		6.9682e+06		529.996		
00:00:06:549		1.54219e+07		0.119909		2.89416		529.028		6.9682e+06		529.996		
00:00:06:450		1.54226e+07		0.120815		2.89313		529.055		6.96817e+06		529.986		
00:00:06:349		1.54232e+07		0.121721		2.89207		529.081		6.96814e+06		529.974		
00:00:06:250		1.54239e+07		0.122628		2.89101		529.109		6.96811e+06		529.959		
00:00:06:150		1.54246e+07		0.123534		2.88995		529.134		6.96808e+06		529.949		
00:00:06:049		1.54252e+07		0.124441		2.88893		529.162		6.96804e+06		529.929		
00:00:05:950		1.54259e+07		0.125348		2.88801		529.19		6.96801e+06		529.921		
00:00:05:849		1.54266e+07		0.126255		2.88696		529.217		6.96798e+06		529.899		
00:00:05:650		1.54279e+07		0.128068		2.88495		529.276		6.96791e+06		529.875		
00:00:05:549		1.54286e+07		0.128975		2.8839		529.304		6.96787e+06		529.87		
00:00:05:549		1.54286e+07		0.128975		2.8839		529.304		6.96787e+06		529.87		
00:00:05:450		1.54293e+07		0.129882		2.88294		529.33		6.96783e+06		529.843		
00:00:05:349		1.543e+07		0.13079		2.88195		529.357		6.9678e+06		529.825		
00:00:05:250		1.54307e+07		0.131697		2.881		529.381		6.96776e+06		529.804		
00:00:05:099		1.54318e+07		0.133059		2.87956		529.42		6.9677e+06		529.777		
00:00:05:000		1.54325e+07		0.133966		2.87853		529.444		6.96767e+06		529.754		
00:00:05:000		1.54325e+07		0.133966		2.87853		529.444		6.96767e+06		529.754		
00:00:04:900		1.54332e+07		0.134874		2.87764		529.468		6.96763e+06		529.731		
00:00:04:799		1.54339e+07		0.135782		2.87662		529.494		6.96759e+06		529.709		
00:00:04:599		1.54354e+07		0.137596		2.87472		529.542		6.9675e+06		529.662		
00:00:04:599		1.54354e+07		0.137596		2.87472		529.542		6.9675e+06		529.662		
00:00:04:500		1.54361e+07		0.138502		2.87385		529.564		6.96746e+06		529.635		
00:00:04:400		1.54369e+07		0.139408		2.87293		529.586		6.96742e+06		529.607		
00:00:04:299		1.54376e+07		0.140314		2.87194		529.608		6.96738e+06		529.573		
00:00:04:200		1.54383e+07		0.141221		2.871		529.628		6.96733e+06		529.55		
00:00:04:099		1.54391e+07		0.142126		2.87005		529.65		6.96729e+06		529.513		
00:00:04:000		1.54399e+07		0.143033		2.86911		529.672		6.96724e+06		529.486		
00:00:03:899		1.54406e+07		0.143939		2.86817		529.695		6.96719e+06		529.45		
00:00:03:799		1.54414e+07		0.144847		2.86723		529.715		6.96715e+06		529.417		
00:00:03:600		1.5443e+07		0.14666		2.86545		529.759		6.96705e+06		529.34		
00:00:03:600		1.5443e+07		0.14666		2.86545		529.759		6.96705e+06		529.34		
00:00:03:500		1.54438e+07		0.147564		2.86452		529.779		6.967e+06		529.306		
00:00:03:399		1.54446e+07		0.148466		2.8637		529.798		6.96695e+06		529.259		
00:00:03:299		1.54454e+07		0.149363		2.8629		529.816		6.9669e+06		529.216		
00:00:03:100		1.5447e+07		0.151144		2.8613		529.853		6.96679e+06		529.128		
00:00:03:100		1.5447e+07		0.151144		2.8613		529.853		6.96679e+06		529.128		
00:00:02:950		1.54482e+07		0.152469		2.86001		529.881		6.96671e+06		529.047		
00:00:02:850		1.54489e+07		0.153351		2.85908		529.897		6.96665e+06		528.996		
00:00:02:750		1.54497e+07		0.154237		2.85811		529.916		6.96659e+06		528.939		
00:00:02:549		1.54513e+07		0.156031		2.85595		529.947		6.96648e+06		528.828		
00:00:02:549		1.54513e+07		0.156031		2.85595		529.947		6.96648e+06		528.828		
00:00:02:450		1.54523e+07		0.156941		2.85492		529.963		6.96642e+06		528.767		
00:00:02:350		1.54532e+07		0.157857		2.85398		529.976		6.96636e+06		528.704		
00:00:02:250		1.54543e+07		0.158772		2.85319		529.991		6.96629e+06		528.629		
00:00:02:149		1.54553e+07		0.159674		2.8527		530.006		6.96623e+06		528.575		
00:00:02:049		1.54564e+07		0.160551		2.85239		530.017		6.96617e+06		528.502		
00:00:01:949		1.54575e+07		0.161393		2.85212		530.031		6.96611e+06		528.441		
00:00:01:850		1.54584e+07		0.162193		2.85192		530.043		6.96604e+06		528.381		
00:00:01:649		1.54598e+07		0.163677		2.85131		530.068		6.96591e+06		528.225		
00:00:01:550		1.54603e+07		0.164393		2.85023		530.083		6.96584e+06		528.145		
00:00:01:550		1.54603e+07		0.164393		2.85023		530.083		6.96584e+06		528.145		
00:00:01:449		1.54608e+07		0.165127		2.84824		530.094		6.96577e+06		528.06		
00:00:01:350		1.54614e+07		0.16591		2.84571		530.109		6.9657e+06		527.974		
00:00:01:300		1.54618e+07		0.166327		2.84453		530.114		6.96566e+06		527.929		
00:00:01:199		1.54628e+07		0.167223		2.84233		530.125		6.96559e+06		527.836		
00:00:01:100		1.54644e+07		0.168195		2.84043		530.14		6.96551e+06		527.738		
00:00:00:949		1.54676e+07		0.169721		2.83694		530.16		6.96539e+06		527.582		
00:00:00:849		1.54702e+07		0.170693		2.83571		530.175		6.96531e+06		527.46		
00:00:00:650		1.54752e+07		0.17218		2.84338		530.199		6.96512e+06		527.19		
00:00:00:550		1.5477e+07		0.172592		2.84735		530.204		6.96502e+06		527.029		
00:00:00:550		1.5477e+07		0.172592		2.84735		530.204		6.96502e+06		527.029		
00:00:00:450		1.54781e+07		0.172791		2.84743		530.212		6.96492e+06		526.888		
00:00:00:349		1.54785e+07		0.17284		2.84164		530.216		6.96486e+06		526.826		
00:00:00:250		1.54786e+07		0.17284		2.83572		530.217		6.96484e+06		526.825		
00:00:00:149		1.54785e+07		0.17284		2.83572		530.221		6.96484e+06		526.824		
00:00:00:050		1.54785e+07		0.17284		2.83567		530.223		6.96484e+06		526.826		
00:00:00:000		1.54785e+07		0.17284		2.83571		530.225		6.96483e+06		526.826		
00:00:00:000		1.54785e+07		0.17284		2.83571		530.225		6.96483e+06		526.826		
00:00:00:000		1.54785e+07		0.17284		2.83571		530.225		6.96483e+06		526.826		
00:00:00:000		1.54785e+07		0.17284		2.83571		530.225		6.96483e+06		526.826		
00:00:00:000		1.54785e+07		0.17284		2.83571		530.225		6.96483e+06		526.826		
