	time 		rcpppzr	rcp054rcp007mnzoyout	rcv501std0102fvol	fwfrcp001gv	rcppmssga	msfsg(1)	
00:01:21:750		1.51281e+07		-0.551626		6.25609		509.285		6.98215e+06		531.19		
00:01:21:650		1.51284e+07		-0.550786		6.25386		509.281		6.98214e+06		531.19		
00:01:21:650		1.51284e+07		-0.550786		6.25386		509.281		6.98214e+06		531.19		
00:01:21:450		1.51291e+07		-0.549108		6.24931		509.275		6.98212e+06		531.19		
00:01:21:450		1.51291e+07		-0.549108		6.24931		509.275		6.98212e+06		531.19		
00:01:21:349		1.51294e+07		-0.548269		6.24703		509.272		6.98211e+06		531.189		
00:01:21:200		1.51299e+07		-0.54701		6.24356		509.268		6.98209e+06		531.189		
00:01:21:049		1.51304e+07		-0.545751		6.24013		509.262		6.98207e+06		531.188		
00:01:20:849		1.51311e+07		-0.544071		6.2355		509.256		6.98205e+06		531.188		
00:01:20:849		1.51311e+07		-0.544071		6.2355		509.256		6.98205e+06		531.188		
00:01:20:750		1.51314e+07		-0.543231		6.23317		509.254		6.98204e+06		531.188		
00:01:20:750		1.51314e+07		-0.543231		6.23317		509.254		6.98204e+06		531.188		
00:01:20:650		1.51318e+07		-0.542392		6.23081		509.249		6.98203e+06		531.188		
00:01:20:549		1.51321e+07		-0.541552		6.22845		509.247		6.98202e+06		531.187		
00:01:20:450		1.51324e+07		-0.540712		6.22612		509.243		6.98201e+06		531.175		
00:01:20:349		1.51328e+07		-0.539871		6.22378		509.239		6.982e+06		531.187		
00:01:20:250		1.51331e+07		-0.539032		6.22142		509.235		6.98199e+06		531.185		
00:01:20:150		1.51334e+07		-0.538191		6.21903		509.233		6.98198e+06		531.184		
00:01:20:049		1.51338e+07		-0.537351		6.21662		509.231		6.98197e+06		531.183		
00:01:19:950		1.51341e+07		-0.53651		6.21422		509.227		6.98195e+06		531.181		
00:01:19:750		1.51348e+07		-0.534828		6.20946		509.224		6.98193e+06		531.177		
00:01:19:750		1.51348e+07		-0.534828		6.20946		509.224		6.98193e+06		531.177		
00:01:19:650		1.51351e+07		-0.533988		6.20705		509.22		6.98192e+06		531.178		
00:01:19:549		1.51354e+07		-0.533147		6.20462		509.22		6.98191e+06		531.179		
00:01:19:450		1.51358e+07		-0.532306		6.20223		509.216		6.9819e+06		531.177		
00:01:19:250		1.51365e+07		-0.530624		6.1974		509.212		6.98187e+06		531.174		
00:01:19:250		1.51365e+07		-0.530624		6.1974		509.212		6.98187e+06		531.174		
00:01:19:150		1.51368e+07		-0.529783		6.19504		509.208		6.98186e+06		531.172		
00:01:19:049		1.51371e+07		-0.528942		6.19263		509.206		6.98185e+06		531.175		
00:01:18:950		1.51375e+07		-0.5281		6.19017		509.205		6.98184e+06		531.175		
00:01:18:750		1.51381e+07		-0.526417		6.18525		509.201		6.98182e+06		531.178		
00:01:18:650		1.51385e+07		-0.525576		6.18284		509.199		6.9818e+06		531.171		
00:01:18:650		1.51385e+07		-0.525576		6.18284		509.199		6.9818e+06		531.171		
00:01:18:549		1.51388e+07		-0.524734		6.18036		509.197		6.98179e+06		531.172		
00:01:18:450		1.51391e+07		-0.523892		6.17794		509.195		6.98178e+06		531.171		
00:01:18:250		1.51398e+07		-0.522209		6.17299		509.193		6.98176e+06		531.175		
00:01:18:250		1.51398e+07		-0.522209		6.17299		509.193		6.98176e+06		531.175		
00:01:18:150		1.51401e+07		-0.521367		6.1705		509.191		6.98174e+06		531.166		
00:01:18:049		1.51405e+07		-0.520525		6.16802		509.189		6.98173e+06		531.159		
00:01:17:849		1.51412e+07		-0.51884		6.16305		509.187		6.98171e+06		531.17		
00:01:17:750		1.51415e+07		-0.517998		6.16053		509.185		6.9817e+06		531.161		
00:01:17:750		1.51415e+07		-0.517998		6.16053		509.185		6.9817e+06		531.161		
00:01:17:650		1.51418e+07		-0.517156		6.158		509.183		6.98168e+06		531.166		
00:01:17:549		1.51422e+07		-0.516314		6.15544		509.183		6.98167e+06		531.174		
00:01:17:400		1.51427e+07		-0.51505		6.15166		509.182		6.98165e+06		531.154		
00:01:17:299		1.5143e+07		-0.514208		6.14913		509.18		6.98164e+06		531.159		
00:01:17:200		1.51433e+07		-0.513366		6.14659		509.178		6.98163e+06		531.153		
00:01:17:099		1.51437e+07		-0.512523		6.14398		509.178		6.98161e+06		531.166		
00:01:17:000		1.5144e+07		-0.511681		6.14138		509.176		6.9816e+06		531.159		
00:01:16:900		1.51444e+07		-0.510839		6.13881		509.176		6.98159e+06		531.158		
00:01:16:799		1.51447e+07		-0.509995		6.13625		509.176		6.98158e+06		531.164		
00:01:16:700		1.5145e+07		-0.509152		6.13365		509.174		6.98156e+06		531.156		
00:01:16:650		1.51452e+07		-0.508731		6.13234		509.174		6.98156e+06		531.156		
00:01:16:500		1.51457e+07		-0.507467		6.12842		509.172		6.98154e+06		531.161		
00:01:16:400		1.5146e+07		-0.506624		6.12577		509.172		6.98153e+06		531.154		
00:01:16:349		1.51462e+07		-0.506201		6.12447		509.172		6.98152e+06		531.153		
00:01:16:200		1.51467e+07		-0.504936		6.12051		509.17		6.9815e+06		531.151		
00:01:16:099		1.51471e+07		-0.504093		6.11787		509.17		6.98149e+06		531.15		
00:01:16:000		1.51474e+07		-0.50325		6.11532		509.17		6.98147e+06		531.149		
00:01:15:900		1.51477e+07		-0.502406		6.11249		509.17		6.98146e+06		531.148		
00:01:15:799		1.51481e+07		-0.501562		6.10978		509.172		6.98145e+06		531.149		
00:01:15:700		1.51484e+07		-0.500718		6.10712		509.172		6.98143e+06		531.148		
00:01:15:599		1.51487e+07		-0.499874		6.10441		509.172		6.98142e+06		531.147		
00:01:15:500		1.51491e+07		-0.49903		6.10171		509.172		6.98141e+06		531.146		
00:01:15:400		1.51494e+07		-0.498185		6.09899		509.172		6.9814e+06		531.145		
00:01:15:299		1.51498e+07		-0.497341		6.09627		509.172		6.98138e+06		531.143		
00:01:15:200		1.51501e+07		-0.496497		6.0935		509.174		6.98137e+06		531.141		
00:01:15:099		1.51504e+07		-0.495652		6.09077		509.174		6.98135e+06		531.146		
00:01:15:000		1.51508e+07		-0.494807		6.08808		509.174		6.98134e+06		531.141		
00:01:14:900		1.51511e+07		-0.493962		6.08531		509.174		6.98133e+06		531.139		
00:01:14:799		1.51514e+07		-0.493117		6.08257		509.174		6.98131e+06		531.137		
00:01:14:700		1.51518e+07		-0.492272		6.07978		509.176		6.9813e+06		531.138		
00:01:14:599		1.51521e+07		-0.491427		6.077		509.176		6.98129e+06		531.136		
00:01:14:500		1.51525e+07		-0.490582		6.07421		509.178		6.98127e+06		531.134		
00:01:14:400		1.51528e+07		-0.489736		6.07144		509.178		6.98126e+06		531.128		
00:01:14:299		1.51531e+07		-0.48889		6.06865		509.18		6.98124e+06		531.133		
00:01:14:200		1.51535e+07		-0.488045		6.06585		509.18		6.98123e+06		531.131		
00:01:14:099		1.51538e+07		-0.487199		6.06303		509.182		6.98122e+06		531.118		
00:01:14:000		1.51542e+07		-0.486353		6.06019		509.183		6.9812e+06		531.131		
00:01:13:900		1.51545e+07		-0.485507		6.05735		509.183		6.98119e+06		531.129		
00:01:13:799		1.51548e+07		-0.484662		6.05456		509.185		6.98117e+06		531.126		
00:01:13:700		1.51552e+07		-0.483815		6.05169		509.187		6.98116e+06		531.127		
00:01:13:599		1.51555e+07		-0.482968		6.04884		509.189		6.98115e+06		531.125		
00:01:13:450		1.5156e+07		-0.481699		6.04456		509.191		6.98113e+06		531.135		
00:01:13:349		1.51564e+07		-0.480852		6.0417		509.193		6.98111e+06		531.124		
00:01:13:250		1.51567e+07		-0.480005		6.03883		509.193		6.9811e+06		531.122		
00:01:13:150		1.5157e+07		-0.479158		6.03595		509.195		6.98108e+06		531.122		
00:01:13:150		1.5157e+07		-0.479158		6.03595		509.195		6.98108e+06		531.122		
00:01:13:000		1.51575e+07		-0.477888		6.03164		509.199		6.98106e+06		531.122		
00:01:12:849		1.51581e+07		-0.476617		6.02723		509.203		6.98104e+06		531.119		
00:01:12:799		1.51582e+07		-0.476193		6.02577		509.203		6.98103e+06		531.117		
00:01:12:650		1.51587e+07		-0.474923		6.02141		509.206		6.98101e+06		531.11		
00:01:12:650		1.51587e+07		-0.474923		6.02141		509.206		6.98101e+06		531.11		
00:01:12:549		1.51591e+07		-0.474075		6.01846		509.208		6.98099e+06		531.117		
00:01:12:450		1.51594e+07		-0.473227		6.01551		509.21		6.98098e+06		531.11		
00:01:12:349		1.51598e+07		-0.472379		6.01254		509.214		6.98097e+06		531.115		
00:01:12:250		1.51601e+07		-0.471531		6.00956		509.216		6.98095e+06		531.122		
00:01:12:150		1.51604e+07		-0.470683		6.00659		509.218		6.98094e+06		531.114		
00:01:11:950		1.51611e+07		-0.468987		6.00063		509.226		6.98091e+06		531.111		
00:01:11:849		1.51615e+07		-0.468138		5.99758		509.227		6.98089e+06		531.118		
00:01:11:750		1.51618e+07		-0.467289		5.99454		509.229		6.98088e+06		531.11		
00:01:11:650		1.51621e+07		-0.46644		5.99148		509.233		6.98086e+06		531.109		
00:01:11:650		1.51621e+07		-0.46644		5.99148		509.233		6.98086e+06		531.109		
00:01:11:450		1.51628e+07		-0.464742		5.9854		509.239		6.98083e+06		531.115		
00:01:11:450		1.51628e+07		-0.464742		5.9854		509.239		6.98083e+06		531.115		
00:01:11:349		1.51632e+07		-0.463892		5.98235		509.243		6.98082e+06		531.107		
00:01:11:250		1.51635e+07		-0.463042		5.9793		509.247		6.9808e+06		531.106		
00:01:11:150		1.51638e+07		-0.462193		5.9762		509.25		6.98079e+06		531.104		
00:01:11:049		1.51642e+07		-0.461343		5.97307		509.256		6.98077e+06		531.103		
00:01:10:950		1.51645e+07		-0.460493		5.96992		509.258		6.98076e+06		531.101		
00:01:10:750		1.51652e+07		-0.458792		5.96378		509.266		6.98073e+06		531.093		
00:01:10:750		1.51652e+07		-0.458792		5.96378		509.266		6.98073e+06		531.093		
00:01:10:650		1.51655e+07		-0.457942		5.96066		509.27		6.98071e+06		531.099		
00:01:10:549		1.51659e+07		-0.457092		5.95753		509.273		6.9807e+06		531.097		
00:01:10:450		1.51662e+07		-0.456242		5.95439		509.277		6.98068e+06		531.104		
00:01:10:349		1.51666e+07		-0.455391		5.9512		509.281		6.98066e+06		531.094		
00:01:10:250		1.51669e+07		-0.45454		5.94802		509.283		6.98065e+06		531.092		
00:01:10:049		1.51676e+07		-0.452838		5.9417		509.293		6.98062e+06		531.082		
00:01:10:049		1.51676e+07		-0.452838		5.9417		509.293		6.98062e+06		531.082		
00:01:09:849		1.51683e+07		-0.451135		5.93531		509.3		6.98059e+06		531.089		
00:01:09:750		1.51686e+07		-0.450284		5.93209		509.306		6.98057e+06		531.087		
00:01:09:750		1.51686e+07		-0.450284		5.93209		509.306		6.98057e+06		531.087		
00:01:09:650		1.5169e+07		-0.449432		5.92886		509.31		6.98055e+06		531.08		
00:01:09:549		1.51693e+07		-0.44858		5.92563		509.316		6.98054e+06		531.086		
00:01:09:450		1.51696e+07		-0.447728		5.92243		509.321		6.98052e+06		531.085		
00:01:09:349		1.517e+07		-0.446876		5.91917		509.327		6.98051e+06		531.083		
00:01:09:250		1.51703e+07		-0.446023		5.91594		509.333		6.98049e+06		531.082		
00:01:09:150		1.51707e+07		-0.445171		5.91266		509.337		6.98047e+06		531.081		
00:01:09:049		1.5171e+07		-0.444319		5.90938		509.342		6.98046e+06		531.073		
00:01:08:950		1.51713e+07		-0.443466		5.90613		509.348		6.98044e+06		531.079		
00:01:08:750		1.5172e+07		-0.44176		5.89951		509.36		6.98041e+06		531.074		
00:01:08:650		1.51724e+07		-0.440907		5.89618		509.365		6.98039e+06		531.074		
00:01:08:650		1.51724e+07		-0.440907		5.89618		509.365		6.98039e+06		531.074		
00:01:08:549		1.51727e+07		-0.440053		5.89285		509.371		6.98038e+06		531.082		
00:01:08:450		1.51731e+07		-0.4392		5.8895		509.377		6.98036e+06		531.072		
00:01:08:349		1.51734e+07		-0.438346		5.88614		509.383		6.98035e+06		531.069		
00:01:08:200		1.51739e+07		-0.437065		5.8811		509.39		6.98032e+06		531.069		
00:01:08:099		1.51743e+07		-0.436211		5.8777		509.396		6.9803e+06		531.065		
00:01:08:000		1.51746e+07		-0.435356		5.87429		509.402		6.98029e+06		531.074		
00:01:07:799		1.51753e+07		-0.433647		5.86752		509.413		6.98026e+06		531.064		
00:01:07:700		1.51756e+07		-0.432793		5.86407		509.421		6.98024e+06		531.064		
00:01:07:700		1.51756e+07		-0.432793		5.86407		509.421		6.98024e+06		531.064		
00:01:07:599		1.5176e+07		-0.431937		5.86063		509.427		6.98022e+06		531.063		
00:01:07:500		1.51763e+07		-0.431082		5.85723		509.434		6.98021e+06		531.06		
00:01:07:400		1.51767e+07		-0.430227		5.85381		509.442		6.98019e+06		531.06		
00:01:07:299		1.5177e+07		-0.429371		5.85038		509.448		6.98017e+06		531.059		
00:01:07:200		1.51773e+07		-0.428515		5.84692		509.455		6.98016e+06		531.058		
00:01:07:099		1.51777e+07		-0.42766		5.84348		509.463		6.98014e+06		531.057		
00:01:07:000		1.5178e+07		-0.426804		5.83999		509.471		6.98012e+06		531.056		
00:01:06:900		1.51784e+07		-0.425948		5.83651		509.478		6.98011e+06		531.054		
00:01:06:799		1.51787e+07		-0.425091		5.83299		509.486		6.98009e+06		531.053		
00:01:06:700		1.51791e+07		-0.424234		5.8295		509.494		6.98007e+06		531.051		
00:01:06:599		1.51794e+07		-0.423378		5.826		509.499		6.98005e+06		531.05		
00:01:06:500		1.51797e+07		-0.422521		5.82244		509.509		6.98004e+06		531.049		
00:01:06:400		1.51801e+07		-0.421664		5.8189		509.515		6.98002e+06		531.047		
00:01:06:299		1.51804e+07		-0.420806		5.81532		509.522		6.98e+06		531.046		
00:01:06:200		1.51808e+07		-0.419949		5.81175		509.53		6.97999e+06		531.045		
00:01:06:099		1.51811e+07		-0.419091		5.80818		509.538		6.97997e+06		531.042		
00:01:06:000		1.51815e+07		-0.418233		5.80458		509.545		6.97995e+06		531.05		
00:01:05:900		1.51818e+07		-0.417374		5.80096		509.555		6.97993e+06		531.034		
00:01:05:799		1.51822e+07		-0.416516		5.79734		509.562		6.97992e+06		531.041		
00:01:05:700		1.51825e+07		-0.415658		5.79374		509.572		6.9799e+06		531.039		
00:01:05:599		1.51828e+07		-0.414798		5.7901		509.58		6.97988e+06		531.038		
00:01:05:500		1.51832e+07		-0.413939		5.78643		509.589		6.97987e+06		531.045		
00:01:05:400		1.51835e+07		-0.41308		5.78284		509.597		6.97985e+06		531.029		
00:01:05:299		1.51839e+07		-0.41222		5.77911		509.605		6.97983e+06		531.035		
00:01:05:200		1.51842e+07		-0.411361		5.77556		509.616		6.97981e+06		531.033		
00:01:05:099		1.51846e+07		-0.410501		5.7718		509.624		6.9798e+06		531.04		
00:01:04:950		1.51851e+07		-0.40921		5.7662		509.637		6.97977e+06		531.037		
00:01:04:849		1.51854e+07		-0.40921		5.7662		509.637		6.97977e+06		531.037		
00:01:04:750		1.51858e+07		-0.407488		5.75884		509.656		6.97973e+06		531.026		
00:01:04:750		1.51858e+07		-0.407488		5.75884		509.656		6.97973e+06		531.026		
00:01:04:549		1.51865e+07		-0.405766		5.75138		509.675		6.9797e+06		531.034		
00:01:04:549		1.51865e+07		-0.405766		5.75138		509.675		6.9797e+06		531.034		
00:01:04:349		1.51872e+07		-0.404044		5.7438		509.695		6.97966e+06		531.023		
00:01:04:349		1.51872e+07		-0.404044		5.7438		509.695		6.97966e+06		531.023		
00:01:04:250		1.51875e+07		-0.403181		5.74003		509.704		6.97965e+06		531.022		
00:01:04:150		1.51878e+07		-0.402319		5.73622		509.714		6.97963e+06		531.019		
00:01:04:049		1.51882e+07		-0.401457		5.73243		509.723		6.97961e+06		531.011		
00:01:03:950		1.51885e+07		-0.400594		5.72862		509.737		6.97959e+06		531.018		
00:01:03:750		1.51892e+07		-0.398868		5.72092		509.758		6.97956e+06		531.015		
00:01:03:750		1.51892e+07		-0.398868		5.72092		509.758		6.97956e+06		531.015		
00:01:03:649		1.51896e+07		-0.398005		5.71704		509.767		6.97954e+06		531.013		
00:01:03:549		1.51899e+07		-0.397141		5.71316		509.779		6.97952e+06		531.016		
00:01:03:450		1.51903e+07		-0.396277		5.70932		509.79		6.9795e+06		531.021		
00:01:03:350		1.51906e+07		-0.395413		5.70547		509.802		6.97948e+06		531.02		
00:01:03:250		1.5191e+07		-0.394549		5.70161		509.811		6.97947e+06		531.009		
00:01:03:149		1.51913e+07		-0.393683		5.69768		509.823		6.97945e+06		531.007		
00:01:03:049		1.51917e+07		-0.392819		5.69377		509.834		6.97943e+06		530.998		
00:01:02:950		1.5192e+07		-0.391953		5.68987		509.846		6.97941e+06		531.005		
00:01:02:750		1.51927e+07		-0.390223		5.68197		509.869		6.97938e+06		531.004		
00:01:02:750		1.51927e+07		-0.390223		5.68197		509.869		6.97938e+06		531.004		
00:01:02:649		1.5193e+07		-0.389356		5.67802		509.88		6.97936e+06		531.011		
00:01:02:549		1.51934e+07		-0.38849		5.674		509.892		6.97934e+06		531.001		
00:01:02:450		1.51937e+07		-0.387623		5.66998		509.903		6.97932e+06		530.999		
00:01:02:350		1.51941e+07		-0.386756		5.66601		509.915		6.9793e+06		530.997		
00:01:02:200		1.51946e+07		-0.385455		5.66002		509.932		6.97927e+06		530.996		
00:01:02:100		1.51949e+07		-0.384588		5.65595		509.943		6.97926e+06		530.994		
00:01:02:049		1.51951e+07		-0.384154		5.6539		509.949		6.97925e+06		530.997		
00:01:01:850		1.51958e+07		-0.382416		5.64577		509.974		6.97921e+06		530.994		
00:01:01:700		1.51963e+07		-0.381112		5.6397		509.993		6.97918e+06		530.991		
00:01:01:700		1.51963e+07		-0.381112		5.6397		509.993		6.97918e+06		530.991		
00:01:01:600		1.51967e+07		-0.380242		5.63556		510.006		6.97916e+06		530.997		
00:01:01:500		1.5197e+07		-0.379372		5.63142		510.018		6.97914e+06		530.987		
00:01:01:399		1.51974e+07		-0.378501		5.62722		510.029		6.97912e+06		530.987		
00:01:01:299		1.51977e+07		-0.377631		5.62301		510.043		6.97911e+06		530.985		
00:01:01:200		1.51981e+07		-0.37676		5.61884		510.056		6.97909e+06		530.984		
00:01:01:100		1.51984e+07		-0.375889		5.61467		510.069		6.97907e+06		530.984		
00:01:01:000		1.51988e+07		-0.375018		5.61045		510.081		6.97905e+06		530.981		
00:01:00:899		1.51991e+07		-0.374146		5.60618		510.094		6.97903e+06		530.993		
00:01:00:799		1.51995e+07		-0.373274		5.60194		510.108		6.97901e+06		530.979		
00:01:00:700		1.51998e+07		-0.372401		5.5977		510.121		6.97899e+06		530.972		
00:01:00:600		1.52002e+07		-0.371529		5.5935		510.134		6.97897e+06		530.977		
00:01:00:500		1.52005e+07		-0.370656		5.58927		510.148		6.97895e+06		530.976		
00:01:00:399		1.52009e+07		-0.369782		5.58499		510.161		6.97894e+06		530.981		
00:01:00:250		1.52014e+07		-0.368472		5.57853		510.182		6.97891e+06		530.973		
00:01:00:149		1.52017e+07		-0.367597		5.57424		510.196		6.97889e+06		530.968		
00:01:00:049		1.52021e+07		-0.366723		5.56994		510.209		6.97887e+06		530.974		
00:01:00:049		1.52021e+07		-0.366723		5.56994		510.209		6.97887e+06		530.974		
00:01:00:000		1.52023e+07		-0.366286		5.56775		510.217		6.97886e+06		530.973		
00:00:59:799		1.5203e+07		-0.364535		5.55899		510.245		6.97882e+06		530.961		
00:00:59:799		1.5203e+07		-0.364535		5.55899		510.245		6.97882e+06		530.961		
00:00:59:649		1.52035e+07		-0.363222		5.5524		510.266		6.97879e+06		530.968		
00:00:59:500		1.5204e+07		-0.361907		5.54593		510.287		6.97876e+06		530.966		
00:00:59:399		1.52044e+07		-0.361031		5.54148		510.303		6.97874e+06		530.964		
00:00:59:399		1.52044e+07		-0.361031		5.54148		510.303		6.97874e+06		530.964		
00:00:59:299		1.52047e+07		-0.360154		5.53703		510.316		6.97872e+06		530.957		
00:00:59:200		1.52051e+07		-0.359276		5.53258		510.331		6.9787e+06		530.964		
00:00:59:100		1.52054e+07		-0.358399		5.5281		510.347		6.97868e+06		530.962		
00:00:59:000		1.52058e+07		-0.357521		5.52367		510.362		6.97866e+06		530.96		
00:00:58:799		1.52065e+07		-0.355764		5.51465		510.392		6.97863e+06		530.969		
00:00:58:799		1.52065e+07		-0.355764		5.51465		510.392		6.97863e+06		530.969		
00:00:58:700		1.52068e+07		-0.354885		5.51015		510.408		6.97861e+06		530.967		
00:00:58:600		1.52072e+07		-0.354006		5.50566		510.423		6.97859e+06		530.966		
00:00:58:500		1.52075e+07		-0.353127		5.50116		510.438		6.97857e+06		530.963		
00:00:58:399		1.52079e+07		-0.352247		5.49648		510.454		6.97855e+06		530.959		
00:00:58:299		1.52082e+07		-0.351367		5.49182		510.471		6.97853e+06		530.963		
00:00:58:100		1.52089e+07		-0.349605		5.48312		510.501		6.97849e+06		530.952		
00:00:58:100		1.52089e+07		-0.349605		5.48312		510.501		6.97849e+06		530.952		
00:00:57:950		1.52095e+07		-0.348283		5.47624		510.526		6.97846e+06		530.95		
00:00:57:799		1.52102e+07		-0.346519		5.46571		510.559		6.97842e+06		530.949		
00:00:57:799		1.52102e+07		-0.346519		5.46571		510.559		6.97842e+06		530.949		
00:00:57:649		1.52105e+07		-0.345637		5.46225		510.576		6.9784e+06		530.947		
00:00:57:549		1.52109e+07		-0.344754		5.45934		510.591		6.97838e+06		530.946		
00:00:57:450		1.52112e+07		-0.343871		5.4549		510.608		6.97836e+06		530.944		
00:00:57:350		1.52116e+07		-0.342987		5.44651		510.625		6.97834e+06		530.945		
00:00:57:250		1.52119e+07		-0.342103		5.43807		510.643		6.97832e+06		530.929		
00:00:57:149		1.52123e+07		-0.341218		5.42977		510.66		6.9783e+06		530.941		
00:00:57:049		1.52126e+07		-0.340333		5.42134		510.677		6.97828e+06		530.929		
00:00:56:950		1.5213e+07		-0.339448		5.41285		510.694		6.97826e+06		530.937		
00:00:56:750		1.52137e+07		-0.337676		5.39586		510.729		6.97822e+06		530.936		
00:00:56:750		1.52137e+07		-0.337676		5.39586		510.729		6.97822e+06		530.936		
00:00:56:649		1.5214e+07		-0.336789		5.38755		510.748		6.9782e+06		530.935		
00:00:56:549		1.52144e+07		-0.335902		5.37924		510.767		6.97817e+06		530.928		
00:00:56:450		1.52148e+07		-0.335015		5.37077		510.782		6.97815e+06		530.95		
00:00:56:350		1.52151e+07		-0.334127		5.36228		510.801		6.97813e+06		530.934		
00:00:56:250		1.52155e+07		-0.333239		5.35377		510.818		6.97811e+06		530.943		
00:00:56:149		1.52158e+07		-0.332351		5.3453		510.836		6.97809e+06		530.93		
00:00:56:049		1.52162e+07		-0.331461		5.33701		510.855		6.97807e+06		530.923		
00:00:55:850		1.52169e+07		-0.329682		5.32014		510.889		6.97803e+06		530.929		
00:00:55:750		1.52172e+07		-0.328792		5.31165		510.908		6.97801e+06		530.923		
00:00:55:750		1.52172e+07		-0.328792		5.31165		510.908		6.97801e+06		530.923		
00:00:55:600		1.52178e+07		-0.327457		5.29899		510.937		6.97798e+06		530.927		
00:00:55:549		1.5218e+07		-0.327012		5.2948		510.946		6.97797e+06		530.927		
00:00:55:450		1.52183e+07		-0.326121		5.28639		510.965		6.97795e+06		530.925		
00:00:55:350		1.52187e+07		-0.32523		5.27798		510.984		6.97793e+06		530.924		
00:00:55:250		1.5219e+07		-0.324337		5.26955		511.007		6.97791e+06		530.924		
00:00:55:100		1.52196e+07		-0.322999		5.25691		511.036		6.97788e+06		530.922		
00:00:55:000		1.52199e+07		-0.322106		5.24839		511.055		6.97786e+06		530.921		
00:00:55:000		1.52199e+07		-0.322106		5.24839		511.055		6.97786e+06		530.921		
00:00:54:799		1.52206e+07		-0.32032		5.2317		511.095		6.97782e+06		530.919		
00:00:54:799		1.52206e+07		-0.32032		5.2317		511.095		6.97782e+06		530.919		
00:00:54:700		1.5221e+07		-0.319425		5.22314		511.114		6.9778e+06		530.917		
00:00:54:600		1.52214e+07		-0.318531		5.2147		511.135		6.97777e+06		530.916		
00:00:54:500		1.52217e+07		-0.317636		5.20617		511.154		6.97775e+06		530.915		
00:00:54:399		1.52221e+07		-0.316741		5.19774		511.175		6.97773e+06		530.913		
00:00:54:299		1.52224e+07		-0.315845		5.18953		511.196		6.97771e+06		530.908		
00:00:54:200		1.52228e+07		-0.31495		5.18096		511.215		6.97769e+06		530.91		
00:00:54:100		1.52231e+07		-0.314053		5.17257		511.238		6.97767e+06		530.907		
00:00:54:000		1.52235e+07		-0.313156		5.1641		511.261		6.97765e+06		530.919		
00:00:53:799		1.52242e+07		-0.311361		5.14714		511.299		6.97761e+06		530.907		
00:00:53:700		1.52246e+07		-0.310463		5.13878		511.32		6.97759e+06		530.905		
00:00:53:600		1.52249e+07		-0.309566		5.13046		511.341		6.97756e+06		530.904		
00:00:53:600		1.52249e+07		-0.309566		5.13046		511.341		6.97756e+06		530.904		
00:00:53:500		1.52253e+07		-0.308666		5.12186		511.362		6.97754e+06		530.913		
00:00:53:399		1.52257e+07		-0.307767		5.11337		511.385		6.97752e+06		530.913		
00:00:53:299		1.5226e+07		-0.306868		5.10497		511.406		6.9775e+06		530.905		
00:00:53:100		1.52268e+07		-0.305067		5.08819		511.448		6.97746e+06		530.899		
00:00:53:000		1.52271e+07		-0.304166		5.07967		511.471		6.97744e+06		530.892		
00:00:53:000		1.52271e+07		-0.304166		5.07967		511.471		6.97744e+06		530.892		
00:00:52:799		1.52278e+07		-0.302364		5.06282		511.517		6.9774e+06		530.895		
00:00:52:799		1.52278e+07		-0.302364		5.06282		511.517		6.9774e+06		530.895		
00:00:52:700		1.52282e+07		-0.301462		5.05439		511.538		6.97737e+06		530.91		
00:00:52:600		1.52286e+07		-0.300559		5.04607		511.558		6.97735e+06		530.889		
00:00:52:500		1.52289e+07		-0.299656		5.03756		511.581		6.97733e+06		530.895		
00:00:52:399		1.52293e+07		-0.298753		5.0291		511.604		6.97731e+06		530.892		
00:00:52:299		1.52297e+07		-0.297849		5.02077		511.627		6.97729e+06		530.903		
00:00:52:200		1.523e+07		-0.296945		5.01244		511.65		6.97727e+06		530.89		
00:00:52:049		1.52306e+07		-0.295588		4.99981		511.682		6.97724e+06		530.883		
00:00:51:950		1.52309e+07		-0.294683		4.99128		511.705		6.97722e+06		530.89		
00:00:51:750		1.52317e+07		-0.292871		4.97447		511.751		6.97717e+06		530.882		
00:00:51:750		1.52317e+07		-0.292871		4.97447		511.751		6.97717e+06		530.882		
00:00:51:649		1.5232e+07		-0.291964		4.96622		511.776		6.97715e+06		530.888		
00:00:51:549		1.52324e+07		-0.291058		4.95772		511.801		6.97713e+06		530.886		
00:00:51:450		1.52327e+07		-0.29015		4.94935		511.823		6.97711e+06		530.883		
00:00:51:350		1.52331e+07		-0.289243		4.94101		511.846		6.97709e+06		530.878		
00:00:51:250		1.52335e+07		-0.288335		4.93271		511.869		6.97707e+06		530.874		
00:00:51:149		1.52338e+07		-0.287426		4.92418		511.894		6.97704e+06		530.883		
00:00:51:049		1.52342e+07		-0.286518		4.91576		511.917		6.97702e+06		530.883		
00:00:50:850		1.52349e+07		-0.2847		4.89909		511.964		6.97698e+06		530.882		
00:00:50:750		1.52353e+07		-0.28379		4.89069		511.989		6.97696e+06		530.876		
00:00:50:750		1.52353e+07		-0.28379		4.89069		511.989		6.97696e+06		530.876		
00:00:50:649		1.52357e+07		-0.28288		4.88217		512.014		6.97694e+06		530.881		
00:00:50:549		1.5236e+07		-0.28197		4.8738		512.039		6.97692e+06		530.88		
00:00:50:450		1.52364e+07		-0.281059		4.86562		512.062		6.97689e+06		530.873		
00:00:50:350		1.52368e+07		-0.280148		4.85717		512.088		6.97687e+06		530.879		
00:00:50:250		1.52371e+07		-0.279236		4.8487		512.113		6.97685e+06		530.884		
00:00:50:149		1.52375e+07		-0.278325		4.84033		512.138		6.97683e+06		530.872		
00:00:50:049		1.52379e+07		-0.277412		4.83207		512.164		6.97681e+06		530.878		
00:00:49:950		1.52383e+07		-0.2765		4.82369		512.191		6.97679e+06		530.867		
00:00:49:850		1.52386e+07		-0.275587		4.81538		512.214		6.97677e+06		530.888		
00:00:49:750		1.5239e+07		-0.274674		4.80706		512.242		6.97674e+06		530.874		
00:00:49:649		1.52394e+07		-0.27376		4.79873		512.269		6.97672e+06		530.889		
00:00:49:500		1.52399e+07		-0.27239		4.78623		512.309		6.97669e+06		530.879		
00:00:49:399		1.52403e+07		-0.271475		4.77784		512.334		6.97667e+06		530.875		
00:00:49:299		1.52407e+07		-0.270561		4.76973		512.36		6.97665e+06		530.873		
00:00:49:299		1.52407e+07		-0.270561		4.76973		512.36		6.97665e+06		530.873		
00:00:49:200		1.5241e+07		-0.269646		4.76126		512.387		6.97663e+06		530.87		
00:00:49:100		1.52414e+07		-0.268731		4.75313		512.414		6.97661e+06		530.859		
00:00:49:000		1.52418e+07		-0.267816		4.74479		512.438		6.97658e+06		530.883		
00:00:48:799		1.52425e+07		-0.265983		4.72812		512.494		6.97654e+06		530.87		
00:00:48:799		1.52425e+07		-0.265983		4.72812		512.494		6.97654e+06		530.87		
00:00:48:700		1.52429e+07		-0.265067		4.71978		512.52		6.97652e+06		530.867		
00:00:48:600		1.52432e+07		-0.26415		4.71166		512.547		6.9765e+06		530.867		
00:00:48:500		1.52436e+07		-0.263233		4.70326		512.574		6.97648e+06		530.855		
00:00:48:399		1.5244e+07		-0.262316		4.69482		512.6		6.97646e+06		530.855		
00:00:48:299		1.52444e+07		-0.261398		4.68679		512.629		6.97643e+06		530.867		
00:00:48:100		1.52451e+07		-0.259562		4.67008		512.682		6.97639e+06		530.869		
00:00:48:100		1.52451e+07		-0.259562		4.67008		512.682		6.97639e+06		530.869		
00:00:48:000		1.52455e+07		-0.258644		4.66193		512.709		6.97637e+06		530.864		
00:00:47:799		1.52462e+07		-0.256806		4.64545		512.766		6.97633e+06		530.857		
00:00:47:799		1.52462e+07		-0.256806		4.64545		512.766		6.97633e+06		530.857		
00:00:47:600		1.5247e+07		-0.254967		4.62863		512.821		6.97629e+06		530.851		
00:00:47:600		1.5247e+07		-0.254967		4.62863		512.821		6.97629e+06		530.851		
00:00:47:500		1.52473e+07		-0.254047		4.6205		512.847		6.97626e+06		530.861		
00:00:47:350		1.52479e+07		-0.252667		4.60843		512.889		6.97623e+06		530.847		
00:00:47:250		1.52483e+07		-0.251747		4.60019		512.916		6.97621e+06		530.859		
00:00:47:149		1.52487e+07		-0.250826		4.59194		512.944		6.97619e+06		530.858		
00:00:47:100		1.52488e+07		-0.250366		4.58792		512.96		6.97618e+06		530.857		
00:00:47:000		1.52492e+07		-0.249444		4.57949		512.988		6.97616e+06		530.863		
00:00:46:799		1.525e+07		-0.247602		4.56323		513.047		6.97612e+06		530.855		
00:00:46:799		1.525e+07		-0.247602		4.56323		513.047		6.97612e+06		530.855		
00:00:46:649		1.52505e+07		-0.246219		4.55078		513.089		6.97608e+06		530.853		
00:00:46:549		1.52509e+07		-0.245297		4.54269		513.119		6.97606e+06		530.862		
00:00:46:450		1.52513e+07		-0.244375		4.5345		513.148		6.97604e+06		530.852		
00:00:46:350		1.52516e+07		-0.243452		4.52646		513.176		6.97602e+06		530.849		
00:00:46:250		1.5252e+07		-0.24253		4.51846		513.205		6.976e+06		530.842		
00:00:46:149		1.52524e+07		-0.241607		4.50993		513.235		6.97598e+06		530.847		
00:00:46:049		1.52528e+07		-0.240684		4.50197		513.266		6.97596e+06		530.845		
00:00:45:950		1.52532e+07		-0.239761		4.49388		513.294		6.97593e+06		530.856		
00:00:45:750		1.52539e+07		-0.237914		4.47775		513.355		6.97589e+06		530.843		
00:00:45:750		1.52539e+07		-0.237914		4.47775		513.355		6.97589e+06		530.843		
00:00:45:649		1.52543e+07		-0.236991		4.46966		513.383		6.97587e+06		530.841		
00:00:45:549		1.52547e+07		-0.236066		4.46154		513.414		6.97585e+06		530.853		
00:00:45:450		1.5255e+07		-0.235141		4.45352		513.442		6.97583e+06		530.841		
00:00:45:350		1.52554e+07		-0.234217		4.44551		513.473		6.97581e+06		530.849		
00:00:45:250		1.52558e+07		-0.233292		4.43743		513.505		6.97579e+06		530.838		
00:00:45:149		1.52562e+07		-0.232366		4.42932		513.535		6.97577e+06		530.835		
00:00:45:049		1.52565e+07		-0.23144		4.42124		513.564		6.97574e+06		530.848		
00:00:44:799		1.52575e+07		-0.229125		4.40125		513.642		6.97569e+06		530.826		
00:00:44:750		1.52577e+07		-0.228662		4.39724		513.657		6.97568e+06		530.833		
00:00:44:750		1.52577e+07		-0.228662		4.39724		513.657		6.97568e+06		530.833		
00:00:44:649		1.5258e+07		-0.227736		4.38914		513.687		6.97566e+06		530.831		
00:00:44:549		1.52586e+07		-0.226346		4.37708		513.735		6.97563e+06		530.83		
00:00:44:399		1.5259e+07		-0.22542		4.36913		513.767		6.97561e+06		530.828		
00:00:44:299		1.52593e+07		-0.224494		4.36126		513.797		6.97559e+06		530.817		
00:00:44:200		1.52593e+07		-0.224494		4.36126		513.797		6.97559e+06		530.817		
00:00:44:200		1.52597e+07		-0.223568		4.35325		513.83		6.97556e+06		530.826		
00:00:44:100		1.52601e+07		-0.222643		4.34525		513.86		6.97554e+06		530.824		
00:00:43:799		1.52612e+07		-0.219866		4.32164		513.955		6.97548e+06		530.819		
00:00:43:700		1.52616e+07		-0.218941		4.31369		513.989		6.97546e+06		530.817		
00:00:43:700		1.52616e+07		-0.218941		4.31369		513.989		6.97546e+06		530.817		
00:00:43:700		1.52616e+07		-0.218941		4.31369		513.989		6.97546e+06		530.817		
00:00:43:600		1.52619e+07		-0.218016		4.30576		514.021		6.97544e+06		530.828		
00:00:43:500		1.52623e+07		-0.217092		4.29795		514.054		6.97542e+06		530.816		
00:00:43:399		1.52627e+07		-0.216167		4.29005		514.086		6.9754e+06		530.825		
00:00:43:299		1.52631e+07		-0.215242		4.28227		514.118		6.97538e+06		530.813		
00:00:43:200		1.52634e+07		-0.214319		4.2744		514.15		6.97535e+06		530.811		
00:00:43:000		1.52642e+07		-0.212471		4.25882		514.215		6.97531e+06		530.807		
00:00:43:000		1.52642e+07		-0.212471		4.25882		514.215		6.97531e+06		530.807		
00:00:42:799		1.52649e+07		-0.210625		4.24332		514.281		6.97527e+06		530.798		
00:00:42:799		1.52649e+07		-0.210625		4.24332		514.281		6.97527e+06		530.798		
00:00:42:700		1.52653e+07		-0.209702		4.23549		514.315		6.97525e+06		530.806		
00:00:42:500		1.5266e+07		-0.207858		4.21997		514.382		6.97521e+06		530.804		
00:00:42:500		1.5266e+07		-0.207858		4.21997		514.382		6.97521e+06		530.804		
00:00:42:399		1.52664e+07		-0.206936		4.21225		514.416		6.97519e+06		530.812		
00:00:42:299		1.52668e+07		-0.206015		4.2046		514.448		6.97517e+06		530.812		
00:00:42:200		1.52672e+07		-0.205093		4.19684		514.482		6.97515e+06		530.798		
00:00:42:100		1.52675e+07		-0.204173		4.18917		514.516		6.97512e+06		530.786		
00:00:42:000		1.52679e+07		-0.203252		4.1815		514.55		6.9751e+06		530.804		
00:00:41:799		1.52687e+07		-0.201413		4.16621		514.617		6.97506e+06		530.814		
00:00:41:799		1.52687e+07		-0.201413		4.16621		514.617		6.97506e+06		530.814		
00:00:41:700		1.5269e+07		-0.200494		4.15859		514.651		6.97504e+06		530.792		
00:00:41:600		1.52696e+07		-0.199115		4.14721		514.702		6.97501e+06		530.788		
00:00:41:450		1.527e+07		-0.198197		4.13955		514.738		6.97499e+06		530.796		
00:00:41:350		1.52703e+07		-0.19728		4.13202		514.772		6.97497e+06		530.787		
00:00:41:250		1.52707e+07		-0.196362		4.12449		514.806		6.97495e+06		530.786		
00:00:41:149		1.52711e+07		-0.195446		4.11677		514.842		6.97493e+06		530.784		
00:00:41:049		1.52715e+07		-0.19453		4.1094		514.876		6.97491e+06		530.781		
00:00:40:950		1.52718e+07		-0.193614		4.10185		514.91		6.97488e+06		530.788		
00:00:40:850		1.52722e+07		-0.192699		4.09442		514.946		6.97486e+06		530.777		
00:00:40:750		1.52726e+07		-0.191785		4.08688		514.98		6.97484e+06		530.778		
00:00:40:649		1.5273e+07		-0.190871		4.07948		515.016		6.97482e+06		530.777		
00:00:40:549		1.52733e+07		-0.189958		4.07196		515.052		6.9748e+06		530.774		
00:00:40:450		1.52737e+07		-0.189045		4.06449		515.086		6.97478e+06		530.782		
00:00:40:350		1.52741e+07		-0.188133		4.05713		515.122		6.97476e+06		530.775		
00:00:40:250		1.52745e+07		-0.187222		4.04995		515.158		6.97474e+06		530.77		
00:00:40:149		1.52748e+07		-0.186311		4.04273		515.194		6.97472e+06		530.771		
00:00:40:049		1.52752e+07		-0.185401		4.03542		515.23		6.9747e+06		530.769		
00:00:39:950		1.52756e+07		-0.184493		4.0281		515.268		6.97468e+06		530.765		
00:00:39:750		1.52763e+07		-0.182677		4.01362		515.342		6.97464e+06		530.765		
00:00:39:750		1.52763e+07		-0.182677		4.01362		515.342		6.97464e+06		530.765		
00:00:39:649		1.52767e+07		-0.18177		4.00648		515.38		6.97462e+06		530.763		
00:00:39:549		1.52771e+07		-0.180864		3.9991		515.418		6.97459e+06		530.771		
00:00:39:450		1.52775e+07		-0.179959		3.99203		515.454		6.97457e+06		530.758		
00:00:39:350		1.52778e+07		-0.179054		3.98481		515.492		6.97455e+06		530.763		
00:00:39:250		1.52782e+07		-0.178151		3.97768		515.531		6.97453e+06		530.756		
00:00:39:149		1.52786e+07		-0.177249		3.97046		515.567		6.97451e+06		530.752		
00:00:39:049		1.52789e+07		-0.176348		3.96341		515.605		6.97449e+06		530.753		
00:00:38:950		1.52793e+07		-0.175447		3.95638		515.643		6.97447e+06		530.75		
00:00:38:799		1.52799e+07		-0.174098		3.94572		515.698		6.97444e+06		530.745		
00:00:38:700		1.52802e+07		-0.1732		3.93863		515.735		6.97442e+06		530.743		
00:00:38:700		1.52802e+07		-0.1732		3.93863		515.735		6.97442e+06		530.743		
00:00:38:549		1.52808e+07		-0.171854		3.92824		515.792		6.97439e+06		530.741		
00:00:38:450		1.52812e+07		-0.170958		3.92112		515.83		6.97437e+06		530.747		
00:00:38:350		1.52815e+07		-0.170063		3.91419		515.868		6.97435e+06		530.748		
00:00:38:250		1.52819e+07		-0.169169		3.90729		515.906		6.97433e+06		530.725		
00:00:38:100		1.52825e+07		-0.167832		3.89679		515.962		6.9743e+06		530.729		
00:00:38:000		1.52828e+07		-0.166941		3.88994		516.002		6.97428e+06		530.751		
00:00:38:000		1.52828e+07		-0.166941		3.88994		516.002		6.97428e+06		530.751		
00:00:37:700		1.5284e+07		-0.164275		3.86924		516.114		6.97421e+06		530.73		
00:00:37:700		1.5284e+07		-0.164275		3.86924		516.114		6.97421e+06		530.73		
00:00:37:700		1.5284e+07		-0.164275		3.86924		516.114		6.97421e+06		530.73		
00:00:37:600		1.52843e+07		-0.163389		3.86246		516.151		6.97419e+06		530.727		
00:00:37:399		1.52851e+07		-0.161619		3.84878		516.229		6.97415e+06		530.716		
00:00:37:399		1.52851e+07		-0.161619		3.84878		516.229		6.97415e+06		530.716		
00:00:37:299		1.52854e+07		-0.160735		3.84203		516.268		6.97413e+06		530.716		
00:00:37:200		1.52858e+07		-0.159853		3.83534		516.306		6.97411e+06		530.731		
00:00:37:000		1.52865e+07		-0.158092		3.82181		516.386		6.97407e+06		530.717		
00:00:37:000		1.52865e+07		-0.158092		3.82181		516.386		6.97407e+06		530.717		
00:00:36:899		1.52869e+07		-0.157214		3.81495		516.423		6.97405e+06		530.715		
00:00:36:700		1.52876e+07		-0.15546		3.80163		516.505		6.97401e+06		530.72		
00:00:36:700		1.52876e+07		-0.15546		3.80163		516.505		6.97401e+06		530.72		
00:00:36:600		1.5288e+07		-0.154584		3.79506		516.542		6.97399e+06		530.712		
00:00:36:500		1.52884e+07		-0.15371		3.78838		516.582		6.97397e+06		530.709		
00:00:36:399		1.52887e+07		-0.152837		3.78185		516.622		6.97395e+06		530.706		
00:00:36:299		1.52891e+07		-0.151966		3.77522		516.661		6.97393e+06		530.703		
00:00:36:200		1.52895e+07		-0.151095		3.76869		516.699		6.97391e+06		530.695		
00:00:36:100		1.52898e+07		-0.150226		3.76211		516.741		6.97389e+06		530.699		
00:00:35:899		1.52906e+07		-0.14849		3.74905		516.82		6.97385e+06		530.696		
00:00:35:799		1.52909e+07		-0.147625		3.74267		516.859		6.97383e+06		530.696		
00:00:35:799		1.52909e+07		-0.147625		3.74267		516.859		6.97383e+06		530.696		
00:00:35:700		1.52913e+07		-0.14676		3.73616		516.899		6.97381e+06		530.693		
00:00:35:500		1.5292e+07		-0.145035		3.72325		516.98		6.97377e+06		530.69		
00:00:35:500		1.5292e+07		-0.145035		3.72325		516.98		6.97377e+06		530.69		
00:00:35:399		1.52924e+07		-0.144174		3.71694		517.022		6.97375e+06		530.687		
00:00:35:299		1.52928e+07		-0.143314		3.71059		517.061		6.97373e+06		530.693		
00:00:35:200		1.52931e+07		-0.142455		3.70423		517.101		6.97371e+06		530.683		
00:00:35:100		1.52935e+07		-0.141597		3.69781		517.142		6.97369e+06		530.682		
00:00:35:000		1.52939e+07		-0.140741		3.69143		517.182		6.97367e+06		530.671		
00:00:34:799		1.52946e+07		-0.139032		3.67887		517.265		6.97362e+06		530.67		
00:00:34:799		1.52946e+07		-0.139032		3.67887		517.265		6.97362e+06		530.67		
00:00:34:700		1.52949e+07		-0.138179		3.67274		517.305		6.9736e+06		530.675		
00:00:34:549		1.52955e+07		-0.136901		3.66335		517.367		6.97357e+06		530.664		
00:00:34:500		1.52957e+07		-0.136476		3.66023		517.388		6.97356e+06		530.671		
00:00:34:399		1.5296e+07		-0.135626		3.65392		517.427		6.97354e+06		530.668		
00:00:34:299		1.52964e+07		-0.134778		3.64785		517.469		6.97352e+06		530.66		
00:00:34:200		1.52967e+07		-0.13393		3.64166		517.512		6.9735e+06		530.665		
00:00:34:100		1.52971e+07		-0.133083		3.63558		517.553		6.97348e+06		530.672		
00:00:34:000		1.52975e+07		-0.132238		3.62936		517.595		6.97346e+06		530.665		
00:00:33:899		1.52978e+07		-0.131392		3.62322		517.636		6.97344e+06		530.652		
00:00:33:750		1.52984e+07		-0.130127		3.61417		517.698		6.97341e+06		530.655		
00:00:33:649		1.52987e+07		-0.129284		3.60809		517.738		6.97339e+06		530.652		
00:00:33:600		1.52989e+07		-0.128863		3.605		517.761		6.97338e+06		530.65		
00:00:33:500		1.52993e+07		-0.128021		3.59906		517.802		6.97336e+06		530.64		
00:00:33:350		1.52998e+07		-0.126761		3.59		517.866		6.97333e+06		530.648		
00:00:33:250		1.53002e+07		-0.125921		3.58396		517.907		6.97331e+06		530.646		
00:00:33:149		1.53005e+07		-0.125082		3.57805		517.949		6.97329e+06		530.643		
00:00:33:049		1.53009e+07		-0.124244		3.57207		517.99		6.97327e+06		530.639		
00:00:32:950		1.53012e+07		-0.123407		3.56621		518.036		6.97325e+06		530.633		
00:00:32:750		1.5302e+07		-0.121734		3.55445		518.118		6.97321e+06		530.626		
00:00:32:750		1.5302e+07		-0.121734		3.55445		518.118		6.97321e+06		530.626		
00:00:32:649		1.53023e+07		-0.120898		3.54853		518.16		6.97319e+06		530.631		
00:00:32:549		1.53027e+07		-0.120063		3.54274		518.203		6.97317e+06		530.628		
00:00:32:450		1.5303e+07		-0.119228		3.53683		518.244		6.97315e+06		530.628		
00:00:32:350		1.53034e+07		-0.118393		3.53096		518.29		6.97313e+06		530.626		
00:00:32:250		1.53037e+07		-0.117559		3.52512		518.331		6.97312e+06		530.623		
00:00:32:149		1.53041e+07		-0.116725		3.51947		518.374		6.9731e+06		530.62		
00:00:32:049		1.53044e+07		-0.115891		3.51365		518.418		6.97308e+06		530.63		
00:00:31:949		1.53048e+07		-0.115057		3.50794		518.461		6.97306e+06		530.618		
00:00:31:850		1.53051e+07		-0.114224		3.50214		518.504		6.97304e+06		530.605		
00:00:31:750		1.53055e+07		-0.11339		3.49655		518.547		6.97302e+06		530.614		
00:00:31:649		1.53059e+07		-0.112556		3.49075		518.591		6.973e+06		530.61		
00:00:31:550		1.53062e+07		-0.111722		3.48515		518.634		6.97298e+06		530.608		
00:00:31:449		1.53066e+07		-0.110888		3.47931		518.675		6.97296e+06		530.605		
00:00:31:350		1.53069e+07		-0.110054		3.47375		518.718		6.97294e+06		530.601		
00:00:31:199		1.53074e+07		-0.108801		3.46539		518.784		6.97291e+06		530.594		
00:00:31:149		1.53076e+07		-0.108384		3.46247		518.807		6.9729e+06		530.6		
00:00:31:000		1.53082e+07		-0.107131		3.45404		518.873		6.97287e+06		530.607		
00:00:30:899		1.53085e+07		-0.106294		3.44846		518.916		6.97285e+06		530.594		
00:00:30:899		1.53085e+07		-0.106294		3.44846		518.916		6.97285e+06		530.594		
00:00:30:750		1.5309e+07		-0.105038		3.44008		518.982		6.97282e+06		530.594		
00:00:30:649		1.53096e+07		-0.10378		3.43185		519.047		6.97279e+06		530.587		
00:00:30:500		1.53099e+07		-0.102941		3.42616		519.091		6.97277e+06		530.585		
00:00:30:399		1.53103e+07		-0.102099		3.42074		519.136		6.97275e+06		530.582		
00:00:30:300		1.53103e+07		-0.102099		3.42074		519.136		6.97275e+06		530.582		
00:00:30:300		1.53106e+07		-0.101257		3.41514		519.179		6.97273e+06		530.581		
00:00:30:199		1.5311e+07		-0.100414		3.40961		519.222		6.97271e+06		530.577		
00:00:30:100		1.53113e+07		-0.0995693		3.4042		519.267		6.97269e+06		530.576		
00:00:30:000		1.53117e+07		-0.0987234		3.39869		519.312		6.97267e+06		530.583		
00:00:29:899		1.5312e+07		-0.0978756		3.39321		519.355		6.97266e+06		530.58		
00:00:29:699		1.53127e+07		-0.0961757		3.38232		519.442		6.97262e+06		530.565		
00:00:29:600		1.53131e+07		-0.0953231		3.37691		519.489		6.9726e+06		530.56		
00:00:29:500		1.53134e+07		-0.0944681		3.37154		519.534		6.97258e+06		530.571		
00:00:29:500		1.53134e+07		-0.0944681		3.37154		519.534		6.97258e+06		530.571		
00:00:29:399		1.53138e+07		-0.0936112		3.36596		519.577		6.97256e+06		530.556		
00:00:29:300		1.53141e+07		-0.0927525		3.36058		519.622		6.97254e+06		530.567		
00:00:29:199		1.53145e+07		-0.0918908		3.3551		519.665		6.97252e+06		530.552		
00:00:29:100		1.53148e+07		-0.0910273		3.34979		519.71		6.9725e+06		530.548		
00:00:29:000		1.53152e+07		-0.0901613		3.34433		519.757		6.97248e+06		530.546		
00:00:28:800		1.53159e+07		-0.0884213		3.33349		519.847		6.97244e+06		530.547		
00:00:28:699		1.53163e+07		-0.0875473		3.32806		519.892		6.97242e+06		530.536		
00:00:28:699		1.53163e+07		-0.0875473		3.32806		519.892		6.97242e+06		530.536		
00:00:28:600		1.53166e+07		-0.0866699		3.32266		519.937		6.9724e+06		530.526		
00:00:28:500		1.5317e+07		-0.0857897		3.31736		519.98		6.97238e+06		530.529		
00:00:28:399		1.53173e+07		-0.0849066		3.31204		520.027		6.97237e+06		530.518		
00:00:28:300		1.53177e+07		-0.0840197		3.30661		520.072		6.97235e+06		530.525		
00:00:28:199		1.5318e+07		-0.0831299		3.30124		520.117		6.97233e+06		530.524		
00:00:28:100		1.53184e+07		-0.0822363		3.29588		520.162		6.97231e+06		530.521		
00:00:28:000		1.53188e+07		-0.0813398		3.2906		520.206		6.97229e+06		530.517		
00:00:27:800		1.53195e+07		-0.0795345		3.27984		520.297		6.97225e+06		530.505		
00:00:27:699		1.53198e+07		-0.0786257		3.27454		520.344		6.97223e+06		530.508		
00:00:27:699		1.53198e+07		-0.0786257		3.27454		520.344		6.97223e+06		530.508		
00:00:27:600		1.53202e+07		-0.0777135		3.26901		520.389		6.97221e+06		530.507		
00:00:27:500		1.53206e+07		-0.0767965		3.26382		520.432		6.97219e+06		530.499		
00:00:27:399		1.53209e+07		-0.0758758		3.25847		520.477		6.97217e+06		530.51		
00:00:27:199		1.53217e+07		-0.0740204		3.24776		520.569		6.97214e+06		530.497		
00:00:27:199		1.53217e+07		-0.0740204		3.24776		520.569		6.97214e+06		530.497		
00:00:27:100		1.5322e+07		-0.0730858		3.24224		520.616		6.97212e+06		530.497		
00:00:27:000		1.53224e+07		-0.0721464		3.23691		520.661		6.9721e+06		530.494		
00:00:26:800		1.53231e+07		-0.0702534		3.2264		520.755		6.97206e+06		530.49		
00:00:26:649		1.53237e+07		-0.0688205		3.21812		520.82		6.97203e+06		530.483		
00:00:26:649		1.53237e+07		-0.0688205		3.21812		520.82		6.97203e+06		530.483		
00:00:26:550		1.53241e+07		-0.0678582		3.21272		520.867		6.97201e+06		530.491		
00:00:26:500		1.53242e+07		-0.0673757		3.21001		520.889		6.972e+06		530.48		
00:00:26:350		1.53248e+07		-0.0659184		3.20234		520.957		6.97198e+06		530.474		
00:00:26:250		1.53252e+07		-0.06494		3.1971		521.004		6.97196e+06		530.47		
00:00:26:149		1.53256e+07		-0.0639558		3.1912		521.049		6.97194e+06		530.469		
00:00:26:050		1.53259e+07		-0.0629659		3.1854		521.095		6.97192e+06		530.465		
00:00:25:949		1.53263e+07		-0.0619702		3.18009		521.14		6.9719e+06		530.474		
00:00:25:800		1.53269e+07		-0.0604658		3.17371		521.209		6.97187e+06		530.458		
00:00:25:800		1.53269e+07		-0.0604658		3.17371		521.209		6.97187e+06		530.458		
00:00:25:649		1.53275e+07		-0.058948		3.16421		521.279		6.97185e+06		530.457		
00:00:25:550		1.53279e+07		-0.0579276		3.15699		521.326		6.97183e+06		530.454		
00:00:25:449		1.53282e+07		-0.0569015		3.15157		521.37		6.97181e+06		530.45		
00:00:25:399		1.53284e+07		-0.0563865		3.15086		521.393		6.9718e+06		530.449		
00:00:25:300		1.53288e+07		-0.0553503		3.14914		521.44		6.97178e+06		530.447		
00:00:25:149		1.53294e+07		-0.0537848		3.14649		521.511		6.97175e+06		530.444		
00:00:25:050		1.53298e+07		-0.0527344		3.1448		521.556		6.97173e+06		530.44		
00:00:24:949		1.53302e+07		-0.0516787		3.14308		521.6		6.97172e+06		530.436		
00:00:24:850		1.53306e+07		-0.0506172		3.14132		521.645		6.9717e+06		530.443		
00:00:24:750		1.5331e+07		-0.0495501		3.1396		521.692		6.97168e+06		530.433		
00:00:24:649		1.53314e+07		-0.0484772		3.13777		521.739		6.97166e+06		530.43		
00:00:24:550		1.53318e+07		-0.0473981		3.13608		521.786		6.97164e+06		530.428		
00:00:24:449		1.53322e+07		-0.0463138		3.13434		521.83		6.97162e+06		530.425		
00:00:24:350		1.53326e+07		-0.0452223		3.13245		521.877		6.97161e+06		530.421		
00:00:24:250		1.5333e+07		-0.0441251		3.13065		521.924		6.97159e+06		530.417		
00:00:24:149		1.53334e+07		-0.0430207		3.12901		521.969		6.97157e+06		530.405		
00:00:24:050		1.53338e+07		-0.0419102		3.12722		522.017		6.97155e+06		530.415		
00:00:23:949		1.53342e+07		-0.0407925		3.12542		522.062		6.97153e+06		530.413		
00:00:23:850		1.53347e+07		-0.0396681		3.12371		522.109		6.97151e+06		530.41		
00:00:23:750		1.53351e+07		-0.038537		3.12187		522.156		6.9715e+06		530.407		
00:00:23:649		1.53355e+07		-0.0373983		3.1201		522.2		6.97148e+06		530.404		
00:00:23:550		1.53359e+07		-0.036253		3.11838		522.247		6.97146e+06		530.393		
00:00:23:449		1.53363e+07		-0.0350995		3.11662		522.294		6.97144e+06		530.392		
00:00:23:350		1.53367e+07		-0.0339384		3.11486		522.34		6.97142e+06		530.388		
00:00:23:250		1.53371e+07		-0.0327687		3.11302		522.385		6.97141e+06		530.395		
00:00:23:149		1.53375e+07		-0.0315905		3.11133		522.432		6.97139e+06		530.392		
00:00:23:050		1.5338e+07		-0.0304031		3.10952		522.477		6.97137e+06		530.389		
00:00:22:949		1.53384e+07		-0.0292063		3.10763		522.525		6.97135e+06		530.385		
00:00:22:850		1.53388e+07		-0.0279999		3.10581		522.57		6.97133e+06		530.391		
00:00:22:699		1.53395e+07		-0.0261736		3.10319		522.639		6.97131e+06		530.379		
00:00:22:600		1.53399e+07		-0.0249448		3.10152		522.686		6.97129e+06		530.379		
00:00:22:500		1.53403e+07		-0.0237088		3.09971		522.732		6.97127e+06		530.378		
00:00:22:399		1.53407e+07		-0.0224648		3.09779		522.779		6.97125e+06		530.376		
00:00:22:350		1.53407e+07		-0.0224648		3.09779		522.779		6.97125e+06		530.376		
00:00:22:250		1.53413e+07		-0.0205846		3.09512		522.848		6.97123e+06		530.362		
00:00:22:149		1.53417e+07		-0.0193219		3.09362		522.893		6.97121e+06		530.37		
00:00:22:050		1.53421e+07		-0.018333		3.09205		522.939		6.97119e+06		530.36		
00:00:21:949		1.53426e+07		-0.0173779		3.09056		522.984		6.97117e+06		530.366		
00:00:21:850		1.53432e+07		-0.0164232		3.08907		523.031		6.97116e+06		530.363		
00:00:21:750		1.53437e+07		-0.0154681		3.08754		523.077		6.97114e+06		530.36		
00:00:21:649		1.53442e+07		-0.014514		3.08604		523.122		6.97112e+06		530.352		
00:00:21:550		1.53447e+07		-0.0135593		3.08451		523.169		6.9711e+06		530.357		
00:00:21:449		1.53452e+07		-0.0126057		3.08305		523.215		6.97109e+06		530.355		
00:00:21:300		1.5346e+07		-0.0111747		3.08075		523.284		6.97106e+06		530.351		
00:00:21:199		1.53465e+07		-0.0102215		3.07921		523.331		6.97104e+06		530.348		
00:00:21:100		1.5347e+07		-0.00926828		3.07778		523.376		6.97102e+06		530.345		
00:00:21:000		1.53475e+07		-0.00831556		3.07622		523.422		6.97101e+06		530.352		
00:00:21:000		1.53475e+07		-0.00831556		3.07622		523.422		6.97101e+06		530.352		
00:00:20:899		1.5348e+07		-0.00736284		3.07467		523.467		6.97099e+06		530.34		
00:00:20:699		1.53491e+07		-0.00545835		3.07171		523.56		6.97095e+06		530.335		
00:00:20:699		1.53491e+07		-0.00545835		3.07171		523.56		6.97095e+06		530.335		
00:00:20:600		1.53496e+07		-0.00450611		3.07024		523.607		6.97093e+06		530.334		
00:00:20:500		1.53501e+07		-0.00355482		3.06881		523.651		6.97092e+06		530.331		
00:00:20:399		1.53506e+07		-0.00260353		3.06723		523.696		6.9709e+06		530.327		
00:00:20:300		1.53511e+07		-0.00165272		3.06581		523.743		6.97088e+06		530.312		
00:00:20:199		1.53516e+07		-0.000701427		3.06431		523.789		6.97086e+06		530.318		
00:00:20:100		1.53521e+07		0.000249386		3.06272		523.836		6.97084e+06		530.332		
00:00:19:800		1.53537e+07		0.00309944		3.05832		523.972		6.97079e+06		530.314		
00:00:19:800		1.53537e+07		0.00309944		3.05832		523.972		6.97079e+06		530.314		
00:00:19:699		1.53542e+07		0.00404835		3.05688		524.018		6.97077e+06		530.322		
00:00:19:699		1.53542e+07		0.00404835		3.05688		524.018		6.97077e+06		530.322		
00:00:19:600		1.53547e+07		0.00499773		3.05552		524.063		6.97076e+06		530.31		
00:00:19:399		1.53557e+07		0.00689411		3.05256		524.154		6.97072e+06		530.307		
00:00:19:399		1.53557e+07		0.00689411		3.05256		524.154		6.97072e+06		530.307		
00:00:19:300		1.53562e+07		0.00784206		3.0512		524.197		6.9707e+06		530.304		
00:00:19:199		1.53568e+07		0.00878906		3.04968		524.243		6.97068e+06		530.301		
00:00:19:100		1.53573e+07		0.00973606		3.04825		524.29		6.97067e+06		530.287		
00:00:19:000		1.53578e+07		0.0106826		3.0468		524.335		6.97065e+06		530.298		
00:00:18:800		1.53588e+07		0.0125742		3.04384		524.424		6.97061e+06		530.285		
00:00:18:699		1.53593e+07		0.0135188		3.04234		524.47		6.97059e+06		530.289		
00:00:18:699		1.53593e+07		0.0135188		3.04234		524.47		6.97059e+06		530.289		
00:00:18:550		1.53601e+07		0.0149355		3.04022		524.537		6.97056e+06		530.287		
00:00:18:500		1.53603e+07		0.0154071		3.03947		524.562		6.97056e+06		530.286		
00:00:18:399		1.53608e+07		0.0163512		3.03814		524.606		6.97054e+06		530.291		
00:00:18:250		1.53616e+07		0.0177655		3.03602		524.671		6.97051e+06		530.267		
00:00:18:199		1.53619e+07		0.0182366		3.03524		524.695		6.9705e+06		530.268		
00:00:18:100		1.53624e+07		0.0191789		3.03391		524.74		6.97048e+06		530.276		
00:00:18:000		1.53629e+07		0.0201206		3.0325		524.785		6.97046e+06		530.273		
00:00:17:800		1.53639e+07		0.0220027		3.02975		524.874		6.97043e+06		530.268		
00:00:17:699		1.53644e+07		0.0229421		3.02829		524.918		6.97041e+06		530.259		
00:00:17:699		1.53644e+07		0.0229421		3.02829		524.918		6.97041e+06		530.259		
00:00:17:600		1.53649e+07		0.0238819		3.02684		524.961		6.97039e+06		530.271		
00:00:17:500		1.53655e+07		0.0248208		3.02542		525.008		6.97037e+06		530.272		
00:00:17:399		1.5366e+07		0.0257592		3.02408		525.052		6.97035e+06		530.259		
00:00:17:300		1.53665e+07		0.0266967		3.02253		525.097		6.97034e+06		530.255		
00:00:17:149		1.53673e+07		0.0281024		3.02054		525.164		6.97031e+06		530.244		
00:00:17:050		1.53678e+07		0.0290384		3.01921		525.206		6.97029e+06		530.249		
00:00:16:949		1.53683e+07		0.029974		3.01783		525.253		6.97027e+06		530.248		
00:00:16:850		1.53688e+07		0.0309091		3.01648		525.295		6.97025e+06		530.244		
00:00:16:750		1.53693e+07		0.0318437		3.01506		525.34		6.97023e+06		530.244		
00:00:16:649		1.53698e+07		0.0327773		3.01376		525.383		6.97021e+06		530.24		
00:00:16:550		1.53703e+07		0.0337105		3.01245		525.425		6.9702e+06		530.236		
00:00:16:449		1.53709e+07		0.0346427		3.01114		525.47		6.97018e+06		530.226		
00:00:16:350		1.53714e+07		0.0355744		3.00969		525.515		6.97016e+06		530.231		
00:00:16:250		1.53719e+07		0.0365057		3.00842		525.557		6.97014e+06		530.239		
00:00:16:149		1.53724e+07		0.0374355		3.00691		525.6		6.97012e+06		530.22		
00:00:16:100		1.53727e+07		0.0379004		3.00626		525.62		6.97011e+06		530.236		
00:00:16:000		1.53732e+07		0.0388293		3.00478		525.665		6.97009e+06		530.223		
00:00:15:849		1.53739e+07		0.0402217		3.00286		525.728		6.97006e+06		530.212		
00:00:15:750		1.53745e+07		0.0411491		3.0016		525.771		6.97004e+06		530.22		
00:00:15:650		1.5375e+07		0.0420761		3.00025		525.813		6.97003e+06		530.216		
00:00:15:550		1.53755e+07		0.0430017		2.9989		525.858		6.97001e+06		530.215		
00:00:15:449		1.5376e+07		0.0439267		2.99767		525.899		6.96999e+06		530.222		
00:00:15:349		1.53765e+07		0.0448508		2.99636		525.941		6.96997e+06		530.22		
00:00:15:250		1.5377e+07		0.045774		2.99507		525.984		6.96995e+06		530.208		
00:00:15:150		1.53775e+07		0.0466967		2.99373		526.027		6.96993e+06		530.205		
00:00:15:050		1.53781e+07		0.0476179		2.99242		526.069		6.96991e+06		530.202		
00:00:14:949		1.53786e+07		0.0485387		2.99109		526.112		6.96989e+06		530.2		
00:00:14:849		1.53791e+07		0.0494585		2.98978		526.153		6.96987e+06		530.198		
00:00:14:750		1.53796e+07		0.0503774		2.98849		526.195		6.96985e+06		530.195		
00:00:14:650		1.53801e+07		0.0512953		2.98721		526.238		6.96984e+06		530.193		
00:00:14:550		1.53806e+07		0.0522127		2.98581		526.281		6.96982e+06		530.19		
00:00:14:449		1.53812e+07		0.0531282		2.98449		526.323		6.9698e+06		530.188		
00:00:14:349		1.53817e+07		0.0540438		2.98321		526.364		6.96978e+06		530.184		
00:00:14:250		1.53822e+07		0.0549579		2.982		526.407		6.96976e+06		530.181		
00:00:14:150		1.53827e+07		0.055871		2.98064		526.445		6.96974e+06		530.179		
00:00:14:050		1.53832e+07		0.0567832		2.97918		526.486		6.96972e+06		530.177		
00:00:13:949		1.53838e+07		0.0576944		2.9779		526.527		6.9697e+06		530.174		
00:00:13:849		1.53843e+07		0.0586057		2.9767		526.568		6.96968e+06		530.171		
00:00:13:750		1.53848e+07		0.059515		2.97541		526.608		6.96966e+06		530.168		
00:00:13:599		1.53856e+07		0.0608773		2.97346		526.668		6.96963e+06		530.163		
00:00:13:500		1.53861e+07		0.0617847		2.97209		526.707		6.96961e+06		530.155		
00:00:13:400		1.53866e+07		0.0626912		2.97096		526.747		6.96959e+06		530.178		
00:00:13:300		1.53871e+07		0.0635967		2.9696		526.788		6.96957e+06		530.157		
00:00:13:300		1.53871e+07		0.0635967		2.9696		526.788		6.96957e+06		530.157		
00:00:13:099		1.53882e+07		0.0654049		2.96709		526.866		6.96953e+06		530.151		
00:00:13:099		1.53882e+07		0.0654049		2.96709		526.866		6.96953e+06		530.151		
00:00:13:000		1.53887e+07		0.0663075		2.96578		526.905		6.96951e+06		530.148		
00:00:12:900		1.53892e+07		0.0672097		2.9644		526.944		6.96949e+06		530.144		
00:00:12:699		1.53903e+07		0.0690103		2.96189		527.025		6.96946e+06		530.139		
00:00:12:699		1.53903e+07		0.0690103		2.96189		527.025		6.96946e+06		530.139		
00:00:12:599		1.53908e+07		0.0699091		2.96067		527.064		6.96944e+06		530.138		
00:00:12:500		1.53913e+07		0.070807		2.95932		527.103		6.96942e+06		530.135		
00:00:12:400		1.53918e+07		0.0717044		2.95794		527.142		6.9694e+06		530.131		
00:00:12:300		1.53924e+07		0.0726004		2.95681		527.18		6.96938e+06		530.126		
00:00:12:199		1.53929e+07		0.0734954		2.9555		527.219		6.96936e+06		530.116		
00:00:12:099		1.53934e+07		0.0743899		2.95424		527.26		6.96934e+06		530.119		
00:00:12:000		1.53939e+07		0.075284		2.95301		527.299		6.96932e+06		530.122		
00:00:11:800		1.5395e+07		0.0770683		2.95056		527.375		6.96927e+06		530.118		
00:00:11:699		1.53955e+07		0.0779595		2.94921		527.414		6.96925e+06		530.114		
00:00:11:699		1.53955e+07		0.0779595		2.94921		527.414		6.96925e+06		530.114		
00:00:11:500		1.53966e+07		0.0797391		2.94681		527.491		6.96921e+06		530.12		
00:00:11:500		1.53966e+07		0.0797391		2.94681		527.491		6.96921e+06		530.12		
00:00:11:400		1.53971e+07		0.0806279		2.94554		527.528		6.96919e+06		530.096		
00:00:11:300		1.53977e+07		0.0815163		2.94423		527.565		6.96917e+06		530.103		
00:00:11:199		1.53982e+07		0.0824037		2.94296		527.602		6.96915e+06		530.1		
00:00:11:099		1.53987e+07		0.0832901		2.94186		527.639		6.96913e+06		530.103		
00:00:10:900		1.53998e+07		0.0850601		2.93932		527.711		6.96909e+06		530.085		
00:00:10:900		1.53998e+07		0.0850601		2.93932		527.711		6.96909e+06		530.085		
00:00:10:699		1.54009e+07		0.0868268		2.93691		527.785		6.96905e+06		530.094		
00:00:10:599		1.54014e+07		0.0877094		2.93576		527.82		6.96903e+06		530.083		
00:00:10:599		1.54014e+07		0.0877094		2.93576		527.82		6.96903e+06		530.083		
00:00:10:500		1.54019e+07		0.0885911		2.93453		527.857		6.96901e+06		530.079		
00:00:10:400		1.54025e+07		0.0894723		2.9333		527.891		6.96899e+06		530.076		
00:00:10:300		1.5403e+07		0.090353		2.93207		527.924		6.96897e+06		530.076		
00:00:10:199		1.54039e+07		0.0916734		2.9303		527.976		6.96894e+06		530.071		
00:00:10:050		1.54044e+07		0.0925527		2.92911		528.011		6.96891e+06		530.069		
00:00:09:949		1.5405e+07		0.0934315		2.92792		528.044		6.96889e+06		530.066		
00:00:09:849		1.54055e+07		0.0943108		2.9267		528.079		6.96887e+06		530.062		
00:00:09:699		1.54063e+07		0.0956273		2.92501		528.131		6.96884e+06		530.056		
00:00:09:699		1.54063e+07		0.0956273		2.92501		528.131		6.96884e+06		530.056		
00:00:09:550		1.54072e+07		0.0969443		2.92321		528.182		6.96881e+06		530.05		
00:00:09:449		1.54077e+07		0.0978212		2.92202		528.216		6.96878e+06		530.046		
00:00:09:349		1.54083e+07		0.0986986		2.92091		528.251		6.96876e+06		530.039		
00:00:09:300		1.54086e+07		0.0991368		2.92033		528.269		6.96875e+06		530.039		
00:00:09:150		1.54094e+07		0.100452		2.91858		528.321		6.96872e+06		530.028		
00:00:09:050		1.541e+07		0.101328		2.91747		528.354		6.96869e+06		530.03		
00:00:08:949		1.54105e+07		0.102204		2.91632		528.387		6.96867e+06		530.02		
00:00:08:800		1.54114e+07		0.103517		2.91459		528.437		6.96864e+06		530.02		
00:00:08:650		1.54122e+07		0.104829		2.91295		528.485		6.9686e+06		530.012		
00:00:08:650		1.54122e+07		0.104829		2.91295		528.485		6.9686e+06		530.012		
00:00:08:550		1.54128e+07		0.105703		2.91177		528.517		6.96858e+06		530.008		
00:00:08:449		1.54134e+07		0.106576		2.91066		528.548		6.96855e+06		530.003		
00:00:08:349		1.5414e+07		0.10745		2.9096		528.579		6.96853e+06		529.996		
00:00:08:250		1.54145e+07		0.108323		2.90841		528.609		6.96851e+06		529.997		
00:00:08:150		1.54151e+07		0.109196		2.90731		528.64		6.96848e+06		529.986		
00:00:08:050		1.54157e+07		0.110068		2.90621		528.67		6.96846e+06		529.98		
00:00:07:950		1.54163e+07		0.110941		2.90528		528.701		6.96843e+06		529.967		
00:00:07:849		1.54169e+07		0.111813		2.90409		528.732		6.96841e+06		529.968		
00:00:07:750		1.54175e+07		0.112685		2.90303		528.764		6.96838e+06		529.951		
00:00:07:650		1.54181e+07		0.113557		2.90199		528.793		6.96835e+06		529.955		
00:00:07:549		1.54187e+07		0.114429		2.90094		528.825		6.96833e+06		529.948		
00:00:07:450		1.54193e+07		0.115301		2.89988		528.856		6.9683e+06		529.938		
00:00:07:299		1.54202e+07		0.116609		2.8983		528.9		6.96826e+06		529.947		
00:00:07:250		1.54205e+07		0.117044		2.89773		528.917		6.96825e+06		529.923		
00:00:07:150		1.54211e+07		0.117916		2.89668		528.946		6.96822e+06		529.914		
00:00:07:049		1.54217e+07		0.118788		2.89563		528.976		6.96819e+06		529.91		
00:00:06:950		1.54223e+07		0.119659		2.89462		529.004		6.96816e+06		529.91		
00:00:06:849		1.5423e+07		0.120531		2.89366		529.031		6.96814e+06		529.88		
00:00:06:750		1.54236e+07		0.121403		2.89258		529.057		6.96811e+06		529.893		
00:00:06:650		1.54242e+07		0.122275		2.89158		529.085		6.96808e+06		529.867		
00:00:06:549		1.54249e+07		0.123147		2.89054		529.111		6.96805e+06		529.856		
00:00:06:450		1.54255e+07		0.124019		2.88954		529.136		6.96802e+06		529.844		
00:00:06:349		1.54261e+07		0.124892		2.88859		529.162		6.96798e+06		529.832		
00:00:06:200		1.54271e+07		0.126201		2.88708		529.201		6.96794e+06		529.814		
00:00:06:099		1.54277e+07		0.127073		2.88609		529.227		6.96791e+06		529.8		
00:00:06:000		1.54284e+07		0.127946		2.88515		529.256		6.96787e+06		529.784		
00:00:06:000		1.54284e+07		0.127946		2.88515		529.256		6.96787e+06		529.784		
00:00:05:900		1.5429e+07		0.128819		2.88417		529.282		6.96784e+06		529.769		
00:00:05:700		1.54304e+07		0.130566		2.88225		529.334		6.96777e+06		529.737		
00:00:05:700		1.54304e+07		0.130566		2.88225		529.334		6.96777e+06		529.737		
00:00:05:599		1.5431e+07		0.131439		2.88128		529.361		6.96774e+06		529.72		
00:00:05:500		1.54317e+07		0.132313		2.8803		529.387		6.9677e+06		529.721		
00:00:05:400		1.54324e+07		0.133186		2.87942		529.413		6.96767e+06		529.684		
00:00:05:299		1.54331e+07		0.134061		2.87845		529.437		6.96763e+06		529.664		
00:00:05:200		1.54337e+07		0.134935		2.87757		529.461		6.96759e+06		529.662		
00:00:05:099		1.54344e+07		0.135809		2.87657		529.485		6.96756e+06		529.622		
00:00:05:000		1.54351e+07		0.136683		2.87566		529.509		6.96752e+06		529.601		
00:00:04:799		1.54365e+07		0.138431		2.87385		529.553		6.96744e+06		529.574		
00:00:04:700		1.54372e+07		0.139305		2.87299		529.573		6.9674e+06		529.549		
00:00:04:700		1.54372e+07		0.139305		2.87299		529.573		6.9674e+06		529.549		
00:00:04:599		1.5438e+07		0.140178		2.87201		529.595		6.96736e+06		529.524		
00:00:04:450		1.5439e+07		0.141487		2.87068		529.628		6.9673e+06		529.463		
00:00:04:349		1.54397e+07		0.14236		2.8698		529.649		6.96726e+06		529.434		
00:00:04:250		1.54405e+07		0.143233		2.86888		529.669		6.96721e+06		529.426		
00:00:04:150		1.54412e+07		0.144106		2.86787		529.689		6.96717e+06		529.372		
00:00:04:049		1.54419e+07		0.14498		2.86704		529.709		6.96712e+06		529.34		
00:00:03:950		1.54427e+07		0.145855		2.86612		529.73		6.96708e+06		529.306		
00:00:03:850		1.54434e+07		0.146729		2.86529		529.75		6.96703e+06		529.264		
00:00:03:649		1.5445e+07		0.148475		2.86351		529.789		6.96694e+06		529.197		
00:00:03:649		1.5445e+07		0.148475		2.86351		529.789		6.96694e+06		529.197		
00:00:03:549		1.54458e+07		0.149344		2.86275		529.807		6.96689e+06		529.155		
00:00:03:450		1.54466e+07		0.150208		2.86197		529.825		6.96684e+06		529.111		
00:00:03:350		1.54473e+07		0.151069		2.86121		529.844		6.96679e+06		529.069		
00:00:03:250		1.54481e+07		0.151924		2.86045		529.86		6.96673e+06		529.021		
00:00:03:149		1.54488e+07		0.152775		2.85957		529.879		6.96668e+06		528.97		
00:00:03:049		1.54496e+07		0.153625		2.85875		529.895		6.96663e+06		528.91		
00:00:02:950		1.54503e+07		0.154477		2.85776		529.914		6.96657e+06		528.868		
00:00:02:750		1.54519e+07		0.1562		2.85571		529.945		6.96646e+06		528.759		
00:00:02:649		1.54527e+07		0.157075		2.85473		529.958		6.9664e+06		528.711		
00:00:02:649		1.54527e+07		0.157075		2.85473		529.958		6.9664e+06		528.711		
00:00:02:549		1.54536e+07		0.157958		2.85372		529.973		6.96634e+06		528.641		
00:00:02:450		1.54546e+07		0.158843		2.85287		529.987		6.96629e+06		528.612		
00:00:02:350		1.54556e+07		0.159721		2.85223		529.998		6.96623e+06		528.52		
00:00:02:250		1.54567e+07		0.160581		2.85188		530.013		6.96617e+06		528.454		
00:00:02:149		1.54577e+07		0.16141		2.85162		530.024		6.9661e+06		528.389		
00:00:02:049		1.54587e+07		0.162201		2.85146		530.037		6.96604e+06		528.32		
00:00:01:949		1.54595e+07		0.162948		2.85129		530.05		6.96598e+06		528.252		
00:00:01:850		1.54602e+07		0.163658		2.85098		530.063		6.96592e+06		528.172		
00:00:01:750		1.54607e+07		0.164348		2.85031		530.076		6.96585e+06		528.1		
00:00:01:600		1.54614e+07		0.1654		2.84779		530.096		6.96575e+06		527.987		
00:00:01:500		1.5462e+07		0.166155		2.8453		530.109		6.96568e+06		527.894		
00:00:01:399		1.54628e+07		0.166981		2.84303		530.12		6.96561e+06		527.805		
00:00:01:300		1.54641e+07		0.167885		2.841		530.135		6.96554e+06		527.709		
00:00:01:300		1.54641e+07		0.167885		2.841		530.135		6.96554e+06		527.709		
00:00:01:199		1.54658e+07		0.168851		2.83904		530.147		6.96546e+06		527.608		
00:00:01:100		1.5468e+07		0.169837		2.83692		530.162		6.96538e+06		527.493		
00:00:01:000		1.54705e+07		0.170774		2.83569		530.177		6.9653e+06		527.376		
00:00:00:900		1.54731e+07		0.171585		2.83812		530.19		6.96521e+06		527.241		
00:00:00:750		1.54763e+07		0.172431		2.84597		530.201		6.96507e+06		527.02		
00:00:00:650		1.54777e+07		0.172719		2.84652		530.206		6.96497e+06		526.882		
00:00:00:550		1.54784e+07		0.17283		2.84685		530.21		6.96489e+06		526.838		
00:00:00:450		1.54786e+07		0.17284		2.83569		530.214		6.96485e+06		526.805		
00:00:00:349		1.54786e+07		0.17284		2.83573		530.216		6.96485e+06		526.824		
00:00:00:250		1.54786e+07		0.17284		2.83572		530.217		6.96484e+06		526.824		
00:00:00:149		1.54785e+07		0.17284		2.83572		530.221		6.96484e+06		526.823		
00:00:00:000		1.54785e+07		0.17284		2.83571		530.225		6.96483e+06		526.826		
00:00:00:000		1.54785e+07		0.17284		2.83571		530.225		6.96483e+06		526.826		
00:00:00:000		1.54785e+07		0.17284		2.83571		530.225		6.96483e+06		526.826		
00:00:00:000		1.54785e+07		0.17284		2.83571		530.225		6.96483e+06		526.826		
00:00:00:000		1.54785e+07		0.17284		2.83571		530.225		6.96483e+06		526.826		
00:00:00:000		1.54785e+07		0.17284		2.83571		530.225		6.96483e+06		526.826		
