	time 		rcpppzr	rcp054rcp007mnzoyout	rcv501std0102fvol	fwfrcp001gv	rcppmssga	msfsg(1)	
00:01:20:049		1.5146e+07		-0.517914		6.1887		509.867		6.9816e+06		531.061		
00:01:19:950		1.51463e+07		-0.517101		6.18628		509.863		6.98159e+06		531.061		
00:01:19:849		1.51466e+07		-0.516288		6.18383		509.861		6.98158e+06		531.06		
00:01:19:750		1.5147e+07		-0.515475		6.18139		509.857		6.98157e+06		531.059		
00:01:19:650		1.51473e+07		-0.514662		6.17898		509.855		6.98156e+06		531.058		
00:01:19:450		1.51479e+07		-0.513036		6.1741		509.849		6.98153e+06		531.056		
00:01:19:349		1.51482e+07		-0.512222		6.17163		509.848		6.98152e+06		531.077		
00:01:19:349		1.51482e+07		-0.512222		6.17163		509.848		6.98152e+06		531.077		
00:01:19:250		1.51486e+07		-0.511409		6.16918		509.846		6.98151e+06		531.058		
00:01:19:150		1.51489e+07		-0.510596		6.16672		509.842		6.9815e+06		531.057		
00:01:19:049		1.51492e+07		-0.509782		6.16424		509.84		6.98149e+06		531.052		
00:01:18:950		1.51495e+07		-0.508968		6.16172		509.838		6.98148e+06		531.074		
00:01:18:849		1.51498e+07		-0.508154		6.15925		509.836		6.98147e+06		531.055		
00:01:18:650		1.51505e+07		-0.506526		6.15423		509.83		6.98144e+06		531.052		
00:01:18:650		1.51505e+07		-0.506526		6.15423		509.83		6.98144e+06		531.052		
00:01:18:450		1.51511e+07		-0.504898		6.1492		509.828		6.98142e+06		531.051		
00:01:18:450		1.51511e+07		-0.504898		6.1492		509.828		6.98142e+06		531.051		
00:01:18:349		1.51514e+07		-0.504084		6.14666		509.827		6.98141e+06		531.05		
00:01:18:250		1.51517e+07		-0.50327		6.14411		509.825		6.9814e+06		531.047		
00:01:18:150		1.51521e+07		-0.502455		6.1415		509.823		6.98139e+06		531.049		
00:01:18:049		1.51524e+07		-0.501641		6.13896		509.821		6.98138e+06		531.048		
00:01:17:950		1.51527e+07		-0.500826		6.1364		509.819		6.98136e+06		531.045		
00:01:17:849		1.5153e+07		-0.500011		6.13382		509.817		6.98135e+06		531.044		
00:01:17:750		1.51535e+07		-0.498789		6.12995		509.815		6.98133e+06		531.045		
00:01:17:599		1.51538e+07		-0.497974		6.12735		509.815		6.98132e+06		531.043		
00:01:17:500		1.51541e+07		-0.497159		6.1247		509.813		6.98131e+06		531.037		
00:01:17:400		1.51545e+07		-0.496344		6.12211		509.811		6.9813e+06		531.043		
00:01:17:299		1.51548e+07		-0.495529		6.11945		509.811		6.98129e+06		531.042		
00:01:17:200		1.51551e+07		-0.494713		6.11685		509.809		6.98127e+06		531.041		
00:01:17:099		1.51554e+07		-0.493898		6.11419		509.809		6.98126e+06		531.039		
00:01:17:000		1.51557e+07		-0.493083		6.11153		509.807		6.98125e+06		531.038		
00:01:16:900		1.5156e+07		-0.492267		6.10886		509.807		6.98124e+06		531.036		
00:01:16:799		1.51564e+07		-0.491452		6.10619		509.805		6.98123e+06		531.028		
00:01:16:700		1.51567e+07		-0.490635		6.10353		509.805		6.98121e+06		531.036		
00:01:16:599		1.5157e+07		-0.489819		6.10083		509.804		6.9812e+06		531.034		
00:01:16:500		1.51573e+07		-0.489004		6.09812		509.804		6.98119e+06		531.027		
00:01:16:400		1.51576e+07		-0.488187		6.09541		509.804		6.98118e+06		531.033		
00:01:16:299		1.5158e+07		-0.487371		6.09267		509.804		6.98116e+06		531.044		
00:01:16:200		1.51583e+07		-0.486555		6.08994		509.802		6.98115e+06		531.026		
00:01:16:099		1.51586e+07		-0.485738		6.08721		509.802		6.98114e+06		531.031		
00:01:16:099		1.51586e+07		-0.485738		6.08721		509.802		6.98114e+06		531.031		
00:01:16:000		1.51589e+07		-0.484922		6.08446		509.802		6.98113e+06		531.029		
00:01:15:799		1.51596e+07		-0.483289		6.07896		509.8		6.9811e+06		531.028		
00:01:15:650		1.516e+07		-0.482063		6.07476		509.802		6.98108e+06		531.028		
00:01:15:650		1.516e+07		-0.482063		6.07476		509.802		6.98108e+06		531.028		
00:01:15:549		1.51604e+07		-0.481246		6.07199		509.802		6.98107e+06		531.026		
00:01:15:400		1.51608e+07		-0.480021		6.06784		509.802		6.98105e+06		531.025		
00:01:15:400		1.51608e+07		-0.480021		6.06784		509.802		6.98105e+06		531.025		
00:01:15:250		1.51613e+07		-0.478795		6.06368		509.802		6.98103e+06		531.024		
00:01:15:150		1.51616e+07		-0.477977		6.06086		509.802		6.98102e+06		531.023		
00:01:15:049		1.5162e+07		-0.47716		6.05801		509.802		6.98101e+06		531.022		
00:01:14:950		1.51623e+07		-0.476342		6.05522		509.802		6.98099e+06		531.021		
00:01:14:849		1.51626e+07		-0.475524		6.05239		509.802		6.98098e+06		531.02		
00:01:14:750		1.51629e+07		-0.474706		6.04956		509.802		6.98097e+06		531.018		
00:01:14:650		1.51632e+07		-0.473887		6.04672		509.804		6.98095e+06		531.016		
00:01:14:549		1.51636e+07		-0.473069		6.04389		509.804		6.98094e+06		531.014		
00:01:14:349		1.51642e+07		-0.471432		6.03822		509.805		6.98091e+06		531.026		
00:01:14:250		1.51645e+07		-0.470613		6.03537		509.805		6.9809e+06		531.013		
00:01:14:150		1.51648e+07		-0.469795		6.03251		509.807		6.98089e+06		531.013		
00:01:14:150		1.51648e+07		-0.469795		6.03251		509.807		6.98089e+06		531.013		
00:01:14:049		1.51652e+07		-0.468976		6.02959		509.807		6.98087e+06		531.012		
00:01:13:950		1.51655e+07		-0.468157		6.02668		509.809		6.98086e+06		531.01		
00:01:13:849		1.51658e+07		-0.467338		6.02378		509.811		6.98085e+06		531.009		
00:01:13:750		1.51661e+07		-0.466519		6.02088		509.811		6.98083e+06		531.006		
00:01:13:650		1.51664e+07		-0.4657		6.01797		509.813		6.98082e+06		531.005		
00:01:13:450		1.51671e+07		-0.464061		6.01208		509.815		6.98079e+06		531.003		
00:01:13:349		1.51674e+07		-0.463241		6.00913		509.817		6.98078e+06		531.002		
00:01:13:349		1.51674e+07		-0.463241		6.00913		509.817		6.98078e+06		531.002		
00:01:13:250		1.51677e+07		-0.462421		6.0062		509.819		6.98077e+06		531.002		
00:01:13:099		1.51682e+07		-0.461192		6.00174		509.821		6.98074e+06		531.001		
00:01:13:000		1.51685e+07		-0.460371		5.99872		509.823		6.98073e+06		531		
00:01:12:900		1.51689e+07		-0.459551		5.99572		509.825		6.98072e+06		530.997		
00:01:12:799		1.51692e+07		-0.458731		5.9927		509.827		6.9807e+06		531.002		
00:01:12:700		1.51695e+07		-0.45791		5.98968		509.828		6.98069e+06		530.996		
00:01:12:599		1.51698e+07		-0.457089		5.98665		509.83		6.98067e+06		531.001		
00:01:12:500		1.51701e+07		-0.456269		5.98363		509.832		6.98066e+06		530.993		
00:01:12:450		1.51703e+07		-0.455859		5.98211		509.834		6.98065e+06		530.992		
00:01:12:299		1.51708e+07		-0.454628		5.97749		509.836		6.98063e+06		530.992		
00:01:12:250		1.51709e+07		-0.454217		5.97598		509.838		6.98062e+06		531.003		
00:01:12:099		1.51714e+07		-0.452985		5.9714		509.842		6.9806e+06		530.988		
00:01:12:000		1.51718e+07		-0.452164		5.9683		509.844		6.98059e+06		530.988		
00:01:11:900		1.51721e+07		-0.451342		5.96522		509.846		6.98057e+06		530.975		
00:01:11:799		1.51724e+07		-0.450521		5.96213		509.849		6.98056e+06		530.986		
00:01:11:700		1.51727e+07		-0.449699		5.95903		509.851		6.98055e+06		530.984		
00:01:11:599		1.5173e+07		-0.448877		5.95589		509.855		6.98053e+06		530.986		
00:01:11:500		1.51734e+07		-0.448055		5.95278		509.857		6.98052e+06		530.985		
00:01:11:400		1.51737e+07		-0.447233		5.94965		509.861		6.9805e+06		530.984		
00:01:11:299		1.5174e+07		-0.44641		5.94651		509.863		6.98049e+06		530.983		
00:01:11:200		1.51743e+07		-0.445588		5.94335		509.867		6.98047e+06		530.982		
00:01:11:099		1.51747e+07		-0.444766		5.94019		509.869		6.98046e+06		530.981		
00:01:11:000		1.5175e+07		-0.443942		5.937		509.872		6.98044e+06		530.981		
00:01:11:000		1.5175e+07		-0.443942		5.937		509.872		6.98044e+06		530.981		
00:01:10:900		1.51753e+07		-0.44312		5.9338		509.876		6.98043e+06		530.979		
00:01:10:700		1.51759e+07		-0.441473		5.92741		509.884		6.9804e+06		530.977		
00:01:10:700		1.51759e+07		-0.441473		5.92741		509.884		6.9804e+06		530.977		
00:01:10:599		1.51763e+07		-0.44065		5.92424		509.886		6.98038e+06		530.976		
00:01:10:400		1.51769e+07		-0.439003		5.91777		509.893		6.98036e+06		530.974		
00:01:10:250		1.51774e+07		-0.437767		5.9129		509.899		6.98033e+06		530.972		
00:01:10:250		1.51774e+07		-0.437767		5.9129		509.899		6.98033e+06		530.972		
00:01:10:150		1.51777e+07		-0.436943		5.90964		509.903		6.98032e+06		530.971		
00:01:10:049		1.5178e+07		-0.436119		5.90638		509.907		6.9803e+06		530.97		
00:01:10:000		1.51782e+07		-0.435707		5.90477		509.909		6.9803e+06		530.97		
00:01:09:750		1.5179e+07		-0.433645		5.89652		509.92		6.98026e+06		530.966		
00:01:09:750		1.5179e+07		-0.433645		5.89652		509.92		6.98026e+06		530.966		
00:01:09:650		1.51793e+07		-0.43282		5.89322		509.922		6.98024e+06		530.965		
00:01:09:549		1.51797e+07		-0.431995		5.8899		509.928		6.98023e+06		530.972		
00:01:09:349		1.51803e+07		-0.430346		5.88321		509.937		6.9802e+06		530.96		
00:01:09:349		1.51803e+07		-0.430346		5.88321		509.937		6.9802e+06		530.96		
00:01:09:250		1.51806e+07		-0.42952		5.87987		509.943		6.98018e+06		530.958		
00:01:09:150		1.5181e+07		-0.428694		5.8765		509.949		6.98017e+06		530.952		
00:01:09:049		1.51813e+07		-0.427868		5.87313		509.953		6.98015e+06		530.957		
00:01:08:950		1.51816e+07		-0.427042		5.86971		509.958		6.98013e+06		530.955		
00:01:08:849		1.51819e+07		-0.426216		5.86634		509.964		6.98012e+06		530.954		
00:01:08:750		1.51823e+07		-0.425389		5.86296		509.97		6.9801e+06		530.946		
00:01:08:650		1.51826e+07		-0.424563		5.85959		509.974		6.98009e+06		530.952		
00:01:08:549		1.51829e+07		-0.423736		5.85619		509.98		6.98007e+06		530.954		
00:01:08:349		1.51836e+07		-0.422082		5.84939		509.991		6.98004e+06		530.946		
00:01:08:349		1.51836e+07		-0.422082		5.84939		509.991		6.98004e+06		530.946		
00:01:08:250		1.51839e+07		-0.421255		5.84594		509.997		6.98002e+06		530.949		
00:01:08:150		1.51842e+07		-0.420427		5.84248		510.001		6.98001e+06		530.947		
00:01:08:049		1.51845e+07		-0.4196		5.83907		510.008		6.97999e+06		530.944		
00:01:07:950		1.51849e+07		-0.418772		5.83562		510.014		6.97998e+06		530.937		
00:01:07:849		1.51852e+07		-0.417944		5.8321		510.018		6.97996e+06		530.942		
00:01:07:750		1.51855e+07		-0.417115		5.82861		510.025		6.97995e+06		530.94		
00:01:07:650		1.51858e+07		-0.416287		5.8251		510.031		6.97993e+06		530.936		
00:01:07:450		1.51865e+07		-0.41463		5.81807		510.045		6.9799e+06		530.936		
00:01:07:299		1.5187e+07		-0.413386		5.81277		510.054		6.97987e+06		530.937		
00:01:07:299		1.5187e+07		-0.413386		5.81277		510.054		6.97987e+06		530.937		
00:01:07:200		1.51873e+07		-0.412557		5.8092		510.062		6.97986e+06		530.934		
00:01:07:099		1.51876e+07		-0.411727		5.80565		510.068		6.97984e+06		530.922		
00:01:07:000		1.51879e+07		-0.410898		5.80209		510.075		6.97982e+06		530.932		
00:01:06:900		1.51883e+07		-0.410068		5.79851		510.081		6.97981e+06		530.928		
00:01:06:799		1.51886e+07		-0.409238		5.7949		510.089		6.97979e+06		530.928		
00:01:06:700		1.51889e+07		-0.408408		5.79127		510.094		6.97977e+06		530.927		
00:01:06:599		1.51892e+07		-0.407578		5.7877		510.102		6.97976e+06		530.927		
00:01:06:500		1.51896e+07		-0.406746		5.7841		510.11		6.97974e+06		530.925		
00:01:06:400		1.51899e+07		-0.405916		5.78049		510.115		6.97973e+06		530.929		
00:01:06:349		1.51901e+07		-0.4055		5.77867		510.119		6.97972e+06		530.924		
00:01:06:250		1.51905e+07		-0.404253		5.77319		510.131		6.97969e+06		530.921		
00:01:06:099		1.51909e+07		-0.403422		5.76954		510.138		6.97968e+06		530.925		
00:01:06:000		1.51912e+07		-0.40259		5.76589		510.146		6.97966e+06		530.919		
00:01:05:900		1.51915e+07		-0.401759		5.76218		510.154		6.97964e+06		530.916		
00:01:05:799		1.51918e+07		-0.400927		5.75848		510.161		6.97963e+06		530.91		
00:01:05:700		1.51922e+07		-0.400094		5.75478		510.169		6.97961e+06		530.915		
00:01:05:599		1.51925e+07		-0.399261		5.75105		510.176		6.97959e+06		530.906		
00:01:05:500		1.51928e+07		-0.398429		5.74733		510.184		6.97958e+06		530.915		
00:01:05:400		1.51932e+07		-0.397596		5.74361		510.192		6.97956e+06		530.914		
00:01:05:299		1.51935e+07		-0.396763		5.73981		510.201		6.97954e+06		530.912		
00:01:05:200		1.51938e+07		-0.395929		5.73601		510.209		6.97952e+06		530.911		
00:01:05:099		1.51941e+07		-0.395095		5.7323		510.219		6.97951e+06		530.909		
00:01:05:000		1.51945e+07		-0.394262		5.72855		510.226		6.97949e+06		530.908		
00:01:04:900		1.51948e+07		-0.393428		5.72475		510.236		6.97947e+06		530.901		
00:01:04:900		1.51948e+07		-0.393428		5.72475		510.236		6.97947e+06		530.901		
00:01:04:700		1.51954e+07		-0.391758		5.71712		510.255		6.97944e+06		530.906		
00:01:04:700		1.51954e+07		-0.391758		5.71712		510.255		6.97944e+06		530.906		
00:01:04:549		1.51959e+07		-0.390504		5.71137		510.266		6.97941e+06		530.903		
00:01:04:349		1.51966e+07		-0.388833		5.70359		510.285		6.97938e+06		530.9		
00:01:04:349		1.51966e+07		-0.388833		5.70359		510.285		6.97938e+06		530.9		
00:01:04:250		1.51969e+07		-0.387997		5.69966		510.295		6.97936e+06		530.898		
00:01:04:150		1.51972e+07		-0.38716		5.69576		510.305		6.97934e+06		530.885		
00:01:03:950		1.51979e+07		-0.385486		5.6878		510.324		6.97931e+06		530.898		
00:01:03:950		1.51979e+07		-0.385486		5.6878		510.324		6.97931e+06		530.898		
00:01:03:850		1.51982e+07		-0.384648		5.6838		510.333		6.97929e+06		530.896		
00:01:03:750		1.51985e+07		-0.383811		5.67983		510.343		6.97928e+06		530.888		
00:01:03:649		1.51989e+07		-0.382973		5.67589		510.352		6.97926e+06		530.887		
00:01:03:549		1.51992e+07		-0.382135		5.6719		510.364		6.97924e+06		530.892		
00:01:03:350		1.51999e+07		-0.380458		5.66379		510.385		6.9792e+06		530.883		
00:01:03:350		1.51999e+07		-0.380458		5.66379		510.385		6.9792e+06		530.883		
00:01:03:250		1.52002e+07		-0.379619		5.65978		510.394		6.97919e+06		530.889		
00:01:03:149		1.52005e+07		-0.37878		5.65578		510.406		6.97917e+06		530.887		
00:01:03:049		1.52008e+07		-0.37794		5.65175		510.417		6.97915e+06		530.884		
00:01:02:950		1.52012e+07		-0.3771		5.64768		510.427		6.97913e+06		530.872		
00:01:02:850		1.52015e+07		-0.37626		5.64364		510.438		6.97912e+06		530.884		
00:01:02:750		1.52018e+07		-0.37542		5.63957		510.45		6.9791e+06		530.883		
00:01:02:600		1.52023e+07		-0.374159		5.63335		510.467		6.97907e+06		530.881		
00:01:02:450		1.52028e+07		-0.372897		5.62716		510.482		6.97904e+06		530.877		
00:01:02:350		1.52031e+07		-0.372056		5.62303		510.494		6.97903e+06		530.869		
00:01:02:350		1.52031e+07		-0.372056		5.62303		510.494		6.97903e+06		530.869		
00:01:02:250		1.52035e+07		-0.371214		5.61885		510.507		6.97901e+06		530.875		
00:01:02:100		1.5204e+07		-0.36995		5.61261		510.522		6.97898e+06		530.864		
00:01:02:000		1.52043e+07		-0.369108		5.60835		510.534		6.97896e+06		530.872		
00:01:01:899		1.52046e+07		-0.368265		5.60407		510.545		6.97894e+06		530.859		
00:01:01:799		1.52049e+07		-0.367421		5.59991		510.557		6.97893e+06		530.871		
00:01:01:700		1.52053e+07		-0.366578		5.59573		510.568		6.97891e+06		530.87		
00:01:01:600		1.52056e+07		-0.365734		5.59147		510.58		6.97889e+06		530.87		
00:01:01:450		1.52061e+07		-0.364468		5.58506		510.597		6.97886e+06		530.868		
00:01:01:299		1.52066e+07		-0.363201		5.57869		510.616		6.97883e+06		530.863		
00:01:01:299		1.52066e+07		-0.363201		5.57869		510.616		6.97883e+06		530.863		
00:01:01:200		1.52069e+07		-0.362355		5.57443		510.627		6.97882e+06		530.865		
00:01:01:100		1.52073e+07		-0.36151		5.57012		510.639		6.9788e+06		530.862		
00:01:01:000		1.52076e+07		-0.360664		5.56576		510.652		6.97878e+06		530.854		
00:01:00:899		1.52079e+07		-0.359818		5.56145		510.664		6.97876e+06		530.862		
00:01:00:799		1.52082e+07		-0.358972		5.55721		510.675		6.97874e+06		530.86		
00:01:00:700		1.52086e+07		-0.358126		5.55295		510.688		6.97872e+06		530.858		
00:01:00:600		1.52089e+07		-0.357278		5.54858		510.702		6.97871e+06		530.87		
00:01:00:500		1.52092e+07		-0.356431		5.54417		510.715		6.97869e+06		530.857		
00:01:00:399		1.52096e+07		-0.355584		5.53973		510.727		6.97867e+06		530.855		
00:01:00:299		1.52099e+07		-0.354736		5.53527		510.74		6.97865e+06		530.852		
00:01:00:200		1.52102e+07		-0.353888		5.53087		510.755		6.97863e+06		530.852		
00:01:00:200		1.52102e+07		-0.353888		5.53087		510.755		6.97863e+06		530.852		
00:01:00:100		1.52106e+07		-0.353039		5.52649		510.767		6.97861e+06		530.853		
00:01:00:000		1.52109e+07		-0.35219		5.52209		510.78		6.97859e+06		530.851		
00:00:59:950		1.52111e+07		-0.351765		5.51988		510.788		6.97858e+06		530.849		
00:00:59:799		1.52116e+07		-0.350491		5.51303		510.807		6.97856e+06		530.844		
00:00:59:649		1.52121e+07		-0.349216		5.50616		510.828		6.97853e+06		530.85		
00:00:59:549		1.52124e+07		-0.348366		5.50194		510.841		6.97851e+06		530.848		
00:00:59:450		1.52127e+07		-0.347516		5.49778		510.855		6.97849e+06		530.847		
00:00:59:350		1.52131e+07		-0.346665		5.49322		510.87		6.97847e+06		530.845		
00:00:59:250		1.52134e+07		-0.345813		5.48793		510.883		6.97845e+06		530.844		
00:00:59:149		1.52137e+07		-0.344962		5.48275		510.897		6.97843e+06		530.842		
00:00:59:049		1.52141e+07		-0.34411		5.47917		510.912		6.97841e+06		530.839		
00:00:58:950		1.52144e+07		-0.343257		5.47637		510.925		6.97839e+06		530.84		
00:00:58:850		1.52147e+07		-0.342404		5.47241		510.94		6.97837e+06		530.832		
00:00:58:750		1.52151e+07		-0.341552		5.46425		510.956		6.97836e+06		530.839		
00:00:58:649		1.52154e+07		-0.340698		5.45598		510.971		6.97834e+06		530.837		
00:00:58:549		1.52157e+07		-0.339844		5.44769		510.984		6.97832e+06		530.836		
00:00:58:399		1.52162e+07		-0.338563		5.43532		511.009		6.97829e+06		530.833		
00:00:58:399		1.52162e+07		-0.338563		5.43532		511.009		6.97829e+06		530.833		
00:00:58:299		1.52166e+07		-0.337708		5.42728		511.023		6.97827e+06		530.825		
00:00:58:200		1.52169e+07		-0.336853		5.41906		511.038		6.97825e+06		530.832		
00:00:58:000		1.52176e+07		-0.335142		5.40242		511.068		6.97821e+06		530.83		
00:00:58:000		1.52176e+07		-0.335142		5.40242		511.068		6.97821e+06		530.83		
00:00:57:899		1.52179e+07		-0.334286		5.39421		511.084		6.97819e+06		530.823		
00:00:57:799		1.52182e+07		-0.333429		5.38609		511.099		6.97817e+06		530.827		
00:00:57:700		1.52186e+07		-0.332573		5.37789		511.114		6.97815e+06		530.817		
00:00:57:500		1.52192e+07		-0.330858		5.36119		511.147		6.97811e+06		530.823		
00:00:57:399		1.52196e+07		-0.33		5.35292		511.162		6.97809e+06		530.811		
00:00:57:399		1.52196e+07		-0.33		5.35292		511.162		6.97809e+06		530.811		
00:00:57:299		1.52199e+07		-0.329142		5.34489		511.179		6.97807e+06		530.822		
00:00:57:200		1.52202e+07		-0.328283		5.33663		511.194		6.97805e+06		530.821		
00:00:57:100		1.52206e+07		-0.327424		5.32836		511.211		6.97803e+06		530.825		
00:00:57:000		1.52209e+07		-0.326564		5.32004		511.227		6.97801e+06		530.819		
00:00:56:850		1.52214e+07		-0.325275		5.30759		511.251		6.97798e+06		530.818		
00:00:56:750		1.52218e+07		-0.324414		5.29931		511.271		6.97796e+06		530.816		
00:00:56:649		1.52221e+07		-0.323554		5.29121		511.286		6.97794e+06		530.814		
00:00:56:549		1.52224e+07		-0.322692		5.28299		511.303		6.97792e+06		530.812		
00:00:56:399		1.52229e+07		-0.3214		5.27045		511.33		6.97789e+06		530.815		
00:00:56:399		1.52229e+07		-0.3214		5.27045		511.33		6.97789e+06		530.815		
00:00:56:299		1.52233e+07		-0.320538		5.2622		511.347		6.97787e+06		530.803		
00:00:56:200		1.52236e+07		-0.319675		5.25386		511.364		6.97785e+06		530.815		
00:00:56:100		1.52241e+07		-0.31838		5.24164		511.391		6.97782e+06		530.808		
00:00:55:950		1.52245e+07		-0.317517		5.2334		511.408		6.9778e+06		530.807		
00:00:55:850		1.52248e+07		-0.316653		5.22516		511.425		6.97778e+06		530.805		
00:00:55:750		1.52251e+07		-0.315789		5.21682		511.442		6.97776e+06		530.805		
00:00:55:649		1.52255e+07		-0.314924		5.2084		511.461		6.97774e+06		530.803		
00:00:55:450		1.52262e+07		-0.313194		5.192		511.497		6.9777e+06		530.802		
00:00:55:350		1.52265e+07		-0.312327		5.18378		511.517		6.97768e+06		530.8		
00:00:55:350		1.52265e+07		-0.312327		5.18378		511.517		6.97768e+06		530.8		
00:00:55:250		1.52268e+07		-0.311461		5.17549		511.532		6.97766e+06		530.798		
00:00:55:149		1.52272e+07		-0.310595		5.16718		511.551		6.97764e+06		530.798		
00:00:55:049		1.52275e+07		-0.309728		5.15894		511.57		6.97762e+06		530.797		
00:00:54:950		1.52279e+07		-0.30886		5.15068		511.587		6.9776e+06		530.797		
00:00:54:850		1.52282e+07		-0.307992		5.14257		511.606		6.97758e+06		530.795		
00:00:54:750		1.52285e+07		-0.307124		5.1343		511.627		6.97756e+06		530.793		
00:00:54:649		1.52289e+07		-0.306256		5.12601		511.644		6.97754e+06		530.779		
00:00:54:549		1.52292e+07		-0.305387		5.11781		511.665		6.97752e+06		530.797		
00:00:54:450		1.52296e+07		-0.304517		5.10948		511.684		6.9775e+06		530.792		
00:00:54:350		1.52299e+07		-0.303647		5.10125		511.703		6.97748e+06		530.789		
00:00:54:250		1.52302e+07		-0.302776		5.0931		511.724		6.97746e+06		530.79		
00:00:54:149		1.52306e+07		-0.301905		5.08484		511.745		6.97744e+06		530.788		
00:00:54:149		1.52306e+07		-0.301905		5.08484		511.745		6.97744e+06		530.788		
00:00:54:049		1.52309e+07		-0.301034		5.07663		511.766		6.97742e+06		530.787		
00:00:53:950		1.52313e+07		-0.300162		5.06831		511.785		6.9774e+06		530.787		
00:00:53:799		1.52318e+07		-0.298854		5.05587		511.816		6.97737e+06		530.784		
00:00:53:700		1.52321e+07		-0.297981		5.04773		511.835		6.97734e+06		530.783		
00:00:53:600		1.52325e+07		-0.297108		5.03956		511.856		6.97732e+06		530.779		
00:00:53:450		1.5233e+07		-0.295798		5.02727		511.886		6.97729e+06		530.78		
00:00:53:350		1.52333e+07		-0.294924		5.019		511.905		6.97727e+06		530.779		
00:00:53:250		1.52337e+07		-0.29405		5.0107		511.926		6.97725e+06		530.783		
00:00:53:250		1.52337e+07		-0.29405		5.0107		511.926		6.97725e+06		530.783		
00:00:53:149		1.5234e+07		-0.293175		5.00249		511.947		6.97723e+06		530.778		
00:00:53:049		1.52344e+07		-0.2923		4.99433		511.968		6.97721e+06		530.775		
00:00:52:899		1.52349e+07		-0.290987		4.98193		512.001		6.97718e+06		530.775		
00:00:52:799		1.52352e+07		-0.290111		4.97363		512.022		6.97716e+06		530.773		
00:00:52:700		1.52356e+07		-0.289234		4.96535		512.042		6.97714e+06		530.766		
00:00:52:600		1.52359e+07		-0.288357		4.95735		512.063		6.97712e+06		530.773		
00:00:52:450		1.52366e+07		-0.286603		4.94072		512.107		6.97707e+06		530.77		
00:00:52:450		1.52366e+07		-0.286603		4.94072		512.107		6.97707e+06		530.77		
00:00:52:299		1.5237e+07		-0.285725		4.93251		512.128		6.97705e+06		530.768		
00:00:52:200		1.52373e+07		-0.284847		4.92427		512.149		6.97703e+06		530.763		
00:00:52:100		1.52377e+07		-0.283968		4.9162		512.172		6.97701e+06		530.769		
00:00:52:000		1.5238e+07		-0.283089		4.90794		512.193		6.97699e+06		530.767		
00:00:51:899		1.52383e+07		-0.28221		4.89966		512.216		6.97697e+06		530.766		
00:00:51:799		1.52387e+07		-0.281331		4.89143		512.237		6.97695e+06		530.764		
00:00:51:700		1.5239e+07		-0.280451		4.88322		512.261		6.97693e+06		530.767		
00:00:51:600		1.52394e+07		-0.27957		4.87521		512.282		6.97691e+06		530.761		
00:00:51:399		1.52401e+07		-0.277808		4.85871		512.328		6.97686e+06		530.756		
00:00:51:399		1.52401e+07		-0.277808		4.85871		512.328		6.97686e+06		530.756		
00:00:51:299		1.52404e+07		-0.276927		4.85056		512.351		6.97684e+06		530.763		
00:00:51:200		1.52408e+07		-0.276045		4.84236		512.374		6.97682e+06		530.76		
00:00:51:100		1.52411e+07		-0.275163		4.83437		512.395		6.9768e+06		530.75		
00:00:51:000		1.52415e+07		-0.274281		4.8261		512.417		6.97678e+06		530.759		
00:00:50:899		1.52418e+07		-0.273398		4.81782		512.44		6.97676e+06		530.758		
00:00:50:799		1.52422e+07		-0.272515		4.8097		512.465		6.97674e+06		530.756		
00:00:50:700		1.52425e+07		-0.271631		4.80163		512.488		6.97672e+06		530.751		
00:00:50:600		1.52429e+07		-0.270748		4.79351		512.513		6.9767e+06		530.757		
00:00:50:350		1.52438e+07		-0.268537		4.77311		512.57		6.97664e+06		530.752		
00:00:50:350		1.52438e+07		-0.268537		4.77311		512.57		6.97664e+06		530.752		
00:00:50:250		1.52441e+07		-0.267652		4.76503		512.594		6.97662e+06		530.753		
00:00:50:149		1.52445e+07		-0.266767		4.75682		512.617		6.9766e+06		530.739		
00:00:50:049		1.52448e+07		-0.265882		4.74865		512.64		6.97658e+06		530.746		
00:00:49:950		1.52452e+07		-0.264996		4.74044		512.665		6.97656e+06		530.745		
00:00:49:850		1.52455e+07		-0.264109		4.73244		512.69		6.97654e+06		530.752		
00:00:49:750		1.52459e+07		-0.263223		4.72428		512.714		6.97652e+06		530.746		
00:00:49:649		1.52462e+07		-0.262336		4.71608		512.739		6.97649e+06		530.753		
00:00:49:549		1.52466e+07		-0.261449		4.70812		512.766		6.97647e+06		530.75		
00:00:49:450		1.52469e+07		-0.260561		4.69988		512.79		6.97645e+06		530.753		
00:00:49:350		1.52473e+07		-0.259674		4.69175		512.815		6.97643e+06		530.749		
00:00:49:250		1.52476e+07		-0.258786		4.68367		512.842		6.97641e+06		530.744		
00:00:49:149		1.5248e+07		-0.257898		4.6756		512.866		6.97639e+06		530.749		
00:00:49:049		1.52483e+07		-0.257009		4.66748		512.893		6.97637e+06		530.749		
00:00:48:950		1.52487e+07		-0.25612		4.65934		512.918		6.97635e+06		530.747		
00:00:48:850		1.5249e+07		-0.255231		4.65123		512.943		6.97633e+06		530.743		
00:00:48:750		1.52494e+07		-0.254342		4.64319		512.969		6.97631e+06		530.745		
00:00:48:750		1.52494e+07		-0.254342		4.64319		512.969		6.97631e+06		530.745		
00:00:48:649		1.52497e+07		-0.253452		4.63502		512.996		6.97628e+06		530.75		
00:00:48:399		1.52506e+07		-0.251227		4.61487		513.06		6.97623e+06		530.743		
00:00:48:399		1.52506e+07		-0.251227		4.61487		513.06		6.97623e+06		530.743		
00:00:48:350		1.52508e+07		-0.250782		4.61072		513.074		6.97622e+06		530.748		
00:00:48:200		1.52513e+07		-0.249445		4.5986		513.114		6.97619e+06		530.74		
00:00:48:100		1.52517e+07		-0.248554		4.59075		513.14		6.97617e+06		530.742		
00:00:48:000		1.5252e+07		-0.247663		4.58265		513.165		6.97615e+06		530.743		
00:00:47:899		1.52524e+07		-0.246772		4.57465		513.192		6.97613e+06		530.742		
00:00:47:799		1.52528e+07		-0.24588		4.56675		513.218		6.97611e+06		530.74		
00:00:47:700		1.52531e+07		-0.244988		4.55862		513.247		6.97608e+06		530.737		
00:00:47:600		1.52535e+07		-0.244096		4.55066		513.273		6.97606e+06		530.733		
00:00:47:399		1.52542e+07		-0.242311		4.53465		513.326		6.97602e+06		530.737		
00:00:47:399		1.52542e+07		-0.242311		4.53465		513.326		6.97602e+06		530.737		
00:00:47:299		1.52545e+07		-0.241419		4.52668		513.353		6.976e+06		530.73		
00:00:47:100		1.52552e+07		-0.239632		4.51076		513.408		6.97596e+06		530.735		
00:00:47:100		1.52552e+07		-0.239632		4.51076		513.408		6.97596e+06		530.735		
00:00:47:000		1.52556e+07		-0.238739		4.50277		513.435		6.97594e+06		530.725		
00:00:46:899		1.5256e+07		-0.237845		4.49479		513.463		6.97592e+06		530.734		
00:00:46:799		1.52563e+07		-0.23695		4.48685		513.49		6.9759e+06		530.733		
00:00:46:700		1.52567e+07		-0.236057		4.47885		513.518		6.97587e+06		530.731		
00:00:46:600		1.5257e+07		-0.235162		4.47091		513.545		6.97585e+06		530.724		
00:00:46:399		1.52577e+07		-0.233372		4.45521		513.6		6.97581e+06		530.728		
00:00:46:399		1.52577e+07		-0.233372		4.45521		513.6		6.97581e+06		530.728		
00:00:46:299		1.52581e+07		-0.232477		4.44723		513.628		6.97579e+06		530.721		
00:00:46:200		1.52585e+07		-0.231581		4.43932		513.657		6.97577e+06		530.727		
00:00:46:100		1.52588e+07		-0.230686		4.43156		513.685		6.97575e+06		530.725		
00:00:46:000		1.52592e+07		-0.229789		4.42363		513.714		6.97573e+06		530.724		
00:00:45:899		1.52595e+07		-0.228893		4.4158		513.744		6.97571e+06		530.722		
00:00:45:750		1.526e+07		-0.227548		4.40409		513.788		6.97568e+06		530.72		
00:00:45:649		1.52604e+07		-0.226651		4.39614		513.816		6.97565e+06		530.712		
00:00:45:600		1.52606e+07		-0.226203		4.39226		513.83		6.97564e+06		530.71		
00:00:45:399		1.52613e+07		-0.224411		4.37664		513.887		6.9756e+06		530.717		
00:00:45:399		1.52613e+07		-0.224411		4.37664		513.887		6.9756e+06		530.717		
00:00:45:299		1.52616e+07		-0.223515		4.3689		513.915		6.97558e+06		530.716		
00:00:45:200		1.5262e+07		-0.222618		4.36106		513.945		6.97556e+06		530.71		
00:00:45:100		1.52623e+07		-0.221722		4.35328		513.974		6.97554e+06		530.716		
00:00:45:000		1.52627e+07		-0.220826		4.3455		514.004		6.97552e+06		530.714		
00:00:44:899		1.52631e+07		-0.21993		4.33775		514.033		6.9755e+06		530.714		
00:00:44:750		1.52636e+07		-0.218586		4.32634		514.078		6.97547e+06		530.711		
00:00:44:649		1.52639e+07		-0.21769		4.31854		514.107		6.97545e+06		530.71		
00:00:44:450		1.52646e+07		-0.2159		4.30319		514.167		6.9754e+06		530.707		
00:00:44:350		1.5265e+07		-0.215005		4.29551		514.198		6.97538e+06		530.708		
00:00:44:350		1.5265e+07		-0.215005		4.29551		514.198		6.97538e+06		530.708		
00:00:44:250		1.52654e+07		-0.21411		4.28773		514.228		6.97536e+06		530.707		
00:00:44:149		1.52657e+07		-0.213216		4.28016		514.258		6.97534e+06		530.706		
00:00:44:049		1.52661e+07		-0.212321		4.27247		514.289		6.97532e+06		530.704		
00:00:43:950		1.52664e+07		-0.211427		4.26487		514.319		6.9753e+06		530.703		
00:00:43:850		1.52668e+07		-0.210533		4.2572		514.349		6.97528e+06		530.702		
00:00:43:750		1.52671e+07		-0.209639		4.24949		514.38		6.97526e+06		530.701		
00:00:43:649		1.52675e+07		-0.208745		4.24195		514.41		6.97524e+06		530.699		
00:00:43:450		1.52682e+07		-0.206959		4.22658		514.473		6.9752e+06		530.696		
00:00:43:350		1.52685e+07		-0.206066		4.21909		514.505		6.97518e+06		530.695		
00:00:43:350		1.52685e+07		-0.206066		4.21909		514.505		6.97518e+06		530.695		
00:00:43:250		1.52689e+07		-0.205173		4.21151		514.535		6.97515e+06		530.693		
00:00:43:149		1.52693e+07		-0.204281		4.20397		514.567		6.97513e+06		530.692		
00:00:43:049		1.52696e+07		-0.203389		4.19647		514.598		6.97511e+06		530.689		
00:00:42:950		1.527e+07		-0.202497		4.18889		514.63		6.97509e+06		530.69		
00:00:42:950		1.527e+07		-0.202497		4.18889		514.63		6.97509e+06		530.69		
00:00:42:850		1.52703e+07		-0.201607		4.18151		514.66		6.97507e+06		530.687		
00:00:42:700		1.52709e+07		-0.20027		4.17027		514.71		6.97504e+06		530.683		
00:00:42:600		1.52712e+07		-0.19938		4.16287		514.74		6.97502e+06		530.673		
00:00:42:399		1.52719e+07		-0.1976		4.14789		514.806		6.97498e+06		530.681		
00:00:42:399		1.52719e+07		-0.1976		4.14789		514.806		6.97498e+06		530.681		
00:00:42:299		1.52723e+07		-0.196712		4.14046		514.838		6.97496e+06		530.681		
00:00:42:200		1.52726e+07		-0.195823		4.13307		514.871		6.97494e+06		530.679		
00:00:42:100		1.5273e+07		-0.194935		4.12569		514.903		6.97492e+06		530.679		
00:00:42:000		1.52734e+07		-0.194047		4.11828		514.935		6.9749e+06		530.676		
00:00:41:899		1.52737e+07		-0.193161		4.11092		514.967		6.97487e+06		530.673		
00:00:41:799		1.52741e+07		-0.192274		4.10364		515.003		6.97485e+06		530.674		
00:00:41:700		1.52744e+07		-0.191388		4.09634		515.033		6.97483e+06		530.672		
00:00:41:600		1.52748e+07		-0.190502		4.08901		515.068		6.97481e+06		530.671		
00:00:41:399		1.52755e+07		-0.188733		4.07439		515.134		6.97477e+06		530.669		
00:00:41:399		1.52755e+07		-0.188733		4.07439		515.134		6.97477e+06		530.669		
00:00:41:299		1.52758e+07		-0.187849		4.06714		515.166		6.97475e+06		530.666		
00:00:41:200		1.52762e+07		-0.186966		4.05993		515.2		6.97473e+06		530.671		
00:00:41:049		1.52769e+07		-0.185202		4.04543		515.266		6.97469e+06		530.662		
00:00:41:049		1.52769e+07		-0.185202		4.04543		515.266		6.97469e+06		530.662		
00:00:40:899		1.52773e+07		-0.184321		4.03808		515.3		6.97467e+06		530.662		
00:00:40:799		1.52776e+07		-0.183441		4.03099		515.334		6.97465e+06		530.66		
00:00:40:700		1.5278e+07		-0.182561		4.02375		515.367		6.97463e+06		530.657		
00:00:40:600		1.52783e+07		-0.181682		4.01665		515.401		6.97461e+06		530.667		
00:00:40:399		1.5279e+07		-0.179926		4.00223		515.469		6.97457e+06		530.654		
00:00:40:399		1.5279e+07		-0.179926		4.00223		515.469		6.97457e+06		530.654		
00:00:40:299		1.52794e+07		-0.17905		3.99537		515.505		6.97455e+06		530.654		
00:00:40:200		1.52798e+07		-0.178174		3.98832		515.539		6.97453e+06		530.663		
00:00:40:100		1.52801e+07		-0.1773		3.98134		515.573		6.97451e+06		530.651		
00:00:40:000		1.52805e+07		-0.176426		3.97436		515.607		6.97449e+06		530.655		
00:00:39:899		1.52808e+07		-0.175553		3.96736		515.643		6.97447e+06		530.648		
00:00:39:799		1.52812e+07		-0.174681		3.96043		515.677		6.97444e+06		530.647		
00:00:39:649		1.52817e+07		-0.173375		3.95011		515.73		6.97441e+06		530.645		
00:00:39:549		1.52821e+07		-0.172504		3.94311		515.766		6.97439e+06		530.643		
00:00:39:350		1.52828e+07		-0.170767		3.92945		515.836		6.97435e+06		530.633		
00:00:39:350		1.52828e+07		-0.170767		3.92945		515.836		6.97435e+06		530.633		
00:00:39:250		1.52831e+07		-0.169901		3.92267		515.872		6.97433e+06		530.638		
00:00:39:149		1.52835e+07		-0.169035		3.91579		515.909		6.97431e+06		530.635		
00:00:39:049		1.52838e+07		-0.16817		3.90907		515.945		6.97429e+06		530.641		
00:00:38:950		1.52842e+07		-0.167307		3.90224		515.983		6.97427e+06		530.634		
00:00:38:850		1.52845e+07		-0.166444		3.89544		516.019		6.97425e+06		530.631		
00:00:38:750		1.52849e+07		-0.165582		3.88872		516.057		6.97423e+06		530.63		
00:00:38:649		1.52852e+07		-0.164721		3.88204		516.093		6.97421e+06		530.621		
00:00:38:549		1.52856e+07		-0.163862		3.87525		516.129		6.97419e+06		530.626		
00:00:38:350		1.52863e+07		-0.162146		3.86193		516.202		6.97415e+06		530.624		
00:00:38:350		1.52863e+07		-0.162146		3.86193		516.202		6.97415e+06		530.624		
00:00:38:250		1.52866e+07		-0.161289		3.85518		516.24		6.97413e+06		530.623		
00:00:38:149		1.5287e+07		-0.160434		3.84852		516.278		6.97411e+06		530.62		
00:00:38:049		1.52873e+07		-0.15958		3.84186		516.314		6.97409e+06		530.618		
00:00:37:950		1.52877e+07		-0.158727		3.83537		516.35		6.97407e+06		530.619		
00:00:37:850		1.5288e+07		-0.157875		3.82868		516.387		6.97405e+06		530.617		
00:00:37:750		1.52884e+07		-0.157024		3.82218		516.423		6.97403e+06		530.615		
00:00:37:649		1.52887e+07		-0.156174		3.81552		516.461		6.97401e+06		530.613		
00:00:37:450		1.52894e+07		-0.154478		3.80248		516.537		6.97397e+06		530.61		
00:00:37:350		1.52898e+07		-0.153631		3.79612		516.573		6.97395e+06		530.608		
00:00:37:350		1.52898e+07		-0.153631		3.79612		516.573		6.97395e+06		530.608		
00:00:37:350		1.52898e+07		-0.153631		3.79612		516.573		6.97395e+06		530.608		
00:00:37:250		1.52901e+07		-0.152786		3.78958		516.61		6.97393e+06		530.606		
00:00:37:049		1.52908e+07		-0.151099		3.77661		516.684		6.97389e+06		530.604		
00:00:37:049		1.52908e+07		-0.151099		3.77661		516.684		6.97389e+06		530.604		
00:00:36:899		1.52914e+07		-0.149837		3.76707		516.741		6.97386e+06		530.601		
00:00:36:799		1.52917e+07		-0.148997		3.76073		516.78		6.97384e+06		530.599		
00:00:36:700		1.52921e+07		-0.148158		3.75431		516.816		6.97382e+06		530.597		
00:00:36:600		1.52924e+07		-0.147321		3.74805		516.854		6.9738e+06		530.596		
00:00:36:500		1.52928e+07		-0.146484		3.74171		516.891		6.97378e+06		530.594		
00:00:36:399		1.52931e+07		-0.145649		3.73538		516.929		6.97376e+06		530.592		
00:00:36:200		1.52938e+07		-0.143982		3.7229		517.007		6.97372e+06		530.58		
00:00:36:200		1.52938e+07		-0.143982		3.7229		517.007		6.97372e+06		530.58		
00:00:36:100		1.52941e+07		-0.143151		3.71667		517.044		6.9737e+06		530.585		
00:00:36:000		1.52945e+07		-0.14232		3.71038		517.084		6.97368e+06		530.576		
00:00:35:899		1.52948e+07		-0.141491		3.70417		517.122		6.97366e+06		530.583		
00:00:35:799		1.52952e+07		-0.140663		3.69798		517.161		6.97364e+06		530.581		
00:00:35:700		1.52955e+07		-0.139835		3.69185		517.199		6.97362e+06		530.575		
00:00:35:600		1.52959e+07		-0.139009		3.68582		517.239		6.9736e+06		530.577		
00:00:35:500		1.52962e+07		-0.138185		3.67951		517.278		6.97358e+06		530.569		
00:00:35:399		1.52966e+07		-0.137362		3.67345		517.318		6.97356e+06		530.574		
00:00:35:299		1.52969e+07		-0.136539		3.66737		517.355		6.97354e+06		530.57		
00:00:35:200		1.52972e+07		-0.135717		3.66134		517.395		6.97352e+06		530.563		
00:00:35:100		1.52976e+07		-0.134897		3.65517		517.433		6.9735e+06		530.568		
00:00:35:000		1.52979e+07		-0.134078		3.64915		517.472		6.97348e+06		530.565		
00:00:34:899		1.52983e+07		-0.133259		3.64318		517.512		6.97346e+06		530.558		
00:00:34:799		1.52986e+07		-0.132442		3.63725		517.553		6.97344e+06		530.563		
00:00:34:700		1.5299e+07		-0.131625		3.63112		517.591		6.97342e+06		530.56		
00:00:34:600		1.52993e+07		-0.130809		3.62518		517.631		6.9734e+06		530.552		
00:00:34:500		1.52996e+07		-0.129995		3.61926		517.67		6.97338e+06		530.557		
00:00:34:399		1.53e+07		-0.129181		3.61337		517.71		6.97336e+06		530.555		
00:00:34:250		1.53005e+07		-0.127962		3.60438		517.772		6.97333e+06		530.545		
00:00:34:149		1.53008e+07		-0.12715		3.59861		517.811		6.97331e+06		530.549		
00:00:34:049		1.53012e+07		-0.126339		3.59273		517.851		6.97329e+06		530.546		
00:00:34:000		1.53014e+07		-0.125934		3.58989		517.872		6.97328e+06		530.545		
00:00:33:850		1.53019e+07		-0.12472		3.58099		517.93		6.97325e+06		530.544		
00:00:33:750		1.53022e+07		-0.123911		3.57527		517.971		6.97323e+06		530.541		
00:00:33:649		1.53025e+07		-0.123103		3.56956		518.013		6.97321e+06		530.539		
00:00:33:549		1.53029e+07		-0.122295		3.56378		518.052		6.97319e+06		530.53		
00:00:33:450		1.53032e+07		-0.121489		3.55804		518.092		6.97317e+06		530.536		
00:00:33:350		1.53036e+07		-0.120682		3.55221		518.133		6.97315e+06		530.533		
00:00:33:250		1.53039e+07		-0.119876		3.54652		518.175		6.97313e+06		530.53		
00:00:33:149		1.53042e+07		-0.119071		3.54088		518.214		6.97311e+06		530.527		
00:00:33:049		1.53046e+07		-0.118266		3.53531		518.256		6.97309e+06		530.518		
00:00:32:950		1.53049e+07		-0.117461		3.5295		518.297		6.97308e+06		530.525		
00:00:32:850		1.53053e+07		-0.116656		3.52388		518.337		6.97306e+06		530.523		
00:00:32:750		1.53056e+07		-0.115852		3.51818		518.378		6.97304e+06		530.52		
00:00:32:649		1.53059e+07		-0.115048		3.51275		518.419		6.97302e+06		530.517		
00:00:32:450		1.53066e+07		-0.11344		3.5015		518.502		6.97298e+06		530.525		
00:00:32:350		1.53069e+07		-0.112635		3.49587		518.544		6.97296e+06		530.513		
00:00:32:350		1.53069e+07		-0.112635		3.49587		518.544		6.97296e+06		530.513		
00:00:32:350		1.53069e+07		-0.112635		3.49587		518.544		6.97296e+06		530.513		
00:00:32:250		1.53073e+07		-0.111831		3.49007		518.583		6.97294e+06		530.51		
00:00:32:049		1.53079e+07		-0.110222		3.47915		518.666		6.9729e+06		530.506		
00:00:32:049		1.53079e+07		-0.110222		3.47915		518.666		6.9729e+06		530.506		
00:00:31:949		1.53083e+07		-0.109417		3.47381		518.707		6.97288e+06		530.503		
00:00:31:850		1.53086e+07		-0.108612		3.46805		518.752		6.97286e+06		530.495		
00:00:31:699		1.53091e+07		-0.107403		3.45989		518.812		6.97283e+06		530.499		
00:00:31:600		1.53095e+07		-0.106596		3.45453		518.854		6.97281e+06		530.496		
00:00:31:449		1.531e+07		-0.105385		3.44627		518.916		6.97278e+06		530.493		
00:00:31:350		1.53103e+07		-0.104577		3.4409		518.957		6.97276e+06		530.491		
00:00:31:350		1.53103e+07		-0.104577		3.4409		518.957		6.97276e+06		530.491		
00:00:31:250		1.53106e+07		-0.103767		3.43548		519.002		6.97274e+06		530.488		
00:00:31:149		1.5311e+07		-0.102957		3.43011		519.042		6.97273e+06		530.486		
00:00:31:000		1.53115e+07		-0.10174		3.42199		519.106		6.9727e+06		530.482		
00:00:30:899		1.53118e+07		-0.100926		3.41654		519.149		6.97268e+06		530.479		
00:00:30:800		1.53121e+07		-0.100112		3.41127		519.19		6.97266e+06		530.477		
00:00:30:699		1.53125e+07		-0.0992961		3.40576		519.233		6.97264e+06		530.475		
00:00:30:600		1.53128e+07		-0.0984793		3.40047		519.277		6.97262e+06		530.472		
00:00:30:399		1.53135e+07		-0.0968394		3.38973		519.361		6.97258e+06		530.467		
00:00:30:399		1.53135e+07		-0.0968394		3.38973		519.361		6.97258e+06		530.467		
00:00:30:300		1.53138e+07		-0.0960174		3.38445		519.402		6.97256e+06		530.464		
00:00:30:199		1.53141e+07		-0.0951934		3.37907		519.446		6.97254e+06		530.462		
00:00:30:100		1.53145e+07		-0.094367		3.37378		519.489		6.97252e+06		530.458		
00:00:30:000		1.53148e+07		-0.0935388		3.36841		519.532		6.9725e+06		530.457		
00:00:29:899		1.53151e+07		-0.0927086		3.3633		519.575		6.97249e+06		530.452		
00:00:29:800		1.53155e+07		-0.0918756		3.35785		519.616		6.97247e+06		530.453		
00:00:29:699		1.53158e+07		-0.0910406		3.35257		519.66		6.97245e+06		530.447		
00:00:29:600		1.53162e+07		-0.0902028		3.34737		519.701		6.97243e+06		530.447		
00:00:29:399		1.53168e+07		-0.0885191		3.33674		519.789		6.97239e+06		530.439		
00:00:29:300		1.53172e+07		-0.0876737		3.33147		519.832		6.97237e+06		530.44		
00:00:29:300		1.53172e+07		-0.0876737		3.33147		519.832		6.97237e+06		530.44		
00:00:29:199		1.53175e+07		-0.0868249		3.3262		519.875		6.97235e+06		530.437		
00:00:29:050		1.5318e+07		-0.0855455		3.31833		519.941		6.97232e+06		530.434		
00:00:29:000		1.53182e+07		-0.0851178		3.31571		519.962		6.97231e+06		530.431		
00:00:28:899		1.53185e+07		-0.0842595		3.31037		520.007		6.9723e+06		530.422		
00:00:28:800		1.53189e+07		-0.0833979		3.30528		520.048		6.97228e+06		530.425		
00:00:28:699		1.53192e+07		-0.0825329		3.29992		520.091		6.97226e+06		530.425		
00:00:28:500		1.53199e+07		-0.0807915		3.28948		520.177		6.97222e+06		530.421		
00:00:28:350		1.53204e+07		-0.0794754		3.28164		520.243		6.97219e+06		530.417		
00:00:28:350		1.53204e+07		-0.0794754		3.28164		520.243		6.97219e+06		530.417		
00:00:28:250		1.53208e+07		-0.0785928		3.27633		520.288		6.97217e+06		530.419		
00:00:28:199		1.53209e+07		-0.0781503		3.27374		520.31		6.97216e+06		530.413		
00:00:28:050		1.53214e+07		-0.0768161		3.26585		520.376		6.97214e+06		530.409		
00:00:27:949		1.53218e+07		-0.0759211		3.26062		520.419		6.97212e+06		530.406		
00:00:27:850		1.53221e+07		-0.0750217		3.25535		520.462		6.9721e+06		530.402		
00:00:27:750		1.53225e+07		-0.0741181		3.25022		520.507		6.97208e+06		530.402		
00:00:27:649		1.53228e+07		-0.0732093		3.24482		520.55		6.97206e+06		530.399		
00:00:27:550		1.53232e+07		-0.0722957		3.23945		520.593		6.97204e+06		530.396		
00:00:27:449		1.53235e+07		-0.0713773		3.23432		520.638		6.97202e+06		530.393		
00:00:27:350		1.53239e+07		-0.0704541		3.22916		520.682		6.97201e+06		530.392		
00:00:27:250		1.53243e+07		-0.0695257		3.2239		520.726		6.97199e+06		530.389		
00:00:27:149		1.53246e+07		-0.0685921		3.21849		520.771		6.97197e+06		530.386		
00:00:27:050		1.5325e+07		-0.0676532		3.21314		520.814		6.97195e+06		530.381		
00:00:26:949		1.53253e+07		-0.0667086		3.20798		520.859		6.97193e+06		530.37		
00:00:26:850		1.53257e+07		-0.0657587		3.20291		520.902		6.97191e+06		530.378		
00:00:26:750		1.5326e+07		-0.0648031		3.19776		520.947		6.97189e+06		530.369		
00:00:26:750		1.5326e+07		-0.0648031		3.19776		520.947		6.97189e+06		530.369		
00:00:26:649		1.53264e+07		-0.0638418		3.19208		520.992		6.97188e+06		530.374		
00:00:26:550		1.53268e+07		-0.0628748		3.18626		521.037		6.97186e+06		530.371		
00:00:26:350		1.53275e+07		-0.0609231		3.17686		521.125		6.97182e+06		530.365		
00:00:26:350		1.53275e+07		-0.0609231		3.17686		521.125		6.97182e+06		530.365		
00:00:26:250		1.53279e+07		-0.059938		3.1723		521.17		6.9718e+06		530.356		
00:00:26:149		1.53282e+07		-0.0589466		3.16556		521.213		6.97178e+06		530.361		
00:00:26:000		1.53288e+07		-0.0574479		3.15492		521.281		6.97176e+06		530.356		
00:00:25:850		1.53294e+07		-0.0559363		3.1515		521.348		6.97173e+06		530.351		
00:00:25:750		1.53298e+07		-0.0549221		3.14977		521.391		6.97171e+06		530.354		
00:00:25:649		1.53301e+07		-0.0539026		3.14811		521.436		6.97169e+06		530.341		
00:00:25:449		1.53309e+07		-0.0518479		3.14472		521.526		6.97166e+06		530.341		
00:00:25:350		1.53313e+07		-0.0508122		3.14299		521.57		6.97164e+06		530.338		
00:00:25:350		1.53313e+07		-0.0508122		3.14299		521.57		6.97164e+06		530.338		
00:00:25:350		1.53313e+07		-0.0508122		3.14299		521.57		6.97164e+06		530.338		
00:00:25:250		1.53317e+07		-0.0497704		3.14122		521.614		6.97162e+06		530.338		
00:00:25:149		1.5332e+07		-0.0487227		3.13956		521.658		6.9716e+06		530.335		
00:00:25:000		1.53326e+07		-0.0471406		3.13711		521.726		6.97158e+06		530.33		
00:00:24:899		1.5333e+07		-0.0460777		3.13534		521.771		6.97156e+06		530.329		
00:00:24:800		1.53334e+07		-0.0450082		3.13353		521.814		6.97154e+06		530.326		
00:00:24:699		1.53338e+07		-0.0439324		3.13181		521.858		6.97152e+06		530.323		
00:00:24:600		1.53342e+07		-0.0428505		3.12999		521.903		6.9715e+06		530.32		
00:00:24:500		1.53346e+07		-0.0417614		3.12837		521.948		6.97149e+06		530.318		
00:00:24:399		1.5335e+07		-0.0406656		3.12668		521.993		6.97147e+06		530.315		
00:00:24:300		1.53354e+07		-0.0395622		3.12494		522.038		6.97145e+06		530.312		
00:00:24:199		1.53358e+07		-0.0384521		3.12317		522.083		6.97143e+06		530.315		
00:00:24:100		1.53362e+07		-0.0373349		3.12144		522.127		6.97141e+06		530.307		
00:00:24:000		1.53366e+07		-0.0362101		3.11974		522.172		6.9714e+06		530.308		
00:00:23:899		1.5337e+07		-0.0350771		3.11801		522.217		6.97138e+06		530.305		
00:00:23:800		1.53373e+07		-0.0339365		3.11628		522.262		6.97136e+06		530.303		
00:00:23:699		1.53377e+07		-0.0327864		3.11454		522.309		6.97134e+06		530.3		
00:00:23:600		1.53382e+07		-0.0316272		3.11268		522.353		6.97133e+06		530.298		
00:00:23:399		1.5339e+07		-0.0292811		3.10914		522.441		6.97129e+06		530.292		
00:00:23:399		1.5339e+07		-0.0292811		3.10914		522.441		6.97129e+06		530.292		
00:00:23:300		1.53394e+07		-0.0280938		3.10743		522.486		6.97127e+06		530.29		
00:00:23:199		1.53398e+07		-0.0268984		3.10575		522.531		6.97126e+06		530.288		
00:00:23:100		1.53402e+07		-0.0256939		3.10392		522.576		6.97124e+06		530.285		
00:00:23:000		1.53406e+07		-0.0244823		3.1021		522.62		6.97122e+06		530.282		
00:00:22:899		1.5341e+07		-0.023263		3.10022		522.665		6.9712e+06		530.272		
00:00:22:800		1.53414e+07		-0.0220366		3.0987		522.708		6.97119e+06		530.271		
00:00:22:600		1.53422e+07		-0.0208025		3.09724		522.755		6.97117e+06		530.27		
00:00:22:600		1.53422e+07		-0.0198421		3.0957		522.8		6.97115e+06		530.276		
00:00:22:399		1.53432e+07		-0.0179892		3.09274		522.889		6.97112e+06		530.272		
00:00:22:399		1.53432e+07		-0.0179892		3.09274		522.889		6.97112e+06		530.272		
00:00:22:300		1.53437e+07		-0.0170631		3.09123		522.934		6.9711e+06		530.269		
00:00:22:199		1.53442e+07		-0.0161371		3.08977		522.977		6.97108e+06		530.266		
00:00:22:050		1.53449e+07		-0.0147486		3.08754		523.046		6.97106e+06		530.263		
00:00:21:949		1.53454e+07		-0.013823		3.08595		523.091		6.97104e+06		530.26		
00:00:21:850		1.53459e+07		-0.012897		3.08448		523.135		6.97102e+06		530.258		
00:00:21:750		1.53464e+07		-0.011972		3.08313		523.18		6.97101e+06		530.255		
00:00:21:649		1.53469e+07		-0.0110474		3.08159		523.227		6.97099e+06		530.251		
00:00:21:550		1.53474e+07		-0.0101223		3.08008		523.271		6.97097e+06		530.257		
00:00:21:449		1.53479e+07		-0.00919819		3.07866		523.316		6.97095e+06		530.249		
00:00:21:350		1.53484e+07		-0.00827312		3.07718		523.361		6.97094e+06		530.246		
00:00:21:250		1.53489e+07		-0.00734901		3.07567		523.406		6.97092e+06		530.243		
00:00:21:149		1.53494e+07		-0.00642586		3.07423		523.448		6.9709e+06		530.242		
00:00:21:050		1.53499e+07		-0.00550175		3.07279		523.495		6.97088e+06		530.237		
00:00:20:949		1.53504e+07		-0.00457811		3.07139		523.54		6.97087e+06		530.229		
00:00:20:949		1.53504e+07		-0.00457811		3.07139		523.54		6.97087e+06		530.229		
00:00:20:750		1.53514e+07		-0.00273228		3.06841		523.627		6.97083e+06		530.231		
00:00:20:649		1.53519e+07		-0.0018096		3.06697		523.672		6.97081e+06		530.23		
00:00:20:449		1.53529e+07		3.52859e-05		3.06398		523.761		6.97078e+06		530.229		
00:00:20:449		1.53529e+07		3.52859e-05		3.06398		523.761		6.97078e+06		530.229		
00:00:20:350		1.53534e+07		0.000957966		3.06256		523.806		6.97076e+06		530.226		
00:00:20:250		1.53539e+07		0.00187969		3.06102		523.851		6.97075e+06		530.225		
00:00:20:149		1.53544e+07		0.00280142		3.05957		523.893		6.97073e+06		530.222		
00:00:20:149		1.53544e+07		0.00280142		3.05957		523.893		6.97073e+06		530.222		
00:00:20:050		1.53549e+07		0.00372267		3.05824		523.938		6.97071e+06		530.219		
00:00:19:949		1.53553e+07		0.00464344		3.05671		523.983		6.97069e+06		530.217		
00:00:19:850		1.53558e+07		0.00556374		3.05538		524.028		6.97068e+06		530.214		
00:00:19:750		1.53563e+07		0.00648403		3.05381		524.072		6.97066e+06		530.206		
00:00:19:649		1.53568e+07		0.00740385		3.05244		524.115		6.97064e+06		530.211		
00:00:19:399		1.53581e+07		0.00970221		3.04907		524.225		6.9706e+06		530.204		
00:00:19:300		1.53586e+07		0.0106206		3.04753		524.271		6.97058e+06		530.201		
00:00:19:300		1.53586e+07		0.0106206		3.04753		524.271		6.97058e+06		530.201		
00:00:19:100		1.53596e+07		0.0124564		3.04469		524.359		6.97054e+06		530.19		
00:00:19:100		1.53596e+07		0.0124564		3.04469		524.359		6.97054e+06		530.19		
00:00:19:000		1.53601e+07		0.0133739		3.04319		524.402		6.97053e+06		530.195		
00:00:18:899		1.53606e+07		0.0142908		3.04183		524.444		6.97051e+06		530.192		
00:00:18:800		1.5361e+07		0.0152068		3.04047		524.489		6.97049e+06		530.189		
00:00:18:699		1.53615e+07		0.0161233		3.039		524.534		6.97047e+06		530.186		
00:00:18:600		1.5362e+07		0.0170388		3.03758		524.576		6.97046e+06		530.179		
00:00:18:399		1.5363e+07		0.0188689		3.03485		524.666		6.97042e+06		530.18		
00:00:18:399		1.5363e+07		0.0188689		3.03485		524.666		6.97042e+06		530.18		
00:00:18:300		1.53635e+07		0.0197835		3.0335		524.706		6.9704e+06		530.173		
00:00:18:199		1.5364e+07		0.0206976		3.03209		524.753		6.97038e+06		530.177		
00:00:18:100		1.53645e+07		0.0216107		3.03078		524.796		6.97037e+06		530.174		
00:00:18:000		1.5365e+07		0.0225239		3.02935		524.839		6.97035e+06		530.17		
00:00:17:850		1.53658e+07		0.0238924		3.02724		524.905		6.97032e+06		530.159		
00:00:17:750		1.53663e+07		0.0248036		3.02595		524.948		6.9703e+06		530.156		
00:00:17:649		1.53668e+07		0.0257154		3.02458		524.991		6.97029e+06		530.165		
00:00:17:550		1.53672e+07		0.0266256		3.02314		525.035		6.97027e+06		530.162		
00:00:17:449		1.53677e+07		0.0275359		3.02182		525.078		6.97025e+06		530.159		
00:00:17:350		1.53682e+07		0.0284452		3.02039		525.123		6.97023e+06		530.147		
00:00:17:250		1.53687e+07		0.0293546		3.01912		525.165		6.97021e+06		530.154		
00:00:17:149		1.53692e+07		0.0302629		3.01784		525.208		6.9702e+06		530.151		
00:00:17:050		1.53697e+07		0.0311708		3.0165		525.253		6.97018e+06		530.142		
00:00:16:949		1.53702e+07		0.0320783		3.01518		525.295		6.97016e+06		530.147		
00:00:16:850		1.53707e+07		0.0329852		3.01384		525.338		6.97014e+06		530.143		
00:00:16:750		1.53712e+07		0.0338912		3.01243		525.381		6.97012e+06		530.133		
00:00:16:649		1.53717e+07		0.0347972		3.01123		525.424		6.9701e+06		530.141		
00:00:16:550		1.53722e+07		0.0357018		3.00991		525.464		6.97009e+06		530.148		
00:00:16:449		1.53727e+07		0.0366063		3.00847		525.509		6.97007e+06		530.137		
00:00:16:350		1.53732e+07		0.0375099		3.0072		525.552		6.97005e+06		530.134		
00:00:16:250		1.53737e+07		0.038413		3.00588		525.592		6.97003e+06		530.132		
00:00:16:149		1.53742e+07		0.0393152		3.00456		525.635		6.97001e+06		530.129		
00:00:16:050		1.53747e+07		0.0402169		3.00335		525.676		6.97e+06		530.126		
00:00:15:949		1.53752e+07		0.0411177		3.00199		525.717		6.96998e+06		530.123		
00:00:15:849		1.53757e+07		0.0420184		3.00074		525.761		6.96996e+06		530.127		
00:00:15:750		1.53762e+07		0.0429177		2.99947		525.804		6.96994e+06		530.12		
00:00:15:650		1.53767e+07		0.0438166		2.99818		525.845		6.96992e+06		530.116		
00:00:15:650		1.53767e+07		0.0438166		2.99818		525.845		6.96992e+06		530.116		
00:00:15:550		1.53772e+07		0.0447149		2.99686		525.886		6.9699e+06		530.112		
00:00:15:349		1.53782e+07		0.0465088		2.99416		525.969		6.96987e+06		530.097		
00:00:15:349		1.53782e+07		0.0465088		2.99416		525.969		6.96987e+06		530.097		
00:00:15:250		1.53787e+07		0.0474043		2.9929		526.012		6.96985e+06		530.105		
00:00:15:099		1.53794e+07		0.0487466		2.99093		526.073		6.96982e+06		530.102		
00:00:15:000		1.53799e+07		0.0496402		2.9896		526.114		6.9698e+06		530.098		
00:00:14:900		1.53804e+07		0.0505333		2.98834		526.154		6.96978e+06		530.097		
00:00:14:750		1.53812e+07		0.0518708		2.98645		526.216		6.96975e+06		530.099		
00:00:14:650		1.53817e+07		0.0527616		2.98516		526.26		6.96974e+06		530.091		
00:00:14:550		1.53822e+07		0.0536513		2.98378		526.301		6.96972e+06		530.089		
00:00:14:550		1.53822e+07		0.0536513		2.98378		526.301		6.96972e+06		530.089		
00:00:14:349		1.53832e+07		0.055429		2.98147		526.382		6.96968e+06		530.084		
00:00:14:349		1.53832e+07		0.055429		2.98147		526.382		6.96968e+06		530.084		
00:00:14:199		1.53839e+07		0.0567594		2.97944		526.444		6.96965e+06		530.08		
00:00:14:099		1.53844e+07		0.0576453		2.9781		526.482		6.96963e+06		530.077		
00:00:14:000		1.53849e+07		0.0585308		2.97684		526.523		6.96961e+06		530.074		
00:00:13:900		1.53854e+07		0.0594153		2.97567		526.562		6.96959e+06		530.072		
00:00:13:800		1.53859e+07		0.0602984		2.97452		526.601		6.96958e+06		530.069		
00:00:13:599		1.5387e+07		0.0620637		2.97183		526.681		6.96954e+06		530.069		
00:00:13:599		1.5387e+07		0.0620637		2.97183		526.681		6.96954e+06		530.069		
00:00:13:400		1.5388e+07		0.0638247		2.96939		526.758		6.9695e+06		530.06		
00:00:13:400		1.5388e+07		0.0638247		2.96939		526.758		6.9695e+06		530.06		
00:00:13:300		1.53885e+07		0.0647039		2.96816		526.796		6.96948e+06		530.057		
00:00:13:199		1.5389e+07		0.0655823		2.96689		526.834		6.96946e+06		530.053		
00:00:13:099		1.53895e+07		0.0664597		2.96558		526.873		6.96944e+06		530.052		
00:00:13:000		1.539e+07		0.0673366		2.96435		526.912		6.96942e+06		530.047		
00:00:12:900		1.53905e+07		0.068212		2.96304		526.949		6.9694e+06		530.047		
00:00:12:800		1.5391e+07		0.0690866		2.96193		526.988		6.96938e+06		530.042		
00:00:12:699		1.53915e+07		0.0699606		2.96061		527.029		6.96936e+06		530.035		
00:00:12:599		1.5392e+07		0.0708332		2.9593		527.068		6.96935e+06		530.034		
00:00:12:500		1.53925e+07		0.0717053		2.95812		527.105		6.96933e+06		530.036		
00:00:12:400		1.5393e+07		0.0725765		2.95688		527.143		6.96931e+06		530.036		
00:00:12:250		1.53938e+07		0.0738821		2.95499		527.199		6.96928e+06		530.035		
00:00:12:150		1.53943e+07		0.0747514		2.95379		527.238		6.96926e+06		530.033		
00:00:12:050		1.53948e+07		0.0756197		2.95256		527.277		6.96924e+06		530.03		
00:00:11:949		1.53953e+07		0.0764875		2.95136		527.316		6.96922e+06		530.027		
00:00:11:800		1.53961e+07		0.0777869		2.94946		527.371		6.96919e+06		530.023		
00:00:11:800		1.53961e+07		0.0777869		2.94946		527.371		6.96919e+06		530.023		
00:00:11:699		1.53966e+07		0.0786529		2.94822		527.408		6.96917e+06		530.02		
00:00:11:599		1.53971e+07		0.0795169		2.94703		527.447		6.96915e+06		530.016		
00:00:11:500		1.53976e+07		0.0803809		2.94588		527.484		6.96913e+06		530.013		
00:00:11:400		1.53981e+07		0.081244		2.94463		527.521		6.96911e+06		530.009		
00:00:11:300		1.53986e+07		0.0821071		2.94343		527.558		6.96909e+06		530.007		
00:00:11:199		1.53991e+07		0.0829682		2.94219		527.595		6.96907e+06		529.999		
00:00:11:099		1.53997e+07		0.0838294		2.94104		527.632		6.96905e+06		530.004		
00:00:10:949		1.54004e+07		0.0851188		2.93926		527.685		6.96902e+06		529.998		
00:00:10:849		1.5401e+07		0.0859771		2.93801		527.722		6.969e+06		529.993		
00:00:10:750		1.54015e+07		0.0868349		2.93678		527.759		6.96898e+06		529.991		
00:00:10:650		1.5402e+07		0.0876927		2.93566		527.794		6.96896e+06		529.981		
00:00:10:550		1.54025e+07		0.0885496		2.93446		527.83		6.96894e+06		529.982		
00:00:10:449		1.54031e+07		0.0894055		2.93334		527.865		6.96892e+06		529.986		
00:00:10:349		1.54036e+07		0.090261		2.93218		527.9		6.9689e+06		529.98		
00:00:10:250		1.54041e+07		0.091116		2.93098		527.933		6.96888e+06		529.981		
00:00:10:150		1.54046e+07		0.0919704		2.92981		527.966		6.96886e+06		529.978		
00:00:10:050		1.54052e+07		0.0928245		2.92862		528		6.96884e+06		529.974		
00:00:09:949		1.54057e+07		0.093678		2.9275		528.033		6.96882e+06		529.972		
00:00:09:949		1.54057e+07		0.093678		2.9275		528.033		6.96882e+06		529.972		
00:00:09:750		1.54068e+07		0.0953836		2.92517		528.099		6.96878e+06		529.965		
00:00:09:650		1.54073e+07		0.0962362		2.92401		528.133		6.96876e+06		529.961		
00:00:09:550		1.54078e+07		0.0970879		2.92289		528.166		6.96874e+06		529.957		
00:00:09:550		1.54078e+07		0.0970879		2.92289		528.166		6.96874e+06		529.957		
00:00:09:349		1.54089e+07		0.0987911		2.9206		528.232		6.9687e+06		529.949		
00:00:09:349		1.54089e+07		0.0987911		2.9206		528.232		6.9687e+06		529.949		
00:00:09:199		1.54097e+07		0.100068		2.9189		528.284		6.96866e+06		529.945		
00:00:09:099		1.54102e+07		0.100918		2.91784		528.317		6.96864e+06		529.935		
00:00:09:050		1.54105e+07		0.101344		2.91729		528.332		6.96863e+06		529.947		
00:00:08:949		1.54111e+07		0.102193		2.91613		528.365		6.96861e+06		529.938		
00:00:08:849		1.54116e+07		0.103042		2.915		528.398		6.96859e+06		529.934		
00:00:08:650		1.54127e+07		0.104739		2.9128		528.467		6.96854e+06		529.927		
00:00:08:650		1.54127e+07		0.104739		2.9128		528.467		6.96854e+06		529.927		
00:00:08:400		1.54141e+07		0.106858		2.91003		528.546		6.96849e+06		529.914		
00:00:08:300		1.54147e+07		0.107704		2.90899		528.576		6.96846e+06		529.9		
00:00:08:300		1.54147e+07		0.107704		2.90899		528.576		6.96846e+06		529.9		
00:00:08:199		1.54152e+07		0.108551		2.90793		528.605		6.96844e+06		529.904		
00:00:08:099		1.54158e+07		0.109397		2.90685		528.635		6.96842e+06		529.899		
00:00:08:000		1.54163e+07		0.110243		2.90578		528.664		6.96839e+06		529.892		
00:00:07:900		1.54169e+07		0.111089		2.90474		528.696		6.96837e+06		529.889		
00:00:07:799		1.54175e+07		0.111934		2.90366		528.725		6.96835e+06		529.884		
00:00:07:700		1.5418e+07		0.11278		2.90259		528.756		6.96832e+06		529.878		
00:00:07:599		1.54186e+07		0.113626		2.90143		528.784		6.9683e+06		529.871		
00:00:07:500		1.54192e+07		0.11447		2.90049		528.814		6.96827e+06		529.865		
00:00:07:400		1.54198e+07		0.115315		2.8995		528.843		6.96825e+06		529.858		
00:00:07:299		1.54204e+07		0.11616		2.89847		528.875		6.96822e+06		529.849		
00:00:07:200		1.54209e+07		0.117006		2.89736		528.904		6.9682e+06		529.834		
00:00:07:099		1.54215e+07		0.117851		2.89631		528.933		6.96817e+06		529.836		
00:00:07:000		1.54221e+07		0.118695		2.89537		528.963		6.96814e+06		529.829		
00:00:06:900		1.54227e+07		0.11954		2.89439		528.992		6.96812e+06		529.819		
00:00:06:799		1.54233e+07		0.120386		2.89337		529.024		6.96809e+06		529.81		
00:00:06:700		1.54239e+07		0.121231		2.89239		529.05		6.96806e+06		529.807		
00:00:06:599		1.54245e+07		0.122076		2.89142		529.076		6.96803e+06		529.793		
00:00:06:349		1.5426e+07		0.124189		2.88886		529.14		6.96796e+06		529.767		
00:00:06:349		1.5426e+07		0.124189		2.88886		529.14		6.96796e+06		529.767		
00:00:06:250		1.54267e+07		0.125035		2.88793		529.166		6.96793e+06		529.745		
00:00:06:150		1.54273e+07		0.125881		2.88697		529.193		6.9679e+06		529.746		
00:00:06:049		1.54279e+07		0.126727		2.88604		529.219		6.96787e+06		529.734		
00:00:05:950		1.54285e+07		0.127573		2.88504		529.243		6.96784e+06		529.721		
00:00:05:849		1.54292e+07		0.128419		2.88408		529.269		6.96781e+06		529.707		
00:00:05:750		1.54298e+07		0.129266		2.88312		529.295		6.96778e+06		529.693		
00:00:05:650		1.54304e+07		0.130113		2.88221		529.319		6.96775e+06		529.671		
00:00:05:549		1.54311e+07		0.13096		2.8813		529.345		6.96771e+06		529.665		
00:00:05:349		1.54324e+07		0.132654		2.87949		529.394		6.96765e+06		529.633		
00:00:05:349		1.54324e+07		0.132654		2.87949		529.394		6.96765e+06		529.633		
00:00:05:250		1.5433e+07		0.133502		2.87854		529.42		6.96761e+06		529.615		
00:00:05:150		1.54337e+07		0.13435		2.8776		529.446		6.96758e+06		529.597		
00:00:05:049		1.54343e+07		0.135198		2.8767		529.47		6.96754e+06		529.598		
00:00:04:950		1.5435e+07		0.136046		2.87581		529.494		6.96751e+06		529.56		
00:00:04:849		1.54357e+07		0.136894		2.87492		529.52		6.96747e+06		529.54		
00:00:04:750		1.54363e+07		0.137743		2.87403		529.54		6.96743e+06		529.519		
00:00:04:650		1.5437e+07		0.138591		2.87315		529.562		6.9674e+06		529.497		
00:00:04:650		1.5437e+07		0.138591		2.87315		529.562		6.9674e+06		529.497		
00:00:04:450		1.54384e+07		0.140286		2.87132		529.606		6.96732e+06		529.451		
00:00:04:349		1.54391e+07		0.141133		2.87049		529.628		6.96728e+06		529.424		
00:00:04:250		1.54398e+07		0.141981		2.86963		529.649		6.96724e+06		529.399		
00:00:04:150		1.54405e+07		0.142828		2.86873		529.669		6.9672e+06		529.37		
00:00:04:049		1.54412e+07		0.143674		2.86784		529.689		6.96716e+06		529.344		
00:00:03:950		1.54419e+07		0.144523		2.86694		529.709		6.96711e+06		529.313		
00:00:03:950		1.54419e+07		0.144523		2.86694		529.709		6.96711e+06		529.313		
00:00:03:850		1.54426e+07		0.145371		2.86608		529.73		6.96707e+06		529.276		
00:00:03:750		1.54433e+07		0.14622		2.86519		529.75		6.96703e+06		529.251		
00:00:03:649		1.5444e+07		0.147069		2.8643		529.77		6.96698e+06		529.217		
00:00:03:500		1.54452e+07		0.148342		2.86309		529.798		6.96691e+06		529.162		
00:00:03:299		1.54467e+07		0.150032		2.86151		529.835		6.96682e+06		529.075		
00:00:03:299		1.54467e+07		0.150032		2.86151		529.835		6.96682e+06		529.075		
00:00:03:100		1.54482e+07		0.151706		2.86003		529.87		6.96672e+06		528.999		
00:00:03:000		1.54489e+07		0.152535		2.85924		529.888		6.96667e+06		528.952		
00:00:03:000		1.54489e+07		0.152535		2.85924		529.888		6.96667e+06		528.952		
00:00:02:899		1.54497e+07		0.153361		2.85843		529.904		6.96662e+06		528.906		
00:00:02:799		1.54504e+07		0.154186		2.85751		529.919		6.96656e+06		528.85		
00:00:02:700		1.54511e+07		0.155014		2.85658		529.936		6.96651e+06		528.801		
00:00:02:600		1.54518e+07		0.155846		2.85558		529.951		6.96646e+06		528.755		
00:00:02:399		1.54534e+07		0.157538		2.85352		529.978		6.96635e+06		528.646		
00:00:02:299		1.54543e+07		0.158396		2.85267		529.991		6.96629e+06		528.587		
00:00:02:299		1.54543e+07		0.158396		2.85267		529.991		6.96629e+06		528.587		
00:00:02:200		1.54553e+07		0.159256		2.852		530.006		6.96623e+06		528.515		
00:00:02:100		1.54563e+07		0.16011		2.85152		530.017		6.96617e+06		528.467		
00:00:02:000		1.54573e+07		0.160945		2.85129		530.03		6.96612e+06		528.406		
00:00:01:899		1.54583e+07		0.16175		2.85104		530.041		6.96606e+06		528.342		
00:00:01:800		1.54592e+07		0.162516		2.85094		530.052		6.966e+06		528.275		
00:00:01:699		1.546e+07		0.163239		2.85066		530.065		6.96594e+06		528.215		
00:00:01:600		1.54607e+07		0.163928		2.85027		530.079		6.96588e+06		528.14		
00:00:01:399		1.54616e+07		0.165267		2.84736		530.103		6.96575e+06		527.985		
00:00:01:399		1.54616e+07		0.165267		2.84736		530.103		6.96575e+06		527.985		
00:00:01:300		1.54621e+07		0.165974		2.84492		530.116		6.96568e+06		527.902		
00:00:01:199		1.54628e+07		0.166739		2.84274		530.127		6.96561e+06		527.811		
00:00:01:100		1.54638e+07		0.167581		2.84082		530.138		6.96554e+06		527.727		
00:00:01:000		1.54652e+07		0.168494		2.83888		530.151		6.96547e+06		527.632		
00:00:00:900		1.54672e+07		0.169449		2.83676		530.164		6.96539e+06		527.525		
00:00:00:750		1.54707e+07		0.170837		2.83646		530.186		6.96527e+06		527.36		
00:00:00:650		1.54732e+07		0.171624		2.8402		530.197		6.96519e+06		527.229		
00:00:00:550		1.54754e+07		0.172225		2.84565		530.204		6.9651e+06		527.082		
00:00:00:450		1.54771e+07		0.172608		2.84618		530.21		6.965e+06		526.943		
00:00:00:400		1.54777e+07		0.172722		2.84658		530.214		6.96496e+06		526.881		
00:00:00:299		1.54784e+07		0.17283		2.84102		530.217		6.96488e+06		526.829		
00:00:00:149		1.54785e+07		0.17284		2.83572		530.221		6.96484e+06		526.823		
00:00:00:050		1.54785e+07		0.17284		2.83567		530.223		6.96484e+06		526.826		
00:00:00:000		1.54785e+07		0.17284		2.83571		530.225		6.96483e+06		526.826		
00:00:00:000		1.54785e+07		0.17284		2.83571		530.225		6.96483e+06		526.826		
00:00:00:000		1.54785e+07		0.17284		2.83571		530.225		6.96483e+06		526.826		
00:00:00:000		1.54785e+07		0.17284		2.83571		530.225		6.96483e+06		526.826		
00:00:00:000		1.54785e+07		0.17284		2.83571		530.225		6.96483e+06		526.826		
00:00:00:000		1.54785e+07		0.17284		2.83571		530.225		6.96483e+06		526.826		
