	time 		rcpppzr	rcp054rcp007mnzoyout	rcv501std0102fvol	fwfrcp001gv	rcppmssga	msfsg(1)	
00:01:22:599		1.54146e+07		0.052072		3.09368		526.249		6.97075e+06		527.464		
00:01:22:599		1.54146e+07		0.052072		3.09368		526.249		6.97075e+06		527.464		
00:01:22:549		1.54147e+07		0.0521455		3.09323		526.249		6.97075e+06		527.464		
00:01:22:549		1.54147e+07		0.0521455		3.09323		526.249		6.97075e+06		527.464		
00:01:22:450		1.54147e+07		0.0522914		3.09306		526.249		6.97075e+06		527.462		
00:01:22:299		1.54148e+07		0.0525107		3.09259		526.247		6.97074e+06		527.466		
00:01:22:200		1.54149e+07		0.0526567		3.09199		526.247		6.97074e+06		527.445		
00:01:22:099		1.54149e+07		0.052803		3.09162		526.247		6.97073e+06		527.456		
00:01:22:000		1.5415e+07		0.052949		3.09118		526.247		6.97073e+06		527.456		
00:01:21:900		1.54151e+07		0.0530949		3.09061		526.245		6.97072e+06		527.454		
00:01:21:799		1.54151e+07		0.0532408		3.09029		526.245		6.97072e+06		527.453		
00:01:21:650		1.54152e+07		0.0534592		3.08987		526.245		6.97071e+06		527.451		
00:01:21:500		1.54153e+07		0.053678		3.08907		526.243		6.9707e+06		527.449		
00:01:21:500		1.54153e+07		0.053678		3.08907		526.243		6.9707e+06		527.449		
00:01:21:400		1.54154e+07		0.0538239		3.08859		526.243		6.9707e+06		527.448		
00:01:21:299		1.54154e+07		0.0539699		3.08835		526.243		6.9707e+06		527.446		
00:01:21:200		1.54155e+07		0.0541158		3.08794		526.243		6.97069e+06		527.444		
00:01:21:099		1.54155e+07		0.0542617		3.08734		526.242		6.97069e+06		527.444		
00:01:21:000		1.54156e+07		0.0544071		3.08706		526.242		6.97068e+06		527.442		
00:01:20:900		1.54157e+07		0.054553		3.08668		526.242		6.97068e+06		527.44		
00:01:20:799		1.54157e+07		0.0546989		3.08617		526.242		6.97067e+06		527.44		
00:01:20:700		1.54158e+07		0.0548444		3.08584		526.242		6.97067e+06		527.439		
00:01:20:599		1.54158e+07		0.0549898		3.0854		526.24		6.97066e+06		527.438		
00:01:20:500		1.54159e+07		0.0551357		3.08491		526.24		6.97066e+06		527.436		
00:01:20:400		1.54159e+07		0.0552812		3.08458		526.24		6.97065e+06		527.434		
00:01:20:299		1.5416e+07		0.0554271		3.08399		526.24		6.97065e+06		527.433		
00:01:20:200		1.54161e+07		0.055572		3.08366		526.238		6.97064e+06		527.43		
00:01:20:049		1.54162e+07		0.0557904		3.08306		526.238		6.97064e+06		527.427		
00:01:20:000		1.54162e+07		0.0558629		3.08284		526.238		6.97063e+06		527.425		
00:01:19:900		1.54162e+07		0.0560083		3.08256		526.238		6.97063e+06		527.419		
00:01:19:799		1.54163e+07		0.0561538		3.08203		526.238		6.97062e+06		527.428		
00:01:19:700		1.54164e+07		0.0562992		3.08162		526.238		6.97062e+06		527.427		
00:01:19:599		1.54164e+07		0.0564446		3.08134		526.238		6.97061e+06		527.425		
00:01:19:500		1.54165e+07		0.0565901		3.08081		526.238		6.97061e+06		527.423		
00:01:19:349		1.54166e+07		0.056808		3.08015		526.238		6.9706e+06		527.415		
00:01:19:250		1.54166e+07		0.056953		3.07986		526.238		6.97059e+06		527.42		
00:01:19:150		1.54167e+07		0.0570984		3.07953		526.236		6.97059e+06		527.413		
00:01:19:049		1.54167e+07		0.0572433		3.07905		526.236		6.97058e+06		527.409		
00:01:18:950		1.54168e+07		0.0573888		3.07865		526.236		6.97058e+06		527.414		
00:01:18:849		1.54169e+07		0.0575342		3.07823		526.236		6.97057e+06		527.417		
00:01:18:750		1.54169e+07		0.0576792		3.07775		526.236		6.97057e+06		527.415		
00:01:18:650		1.5417e+07		0.0578241		3.07759		526.236		6.97056e+06		527.414		
00:01:18:549		1.5417e+07		0.0579696		3.07698		526.236		6.97056e+06		527.413		
00:01:18:450		1.54171e+07		0.0581141		3.07669		526.238		6.97055e+06		527.411		
00:01:18:349		1.54172e+07		0.0582595		3.07633		526.236		6.97054e+06		527.41		
00:01:18:250		1.54172e+07		0.0584044		3.07576		526.236		6.97054e+06		527.409		
00:01:18:150		1.54173e+07		0.0585494		3.07544		526.236		6.97053e+06		527.414		
00:01:18:049		1.54173e+07		0.0586944		3.07487		526.236		6.97053e+06		527.407		
00:01:17:950		1.54174e+07		0.0588393		3.07458		526.236		6.97052e+06		527.407		
00:01:17:950		1.54174e+07		0.0588393		3.07458		526.236		6.97052e+06		527.407		
00:01:17:750		1.54175e+07		0.0591288		3.07369		526.236		6.97051e+06		527.404		
00:01:17:650		1.54176e+07		0.0592737		3.07328		526.236		6.9705e+06		527.403		
00:01:17:549		1.54176e+07		0.0594187		3.07291		526.238		6.9705e+06		527.403		
00:01:17:450		1.54177e+07		0.0595636		3.07234		526.238		6.97049e+06		527.402		
00:01:17:450		1.54177e+07		0.0595636		3.07234		526.238		6.97049e+06		527.402		
00:01:17:349		1.54178e+07		0.0597081		3.07198		526.238		6.97049e+06		527.4		
00:01:17:150		1.54179e+07		0.059998		3.07117		526.24		6.97048e+06		527.396		
00:01:17:049		1.54179e+07		0.060143		3.07072		526.238		6.97047e+06		527.401		
00:01:17:049		1.54179e+07		0.060143		3.07072		526.238		6.97047e+06		527.401		
00:01:16:950		1.5418e+07		0.0602875		3.07027		526.238		6.97046e+06		527.395		
00:01:16:849		1.5418e+07		0.060432		3.07003		526.238		6.97046e+06		527.393		
00:01:16:750		1.54181e+07		0.0605769		3.06942		526.238		6.97045e+06		527.394		
00:01:16:549		1.54182e+07		0.0608664		3.06877		526.24		6.97044e+06		527.392		
00:01:16:549		1.54182e+07		0.0608664		3.06877		526.24		6.97044e+06		527.392		
00:01:16:450		1.54183e+07		0.0610104		3.06836		526.238		6.97043e+06		527.389		
00:01:16:349		1.54183e+07		0.0611553		3.06794		526.24		6.97043e+06		527.39		
00:01:16:250		1.54184e+07		0.0612998		3.06755		526.24		6.97042e+06		527.39		
00:01:16:150		1.54185e+07		0.0614448		3.06714		526.24		6.97041e+06		527.389		
00:01:16:049		1.54185e+07		0.0615888		3.06672		526.24		6.97041e+06		527.388		
00:01:15:900		1.54186e+07		0.0618057		3.06598		526.24		6.9704e+06		527.387		
00:01:15:799		1.54187e+07		0.0619502		3.06549		526.24		6.97039e+06		527.385		
00:01:15:700		1.54187e+07		0.0620947		3.0652		526.242		6.97039e+06		527.384		
00:01:15:500		1.54188e+07		0.0623837		3.06418		526.242		6.97037e+06		527.382		
00:01:15:500		1.54188e+07		0.0623837		3.06418		526.242		6.97037e+06		527.382		
00:01:15:400		1.54189e+07		0.0625281		3.06393		526.243		6.97037e+06		527.381		
00:01:15:299		1.5419e+07		0.0626721		3.06337		526.243		6.97036e+06		527.379		
00:01:15:200		1.5419e+07		0.0628166		3.06299		526.243		6.97035e+06		527.378		
00:01:15:099		1.54191e+07		0.0629616		3.06255		526.243		6.97035e+06		527.383		
00:01:15:000		1.54191e+07		0.0631056		3.06207		526.243		6.97034e+06		527.372		
00:01:14:900		1.54192e+07		0.0632501		3.06186		526.245		6.97033e+06		527.378		
00:01:14:799		1.54193e+07		0.0633945		3.06133		526.245		6.97033e+06		527.377		
00:01:14:700		1.54193e+07		0.0635386		3.06096		526.245		6.97032e+06		527.375		
00:01:14:500		1.54194e+07		0.0638275		3.0599		526.247		6.97031e+06		527.369		
00:01:14:500		1.54194e+07		0.0638275		3.0599		526.247		6.97031e+06		527.369		
00:01:14:400		1.54195e+07		0.063971		3.05978		526.247		6.9703e+06		527.374		
00:01:14:299		1.54196e+07		0.0641155		3.05916		526.249		6.97029e+06		527.373		
00:01:14:200		1.54196e+07		0.0642595		3.05883		526.249		6.97029e+06		527.372		
00:01:14:150		1.54196e+07		0.064332		3.0587		526.249		6.97028e+06		527.372		
00:01:14:000		1.54197e+07		0.0645485		3.05814		526.249		6.97027e+06		527.368		
00:01:13:900		1.54198e+07		0.0646925		3.05761		526.249		6.97027e+06		527.36		
00:01:13:799		1.54199e+07		0.0648365		3.05708		526.251		6.97026e+06		527.363		
00:01:13:599		1.542e+07		0.065125		3.05646		526.253		6.97025e+06		527.369		
00:01:13:500		1.542e+07		0.0652695		3.05594		526.255		6.97024e+06		527.381		
00:01:13:500		1.542e+07		0.0652695		3.05594		526.255		6.97024e+06		527.381		
00:01:13:400		1.54201e+07		0.065413		3.05553		526.255		6.97023e+06		527.357		
00:01:13:299		1.54201e+07		0.0655575		3.05528		526.255		6.97022e+06		527.367		
00:01:13:200		1.54202e+07		0.065701		3.05475		526.255		6.97022e+06		527.366		
00:01:13:099		1.54203e+07		0.0658455		3.0545		526.256		6.97021e+06		527.366		
00:01:13:000		1.54203e+07		0.0659895		3.05397		526.256		6.9702e+06		527.364		
00:01:12:900		1.54204e+07		0.0661335		3.0536		526.258		6.9702e+06		527.364		
00:01:12:799		1.54204e+07		0.0662775		3.05349		526.258		6.97019e+06		527.364		
00:01:12:599		1.54206e+07		0.0665655		3.05237		526.26		6.97017e+06		527.362		
00:01:12:500		1.54206e+07		0.0667095		3.05203		526.26		6.97017e+06		527.362		
00:01:12:500		1.54206e+07		0.0667095		3.05203		526.26		6.97017e+06		527.362		
00:01:12:400		1.54207e+07		0.0668535		3.05169		526.262		6.97016e+06		527.361		
00:01:12:299		1.54207e+07		0.0669975		3.05131		526.262		6.97015e+06		527.359		
00:01:12:200		1.54208e+07		0.0671415		3.05078		526.264		6.97015e+06		527.358		
00:01:12:099		1.54209e+07		0.0672855		3.05038		526.264		6.97014e+06		527.352		
00:01:12:000		1.54209e+07		0.0674291		3.05004		526.264		6.97013e+06		527.358		
00:01:11:849		1.5421e+07		0.0676451		3.04958		526.266		6.97012e+06		527.356		
00:01:11:799		1.5421e+07		0.0677171		3.04928		526.268		6.97012e+06		527.357		
00:01:11:700		1.54211e+07		0.0678611		3.04882		526.268		6.97011e+06		527.356		
00:01:11:599		1.54212e+07		0.0680051		3.04829		526.269		6.9701e+06		527.355		
00:01:11:500		1.54212e+07		0.0681486		3.04801		526.269		6.97009e+06		527.354		
00:01:11:400		1.54213e+07		0.0682931		3.04763		526.271		6.97009e+06		527.355		
00:01:11:299		1.54213e+07		0.0684366		3.04722		526.271		6.97008e+06		527.354		
00:01:11:150		1.54214e+07		0.0686526		3.0465		526.273		6.97007e+06		527.352		
00:01:11:049		1.54215e+07		0.0687962		3.0461		526.275		6.97006e+06		527.353		
00:01:11:000		1.54215e+07		0.0688682		3.04603		526.275		6.97006e+06		527.352		
00:01:10:849		1.54216e+07		0.0690842		3.04519		526.277		6.97004e+06		527.351		
00:01:10:750		1.54217e+07		0.0692277		3.04478		526.277		6.97004e+06		527.343		
00:01:10:650		1.54217e+07		0.0693717		3.04458		526.279		6.97003e+06		527.349		
00:01:10:549		1.54218e+07		0.0695157		3.044		526.281		6.97002e+06		527.35		
00:01:10:450		1.54218e+07		0.0696592		3.04363		526.281		6.97001e+06		527.348		
00:01:10:349		1.54219e+07		0.0698032		3.04339		526.282		6.97e+06		527.342		
00:01:10:250		1.5422e+07		0.0699472		3.04282		526.282		6.97e+06		527.348		
00:01:10:150		1.5422e+07		0.0700908		3.04236		526.284		6.96999e+06		527.35		
00:01:10:049		1.54221e+07		0.0702343		3.04216		526.286		6.96998e+06		527.349		
00:01:09:950		1.54221e+07		0.0703788		3.04167		526.286		6.96997e+06		527.348		
00:01:09:849		1.54222e+07		0.0705223		3.04129		526.288		6.96997e+06		527.347		
00:01:09:750		1.54223e+07		0.0706658		3.04105		526.29		6.96996e+06		527.345		
00:01:09:650		1.54223e+07		0.0708098		3.04051		526.29		6.96995e+06		527.368		
00:01:09:549		1.54224e+07		0.0709534		3.0401		526.292		6.96994e+06		527.348		
00:01:09:549		1.54224e+07		0.0709534		3.0401		526.292		6.96994e+06		527.348		
00:01:09:450		1.54224e+07		0.0710974		3.03957		526.292		6.96993e+06		527.347		
00:01:09:250		1.54226e+07		0.0713849		3.03896		526.295		6.96992e+06		527.347		
00:01:09:150		1.54226e+07		0.0715284		3.03833		526.297		6.96991e+06		527.346		
00:01:09:150		1.54226e+07		0.0715284		3.03833		526.297		6.96991e+06		527.346		
00:01:09:049		1.54227e+07		0.0716724		3.03792		526.299		6.9699e+06		527.346		
00:01:08:849		1.54228e+07		0.0719595		3.03719		526.301		6.96989e+06		527.344		
00:01:08:750		1.54229e+07		0.072104		3.03681		526.303		6.96988e+06		527.343		
00:01:08:650		1.54229e+07		0.0722475		3.03633		526.305		6.96987e+06		527.337		
00:01:08:549		1.5423e+07		0.072391		3.03596		526.306		6.96986e+06		527.345		
00:01:08:549		1.5423e+07		0.072391		3.03596		526.306		6.96986e+06		527.345		
00:01:08:450		1.5423e+07		0.072535		3.03566		526.306		6.96985e+06		527.344		
00:01:08:349		1.54231e+07		0.0726786		3.03497		526.31		6.96984e+06		527.344		
00:01:08:150		1.54232e+07		0.0729661		3.03427		526.31		6.96983e+06		527.343		
00:01:08:049		1.54233e+07		0.0731101		3.03398		526.314		6.96982e+06		527.341		
00:01:07:950		1.54233e+07		0.0732536		3.03365		526.316		6.96981e+06		527.335		
00:01:07:849		1.54234e+07		0.0733976		3.03308		526.318		6.9698e+06		527.341		
00:01:07:750		1.54234e+07		0.0735412		3.03282		526.318		6.96979e+06		527.341		
00:01:07:650		1.54235e+07		0.0736852		3.03233		526.319		6.96979e+06		527.34		
00:01:07:549		1.54236e+07		0.0738292		3.03184		526.321		6.96978e+06		527.338		
00:01:07:450		1.54236e+07		0.0739727		3.03163		526.323		6.96977e+06		527.333		
00:01:07:349		1.54237e+07		0.0741167		3.03105		526.323		6.96976e+06		527.341		
00:01:07:349		1.54237e+07		0.0741167		3.03105		526.323		6.96976e+06		527.341		
00:01:07:250		1.54237e+07		0.0742598		3.0306		526.325		6.96975e+06		527.339		
00:01:07:049		1.54239e+07		0.0745478		3.02986		526.329		6.96974e+06		527.34		
00:01:06:950		1.54239e+07		0.0746918		3.02953		526.331		6.96973e+06		527.339		
00:01:06:950		1.54239e+07		0.0746918		3.02953		526.331		6.96973e+06		527.339		
00:01:06:849		1.5424e+07		0.0748353		3.02908		526.332		6.96972e+06		527.332		
00:01:06:650		1.54241e+07		0.0751228		3.02809		526.336		6.9697e+06		527.333		
00:01:06:549		1.54242e+07		0.0752668		3.02797		526.338		6.96969e+06		527.339		
00:01:06:549		1.54242e+07		0.0752668		3.02797		526.338		6.96969e+06		527.339		
00:01:06:400		1.54243e+07		0.0754824		3.02728		526.34		6.96968e+06		527.339		
00:01:06:299		1.54243e+07		0.0756264		3.02676		526.342		6.96967e+06		527.347		
00:01:06:200		1.54244e+07		0.0757704		3.02647		526.344		6.96966e+06		527.341		
00:01:06:099		1.54244e+07		0.0759144		3.02597		526.345		6.96965e+06		527.339		
00:01:06:000		1.54245e+07		0.0760584		3.02552		526.347		6.96965e+06		527.339		
00:01:05:900		1.54246e+07		0.0762024		3.02524		526.349		6.96964e+06		527.339		
00:01:05:799		1.54246e+07		0.0763464		3.02482		526.351		6.96963e+06		527.332		
00:01:05:599		1.54247e+07		0.0766339		3.02414		526.355		6.96961e+06		527.339		
00:01:05:500		1.54248e+07		0.0767784		3.02335		526.357		6.9696e+06		527.34		
00:01:05:500		1.54248e+07		0.0767784		3.02335		526.357		6.9696e+06		527.34		
00:01:05:400		1.54249e+07		0.0769219		3.0232		526.36		6.96959e+06		527.34		
00:01:05:299		1.54249e+07		0.0770659		3.02282		526.362		6.96958e+06		527.34		
00:01:05:200		1.5425e+07		0.0772099		3.02239		526.364		6.96958e+06		527.34		
00:01:05:099		1.5425e+07		0.077354		3.02203		526.366		6.96957e+06		527.339		
00:01:05:000		1.54251e+07		0.077498		3.02161		526.368		6.96956e+06		527.34		
00:01:04:900		1.54252e+07		0.077642		3.02128		526.37		6.96955e+06		527.34		
00:01:04:799		1.54252e+07		0.077786		3.02062		526.373		6.96954e+06		527.34		
00:01:04:599		1.54253e+07		0.0780745		3.01983		526.377		6.96952e+06		527.34		
00:01:04:450		1.54254e+07		0.0782905		3.01919		526.379		6.96951e+06		527.34		
00:01:04:450		1.54254e+07		0.0782905		3.01919		526.379		6.96951e+06		527.34		
00:01:04:349		1.54255e+07		0.0784345		3.01885		526.382		6.9695e+06		527.34		
00:01:04:250		1.54255e+07		0.0785789		3.01844		526.384		6.96949e+06		527.339		
00:01:04:150		1.54256e+07		0.078723		3.01798		526.386		6.96948e+06		527.339		
00:01:04:049		1.54257e+07		0.0788674		3.01752		526.388		6.96947e+06		527.336		
00:01:03:950		1.54257e+07		0.0790119		3.01711		526.39		6.96946e+06		527.332		
00:01:03:850		1.54258e+07		0.0791559		3.01674		526.392		6.96945e+06		527.342		
00:01:03:750		1.54258e+07		0.0793004		3.01637		526.394		6.96945e+06		527.341		
00:01:03:649		1.54259e+07		0.0794449		3.01596		526.397		6.96944e+06		527.341		
00:01:03:549		1.5426e+07		0.0795889		3.01521		526.399		6.96943e+06		527.341		
00:01:03:450		1.5426e+07		0.0797334		3.01491		526.401		6.96942e+06		527.341		
00:01:03:350		1.54261e+07		0.0798779		3.01472		526.405		6.96941e+06		527.34		
00:01:03:250		1.54261e+07		0.0798779		3.01472		526.405		6.96941e+06		527.34		
00:01:03:250		1.54261e+07		0.0800223		3.0143		526.407		6.9694e+06		527.347		
00:01:03:149		1.54262e+07		0.0801668		3.0138		526.408		6.96939e+06		527.343		
00:01:03:049		1.54263e+07		0.0803113		3.01345		526.412		6.96938e+06		527.343		
00:01:02:850		1.54264e+07		0.0806003		3.01259		526.416		6.96936e+06		527.342		
00:01:02:850		1.54264e+07		0.0806003		3.01259		526.416		6.96936e+06		527.342		
00:01:02:750		1.54264e+07		0.0807452		3.01226		526.418		6.96935e+06		527.345		
00:01:02:549		1.54266e+07		0.0810342		3.01148		526.423		6.96934e+06		527.345		
00:01:02:450		1.54266e+07		0.0811787		3.01102		526.425		6.96933e+06		527.346		
00:01:02:450		1.54266e+07		0.0811787		3.01102		526.425		6.96933e+06		527.346		
00:01:02:299		1.54267e+07		0.0813961		3.01049		526.429		6.96931e+06		527.346		
00:01:02:200		1.54268e+07		0.0815406		3.01006		526.431		6.9693e+06		527.347		
00:01:02:100		1.54268e+07		0.0816855		3.00978		526.432		6.96929e+06		527.347		
00:01:02:000		1.54269e+07		0.0818305		3.00912		526.436		6.96929e+06		527.347		
00:01:01:899		1.5427e+07		0.081975		3.0087		526.438		6.96928e+06		527.347		
00:01:01:799		1.5427e+07		0.0821199		3.00837		526.442		6.96927e+06		527.347		
00:01:01:700		1.54271e+07		0.0822649		3.00804		526.444		6.96926e+06		527.348		
00:01:01:500		1.54272e+07		0.0825548		3.007		526.449		6.96924e+06		527.347		
00:01:01:500		1.54272e+07		0.0825548		3.007		526.449		6.96924e+06		527.347		
00:01:01:399		1.54273e+07		0.0826998		3.00675		526.451		6.96923e+06		527.348		
00:01:01:299		1.54273e+07		0.0828452		3.00641		526.453		6.96922e+06		527.342		
00:01:01:250		1.54274e+07		0.0829177		3.00614		526.455		6.96922e+06		527.349		
00:01:01:149		1.54274e+07		0.0830626		3.00543		526.458		6.96921e+06		527.351		
00:01:01:049		1.54275e+07		0.0832076		3.00514		526.46		6.9692e+06		527.352		
00:01:00:950		1.54275e+07		0.083353		3.00503		526.464		6.96919e+06		527.353		
00:01:00:850		1.54276e+07		0.083571		3.00425		526.468		6.96917e+06		527.353		
00:01:00:700		1.54277e+07		0.0837159		3.00375		526.47		6.96916e+06		527.354		
00:01:00:549		1.54278e+07		0.0839343		3.00329		526.473		6.96915e+06		527.353		
00:01:00:549		1.54278e+07		0.0839343		3.00329		526.473		6.96915e+06		527.353		
00:01:00:399		1.54279e+07		0.0841522		3.00263		526.479		6.96914e+06		527.355		
00:01:00:299		1.54279e+07		0.0842981		3.00243		526.481		6.96913e+06		527.357		
00:01:00:200		1.5428e+07		0.0844431		3.00173		526.482		6.96912e+06		527.356		
00:01:00:100		1.54281e+07		0.084589		3.00139		526.486		6.96911e+06		527.357		
00:01:00:000		1.54281e+07		0.0847349		3.00124		526.49		6.9691e+06		527.359		
00:00:59:950		1.54282e+07		0.0848074		3.00105		526.49		6.96909e+06		527.36		
00:00:59:850		1.54282e+07		0.0849533		3.00059		526.494		6.96908e+06		527.359		
00:00:59:750		1.54283e+07		0.0850987		3.00014		526.495		6.96907e+06		527.36		
00:00:59:549		1.54284e+07		0.0853906		2.99922		526.503		6.96906e+06		527.36		
00:00:59:549		1.54284e+07		0.0853906		2.99922		526.503		6.96906e+06		527.36		
00:00:59:450		1.54285e+07		0.0855365		2.99892		526.505		6.96905e+06		527.361		
00:00:59:350		1.54285e+07		0.0856824		2.99855		526.507		6.96904e+06		527.36		
00:00:59:250		1.54286e+07		0.0858278		2.99797		526.51		6.96903e+06		527.356		
00:00:59:100		1.54287e+07		0.0860472		2.99753		526.514		6.96901e+06		527.364		
00:00:59:000		1.54287e+07		0.0861936		2.9972		526.518		6.969e+06		527.366		
00:00:58:899		1.54288e+07		0.0863395		2.99661		526.521		6.96899e+06		527.368		
00:00:58:799		1.54289e+07		0.0864854		2.99633		526.523		6.96898e+06		527.368		
00:00:58:600		1.5429e+07		0.0867782		2.99566		526.529		6.96897e+06		527.371		
00:00:58:500		1.5429e+07		0.0869246		2.99516		526.533		6.96896e+06		527.371		
00:00:58:500		1.5429e+07		0.0869246		2.99516		526.533		6.96896e+06		527.371		
00:00:58:399		1.54291e+07		0.0870709		2.99488		526.536		6.96895e+06		527.373		
00:00:58:299		1.54292e+07		0.0872173		2.99451		526.538		6.96894e+06		527.373		
00:00:58:200		1.54292e+07		0.0873637		2.99408		526.542		6.96893e+06		527.374		
00:00:58:100		1.54293e+07		0.0875106		2.9938		526.545		6.96892e+06		527.373		
00:00:58:000		1.54294e+07		0.087657		2.9933		526.547		6.96891e+06		527.376		
00:00:57:899		1.54294e+07		0.0878038		2.99301		526.551		6.9689e+06		527.366		
00:00:57:799		1.54295e+07		0.0879502		2.99256		526.555		6.96889e+06		527.379		
00:00:57:700		1.54295e+07		0.0880971		2.99218		526.557		6.96888e+06		527.381		
00:00:57:600		1.54296e+07		0.088244		2.99181		526.56		6.96887e+06		527.381		
00:00:57:600		1.54296e+07		0.088244		2.99181		526.56		6.96887e+06		527.381		
00:00:57:500		1.54297e+07		0.0883908		2.99126		526.564		6.96886e+06		527.382		
00:00:57:299		1.54298e+07		0.0886846		2.99057		526.57		6.96884e+06		527.386		
00:00:57:200		1.54299e+07		0.0888314		2.99023		526.573		6.96883e+06		527.388		
00:00:57:100		1.54299e+07		0.0889783		2.98976		526.575		6.96882e+06		527.388		
00:00:57:000		1.543e+07		0.0891256		2.98935		526.579		6.96882e+06		527.39		
00:00:56:899		1.543e+07		0.0891256		2.98935		526.579		6.96882e+06		527.39		
00:00:56:899		1.543e+07		0.0892725		2.98915		526.583		6.96881e+06		527.39		
00:00:56:799		1.54301e+07		0.0894198		2.98877		526.586		6.9688e+06		527.387		
00:00:56:600		1.54302e+07		0.0897145		2.98791		526.592		6.96878e+06		527.397		
00:00:56:600		1.54302e+07		0.0897145		2.98791		526.592		6.96878e+06		527.397		
00:00:56:500		1.54303e+07		0.0898619		2.98752		526.596		6.96877e+06		527.389		
00:00:56:250		1.54305e+07		0.0902305		2.98668		526.605		6.96875e+06		527.393		
00:00:56:250		1.54305e+07		0.0902305		2.98668		526.605		6.96875e+06		527.393		
00:00:56:149		1.54305e+07		0.0903783		2.98609		526.608		6.96874e+06		527.414		
00:00:56:000		1.54306e+07		0.0905995		2.98553		526.612		6.96872e+06		527.406		
00:00:55:850		1.54307e+07		0.0908213		2.98509		526.618		6.96871e+06		527.406		
00:00:55:850		1.54307e+07		0.0908213		2.98509		526.618		6.96871e+06		527.406		
00:00:55:750		1.54308e+07		0.0909686		2.98476		526.621		6.9687e+06		527.407		
00:00:55:549		1.54309e+07		0.0912642		2.98371		526.627		6.96868e+06		527.41		
00:00:55:549		1.54309e+07		0.0912642		2.98371		526.627		6.96868e+06		527.41		
00:00:55:450		1.5431e+07		0.0914125		2.98344		526.631		6.96867e+06		527.411		
00:00:55:350		1.5431e+07		0.0915599		2.98323		526.634		6.96866e+06		527.403		
00:00:55:250		1.54311e+07		0.0917082		2.9828		526.638		6.96866e+06		527.415		
00:00:55:149		1.54312e+07		0.0918565		2.98239		526.642		6.96865e+06		527.416		
00:00:55:049		1.54312e+07		0.0920048		2.98198		526.646		6.96864e+06		527.408		
00:00:54:950		1.54313e+07		0.0921526		2.98176		526.649		6.96863e+06		527.42		
00:00:54:850		1.54313e+07		0.0923009		2.98132		526.653		6.96862e+06		527.421		
00:00:54:750		1.54314e+07		0.0924492		2.98091		526.655		6.96861e+06		527.422		
00:00:54:549		1.54315e+07		0.0927458		2.98016		526.662		6.96859e+06		527.424		
00:00:54:549		1.54315e+07		0.0927458		2.98016		526.662		6.96859e+06		527.424		
00:00:54:450		1.54316e+07		0.0928946		2.97995		526.666		6.96858e+06		527.426		
00:00:54:350		1.54317e+07		0.0930429		2.97949		526.67		6.96858e+06		527.425		
00:00:54:250		1.54317e+07		0.0931911		2.97921		526.673		6.96857e+06		527.422		
00:00:54:149		1.54318e+07		0.0933399		2.97888		526.675		6.96856e+06		527.432		
00:00:54:049		1.54319e+07		0.0934887		2.97845		526.681		6.96855e+06		527.434		
00:00:53:950		1.54319e+07		0.0936375		2.97805		526.684		6.96854e+06		527.434		
00:00:53:850		1.5432e+07		0.0937862		2.97771		526.688		6.96853e+06		527.435		
00:00:53:649		1.54321e+07		0.0940838		2.97708		526.695		6.96851e+06		527.436		
00:00:53:549		1.54322e+07		0.0943069		2.97643		526.701		6.9685e+06		527.439		
00:00:53:549		1.54322e+07		0.0943069		2.97643		526.701		6.9685e+06		527.439		
00:00:53:399		1.54323e+07		0.0944557		2.97618		526.705		6.96849e+06		527.441		
00:00:53:299		1.54323e+07		0.094605		2.97577		526.708		6.96848e+06		527.442		
00:00:53:200		1.54324e+07		0.0947542		2.97551		526.712		6.96848e+06		527.444		
00:00:53:100		1.54325e+07		0.094903		2.97509		526.716		6.96847e+06		527.445		
00:00:53:000		1.54325e+07		0.0950522		2.97471		526.72		6.96846e+06		527.446		
00:00:52:899		1.54326e+07		0.0952015		2.97438		526.723		6.96845e+06		527.453		
00:00:52:799		1.54327e+07		0.0953507		2.97404		526.727		6.96844e+06		527.45		
00:00:52:600		1.54328e+07		0.0956497		2.9732		526.734		6.96842e+06		527.452		
00:00:52:500		1.54329e+07		0.0957994		2.97291		526.738		6.96842e+06		527.454		
00:00:52:500		1.54329e+07		0.0957994		2.97291		526.738		6.96842e+06		527.454		
00:00:52:399		1.54329e+07		0.0959482		2.97253		526.744		6.96841e+06		527.454		
00:00:52:299		1.5433e+07		0.0960979		2.97216		526.747		6.9684e+06		527.455		
00:00:52:200		1.54331e+07		0.0962477		2.97182		526.751		6.96839e+06		527.457		
00:00:52:200		1.54331e+07		0.0962477		2.97182		526.751		6.96839e+06		527.457		
00:00:52:100		1.54331e+07		0.0963974		2.9714		526.755		6.96838e+06		527.463		
00:00:52:000		1.54332e+07		0.0965466		2.97094		526.76		6.96837e+06		527.459		
00:00:51:899		1.54333e+07		0.0966969		2.97073		526.764		6.96837e+06		527.462		
00:00:51:799		1.54333e+07		0.0968466		2.97027		526.768		6.96836e+06		527.462		
00:00:51:600		1.54335e+07		0.0971465		2.96956		526.775		6.96834e+06		527.464		
00:00:51:500		1.54335e+07		0.0972967		2.96922		526.779		6.96833e+06		527.469		
00:00:51:399		1.54336e+07		0.0974464		2.96893		526.783		6.96832e+06		527.454		
00:00:51:299		1.54337e+07		0.0975966		2.96855		526.786		6.96832e+06		527.465		
00:00:51:200		1.54337e+07		0.0977464		2.96814		526.792		6.96831e+06		527.451		
00:00:51:100		1.54338e+07		0.0978966		2.96776		526.796		6.9683e+06		527.47		
00:00:51:000		1.54338e+07		0.0980468		2.96751		526.799		6.96829e+06		527.473		
00:00:50:899		1.54339e+07		0.0981975		2.96709		526.803		6.96828e+06		527.474		
00:00:50:899		1.54339e+07		0.0981975		2.96709		526.803		6.96828e+06		527.474		
00:00:50:799		1.5434e+07		0.0983472		2.96671		526.808		6.96827e+06		527.475		
00:00:50:600		1.54341e+07		0.0986481		2.96596		526.816		6.96826e+06		527.475		
00:00:50:600		1.54341e+07		0.0986481		2.96596		526.816		6.96826e+06		527.475		
00:00:50:399		1.54342e+07		0.098949		2.9653		526.823		6.96824e+06		527.471		
00:00:50:399		1.54342e+07		0.098949		2.9653		526.823		6.96824e+06		527.471		
00:00:50:299		1.54343e+07		0.0990996		2.96487		526.829		6.96823e+06		527.475		
00:00:50:149		1.54344e+07		0.0993257		2.96439		526.834		6.96822e+06		527.483		
00:00:50:049		1.54345e+07		0.0994763		2.96397		526.84		6.96821e+06		527.478		
00:00:49:950		1.54345e+07		0.099627		2.96372		526.844		6.96821e+06		527.486		
00:00:49:850		1.54346e+07		0.0997777		2.96334		526.847		6.9682e+06		527.487		
00:00:49:750		1.54347e+07		0.0999289		2.96288		526.851		6.96819e+06		527.486		
00:00:49:549		1.54348e+07		0.100231		2.96229		526.86		6.96817e+06		527.49		
00:00:49:549		1.54348e+07		0.100231		2.96229		526.86		6.96817e+06		527.49		
00:00:49:450		1.54349e+07		0.100381		2.962		526.864		6.96817e+06		527.491		
00:00:49:350		1.54349e+07		0.100533		2.96158		526.87		6.96816e+06		527.491		
00:00:49:250		1.5435e+07		0.100684		2.96112		526.873		6.96815e+06		527.491		
00:00:49:149		1.54351e+07		0.100835		2.96078		526.877		6.96814e+06		527.491		
00:00:49:049		1.54351e+07		0.100986		2.96049		526.881		6.96814e+06		527.489		
00:00:48:950		1.54352e+07		0.101137		2.9602		526.886		6.96813e+06		527.498		
00:00:48:850		1.54353e+07		0.101288		2.95986		526.892		6.96812e+06		527.497		
00:00:48:750		1.54353e+07		0.101439		2.9594		526.896		6.96811e+06		527.5		
00:00:48:549		1.54355e+07		0.101743		2.95864		526.905		6.9681e+06		527.495		
00:00:48:549		1.54355e+07		0.101743		2.95864		526.905		6.9681e+06		527.495		
00:00:48:450		1.54356e+07		0.101894		2.95847		526.908		6.96809e+06		527.503		
00:00:48:350		1.54356e+07		0.102046		2.95801		526.914		6.96808e+06		527.504		
00:00:48:250		1.54357e+07		0.102197		2.95768		526.918		6.96807e+06		527.503		
00:00:48:149		1.54358e+07		0.102349		2.95722		526.921		6.96807e+06		527.505		
00:00:48:049		1.54358e+07		0.1025		2.95705		526.927		6.96806e+06		527.506		
00:00:47:950		1.54359e+07		0.102652		2.95667		526.931		6.96805e+06		527.506		
00:00:47:799		1.5436e+07		0.10288		2.95594		526.938		6.96804e+06		527.509		
00:00:47:649		1.54361e+07		0.103107		2.95563		526.945		6.96803e+06		527.511		
00:00:47:500		1.54362e+07		0.103335		2.95506		526.951		6.96802e+06		527.513		
00:00:47:500		1.54362e+07		0.103335		2.95506		526.951		6.96802e+06		527.513		
00:00:47:399		1.54363e+07		0.103487		2.95472		526.957		6.96801e+06		527.513		
00:00:47:299		1.54363e+07		0.103639		2.95439		526.96		6.968e+06		527.514		
00:00:47:200		1.54364e+07		0.103791		2.95401		526.966		6.968e+06		527.513		
00:00:47:100		1.54365e+07		0.103943		2.95376		526.97		6.96799e+06		527.513		
00:00:47:000		1.54365e+07		0.104095		2.95338		526.975		6.96798e+06		527.497		
00:00:46:899		1.54366e+07		0.104248		2.953		526.981		6.96797e+06		527.518		
00:00:46:899		1.54366e+07		0.104248		2.953		526.981		6.96797e+06		527.518		
00:00:46:799		1.54367e+07		0.1044		2.95266		526.984		6.96797e+06		527.519		
00:00:46:600		1.54368e+07		0.104705		2.95195		526.995		6.96795e+06		527.522		
00:00:46:500		1.54369e+07		0.104857		2.95166		527.003		6.96794e+06		527.523		
00:00:46:500		1.54369e+07		0.104857		2.95166		527.003		6.96794e+06		527.523		
00:00:46:299		1.5437e+07		0.105162		2.95094		527.01		6.96793e+06		527.524		
00:00:46:299		1.5437e+07		0.105162		2.95094		527.01		6.96793e+06		527.524		
00:00:46:200		1.54371e+07		0.105314		2.95048		527.016		6.96792e+06		527.523		
00:00:46:100		1.54372e+07		0.105467		2.95031		527.021		6.96792e+06		527.523		
00:00:45:899		1.54373e+07		0.105772		2.94959		527.031		6.9679e+06		527.528		
00:00:45:899		1.54373e+07		0.105772		2.94959		527.031		6.9679e+06		527.528		
00:00:45:799		1.54374e+07		0.105925		2.94918		527.036		6.96789e+06		527.528		
00:00:45:600		1.54375e+07		0.10623		2.94854		527.045		6.96788e+06		527.53		
00:00:45:600		1.54375e+07		0.10623		2.94854		527.045		6.96788e+06		527.53		
00:00:45:500		1.54376e+07		0.106383		2.94808		527.051		6.96787e+06		527.531		
00:00:45:399		1.54376e+07		0.106536		2.94775		527.055		6.96787e+06		527.532		
00:00:45:299		1.54377e+07		0.106688		2.94755		527.06		6.96786e+06		527.533		
00:00:45:200		1.54378e+07		0.106842		2.94721		527.066		6.96785e+06		527.533		
00:00:45:049		1.54379e+07		0.107071		2.94652		527.073		6.96784e+06		527.534		
00:00:44:950		1.54379e+07		0.107224		2.94618		527.077		6.96784e+06		527.535		
00:00:44:850		1.5438e+07		0.107377		2.94593		527.082		6.96783e+06		527.536		
00:00:44:750		1.54381e+07		0.10753		2.94563		527.088		6.96782e+06		527.537		
00:00:44:649		1.54382e+07		0.107683		2.94538		527.094		6.96781e+06		527.537		
00:00:44:549		1.54382e+07		0.107837		2.94488		527.097		6.96781e+06		527.538		
00:00:44:450		1.54383e+07		0.10799		2.94466		527.103		6.9678e+06		527.538		
00:00:44:350		1.54384e+07		0.108143		2.94424		527.108		6.96779e+06		527.539		
00:00:44:250		1.54384e+07		0.108296		2.94386		527.114		6.96779e+06		527.539		
00:00:44:149		1.54385e+07		0.108449		2.94357		527.118		6.96778e+06		527.539		
00:00:44:049		1.54386e+07		0.108603		2.94327		527.123		6.96777e+06		527.54		
00:00:43:950		1.54386e+07		0.108757		2.94293		527.129		6.96777e+06		527.542		
00:00:43:850		1.54387e+07		0.10891		2.94243		527.132		6.96776e+06		527.543		
00:00:43:750		1.54388e+07		0.109064		2.94222		527.138		6.96775e+06		527.543		
00:00:43:649		1.54389e+07		0.109217		2.94197		527.143		6.96775e+06		527.544		
00:00:43:549		1.54389e+07		0.109371		2.94155		527.149		6.96774e+06		527.545		
00:00:43:450		1.5439e+07		0.109524		2.94125		527.155		6.96773e+06		527.545		
00:00:43:350		1.54391e+07		0.109678		2.94075		527.16		6.96773e+06		527.537		
00:00:43:250		1.54391e+07		0.109832		2.94045		527.166		6.96772e+06		527.547		
00:00:43:149		1.54392e+07		0.109985		2.94024		527.171		6.96771e+06		527.548		
00:00:43:049		1.54393e+07		0.110139		2.93982		527.177		6.96771e+06		527.548		
00:00:42:950		1.54393e+07		0.110293		2.93957		527.182		6.9677e+06		527.549		
00:00:42:850		1.54394e+07		0.110447		2.93923		527.188		6.96769e+06		527.55		
00:00:42:750		1.54395e+07		0.110601		2.93885		527.193		6.96769e+06		527.542		
00:00:42:549		1.54396e+07		0.110909		2.93831		527.205		6.96767e+06		527.552		
00:00:42:549		1.54396e+07		0.110909		2.93831		527.205		6.96767e+06		527.552		
00:00:42:450		1.54397e+07		0.111063		2.93792		527.21		6.96767e+06		527.552		
00:00:42:350		1.54398e+07		0.111217		2.93755		527.216		6.96766e+06		527.551		
00:00:42:250		1.54398e+07		0.111371		2.93721		527.221		6.96765e+06		527.549		
00:00:42:100		1.54399e+07		0.111602		2.93677		527.229		6.96765e+06		527.555		
00:00:42:000		1.544e+07		0.111756		2.93643		527.236		6.96764e+06		527.555		
00:00:41:899		1.54401e+07		0.11191		2.93609		527.242		6.96763e+06		527.555		
00:00:41:799		1.54402e+07		0.112064		2.93567		527.247		6.96763e+06		527.556		
00:00:41:700		1.54402e+07		0.112219		2.93535		527.253		6.96762e+06		527.556		
00:00:41:600		1.54403e+07		0.112373		2.9351		527.258		6.96761e+06		527.555		
00:00:41:549		1.54403e+07		0.11245		2.93503		527.26		6.96761e+06		527.553		
00:00:41:450		1.54404e+07		0.112605		2.93465		527.267		6.9676e+06		527.548		
00:00:41:350		1.54405e+07		0.112759		2.93427		527.273		6.9676e+06		527.559		
00:00:41:250		1.54405e+07		0.112913		2.93389		527.279		6.96759e+06		527.559		
00:00:41:149		1.54406e+07		0.113067		2.93351		527.284		6.96759e+06		527.559		
00:00:41:049		1.54407e+07		0.113222		2.9333		527.29		6.96758e+06		527.56		
00:00:40:950		1.54408e+07		0.113376		2.933		527.295		6.96757e+06		527.559		
00:00:40:799		1.54409e+07		0.113608		2.93244		527.304		6.96756e+06		527.555		
00:00:40:700		1.54409e+07		0.113763		2.93214		527.31		6.96756e+06		527.562		
00:00:40:600		1.5441e+07		0.113917		2.93176		527.316		6.96755e+06		527.562		
00:00:40:500		1.54411e+07		0.114072		2.93142		527.321		6.96755e+06		527.563		
00:00:40:399		1.54412e+07		0.114226		2.93117		527.327		6.96754e+06		527.564		
00:00:40:299		1.54412e+07		0.114381		2.93079		527.332		6.96753e+06		527.563		
00:00:40:200		1.54413e+07		0.114536		2.93054		527.338		6.96753e+06		527.556		
00:00:40:100		1.54414e+07		0.11469		2.9302		527.345		6.96752e+06		527.565		
00:00:40:100		1.54414e+07		0.11469		2.9302		527.345		6.96752e+06		527.565		
00:00:40:000		1.54414e+07		0.114845		2.92987		527.351		6.96752e+06		527.564		
00:00:39:899		1.54415e+07		0.115		2.92953		527.356		6.96751e+06		527.565		
00:00:39:700		1.54417e+07		0.11531		2.92885		527.369		6.9675e+06		527.566		
00:00:39:600		1.54417e+07		0.115465		2.9286		527.377		6.96749e+06		527.567		
00:00:39:500		1.54418e+07		0.11562		2.92818		527.382		6.96749e+06		527.567		
00:00:39:500		1.54418e+07		0.11562		2.92818		527.382		6.96749e+06		527.567		
00:00:39:399		1.54419e+07		0.115774		2.92801		527.39		6.96748e+06		527.567		
00:00:39:200		1.5442e+07		0.116084		2.92721		527.403		6.96747e+06		527.567		
00:00:39:100		1.54421e+07		0.116239		2.92695		527.408		6.96746e+06		527.567		
00:00:39:000		1.54422e+07		0.116395		2.92653		527.415		6.96746e+06		527.566		
00:00:38:899		1.54422e+07		0.116549		2.92624		527.421		6.96745e+06		527.565		
00:00:38:799		1.54423e+07		0.116704		2.92603		527.428		6.96745e+06		527.567		
00:00:38:600		1.54425e+07		0.117014		2.92532		527.441		6.96743e+06		527.569		
00:00:38:450		1.54426e+07		0.117247		2.92484		527.451		6.96743e+06		527.569		
00:00:38:450		1.54426e+07		0.117247		2.92484		527.451		6.96743e+06		527.569		
00:00:38:450		1.54426e+07		0.117247		2.92484		527.451		6.96743e+06		527.569		
00:00:38:399		1.54426e+07		0.117324		2.92478		527.454		6.96742e+06		527.569		
00:00:38:250		1.54427e+07		0.117558		2.92433		527.464		6.96741e+06		527.569		
00:00:38:200		1.54427e+07		0.117635		2.92418		527.467		6.96741e+06		527.57		
00:00:38:100		1.54428e+07		0.11779		2.92376		527.473		6.96741e+06		527.57		
00:00:37:950		1.54429e+07		0.118023		2.92336		527.484		6.9674e+06		527.569		
00:00:37:850		1.5443e+07		0.118178		2.92306		527.489		6.96739e+06		527.568		
00:00:37:799		1.5443e+07		0.118256		2.92291		527.493		6.96739e+06		527.58		
00:00:37:549		1.54432e+07		0.118644		2.92201		527.51		6.96737e+06		527.591		
00:00:37:549		1.54432e+07		0.118644		2.92201		527.51		6.96737e+06		527.591		
00:00:37:450		1.54433e+07		0.118799		2.92171		527.515		6.96737e+06		527.572		
00:00:37:399		1.54433e+07		0.118877		2.92156		527.519		6.96737e+06		527.571		
00:00:37:299		1.54434e+07		0.119032		2.92131		527.526		6.96736e+06		527.571		
00:00:37:200		1.54435e+07		0.119188		2.92101		527.532		6.96736e+06		527.572		
00:00:37:049		1.54436e+07		0.119421		2.9204		527.541		6.96735e+06		527.571		
00:00:36:950		1.54437e+07		0.119576		2.92006		527.549		6.96734e+06		527.571		
00:00:36:850		1.54437e+07		0.119732		2.91981		527.554		6.96734e+06		527.571		
00:00:36:750		1.54438e+07		0.119887		2.91947		527.562		6.96733e+06		527.571		
00:00:36:649		1.54439e+07		0.120043		2.91918		527.567		6.96733e+06		527.572		
00:00:36:549		1.5444e+07		0.120198		2.91901		527.574		6.96732e+06		527.572		
00:00:36:450		1.5444e+07		0.120353		2.91863		527.58		6.96731e+06		527.571		
00:00:36:350		1.54441e+07		0.120509		2.91833		527.587		6.96731e+06		527.569		
00:00:36:250		1.54442e+07		0.120664		2.918		527.595		6.9673e+06		527.572		
00:00:36:149		1.54443e+07		0.12082		2.9177		527.6		6.9673e+06		527.571		
00:00:36:049		1.54443e+07		0.120975		2.91745		527.608		6.96729e+06		527.571		
00:00:35:950		1.54444e+07		0.121131		2.91707		527.613		6.96729e+06		527.571		
00:00:35:850		1.54445e+07		0.121286		2.91677		527.621		6.96728e+06		527.571		
00:00:35:750		1.54446e+07		0.121442		2.91648		527.628		6.96728e+06		527.571		
00:00:35:649		1.54446e+07		0.121598		2.91609		527.634		6.96727e+06		527.57		
00:00:35:549		1.54447e+07		0.121753		2.91588		527.639		6.96727e+06		527.57		
00:00:35:450		1.54448e+07		0.121909		2.91546		527.647		6.96726e+06		527.569		
00:00:35:350		1.54449e+07		0.122064		2.91535		527.654		6.96726e+06		527.571		
00:00:35:250		1.54449e+07		0.12222		2.91489		527.66		6.96725e+06		527.57		
00:00:35:149		1.5445e+07		0.122375		2.91459		527.667		6.96725e+06		527.57		
00:00:35:049		1.54451e+07		0.122531		2.91433		527.674		6.96724e+06		527.568		
00:00:34:950		1.54451e+07		0.122686		2.91412		527.68		6.96724e+06		527.57		
00:00:34:850		1.54452e+07		0.122842		2.91374		527.687		6.96723e+06		527.571		
00:00:34:750		1.54453e+07		0.122998		2.9134		527.695		6.96723e+06		527.57		
00:00:34:649		1.54454e+07		0.123154		2.91302		527.702		6.96722e+06		527.569		
00:00:34:549		1.54454e+07		0.123309		2.91268		527.708		6.96722e+06		527.568		
00:00:34:450		1.54455e+07		0.123465		2.91247		527.715		6.96721e+06		527.567		
00:00:34:350		1.54456e+07		0.123621		2.91222		527.721		6.9672e+06		527.561		
00:00:34:250		1.54457e+07		0.123776		2.91192		527.728		6.9672e+06		527.567		
00:00:34:149		1.54457e+07		0.123932		2.91163		527.735		6.96719e+06		527.569		
00:00:34:000		1.54459e+07		0.124165		2.91114		527.746		6.96719e+06		527.569		
00:00:33:899		1.54459e+07		0.124321		2.91085		527.754		6.96718e+06		527.569		
00:00:33:799		1.5446e+07		0.124476		2.91055		527.759		6.96718e+06		527.568		
00:00:33:700		1.54461e+07		0.124631		2.91034		527.767		6.96717e+06		527.568		
00:00:33:600		1.54462e+07		0.124787		2.90996		527.774		6.96717e+06		527.568		
00:00:33:500		1.54462e+07		0.124943		2.90958		527.78		6.96716e+06		527.567		
00:00:33:399		1.54463e+07		0.125099		2.90937		527.787		6.96716e+06		527.567		
00:00:33:299		1.54464e+07		0.125254		2.90907		527.794		6.96715e+06		527.566		
00:00:33:200		1.54465e+07		0.12541		2.90882		527.802		6.96715e+06		527.566		
00:00:33:100		1.54465e+07		0.125565		2.90844		527.807		6.96714e+06		527.565		
00:00:33:000		1.54466e+07		0.125721		2.90814		527.815		6.96714e+06		527.564		
00:00:32:899		1.54467e+07		0.125876		2.90785		527.822		6.96713e+06		527.558		
00:00:32:799		1.54468e+07		0.126032		2.90759		527.83		6.96713e+06		527.564		
00:00:32:700		1.54468e+07		0.126187		2.90725		527.837		6.96712e+06		527.563		
00:00:32:700		1.54468e+07		0.126187		2.90725		527.837		6.96712e+06		527.563		
00:00:32:500		1.5447e+07		0.126499		2.90662		527.85		6.96711e+06		527.563		
00:00:32:500		1.5447e+07		0.126499		2.90662		527.85		6.96711e+06		527.563		
00:00:32:399		1.54471e+07		0.126654		2.90641		527.859		6.96711e+06		527.563		
00:00:32:299		1.54471e+07		0.12681		2.90603		527.865		6.9671e+06		527.561		
00:00:32:200		1.54472e+07		0.126966		2.90577		527.872		6.9671e+06		527.554		
00:00:32:100		1.54473e+07		0.127121		2.90548		527.879		6.96709e+06		527.56		
00:00:32:000		1.54474e+07		0.127276		2.90516		527.887		6.96709e+06		527.558		
00:00:31:899		1.54475e+07		0.127432		2.90499		527.892		6.96708e+06		527.554		
00:00:31:800		1.54475e+07		0.127587		2.90457		527.9		6.96708e+06		527.576		
00:00:31:699		1.54476e+07		0.127743		2.90444		527.907		6.96707e+06		527.553		
00:00:31:500		1.54478e+07		0.128054		2.90371		527.922		6.96706e+06		527.553		
00:00:31:500		1.54478e+07		0.128054		2.90371		527.922		6.96706e+06		527.553		
00:00:31:399		1.54478e+07		0.128209		2.90354		527.929		6.96706e+06		527.57		
00:00:31:300		1.54479e+07		0.128364		2.90321		527.937		6.96705e+06		527.548		
00:00:31:199		1.5448e+07		0.12852		2.90295		527.944		6.96705e+06		527.558		
00:00:31:050		1.54481e+07		0.128753		2.90242		527.955		6.96704e+06		527.556		
00:00:30:949		1.54482e+07		0.128908		2.90209		527.963		6.96704e+06		527.554		
00:00:30:850		1.54483e+07		0.129064		2.90188		527.97		6.96703e+06		527.547		
00:00:30:750		1.54483e+07		0.129219		2.90158		527.977		6.96703e+06		527.554		
00:00:30:550		1.54485e+07		0.129529		2.90103		527.992		6.96702e+06		527.547		
00:00:30:449		1.54486e+07		0.129684		2.90074		528		6.96701e+06		527.554		
00:00:30:449		1.54486e+07		0.129684		2.90074		528		6.96701e+06		527.554		
00:00:30:350		1.54486e+07		0.129839		2.9004		528.007		6.96701e+06		527.552		
00:00:30:250		1.54487e+07		0.129994		2.90019		528.014		6.967e+06		527.559		
00:00:30:149		1.54488e+07		0.13015		2.89976		528.022		6.967e+06		527.541		
00:00:30:050		1.54489e+07		0.130305		2.89964		528.029		6.96699e+06		527.55		
00:00:29:949		1.54489e+07		0.13046		2.89934		528.036		6.96699e+06		527.549		
00:00:29:850		1.5449e+07		0.130615		2.89905		528.044		6.96698e+06		527.548		
00:00:29:750		1.54491e+07		0.13077		2.89871		528.051		6.96698e+06		527.549		
00:00:29:649		1.54492e+07		0.130925		2.89832		528.06		6.96698e+06		527.549		
00:00:29:550		1.54493e+07		0.13108		2.8982		528.066		6.96697e+06		527.548		
00:00:29:449		1.54493e+07		0.131235		2.89799		528.073		6.96697e+06		527.546		
00:00:29:350		1.54494e+07		0.13139		2.89761		528.083		6.96696e+06		527.545		
00:00:29:250		1.54495e+07		0.131544		2.8974		528.09		6.96696e+06		527.544		
00:00:29:149		1.54496e+07		0.131699		2.89703		528.097		6.96695e+06		527.544		
00:00:29:000		1.54497e+07		0.131931		2.89655		528.109		6.96695e+06		527.542		
00:00:28:899		1.54498e+07		0.132086		2.89646		528.116		6.96694e+06		527.541		
00:00:28:800		1.54498e+07		0.13224		2.89604		528.123		6.96694e+06		527.54		
00:00:28:699		1.54499e+07		0.132395		2.89583		528.131		6.96693e+06		527.533		
00:00:28:600		1.545e+07		0.13255		2.89553		528.14		6.96693e+06		527.539		
00:00:28:500		1.54501e+07		0.132704		2.89519		528.147		6.96692e+06		527.538		
00:00:28:399		1.54502e+07		0.132859		2.89507		528.155		6.96692e+06		527.537		
00:00:28:300		1.54502e+07		0.133013		2.89477		528.162		6.96691e+06		527.536		
00:00:28:199		1.54503e+07		0.133167		2.89451		528.169		6.96691e+06		527.534		
00:00:28:100		1.54504e+07		0.133322		2.89422		528.177		6.9669e+06		527.533		
00:00:28:000		1.54505e+07		0.133476		2.89392		528.184		6.9669e+06		527.538		
00:00:27:949		1.54505e+07		0.133554		2.89377		528.188		6.9669e+06		527.532		
00:00:27:800		1.54506e+07		0.133785		2.89341		528.199		6.96689e+06		527.533		
00:00:27:699		1.54507e+07		0.133939		2.89316		528.208		6.96689e+06		527.532		
00:00:27:600		1.54508e+07		0.134093		2.89282		528.216		6.96688e+06		527.53		
00:00:27:500		1.54509e+07		0.134247		2.89257		528.223		6.96688e+06		527.529		
00:00:27:500		1.54509e+07		0.134247		2.89257		528.223		6.96688e+06		527.529		
00:00:27:399		1.54509e+07		0.134401		2.89223		528.232		6.96687e+06		527.528		
00:00:27:300		1.5451e+07		0.134555		2.89206		528.24		6.96687e+06		527.527		
00:00:27:100		1.54512e+07		0.134863		2.89143		528.256		6.96686e+06		527.524		
00:00:27:100		1.54512e+07		0.134863		2.89143		528.256		6.96686e+06		527.524		
00:00:27:000		1.54512e+07		0.135016		2.89122		528.264		6.96685e+06		527.523		
00:00:26:899		1.54513e+07		0.13517		2.89096		528.271		6.96685e+06		527.522		
00:00:26:800		1.54514e+07		0.135324		2.89075		528.278		6.96684e+06		527.52		
00:00:26:699		1.54515e+07		0.135478		2.89037		528.288		6.96684e+06		527.512		
00:00:26:500		1.54516e+07		0.135785		2.88987		528.302		6.96683e+06		527.518		
00:00:26:500		1.54516e+07		0.135785		2.88987		528.302		6.96683e+06		527.518		
00:00:26:399		1.54517e+07		0.135939		2.88961		528.312		6.96683e+06		527.517		
00:00:26:300		1.54518e+07		0.136092		2.8894		528.319		6.96682e+06		527.516		
00:00:26:149		1.54519e+07		0.136322		2.88909		528.33		6.96681e+06		527.514		
00:00:26:050		1.5452e+07		0.136475		2.88875		528.339		6.96681e+06		527.513		
00:00:25:949		1.54521e+07		0.136629		2.88849		528.347		6.9668e+06		527.512		
00:00:25:850		1.54522e+07		0.136782		2.88815		528.354		6.9668e+06		527.511		
00:00:25:750		1.54522e+07		0.136934		2.88799		528.363		6.9668e+06		527.51		
00:00:25:550		1.54524e+07		0.13724		2.88744		528.378		6.96679e+06		527.516		
00:00:25:449		1.54525e+07		0.137394		2.88719		528.385		6.96678e+06		527.507		
00:00:25:449		1.54525e+07		0.137394		2.88719		528.385		6.96678e+06		527.507		
00:00:25:350		1.54526e+07		0.137547		2.88689		528.395		6.96678e+06		527.505		
00:00:25:250		1.54526e+07		0.137699		2.88664		528.402		6.96677e+06		527.504		
00:00:25:149		1.54527e+07		0.137852		2.88643		528.411		6.96677e+06		527.502		
00:00:25:050		1.54528e+07		0.138005		2.88613		528.419		6.96676e+06		527.501		
00:00:25:000		1.54528e+07		0.138081		2.88598		528.424		6.96676e+06		527.501		
00:00:24:899		1.54529e+07		0.138234		2.88577		528.432		6.96676e+06		527.499		
00:00:24:750		1.5453e+07		0.138462		2.88528		528.445		6.96675e+06		527.497		
00:00:24:550		1.54532e+07		0.138767		2.8849		528.459		6.96674e+06		527.494		
00:00:24:550		1.54532e+07		0.138767		2.8849		528.459		6.96674e+06		527.494		
00:00:24:449		1.54533e+07		0.138919		2.88461		528.469		6.96674e+06		527.491		
00:00:24:350		1.54533e+07		0.139071		2.88431		528.478		6.96673e+06		527.49		
00:00:24:250		1.54534e+07		0.139223		2.88415		528.485		6.96673e+06		527.488		
00:00:24:149		1.54535e+07		0.139375		2.88385		528.493		6.96672e+06		527.487		
00:00:24:050		1.54536e+07		0.139527		2.88364		528.5		6.96672e+06		527.485		
00:00:23:949		1.54537e+07		0.139679		2.88343		528.509		6.96671e+06		527.478		
00:00:23:850		1.54537e+07		0.139831		2.88309		528.518		6.96671e+06		527.484		
00:00:23:750		1.54538e+07		0.139983		2.88292		528.526		6.9667e+06		527.483		
00:00:23:649		1.54539e+07		0.140134		2.88263		528.535		6.9667e+06		527.48		
00:00:23:550		1.5454e+07		0.140285		2.88237		528.542		6.96669e+06		527.479		
00:00:23:449		1.54541e+07		0.140437		2.88212		528.552		6.96669e+06		527.477		
00:00:23:300		1.54542e+07		0.140665		2.8818		528.565		6.96668e+06		527.475		
00:00:23:199		1.54543e+07		0.140816		2.88159		528.572		6.96668e+06		527.473		
00:00:23:100		1.54544e+07		0.140967		2.8813		528.581		6.96667e+06		527.47		
00:00:23:000		1.54544e+07		0.141118		2.88096		528.589		6.96667e+06		527.469		
00:00:22:899		1.54545e+07		0.141269		2.88083		528.598		6.96666e+06		527.483		
00:00:22:800		1.54546e+07		0.14142		2.88058		528.605		6.96666e+06		527.466		
00:00:22:699		1.54547e+07		0.141571		2.88028		528.614		6.96665e+06		527.464		
00:00:22:600		1.54548e+07		0.141722		2.87999		528.622		6.96665e+06		527.462		
00:00:22:500		1.54548e+07		0.141873		2.87982		528.631		6.96664e+06		527.46		
00:00:22:399		1.54549e+07		0.142024		2.87952		528.638		6.96664e+06		527.458		
00:00:22:300		1.5455e+07		0.142174		2.87931		528.648		6.96663e+06		527.455		
00:00:22:199		1.54551e+07		0.142325		2.8791		528.655		6.96663e+06		527.453		
00:00:22:199		1.54551e+07		0.142325		2.8791		528.655		6.96663e+06		527.453		
00:00:22:100		1.54552e+07		0.142475		2.87881		528.664		6.96662e+06		527.445		
00:00:21:899		1.54553e+07		0.142776		2.87839		528.681		6.96661e+06		527.45		
00:00:21:800		1.54554e+07		0.142927		2.87813		528.69		6.96661e+06		527.448		
00:00:21:699		1.54555e+07		0.143077		2.87788		528.697		6.9666e+06		527.445		
00:00:21:600		1.54556e+07		0.143227		2.87767		528.707		6.9666e+06		527.443		
00:00:21:500		1.54556e+07		0.143377		2.87737		528.714		6.96659e+06		527.44		
00:00:21:399		1.54557e+07		0.143527		2.87716		528.723		6.96658e+06		527.44		
00:00:21:399		1.54557e+07		0.143527		2.87716		528.723		6.96658e+06		527.44		
00:00:21:300		1.54558e+07		0.143677		2.87691		528.732		6.96658e+06		527.44		
00:00:21:199		1.54559e+07		0.143826		2.87674		528.74		6.96657e+06		527.439		
00:00:21:100		1.5456e+07		0.143976		2.87645		528.749		6.96657e+06		527.437		
00:00:21:000		1.54561e+07		0.144126		2.87611		528.758		6.96656e+06		527.436		
00:00:20:899		1.54561e+07		0.144275		2.87594		528.766		6.96656e+06		527.433		
00:00:20:800		1.54562e+07		0.144425		2.87573		528.775		6.96655e+06		527.43		
00:00:20:600		1.54564e+07		0.144724		2.87522		528.791		6.96654e+06		527.428		
00:00:20:449		1.54565e+07		0.144948		2.87482		528.804		6.96653e+06		527.426		
00:00:20:449		1.54565e+07		0.144948		2.87482		528.804		6.96653e+06		527.426		
00:00:20:350		1.54566e+07		0.145097		2.87453		528.814		6.96653e+06		527.423		
00:00:20:250		1.54567e+07		0.145246		2.8744		528.821		6.96652e+06		527.42		
00:00:20:149		1.54568e+07		0.145395		2.87411		528.83		6.96652e+06		527.411		
00:00:20:050		1.54568e+07		0.145545		2.87381		528.838		6.96651e+06		527.433		
00:00:19:949		1.54569e+07		0.145693		2.87365		528.847		6.96651e+06		527.407		
00:00:19:850		1.5457e+07		0.145842		2.87339		528.854		6.9665e+06		527.415		
00:00:19:750		1.54571e+07		0.14599		2.87323		528.863		6.96649e+06		527.412		
00:00:19:550		1.54572e+07		0.146288		2.87272		528.88		6.96648e+06		527.413		
00:00:19:449		1.54573e+07		0.146436		2.87238		528.889		6.96648e+06		527.413		
00:00:19:449		1.54573e+07		0.146436		2.87238		528.889		6.96648e+06		527.413		
00:00:19:350		1.54574e+07		0.146585		2.87217		528.897		6.96647e+06		527.423		
00:00:19:250		1.54575e+07		0.146733		2.872		528.906		6.96647e+06		527.406		
00:00:19:149		1.54576e+07		0.146882		2.87175		528.915		6.96646e+06		527.404		
00:00:19:050		1.54577e+07		0.147029		2.87154		528.922		6.96646e+06		527.402		
00:00:18:949		1.54577e+07		0.147178		2.87129		528.932		6.96645e+06		527.402		
00:00:18:850		1.54578e+07		0.147326		2.87108		528.939		6.96644e+06		527.401		
00:00:18:750		1.54579e+07		0.147474		2.87083		528.948		6.96644e+06		527.399		
00:00:18:649		1.5458e+07		0.147622		2.87053		528.956		6.96643e+06		527.397		
00:00:18:550		1.54581e+07		0.147769		2.87032		528.965		6.96643e+06		527.394		
00:00:18:449		1.54582e+07		0.147917		2.87011		528.974		6.96642e+06		527.386		
00:00:18:350		1.54583e+07		0.148065		2.86995		528.981		6.96641e+06		527.391		
00:00:18:199		1.54584e+07		0.148286		2.86959		528.996		6.96641e+06		527.391		
00:00:18:100		1.54585e+07		0.148433		2.86925		529.005		6.9664e+06		527.389		
00:00:18:050		1.54585e+07		0.148507		2.86919		529.009		6.9664e+06		527.389		
00:00:17:899		1.54586e+07		0.148728		2.86879		529.022		6.96639e+06		527.386		
00:00:17:800		1.54587e+07		0.148875		2.86858		529.029		6.96638e+06		527.385		
00:00:17:699		1.54588e+07		0.149023		2.86837		529.039		6.96637e+06		527.382		
00:00:17:600		1.54589e+07		0.149169		2.86807		529.046		6.96637e+06		527.381		
00:00:17:500		1.5459e+07		0.149316		2.86782		529.055		6.96636e+06		527.379		
00:00:17:399		1.54591e+07		0.149464		2.86766		529.063		6.96636e+06		527.371		
00:00:17:300		1.54591e+07		0.14961		2.8674		529.07		6.96635e+06		527.383		
00:00:17:199		1.54592e+07		0.149756		2.86706		529.077		6.96634e+06		527.365		
00:00:17:100		1.54593e+07		0.149904		2.86686		529.087		6.96634e+06		527.371		
00:00:17:100		1.54593e+07		0.149904		2.86686		529.087		6.96634e+06		527.371		
00:00:17:000		1.54594e+07		0.15005		2.8666		529.094		6.96633e+06		527.372		
00:00:16:899		1.54595e+07		0.150197		2.86639		529.103		6.96633e+06		527.362		
00:00:16:800		1.54596e+07		0.150343		2.86614		529.111		6.96632e+06		527.37		
00:00:16:600		1.54597e+07		0.150636		2.86573		529.127		6.96631e+06		527.367		
00:00:16:500		1.54598e+07		0.150782		2.86534		529.136		6.9663e+06		527.366		
00:00:16:399		1.54599e+07		0.150928		2.86518		529.144		6.96629e+06		527.366		
00:00:16:399		1.54599e+07		0.150928		2.86518		529.144		6.96629e+06		527.366		
00:00:16:300		1.546e+07		0.151074		2.86497		529.151		6.96629e+06		527.371		
00:00:16:100		1.54602e+07		0.151365		2.86455		529.168		6.96628e+06		527.36		
00:00:16:000		1.54603e+07		0.151511		2.86417		529.177		6.96627e+06		527.359		
00:00:15:900		1.54603e+07		0.151657		2.86392		529.184		6.96626e+06		527.356		
00:00:15:800		1.54604e+07		0.151803		2.8638		529.193		6.96626e+06		527.361		
00:00:15:699		1.54605e+07		0.151948		2.86355		529.203		6.96625e+06		527.355		
00:00:15:599		1.54606e+07		0.152093		2.8633		529.21		6.96624e+06		527.353		
00:00:15:500		1.54607e+07		0.152239		2.86309		529.219		6.96624e+06		527.346		
00:00:15:500		1.54607e+07		0.152239		2.86309		529.219		6.96624e+06		527.346		
00:00:15:400		1.54608e+07		0.152384		2.86297		529.227		6.96623e+06		527.353		
00:00:15:300		1.54609e+07		0.152529		2.86267		529.236		6.96622e+06		527.352		
00:00:15:150		1.5461e+07		0.152747		2.86215		529.249		6.96621e+06		527.349		
00:00:15:050		1.54611e+07		0.152892		2.86194		529.258		6.96621e+06		527.348		
00:00:14:849		1.54613e+07		0.153182		2.86161		529.275		6.96619e+06		527.346		
00:00:14:849		1.54613e+07		0.153182		2.86161		529.275		6.96619e+06		527.346		
00:00:14:750		1.54614e+07		0.153327		2.86127		529.282		6.96619e+06		527.344		
00:00:14:650		1.54615e+07		0.153471		2.86106		529.291		6.96618e+06		527.343		
00:00:14:449		1.54616e+07		0.15376		2.86069		529.308		6.96617e+06		527.335		
00:00:14:449		1.54616e+07		0.15376		2.86069		529.308		6.96617e+06		527.335		
00:00:14:349		1.54617e+07		0.153904		2.86053		529.317		6.96616e+06		527.341		
00:00:14:250		1.54618e+07		0.154048		2.86023		529.324		6.96615e+06		527.339		
00:00:14:150		1.54619e+07		0.154192		2.85985		529.334		6.96615e+06		527.339		
00:00:14:050		1.5462e+07		0.154337		2.85978		529.343		6.96614e+06		527.337		
00:00:13:949		1.54621e+07		0.154481		2.85949		529.35		6.96613e+06		527.336		
00:00:13:849		1.54622e+07		0.154625		2.85932		529.357		6.96613e+06		527.334		
00:00:13:750		1.54623e+07		0.154769		2.85907		529.367		6.96612e+06		527.331		
00:00:13:650		1.54624e+07		0.154912		2.85887		529.376		6.96611e+06		527.325		
00:00:13:449		1.54625e+07		0.1552		2.85845		529.393		6.9661e+06		527.329		
00:00:13:449		1.54625e+07		0.1552		2.85845		529.393		6.9661e+06		527.329		
00:00:13:349		1.54626e+07		0.155344		2.8582		529.4		6.96609e+06		527.322		
00:00:13:250		1.54627e+07		0.155487		2.858		529.409		6.96609e+06		527.328		
00:00:13:150		1.54628e+07		0.15563		2.8577		529.418		6.96608e+06		527.326		
00:00:13:050		1.54629e+07		0.155774		2.85754		529.426		6.96607e+06		527.324		
00:00:12:949		1.5463e+07		0.155917		2.8572		529.435		6.96606e+06		527.318		
00:00:12:849		1.54631e+07		0.15606		2.85713		529.442		6.96606e+06		527.325		
00:00:12:750		1.54632e+07		0.156203		2.85688		529.451		6.96605e+06		527.324		
00:00:12:550		1.54634e+07		0.156489		2.85647		529.468		6.96604e+06		527.321		
00:00:12:449		1.54635e+07		0.156632		2.85613		529.475		6.96603e+06		527.32		
00:00:12:449		1.54635e+07		0.156632		2.85613		529.475		6.96603e+06		527.32		
00:00:12:349		1.54635e+07		0.156775		2.85597		529.485		6.96602e+06		527.318		
00:00:12:250		1.54636e+07		0.156917		2.85581		529.492		6.96602e+06		527.312		
00:00:12:150		1.54637e+07		0.157061		2.85556		529.499		6.96601e+06		527.318		
00:00:12:050		1.54638e+07		0.157203		2.8554		529.509		6.966e+06		527.317		
00:00:11:949		1.54639e+07		0.157345		2.85511		529.516		6.96599e+06		527.316		
00:00:11:849		1.5464e+07		0.157488		2.8549		529.525		6.96599e+06		527.315		
00:00:11:750		1.54641e+07		0.15763		2.8547		529.533		6.96598e+06		527.314		
00:00:11:550		1.54643e+07		0.157915		2.8542		529.549		6.96597e+06		527.306		
00:00:11:449		1.54644e+07		0.158057		2.85391		529.558		6.96596e+06		527.312		
00:00:11:449		1.54644e+07		0.158057		2.85391		529.558		6.96596e+06		527.312		
00:00:11:349		1.54645e+07		0.1582		2.85375		529.566		6.96595e+06		527.312		
00:00:11:199		1.54646e+07		0.158413		2.85362		529.579		6.96594e+06		527.309		
00:00:11:150		1.54647e+07		0.158484		2.85347		529.582		6.96594e+06		527.309		
00:00:11:050		1.54648e+07		0.158627		2.85318		529.591		6.96593e+06		527.308		
00:00:10:949		1.54649e+07		0.158769		2.85289		529.599		6.96592e+06		527.307		
00:00:10:849		1.5465e+07		0.158911		2.85282		529.606		6.96592e+06		527.307		
00:00:10:699		1.54651e+07		0.159124		2.85247		529.617		6.9659e+06		527.303		
00:00:10:599		1.54652e+07		0.159266		2.85231		529.625		6.9659e+06		527.295		
00:00:10:500		1.54653e+07		0.159409		2.85197		529.632		6.96589e+06		527.301		
00:00:10:400		1.54654e+07		0.159551		2.85177		529.639		6.96588e+06		527.294		
00:00:10:300		1.54655e+07		0.159693		2.8517		529.649		6.96587e+06		527.295		
00:00:10:199		1.54656e+07		0.159835		2.8515		529.656		6.96587e+06		527.314		
00:00:10:099		1.54657e+07		0.159977		2.8513		529.663		6.96586e+06		527.302		
00:00:10:000		1.54658e+07		0.16012		2.851		529.671		6.96585e+06		527.301		
00:00:09:900		1.54659e+07		0.160262		2.85076		529.678		6.96584e+06		527.299		
00:00:09:800		1.5466e+07		0.160404		2.8506		529.685		6.96584e+06		527.298		
00:00:09:699		1.54661e+07		0.160546		2.85044		529.693		6.96583e+06		527.296		
00:00:09:599		1.54662e+07		0.160688		2.85029		529.702		6.96582e+06		527.298		
00:00:09:500		1.54663e+07		0.160831		2.85004		529.709		6.96581e+06		527.297		
00:00:09:400		1.54664e+07		0.160973		2.84984		529.717		6.96581e+06		527.296		
00:00:09:300		1.54665e+07		0.161116		2.84968		529.724		6.9658e+06		527.295		
00:00:09:199		1.54666e+07		0.161258		2.84948		529.733		6.96579e+06		527.293		
00:00:09:099		1.54667e+07		0.161401		2.84928		529.741		6.96578e+06		527.292		
00:00:09:000		1.54668e+07		0.161543		2.84908		529.748		6.96578e+06		527.293		
00:00:08:900		1.54669e+07		0.161685		2.84871		529.755		6.96577e+06		527.292		
00:00:08:800		1.5467e+07		0.161829		2.84868		529.763		6.96576e+06		527.291		
00:00:08:800		1.5467e+07		0.161829		2.84868		529.763		6.96576e+06		527.291		
00:00:08:699		1.54671e+07		0.161972		2.84848		529.77		6.96575e+06		527.29		
00:00:08:500		1.54673e+07		0.162258		2.84804		529.783		6.96574e+06		527.29		
00:00:08:500		1.54673e+07		0.162258		2.84804		529.783		6.96574e+06		527.29		
00:00:08:400		1.54674e+07		0.162401		2.84793		529.79		6.96573e+06		527.29		
00:00:08:300		1.54675e+07		0.162544		2.84773		529.798		6.96572e+06		527.289		
00:00:08:199		1.54676e+07		0.162687		2.84745		529.805		6.96571e+06		527.289		
00:00:08:099		1.54678e+07		0.16283		2.84733		529.812		6.9657e+06		527.287		
00:00:08:000		1.54679e+07		0.162974		2.84696		529.82		6.9657e+06		527.287		
00:00:07:900		1.5468e+07		0.163117		2.84699		529.825		6.96569e+06		527.286		
00:00:07:650		1.54682e+07		0.163476		2.84646		529.844		6.96567e+06		527.284		
00:00:07:650		1.54682e+07		0.163476		2.84646		529.844		6.96567e+06		527.284		
00:00:07:450		1.54685e+07		0.163764		2.84611		529.858		6.96565e+06		527.282		
00:00:07:450		1.54685e+07		0.163764		2.84611		529.858		6.96565e+06		527.282		
00:00:07:400		1.54685e+07		0.163836		2.84601		529.862		6.96565e+06		527.28		
00:00:07:200		1.54687e+07		0.164125		2.84571		529.875		6.96563e+06		527.278		
00:00:07:200		1.54687e+07		0.164125		2.84571		529.875		6.96563e+06		527.278		
00:00:07:099		1.54689e+07		0.164269		2.84547		529.882		6.96562e+06		527.276		
00:00:07:000		1.5469e+07		0.164414		2.84519		529.89		6.96561e+06		527.276		
00:00:06:849		1.54691e+07		0.164632		2.84503		529.899		6.9656e+06		527.276		
00:00:06:750		1.54693e+07		0.164777		2.84492		529.906		6.96559e+06		527.274		
00:00:06:650		1.54694e+07		0.164922		2.84473		529.914		6.96558e+06		527.272		
00:00:06:450		1.54696e+07		0.16521		2.84422		529.927		6.96556e+06		527.27		
00:00:06:450		1.54696e+07		0.16521		2.84422		529.927		6.96556e+06		527.27		
00:00:06:349		1.54697e+07		0.165355		2.84417		529.934		6.96555e+06		527.269		
00:00:06:250		1.54698e+07		0.1655		2.84398		529.939		6.96554e+06		527.266		
00:00:06:150		1.547e+07		0.165645		2.84379		529.947		6.96553e+06		527.272		
00:00:06:049		1.54701e+07		0.165791		2.8436		529.952		6.96552e+06		527.252		
00:00:05:950		1.54702e+07		0.165937		2.84341		529.958		6.96552e+06		527.26		
00:00:05:849		1.54703e+07		0.166084		2.84326		529.965		6.96551e+06		527.258		
00:00:05:750		1.54704e+07		0.166232		2.84311		529.971		6.9655e+06		527.254		
00:00:05:650		1.54706e+07		0.166379		2.84292		529.978		6.96549e+06		527.246		
00:00:05:450		1.54708e+07		0.166674		2.84262		529.991		6.96547e+06		527.247		
00:00:05:450		1.54708e+07		0.166674		2.84262		529.991		6.96547e+06		527.247		
00:00:05:349		1.5471e+07		0.16682		2.84243		529.997		6.96546e+06		527.244		
00:00:05:250		1.54711e+07		0.166965		2.84238		530.004		6.96545e+06		527.231		
00:00:05:150		1.54712e+07		0.167109		2.84225		530.009		6.96544e+06		527.247		
00:00:05:049		1.54713e+07		0.167253		2.84195		530.015		6.96543e+06		527.235		
00:00:04:950		1.54715e+07		0.167397		2.84187		530.02		6.96542e+06		527.231		
00:00:04:849		1.54716e+07		0.167542		2.84161		530.028		6.96541e+06		527.227		
00:00:04:750		1.54717e+07		0.167687		2.84152		530.033		6.9654e+06		527.222		
00:00:04:650		1.54718e+07		0.167834		2.84125		530.039		6.96538e+06		527.216		
00:00:04:450		1.54721e+07		0.168134		2.84095		530.05		6.96536e+06		527.203		
00:00:04:450		1.54721e+07		0.168134		2.84095		530.05		6.96536e+06		527.203		
00:00:04:349		1.54722e+07		0.168285		2.84074		530.055		6.96535e+06		527.205		
00:00:04:250		1.54724e+07		0.168437		2.84063		530.061		6.96534e+06		527.199		
00:00:04:150		1.54726e+07		0.168587		2.84047		530.066		6.96533e+06		527.192		
00:00:04:049		1.54727e+07		0.168735		2.84045		530.072		6.96532e+06		527.18		
00:00:03:950		1.54729e+07		0.16888		2.84032		530.078		6.96531e+06		527.182		
00:00:03:850		1.5473e+07		0.169021		2.8402		530.083		6.96529e+06		527.175		
00:00:03:700		1.54732e+07		0.169227		2.84008		530.09		6.96528e+06		527.157		
00:00:03:549		1.54733e+07		0.169431		2.83985		530.098		6.96526e+06		527.156		
00:00:03:450		1.54734e+07		0.169569		2.83959		530.101		6.96524e+06		527.149		
00:00:03:450		1.54734e+07		0.169569		2.83959		530.101		6.96524e+06		527.149		
00:00:03:299		1.54736e+07		0.169784		2.83918		530.109		6.96523e+06		527.136		
00:00:03:250		1.54737e+07		0.169858		2.83909		530.112		6.96522e+06		527.132		
00:00:03:100		1.54739e+07		0.170089		2.83877		530.12		6.9652e+06		527.118		
00:00:03:000		1.54741e+07		0.170248		2.83857		530.124		6.96519e+06		527.104		
00:00:02:899		1.54743e+07		0.170407		2.83844		530.127		6.96517e+06		527.102		
00:00:02:850		1.54744e+07		0.170486		2.83841		530.131		6.96517e+06		527.096		
00:00:02:750		1.54748e+07		0.170714		2.83837		530.136		6.96515e+06		527.075		
00:00:02:549		1.54751e+07		0.17092		2.83847		530.142		6.96513e+06		527.067		
00:00:02:399		1.54753e+07		0.1711		2.83848		530.149		6.96511e+06		527.046		
00:00:02:399		1.54753e+07		0.1711		2.83848		530.149		6.96511e+06		527.046		
00:00:02:299		1.54754e+07		0.171209		2.83842		530.153		6.96509e+06		527.041		
00:00:02:200		1.54754e+07		0.171315		2.83828		530.155		6.96508e+06		527.024		
00:00:02:100		1.54755e+07		0.171423		2.83797		530.159		6.96506e+06		527.019		
00:00:02:000		1.54755e+07		0.171542		2.83757		530.162		6.96505e+06		527.005		
00:00:01:899		1.54756e+07		0.171675		2.837		530.166		6.96503e+06		526.993		
00:00:01:800		1.54758e+07		0.171824		2.83657		530.169		6.96502e+06		526.979		
00:00:01:699		1.54761e+07		0.171989		2.83635		530.171		6.965e+06		526.964		
00:00:01:600		1.54764e+07		0.172163		2.83611		530.175		6.96499e+06		526.942		
00:00:01:500		1.54768e+07		0.172335		2.83584		530.179		6.96497e+06		526.927		
00:00:01:500		1.54768e+07		0.172335		2.83584		530.179		6.96497e+06		526.927		
00:00:01:399		1.54773e+07		0.172495		2.83578		530.182		6.96496e+06		526.917		
00:00:01:300		1.54777e+07		0.17263		2.83631		530.186		6.96494e+06		526.898		
00:00:01:199		1.54781e+07		0.172731		2.83712		530.19		6.96492e+06		526.876		
00:00:01:100		1.54784e+07		0.172797		2.83752		530.193		6.9649e+06		526.853		
00:00:00:949		1.54786e+07		0.172837		2.83661		530.197		6.96488e+06		526.826		
00:00:00:800		1.54786e+07		0.172839		2.83566		530.203		6.96486e+06		526.823		
00:00:00:800		1.54786e+07		0.172839		2.83566		530.203		6.96486e+06		526.823		
00:00:00:650		1.54786e+07		0.17284		2.83569		530.206		6.96486e+06		526.824		
00:00:00:450		1.54786e+07		0.17284		2.83569		530.212		6.96485e+06		526.825		
00:00:00:450		1.54786e+07		0.17284		2.83569		530.212		6.96485e+06		526.825		
00:00:00:349		1.54786e+07		0.17284		2.83568		530.216		6.96485e+06		526.825		
00:00:00:250		1.54786e+07		0.17284		2.83572		530.217		6.96484e+06		526.826		
00:00:00:149		1.54785e+07		0.17284		2.83572		530.221		6.96484e+06		526.826		
00:00:00:050		1.54785e+07		0.17284		2.83567		530.223		6.96484e+06		526.826		
00:00:00:000		1.54785e+07		0.17284		2.83571		530.225		6.96483e+06		526.826		
00:00:00:000		1.54785e+07		0.17284		2.83571		530.225		6.96483e+06		526.826		
00:00:00:000		1.54785e+07		0.17284		2.83571		530.225		6.96483e+06		526.826		
00:00:00:000		1.54785e+07		0.17284		2.83571		530.225		6.96483e+06		526.826		
00:00:00:000		1.54785e+07		0.17284		2.83571		530.225		6.96483e+06		526.826		
00:00:00:000		1.54785e+07		0.17284		2.83571		530.225		6.96483e+06		526.826		
