	time 		rcpppzr	rcp054rcp007mnzoyout	rcv501std0102fvol	fwfrcp001gv	rcppmssga	msfsg(1)	
00:01:17:250		1.53997e+07		0.0280108		3.13132		525.329		6.97103e+06		527.607		
00:01:17:150		1.53998e+07		0.0281949		3.13089		525.329		6.97103e+06		527.605		
00:01:17:049		1.53999e+07		0.0283785		3.1304		525.329		6.97102e+06		527.604		
00:01:16:849		1.54001e+07		0.0287466		3.12935		525.331		6.97101e+06		527.601		
00:01:16:750		1.54001e+07		0.0289307		3.12873		525.331		6.971e+06		527.602		
00:01:16:750		1.54001e+07		0.0289307		3.12873		525.331		6.971e+06		527.602		
00:01:16:650		1.54002e+07		0.0291142		3.12834		525.331		6.97099e+06		527.601		
00:01:16:549		1.54003e+07		0.0292983		3.12781		525.331		6.97099e+06		527.599		
00:01:16:450		1.54004e+07		0.0294819		3.12726		525.331		6.97098e+06		527.597		
00:01:16:349		1.54005e+07		0.0296659		3.12677		525.331		6.97097e+06		527.599		
00:01:16:250		1.54005e+07		0.0298491		3.12619		525.331		6.97097e+06		527.597		
00:01:16:150		1.54006e+07		0.0300331		3.12572		525.331		6.97096e+06		527.595		
00:01:16:049		1.54007e+07		0.0302167		3.12518		525.331		6.97095e+06		527.587		
00:01:15:950		1.54008e+07		0.0304003		3.12468		525.331		6.97095e+06		527.594		
00:01:15:849		1.54009e+07		0.0305839		3.12413		525.333		6.97094e+06		527.592		
00:01:15:750		1.5401e+07		0.0307674		3.12371		525.333		6.97093e+06		527.585		
00:01:15:599		1.54011e+07		0.0310426		3.12303		525.334		6.97092e+06		527.604		
00:01:15:500		1.54012e+07		0.0312266		3.12241		525.334		6.97091e+06		527.581		
00:01:15:450		1.54012e+07		0.0313187		3.12216		525.334		6.97091e+06		527.591		
00:01:15:349		1.54013e+07		0.0315018		3.12169		525.334		6.9709e+06		527.591		
00:01:15:250		1.54014e+07		0.0316854		3.12112		525.334		6.9709e+06		527.59		
00:01:15:150		1.54014e+07		0.0318689		3.12053		525.334		6.97089e+06		527.589		
00:01:15:049		1.54015e+07		0.0320525		3.12019		525.336		6.97088e+06		527.588		
00:01:14:950		1.54016e+07		0.0322361		3.11964		525.336		6.97088e+06		527.591		
00:01:14:700		1.54018e+07		0.0326948		3.11842		525.338		6.97086e+06		527.593		
00:01:14:700		1.54018e+07		0.0326948		3.11842		525.338		6.97086e+06		527.593		
00:01:14:599		1.54019e+07		0.0328784		3.11788		525.338		6.97085e+06		527.583		
00:01:14:500		1.5402e+07		0.0330615		3.1173		525.34		6.97084e+06		527.577		
00:01:14:400		1.54021e+07		0.0332451		3.11679		525.34		6.97084e+06		527.583		
00:01:14:299		1.54021e+07		0.0334287		3.11641		525.34		6.97083e+06		527.583		
00:01:14:200		1.54022e+07		0.0336123		3.1159		525.342		6.97082e+06		527.582		
00:01:14:200		1.54022e+07		0.0336123		3.1159		525.342		6.97082e+06		527.582		
00:01:14:099		1.54023e+07		0.0337958		3.11527		525.342		6.97081e+06		527.581		
00:01:14:000		1.54024e+07		0.0339794		3.11485		525.344		6.97081e+06		527.579		
00:01:13:799		1.54025e+07		0.0343466		3.11368		525.344		6.97079e+06		527.571		
00:01:13:799		1.54025e+07		0.0343466		3.11368		525.344		6.97079e+06		527.571		
00:01:13:700		1.54026e+07		0.0345302		3.11329		525.346		6.97078e+06		527.576		
00:01:13:599		1.54027e+07		0.0347128		3.1128		525.346		6.97077e+06		527.573		
00:01:13:500		1.54028e+07		0.0348964		3.11225		525.347		6.97077e+06		527.564		
00:01:13:400		1.54029e+07		0.03508		3.11166		525.347		6.97076e+06		527.574		
00:01:13:299		1.54029e+07		0.0352635		3.11124		525.349		6.97075e+06		527.575		
00:01:13:200		1.5403e+07		0.0354466		3.11074		525.349		6.97074e+06		527.579		
00:01:13:000		1.54032e+07		0.0358138		3.10969		525.351		6.97073e+06		527.574		
00:01:12:900		1.54033e+07		0.0359969		3.10922		525.351		6.97072e+06		527.574		
00:01:12:799		1.54034e+07		0.0361805		3.10868		525.353		6.97071e+06		527.573		
00:01:12:799		1.54034e+07		0.0361805		3.10868		525.353		6.97071e+06		527.573		
00:01:12:700		1.54034e+07		0.0363641		3.10805		525.353		6.97071e+06		527.571		
00:01:12:599		1.54035e+07		0.0365472		3.10766		525.355		6.9707e+06		527.568		
00:01:12:500		1.54036e+07		0.0367308		3.10716		525.355		6.97069e+06		527.565		
00:01:12:400		1.54037e+07		0.0369143		3.10654		525.357		6.97068e+06		527.571		
00:01:12:299		1.54038e+07		0.0370975		3.10607		525.357		6.97067e+06		527.57		
00:01:12:200		1.54038e+07		0.037281		3.10568		525.359		6.97067e+06		527.569		
00:01:12:099		1.54039e+07		0.0374646		3.10506		525.359		6.97066e+06		527.549		
00:01:12:000		1.5404e+07		0.0376487		3.10442		525.36		6.97065e+06		527.57		
00:01:11:799		1.54042e+07		0.0380154		3.10362		525.364		6.97063e+06		527.569		
00:01:11:799		1.54042e+07		0.0380154		3.10362		525.364		6.97063e+06		527.569		
00:01:11:599		1.54043e+07		0.0383825		3.10248		525.364		6.97062e+06		527.568		
00:01:11:599		1.54043e+07		0.0383825		3.10248		525.364		6.97062e+06		527.568		
00:01:11:500		1.54044e+07		0.0385661		3.10197		525.366		6.97061e+06		527.568		
00:01:11:400		1.54045e+07		0.0387492		3.10155		525.368		6.9706e+06		527.568		
00:01:11:250		1.54046e+07		0.0390248		3.10083		525.37		6.97059e+06		527.566		
00:01:11:150		1.54047e+07		0.0392084		3.10036		525.372		6.97058e+06		527.565		
00:01:11:049		1.54048e+07		0.039392		3.09985		525.372		6.97057e+06		527.565		
00:01:10:950		1.54048e+07		0.0395756		3.09918		525.373		6.97056e+06		527.564		
00:01:10:750		1.5405e+07		0.0399423		3.09821		525.375		6.97055e+06		527.568		
00:01:10:750		1.5405e+07		0.0399423		3.09821		525.375		6.97055e+06		527.568		
00:01:10:650		1.54051e+07		0.0401263		3.09774		525.377		6.97054e+06		527.553		
00:01:10:549		1.54052e+07		0.0403099		3.09725		525.379		6.97053e+06		527.563		
00:01:10:450		1.54053e+07		0.040493		3.09677		525.379		6.97052e+06		527.562		
00:01:10:349		1.54053e+07		0.0406771		3.09618		525.381		6.97051e+06		527.561		
00:01:10:250		1.54054e+07		0.0408607		3.09562		525.383		6.97051e+06		527.559		
00:01:10:150		1.54055e+07		0.0410438		3.0952		525.385		6.9705e+06		527.562		
00:01:10:049		1.54056e+07		0.0412278		3.09474		525.385		6.97049e+06		527.56		
00:01:09:950		1.54057e+07		0.0414109		3.09407		525.386		6.97048e+06		527.566		
00:01:09:849		1.54057e+07		0.041595		3.0936		525.388		6.97047e+06		527.553		
00:01:09:750		1.54058e+07		0.0417781		3.09321		525.39		6.97046e+06		527.56		
00:01:09:650		1.54059e+07		0.0419621		3.09262		525.392		6.97046e+06		527.559		
00:01:09:549		1.5406e+07		0.0421453		3.09207		525.394		6.97045e+06		527.559		
00:01:09:450		1.54061e+07		0.0423293		3.0916		525.396		6.97044e+06		527.557		
00:01:09:349		1.54061e+07		0.0425129		3.09109		525.396		6.97043e+06		527.562		
00:01:09:250		1.54062e+07		0.0426965		3.09059		525.398		6.97042e+06		527.558		
00:01:09:150		1.54063e+07		0.0428801		3.09004		525.399		6.97041e+06		527.556		
00:01:09:049		1.54064e+07		0.0430641		3.08965		525.401		6.9704e+06		527.549		
00:01:08:950		1.54065e+07		0.0432472		3.0891		525.403		6.97039e+06		527.556		
00:01:08:849		1.54065e+07		0.0434313		3.08859		525.405		6.97039e+06		527.555		
00:01:08:750		1.54066e+07		0.0436149		3.08808		525.407		6.97038e+06		527.556		
00:01:08:599		1.54067e+07		0.0438905		3.08736		525.409		6.97036e+06		527.555		
00:01:08:500		1.54068e+07		0.0440745		3.0868		525.411		6.97035e+06		527.549		
00:01:08:400		1.54069e+07		0.0442581		3.08633		525.412		6.97035e+06		527.555		
00:01:08:299		1.5407e+07		0.0444412		3.08582		525.414		6.97034e+06		527.549		
00:01:08:200		1.54071e+07		0.0446253		3.08539		525.416		6.97033e+06		527.556		
00:01:08:099		1.54071e+07		0.0448093		3.0848		525.418		6.97032e+06		527.556		
00:01:08:000		1.54072e+07		0.0449934		3.08433		525.42		6.97031e+06		527.555		
00:01:07:799		1.54074e+07		0.045361		3.08315		525.424		6.97029e+06		527.555		
00:01:07:700		1.54075e+07		0.0455446		3.0827		525.425		6.97028e+06		527.555		
00:01:07:700		1.54075e+07		0.0455446		3.0827		525.425		6.97028e+06		527.555		
00:01:07:700		1.54075e+07		0.0455446		3.0827		525.425		6.97028e+06		527.555		
00:01:07:599		1.54075e+07		0.0457282		3.08229		525.427		6.97027e+06		527.554		
00:01:07:500		1.54076e+07		0.0459127		3.08174		525.429		6.97027e+06		527.554		
00:01:07:400		1.54077e+07		0.0460963		3.08114		525.431		6.97026e+06		527.553		
00:01:07:200		1.54079e+07		0.0464644		3.08021		525.435		6.97024e+06		527.555		
00:01:07:200		1.54079e+07		0.0464644		3.08021		525.435		6.97024e+06		527.555		
00:01:07:099		1.54079e+07		0.046648		3.07961		525.437		6.97023e+06		527.555		
00:01:07:000		1.5408e+07		0.0468326		3.0791		525.44		6.97022e+06		527.54		
00:01:06:799		1.54082e+07		0.0472007		3.07812		525.442		6.9702e+06		527.554		
00:01:06:799		1.54082e+07		0.0472007		3.07812		525.442		6.9702e+06		527.554		
00:01:06:700		1.54083e+07		0.0473847		3.07756		525.446		6.97019e+06		527.555		
00:01:06:599		1.54083e+07		0.0475693		3.07713		525.448		6.97018e+06		527.554		
00:01:06:500		1.54084e+07		0.0477529		3.07655		525.45		6.97017e+06		527.554		
00:01:06:400		1.54085e+07		0.0479374		3.07595		525.453		6.97017e+06		527.553		
00:01:06:200		1.54087e+07		0.048306		3.07505		525.457		6.97015e+06		527.551		
00:01:06:200		1.54087e+07		0.048306		3.07505		525.457		6.97015e+06		527.551		
00:01:06:099		1.54087e+07		0.04849		3.07446		525.459		6.97014e+06		527.55		
00:01:05:950		1.54089e+07		0.0487671		3.07369		525.463		6.97012e+06		527.554		
00:01:05:849		1.54089e+07		0.0489511		3.07318		525.464		6.97011e+06		527.552		
00:01:05:750		1.5409e+07		0.0491357		3.07267		525.466		6.97011e+06		527.553		
00:01:05:650		1.54091e+07		0.0493207		3.07207		525.47		6.9701e+06		527.551		
00:01:05:549		1.54092e+07		0.0495048		3.07176		525.472		6.97009e+06		527.554		
00:01:05:450		1.54093e+07		0.0496893		3.07109		525.474		6.97008e+06		527.549		
00:01:05:349		1.54093e+07		0.0498743		3.0705		525.476		6.97007e+06		527.572		
00:01:05:250		1.54094e+07		0.0500588		3.07003		525.479		6.97006e+06		527.553		
00:01:05:150		1.54095e+07		0.0502434		3.06959		525.481		6.97005e+06		527.552		
00:01:05:049		1.54096e+07		0.0504284		3.06916		525.483		6.97004e+06		527.551		
00:01:04:950		1.54097e+07		0.0506134		3.06848		525.485		6.97003e+06		527.55		
00:01:04:750		1.54098e+07		0.0509834		3.06754		525.49		6.97001e+06		527.552		
00:01:04:750		1.54098e+07		0.0509834		3.06754		525.49		6.97001e+06		527.552		
00:01:04:650		1.54099e+07		0.0511684		3.06695		525.494		6.97e+06		527.551		
00:01:04:549		1.541e+07		0.0513535		3.06652		525.496		6.96999e+06		527.549		
00:01:04:450		1.54101e+07		0.0515385		3.066		525.5		6.96998e+06		527.573		
00:01:04:349		1.54101e+07		0.051724		3.06553		525.502		6.96997e+06		527.552		
00:01:04:250		1.54102e+07		0.051909		3.06489		525.505		6.96996e+06		527.552		
00:01:04:150		1.54103e+07		0.0520949		3.06446		525.507		6.96995e+06		527.554		
00:01:04:049		1.54104e+07		0.0522799		3.06399		525.509		6.96994e+06		527.554		
00:01:03:950		1.54105e+07		0.0524654		3.06332		525.513		6.96993e+06		527.553		
00:01:03:750		1.54106e+07		0.0528369		3.06241		525.516		6.96992e+06		527.554		
00:01:03:750		1.54106e+07		0.0528369		3.06241		525.516		6.96992e+06		527.554		
00:01:03:649		1.54107e+07		0.0530224		3.06189		525.52		6.96991e+06		527.555		
00:01:03:549		1.54108e+07		0.0532084		3.06142		525.524		6.9699e+06		527.555		
00:01:03:450		1.54109e+07		0.0533943		3.06083		525.526		6.96989e+06		527.555		
00:01:03:350		1.54109e+07		0.0535798		3.06038		525.528		6.96988e+06		527.555		
00:01:03:250		1.5411e+07		0.0537663		3.0598		525.531		6.96987e+06		527.555		
00:01:03:149		1.54111e+07		0.0539522		3.05928		525.535		6.96986e+06		527.556		
00:01:03:049		1.54112e+07		0.0542316		3.05875		525.539		6.96984e+06		527.554		
00:01:02:799		1.54114e+07		0.0546041		3.05751		525.544		6.96982e+06		527.557		
00:01:02:700		1.54115e+07		0.0547905		3.05712		525.548		6.96981e+06		527.557		
00:01:02:700		1.54115e+07		0.0547905		3.05712		525.548		6.96981e+06		527.557		
00:01:02:600		1.54116e+07		0.0549774		3.05661		525.55		6.9698e+06		527.557		
00:01:02:500		1.54116e+07		0.0551643		3.05602		525.553		6.96979e+06		527.558		
00:01:02:399		1.54117e+07		0.0553508		3.05558		525.557		6.96978e+06		527.56		
00:01:02:299		1.54118e+07		0.0555382		3.05515		525.559		6.96977e+06		527.564		
00:01:02:200		1.54119e+07		0.0557251		3.05459		525.563		6.96976e+06		527.555		
00:01:02:200		1.54119e+07		0.0557251		3.05459		525.563		6.96976e+06		527.555		
00:01:02:100		1.5412e+07		0.0559115		3.05395		525.565		6.96975e+06		527.557		
00:01:02:000		1.5412e+07		0.0560989		3.05364		525.568		6.96974e+06		527.567		
00:01:01:799		1.54122e+07		0.0564733		3.05245		525.574		6.96972e+06		527.552		
00:01:01:799		1.54122e+07		0.0564733		3.05245		525.574		6.96972e+06		527.552		
00:01:01:700		1.54123e+07		0.0566602		3.05198		525.578		6.96971e+06		527.56		
00:01:01:600		1.54124e+07		0.0568476		3.05162		525.581		6.9697e+06		527.56		
00:01:01:500		1.54124e+07		0.0570345		3.05107		525.583		6.96969e+06		527.56		
00:01:01:399		1.54125e+07		0.0572219		3.05051		525.587		6.96968e+06		527.56		
00:01:01:250		1.54126e+07		0.0575032		3.04985		525.592		6.96967e+06		527.562		
00:01:01:100		1.54127e+07		0.0575967		3.04956		525.594		6.96966e+06		527.562		
00:01:01:100		1.54128e+07		0.0577841		3.04909		525.596		6.96965e+06		527.562		
00:01:01:000		1.54128e+07		0.0579715		3.04848		525.6		6.96964e+06		527.564		
00:01:00:899		1.54129e+07		0.0581594		3.04809		525.604		6.96963e+06		527.562		
00:01:00:799		1.5413e+07		0.0583467		3.04758		525.607		6.96962e+06		527.556		
00:01:00:700		1.54131e+07		0.0585346		3.04698		525.609		6.96961e+06		527.563		
00:01:00:600		1.54132e+07		0.058722		3.04651		525.613		6.9696e+06		527.562		
00:01:00:500		1.54132e+07		0.0589099		3.04603		525.617		6.96959e+06		527.559		
00:01:00:399		1.54134e+07		0.0591917		3.04538		525.622		6.96958e+06		527.567		
00:01:00:250		1.54134e+07		0.0593796		3.04485		525.624		6.96957e+06		527.568		
00:01:00:149		1.54135e+07		0.0595675		3.04439		525.628		6.96956e+06		527.566		
00:01:00:049		1.54136e+07		0.0597553		3.04386		525.631		6.96955e+06		527.569		
00:01:00:000		1.54137e+07		0.0598493		3.04353		525.633		6.96954e+06		527.568		
00:00:59:799		1.54138e+07		0.060225		3.04254		525.641		6.96952e+06		527.571		
00:00:59:799		1.54138e+07		0.060225		3.04254		525.641		6.96952e+06		527.571		
00:00:59:700		1.54139e+07		0.0604134		3.04206		525.644		6.96951e+06		527.572		
00:00:59:600		1.5414e+07		0.0606017		3.04167		525.648		6.9695e+06		527.573		
00:00:59:500		1.54141e+07		0.0607901		3.04111		525.652		6.96949e+06		527.573		
00:00:59:399		1.54141e+07		0.0609779		3.04055		525.656		6.96948e+06		527.573		
00:00:59:299		1.54142e+07		0.0611663		3.04004		525.657		6.96947e+06		527.573		
00:00:59:200		1.54143e+07		0.0613551		3.03968		525.663		6.96946e+06		527.579		
00:00:59:100		1.54144e+07		0.061543		3.03921		525.665		6.96945e+06		527.57		
00:00:59:000		1.54145e+07		0.0617318		3.03865		525.67		6.96944e+06		527.576		
00:00:58:899		1.54146e+07		0.0619206		3.03805		525.674		6.96943e+06		527.576		
00:00:58:799		1.54146e+07		0.062109		3.03758		525.676		6.96942e+06		527.578		
00:00:58:700		1.54147e+07		0.0622978		3.03722		525.682		6.96941e+06		527.577		
00:00:58:600		1.54148e+07		0.0624862		3.03666		525.685		6.9694e+06		527.578		
00:00:58:500		1.54149e+07		0.0626755		3.03623		525.687		6.96939e+06		527.573		
00:00:58:350		1.5415e+07		0.0629587		3.0356		525.695		6.96938e+06		527.577		
00:00:58:250		1.54151e+07		0.0631475		3.03505		525.696		6.96937e+06		527.585		
00:00:58:149		1.54152e+07		0.0633368		3.03462		525.7		6.96936e+06		527.585		
00:00:58:049		1.54153e+07		0.0635257		3.03423		525.706		6.96935e+06		527.587		
00:00:57:950		1.54153e+07		0.0637145		3.03367		525.709		6.96934e+06		527.582		
00:00:57:850		1.54154e+07		0.0639043		3.03323		525.711		6.96933e+06		527.589		
00:00:57:750		1.54155e+07		0.0640931		3.03267		525.717		6.96932e+06		527.59		
00:00:57:649		1.54156e+07		0.0642824		3.03228		525.72		6.96931e+06		527.59		
00:00:57:549		1.54157e+07		0.0644722		3.03185		525.724		6.9693e+06		527.579		
00:00:57:549		1.54157e+07		0.0644722		3.03185		525.724		6.9693e+06		527.579		
00:00:57:450		1.54157e+07		0.0646615		3.03129		525.728		6.96929e+06		527.593		
00:00:57:350		1.54158e+07		0.0648508		3.03073		525.732		6.96928e+06		527.599		
00:00:57:250		1.54159e+07		0.0650406		3.03025		525.735		6.96927e+06		527.59		
00:00:57:149		1.5416e+07		0.0652299		3.02977		525.741		6.96926e+06		527.597		
00:00:57:049		1.54161e+07		0.0654197		3.02934		525.745		6.96925e+06		527.592		
00:00:56:850		1.54162e+07		0.0657997		3.02822		525.754		6.96923e+06		527.602		
00:00:56:750		1.54163e+07		0.0659895		3.0277		525.756		6.96922e+06		527.601		
00:00:56:750		1.54163e+07		0.0659895		3.0277		525.756		6.96922e+06		527.601		
00:00:56:649		1.54164e+07		0.0661793		3.02735		525.761		6.96921e+06		527.603		
00:00:56:549		1.54165e+07		0.0663695		3.02687		525.765		6.9692e+06		527.599		
00:00:56:450		1.54166e+07		0.0665588		3.02635		525.769		6.96919e+06		527.607		
00:00:56:350		1.54167e+07		0.0667491		3.02587		525.772		6.96918e+06		527.602		
00:00:56:250		1.54167e+07		0.0669394		3.02548		525.778		6.96917e+06		527.61		
00:00:56:149		1.54168e+07		0.0671296		3.02496		525.782		6.96916e+06		527.604		
00:00:56:049		1.54169e+07		0.0673199		3.02439		525.785		6.96915e+06		527.613		
00:00:55:850		1.54171e+07		0.0677009		3.02365		525.795		6.96913e+06		527.607		
00:00:55:750		1.54172e+07		0.0678906		3.02309		525.798		6.96912e+06		527.616		
00:00:55:750		1.54172e+07		0.0678906		3.02309		525.798		6.96912e+06		527.616		
00:00:55:649		1.54172e+07		0.0680814		3.02248		525.802		6.96911e+06		527.618		
00:00:55:549		1.54173e+07		0.0682721		3.02209		525.806		6.9691e+06		527.617		
00:00:55:450		1.54174e+07		0.0684624		3.02174		525.811		6.96909e+06		527.617		
00:00:55:350		1.54175e+07		0.0686536		3.02118		525.815		6.96908e+06		527.616		
00:00:55:250		1.54176e+07		0.0688443		3.02065		525.819		6.96907e+06		527.622		
00:00:55:100		1.54177e+07		0.0691304		3.02001		525.826		6.96906e+06		527.625		
00:00:55:000		1.54178e+07		0.0693212		3.01949		525.83		6.96905e+06		527.62		
00:00:54:850		1.54179e+07		0.0696077		3.01874		525.837		6.96903e+06		527.63		
00:00:54:850		1.54179e+07		0.0696077		3.01874		525.837		6.96903e+06		527.63		
00:00:54:700		1.5418e+07		0.0698948		3.01806		525.843		6.96902e+06		527.625		
00:00:54:600		1.54181e+07		0.0700855		3.01766		525.849		6.96901e+06		527.633		
00:00:54:500		1.54182e+07		0.0702767		3.01706		525.852		6.969e+06		527.634		
00:00:54:450		1.54183e+07		0.0703726		3.01687		525.854		6.96899e+06		527.635		
00:00:54:350		1.54183e+07		0.0705638		3.01648		525.86		6.96898e+06		527.642		
00:00:54:250		1.54184e+07		0.070755		3.01613		525.863		6.96898e+06		527.625		
00:00:54:149		1.54185e+07		0.0709467		3.01557		525.869		6.96897e+06		527.63		
00:00:54:000		1.54186e+07		0.0712337		3.01471		525.874		6.96895e+06		527.641		
00:00:53:899		1.54187e+07		0.071425		3.0144		525.88		6.96894e+06		527.64		
00:00:53:799		1.54188e+07		0.0716171		3.01396		525.884		6.96893e+06		527.644		
00:00:53:700		1.54189e+07		0.0718088		3.01344		525.889		6.96892e+06		527.645		
00:00:53:600		1.5419e+07		0.072		3.01296		525.893		6.96891e+06		527.647		
00:00:53:500		1.54191e+07		0.0721922		3.01265		525.899		6.96891e+06		527.648		
00:00:53:399		1.54192e+07		0.0723839		3.01217		525.902		6.9689e+06		527.649		
00:00:53:299		1.54192e+07		0.0725756		3.01165		525.908		6.96889e+06		527.651		
00:00:53:200		1.54193e+07		0.0727682		3.01117		525.912		6.96888e+06		527.651		
00:00:53:100		1.54194e+07		0.0729599		3.01086		525.917		6.96887e+06		527.653		
00:00:53:000		1.54195e+07		0.0731521		3.01042		525.921		6.96886e+06		527.654		
00:00:52:899		1.54196e+07		0.0733442		3.00994		525.926		6.96885e+06		527.656		
00:00:52:799		1.54197e+07		0.0735364		3.00954		525.932		6.96884e+06		527.658		
00:00:52:700		1.54198e+07		0.0737281		3.00898		525.936		6.96883e+06		527.658		
00:00:52:600		1.54198e+07		0.0739207		3.00866		525.941		6.96882e+06		527.659		
00:00:52:500		1.54199e+07		0.0741129		3.00819		525.945		6.96881e+06		527.66		
00:00:52:399		1.542e+07		0.0743055		3.0077		525.951		6.96881e+06		527.661		
00:00:52:299		1.54201e+07		0.0744982		3.00736		525.956		6.9688e+06		527.662		
00:00:52:200		1.54202e+07		0.0746908		3.00684		525.96		6.96879e+06		527.663		
00:00:52:100		1.54203e+07		0.074883		3.00635		525.965		6.96878e+06		527.666		
00:00:52:000		1.54204e+07		0.0750756		3.00609		525.971		6.96877e+06		527.667		
00:00:51:799		1.54205e+07		0.0754614		3.00504		525.982		6.96875e+06		527.688		
00:00:51:799		1.54205e+07		0.0754614		3.00504		525.982		6.96875e+06		527.688		
00:00:51:700		1.54206e+07		0.075654		3.00465		525.986		6.96874e+06		527.671		
00:00:51:600		1.54207e+07		0.0758467		3.00425		525.991		6.96873e+06		527.671		
00:00:51:500		1.54208e+07		0.0760393		3.00378		525.995		6.96873e+06		527.671		
00:00:51:399		1.54209e+07		0.0762324		3.00325		526.002		6.96872e+06		527.671		
00:00:51:299		1.5421e+07		0.076426		3.0029		526.006		6.96871e+06		527.673		
00:00:51:200		1.5421e+07		0.0766187		3.00247		526.012		6.9687e+06		527.677		
00:00:51:100		1.54212e+07		0.0769086		3.0018		526.019		6.96869e+06		527.677		
00:00:50:950		1.54213e+07		0.0771017		3.00136		526.025		6.96868e+06		527.678		
00:00:50:799		1.54214e+07		0.0773916		3.00084		526.032		6.96866e+06		527.678		
00:00:50:799		1.54214e+07		0.0773916		3.00084		526.032		6.96866e+06		527.678		
00:00:50:700		1.54215e+07		0.0775847		3.00027		526.038		6.96866e+06		527.703		
00:00:50:600		1.54216e+07		0.0777788		2.99988		526.043		6.96865e+06		527.683		
00:00:50:500		1.54217e+07		0.0779719		2.99936		526.049		6.96864e+06		527.684		
00:00:50:399		1.54217e+07		0.0781655		2.99899		526.052		6.96863e+06		527.685		
00:00:50:299		1.54218e+07		0.0783591		2.99873		526.058		6.96862e+06		527.68		
00:00:50:200		1.54219e+07		0.0785527		2.99816		526.064		6.96861e+06		527.689		
00:00:50:100		1.5422e+07		0.0787463		2.99759		526.069		6.9686e+06		527.689		
00:00:50:000		1.54221e+07		0.0789399		2.99724		526.075		6.9686e+06		527.69		
00:00:49:899		1.54222e+07		0.079134		2.9969		526.08		6.96859e+06		527.695		
00:00:49:750		1.54223e+07		0.0794249		2.99615		526.088		6.96857e+06		527.693		
00:00:49:700		1.54224e+07		0.0795221		2.99588		526.09		6.96857e+06		527.697		
00:00:49:549		1.54225e+07		0.0798125		2.99527		526.099		6.96856e+06		527.694		
00:00:49:450		1.54226e+07		0.0800066		2.99495		526.104		6.96855e+06		527.695		
00:00:49:350		1.54227e+07		0.0802007		2.99444		526.11		6.96854e+06		527.696		
00:00:49:350		1.54227e+07		0.0802007		2.99444		526.11		6.96854e+06		527.696		
00:00:49:250		1.54228e+07		0.0803947		2.99399		526.116		6.96853e+06		527.697		
00:00:49:149		1.54228e+07		0.0805893		2.99357		526.121		6.96852e+06		527.698		
00:00:49:049		1.54229e+07		0.0807834		2.99321		526.127		6.96852e+06		527.698		
00:00:48:850		1.54231e+07		0.0811725		2.99228		526.138		6.9685e+06		527.699		
00:00:48:750		1.54232e+07		0.081367		2.99189		526.143		6.96849e+06		527.693		
00:00:48:750		1.54232e+07		0.081367		2.99189		526.143		6.96849e+06		527.693		
00:00:48:649		1.54233e+07		0.0815616		2.99141		526.151		6.96848e+06		527.702		
00:00:48:549		1.54234e+07		0.0817556		2.99097		526.154		6.96847e+06		527.696		
00:00:48:450		1.54235e+07		0.0819502		2.99053		526.162		6.96847e+06		527.705		
00:00:48:350		1.54235e+07		0.0821452		2.99009		526.167		6.96846e+06		527.704		
00:00:48:250		1.54236e+07		0.0823393		2.98965		526.173		6.96845e+06		527.699		
00:00:48:100		1.54238e+07		0.0826316		2.98907		526.182		6.96844e+06		527.709		
00:00:48:000		1.54239e+07		0.0828266		2.98863		526.188		6.96843e+06		527.709		
00:00:47:850		1.5424e+07		0.0831189		2.98797		526.197		6.96842e+06		527.71		
00:00:47:850		1.5424e+07		0.0831189		2.98797		526.197		6.96842e+06		527.71		
00:00:47:750		1.54241e+07		0.0833144		2.98762		526.203		6.96841e+06		527.711		
00:00:47:649		1.54242e+07		0.083509		2.98718		526.208		6.9684e+06		527.711		
00:00:47:549		1.54243e+07		0.0837045		2.98673		526.214		6.96839e+06		527.712		
00:00:47:450		1.54243e+07		0.083899		2.9863		526.221		6.96838e+06		527.715		
00:00:47:200		1.54246e+07		0.0843873		2.9852		526.234		6.96836e+06		527.713		
00:00:47:200		1.54246e+07		0.0843873		2.9852		526.234		6.96836e+06		527.713		
00:00:47:100		1.54247e+07		0.0845823		2.98484		526.242		6.96836e+06		527.714		
00:00:47:000		1.54247e+07		0.0847778		2.98441		526.247		6.96835e+06		527.713		
00:00:46:799		1.54249e+07		0.0851684		2.98357		526.258		6.96833e+06		527.717		
00:00:46:799		1.54249e+07		0.0851684		2.98357		526.258		6.96833e+06		527.717		
00:00:46:700		1.5425e+07		0.0853643		2.98309		526.264		6.96833e+06		527.724		
00:00:46:600		1.54251e+07		0.0855598		2.98269		526.269		6.96832e+06		527.719		
00:00:46:500		1.54252e+07		0.0857553		2.9823		526.277		6.96831e+06		527.713		
00:00:46:399		1.54253e+07		0.0859509		2.98186		526.282		6.9683e+06		527.722		
00:00:46:299		1.54254e+07		0.0861464		2.98142		526.288		6.96829e+06		527.722		
00:00:46:200		1.54255e+07		0.0863428		2.9811		526.295		6.96829e+06		527.721		
00:00:46:100		1.54256e+07		0.0865383		2.98062		526.303		6.96828e+06		527.724		
00:00:46:000		1.54256e+07		0.0867343		2.98026		526.308		6.96827e+06		527.726		
00:00:45:899		1.54257e+07		0.0869303		2.97979		526.314		6.96826e+06		527.726		
00:00:45:799		1.54258e+07		0.0871263		2.97934		526.321		6.96826e+06		527.726		
00:00:45:700		1.54259e+07		0.0873222		2.97899		526.327		6.96825e+06		527.727		
00:00:45:600		1.5426e+07		0.0875182		2.97859		526.334		6.96824e+06		527.726		
00:00:45:500		1.54261e+07		0.0877142		2.97803		526.34		6.96823e+06		527.726		
00:00:45:399		1.54262e+07		0.0879102		2.97775		526.347		6.96822e+06		527.729		
00:00:45:299		1.54263e+07		0.0881066		2.97736		526.353		6.96822e+06		527.728		
00:00:45:149		1.54264e+07		0.0884008		2.97669		526.364		6.96821e+06		527.731		
00:00:45:049		1.54265e+07		0.0885973		2.97625		526.37		6.9682e+06		527.73		
00:00:44:950		1.54266e+07		0.0887933		2.9759		526.377		6.96819e+06		527.729		
00:00:44:850		1.54267e+07		0.0889902		2.97545		526.382		6.96818e+06		527.752		
00:00:44:799		1.54267e+07		0.0890884		2.97527		526.386		6.96818e+06		527.733		
00:00:44:700		1.54268e+07		0.0892849		2.97483		526.394		6.96817e+06		527.734		
00:00:44:600		1.54269e+07		0.0894814		2.97443		526.401		6.96816e+06		527.735		
00:00:44:500		1.5427e+07		0.0896778		2.97398		526.407		6.96816e+06		527.735		
00:00:44:399		1.54271e+07		0.0898747		2.97354		526.412		6.96815e+06		527.736		
00:00:44:250		1.54272e+07		0.0901699		2.97292		526.423		6.96814e+06		527.735		
00:00:44:149		1.54273e+07		0.0903664		2.97244		526.429		6.96813e+06		527.737		
00:00:44:049		1.54274e+07		0.0905633		2.97204		526.436		6.96812e+06		527.737		
00:00:44:000		1.54275e+07		0.090662		2.97181		526.44		6.96812e+06		527.737		
00:00:43:850		1.54276e+07		0.0909572		2.97115		526.449		6.96811e+06		527.73		
00:00:43:750		1.54277e+07		0.0911536		2.97075		526.455		6.9681e+06		527.739		
00:00:43:750		1.54277e+07		0.0911536		2.97075		526.455		6.9681e+06		527.739		
00:00:43:600		1.54278e+07		0.0914493		2.97017		526.466		6.96809e+06		527.741		
00:00:43:500		1.54279e+07		0.0916467		2.96968		526.471		6.96808e+06		527.746		
00:00:43:350		1.5428e+07		0.0919423		2.96902		526.482		6.96807e+06		527.741		
00:00:43:250		1.54281e+07		0.0921392		2.96862		526.49		6.96807e+06		527.741		
00:00:43:149		1.54282e+07		0.0923362		2.96813		526.495		6.96806e+06		527.748		
00:00:43:049		1.54283e+07		0.0925336		2.96774		526.505		6.96805e+06		527.745		
00:00:43:049		1.54283e+07		0.0925336		2.96774		526.505		6.96805e+06		527.745		
00:00:42:950		1.54284e+07		0.0927305		2.96742		526.51		6.96804e+06		527.745		
00:00:42:750		1.54286e+07		0.0931258		2.96658		526.523		6.96803e+06		527.753		
00:00:42:649		1.54287e+07		0.0933232		2.96609		526.531		6.96802e+06		527.732		
00:00:42:549		1.54288e+07		0.0935206		2.96573		526.538		6.96802e+06		527.746		
00:00:42:450		1.54289e+07		0.0937181		2.96533		526.545		6.96801e+06		527.746		
00:00:42:450		1.54289e+07		0.0937181		2.96533		526.545		6.96801e+06		527.746		
00:00:42:350		1.5429e+07		0.0939155		2.9648		526.553		6.968e+06		527.746		
00:00:42:149		1.54291e+07		0.0943108		2.964		526.568		6.96799e+06		527.753		
00:00:42:149		1.54291e+07		0.0943108		2.964		526.568		6.96799e+06		527.753		
00:00:42:049		1.54292e+07		0.0945077		2.96359		526.575		6.96798e+06		527.749		
00:00:41:850		1.54294e+07		0.0949035		2.96275		526.59		6.96797e+06		527.75		
00:00:41:750		1.54295e+07		0.0951014		2.9623		526.599		6.96796e+06		527.75		
00:00:41:750		1.54295e+07		0.0951014		2.9623		526.599		6.96796e+06		527.75		
00:00:41:549		1.54297e+07		0.0954971		2.9615		526.614		6.96795e+06		527.749		
00:00:41:549		1.54297e+07		0.0954971		2.9615		526.614		6.96795e+06		527.749		
00:00:41:450		1.54298e+07		0.0956945		2.96106		526.621		6.96794e+06		527.751		
00:00:41:350		1.54299e+07		0.0958924		2.96065		526.629		6.96793e+06		527.752		
00:00:41:149		1.54301e+07		0.0962882		2.95985		526.644		6.96792e+06		527.755		
00:00:41:149		1.54301e+07		0.0962882		2.95985		526.644		6.96792e+06		527.755		
00:00:41:049		1.54302e+07		0.0964866		2.95945		526.651		6.96791e+06		527.753		
00:00:40:850		1.54304e+07		0.0968823		2.95856		526.668		6.9679e+06		527.753		
00:00:40:750		1.54304e+07		0.0970802		2.95816		526.675		6.96789e+06		527.757		
00:00:40:750		1.54304e+07		0.0970802		2.95816		526.675		6.96789e+06		527.757		
00:00:40:600		1.54306e+07		0.0973778		2.95757		526.686		6.96788e+06		527.754		
00:00:40:549		1.54306e+07		0.097477		2.95735		526.69		6.96788e+06		527.754		
00:00:40:450		1.54307e+07		0.0976753		2.95691		526.697		6.96787e+06		527.754		
00:00:40:350		1.54308e+07		0.0978732		2.9565		526.705		6.96787e+06		527.753		
00:00:40:250		1.54309e+07		0.0980716		2.95606		526.712		6.96786e+06		527.747		
00:00:40:149		1.5431e+07		0.0982699		2.95563		526.72		6.96785e+06		527.757		
00:00:40:000		1.54311e+07		0.0985675		2.95512		526.733		6.96784e+06		527.748		
00:00:39:899		1.54312e+07		0.0987654		2.95472		526.74		6.96784e+06		527.774		
00:00:39:799		1.54313e+07		0.0989642		2.95431		526.747		6.96783e+06		527.749		
00:00:39:700		1.54314e+07		0.0991626		2.95391		526.757		6.96782e+06		527.755		
00:00:39:649		1.54315e+07		0.0992618		2.95369		526.76		6.96782e+06		527.755		
00:00:39:549		1.54316e+07		0.0994601		2.95325		526.768		6.96781e+06		527.756		
00:00:39:399		1.54317e+07		0.0997581		2.95266		526.779		6.96781e+06		527.755		
00:00:39:299		1.54318e+07		0.0999565		2.95226		526.786		6.9678e+06		527.755		
00:00:39:200		1.54319e+07		0.100155		2.95181		526.794		6.96779e+06		527.75		
00:00:39:100		1.5432e+07		0.100354		2.95141		526.801		6.96779e+06		527.757		
00:00:39:000		1.54321e+07		0.100553		2.95101		526.81		6.96778e+06		527.757		
00:00:38:799		1.54323e+07		0.10095		2.9502		526.825		6.96777e+06		527.757		
00:00:38:799		1.54323e+07		0.10095		2.9502		526.825		6.96777e+06		527.757		
00:00:38:700		1.54324e+07		0.101149		2.94979		526.834		6.96776e+06		527.759		
00:00:38:600		1.54325e+07		0.101347		2.94939		526.842		6.96775e+06		527.772		
00:00:38:500		1.54326e+07		0.101546		2.94899		526.849		6.96775e+06		527.746		
00:00:38:399		1.54326e+07		0.101745		2.94867		526.857		6.96774e+06		527.756		
00:00:38:299		1.54327e+07		0.101944		2.94818		526.866		6.96774e+06		527.756		
00:00:38:200		1.54328e+07		0.102143		2.94774		526.873		6.96773e+06		527.755		
00:00:38:100		1.54329e+07		0.102342		2.94742		526.881		6.96772e+06		527.746		
00:00:38:000		1.5433e+07		0.10254		2.94697		526.888		6.96772e+06		527.747		
00:00:37:899		1.54331e+07		0.10274		2.94665		526.897		6.96771e+06		527.757		
00:00:37:799		1.54332e+07		0.102938		2.94618		526.905		6.9677e+06		527.757		
00:00:37:700		1.54333e+07		0.103137		2.94576		526.912		6.9677e+06		527.756		
00:00:37:600		1.54334e+07		0.103336		2.94541		526.921		6.96769e+06		527.75		
00:00:37:500		1.54335e+07		0.103536		2.94505		526.929		6.96769e+06		527.758		
00:00:37:399		1.54336e+07		0.103734		2.9446		526.936		6.96768e+06		527.757		
00:00:37:299		1.54337e+07		0.103934		2.94419		526.944		6.96767e+06		527.757		
00:00:37:200		1.54338e+07		0.104133		2.94383		526.951		6.96767e+06		527.756		
00:00:37:100		1.54339e+07		0.104331		2.94338		526.96		6.96766e+06		527.75		
00:00:37:000		1.5434e+07		0.104531		2.94302		526.968		6.96765e+06		527.757		
00:00:36:899		1.54341e+07		0.10473		2.94258		526.977		6.96765e+06		527.758		
00:00:36:799		1.54342e+07		0.104929		2.94221		526.984		6.96764e+06		527.76		
00:00:36:649		1.54343e+07		0.105228		2.94163		526.997		6.96763e+06		527.757		
00:00:36:600		1.54344e+07		0.105328		2.94145		527.003		6.96763e+06		527.757		
00:00:36:500		1.54344e+07		0.105526		2.941		527.01		6.96763e+06		527.758		
00:00:36:399		1.54345e+07		0.105726		2.9406		527.018		6.96762e+06		527.764		
00:00:36:299		1.54346e+07		0.105925		2.94028		527.025		6.96761e+06		527.777		
00:00:36:200		1.54347e+07		0.106124		2.93983		527.034		6.96761e+06		527.755		
00:00:36:100		1.54348e+07		0.106323		2.93947		527.042		6.9676e+06		527.755		
00:00:36:000		1.54349e+07		0.106523		2.93906		527.051		6.9676e+06		527.755		
00:00:35:899		1.5435e+07		0.106722		2.93862		527.06		6.96759e+06		527.754		
00:00:35:799		1.54352e+07		0.107021		2.93803		527.073		6.96758e+06		527.754		
00:00:35:649		1.54353e+07		0.10722		2.93771		527.081		6.96758e+06		527.752		
00:00:35:549		1.54354e+07		0.107419		2.93722		527.09		6.96757e+06		527.758		
00:00:35:450		1.54355e+07		0.107619		2.9369		527.097		6.96756e+06		527.754		
00:00:35:350		1.54356e+07		0.107818		2.93654		527.107		6.96756e+06		527.753		
00:00:35:299		1.54356e+07		0.107918		2.93644		527.11		6.96756e+06		527.755		
00:00:35:149		1.54357e+07		0.108217		2.93573		527.123		6.96755e+06		527.753		
00:00:35:049		1.54358e+07		0.108416		2.93529		527.132		6.96754e+06		527.753		
00:00:34:850		1.5436e+07		0.108815		2.93461		527.147		6.96753e+06		527.751		
00:00:34:850		1.5436e+07		0.108815		2.93461		527.147		6.96753e+06		527.751		
00:00:34:750		1.54361e+07		0.109014		2.9342		527.156		6.96752e+06		527.75		
00:00:34:750		1.54361e+07		0.109014		2.9342		527.156		6.96752e+06		527.75		
00:00:34:649		1.54362e+07		0.109214		2.9338		527.164		6.96752e+06		527.743		
00:00:34:549		1.54363e+07		0.109413		2.93343		527.173		6.96751e+06		527.756		
00:00:34:450		1.54364e+07		0.109612		2.93303		527.182		6.96751e+06		527.751		
00:00:34:350		1.54365e+07		0.109811		2.93262		527.192		6.9675e+06		527.739		
00:00:34:149		1.54367e+07		0.11021		2.9319		527.208		6.96749e+06		527.766		
00:00:34:149		1.54367e+07		0.11021		2.9319		527.208		6.96749e+06		527.766		
00:00:34:049		1.54368e+07		0.11041		2.93149		527.217		6.96748e+06		527.749		
00:00:33:950		1.54369e+07		0.110609		2.93113		527.225		6.96748e+06		527.747		
00:00:33:750		1.54371e+07		0.111008		2.93032		527.243		6.96747e+06		527.756		
00:00:33:750		1.54371e+07		0.111008		2.93032		527.243		6.96747e+06		527.756		
00:00:33:649		1.54372e+07		0.111207		2.92995		527.253		6.96746e+06		527.746		
00:00:33:450		1.54374e+07		0.111606		2.92927		527.271		6.96745e+06		527.747		
00:00:33:450		1.54374e+07		0.111606		2.92927		527.271		6.96745e+06		527.747		
00:00:33:350		1.54375e+07		0.111805		2.92882		527.279		6.96745e+06		527.745		
00:00:33:250		1.54376e+07		0.112004		2.92846		527.288		6.96744e+06		527.743		
00:00:33:049		1.54378e+07		0.112403		2.92765		527.306		6.96743e+06		527.749		
00:00:33:049		1.54378e+07		0.112403		2.92765		527.306		6.96743e+06		527.749		
00:00:32:950		1.54379e+07		0.112602		2.92732		527.314		6.96742e+06		527.744		
00:00:32:750		1.54381e+07		0.113001		2.92655		527.332		6.96741e+06		527.741		
00:00:32:750		1.54381e+07		0.113001		2.92655		527.332		6.96741e+06		527.741		
00:00:32:649		1.54382e+07		0.113201		2.92628		527.341		6.96741e+06		527.751		
00:00:32:500		1.54383e+07		0.1135		2.92556		527.354		6.9674e+06		527.741		
00:00:32:450		1.54384e+07		0.113599		2.92542		527.36		6.9674e+06		527.739		
00:00:32:350		1.54385e+07		0.113799		2.92507		527.369		6.96739e+06		527.741		
00:00:32:250		1.54386e+07		0.113997		2.92475		527.378		6.96738e+06		527.74		
00:00:32:149		1.54387e+07		0.114197		2.92438		527.388		6.96738e+06		527.739		
00:00:31:850		1.54389e+07		0.114794		2.92316		527.417		6.96736e+06		527.738		
00:00:31:850		1.54389e+07		0.114794		2.92316		527.417		6.96736e+06		527.738		
00:00:31:750		1.54391e+07		0.115093		2.92262		527.43		6.96736e+06		527.736		
00:00:31:750		1.54391e+07		0.115093		2.92262		527.43		6.96736e+06		527.736		
00:00:31:649		1.54391e+07		0.115192		2.92244		527.436		6.96735e+06		527.736		
00:00:31:500		1.54393e+07		0.115491		2.92189		527.449		6.96734e+06		527.729		
00:00:31:399		1.54394e+07		0.11569		2.92157		527.458		6.96734e+06		527.734		
00:00:31:300		1.54395e+07		0.11589		2.92112		527.467		6.96733e+06		527.722		
00:00:31:199		1.54396e+07		0.116089		2.9208		527.476		6.96733e+06		527.743		
00:00:31:100		1.54397e+07		0.116288		2.92043		527.488		6.96732e+06		527.733		
00:00:31:000		1.54398e+07		0.116487		2.92003		527.497		6.96732e+06		527.731		
00:00:30:800		1.544e+07		0.116884		2.91925		527.515		6.96731e+06		527.731		
00:00:30:699		1.54401e+07		0.117084		2.91893		527.525		6.9673e+06		527.731		
00:00:30:699		1.54401e+07		0.117084		2.91893		527.525		6.9673e+06		527.731		
00:00:30:600		1.54402e+07		0.117282		2.91861		527.534		6.9673e+06		527.73		
00:00:30:500		1.54403e+07		0.117481		2.91825		527.543		6.96729e+06		527.729		
00:00:30:399		1.54404e+07		0.11768		2.91784		527.552		6.96729e+06		527.728		
00:00:30:300		1.54405e+07		0.117879		2.91748		527.563		6.96728e+06		527.728		
00:00:30:199		1.54406e+07		0.118077		2.91711		527.573		6.96728e+06		527.726		
00:00:30:100		1.54407e+07		0.118277		2.91675		527.582		6.96727e+06		527.726		
00:00:30:000		1.54408e+07		0.118475		2.91638		527.591		6.96727e+06		527.724		
00:00:29:800		1.5441e+07		0.118872		2.91561		527.61		6.96725e+06		527.721		
00:00:29:800		1.5441e+07		0.118872		2.91561		527.61		6.96725e+06		527.721		
00:00:29:699		1.54411e+07		0.119071		2.91529		527.619		6.96725e+06		527.719		
00:00:29:600		1.54412e+07		0.119269		2.91502		527.628		6.96724e+06		527.701		
00:00:29:500		1.54413e+07		0.119468		2.91466		527.637		6.96724e+06		527.723		
00:00:29:399		1.54414e+07		0.119667		2.91429		527.647		6.96723e+06		527.715		
00:00:29:300		1.54415e+07		0.119865		2.91392		527.658		6.96723e+06		527.715		
00:00:29:199		1.54416e+07		0.120064		2.91356		527.667		6.96722e+06		527.707		
00:00:29:100		1.54417e+07		0.120262		2.91324		527.676		6.96722e+06		527.717		
00:00:29:000		1.54418e+07		0.12046		2.91287		527.685		6.96721e+06		527.709		
00:00:28:899		1.54419e+07		0.120659		2.91251		527.695		6.96721e+06		527.715		
00:00:28:800		1.5442e+07		0.120857		2.91214		527.704		6.9672e+06		527.715		
00:00:28:699		1.54421e+07		0.121055		2.91178		527.713		6.9672e+06		527.714		
00:00:28:600		1.54422e+07		0.121253		2.9115		527.722		6.96719e+06		527.712		
00:00:28:500		1.54423e+07		0.121451		2.91109		527.733		6.96719e+06		527.712		
00:00:28:399		1.54424e+07		0.121649		2.91077		527.743		6.96718e+06		527.713		
00:00:28:250		1.54425e+07		0.121946		2.91018		527.757		6.96717e+06		527.709		
00:00:28:199		1.54426e+07		0.122045		2.91004		527.763		6.96717e+06		527.708		
00:00:28:100		1.54427e+07		0.122243		2.90972		527.772		6.96717e+06		527.709		
00:00:27:949		1.54428e+07		0.12254		2.90921		527.787		6.96716e+06		527.698		
00:00:27:850		1.54429e+07		0.122738		2.9088		527.796		6.96715e+06		527.704		
00:00:27:750		1.5443e+07		0.122935		2.90844		527.806		6.96715e+06		527.702		
00:00:27:649		1.54431e+07		0.123133		2.90816		527.815		6.96714e+06		527.69		
00:00:27:600		1.54432e+07		0.123231		2.90798		527.82		6.96714e+06		527.711		
00:00:27:500		1.54433e+07		0.123429		2.90761		527.83		6.96714e+06		527.69		
00:00:27:399		1.54434e+07		0.123627		2.90725		527.839		6.96713e+06		527.698		
00:00:27:250		1.54435e+07		0.123923		2.90674		527.854		6.96712e+06		527.698		
00:00:27:149		1.54436e+07		0.12412		2.90642		527.863		6.96712e+06		527.697		
00:00:27:050		1.54437e+07		0.124317		2.9061		527.872		6.96711e+06		527.695		
00:00:26:850		1.54439e+07		0.124712		2.90541		527.892		6.9671e+06		527.686		
00:00:26:750		1.5444e+07		0.124909		2.90506		527.902		6.9671e+06		527.692		
00:00:26:750		1.5444e+07		0.124909		2.90506		527.902		6.9671e+06		527.692		
00:00:26:649		1.54441e+07		0.125106		2.90473		527.911		6.96709e+06		527.69		
00:00:26:550		1.54442e+07		0.125303		2.90441		527.92		6.96709e+06		527.682		
00:00:26:449		1.54443e+07		0.1255		2.90404		527.929		6.96708e+06		527.689		
00:00:26:350		1.54444e+07		0.125697		2.90372		527.94		6.96708e+06		527.688		
00:00:26:350		1.54444e+07		0.125697		2.90372		527.94		6.96708e+06		527.688		
00:00:26:250		1.54445e+07		0.125894		2.90339		527.95		6.96707e+06		527.686		
00:00:26:149		1.54446e+07		0.126091		2.90307		527.959		6.96707e+06		527.683		
00:00:26:050		1.54447e+07		0.126287		2.90271		527.968		6.96706e+06		527.684		
00:00:25:949		1.54448e+07		0.126483		2.90243		527.979		6.96706e+06		527.682		
00:00:25:750		1.5445e+07		0.126876		2.9017		528		6.96705e+06		527.679		
00:00:25:750		1.5445e+07		0.126876		2.9017		528		6.96705e+06		527.679		
00:00:25:649		1.54451e+07		0.127072		2.90142		528.009		6.96704e+06		527.677		
00:00:25:550		1.54452e+07		0.127269		2.90105		528.02		6.96704e+06		527.675		
00:00:25:350		1.54454e+07		0.127661		2.9004		528.038		6.96702e+06		527.674		
00:00:25:250		1.54455e+07		0.127857		2.90004		528.049		6.96702e+06		527.673		
00:00:25:149		1.54456e+07		0.128053		2.89976		528.059		6.96701e+06		527.672		
00:00:25:149		1.54456e+07		0.128053		2.89976		528.059		6.96701e+06		527.672		
00:00:25:050		1.54457e+07		0.128249		2.89943		528.068		6.96701e+06		527.669		
00:00:24:850		1.54459e+07		0.128641		2.89879		528.088		6.967e+06		527.663		
00:00:24:750		1.5446e+07		0.128836		2.89847		528.099		6.96699e+06		527.673		
00:00:24:750		1.5446e+07		0.128836		2.89847		528.099		6.96699e+06		527.673		
00:00:24:649		1.54461e+07		0.129031		2.8981		528.109		6.96699e+06		527.665		
00:00:24:550		1.54462e+07		0.129227		2.89778		528.12		6.96698e+06		527.662		
00:00:24:449		1.54463e+07		0.129422		2.89745		528.129		6.96698e+06		527.66		
00:00:24:350		1.54464e+07		0.129617		2.89713		528.138		6.96697e+06		527.657		
00:00:24:149		1.54466e+07		0.130008		2.89648		528.16		6.96696e+06		527.643		
00:00:24:050		1.54467e+07		0.130203		2.89616		528.169		6.96696e+06		527.653		
00:00:24:050		1.54467e+07		0.130203		2.89616		528.169		6.96696e+06		527.653		
00:00:23:800		1.5447e+07		0.13069		2.89537		528.195		6.96694e+06		527.651		
00:00:23:699		1.54471e+07		0.130884		2.89507		528.205		6.96694e+06		527.649		
00:00:23:699		1.54471e+07		0.130884		2.89507		528.205		6.96694e+06		527.649		
00:00:23:649		1.54472e+07		0.130982		2.89493		528.21		6.96694e+06		527.648		
00:00:23:550		1.54473e+07		0.131176		2.89464		528.219		6.96693e+06		527.642		
00:00:23:399		1.54474e+07		0.131468		2.89413		528.236		6.96692e+06		527.635		
00:00:23:300		1.54475e+07		0.131662		2.89385		528.247		6.96692e+06		527.643		
00:00:23:199		1.54476e+07		0.131856		2.89353		528.258		6.96691e+06		527.642		
00:00:23:100		1.54477e+07		0.132051		2.89321		528.267		6.96691e+06		527.639		
00:00:23:000		1.54478e+07		0.132245		2.89288		528.278		6.9669e+06		527.636		
00:00:22:899		1.54479e+07		0.132439		2.89256		528.288		6.9669e+06		527.635		
00:00:22:699		1.54481e+07		0.132826		2.89196		528.308		6.96689e+06		527.629		
00:00:22:699		1.54481e+07		0.132826		2.89196		528.308		6.96689e+06		527.629		
00:00:22:649		1.54482e+07		0.132923		2.89177		528.313		6.96688e+06		527.623		
00:00:22:550		1.54483e+07		0.133117		2.89149		528.325		6.96688e+06		527.628		
00:00:22:449		1.54484e+07		0.13331		2.89117		528.334		6.96687e+06		527.626		
00:00:22:350		1.54485e+07		0.133504		2.8908		528.345		6.96687e+06		527.624		
00:00:22:250		1.54486e+07		0.133697		2.89052		528.356		6.96686e+06		527.622		
00:00:22:149		1.54487e+07		0.133891		2.8902		528.365		6.96685e+06		527.62		
00:00:22:050		1.54488e+07		0.134084		2.88992		528.376		6.96685e+06		527.616		
00:00:21:800		1.54491e+07		0.134566		2.88913		528.402		6.96683e+06		527.604		
00:00:21:699		1.54492e+07		0.134759		2.88881		528.413		6.96683e+06		527.612		
00:00:21:699		1.54492e+07		0.134759		2.88881		528.413		6.96683e+06		527.612		
00:00:21:600		1.54493e+07		0.134952		2.88853		528.424		6.96682e+06		527.61		
00:00:21:500		1.54494e+07		0.135144		2.8882		528.433		6.96682e+06		527.607		
00:00:21:399		1.54495e+07		0.135337		2.88784		528.445		6.96681e+06		527.599		
00:00:21:300		1.54496e+07		0.13553		2.88756		528.454		6.96681e+06		527.604		
00:00:21:199		1.54497e+07		0.135722		2.88728		528.465		6.9668e+06		527.601		
00:00:21:100		1.54498e+07		0.135914		2.88699		528.476		6.96679e+06		527.594		
00:00:21:000		1.54499e+07		0.136106		2.88672		528.487		6.96679e+06		527.598		
00:00:20:800		1.54501e+07		0.13649		2.88607		528.507		6.96678e+06		527.596		
00:00:20:699		1.54502e+07		0.136682		2.88574		528.518		6.96677e+06		527.594		
00:00:20:699		1.54502e+07		0.136682		2.88574		528.518		6.96677e+06		527.594		
00:00:20:600		1.54503e+07		0.136874		2.88542		528.528		6.96677e+06		527.592		
00:00:20:500		1.54504e+07		0.137065		2.88518		528.539		6.96676e+06		527.589		
00:00:20:399		1.54505e+07		0.137257		2.88482		528.548		6.96675e+06		527.589		
00:00:20:300		1.54506e+07		0.137448		2.88454		528.559		6.96675e+06		527.587		
00:00:20:199		1.54507e+07		0.13764		2.88421		528.57		6.96674e+06		527.585		
00:00:20:100		1.54508e+07		0.137831		2.88389		528.581		6.96674e+06		527.583		
00:00:20:000		1.54509e+07		0.138022		2.88361		528.592		6.96673e+06		527.58		
00:00:19:899		1.5451e+07		0.138213		2.88333		528.601		6.96672e+06		527.586		
00:00:19:800		1.54512e+07		0.138404		2.88301		528.613		6.96672e+06		527.59		
00:00:19:699		1.54513e+07		0.138596		2.88268		528.624		6.96671e+06		527.576		
00:00:19:600		1.54514e+07		0.138786		2.88236		528.633		6.9667e+06		527.574		
00:00:19:500		1.54515e+07		0.138977		2.88208		528.644		6.9667e+06		527.571		
00:00:19:399		1.54516e+07		0.139167		2.8818		528.655		6.96669e+06		527.571		
00:00:19:300		1.54517e+07		0.139358		2.88148		528.664		6.96669e+06		527.569		
00:00:19:199		1.54518e+07		0.139548		2.8812		528.675		6.96668e+06		527.567		
00:00:19:100		1.54519e+07		0.139738		2.88083		528.685		6.96667e+06		527.566		
00:00:19:000		1.5452e+07		0.139928		2.88059		528.696		6.96667e+06		527.562		
00:00:18:850		1.54522e+07		0.140213		2.88013		528.71		6.96666e+06		527.561		
00:00:18:750		1.54523e+07		0.140403		2.87989		528.721		6.96665e+06		527.56		
00:00:18:649		1.54524e+07		0.140593		2.87957		528.732		6.96665e+06		527.557		
00:00:18:550		1.54525e+07		0.140783		2.87929		528.744		6.96664e+06		527.553		
00:00:18:449		1.54526e+07		0.140973		2.87898		528.755		6.96663e+06		527.578		
00:00:18:449		1.54526e+07		0.140973		2.87898		528.755		6.96663e+06		527.578		
00:00:18:350		1.54527e+07		0.141162		2.87864		528.764		6.96663e+06		527.553		
00:00:18:250		1.54528e+07		0.141352		2.87841		528.777		6.96662e+06		527.552		
00:00:18:149		1.54529e+07		0.141541		2.87808		528.786		6.96661e+06		527.55		
00:00:17:949		1.54531e+07		0.141919		2.87752		528.806		6.9666e+06		527.547		
00:00:17:850		1.54532e+07		0.142108		2.8772		528.817		6.96659e+06		527.546		
00:00:17:750		1.54533e+07		0.142297		2.87692		528.828		6.96659e+06		527.544		
00:00:17:750		1.54533e+07		0.142297		2.87692		528.828		6.96659e+06		527.544		
00:00:17:550		1.54536e+07		0.142674		2.87632		528.849		6.96657e+06		527.54		
00:00:17:550		1.54536e+07		0.142674		2.87632		528.849		6.96657e+06		527.54		
00:00:17:449		1.54537e+07		0.142862		2.876		528.86		6.96657e+06		527.539		
00:00:17:350		1.54538e+07		0.143051		2.87576		528.869		6.96656e+06		527.538		
00:00:17:250		1.54539e+07		0.143239		2.87544		528.88		6.96655e+06		527.535		
00:00:17:149		1.5454e+07		0.143427		2.8752		528.889		6.96655e+06		527.534		
00:00:17:050		1.54541e+07		0.143615		2.87484		528.9		6.96654e+06		527.532		
00:00:16:949		1.54542e+07		0.143803		2.87451		528.91		6.96653e+06		527.531		
00:00:16:750		1.54544e+07		0.144179		2.87391		528.93		6.96652e+06		527.526		
00:00:16:750		1.54544e+07		0.144179		2.87391		528.93		6.96652e+06		527.526		
00:00:16:649		1.54545e+07		0.144367		2.87368		528.941		6.96651e+06		527.524		
00:00:16:550		1.54547e+07		0.144554		2.87335		528.952		6.96651e+06		527.517		
00:00:16:449		1.54548e+07		0.144742		2.87303		528.961		6.9665e+06		527.523		
00:00:16:350		1.54549e+07		0.144928		2.87275		528.972		6.96649e+06		527.521		
00:00:16:250		1.5455e+07		0.145116		2.87243		528.983		6.96649e+06		527.519		
00:00:16:149		1.54551e+07		0.145303		2.87215		528.992		6.96648e+06		527.517		
00:00:15:949		1.54553e+07		0.145676		2.87155		529.015		6.96646e+06		527.506		
00:00:15:949		1.54553e+07		0.145676		2.87155		529.015		6.96646e+06		527.506		
00:00:15:750		1.54555e+07		0.146049		2.87095		529.035		6.96645e+06		527.513		
00:00:15:750		1.54555e+07		0.146049		2.87095		529.035		6.96645e+06		527.513		
00:00:15:650		1.54557e+07		0.146236		2.87067		529.044		6.96644e+06		527.511		
00:00:15:550		1.54558e+07		0.146423		2.87035		529.055		6.96644e+06		527.508		
00:00:15:449		1.54559e+07		0.146609		2.87007		529.064		6.96643e+06		527.487		
00:00:15:300		1.5456e+07		0.146888		2.86965		529.079		6.96642e+06		527.508		
00:00:15:199		1.54562e+07		0.147074		2.86933		529.09		6.96641e+06		527.505		
00:00:15:099		1.54563e+07		0.14726		2.8691		529.099		6.9664e+06		527.504		
00:00:15:000		1.54564e+07		0.147446		2.86878		529.109		6.9664e+06		527.494		
00:00:14:800		1.54566e+07		0.147817		2.86818		529.129		6.96638e+06		527.499		
00:00:14:699		1.54567e+07		0.148003		2.86786		529.138		6.96637e+06		527.497		
00:00:14:699		1.54567e+07		0.148003		2.86786		529.138		6.96637e+06		527.497		
00:00:14:650		1.54568e+07		0.148095		2.86776		529.142		6.96637e+06		527.49		
00:00:14:550		1.54569e+07		0.14828		2.86744		529.151		6.96636e+06		527.496		
00:00:14:449		1.5457e+07		0.148465		2.86721		529.162		6.96636e+06		527.489		
00:00:14:349		1.54571e+07		0.14865		2.86688		529.171		6.96635e+06		527.493		
00:00:14:250		1.54572e+07		0.148835		2.86661		529.181		6.96634e+06		527.492		
00:00:14:150		1.54574e+07		0.14902		2.86637		529.192		6.96633e+06		527.491		
00:00:14:050		1.54575e+07		0.149204		2.86605		529.201		6.96633e+06		527.49		
00:00:13:900		1.54576e+07		0.149481		2.86559		529.216		6.96632e+06		527.488		
00:00:13:699		1.54579e+07		0.149849		2.865		529.236		6.9663e+06		527.485		
00:00:13:699		1.54579e+07		0.149849		2.865		529.236		6.9663e+06		527.485		
00:00:13:599		1.5458e+07		0.150033		2.86476		529.245		6.96629e+06		527.484		
00:00:13:500		1.54581e+07		0.150218		2.86449		529.256		6.96629e+06		527.483		
00:00:13:400		1.54582e+07		0.150401		2.86421		529.265		6.96628e+06		527.482		
00:00:13:300		1.54583e+07		0.150585		2.86393		529.276		6.96627e+06		527.481		
00:00:13:199		1.54585e+07		0.150769		2.86366		529.286		6.96626e+06		527.478		
00:00:13:099		1.54586e+07		0.150952		2.86338		529.297		6.96626e+06		527.477		
00:00:13:000		1.54587e+07		0.151135		2.86315		529.306		6.96625e+06		527.475		
00:00:12:800		1.54589e+07		0.151502		2.86251		529.326		6.96623e+06		527.475		
00:00:12:699		1.5459e+07		0.151685		2.86228		529.335		6.96623e+06		527.474		
00:00:12:699		1.5459e+07		0.151685		2.86228		529.335		6.96623e+06		527.474		
00:00:12:599		1.54592e+07		0.151868		2.862		529.346		6.96622e+06		527.473		
00:00:12:500		1.54593e+07		0.152051		2.86172		529.356		6.96621e+06		527.471		
00:00:12:449		1.54594e+07		0.152234		2.86145		529.365		6.9662e+06		527.47		
00:00:12:300		1.54595e+07		0.152417		2.86117		529.374		6.9662e+06		527.469		
00:00:12:199		1.54596e+07		0.152599		2.8609		529.385		6.96619e+06		527.468		
00:00:12:099		1.54598e+07		0.152781		2.86062		529.394		6.96618e+06		527.467		
00:00:12:000		1.54599e+07		0.152964		2.86039		529.404		6.96617e+06		527.466		
00:00:11:800		1.54601e+07		0.153329		2.8598		529.424		6.96616e+06		527.463		
00:00:11:699		1.54602e+07		0.153512		2.85957		529.433		6.96615e+06		527.461		
00:00:11:699		1.54602e+07		0.153512		2.85957		529.433		6.96615e+06		527.461		
00:00:11:599		1.54604e+07		0.153694		2.85929		529.442		6.96614e+06		527.459		
00:00:11:500		1.54605e+07		0.153875		2.85902		529.451		6.96613e+06		527.46		
00:00:11:400		1.54606e+07		0.154058		2.85874		529.461		6.96613e+06		527.458		
00:00:11:300		1.54607e+07		0.15424		2.85847		529.472		6.96612e+06		527.458		
00:00:11:199		1.54608e+07		0.154422		2.85815		529.481		6.96611e+06		527.458		
00:00:11:099		1.5461e+07		0.154604		2.85796		529.49		6.9661e+06		527.456		
00:00:11:000		1.54611e+07		0.154786		2.85769		529.503		6.96609e+06		527.456		
00:00:10:900		1.54612e+07		0.154968		2.85741		529.51		6.96609e+06		527.455		
00:00:10:750		1.54614e+07		0.155241		2.857		529.525		6.96607e+06		527.454		
00:00:10:650		1.54615e+07		0.155422		2.85673		529.534		6.96607e+06		527.451		
00:00:10:550		1.54616e+07		0.155604		2.85646		529.545		6.96606e+06		527.449		
00:00:10:500		1.54617e+07		0.155695		2.85641		529.549		6.96605e+06		527.448		
00:00:10:400		1.54618e+07		0.155877		2.85609		529.558		6.96605e+06		527.451		
00:00:10:300		1.54619e+07		0.156059		2.85582		529.568		6.96604e+06		527.449		
00:00:10:199		1.54621e+07		0.156241		2.85559		529.577		6.96603e+06		527.449		
00:00:10:099		1.54622e+07		0.156423		2.85532		529.586		6.96602e+06		527.448		
00:00:10:000		1.54623e+07		0.156604		2.85509		529.593		6.96601e+06		527.447		
00:00:09:900		1.54624e+07		0.156786		2.85477		529.603		6.966e+06		527.444		
00:00:09:800		1.54626e+07		0.156968		2.85454		529.612		6.966e+06		527.446		
00:00:09:699		1.54627e+07		0.15715		2.85431		529.621		6.96599e+06		527.445		
00:00:09:599		1.54628e+07		0.157332		2.85404		529.63		6.96598e+06		527.443		
00:00:09:449		1.5463e+07		0.157606		2.85368		529.643		6.96597e+06		527.442		
00:00:09:349		1.54631e+07		0.157788		2.85341		529.652		6.96596e+06		527.441		
00:00:09:250		1.54633e+07		0.15797		2.85314		529.661		6.96595e+06		527.44		
00:00:09:150		1.54634e+07		0.158152		2.85296		529.671		6.96594e+06		527.432		
00:00:09:050		1.54635e+07		0.158334		2.85269		529.68		6.96593e+06		527.438		
00:00:09:050		1.54635e+07		0.158334		2.85269		529.68		6.96593e+06		527.438		
00:00:08:949		1.54637e+07		0.158517		2.85242		529.689		6.96592e+06		527.437		
00:00:08:750		1.54639e+07		0.158882		2.85192		529.706		6.96591e+06		527.427		
00:00:08:750		1.54639e+07		0.158882		2.85192		529.706		6.96591e+06		527.427		
00:00:08:650		1.54641e+07		0.159065		2.85169		529.715		6.9659e+06		527.434		
00:00:08:550		1.54642e+07		0.159248		2.85143		529.724		6.96589e+06		527.432		
00:00:08:449		1.54643e+07		0.159431		2.85116		529.731		6.96588e+06		527.43		
00:00:08:349		1.54645e+07		0.159614		2.85098		529.741		6.96587e+06		527.422		
00:00:08:250		1.54646e+07		0.159798		2.85071		529.748		6.96586e+06		527.428		
00:00:08:150		1.54647e+07		0.159981		2.85044		529.757		6.96585e+06		527.421		
00:00:08:050		1.54649e+07		0.160165		2.85026		529.765		6.96584e+06		527.425		
00:00:07:950		1.5465e+07		0.160348		2.84999		529.774		6.96583e+06		527.426		
00:00:07:750		1.54653e+07		0.160715		2.84951		529.79		6.96581e+06		527.424		
00:00:07:650		1.54654e+07		0.160899		2.84933		529.798		6.96581e+06		527.423		
00:00:07:650		1.54654e+07		0.160899		2.84933		529.798		6.96581e+06		527.423		
00:00:07:549		1.54656e+07		0.161083		2.84907		529.807		6.9658e+06		527.427		
00:00:07:450		1.54657e+07		0.161268		2.84885		529.814		6.96579e+06		527.422		
00:00:07:349		1.54658e+07		0.161452		2.84858		529.823		6.96578e+06		527.42		
00:00:07:250		1.5466e+07		0.161637		2.84836		529.831		6.96577e+06		527.419		
00:00:07:049		1.54663e+07		0.162007		2.84788		529.846		6.96575e+06		527.414		
00:00:07:049		1.54663e+07		0.162007		2.84788		529.846		6.96575e+06		527.414		
00:00:06:950		1.54664e+07		0.162193		2.84765		529.855		6.96574e+06		527.412		
00:00:06:700		1.54668e+07		0.162656		2.84713		529.875		6.96571e+06		527.407		
00:00:06:700		1.54668e+07		0.162656		2.84713		529.875		6.96571e+06		527.407		
00:00:06:599		1.54669e+07		0.162841		2.84696		529.882		6.9657e+06		527.403		
00:00:06:500		1.54671e+07		0.163026		2.8467		529.89		6.96569e+06		527.401		
00:00:06:400		1.54672e+07		0.163211		2.84645		529.897		6.96568e+06		527.403		
00:00:06:299		1.54674e+07		0.163396		2.84624		529.906		6.96567e+06		527.389		
00:00:06:200		1.54675e+07		0.163581		2.84607		529.914		6.96566e+06		527.418		
00:00:06:099		1.54677e+07		0.163767		2.84577		529.921		6.96565e+06		527.395		
00:00:06:049		1.54677e+07		0.16386		2.84573		529.925		6.96564e+06		527.394		
00:00:05:950		1.54679e+07		0.164047		2.84547		529.932		6.96563e+06		527.391		
00:00:05:750		1.54682e+07		0.164423		2.84508		529.947		6.96561e+06		527.384		
00:00:05:750		1.54682e+07		0.164423		2.84508		529.947		6.96561e+06		527.384		
00:00:05:650		1.54684e+07		0.16461		2.84482		529.954		6.9656e+06		527.379		
00:00:05:549		1.54685e+07		0.164798		2.84469		529.962		6.96559e+06		527.374		
00:00:05:400		1.54688e+07		0.165079		2.84435		529.973		6.96557e+06		527.371		
00:00:05:299		1.54689e+07		0.165264		2.8441		529.978		6.96556e+06		527.367		
00:00:05:200		1.54691e+07		0.165449		2.84394		529.987		6.96555e+06		527.362		
00:00:05:099		1.54692e+07		0.165634		2.84384		529.993		6.96554e+06		527.356		
00:00:05:000		1.54694e+07		0.165817		2.84361		530		6.96553e+06		527.354		
00:00:04:900		1.54696e+07		0.166001		2.84337		530.008		6.96551e+06		527.348		
00:00:04:700		1.54699e+07		0.166372		2.84289		530.02		6.96549e+06		527.339		
00:00:04:700		1.54699e+07		0.166372		2.84289		530.02		6.96549e+06		527.339		
00:00:04:599		1.547e+07		0.166561		2.84264		530.028		6.96548e+06		527.334		
00:00:04:500		1.54702e+07		0.16675		2.84243		530.035		6.96546e+06		527.327		
00:00:04:400		1.54704e+07		0.166942		2.8422		530.041		6.96545e+06		527.319		
00:00:04:299		1.54706e+07		0.167135		2.84202		530.046		6.96544e+06		527.311		
00:00:04:200		1.54708e+07		0.167326		2.84187		530.052		6.96542e+06		527.305		
00:00:04:099		1.5471e+07		0.167516		2.8417		530.059		6.96541e+06		527.297		
00:00:04:000		1.54712e+07		0.167703		2.84158		530.065		6.9654e+06		527.292		
00:00:03:899		1.54713e+07		0.167885		2.84148		530.07		6.96538e+06		527.282		
00:00:03:700		1.54717e+07		0.16824		2.84113		530.083		6.96536e+06		527.267		
00:00:03:700		1.54717e+07		0.16824		2.84113		530.083		6.96536e+06		527.267		
00:00:03:600		1.54718e+07		0.168414		2.84099		530.089		6.96534e+06		527.258		
00:00:03:500		1.5472e+07		0.168589		2.84068		530.094		6.96533e+06		527.249		
00:00:03:399		1.54721e+07		0.168767		2.84039		530.1		6.96531e+06		527.239		
00:00:03:299		1.54722e+07		0.168951		2.84004		530.105		6.9653e+06		527.228		
00:00:03:200		1.54724e+07		0.16914		2.83979		530.111		6.96528e+06		527.217		
00:00:03:100		1.54726e+07		0.169337		2.8395		530.114		6.96527e+06		527.205		
00:00:03:000		1.54729e+07		0.169538		2.83927		530.12		6.96525e+06		527.193		
00:00:02:799		1.54734e+07		0.169939		2.83905		530.129		6.96522e+06		527.171		
00:00:02:700		1.54737e+07		0.17013		2.83911		530.135		6.9652e+06		527.157		
00:00:02:700		1.54737e+07		0.17013		2.83911		530.135		6.9652e+06		527.157		
00:00:02:600		1.5474e+07		0.170309		2.83917		530.138		6.96519e+06		527.138		
00:00:02:450		1.54743e+07		0.170549		2.83925		530.146		6.96516e+06		527.127		
00:00:02:350		1.54744e+07		0.170694		2.83922		530.149		6.96515e+06		527.099		
00:00:02:250		1.54745e+07		0.170832		2.8391		530.153		6.96513e+06		527.098		
00:00:02:149		1.54746e+07		0.170968		2.83878		530.157		6.96511e+06		527.083		
00:00:02:049		1.54747e+07		0.171112		2.8382		530.159		6.9651e+06		527.066		
00:00:01:949		1.54748e+07		0.171271		2.83755		530.162		6.96508e+06		527.053		
00:00:01:949		1.54748e+07		0.171271		2.83755		530.162		6.96508e+06		527.053		
00:00:01:750		1.54752e+07		0.171651		2.83654		530.169		6.96504e+06		527.017		
00:00:01:750		1.54752e+07		0.171651		2.83654		530.169		6.96504e+06		527.017		
00:00:01:649		1.54756e+07		0.171867		2.83622		530.171		6.96503e+06		526.998		
00:00:01:550		1.54761e+07		0.17209		2.83575		530.177		6.96501e+06		526.979		
00:00:01:449		1.54766e+07		0.172304		2.83564		530.181		6.96499e+06		526.955		
00:00:01:350		1.54772e+07		0.172493		2.83615		530.184		6.96497e+06		526.93		
00:00:01:250		1.54777e+07		0.172645		2.83717		530.188		6.96494e+06		526.897		
00:00:01:149		1.54782e+07		0.172751		2.83809		530.192		6.96492e+06		526.876		
00:00:01:050		1.54784e+07		0.172812		2.83808		530.195		6.9649e+06		526.847		
00:00:00:949		1.54786e+07		0.172837		2.8369		530.197		6.96488e+06		526.825		
00:00:00:750		1.54786e+07		0.17284		2.83574		530.203		6.96486e+06		526.821		
00:00:00:650		1.54786e+07		0.172839		2.83569		530.206		6.96486e+06		526.815		
00:00:00:550		1.54786e+07		0.17284		2.83569		530.21		6.96486e+06		526.837		
00:00:00:550		1.54786e+07		0.17284		2.83569		530.21		6.96486e+06		526.837		
00:00:00:349		1.54786e+07		0.17284		2.83568		530.216		6.96485e+06		526.823		
00:00:00:349		1.54786e+07		0.17284		2.83568		530.216		6.96485e+06		526.823		
00:00:00:250		1.54786e+07		0.17284		2.83572		530.219		6.96484e+06		526.824		
00:00:00:149		1.54785e+07		0.17284		2.83572		530.221		6.96484e+06		526.817		
00:00:00:050		1.54785e+07		0.17284		2.83567		530.223		6.96484e+06		526.826		
00:00:00:000		1.54785e+07		0.17284		2.83571		530.225		6.96483e+06		526.826		
00:00:00:000		1.54785e+07		0.17284		2.83571		530.225		6.96483e+06		526.826		
00:00:00:000		1.54785e+07		0.17284		2.83571		530.225		6.96483e+06		526.826		
00:00:00:000		1.54785e+07		0.17284		2.83571		530.225		6.96483e+06		526.826		
00:00:00:000		1.54785e+07		0.17284		2.83571		530.225		6.96483e+06		526.826		
00:00:00:000		1.54785e+07		0.17284		2.83571		530.225		6.96483e+06		526.826		
