	time 		rcpppzr	rcp054rcp007mnzoyout	rcv501std0102fvol	fwfrcp001gv	rcppmssga	msfsg(1)	
00:01:05:700		1.54464e+07		0.114104		2.95742		527.597		6.9689e+06		527.033		
00:01:05:599		1.54465e+07		0.114189		2.95704		527.599		6.96889e+06		527.053		
00:01:05:500		1.54465e+07		0.114274		2.95689		527.6		6.96889e+06		527.053		
00:01:05:400		1.54465e+07		0.114359		2.95661		527.6		6.96888e+06		527.053		
00:01:05:299		1.54466e+07		0.114445		2.95634		527.602		6.96887e+06		527.053		
00:01:05:200		1.54466e+07		0.11453		2.95606		527.604		6.96886e+06		527.053		
00:01:05:099		1.54466e+07		0.114615		2.9557		527.606		6.96885e+06		527.052		
00:01:05:000		1.54467e+07		0.114701		2.95547		527.606		6.96885e+06		527.053		
00:01:04:900		1.54467e+07		0.114786		2.95519		527.608		6.96884e+06		527.053		
00:01:04:799		1.54467e+07		0.114872		2.95492		527.61		6.96883e+06		527.053		
00:01:04:700		1.54467e+07		0.114957		2.95464		527.611		6.96882e+06		527.053		
00:01:04:599		1.54468e+07		0.115042		2.95432		527.613		6.96882e+06		527.052		
00:01:04:500		1.54468e+07		0.115128		2.95404		527.613		6.96881e+06		527.052		
00:01:04:299		1.54469e+07		0.115299		2.95345		527.617		6.96879e+06		527.054		
00:01:04:299		1.54469e+07		0.115299		2.95345		527.617		6.96879e+06		527.054		
00:01:04:250		1.54469e+07		0.115341		2.95329		527.617		6.96879e+06		527.054		
00:01:04:099		1.54469e+07		0.115469		2.95294		527.619		6.96878e+06		527.054		
00:01:04:000		1.5447e+07		0.115555		2.95262		527.621		6.96877e+06		527.054		
00:01:03:899		1.5447e+07		0.11564		2.9523		527.623		6.96876e+06		527.057		
00:01:03:799		1.5447e+07		0.115726		2.95203		527.624		6.96875e+06		527.072		
00:01:03:700		1.54471e+07		0.115811		2.95175		527.626		6.96874e+06		527.052		
00:01:03:600		1.54471e+07		0.115897		2.95147		527.626		6.96873e+06		527.045		
00:01:03:500		1.54471e+07		0.115982		2.95115		527.628		6.96873e+06		527.055		
00:01:03:399		1.54472e+07		0.116068		2.95092		527.63		6.96872e+06		527.055		
00:01:03:299		1.54472e+07		0.116154		2.9506		527.632		6.96871e+06		527.053		
00:01:03:200		1.54472e+07		0.116239		2.95033		527.634		6.9687e+06		527.047		
00:01:03:100		1.54473e+07		0.116325		2.95005		527.635		6.96869e+06		527.057		
00:01:03:000		1.54473e+07		0.11641		2.94973		527.635		6.96869e+06		527.056		
00:01:02:899		1.54473e+07		0.116496		2.9495		527.637		6.96868e+06		527.057		
00:01:02:799		1.54474e+07		0.116581		2.94922		527.637		6.96867e+06		527.051		
00:01:02:649		1.54474e+07		0.11671		2.94875		527.641		6.96866e+06		527.062		
00:01:02:649		1.54474e+07		0.11671		2.94875		527.641		6.96866e+06		527.062		
00:01:02:450		1.54475e+07		0.116881		2.94823		527.645		6.96864e+06		527.056		
00:01:02:450		1.54475e+07		0.116881		2.94823		527.645		6.96864e+06		527.056		
00:01:02:299		1.54475e+07		0.11701		2.9478		527.647		6.96863e+06		527.061		
00:01:02:200		1.54476e+07		0.117096		2.94744		527.648		6.96862e+06		527.06		
00:01:02:100		1.54476e+07		0.117225		2.94704		527.65		6.96861e+06		527.061		
00:01:01:950		1.54477e+07		0.117311		2.94677		527.652		6.9686e+06		527.063		
00:01:01:950		1.54477e+07		0.117311		2.94677		527.652		6.9686e+06		527.063		
00:01:01:850		1.54477e+07		0.117397		2.94645		527.654		6.96859e+06		527.063		
00:01:01:750		1.54477e+07		0.117483		2.94626		527.656		6.96858e+06		527.063		
00:01:01:649		1.54478e+07		0.117568		2.94594		527.658		6.96858e+06		527.062		
00:01:01:549		1.54478e+07		0.117654		2.94566		527.66		6.96857e+06		527.07		
00:01:01:450		1.54478e+07		0.117741		2.94539		527.661		6.96856e+06		527.065		
00:01:01:250		1.54479e+07		0.117913		2.94489		527.665		6.96854e+06		527.064		
00:01:01:250		1.54479e+07		0.117913		2.94489		527.665		6.96854e+06		527.064		
00:01:01:149		1.54479e+07		0.117999		2.94457		527.667		6.96853e+06		527.059		
00:01:01:049		1.5448e+07		0.118085		2.94429		527.667		6.96853e+06		527.066		
00:01:00:950		1.5448e+07		0.118171		2.94406		527.669		6.96852e+06		527.065		
00:01:00:850		1.5448e+07		0.118257		2.94378		527.672		6.96851e+06		527.073		
00:01:00:750		1.54481e+07		0.118344		2.9435		527.672		6.9685e+06		527.058		
00:01:00:649		1.54481e+07		0.11843		2.94323		527.674		6.96849e+06		527.069		
00:01:00:549		1.54481e+07		0.118516		2.94295		527.676		6.96848e+06		527.069		
00:01:00:450		1.54482e+07		0.118602		2.94267		527.678		6.96847e+06		527.068		
00:01:00:299		1.54482e+07		0.118732		2.94224		527.682		6.96846e+06		527.077		
00:01:00:149		1.54483e+07		0.118862		2.94184		527.684		6.96845e+06		527.073		
00:01:00:149		1.54483e+07		0.118862		2.94184		527.684		6.96845e+06		527.073		
00:01:00:049		1.54483e+07		0.118948		2.94157		527.687		6.96844e+06		527.073		
00:01:00:000		1.54483e+07		0.118991		2.94137		527.687		6.96844e+06		527.072		
00:00:59:799		1.54484e+07		0.119164		2.94086		527.691		6.96842e+06		527.065		
00:00:59:799		1.54484e+07		0.119164		2.94086		527.691		6.96842e+06		527.065		
00:00:59:700		1.54484e+07		0.119251		2.94058		527.693		6.96841e+06		527.076		
00:00:59:600		1.54485e+07		0.119338		2.9403		527.695		6.9684e+06		527.077		
00:00:59:399		1.54485e+07		0.119511		2.93979		527.698		6.96839e+06		527.08		
00:00:59:299		1.54486e+07		0.119598		2.93951		527.7		6.96838e+06		527.08		
00:00:59:299		1.54486e+07		0.119598		2.93951		527.7		6.96838e+06		527.08		
00:00:59:200		1.54486e+07		0.119685		2.93919		527.702		6.96837e+06		527.081		
00:00:59:100		1.54486e+07		0.119771		2.93892		527.704		6.96836e+06		527.082		
00:00:59:000		1.54487e+07		0.119858		2.9386		527.706		6.96835e+06		527.083		
00:00:58:899		1.54487e+07		0.119945		2.9384		527.709		6.96834e+06		527.09		
00:00:58:799		1.54487e+07		0.120032		2.93809		527.709		6.96834e+06		527.08		
00:00:58:700		1.54488e+07		0.120119		2.93785		527.711		6.96833e+06		527.084		
00:00:58:549		1.54488e+07		0.12025		2.93742		527.715		6.96831e+06		527.085		
00:00:58:399		1.54489e+07		0.12038		2.93702		527.719		6.9683e+06		527.088		
00:00:58:299		1.54489e+07		0.120468		2.93675		527.721		6.96829e+06		527.089		
00:00:58:299		1.54489e+07		0.120468		2.93675		527.721		6.96829e+06		527.089		
00:00:58:200		1.54489e+07		0.120555		2.93651		527.722		6.96829e+06		527.091		
00:00:58:100		1.5449e+07		0.120642		2.93623		527.724		6.96828e+06		527.092		
00:00:58:000		1.5449e+07		0.120729		2.93596		527.726		6.96827e+06		527.092		
00:00:57:899		1.5449e+07		0.120816		2.93568		527.728		6.96826e+06		527.093		
00:00:57:799		1.54491e+07		0.120904		2.9354		527.732		6.96825e+06		527.106		
00:00:57:700		1.54491e+07		0.120991		2.93508		527.733		6.96824e+06		527.095		
00:00:57:600		1.54491e+07		0.121078		2.93483		527.735		6.96823e+06		527.094		
00:00:57:399		1.54492e+07		0.121254		2.93439		527.739		6.96822e+06		527.098		
00:00:57:299		1.54492e+07		0.121341		2.93415		527.741		6.96821e+06		527.091		
00:00:57:299		1.54492e+07		0.121341		2.93415		527.741		6.96821e+06		527.091		
00:00:57:149		1.54493e+07		0.121473		2.93372		527.743		6.9682e+06		527.103		
00:00:57:049		1.54493e+07		0.12156		2.93344		527.745		6.96819e+06		527.103		
00:00:56:950		1.54494e+07		0.121648		2.93321		527.746		6.96818e+06		527.107		
00:00:56:850		1.54494e+07		0.121736		2.93293		527.75		6.96817e+06		527.108		
00:00:56:750		1.54494e+07		0.121823		2.93269		527.754		6.96816e+06		527.109		
00:00:56:649		1.54495e+07		0.121912		2.93238		527.754		6.96816e+06		527.11		
00:00:56:549		1.54495e+07		0.121999		2.93214		527.756		6.96815e+06		527.11		
00:00:56:450		1.54495e+07		0.122087		2.93186		527.757		6.96814e+06		527.119		
00:00:56:350		1.54496e+07		0.122175		2.93163		527.761		6.96813e+06		527.115		
00:00:56:250		1.54496e+07		0.122263		2.93135		527.763		6.96812e+06		527.117		
00:00:56:149		1.54496e+07		0.122351		2.93112		527.765		6.96811e+06		527.118		
00:00:56:100		1.54497e+07		0.12244		2.9308		527.767		6.96811e+06		527.119		
00:00:55:950		1.54497e+07		0.122528		2.93056		527.769		6.9681e+06		527.119		
00:00:55:850		1.54497e+07		0.122616		2.93024		527.772		6.96809e+06		527.122		
00:00:55:750		1.54498e+07		0.122704		2.93005		527.772		6.96808e+06		527.123		
00:00:55:649		1.54498e+07		0.122792		2.92978		527.776		6.96807e+06		527.125		
00:00:55:549		1.54499e+07		0.122881		2.92954		527.778		6.96807e+06		527.131		
00:00:55:450		1.54499e+07		0.122969		2.92922		527.78		6.96806e+06		527.118		
00:00:55:350		1.54499e+07		0.123058		2.92899		527.781		6.96805e+06		527.13		
00:00:55:250		1.545e+07		0.123146		2.92875		527.785		6.96804e+06		527.131		
00:00:55:149		1.545e+07		0.123235		2.92843		527.787		6.96803e+06		527.132		
00:00:55:049		1.545e+07		0.123323		2.92824		527.789		6.96802e+06		527.133		
00:00:54:950		1.54501e+07		0.123412		2.92801		527.791		6.96802e+06		527.136		
00:00:54:850		1.54501e+07		0.1235		2.92769		527.793		6.96801e+06		527.136		
00:00:54:750		1.54501e+07		0.123589		2.92745		527.794		6.968e+06		527.132		
00:00:54:649		1.54502e+07		0.123678		2.92726		527.798		6.96799e+06		527.14		
00:00:54:549		1.54502e+07		0.123767		2.92698		527.8		6.96798e+06		527.141		
00:00:54:450		1.54502e+07		0.123856		2.92675		527.802		6.96798e+06		527.136		
00:00:54:299		1.54503e+07		0.123989		2.9264		527.806		6.96796e+06		527.145		
00:00:54:200		1.54503e+07		0.123989		2.9264		527.806		6.96796e+06		527.145		
00:00:54:200		1.54503e+07		0.124078		2.92612		527.807		6.96796e+06		527.146		
00:00:54:100		1.54504e+07		0.124167		2.92589		527.809		6.96795e+06		527.149		
00:00:54:000		1.54504e+07		0.124256		2.92566		527.813		6.96794e+06		527.15		
00:00:53:899		1.54504e+07		0.124345		2.92542		527.815		6.96793e+06		527.152		
00:00:53:799		1.54505e+07		0.124434		2.92519		527.817		6.96793e+06		527.152		
00:00:53:700		1.54505e+07		0.124523		2.92497		527.818		6.96792e+06		527.156		
00:00:53:600		1.54506e+07		0.124612		2.92478		527.82		6.96791e+06		527.157		
00:00:53:500		1.54506e+07		0.124701		2.92454		527.824		6.9679e+06		527.159		
00:00:53:350		1.54506e+07		0.124835		2.92418		527.826		6.96789e+06		527.16		
00:00:53:250		1.54507e+07		0.124925		2.92395		527.83		6.96788e+06		527.165		
00:00:53:149		1.54507e+07		0.125014		2.92376		527.831		6.96788e+06		527.153		
00:00:53:049		1.54508e+07		0.125104		2.92348		527.833		6.96787e+06		527.165		
00:00:52:899		1.54508e+07		0.125238		2.92309		527.837		6.96786e+06		527.167		
00:00:52:799		1.54508e+07		0.125328		2.9229		527.841		6.96785e+06		527.168		
00:00:52:799		1.54508e+07		0.125328		2.9229		527.841		6.96785e+06		527.168		
00:00:52:700		1.54509e+07		0.125417		2.92266		527.842		6.96784e+06		527.168		
00:00:52:600		1.54509e+07		0.125507		2.92243		527.844		6.96783e+06		527.169		
00:00:52:399		1.5451e+07		0.125686		2.922		527.85		6.96782e+06		527.175		
00:00:52:299		1.5451e+07		0.125776		2.92173		527.852		6.96781e+06		527.176		
00:00:52:299		1.5451e+07		0.125776		2.92173		527.852		6.96781e+06		527.176		
00:00:52:200		1.54511e+07		0.125865		2.92149		527.854		6.9678e+06		527.177		
00:00:52:000		1.54511e+07		0.126045		2.92107		527.859		6.96779e+06		527.179		
00:00:52:000		1.54511e+07		0.126045		2.92107		527.859		6.96779e+06		527.179		
00:00:51:899		1.54512e+07		0.126135		2.92079		527.861		6.96778e+06		527.18		
00:00:51:700		1.54512e+07		0.126315		2.92036		527.867		6.96777e+06		527.185		
00:00:51:700		1.54512e+07		0.126315		2.92036		527.867		6.96777e+06		527.185		
00:00:51:600		1.54513e+07		0.126405		2.92009		527.868		6.96776e+06		527.185		
00:00:51:500		1.54513e+07		0.126495		2.9199		527.872		6.96775e+06		527.187		
00:00:51:299		1.54514e+07		0.126676		2.91939		527.878		6.96774e+06		527.189		
00:00:51:299		1.54514e+07		0.126676		2.91939		527.878		6.96774e+06		527.189		
00:00:51:200		1.54514e+07		0.126766		2.91915		527.879		6.96773e+06		527.191		
00:00:51:100		1.54515e+07		0.126856		2.91887		527.883		6.96772e+06		527.192		
00:00:51:000		1.54515e+07		0.126946		2.91877		527.885		6.96772e+06		527.194		
00:00:50:899		1.54515e+07		0.127037		2.91853		527.889		6.96771e+06		527.194		
00:00:50:799		1.54516e+07		0.127127		2.91822		527.891		6.9677e+06		527.195		
00:00:50:700		1.54516e+07		0.127217		2.91802		527.892		6.96769e+06		527.201		
00:00:50:600		1.54517e+07		0.127308		2.91775		527.896		6.96769e+06		527.189		
00:00:50:350		1.54518e+07		0.127534		2.91725		527.902		6.96767e+06		527.195		
00:00:50:250		1.54518e+07		0.127625		2.91701		527.903		6.96766e+06		527.216		
00:00:50:250		1.54518e+07		0.127625		2.91701		527.903		6.96766e+06		527.216		
00:00:50:149		1.54518e+07		0.127715		2.91678		527.907		6.96765e+06		527.205		
00:00:50:100		1.54519e+07		0.127806		2.91655		527.909		6.96765e+06		527.206		
00:00:49:950		1.54519e+07		0.127897		2.91631		527.913		6.96764e+06		527.208		
00:00:49:899		1.54519e+07		0.127942		2.91619		527.915		6.96764e+06		527.208		
00:00:49:750		1.5452e+07		0.128078		2.91584		527.918		6.96763e+06		527.21		
00:00:49:649		1.5452e+07		0.128169		2.91565		527.92		6.96762e+06		527.21		
00:00:49:549		1.54521e+07		0.12826		2.91533		527.924		6.96761e+06		527.213		
00:00:49:350		1.54521e+07		0.128442		2.91496		527.929		6.9676e+06		527.214		
00:00:49:250		1.54522e+07		0.128533		2.91473		527.931		6.96759e+06		527.215		
00:00:49:250		1.54522e+07		0.128533		2.91473		527.931		6.96759e+06		527.215		
00:00:49:149		1.54522e+07		0.128624		2.91454		527.935		6.96758e+06		527.218		
00:00:49:049		1.54522e+07		0.128715		2.9143		527.937		6.96758e+06		527.224		
00:00:48:950		1.54523e+07		0.128806		2.91407		527.94		6.96757e+06		527.221		
00:00:48:850		1.54523e+07		0.128897		2.91388		527.942		6.96756e+06		527.222		
00:00:48:750		1.54524e+07		0.128989		2.91364		527.944		6.96756e+06		527.223		
00:00:48:649		1.54524e+07		0.12908		2.91345		527.948		6.96755e+06		527.222		
00:00:48:549		1.54524e+07		0.129171		2.91313		527.952		6.96754e+06		527.226		
00:00:48:350		1.54525e+07		0.129354		2.91275		527.957		6.96753e+06		527.225		
00:00:48:250		1.54526e+07		0.129445		2.91256		527.959		6.96752e+06		527.23		
00:00:48:250		1.54526e+07		0.129445		2.91256		527.959		6.96752e+06		527.23		
00:00:48:149		1.54526e+07		0.129536		2.91228		527.961		6.96752e+06		527.231		
00:00:48:049		1.54526e+07		0.129628		2.91205		527.964		6.96751e+06		527.23		
00:00:47:950		1.54527e+07		0.12972		2.91186		527.966		6.9675e+06		527.233		
00:00:47:850		1.54527e+07		0.129811		2.91162		527.97		6.9675e+06		527.239		
00:00:47:750		1.54527e+07		0.129903		2.91139		527.974		6.96749e+06		527.236		
00:00:47:649		1.54528e+07		0.129994		2.91116		527.976		6.96748e+06		527.236		
00:00:47:549		1.54528e+07		0.130086		2.91092		527.977		6.96748e+06		527.235		
00:00:47:450		1.54529e+07		0.130178		2.91069		527.981		6.96747e+06		527.239		
00:00:47:350		1.54529e+07		0.13027		2.91054		527.985		6.96746e+06		527.239		
00:00:47:250		1.54529e+07		0.130362		2.91031		527.987		6.96746e+06		527.24		
00:00:47:149		1.5453e+07		0.130453		2.91007		527.99		6.96745e+06		527.24		
00:00:47:049		1.5453e+07		0.130545		2.90988		527.992		6.96744e+06		527.243		
00:00:46:899		1.54531e+07		0.130683		2.90949		527.998		6.96743e+06		527.25		
00:00:46:799		1.54531e+07		0.130775		2.90926		528		6.96743e+06		527.247		
00:00:46:799		1.54531e+07		0.130775		2.90926		528		6.96743e+06		527.247		
00:00:46:700		1.54532e+07		0.130867		2.90911		528.003		6.96742e+06		527.248		
00:00:46:549		1.54532e+07		0.131005		2.9088		528.007		6.96741e+06		527.249		
00:00:46:450		1.54533e+07		0.131097		2.90857		528.011		6.9674e+06		527.25		
00:00:46:350		1.54533e+07		0.131189		2.90829		528.014		6.9674e+06		527.249		
00:00:46:250		1.54533e+07		0.131281		2.90814		528.018		6.96739e+06		527.247		
00:00:46:149		1.54534e+07		0.131373		2.90791		528.02		6.96739e+06		527.254		
00:00:46:000		1.54534e+07		0.131512		2.90751		528.024		6.96738e+06		527.254		
00:00:46:000		1.54534e+07		0.131512		2.90751		528.024		6.96738e+06		527.254		
00:00:45:899		1.54535e+07		0.131604		2.90728		528.027		6.96737e+06		527.256		
00:00:45:799		1.54535e+07		0.131697		2.90709		528.029		6.96736e+06		527.257		
00:00:45:700		1.54536e+07		0.131789		2.90694		528.033		6.96736e+06		527.256		
00:00:45:600		1.54536e+07		0.131881		2.90662		528.036		6.96735e+06		527.26		
00:00:45:500		1.54536e+07		0.131974		2.90647		528.038		6.96734e+06		527.261		
00:00:45:299		1.54537e+07		0.132159		2.90596		528.046		6.96733e+06		527.256		
00:00:45:299		1.54537e+07		0.132159		2.90596		528.046		6.96733e+06		527.256		
00:00:45:200		1.54538e+07		0.132251		2.90582		528.048		6.96733e+06		527.264		
00:00:45:100		1.54538e+07		0.132344		2.90563		528.051		6.96732e+06		527.265		
00:00:45:000		1.54538e+07		0.132436		2.90539		528.055		6.96731e+06		527.265		
00:00:44:899		1.54539e+07		0.132529		2.90516		528.057		6.96731e+06		527.265		
00:00:44:799		1.54539e+07		0.132622		2.90494		528.06		6.9673e+06		527.266		
00:00:44:700		1.5454e+07		0.132714		2.90475		528.064		6.9673e+06		527.266		
00:00:44:600		1.5454e+07		0.132807		2.9046		528.066		6.96729e+06		527.269		
00:00:44:500		1.5454e+07		0.1329		2.90437		528.07		6.96728e+06		527.269		
00:00:44:299		1.54541e+07		0.133086		2.90394		528.077		6.96727e+06		527.265		
00:00:44:299		1.54541e+07		0.133086		2.90394		528.077		6.96727e+06		527.265		
00:00:44:200		1.54542e+07		0.133178		2.90375		528.079		6.96727e+06		527.273		
00:00:44:100		1.54542e+07		0.133271		2.90351		528.083		6.96726e+06		527.273		
00:00:44:000		1.54542e+07		0.133364		2.90328		528.086		6.96725e+06		527.273		
00:00:43:899		1.54543e+07		0.133457		2.90305		528.088		6.96725e+06		527.274		
00:00:43:799		1.54543e+07		0.13355		2.9029		528.092		6.96724e+06		527.274		
00:00:43:700		1.54544e+07		0.133643		2.90267		528.096		6.96724e+06		527.274		
00:00:43:600		1.54544e+07		0.133736		2.90243		528.099		6.96723e+06		527.276		
00:00:43:500		1.54544e+07		0.13383		2.9022		528.101		6.96722e+06		527.28		
00:00:43:299		1.54545e+07		0.134062		2.9017		528.11		6.96721e+06		527.282		
00:00:43:299		1.54545e+07		0.134062		2.9017		528.11		6.96721e+06		527.282		
00:00:43:149		1.54546e+07		0.134155		2.90147		528.114		6.9672e+06		527.282		
00:00:43:100		1.54546e+07		0.134202		2.90139		528.116		6.9672e+06		527.283		
00:00:43:000		1.54546e+07		0.134295		2.90116		528.12		6.9672e+06		527.283		
00:00:42:899		1.54547e+07		0.134388		2.90093		528.121		6.96719e+06		527.284		
00:00:42:750		1.54547e+07		0.134529		2.90067		528.127		6.96718e+06		527.284		
00:00:42:649		1.54548e+07		0.134622		2.90043		528.131		6.96718e+06		527.285		
00:00:42:549		1.54548e+07		0.134716		2.9002		528.133		6.96717e+06		527.285		
00:00:42:450		1.54549e+07		0.134809		2.90001		528.136		6.96716e+06		527.284		
00:00:42:299		1.54549e+07		0.134949		2.8997		528.142		6.96716e+06		527.287		
00:00:42:299		1.54549e+07		0.134949		2.8997		528.142		6.96716e+06		527.287		
00:00:42:149		1.5455e+07		0.135089		2.89939		528.147		6.96715e+06		527.282		
00:00:42:049		1.5455e+07		0.135183		2.89912		528.151		6.96714e+06		527.302		
00:00:41:950		1.54551e+07		0.135276		2.89901		528.153		6.96714e+06		527.29		
00:00:41:850		1.54551e+07		0.13537		2.89878		528.157		6.96713e+06		527.288		
00:00:41:750		1.54552e+07		0.135464		2.8985		528.16		6.96713e+06		527.297		
00:00:41:649		1.54552e+07		0.135557		2.89831		528.164		6.96712e+06		527.292		
00:00:41:549		1.54552e+07		0.135651		2.89812		528.168		6.96711e+06		527.292		
00:00:41:350		1.54553e+07		0.135839		2.89774		528.175		6.9671e+06		527.296		
00:00:41:250		1.54554e+07		0.135932		2.89751		528.179		6.9671e+06		527.297		
00:00:41:250		1.54554e+07		0.135932		2.89751		528.179		6.9671e+06		527.297		
00:00:41:149		1.54554e+07		0.136026		2.89732		528.182		6.96709e+06		527.297		
00:00:41:049		1.54554e+07		0.13612		2.89713		528.186		6.96709e+06		527.297		
00:00:40:950		1.54555e+07		0.136214		2.89689		528.19		6.96708e+06		527.304		
00:00:40:850		1.54555e+07		0.136308		2.89666		528.193		6.96708e+06		527.299		
00:00:40:750		1.54556e+07		0.136402		2.89647		528.197		6.96707e+06		527.299		
00:00:40:649		1.54556e+07		0.136496		2.89632		528.201		6.96707e+06		527.301		
00:00:40:549		1.54557e+07		0.13659		2.89609		528.205		6.96706e+06		527.3		
00:00:40:399		1.54557e+07		0.136731		2.89578		528.21		6.96705e+06		527.301		
00:00:40:299		1.54558e+07		0.136825		2.89559		528.214		6.96705e+06		527.292		
00:00:40:200		1.54558e+07		0.136919		2.89536		528.216		6.96704e+06		527.304		
00:00:40:200		1.54558e+07		0.136919		2.89536		528.216		6.96704e+06		527.304		
00:00:40:100		1.54559e+07		0.137013		2.89517		528.221		6.96704e+06		527.304		
00:00:40:000		1.54559e+07		0.137107		2.89495		528.225		6.96703e+06		527.304		
00:00:39:899		1.54559e+07		0.137201		2.89481		528.229		6.96703e+06		527.316		
00:00:39:799		1.5456e+07		0.137296		2.89457		528.232		6.96702e+06		527.318		
00:00:39:700		1.5456e+07		0.13739		2.89438		528.234		6.96702e+06		527.306		
00:00:39:600		1.54561e+07		0.137484		2.89415		528.238		6.96701e+06		527.306		
00:00:39:500		1.54561e+07		0.137578		2.89396		528.242		6.96701e+06		527.296		
00:00:39:299		1.54562e+07		0.137767		2.89358		528.249		6.967e+06		527.309		
00:00:39:200		1.54562e+07		0.137861		2.89339		528.253		6.96699e+06		527.309		
00:00:39:200		1.54562e+07		0.137861		2.89339		528.253		6.96699e+06		527.309		
00:00:39:100		1.54563e+07		0.137955		2.8932		528.256		6.96699e+06		527.307		
00:00:39:000		1.54563e+07		0.13805		2.89296		528.26		6.96698e+06		527.308		
00:00:38:899		1.54564e+07		0.138144		2.89277		528.264		6.96698e+06		527.307		
00:00:38:799		1.54564e+07		0.138238		2.89263		528.267		6.96697e+06		527.309		
00:00:38:700		1.54564e+07		0.138332		2.89239		528.271		6.96697e+06		527.303		
00:00:38:600		1.54565e+07		0.138427		2.89216		528.275		6.96696e+06		527.313		
00:00:38:500		1.54565e+07		0.138522		2.89197		528.28		6.96696e+06		527.313		
00:00:38:299		1.54566e+07		0.13871		2.89163		528.288		6.96695e+06		527.301		
00:00:38:299		1.54566e+07		0.13871		2.89163		528.288		6.96695e+06		527.301		
00:00:38:200		1.54567e+07		0.138805		2.89136		528.291		6.96694e+06		527.309		
00:00:38:049		1.54567e+07		0.138947		2.89105		528.297		6.96693e+06		527.314		
00:00:38:000		1.54567e+07		0.138994		2.89102		528.299		6.96693e+06		527.313		
00:00:37:899		1.54568e+07		0.139089		2.89083		528.302		6.96693e+06		527.315		
00:00:37:750		1.54569e+07		0.13923		2.89048		528.31		6.96692e+06		527.316		
00:00:37:649		1.54569e+07		0.139325		2.89029		528.313		6.96691e+06		527.317		
00:00:37:549		1.54569e+07		0.13942		2.8901		528.317		6.96691e+06		527.317		
00:00:37:350		1.5457e+07		0.139609		2.88968		528.325		6.9669e+06		527.317		
00:00:37:250		1.54571e+07		0.139703		2.88953		528.33		6.9669e+06		527.317		
00:00:37:250		1.54571e+07		0.139703		2.88953		528.33		6.9669e+06		527.317		
00:00:37:149		1.54571e+07		0.139798		2.88934		528.334		6.96689e+06		527.311		
00:00:37:049		1.54572e+07		0.139893		2.88915		528.338		6.96689e+06		527.318		
00:00:36:950		1.54572e+07		0.139987		2.88892		528.341		6.96688e+06		527.318		
00:00:36:850		1.54573e+07		0.140082		2.88869		528.345		6.96688e+06		527.329		
00:00:36:750		1.54573e+07		0.140177		2.8885		528.35		6.96687e+06		527.33		
00:00:36:649		1.54573e+07		0.140272		2.8884		528.354		6.96687e+06		527.32		
00:00:36:549		1.54574e+07		0.140366		2.88821		528.358		6.96686e+06		527.319		
00:00:36:399		1.54574e+07		0.140509		2.88777		528.363		6.96686e+06		527.318		
00:00:36:299		1.54575e+07		0.140604		2.88762		528.367		6.96685e+06		527.321		
00:00:36:299		1.54575e+07		0.140604		2.88762		528.367		6.96685e+06		527.321		
00:00:36:149		1.54576e+07		0.140746		2.8874		528.374		6.96684e+06		527.32		
00:00:36:049		1.54576e+07		0.14084		2.88721		528.378		6.96684e+06		527.319		
00:00:35:950		1.54576e+07		0.140935		2.88694		528.382		6.96684e+06		527.314		
00:00:35:850		1.54577e+07		0.14103		2.88675		528.385		6.96683e+06		527.321		
00:00:35:750		1.54577e+07		0.141125		2.8866		528.389		6.96683e+06		527.32		
00:00:35:649		1.54578e+07		0.141219		2.88637		528.395		6.96682e+06		527.314		
00:00:35:549		1.54578e+07		0.141314		2.88622		528.398		6.96682e+06		527.323		
00:00:35:450		1.54579e+07		0.141409		2.88603		528.402		6.96681e+06		527.322		
00:00:35:350		1.54579e+07		0.141504		2.88585		528.406		6.96681e+06		527.322		
00:00:35:250		1.5458e+07		0.141599		2.88561		528.409		6.9668e+06		527.322		
00:00:35:149		1.5458e+07		0.141694		2.88547		528.415		6.9668e+06		527.321		
00:00:35:049		1.5458e+07		0.141788		2.88528		528.419		6.9668e+06		527.321		
00:00:34:950		1.54581e+07		0.141883		2.88504		528.422		6.96679e+06		527.321		
00:00:34:850		1.54581e+07		0.141978		2.88486		528.426		6.96679e+06		527.315		
00:00:34:750		1.54582e+07		0.142073		2.88471		528.43		6.96678e+06		527.335		
00:00:34:600		1.54582e+07		0.142216		2.8844		528.437		6.96678e+06		527.316		
00:00:34:500		1.54583e+07		0.142311		2.88421		528.441		6.96677e+06		527.339		
00:00:34:399		1.54583e+07		0.142406		2.88402		528.445		6.96677e+06		527.323		
00:00:34:299		1.54584e+07		0.142501		2.88383		528.45		6.96676e+06		527.323		
00:00:34:299		1.54584e+07		0.142501		2.88383		528.45		6.96676e+06		527.323		
00:00:34:200		1.54584e+07		0.142595		2.8836		528.454		6.96676e+06		527.322		
00:00:34:100		1.54585e+07		0.14269		2.88341		528.459		6.96676e+06		527.322		
00:00:34:000		1.54585e+07		0.142785		2.88327		528.463		6.96675e+06		527.321		
00:00:33:899		1.54586e+07		0.14288		2.88303		528.469		6.96675e+06		527.321		
00:00:33:799		1.54586e+07		0.142975		2.88289		528.472		6.96674e+06		527.317		
00:00:33:700		1.54587e+07		0.14307		2.88266		528.478		6.96674e+06		527.323		
00:00:33:600		1.54587e+07		0.143165		2.88251		528.482		6.96673e+06		527.323		
00:00:33:500		1.54587e+07		0.14326		2.88232		528.487		6.96673e+06		527.323		
00:00:33:299		1.54588e+07		0.143449		2.88194		528.498		6.96672e+06		527.322		
00:00:33:299		1.54588e+07		0.143449		2.88194		528.498		6.96672e+06		527.322		
00:00:33:200		1.54589e+07		0.143544		2.88175		528.504		6.96672e+06		527.322		
00:00:33:000		1.5459e+07		0.143734		2.88142		528.513		6.96671e+06		527.322		
00:00:33:000		1.5459e+07		0.143734		2.88142		528.513		6.96671e+06		527.322		
00:00:32:899		1.5459e+07		0.143829		2.88119		528.517		6.96671e+06		527.322		
00:00:32:799		1.54591e+07		0.143924		2.88095		528.522		6.9667e+06		527.321		
00:00:32:700		1.54591e+07		0.144019		2.88076		528.526		6.9667e+06		527.321		
00:00:32:600		1.54592e+07		0.144114		2.88062		528.531		6.96669e+06		527.32		
00:00:32:500		1.54592e+07		0.144209		2.88047		528.535		6.96669e+06		527.32		
00:00:32:250		1.54593e+07		0.144446		2.87998		528.548		6.96668e+06		527.319		
00:00:32:250		1.54593e+07		0.144446		2.87998		528.548		6.96668e+06		527.319		
00:00:32:149		1.54594e+07		0.144541		2.87983		528.552		6.96667e+06		527.318		
00:00:32:049		1.54594e+07		0.144636		2.87964		528.557		6.96667e+06		527.318		
00:00:31:949		1.54595e+07		0.144731		2.87941		528.563		6.96667e+06		527.318		
00:00:31:850		1.54595e+07		0.144825		2.87922		528.566		6.96666e+06		527.318		
00:00:31:750		1.54595e+07		0.14492		2.87912		528.572		6.96666e+06		527.317		
00:00:31:649		1.54596e+07		0.145015		2.87889		528.576		6.96665e+06		527.314		
00:00:31:550		1.54596e+07		0.14511		2.87874		528.581		6.96665e+06		527.311		
00:00:31:449		1.54597e+07		0.145205		2.87851		528.585		6.96665e+06		527.328		
00:00:31:250		1.54598e+07		0.145394		2.87813		528.594		6.96664e+06		527.317		
00:00:31:250		1.54598e+07		0.145394		2.87813		528.594		6.96664e+06		527.317		
00:00:31:149		1.54598e+07		0.145489		2.87798		528.6		6.96663e+06		527.316		
00:00:31:050		1.54599e+07		0.145584		2.87784		528.603		6.96663e+06		527.316		
00:00:30:949		1.54599e+07		0.145679		2.87765		528.609		6.96663e+06		527.32		
00:00:30:850		1.546e+07		0.145773		2.87742		528.613		6.96662e+06		527.316		
00:00:30:750		1.546e+07		0.145868		2.87727		528.618		6.96662e+06		527.315		
00:00:30:649		1.54601e+07		0.145963		2.87708		528.624		6.96662e+06		527.315		
00:00:30:550		1.54601e+07		0.146058		2.87694		528.627		6.96661e+06		527.323		
00:00:30:449		1.54601e+07		0.146152		2.87675		528.633		6.96661e+06		527.299		
00:00:30:250		1.54602e+07		0.146342		2.87637		528.642		6.9666e+06		527.306		
00:00:30:250		1.54602e+07		0.146342		2.87637		528.642		6.9666e+06		527.306		
00:00:30:149		1.54603e+07		0.146436		2.87618		528.646		6.9666e+06		527.311		
00:00:30:050		1.54603e+07		0.146531		2.87604		528.651		6.96659e+06		527.309		
00:00:29:949		1.54604e+07		0.146626		2.87589		528.655		6.96659e+06		527.309		
00:00:29:850		1.54604e+07		0.14672		2.87566		528.66		6.96658e+06		527.303		
00:00:29:750		1.54605e+07		0.146814		2.87551		528.666		6.96658e+06		527.304		
00:00:29:649		1.54605e+07		0.146909		2.87532		528.67		6.96658e+06		527.309		
00:00:29:550		1.54606e+07		0.147004		2.87518		528.675		6.96657e+06		527.307		
00:00:29:300		1.54607e+07		0.14724		2.87473		528.688		6.96656e+06		527.307		
00:00:29:199		1.54607e+07		0.147334		2.87458		528.692		6.96656e+06		527.3		
00:00:29:199		1.54607e+07		0.147334		2.87458		528.692		6.96656e+06		527.3		
00:00:29:199		1.54607e+07		0.147334		2.87458		528.692		6.96656e+06		527.3		
00:00:29:100		1.54608e+07		0.147429		2.87439		528.697		6.96655e+06		527.305		
00:00:29:000		1.54608e+07		0.147523		2.8742		528.701		6.96655e+06		527.306		
00:00:28:899		1.54609e+07		0.147618		2.87406		528.707		6.96655e+06		527.305		
00:00:28:800		1.54609e+07		0.147712		2.87387		528.71		6.96654e+06		527.309		
00:00:28:699		1.5461e+07		0.147806		2.87373		528.716		6.96654e+06		527.293		
00:00:28:600		1.5461e+07		0.1479		2.87354		528.72		6.96653e+06		527.301		
00:00:28:500		1.54611e+07		0.147995		2.87335		528.725		6.96653e+06		527.304		
00:00:28:399		1.54611e+07		0.148088		2.8732		528.731		6.96653e+06		527.294		
00:00:28:300		1.54612e+07		0.148183		2.87302		528.736		6.96652e+06		527.314		
00:00:28:199		1.54612e+07		0.148277		2.87283		528.742		6.96652e+06		527.301		
00:00:28:100		1.54612e+07		0.148372		2.87268		528.745		6.96652e+06		527.299		
00:00:28:000		1.54613e+07		0.148466		2.87254		528.753		6.96651e+06		527.281		
00:00:27:899		1.54613e+07		0.14856		2.87239		528.756		6.96651e+06		527.299		
00:00:27:800		1.54614e+07		0.148654		2.8722		528.762		6.9665e+06		527.297		
00:00:27:699		1.54614e+07		0.148748		2.87197		528.768		6.9665e+06		527.295		
00:00:27:600		1.54615e+07		0.148842		2.87187		528.771		6.9665e+06		527.295		
00:00:27:500		1.54615e+07		0.148936		2.87172		528.777		6.96649e+06		527.296		
00:00:27:300		1.54616e+07		0.149124		2.87135		528.788		6.96649e+06		527.294		
00:00:27:300		1.54616e+07		0.149124		2.87135		528.788		6.96649e+06		527.294		
00:00:27:199		1.54617e+07		0.149217		2.8712		528.791		6.96648e+06		527.291		
00:00:27:100		1.54617e+07		0.149311		2.87105		528.799		6.96648e+06		527.293		
00:00:27:000		1.54618e+07		0.149405		2.87087		528.803		6.96647e+06		527.292		
00:00:26:899		1.54618e+07		0.149498		2.87072		528.806		6.96647e+06		527.291		
00:00:26:800		1.54619e+07		0.149592		2.87053		528.812		6.96647e+06		527.289		
00:00:26:699		1.54619e+07		0.149686		2.87039		528.817		6.96646e+06		527.294		
00:00:26:550		1.5462e+07		0.149827		2.87013		528.825		6.96646e+06		527.299		
00:00:26:500		1.5462e+07		0.149873		2.87005		528.827		6.96645e+06		527.288		
00:00:26:350		1.54621e+07		0.150014		2.86984		528.834		6.96645e+06		527.278		
00:00:26:300		1.54621e+07		0.150061		2.86972		528.836		6.96645e+06		527.286		
00:00:26:199		1.54622e+07		0.150154		2.86958		528.841		6.96644e+06		527.292		
00:00:26:100		1.54622e+07		0.150248		2.86939		528.847		6.96644e+06		527.283		
00:00:26:000		1.54623e+07		0.150387		2.86917		528.854		6.96643e+06		527.282		
00:00:25:850		1.54623e+07		0.150481		2.86902		528.858		6.96643e+06		527.28		
00:00:25:750		1.54624e+07		0.150574		2.86884		528.863		6.96643e+06		527.281		
00:00:25:649		1.54624e+07		0.150668		2.86869		528.869		6.96642e+06		527.278		
00:00:25:550		1.54625e+07		0.150761		2.86855		528.873		6.96642e+06		527.28		
00:00:25:449		1.54625e+07		0.150854		2.8684		528.878		6.96641e+06		527.278		
00:00:25:300		1.54626e+07		0.150994		2.86818		528.886		6.96641e+06		527.276		
00:00:25:300		1.54626e+07		0.150994		2.86818		528.886		6.96641e+06		527.276		
00:00:25:149		1.54627e+07		0.151134		2.86788		528.893		6.9664e+06		527.274		
00:00:25:100		1.54627e+07		0.151226		2.86774		528.898		6.9664e+06		527.271		
00:00:24:949		1.54628e+07		0.151319		2.86763		528.904		6.9664e+06		527.273		
00:00:24:850		1.54628e+07		0.151412		2.86749		528.91		6.96639e+06		527.272		
00:00:24:750		1.54629e+07		0.151505		2.8673		528.915		6.96639e+06		527.27		
00:00:24:649		1.54629e+07		0.151598		2.86716		528.919		6.96638e+06		527.269		
00:00:24:550		1.5463e+07		0.151691		2.86697		528.924		6.96638e+06		527.267		
00:00:24:350		1.5463e+07		0.151876		2.86672		528.935		6.96637e+06		527.277		
00:00:24:250		1.54631e+07		0.151968		2.86653		528.941		6.96637e+06		527.265		
00:00:24:250		1.54631e+07		0.151968		2.86653		528.941		6.96637e+06		527.265		
00:00:24:149		1.54631e+07		0.152061		2.86634		528.945		6.96636e+06		527.264		
00:00:24:050		1.54632e+07		0.152154		2.86624		528.95		6.96636e+06		527.262		
00:00:23:949		1.54632e+07		0.152246		2.8661		528.956		6.96636e+06		527.262		
00:00:23:850		1.54633e+07		0.152339		2.86595		528.961		6.96635e+06		527.271		
00:00:23:750		1.54633e+07		0.152431		2.86576		528.967		6.96635e+06		527.257		
00:00:23:649		1.54634e+07		0.152524		2.86562		528.972		6.96635e+06		527.258		
00:00:23:500		1.54635e+07		0.152662		2.86545		528.98		6.96634e+06		527.254		
00:00:23:500		1.54635e+07		0.152662		2.86545		528.98		6.96634e+06		527.254		
00:00:23:199		1.54636e+07		0.152938		2.86497		528.996		6.96633e+06		527.249		
00:00:23:199		1.54636e+07		0.152938		2.86497		528.996		6.96633e+06		527.249		
00:00:23:199		1.54636e+07		0.152938		2.86497		528.996		6.96633e+06		527.249		
00:00:23:100		1.54637e+07		0.15303		2.86482		529.004		6.96632e+06		527.246		
00:00:23:000		1.54637e+07		0.153122		2.86468		529.009		6.96632e+06		527.246		
00:00:22:899		1.54638e+07		0.153214		2.86453		529.015		6.96631e+06		527.246		
00:00:22:800		1.54638e+07		0.153306		2.86439		529.02		6.96631e+06		527.245		
00:00:22:699		1.54639e+07		0.153398		2.8642		529.026		6.96631e+06		527.241		
00:00:22:600		1.54639e+07		0.15349		2.86406		529.029		6.9663e+06		527.252		
00:00:22:500		1.54639e+07		0.153582		2.86391		529.035		6.9663e+06		527.238		
00:00:22:300		1.5464e+07		0.153765		2.86367		529.046		6.96629e+06		527.234		
00:00:22:300		1.5464e+07		0.153765		2.86367		529.046		6.96629e+06		527.234		
00:00:22:199		1.54641e+07		0.153856		2.86348		529.053		6.96629e+06		527.238		
00:00:22:100		1.54641e+07		0.153948		2.86333		529.059		6.96628e+06		527.245		
00:00:22:000		1.54642e+07		0.15404		2.86314		529.064		6.96628e+06		527.232		
00:00:21:899		1.54642e+07		0.154131		2.86304		529.07		6.96627e+06		527.228		
00:00:21:800		1.54643e+07		0.154222		2.86294		529.076		6.96627e+06		527.223		
00:00:21:699		1.54643e+07		0.154314		2.86275		529.081		6.96626e+06		527.238		
00:00:21:500		1.54644e+07		0.154497		2.86242		529.092		6.96626e+06		527.214		
00:00:21:500		1.54644e+07		0.154497		2.86242		529.092		6.96626e+06		527.214		
00:00:21:300		1.54645e+07		0.154679		2.86218		529.105		6.96625e+06		527.219		
00:00:21:300		1.54645e+07		0.154679		2.86218		529.105		6.96625e+06		527.219		
00:00:21:199		1.54646e+07		0.15477		2.86203		529.111		6.96624e+06		527.211		
00:00:21:100		1.54646e+07		0.154861		2.86189		529.116		6.96624e+06		527.222		
00:00:21:000		1.54647e+07		0.154997		2.86163		529.123		6.96623e+06		527.226		
00:00:20:850		1.54648e+07		0.155088		2.86148		529.129		6.96623e+06		527.217		
00:00:20:750		1.54648e+07		0.15518		2.86138		529.136		6.96622e+06		527.202		
00:00:20:649		1.54649e+07		0.15527		2.86124		529.142		6.96622e+06		527.211		
00:00:20:550		1.54649e+07		0.155361		2.86105		529.147		6.96621e+06		527.21		
00:00:20:449		1.5465e+07		0.155452		2.86086		529.153		6.96621e+06		527.209		
00:00:20:250		1.54651e+07		0.155633		2.86062		529.164		6.9662e+06		527.205		
00:00:20:250		1.54651e+07		0.155633		2.86062		529.164		6.9662e+06		527.205		
00:00:20:199		1.54651e+07		0.155678		2.86059		529.168		6.9662e+06		527.205		
00:00:20:100		1.54651e+07		0.155769		2.8604		529.173		6.96619e+06		527.203		
00:00:20:000		1.54652e+07		0.155859		2.86025		529.179		6.96619e+06		527.202		
00:00:19:899		1.54652e+07		0.15595		2.86011		529.184		6.96618e+06		527.2		
00:00:19:750		1.54653e+07		0.156085		2.85994		529.193		6.96618e+06		527.198		
00:00:19:649		1.54654e+07		0.156176		2.85975		529.199		6.96617e+06		527.197		
00:00:19:550		1.54654e+07		0.156267		2.85965		529.206		6.96617e+06		527.195		
00:00:19:449		1.54655e+07		0.156357		2.85946		529.212		6.96616e+06		527.194		
00:00:19:350		1.54655e+07		0.156447		2.85927		529.217		6.96616e+06		527.194		
00:00:19:250		1.54656e+07		0.156537		2.85917		529.223		6.96615e+06		527.193		
00:00:19:050		1.54657e+07		0.156717		2.85888		529.234		6.96614e+06		527.19		
00:00:19:050		1.54657e+07		0.156717		2.85888		529.234		6.96614e+06		527.19		
00:00:18:949		1.54657e+07		0.156807		2.8587		529.241		6.96614e+06		527.188		
00:00:18:850		1.54658e+07		0.156897		2.85855		529.247		6.96613e+06		527.186		
00:00:18:750		1.54658e+07		0.156987		2.85845		529.254		6.96613e+06		527.184		
00:00:18:649		1.54659e+07		0.157077		2.85826		529.258		6.96612e+06		527.182		
00:00:18:550		1.54659e+07		0.157167		2.85812		529.265		6.96612e+06		527.182		
00:00:18:449		1.5466e+07		0.157257		2.85797		529.271		6.96611e+06		527.183		
00:00:18:350		1.5466e+07		0.157346		2.85787		529.276		6.96611e+06		527.181		
00:00:18:250		1.54661e+07		0.157436		2.85764		529.282		6.9661e+06		527.179		
00:00:18:149		1.54661e+07		0.157526		2.85754		529.287		6.9661e+06		527.178		
00:00:18:050		1.54662e+07		0.157616		2.85735		529.295		6.96609e+06		527.176		
00:00:17:949		1.54662e+07		0.157705		2.85717		529.3		6.96609e+06		527.174		
00:00:17:850		1.54663e+07		0.157794		2.85707		529.306		6.96608e+06		527.175		
00:00:17:750		1.54663e+07		0.157884		2.85692		529.311		6.96608e+06		527.173		
00:00:17:600		1.54664e+07		0.158018		2.85666		529.321		6.96607e+06		527.171		
00:00:17:600		1.54664e+07		0.158018		2.85666		529.321		6.96607e+06		527.171		
00:00:17:350		1.54665e+07		0.158241		2.85626		529.335		6.96606e+06		527.161		
00:00:17:199		1.54666e+07		0.158375		2.85609		529.345		6.96605e+06		527.166		
00:00:17:199		1.54666e+07		0.158375		2.85609		529.345		6.96605e+06		527.166		
00:00:17:199		1.54666e+07		0.158375		2.85609		529.345		6.96605e+06		527.166		
00:00:17:100		1.54667e+07		0.158464		2.85585		529.35		6.96604e+06		527.163		
00:00:17:000		1.54667e+07		0.158553		2.85575		529.357		6.96604e+06		527.169		
00:00:16:899		1.54668e+07		0.158642		2.85557		529.363		6.96603e+06		527.162		
00:00:16:800		1.54668e+07		0.158731		2.85547		529.369		6.96603e+06		527.16		
00:00:16:649		1.54669e+07		0.158864		2.85516		529.378		6.96602e+06		527.159		
00:00:16:500		1.5467e+07		0.158998		2.85499		529.387		6.96601e+06		527.156		
00:00:16:500		1.5467e+07		0.158998		2.85499		529.387		6.96601e+06		527.156		
00:00:16:300		1.54671e+07		0.159176		2.85466		529.4		6.966e+06		527.155		
00:00:16:300		1.54671e+07		0.159176		2.85466		529.4		6.966e+06		527.155		
00:00:16:199		1.54671e+07		0.159265		2.85447		529.405		6.966e+06		527.153		
00:00:16:100		1.54672e+07		0.159353		2.85433		529.411		6.96599e+06		527.152		
00:00:16:000		1.54672e+07		0.159441		2.85419		529.416		6.96599e+06		527.15		
00:00:15:900		1.54673e+07		0.159531		2.85404		529.422		6.96598e+06		527.143		
00:00:15:800		1.54673e+07		0.159619		2.85386		529.429		6.96597e+06		527.149		
00:00:15:699		1.54674e+07		0.159708		2.85371		529.435		6.96597e+06		527.146		
00:00:15:599		1.54674e+07		0.159796		2.85361		529.44		6.96596e+06		527.139		
00:00:15:500		1.54675e+07		0.159884		2.85347		529.446		6.96596e+06		527.158		
00:00:15:300		1.54676e+07		0.160061		2.85319		529.459		6.96595e+06		527.141		
00:00:15:300		1.54676e+07		0.160061		2.85319		529.459		6.96595e+06		527.141		
00:00:15:099		1.54677e+07		0.160238		2.8529		529.47		6.96594e+06		527.141		
00:00:15:099		1.54677e+07		0.160238		2.8529		529.47		6.96594e+06		527.141		
00:00:14:949		1.54678e+07		0.16037		2.85264		529.479		6.96593e+06		527.139		
00:00:14:900		1.54678e+07		0.160414		2.85257		529.483		6.96592e+06		527.137		
00:00:14:800		1.54679e+07		0.160502		2.85238		529.488		6.96592e+06		527.145		
00:00:14:699		1.54679e+07		0.16059		2.85224		529.494		6.96591e+06		527.127		
00:00:14:599		1.5468e+07		0.160678		2.85214		529.503		6.96591e+06		527.135		
00:00:14:500		1.5468e+07		0.160766		2.852		529.507		6.9659e+06		527.134		
00:00:14:349		1.54681e+07		0.160898		2.85179		529.516		6.96589e+06		527.131		
00:00:14:250		1.54682e+07		0.160985		2.8516		529.521		6.96589e+06		527.131		
00:00:14:150		1.54682e+07		0.161074		2.85146		529.529		6.96588e+06		527.126		
00:00:14:050		1.54683e+07		0.161161		2.85136		529.534		6.96588e+06		527.128		
00:00:14:000		1.54683e+07		0.161205		2.85129		529.536		6.96587e+06		527.12		
00:00:13:900		1.54684e+07		0.161293		2.85114		529.544		6.96587e+06		527.129		
00:00:13:800		1.54684e+07		0.16138		2.85096		529.549		6.96586e+06		527.127		
00:00:13:699		1.54685e+07		0.161468		2.85082		529.555		6.96586e+06		527.125		
00:00:13:599		1.54685e+07		0.161556		2.85067		529.562		6.96585e+06		527.118		
00:00:13:449		1.54686e+07		0.161687		2.85046		529.569		6.96584e+06		527.123		
00:00:13:349		1.54687e+07		0.161774		2.85036		529.577		6.96584e+06		527.123		
00:00:13:250		1.54687e+07		0.161862		2.85013		529.582		6.96583e+06		527.113		
00:00:13:150		1.54688e+07		0.161949		2.85003		529.588		6.96582e+06		527.123		
00:00:13:050		1.54688e+07		0.162036		2.84994		529.595		6.96582e+06		527.122		
00:00:12:949		1.54689e+07		0.162124		2.84979		529.601		6.96581e+06		527.132		
00:00:12:900		1.54689e+07		0.162167		2.84972		529.603		6.96581e+06		527.12		
00:00:12:800		1.5469e+07		0.162254		2.84958		529.61		6.9658e+06		527.119		
00:00:12:699		1.5469e+07		0.162342		2.84944		529.615		6.9658e+06		527.108		
00:00:12:599		1.54691e+07		0.162429		2.84934		529.621		6.96579e+06		527.114		
00:00:12:349		1.54692e+07		0.162647		2.84894		529.636		6.96578e+06		527.116		
00:00:12:250		1.54693e+07		0.162734		2.84876		529.641		6.96577e+06		527.114		
00:00:12:250		1.54693e+07		0.162734		2.84876		529.641		6.96577e+06		527.114		
00:00:12:150		1.54693e+07		0.162821		2.84866		529.647		6.96576e+06		527.112		
00:00:12:050		1.54694e+07		0.162908		2.84848		529.652		6.96576e+06		527.112		
00:00:11:949		1.54694e+07		0.162994		2.84834		529.66		6.96575e+06		527.113		
00:00:11:849		1.54695e+07		0.163082		2.84824		529.665		6.96575e+06		527.112		
00:00:11:750		1.54696e+07		0.163168		2.8481		529.671		6.96574e+06		527.111		
00:00:11:650		1.54696e+07		0.163255		2.84796		529.676		6.96573e+06		527.111		
00:00:11:550		1.54697e+07		0.163342		2.8479		529.684		6.96573e+06		527.111		
00:00:11:349		1.54698e+07		0.163516		2.84758		529.695		6.96572e+06		527.11		
00:00:11:250		1.54698e+07		0.163603		2.84744		529.7		6.96571e+06		527.11		
00:00:11:250		1.54698e+07		0.163603		2.84744		529.7		6.96571e+06		527.11		
00:00:11:150		1.54699e+07		0.163689		2.8473		529.704		6.9657e+06		527.109		
00:00:11:050		1.547e+07		0.163776		2.84716		529.709		6.9657e+06		527.109		
00:00:10:949		1.547e+07		0.163863		2.84697		529.715		6.96569e+06		527.109		
00:00:10:849		1.54701e+07		0.163949		2.84688		529.72		6.96568e+06		527.109		
00:00:10:750		1.54701e+07		0.164037		2.84678		529.728		6.96568e+06		527.107		
00:00:10:650		1.54702e+07		0.164123		2.84659		529.733		6.96567e+06		527.107		
00:00:10:550		1.54702e+07		0.16421		2.8465		529.739		6.96567e+06		527.106		
00:00:10:449		1.54703e+07		0.164296		2.84636		529.744		6.96566e+06		527.106		
00:00:10:349		1.54704e+07		0.164383		2.84622		529.754		6.96565e+06		527.106		
00:00:10:250		1.54704e+07		0.16447		2.84612		529.757		6.96565e+06		527.104		
00:00:10:099		1.54705e+07		0.1646		2.84591		529.766		6.96564e+06		527.103		
00:00:10:099		1.54705e+07		0.1646		2.84591		529.766		6.96564e+06		527.103		
00:00:09:900		1.54706e+07		0.164774		2.84568		529.777		6.96563e+06		527.102		
00:00:09:900		1.54706e+07		0.164774		2.84568		529.777		6.96563e+06		527.102		
00:00:09:750		1.54707e+07		0.164904		2.84547		529.787		6.96562e+06		527.101		
00:00:09:650		1.54708e+07		0.16499		2.84533		529.792		6.96561e+06		527.1		
00:00:09:550		1.54708e+07		0.165078		2.84519		529.798		6.9656e+06		527.099		
00:00:09:349		1.5471e+07		0.165251		2.84496		529.809		6.96559e+06		527.101		
00:00:09:199		1.54711e+07		0.165382		2.8447		529.816		6.96558e+06		527.1		
00:00:09:199		1.54711e+07		0.165382		2.8447		529.816		6.96558e+06		527.1		
00:00:09:099		1.54711e+07		0.165469		2.84457		529.822		6.96557e+06		527.099		
00:00:09:099		1.54711e+07		0.165469		2.84457		529.822		6.96557e+06		527.099		
00:00:09:000		1.54712e+07		0.165556		2.84447		529.827		6.96557e+06		527.098		
00:00:08:900		1.54712e+07		0.165643		2.84438		529.833		6.96556e+06		527.096		
00:00:08:699		1.54714e+07		0.165817		2.8441		529.844		6.96555e+06		527.102		
00:00:08:699		1.54714e+07		0.165817		2.8441		529.844		6.96555e+06		527.102		
00:00:08:599		1.54714e+07		0.165905		2.84397		529.849		6.96554e+06		527.087		
00:00:08:500		1.54715e+07		0.165992		2.84387		529.855		6.96554e+06		527.097		
00:00:08:300		1.54716e+07		0.166167		2.84368		529.866		6.96552e+06		527.094		
00:00:08:300		1.54716e+07		0.166167		2.84368		529.866		6.96552e+06		527.094		
00:00:08:199		1.54717e+07		0.166255		2.84355		529.871		6.96552e+06		527.094		
00:00:08:099		1.54717e+07		0.166342		2.84341		529.877		6.96551e+06		527.087		
00:00:08:000		1.54718e+07		0.16643		2.84323		529.882		6.9655e+06		527.094		
00:00:07:900		1.54719e+07		0.166518		2.84314		529.886		6.9655e+06		527.093		
00:00:07:799		1.54719e+07		0.166605		2.84304		529.892		6.96549e+06		527.092		
00:00:07:700		1.5472e+07		0.166693		2.84291		529.897		6.96548e+06		527.091		
00:00:07:599		1.54721e+07		0.166781		2.84282		529.903		6.96547e+06		527.093		
00:00:07:500		1.54721e+07		0.166869		2.84264		529.908		6.96547e+06		527.092		
00:00:07:400		1.54722e+07		0.166957		2.84259		529.914		6.96546e+06		527.09		
00:00:07:299		1.54723e+07		0.167045		2.84246		529.919		6.96545e+06		527.092		
00:00:07:200		1.54723e+07		0.167133		2.84232		529.925		6.96545e+06		527.091		
00:00:07:099		1.54724e+07		0.167221		2.84223		529.93		6.96544e+06		527.089		
00:00:07:000		1.54725e+07		0.16731		2.84214		529.936		6.96543e+06		527.096		
00:00:06:900		1.54725e+07		0.167398		2.842		529.941		6.96543e+06		527.091		
00:00:06:799		1.54726e+07		0.167487		2.84187		529.945		6.96542e+06		527.09		
00:00:06:700		1.54727e+07		0.167576		2.84178		529.951		6.96541e+06		527.088		
00:00:06:599		1.54727e+07		0.167665		2.84168		529.956		6.96541e+06		527.082		
00:00:06:500		1.54728e+07		0.167755		2.84151		529.962		6.9654e+06		527.089		
00:00:06:299		1.5473e+07		0.167933		2.84137		529.973		6.96538e+06		527.086		
00:00:06:299		1.5473e+07		0.167933		2.84137		529.973		6.96538e+06		527.086		
00:00:06:150		1.54731e+07		0.168066		2.84117		529.98		6.96537e+06		527.086		
00:00:06:049		1.54731e+07		0.168154		2.84105		529.984		6.96537e+06		527.085		
00:00:05:950		1.54732e+07		0.168242		2.841		529.991		6.96536e+06		527.09		
00:00:05:849		1.54733e+07		0.168332		2.84083		529.995		6.96535e+06		527.075		
00:00:05:750		1.54733e+07		0.16842		2.84066		530.002		6.96534e+06		527.083		
00:00:05:650		1.54734e+07		0.16851		2.84062		530.006		6.96534e+06		527.08		
00:00:05:549		1.54735e+07		0.168601		2.84053		530.009		6.96533e+06		527.074		
00:00:05:450		1.54736e+07		0.168691		2.84039		530.015		6.96532e+06		527.079		
00:00:05:400		1.54736e+07		0.168736		2.84032		530.017		6.96532e+06		527.078		
00:00:05:299		1.54737e+07		0.168828		2.84023		530.022		6.96531e+06		527.082		
00:00:05:200		1.54738e+07		0.168919		2.84014		530.028		6.9653e+06		527.066		
00:00:05:099		1.54738e+07		0.169009		2.84005		530.031		6.96529e+06		527.076		
00:00:05:000		1.54739e+07		0.169099		2.83992		530.037		6.96529e+06		527.072		
00:00:04:849		1.5474e+07		0.169233		2.83977		530.044		6.96527e+06		527.071		
00:00:04:750		1.54741e+07		0.169322		2.83974		530.05		6.96527e+06		527.07		
00:00:04:650		1.54742e+07		0.169409		2.83966		530.054		6.96526e+06		527.067		
00:00:04:549		1.54742e+07		0.169497		2.83955		530.059		6.96525e+06		527.057		
00:00:04:450		1.54743e+07		0.169586		2.83938		530.063		6.96524e+06		527.062		
00:00:04:349		1.54744e+07		0.169675		2.83926		530.068		6.96523e+06		527.055		
00:00:04:250		1.54745e+07		0.169766		2.83918		530.072		6.96523e+06		527.059		
00:00:04:150		1.54745e+07		0.169858		2.83905		530.078		6.96522e+06		527.055		
00:00:04:049		1.54746e+07		0.169951		2.83899		530.081		6.96521e+06		527.058		
00:00:03:950		1.54747e+07		0.170044		2.83885		530.087		6.9652e+06		527.049		
00:00:03:850		1.54748e+07		0.170138		2.83875		530.09		6.96519e+06		527.045		
00:00:03:750		1.54749e+07		0.170231		2.83865		530.094		6.96518e+06		527.043		
00:00:03:649		1.5475e+07		0.170322		2.8386		530.1		6.96518e+06		527.045		
00:00:03:549		1.54751e+07		0.170411		2.83852		530.103		6.96517e+06		527.037		
00:00:03:299		1.54753e+07		0.170623		2.8384		530.112		6.96514e+06		527.027		
00:00:03:250		1.54753e+07		0.170623		2.8384		530.112		6.96514e+06		527.027		
00:00:03:250		1.54753e+07		0.170665		2.83835		530.116		6.96514e+06		527.025		
00:00:03:100		1.54754e+07		0.170789		2.83822		530.122		6.96513e+06		527.02		
00:00:03:100		1.54754e+07		0.170789		2.83822		530.122		6.96513e+06		527.02		
00:00:03:000		1.54755e+07		0.170875		2.83803		530.125		6.96512e+06		527.009		
00:00:02:899		1.54755e+07		0.170963		2.83788		530.129		6.96511e+06		527.012		
00:00:02:799		1.54756e+07		0.171056		2.83774		530.135		6.9651e+06		527.006		
00:00:02:700		1.54757e+07		0.171152		2.83763		530.138		6.96509e+06		527.001		
00:00:02:600		1.54758e+07		0.171251		2.83746		530.142		6.96508e+06		526.995		
00:00:02:450		1.5476e+07		0.171399		2.83737		530.147		6.96507e+06		526.977		
00:00:02:350		1.54762e+07		0.171494		2.83734		530.151		6.96506e+06		526.967		
00:00:02:250		1.54763e+07		0.171584		2.83737		530.155		6.96505e+06		526.977		
00:00:02:100		1.54765e+07		0.171704		2.83744		530.159		6.96503e+06		526.967		
00:00:02:000		1.54766e+07		0.171775		2.83743		530.162		6.96502e+06		526.955		
00:00:01:899		1.54766e+07		0.171841		2.83741		530.166		6.96501e+06		526.955		
00:00:01:899		1.54766e+07		0.171841		2.83741		530.166		6.96501e+06		526.955		
00:00:01:800		1.54766e+07		0.171904		2.8374		530.168		6.965e+06		526.947		
00:00:01:699		1.54767e+07		0.17197		2.83725		530.171		6.96499e+06		526.947		
00:00:01:600		1.54767e+07		0.172041		2.83694		530.175		6.96498e+06		526.929		
00:00:01:500		1.54768e+07		0.172122		2.83659		530.177		6.96497e+06		526.927		
00:00:01:300		1.5477e+07		0.172316		2.83615		530.184		6.96495e+06		526.909		
00:00:01:199		1.54772e+07		0.172422		2.83594		530.188		6.96494e+06		526.895		
00:00:01:199		1.54772e+07		0.172422		2.83594		530.188		6.96494e+06		526.895		
00:00:01:100		1.54775e+07		0.172528		2.83572		530.192		6.96493e+06		526.893		
00:00:01:000		1.54778e+07		0.172626		2.83561		530.195		6.96491e+06		526.88		
00:00:00:800		1.54783e+07		0.172771		2.83644		530.201		6.96489e+06		526.854		
00:00:00:800		1.54783e+07		0.172771		2.83644		530.201		6.96489e+06		526.854		
00:00:00:699		1.54785e+07		0.172812		2.83685		530.204		6.96488e+06		526.84		
00:00:00:599		1.54785e+07		0.172834		2.83684		530.208		6.96486e+06		526.827		
00:00:00:500		1.54786e+07		0.172839		2.83631		530.21		6.96485e+06		526.823		
00:00:00:400		1.54786e+07		0.17284		2.83568		530.214		6.96485e+06		526.823		
00:00:00:299		1.54786e+07		0.17284		2.83568		530.216		6.96485e+06		526.825		
00:00:00:200		1.54785e+07		0.17284		2.83572		530.219		6.96484e+06		526.818		
00:00:00:100		1.54785e+07		0.17284		2.83567		530.223		6.96484e+06		526.826		
00:00:00:000		1.54785e+07		0.17284		2.83571		530.225		6.96483e+06		526.826		
00:00:00:000		1.54785e+07		0.17284		2.83571		530.225		6.96483e+06		526.826		
00:00:00:000		1.54785e+07		0.17284		2.83571		530.225		6.96483e+06		526.826		
00:00:00:000		1.54785e+07		0.17284		2.83571		530.225		6.96483e+06		526.826		
00:00:00:000		1.54785e+07		0.17284		2.83571		530.225		6.96483e+06		526.826		
00:00:00:000		1.54785e+07		0.17284		2.83571		530.225		6.96483e+06		526.826		
00:00:00:000		1.54785e+07		0.17284		2.83571		530.225		6.96483e+06		526.826		
00:00:00:000		1.54785e+07		0.17284		2.83571		530.225		6.96483e+06		526.826		
00:00:00:000		1.54785e+07		0.17284		2.83571		530.225		6.96483e+06		526.826		
00:00:00:000		1.54785e+07		0.17284		2.83571		530.225		6.96483e+06		526.826		
00:00:00:000		1.54785e+07		0.17284		2.83571		530.225		6.96483e+06		526.826		
00:00:00:000		1.54785e+07		0.17284		2.83571		530.225		6.96483e+06		526.826		
00:00:00:000		1.54785e+07		0.17284		2.83571		530.225		6.96483e+06		526.826		
00:00:00:000		1.54785e+07		0.17284		2.83571		530.225		6.96483e+06		526.826		
00:00:00:000		1.54785e+07		0.17284		2.83571		530.225		6.96483e+06		526.826		
00:00:00:000		1.54785e+07		0.17284		2.83571		530.225		6.96483e+06		526.826		
00:00:00:000		1.54785e+07		0.17284		2.83571		530.225		6.96483e+06		526.826		
