	time 		rcpppzr	rcp054rcp007mnzoyout	rcv501std0102fvol	fwfrcp001gv	rcppmssga	msfsg(1)	
00:01:07:849		1.51638e+07		-0.451753		5.90421		508.724		6.98062e+06		531.19		
00:01:07:750		1.51642e+07		-0.450868		5.90089		508.729		6.98061e+06		531.188		
00:01:07:650		1.51646e+07		-0.449982		5.89751		508.737		6.98059e+06		531.186		
00:01:07:549		1.51649e+07		-0.449096		5.8942		508.743		6.98057e+06		531.185		
00:01:07:450		1.51653e+07		-0.44821		5.89083		508.75		6.98055e+06		531.182		
00:01:07:349		1.51657e+07		-0.447324		5.88746		508.76		6.98054e+06		531.183		
00:01:07:099		1.51666e+07		-0.445108		5.87904		508.779		6.98049e+06		531.174		
00:01:07:099		1.51666e+07		-0.445108		5.87904		508.779		6.98049e+06		531.174		
00:01:06:900		1.51673e+07		-0.443335		5.87221		508.795		6.98046e+06		531.18		
00:01:06:900		1.51673e+07		-0.443335		5.87221		508.795		6.98046e+06		531.18		
00:01:06:799		1.51677e+07		-0.442448		5.8688		508.802		6.98044e+06		531.177		
00:01:06:700		1.5168e+07		-0.44156		5.86539		508.81		6.98042e+06		531.175		
00:01:06:599		1.51684e+07		-0.440673		5.86198		508.818		6.9804e+06		531.174		
00:01:06:500		1.51688e+07		-0.439785		5.85856		508.827		6.98039e+06		531.171		
00:01:06:400		1.51691e+07		-0.438898		5.85512		508.835		6.98037e+06		531.184		
00:01:06:200		1.51699e+07		-0.437121		5.84821		508.852		6.98033e+06		531.169		
00:01:06:099		1.51702e+07		-0.436233		5.84473		508.86		6.98031e+06		531.165		
00:01:06:099		1.51702e+07		-0.436233		5.84473		508.86		6.98031e+06		531.165		
00:01:06:000		1.51706e+07		-0.435345		5.84125		508.867		6.9803e+06		531.169		
00:01:05:900		1.51709e+07		-0.434456		5.83771		508.877		6.98028e+06		531.166		
00:01:05:799		1.51713e+07		-0.433568		5.83421		508.887		6.98026e+06		531.173		
00:01:05:700		1.51717e+07		-0.432678		5.83068		508.894		6.98024e+06		531.165		
00:01:05:599		1.5172e+07		-0.431789		5.82713		508.904		6.98022e+06		531.163		
00:01:05:500		1.51724e+07		-0.4309		5.82358		508.911		6.98021e+06		531.172		
00:01:05:400		1.51728e+07		-0.43001		5.82001		508.921		6.98019e+06		531.161		
00:01:05:299		1.51731e+07		-0.42912		5.81648		508.932		6.98017e+06		531.159		
00:01:05:200		1.51735e+07		-0.42823		5.81285		508.94		6.98015e+06		531.172		
00:01:05:099		1.51739e+07		-0.427341		5.80928		508.95		6.98013e+06		531.159		
00:01:05:000		1.51742e+07		-0.42645		5.80567		508.959		6.98011e+06		531.156		
00:01:04:900		1.51746e+07		-0.42556		5.80205		508.969		6.9801e+06		531.147		
00:01:04:750		1.51751e+07		-0.424223		5.79661		508.984		6.98007e+06		531.159		
00:01:04:650		1.51755e+07		-0.423332		5.79299		508.996		6.98005e+06		531.154		
00:01:04:599		1.51757e+07		-0.422886		5.79119		509		6.98004e+06		531.154		
00:01:04:500		1.51761e+07		-0.421995		5.78754		509.011		6.98002e+06		531.153		
00:01:04:400		1.51764e+07		-0.421103		5.78389		509.023		6.98e+06		531.152		
00:01:04:299		1.51768e+07		-0.420212		5.78021		509.03		6.97998e+06		531.15		
00:01:04:200		1.51772e+07		-0.41932		5.77657		509.042		6.97997e+06		531.149		
00:01:04:049		1.51777e+07		-0.417981		5.77101		509.057		6.97994e+06		531.148		
00:01:03:950		1.51781e+07		-0.417089		5.76732		509.069		6.97992e+06		531.147		
00:01:03:850		1.51784e+07		-0.416196		5.7636		509.08		6.9799e+06		531.146		
00:01:03:750		1.51784e+07		-0.416196		5.7636		509.08		6.9799e+06		531.146		
00:01:03:750		1.51788e+07		-0.415303		5.75982		509.09		6.97988e+06		531.144		
00:01:03:549		1.51795e+07		-0.413516		5.75229		509.113		6.97984e+06		531.142		
00:01:03:549		1.51795e+07		-0.413516		5.75229		509.113		6.97984e+06		531.142		
00:01:03:350		1.51803e+07		-0.411729		5.74479		509.138		6.97981e+06		531.14		
00:01:03:250		1.51806e+07		-0.410834		5.74097		509.149		6.97979e+06		531.138		
00:01:03:149		1.5181e+07		-0.40994		5.73712		509.162		6.97977e+06		531.137		
00:01:03:149		1.5181e+07		-0.40994		5.73712		509.162		6.97977e+06		531.137		
00:01:03:049		1.51814e+07		-0.409045		5.73334		509.174		6.97975e+06		531.135		
00:01:02:950		1.51817e+07		-0.40815		5.72953		509.185		6.97973e+06		531.129		
00:01:02:850		1.51821e+07		-0.407254		5.72573		509.197		6.97971e+06		531.135		
00:01:02:750		1.51825e+07		-0.406359		5.72188		509.21		6.97969e+06		531.133		
00:01:02:649		1.51828e+07		-0.405463		5.71802		509.224		6.97967e+06		531.131		
00:01:02:549		1.51832e+07		-0.404567		5.71418		509.235		6.97965e+06		531.13		
00:01:02:450		1.51836e+07		-0.40367		5.71028		509.249		6.97964e+06		531.128		
00:01:02:250		1.51843e+07		-0.401877		5.7024		509.273		6.9796e+06		531.127		
00:01:02:149		1.51847e+07		-0.40098		5.69839		509.287		6.97958e+06		531.126		
00:01:02:149		1.51847e+07		-0.40098		5.69839		509.287		6.97958e+06		531.126		
00:01:02:000		1.51852e+07		-0.399633		5.69244		509.304		6.97955e+06		531.123		
00:01:01:899		1.51856e+07		-0.398735		5.68847		509.318		6.97953e+06		531.116		
00:01:01:799		1.5186e+07		-0.397837		5.68441		509.331		6.97951e+06		531.122		
00:01:01:700		1.51863e+07		-0.396938		5.68037		509.344		6.97949e+06		531.119		
00:01:01:600		1.51867e+07		-0.396039		5.67633		509.358		6.97947e+06		531.12		
00:01:01:549		1.51869e+07		-0.39559		5.67434		509.363		6.97946e+06		531.119		
00:01:01:450		1.51873e+07		-0.394691		5.6703		509.377		6.97944e+06		531.117		
00:01:01:350		1.51876e+07		-0.393791		5.66618		509.39		6.97942e+06		531.115		
00:01:01:100		1.51885e+07		-0.391541		5.65597		509.425		6.97937e+06		531.105		
00:01:01:100		1.51885e+07		-0.391541		5.65597		509.425		6.97937e+06		531.105		
00:01:01:000		1.51889e+07		-0.390641		5.65192		509.438		6.97935e+06		531.113		
00:01:00:950		1.51891e+07		-0.39019		5.64984		509.444		6.97934e+06		531.112		
00:01:00:799		1.51896e+07		-0.388838		5.64376		509.465		6.97931e+06		531.104		
00:01:00:700		1.519e+07		-0.387937		5.63965		509.48		6.97929e+06		531.109		
00:01:00:600		1.51904e+07		-0.387034		5.63546		509.494		6.97927e+06		531.107		
00:01:00:500		1.51908e+07		-0.386133		5.63129		509.509		6.97925e+06		531.112		
00:01:00:399		1.51911e+07		-0.38523		5.62708		509.524		6.97924e+06		531.1		
00:01:00:200		1.51919e+07		-0.383424		5.61866		509.553		6.9792e+06		531.104		
00:01:00:100		1.51922e+07		-0.38252		5.61441		509.566		6.97918e+06		531.097		
00:01:00:100		1.51922e+07		-0.38252		5.61441		509.566		6.97918e+06		531.097		
00:01:00:000		1.51926e+07		-0.381617		5.61021		509.582		6.97916e+06		531.102		
00:00:59:950		1.51928e+07		-0.381164		5.60809		509.587		6.97915e+06		531.1		
00:00:59:850		1.51932e+07		-0.38026		5.60382		509.603		6.97913e+06		531.104		
00:00:59:750		1.51935e+07		-0.379355		5.59953		509.618		6.97911e+06		531.112		
00:00:59:649		1.51939e+07		-0.37845		5.59527		509.633		6.97909e+06		531.1		
00:00:59:549		1.51943e+07		-0.377545		5.59098		509.649		6.97907e+06		531.099		
00:00:59:450		1.51946e+07		-0.376639		5.58674		509.664		6.97905e+06		531.098		
00:00:59:299		1.51952e+07		-0.375279		5.58025		509.689		6.97901e+06		531.096		
00:00:59:149		1.51958e+07		-0.373919		5.57381		509.712		6.97898e+06		531.091		
00:00:59:149		1.51958e+07		-0.373919		5.57381		509.712		6.97898e+06		531.091		
00:00:59:049		1.51961e+07		-0.373011		5.56948		509.727		6.97896e+06		531.098		
00:00:58:950		1.51965e+07		-0.372103		5.56513		509.744		6.97894e+06		531.092		
00:00:58:850		1.51969e+07		-0.371194		5.56065		509.761		6.97892e+06		531.085		
00:00:58:750		1.51972e+07		-0.370286		5.55622		509.777		6.9789e+06		531.091		
00:00:58:649		1.51976e+07		-0.369377		5.55184		509.792		6.97888e+06		531.088		
00:00:58:549		1.5198e+07		-0.368468		5.54748		509.809		6.97886e+06		531.107		
00:00:58:450		1.51984e+07		-0.367558		5.54314		509.825		6.97884e+06		531.101		
00:00:58:250		1.51991e+07		-0.365737		5.53422		509.859		6.9788e+06		531.084		
00:00:58:149		1.51995e+07		-0.364827		5.52969		509.874		6.97878e+06		531.097		
00:00:58:149		1.51995e+07		-0.364827		5.52969		509.874		6.97878e+06		531.097		
00:00:58:049		1.51998e+07		-0.363916		5.52517		509.892		6.97876e+06		531.084		
00:00:57:950		1.52002e+07		-0.363005		5.52067		509.909		6.97874e+06		531.082		
00:00:57:850		1.52006e+07		-0.362093		5.51614		509.926		6.97872e+06		531.079		
00:00:57:750		1.5201e+07		-0.361181		5.51161		509.943		6.9787e+06		531.081		
00:00:57:649		1.52013e+07		-0.360269		5.50706		509.96		6.97868e+06		531.08		
00:00:57:500		1.52019e+07		-0.3589		5.50018		509.987		6.97865e+06		531.078		
00:00:57:399		1.52023e+07		-0.357987		5.49557		510.006		6.97863e+06		531.077		
00:00:57:299		1.52026e+07		-0.357073		5.49098		510.023		6.97861e+06		531.07		
00:00:57:250		1.52028e+07		-0.356616		5.4887		510.033		6.9786e+06		531.073		
00:00:57:149		1.52032e+07		-0.355702		5.48419		510.052		6.97858e+06		531.074		
00:00:57:049		1.52036e+07		-0.354787		5.47943		510.069		6.97856e+06		531.068		
00:00:56:950		1.5204e+07		-0.353873		5.47456		510.089		6.97853e+06		531.073		
00:00:56:850		1.52043e+07		-0.352957		5.47		510.106		6.97851e+06		531.072		
00:00:56:750		1.52047e+07		-0.352042		5.46579		510.123		6.97849e+06		531.071		
00:00:56:649		1.52051e+07		-0.351126		5.46142		510.142		6.97847e+06		531.069		
00:00:56:549		1.52055e+07		-0.35021		5.45623		510.161		6.97845e+06		531.067		
00:00:56:450		1.52058e+07		-0.349294		5.45067		510.178		6.97843e+06		531.068		
00:00:56:299		1.52064e+07		-0.347918		5.44442		510.207		6.9784e+06		531.065		
00:00:56:250		1.52068e+07		-0.347001		5.44158		510.224		6.97838e+06		531.063		
00:00:56:100		1.52071e+07		-0.346083		5.43775		510.245		6.97836e+06		531.06		
00:00:56:000		1.52075e+07		-0.345164		5.42897		510.266		6.97833e+06		531.058		
00:00:55:899		1.52079e+07		-0.344245		5.42036		510.284		6.97831e+06		531.062		
00:00:55:899		1.52079e+07		-0.344245		5.42036		510.284		6.97831e+06		531.062		
00:00:55:799		1.52083e+07		-0.343326		5.41169		510.305		6.97829e+06		531.06		
00:00:55:700		1.52086e+07		-0.342406		5.40305		510.326		6.97827e+06		531.058		
00:00:55:600		1.5209e+07		-0.341486		5.39453		510.345		6.97825e+06		531.052		
00:00:55:500		1.52094e+07		-0.340566		5.38578		510.366		6.97823e+06		531.057		
00:00:55:399		1.52098e+07		-0.339645		5.37708		510.385		6.97821e+06		531.055		
00:00:55:200		1.52105e+07		-0.337801		5.35968		510.425		6.97816e+06		531.055		
00:00:55:100		1.52109e+07		-0.336879		5.35117		510.446		6.97814e+06		531.054		
00:00:55:000		1.52113e+07		-0.335957		5.34244		510.467		6.97812e+06		531.042		
00:00:54:899		1.52117e+07		-0.335033		5.33376		510.488		6.9781e+06		531.051		
00:00:54:799		1.5212e+07		-0.33411		5.32505		510.511		6.97808e+06		531.052		
00:00:54:799		1.5212e+07		-0.33411		5.32505		510.511		6.97808e+06		531.052		
00:00:54:600		1.52128e+07		-0.332261		5.30787		510.553		6.97804e+06		531.05		
00:00:54:600		1.52128e+07		-0.332261		5.30787		510.553		6.97804e+06		531.05		
00:00:54:500		1.52132e+07		-0.331337		5.29918		510.574		6.97802e+06		531.049		
00:00:54:399		1.52136e+07		-0.330411		5.29041		510.595		6.97799e+06		531.048		
00:00:54:200		1.52143e+07		-0.328559		5.27316		510.637		6.97795e+06		531.046		
00:00:54:200		1.52143e+07		-0.328559		5.27316		510.637		6.97795e+06		531.046		
00:00:54:100		1.52147e+07		-0.327632		5.26456		510.658		6.97793e+06		531.044		
00:00:53:899		1.52154e+07		-0.325778		5.2472		510.702		6.97789e+06		531.041		
00:00:53:899		1.52154e+07		-0.325778		5.2472		510.702		6.97789e+06		531.041		
00:00:53:799		1.52158e+07		-0.324851		5.23844		510.725		6.97786e+06		531.038		
00:00:53:700		1.52162e+07		-0.323922		5.22989		510.746		6.97784e+06		531.043		
00:00:53:549		1.52168e+07		-0.322529		5.21699		510.78		6.97781e+06		531.041		
00:00:53:450		1.52172e+07		-0.3216		5.2082		510.801		6.97779e+06		531.039		
00:00:53:250		1.52179e+07		-0.319741		5.19104		510.845		6.97775e+06		531.037		
00:00:53:149		1.52183e+07		-0.318811		5.18244		510.868		6.97772e+06		531.031		
00:00:53:149		1.52183e+07		-0.318811		5.18244		510.868		6.97772e+06		531.031		
00:00:53:049		1.52187e+07		-0.317881		5.1738		510.891		6.9777e+06		531.036		
00:00:52:950		1.52191e+07		-0.31695		5.16508		510.914		6.97768e+06		531.039		
00:00:52:850		1.52195e+07		-0.316018		5.15637		510.937		6.97766e+06		531.035		
00:00:52:750		1.52198e+07		-0.315086		5.14791		510.961		6.97764e+06		531.029		
00:00:52:700		1.522e+07		-0.31462		5.14349		510.973		6.97763e+06		531.035		
00:00:52:600		1.52204e+07		-0.313688		5.13497		510.996		6.9776e+06		531.035		
00:00:52:500		1.52208e+07		-0.312755		5.12623		511.021		6.97758e+06		531.032		
00:00:52:350		1.52214e+07		-0.311356		5.11337		511.057		6.97755e+06		531.034		
00:00:52:149		1.52221e+07		-0.309488		5.09607		511.103		6.97751e+06		531.031		
00:00:52:149		1.52221e+07		-0.309488		5.09607		511.103		6.97751e+06		531.031		
00:00:52:049		1.52225e+07		-0.308553		5.0874		511.127		6.97748e+06		531.029		
00:00:51:950		1.52229e+07		-0.307618		5.07882		511.15		6.97746e+06		531.042		
00:00:51:850		1.52233e+07		-0.306683		5.07036		511.173		6.97744e+06		531.03		
00:00:51:750		1.52237e+07		-0.305747		5.06153		511.196		6.97742e+06		531.038		
00:00:51:649		1.52241e+07		-0.304811		5.05297		511.221		6.9774e+06		531.031		
00:00:51:549		1.52244e+07		-0.303874		5.04431		511.246		6.97738e+06		531.03		
00:00:51:450		1.52248e+07		-0.302938		5.0357		511.271		6.97736e+06		531.04		
00:00:51:250		1.52256e+07		-0.301062		5.0184		511.32		6.97731e+06		531.03		
00:00:51:149		1.5226e+07		-0.300124		5.0099		511.345		6.97729e+06		531.03		
00:00:51:149		1.5226e+07		-0.300124		5.0099		511.345		6.97729e+06		531.03		
00:00:51:049		1.52264e+07		-0.299186		5.00137		511.372		6.97727e+06		531.029		
00:00:50:950		1.52267e+07		-0.298247		4.99248		511.396		6.97725e+06		531.027		
00:00:50:850		1.52271e+07		-0.297307		4.98401		511.423		6.97723e+06		531.021		
00:00:50:750		1.52275e+07		-0.296368		4.97535		511.448		6.9772e+06		531.028		
00:00:50:649		1.52279e+07		-0.295427		4.9669		511.475		6.97718e+06		531.027		
00:00:50:549		1.52283e+07		-0.294487		4.95821		511.499		6.97716e+06		531.021		
00:00:50:450		1.52287e+07		-0.293545		4.94952		511.528		6.97714e+06		531.028		
00:00:50:250		1.52295e+07		-0.291662		4.9324		511.581		6.9771e+06		531.025		
00:00:50:149		1.52298e+07		-0.29072		4.92388		511.608		6.97707e+06		531.024		
00:00:50:149		1.52298e+07		-0.29072		4.92388		511.608		6.97707e+06		531.024		
00:00:50:049		1.52302e+07		-0.289777		4.91526		511.635		6.97705e+06		531.023		
00:00:49:950		1.52306e+07		-0.288834		4.90668		511.661		6.97703e+06		531.022		
00:00:49:850		1.5231e+07		-0.28789		4.89817		511.688		6.97701e+06		531.021		
00:00:49:750		1.52316e+07		-0.286475		4.88525		511.728		6.97698e+06		531.021		
00:00:49:600		1.5232e+07		-0.285531		4.87668		511.757		6.97696e+06		531.02		
00:00:49:500		1.52324e+07		-0.284586		4.86815		511.783		6.97693e+06		531.019		
00:00:49:399		1.52328e+07		-0.283641		4.85953		511.81		6.97691e+06		531.018		
00:00:49:299		1.52332e+07		-0.282695		4.8511		511.837		6.97689e+06		531.017		
00:00:49:200		1.52335e+07		-0.28175		4.84251		511.865		6.97687e+06		531.015		
00:00:49:200		1.52335e+07		-0.28175		4.84251		511.865		6.97687e+06		531.015		
00:00:49:000		1.52343e+07		-0.279857		4.82548		511.919		6.97683e+06		531.016		
00:00:49:000		1.52343e+07		-0.279857		4.82548		511.919		6.97683e+06		531.016		
00:00:48:899		1.52347e+07		-0.278911		4.81695		511.947		6.9768e+06		531.015		
00:00:48:799		1.52351e+07		-0.277964		4.80839		511.974		6.97678e+06		531.014		
00:00:48:700		1.52355e+07		-0.277017		4.79976		512.004		6.97676e+06		531.013		
00:00:48:600		1.52359e+07		-0.276069		4.79127		512.031		6.97674e+06		531.011		
00:00:48:500		1.52363e+07		-0.275121		4.78276		512.06		6.97672e+06		531.01		
00:00:48:399		1.52367e+07		-0.274172		4.77419		512.088		6.9767e+06		531.01		
00:00:48:250		1.52373e+07		-0.272749		4.76138		512.13		6.97666e+06		531.008		
00:00:48:100		1.52378e+07		-0.271326		4.74875		512.172		6.97663e+06		531.005		
00:00:48:000		1.52382e+07		-0.270376		4.74019		512.201		6.97661e+06		531.002		
00:00:47:899		1.52386e+07		-0.269426		4.73164		512.227		6.97659e+06		530.996		
00:00:47:799		1.5239e+07		-0.268476		4.72325		512.258		6.97657e+06		531.002		
00:00:47:799		1.5239e+07		-0.268476		4.72325		512.258		6.97657e+06		531.002		
00:00:47:700		1.52394e+07		-0.267526		4.71469		512.286		6.97655e+06		530.996		
00:00:47:600		1.52398e+07		-0.266575		4.70633		512.317		6.97652e+06		531.001		
00:00:47:500		1.52402e+07		-0.265624		4.69776		512.345		6.9765e+06		531		
00:00:47:399		1.52406e+07		-0.264673		4.6895		512.376		6.97648e+06		531		
00:00:47:200		1.52414e+07		-0.262769		4.67235		512.433		6.97644e+06		530.996		
00:00:47:200		1.52414e+07		-0.262769		4.67235		512.433		6.97644e+06		530.996		
00:00:47:100		1.52418e+07		-0.261817		4.66416		512.463		6.97642e+06		530.995		
00:00:47:000		1.52422e+07		-0.260865		4.65555		512.494		6.97639e+06		530.982		
00:00:46:899		1.52426e+07		-0.259912		4.64721		512.524		6.97637e+06		530.993		
00:00:46:799		1.5243e+07		-0.258959		4.63868		512.553		6.97635e+06		530.992		
00:00:46:700		1.52434e+07		-0.258006		4.63026		512.583		6.97633e+06		530.992		
00:00:46:600		1.52438e+07		-0.257052		4.6218		512.612		6.97631e+06		530.99		
00:00:46:500		1.52441e+07		-0.256099		4.61329		512.642		6.97629e+06		530.99		
00:00:46:399		1.52445e+07		-0.255145		4.60503		512.672		6.97626e+06		530.987		
00:00:46:149		1.52455e+07		-0.252759		4.58396		512.75		6.97621e+06		530.988		
00:00:46:149		1.52455e+07		-0.252759		4.58396		512.75		6.97621e+06		530.988		
00:00:46:049		1.52459e+07		-0.251804		4.57559		512.781		6.97619e+06		530.987		
00:00:45:950		1.52463e+07		-0.25085		4.56719		512.813		6.97617e+06		530.986		
00:00:45:850		1.52467e+07		-0.249894		4.55882		512.844		6.97615e+06		530.985		
00:00:45:750		1.52471e+07		-0.248939		4.5505		512.874		6.97613e+06		530.984		
00:00:45:649		1.52475e+07		-0.247983		4.54204		512.904		6.9761e+06		530.983		
00:00:45:549		1.52479e+07		-0.247027		4.53375		512.937		6.97608e+06		530.981		
00:00:45:450		1.52483e+07		-0.246071		4.52533		512.967		6.97606e+06		530.98		
00:00:45:350		1.52487e+07		-0.245115		4.5171		513		6.97604e+06		530.98		
00:00:45:149		1.52495e+07		-0.243202		4.50035		513.062		6.976e+06		530.977		
00:00:45:149		1.52495e+07		-0.243202		4.50035		513.062		6.976e+06		530.977		
00:00:45:049		1.52499e+07		-0.242245		4.49184		513.095		6.97598e+06		530.976		
00:00:44:950		1.52503e+07		-0.241288		4.48356		513.127		6.97595e+06		530.975		
00:00:44:850		1.52507e+07		-0.240331		4.47538		513.159		6.97593e+06		530.971		
00:00:44:750		1.52511e+07		-0.239373		4.46691		513.192		6.97591e+06		530.969		
00:00:44:649		1.52515e+07		-0.238415		4.45877		513.224		6.97589e+06		530.969		
00:00:44:549		1.52519e+07		-0.237457		4.45044		513.256		6.97587e+06		530.964		
00:00:44:450		1.52523e+07		-0.236499		4.4424		513.288		6.97585e+06		530.979		
00:00:44:350		1.52527e+07		-0.235541		4.43404		513.321		6.97583e+06		530.959		
00:00:44:149		1.52535e+07		-0.233624		4.41761		513.387		6.97578e+06		530.965		
00:00:44:149		1.52535e+07		-0.233624		4.41761		513.387		6.97578e+06		530.965		
00:00:44:049		1.52539e+07		-0.232665		4.40928		513.419		6.97576e+06		530.963		
00:00:43:899		1.52545e+07		-0.231225		4.39702		513.469		6.97573e+06		530.959		
00:00:43:799		1.52549e+07		-0.230264		4.38867		513.505		6.97571e+06		530.956		
00:00:43:700		1.52553e+07		-0.229304		4.38059		513.537		6.97569e+06		530.956		
00:00:43:600		1.52556e+07		-0.228344		4.37233		513.571		6.97566e+06		530.949		
00:00:43:500		1.52556e+07		-0.228344		4.37233		513.571		6.97566e+06		530.949		
00:00:43:500		1.5256e+07		-0.227385		4.36412		513.606		6.97564e+06		530.955		
00:00:43:350		1.52566e+07		-0.225945		4.35197		513.657		6.97561e+06		530.951		
00:00:43:250		1.5257e+07		-0.224985		4.34379		513.689		6.97559e+06		530.947		
00:00:43:100		1.52576e+07		-0.223546		4.33165		513.74		6.97556e+06		530.938		
00:00:43:000		1.5258e+07		-0.222587		4.3234		513.775		6.97554e+06		530.936		
00:00:42:899		1.52584e+07		-0.221628		4.3155		513.809		6.97551e+06		530.935		
00:00:42:799		1.52584e+07		-0.221628		4.3155		513.809		6.97551e+06		530.935		
00:00:42:799		1.52588e+07		-0.220668		4.3073		513.845		6.97549e+06		530.939		
00:00:42:700		1.52592e+07		-0.21971		4.2992		513.879		6.97547e+06		530.943		
00:00:42:500		1.526e+07		-0.217793		4.28313		513.947		6.97543e+06		530.939		
00:00:42:500		1.526e+07		-0.217793		4.28313		513.947		6.97543e+06		530.939		
00:00:42:399		1.52604e+07		-0.216835		4.27514		513.981		6.97541e+06		530.943		
00:00:42:200		1.52612e+07		-0.21492		4.25915		514.054		6.97536e+06		530.936		
00:00:42:200		1.52612e+07		-0.21492		4.25915		514.054		6.97536e+06		530.936		
00:00:42:100		1.52616e+07		-0.213963		4.25118		514.088		6.97534e+06		530.934		
00:00:41:899		1.52623e+07		-0.212049		4.23526		514.158		6.9753e+06		530.93		
00:00:41:899		1.52623e+07		-0.212049		4.23526		514.158		6.9753e+06		530.93		
00:00:41:799		1.52627e+07		-0.211093		4.22747		514.194		6.97528e+06		530.931		
00:00:41:700		1.52631e+07		-0.210137		4.21946		514.23		6.97526e+06		530.928		
00:00:41:500		1.52639e+07		-0.208226		4.20356		514.302		6.97522e+06		530.925		
00:00:41:500		1.52639e+07		-0.208226		4.20356		514.302		6.97522e+06		530.925		
00:00:41:399		1.52643e+07		-0.207272		4.19579		514.338		6.97519e+06		530.918		
00:00:41:200		1.52651e+07		-0.205364		4.18004		514.41		6.97515e+06		530.921		
00:00:41:200		1.52651e+07		-0.205364		4.18004		514.41		6.97515e+06		530.921		
00:00:41:100		1.52655e+07		-0.20441		4.17226		514.446		6.97513e+06		530.92		
00:00:41:000		1.52659e+07		-0.203457		4.16426		514.484		6.97511e+06		530.908		
00:00:40:850		1.52665e+07		-0.202028		4.15263		514.541		6.97508e+06		530.916		
00:00:40:750		1.52669e+07		-0.201077		4.14485		514.577		6.97506e+06		530.914		
00:00:40:649		1.52673e+07		-0.200125		4.13714		514.615		6.97504e+06		530.911		
00:00:40:549		1.52677e+07		-0.199173		4.12922		514.653		6.97501e+06		530.904		
00:00:40:450		1.52681e+07		-0.198223		4.1214		514.691		6.97499e+06		530.91		
00:00:40:350		1.52685e+07		-0.197273		4.1138		514.728		6.97497e+06		530.908		
00:00:40:149		1.52693e+07		-0.195375		4.09853		514.806		6.97493e+06		530.905		
00:00:40:149		1.52693e+07		-0.195375		4.09853		514.806		6.97493e+06		530.905		
00:00:40:049		1.52697e+07		-0.194427		4.09109		514.846		6.97491e+06		530.903		
00:00:39:950		1.52701e+07		-0.193479		4.08343		514.884		6.97489e+06		530.898		
00:00:39:850		1.52704e+07		-0.192532		4.07594		514.922		6.97487e+06		530.9		
00:00:39:750		1.52708e+07		-0.191586		4.06842		514.96		6.97485e+06		530.897		
00:00:39:649		1.52712e+07		-0.19064		4.06097		514.997		6.97482e+06		530.895		
00:00:39:549		1.52716e+07		-0.189694		4.05337		515.035		6.9748e+06		530.891		
00:00:39:450		1.5272e+07		-0.18875		4.04591		515.073		6.97478e+06		530.893		
00:00:39:250		1.52728e+07		-0.186864		4.03105		515.149		6.97474e+06		530.91		
00:00:39:149		1.52732e+07		-0.185921		4.02353		515.189		6.97472e+06		530.888		
00:00:39:149		1.52732e+07		-0.185921		4.02353		515.189		6.97472e+06		530.888		
00:00:39:049		1.52736e+07		-0.184979		4.01628		515.227		6.9747e+06		530.885		
00:00:38:899		1.52742e+07		-0.183569		4.00507		515.285		6.97467e+06		530.879		
00:00:38:799		1.52746e+07		-0.18263		3.99767		515.323		6.97465e+06		530.903		
00:00:38:700		1.5275e+07		-0.181691		3.99043		515.361		6.97463e+06		530.88		
00:00:38:600		1.52754e+07		-0.180754		3.983		515.401		6.9746e+06		530.878		
00:00:38:500		1.52758e+07		-0.179817		3.97577		515.439		6.97458e+06		530.875		
00:00:38:399		1.52762e+07		-0.178881		3.96839		515.476		6.97456e+06		530.877		
00:00:38:299		1.52766e+07		-0.177946		3.96118		515.518		6.97454e+06		530.874		
00:00:38:200		1.5277e+07		-0.177011		3.95375		515.558		6.97452e+06		530.873		
00:00:38:100		1.52774e+07		-0.176079		3.94667		515.597		6.9745e+06		530.871		
00:00:38:100		1.52774e+07		-0.176079		3.94667		515.597		6.9745e+06		530.871		
00:00:38:000		1.52777e+07		-0.175147		3.93934		515.635		6.97448e+06		530.867		
00:00:37:899		1.52781e+07		-0.174216		3.93223		515.675		6.97446e+06		530.867		
00:00:37:799		1.52785e+07		-0.173286		3.92491		515.715		6.97444e+06		530.864		
00:00:37:700		1.52789e+07		-0.172358		3.91777		515.756		6.97442e+06		530.864		
00:00:37:600		1.52793e+07		-0.171429		3.91073		515.796		6.9744e+06		530.861		
00:00:37:500		1.52797e+07		-0.170503		3.90353		515.838		6.97438e+06		530.86		
00:00:37:399		1.52801e+07		-0.169577		3.89638		515.875		6.97435e+06		530.856		
00:00:37:200		1.52809e+07		-0.167728		3.88222		515.957		6.97431e+06		530.853		
00:00:37:200		1.52809e+07		-0.167728		3.88222		515.957		6.97431e+06		530.853		
00:00:37:100		1.52813e+07		-0.166806		3.87516		515.998		6.97429e+06		530.853		
00:00:37:000		1.52817e+07		-0.165885		3.86818		516.038		6.97427e+06		530.85		
00:00:36:899		1.52821e+07		-0.164965		3.86107		516.08		6.97425e+06		530.849		
00:00:36:799		1.52824e+07		-0.164046		3.85417		516.119		6.97423e+06		530.846		
00:00:36:700		1.52828e+07		-0.163129		3.84708		516.159		6.97421e+06		530.85		
00:00:36:600		1.52832e+07		-0.162212		3.84029		516.2		6.97419e+06		530.844		
00:00:36:399		1.5284e+07		-0.160382		3.82642		516.284		6.97415e+06		530.837		
00:00:36:299		1.52844e+07		-0.159469		3.81941		516.325		6.97413e+06		530.827		
00:00:36:200		1.52848e+07		-0.158556		3.81261		516.367		6.97411e+06		530.837		
00:00:36:200		1.52848e+07		-0.158556		3.81261		516.367		6.97411e+06		530.837		
00:00:36:100		1.52852e+07		-0.157646		3.80576		516.408		6.97409e+06		530.834		
00:00:36:000		1.52856e+07		-0.156736		3.79897		516.448		6.97407e+06		530.832		
00:00:35:899		1.52859e+07		-0.155828		3.79212		516.489		6.97405e+06		530.829		
00:00:35:799		1.52863e+07		-0.15492		3.78523		516.533		6.97402e+06		530.829		
00:00:35:700		1.52867e+07		-0.154014		3.77855		516.573		6.974e+06		530.827		
00:00:35:600		1.52871e+07		-0.153109		3.77171		516.614		6.97398e+06		530.825		
00:00:35:500		1.52875e+07		-0.152205		3.765		516.656		6.97396e+06		530.822		
00:00:35:399		1.52879e+07		-0.151302		3.75829		516.699		6.97394e+06		530.805		
00:00:35:200		1.52887e+07		-0.149501		3.74485		516.784		6.9739e+06		530.817		
00:00:35:200		1.52887e+07		-0.149501		3.74485		516.784		6.9739e+06		530.817		
00:00:35:100		1.5289e+07		-0.148602		3.7383		516.825		6.97388e+06		530.814		
00:00:34:850		1.529e+07		-0.146359		3.72167		516.931		6.97383e+06		530.809		
00:00:34:850		1.529e+07		-0.146359		3.72167		516.931		6.97383e+06		530.809		
00:00:34:750		1.52904e+07		-0.145464		3.71517		516.973		6.97381e+06		530.808		
00:00:34:649		1.52908e+07		-0.144571		3.70862		517.018		6.97379e+06		530.805		
00:00:34:549		1.52912e+07		-0.143679		3.70208		517.059		6.97377e+06		530.804		
00:00:34:450		1.52915e+07		-0.142787		3.69548		517.103		6.97375e+06		530.801		
00:00:34:350		1.52919e+07		-0.141897		3.68906		517.144		6.97373e+06		530.805		
00:00:34:149		1.52927e+07		-0.140121		3.67623		517.229		6.97369e+06		530.795		
00:00:34:149		1.52927e+07		-0.140121		3.67623		517.229		6.97369e+06		530.795		
00:00:34:049		1.52931e+07		-0.139234		3.66983		517.272		6.97367e+06		530.794		
00:00:33:950		1.52935e+07		-0.138348		3.66328		517.318		6.97365e+06		530.79		
00:00:33:850		1.52938e+07		-0.137464		3.65693		517.359		6.97363e+06		530.799		
00:00:33:750		1.52942e+07		-0.13658		3.65053		517.403		6.97361e+06		530.784		
00:00:33:649		1.52946e+07		-0.135698		3.64426		517.446		6.97359e+06		530.784		
00:00:33:549		1.5295e+07		-0.134817		3.63788		517.489		6.97357e+06		530.779		
00:00:33:450		1.52954e+07		-0.133936		3.63162		517.534		6.97355e+06		530.781		
00:00:33:250		1.52961e+07		-0.132179		3.61916		517.621		6.97351e+06		530.777		
00:00:33:100		1.52967e+07		-0.130863		3.60974		517.685		6.97348e+06		530.773		
00:00:33:100		1.52967e+07		-0.130863		3.60974		517.685		6.97348e+06		530.773		
00:00:33:100		1.52967e+07		-0.130863		3.60974		517.685		6.97348e+06		530.773		
00:00:32:950		1.52973e+07		-0.129549		3.60031		517.753		6.97344e+06		530.769		
00:00:32:850		1.52976e+07		-0.128673		3.5942		517.796		6.97342e+06		530.767		
00:00:32:750		1.5298e+07		-0.127799		3.58799		517.84		6.9734e+06		530.764		
00:00:32:600		1.52986e+07		-0.126489		3.57882		517.906		6.97337e+06		530.753		
00:00:32:500		1.5299e+07		-0.125617		3.57279		517.951		6.97335e+06		530.758		
00:00:32:450		1.52992e+07		-0.125181		3.56959		517.971		6.97334e+06		530.754		
00:00:32:299		1.52997e+07		-0.123874		3.5605		518.039		6.97331e+06		530.748		
00:00:32:200		1.53001e+07		-0.123003		3.55431		518.084		6.97329e+06		530.752		
00:00:32:100		1.53005e+07		-0.122133		3.54832		518.128		6.97327e+06		530.743		
00:00:32:000		1.53009e+07		-0.121264		3.54243		518.173		6.97325e+06		530.747		
00:00:32:000		1.53009e+07		-0.121264		3.54243		518.173		6.97325e+06		530.747		
00:00:31:899		1.53012e+07		-0.120395		3.53639		518.218		6.97323e+06		530.744		
00:00:31:800		1.53016e+07		-0.119526		3.53045		518.263		6.97321e+06		530.746		
00:00:31:699		1.5302e+07		-0.118658		3.52438		518.308		6.97319e+06		530.74		
00:00:31:600		1.53024e+07		-0.11779		3.51846		518.352		6.97317e+06		530.737		
00:00:31:500		1.53027e+07		-0.116922		3.51252		518.397		6.97315e+06		530.734		
00:00:31:399		1.53031e+07		-0.116055		3.50665		518.442		6.97313e+06		530.723		
00:00:31:300		1.53035e+07		-0.115188		3.50083		518.487		6.97311e+06		530.728		
00:00:31:199		1.53039e+07		-0.11432		3.49495		518.532		6.97309e+06		530.722		
00:00:31:000		1.53046e+07		-0.112586		3.48321		518.623		6.97305e+06		530.718		
00:00:31:000		1.53046e+07		-0.112586		3.48321		518.623		6.97305e+06		530.718		
00:00:30:899		1.5305e+07		-0.111718		3.4773		518.668		6.97303e+06		530.722		
00:00:30:800		1.53054e+07		-0.11085		3.47159		518.713		6.97301e+06		530.71		
00:00:30:699		1.53057e+07		-0.109982		3.46569		518.76		6.97299e+06		530.717		
00:00:30:550		1.53063e+07		-0.108678		3.45693		518.828		6.97296e+06		530.713		
00:00:30:449		1.53067e+07		-0.107809		3.45115		518.873		6.97294e+06		530.714		
00:00:30:350		1.5307e+07		-0.106939		3.4454		518.918		6.97292e+06		530.709		
00:00:30:149		1.53078e+07		-0.105197		3.43399		519.01		6.97288e+06		530.704		
00:00:30:149		1.53078e+07		-0.105197		3.43399		519.01		6.97288e+06		530.704		
00:00:30:050		1.53081e+07		-0.104326		3.42818		519.055		6.97286e+06		530.701		
00:00:29:949		1.53085e+07		-0.103453		3.4226		519.102		6.97284e+06		530.698		
00:00:29:850		1.53089e+07		-0.102579		3.41678		519.147		6.97282e+06		530.695		
00:00:29:750		1.53093e+07		-0.101704		3.41126		519.192		6.9728e+06		530.691		
00:00:29:649		1.53096e+07		-0.100828		3.40553		519.239		6.97278e+06		530.701		
00:00:29:550		1.531e+07		-0.0999503		3.3999		519.286		6.97276e+06		530.689		
00:00:29:449		1.53104e+07		-0.0990715		3.39429		519.333		6.97274e+06		530.685		
00:00:29:350		1.53107e+07		-0.0981913		3.38868		519.378		6.97272e+06		530.682		
00:00:29:250		1.53111e+07		-0.0973091		3.38308		519.423		6.9727e+06		530.677		
00:00:29:149		1.53115e+07		-0.0964255		3.37757		519.47		6.97268e+06		530.674		
00:00:29:050		1.53119e+07		-0.09554		3.37186		519.519		6.97266e+06		530.672		
00:00:28:949		1.53122e+07		-0.0946531		3.36637		519.564		6.97265e+06		530.67		
00:00:28:850		1.53126e+07		-0.0937638		3.36069		519.611		6.97263e+06		530.68		
00:00:28:750		1.5313e+07		-0.0928726		3.35523		519.658		6.97261e+06		530.668		
00:00:28:649		1.53134e+07		-0.0919785		3.34964		519.703		6.97259e+06		530.665		
00:00:28:550		1.53137e+07		-0.091083		3.34403		519.75		6.97257e+06		530.663		
00:00:28:449		1.53141e+07		-0.0901842		3.33842		519.797		6.97255e+06		530.66		
00:00:28:250		1.53148e+07		-0.0883799		3.3274		519.889		6.97251e+06		530.655		
00:00:28:100		1.53154e+07		-0.0870194		3.31921		519.96		6.97248e+06		530.65		
00:00:28:100		1.53154e+07		-0.0870194		3.31921		519.96		6.97248e+06		530.65		
00:00:28:000		1.53158e+07		-0.0861082		3.31369		520.007		6.97246e+06		530.647		
00:00:27:899		1.53162e+07		-0.0851946		3.30799		520.054		6.97244e+06		530.643		
00:00:27:800		1.53165e+07		-0.0842776		3.30258		520.1		6.97242e+06		530.639		
00:00:27:699		1.53169e+07		-0.0833573		3.29705		520.147		6.9724e+06		530.639		
00:00:27:699		1.53169e+07		-0.0833573		3.29705		520.147		6.9724e+06		530.639		
00:00:27:500		1.53177e+07		-0.0815063		3.28613		520.243		6.97236e+06		530.631		
00:00:27:399		1.5318e+07		-0.0805755		3.28067		520.292		6.97234e+06		530.63		
00:00:27:250		1.53186e+07		-0.0791721		3.27231		520.361		6.97231e+06		530.634		
00:00:27:250		1.53186e+07		-0.0791721		3.27231		520.361		6.97231e+06		530.634		
00:00:27:100		1.53192e+07		-0.0777602		3.26429		520.434		6.97228e+06		530.621		
00:00:27:000		1.53196e+07		-0.0768132		3.25876		520.481		6.97227e+06		530.618		
00:00:27:000		1.53196e+07		-0.0768132		3.25876		520.481		6.97227e+06		530.618		
00:00:26:899		1.53199e+07		-0.0758624		3.25326		520.53		6.97225e+06		530.608		
00:00:26:800		1.53203e+07		-0.0749073		3.24778		520.577		6.97223e+06		530.623		
00:00:26:699		1.53207e+07		-0.0739479		3.24224		520.625		6.97221e+06		530.61		
00:00:26:600		1.53211e+07		-0.0729842		3.23686		520.672		6.97219e+06		530.6		
00:00:26:500		1.53215e+07		-0.0720153		3.2314		520.721		6.97217e+06		530.604		
00:00:26:399		1.53219e+07		-0.0710416		3.22593		520.77		6.97215e+06		530.601		
00:00:26:199		1.53226e+07		-0.0690799		3.21462		520.863		6.97211e+06		530.597		
00:00:26:199		1.53226e+07		-0.0690799		3.21462		520.863		6.97211e+06		530.597		
00:00:26:100		1.5323e+07		-0.0680914		3.20903		520.91		6.97209e+06		530.593		
00:00:26:000		1.53234e+07		-0.0670967		3.20397		520.959		6.97207e+06		530.585		
00:00:25:899		1.53238e+07		-0.0660977		3.19868		521.007		6.97205e+06		530.588		
00:00:25:800		1.53242e+07		-0.0650926		3.19294		521.054		6.97204e+06		530.599		
00:00:25:699		1.53246e+07		-0.0640821		3.18694		521.101		6.97202e+06		530.584		
00:00:25:600		1.5325e+07		-0.063066		3.18091		521.148		6.972e+06		530.581		
00:00:25:500		1.53254e+07		-0.0620437		3.17669		521.196		6.97198e+06		530.579		
00:00:25:350		1.5326e+07		-0.0605001		3.16956		521.269		6.97195e+06		530.572		
00:00:25:250		1.53264e+07		-0.0594635		3.16229		521.316		6.97193e+06		530.571		
00:00:25:149		1.53268e+07		-0.0584207		3.15485		521.363		6.97191e+06		530.567		
00:00:25:100		1.5327e+07		-0.0578971		3.15139		521.387		6.9719e+06		530.565		
00:00:24:899		1.53278e+07		-0.0557866		3.14703		521.483		6.97186e+06		530.56		
00:00:24:899		1.53278e+07		-0.0557866		3.14703		521.483		6.97186e+06		530.56		
00:00:24:800		1.53282e+07		-0.0547218		3.14528		521.531		6.97185e+06		530.559		
00:00:24:699		1.53286e+07		-0.0536499		3.14353		521.578		6.97183e+06		530.554		
00:00:24:500		1.53294e+07		-0.051487		3.13999		521.673		6.97179e+06		530.548		
00:00:24:500		1.53294e+07		-0.051487		3.13999		521.673		6.97179e+06		530.548		
00:00:24:399		1.53298e+07		-0.050396		3.13824		521.722		6.97177e+06		530.547		
00:00:24:149		1.53309e+07		-0.0476437		3.13385		521.842		6.97172e+06		530.531		
00:00:24:149		1.53309e+07		-0.0476437		3.13385		521.842		6.97172e+06		530.531		
00:00:24:050		1.53313e+07		-0.0465331		3.13206		521.89		6.9717e+06		530.531		
00:00:23:949		1.53317e+07		-0.0454154		3.13031		521.937		6.97168e+06		530.534		
00:00:23:850		1.53322e+07		-0.0442924		3.12852		521.984		6.97167e+06		530.533		
00:00:23:750		1.53326e+07		-0.0431623		3.12673		522.032		6.97165e+06		530.529		
00:00:23:649		1.5333e+07		-0.042026		3.12498		522.081		6.97163e+06		530.525		
00:00:23:550		1.53334e+07		-0.0408831		3.12319		522.127		6.97161e+06		530.525		
00:00:23:449		1.53339e+07		-0.0397329		3.12143		522.174		6.97159e+06		530.522		
00:00:23:350		1.53343e+07		-0.0385766		3.11968		522.223		6.97157e+06		530.529		
00:00:23:250		1.53347e+07		-0.0374131		3.11789		522.269		6.97155e+06		530.517		
00:00:23:149		1.53351e+07		-0.0362425		3.1161		522.316		6.97154e+06		530.514		
00:00:23:050		1.53356e+07		-0.0350647		3.11431		522.365		6.97152e+06		530.51		
00:00:22:949		1.5336e+07		-0.0338788		3.11249		522.411		6.9715e+06		530.508		
00:00:22:850		1.53364e+07		-0.0326853		3.1107		522.458		6.97148e+06		530.507		
00:00:22:750		1.53369e+07		-0.0314837		3.10891		522.507		6.97146e+06		530.502		
00:00:22:649		1.53373e+07		-0.030273		3.10711		522.553		6.97144e+06		530.494		
00:00:22:550		1.53377e+07		-0.0290537		3.10527		522.6		6.97142e+06		530.497		
00:00:22:449		1.53382e+07		-0.0278244		3.10339		522.647		6.97141e+06		530.497		
00:00:22:300		1.53388e+07		-0.0259633		3.10053		522.717		6.97138e+06		530.493		
00:00:22:199		1.53393e+07		-0.0247111		3.09883		522.766		6.97136e+06		530.488		
00:00:22:100		1.53397e+07		-0.0234504		3.09714		522.813		6.97134e+06		530.488		
00:00:22:100		1.53397e+07		-0.0234504		3.09714		522.813		6.97134e+06		530.488		
00:00:22:000		1.53402e+07		-0.022182		3.09525		522.859		6.97132e+06		530.485		
00:00:21:850		1.53408e+07		-0.0202646		3.09226		522.93		6.9713e+06		530.482		
00:00:21:750		1.53412e+07		-0.0189767		3.09051		522.979		6.97128e+06		530.494		
00:00:21:649		1.53416e+07		-0.0176816		3.08895		523.025		6.97126e+06		530.476		
00:00:21:550		1.53421e+07		-0.0166602		3.08735		523.074		6.97124e+06		530.474		
00:00:21:399		1.53429e+07		-0.0151787		3.08511		523.145		6.97122e+06		530.473		
00:00:21:250		1.53437e+07		-0.0136986		3.08275		523.215		6.97119e+06		530.478		
00:00:21:100		1.53445e+07		-0.0122185		3.08043		523.288		6.97116e+06		530.456		
00:00:21:100		1.53445e+07		-0.0122185		3.08043		523.288		6.97116e+06		530.456		
00:00:21:100		1.53445e+07		-0.0122185		3.08043		523.288		6.97116e+06		530.456		
00:00:21:000		1.5345e+07		-0.0112319		3.07886		523.335		6.97114e+06		530.455		
00:00:20:899		1.53455e+07		-0.0102463		3.07738		523.381		6.97112e+06		530.459		
00:00:20:800		1.53461e+07		-0.00926065		3.07581		523.428		6.97111e+06		530.463		
00:00:20:699		1.53466e+07		-0.00827456		3.07436		523.474		6.97109e+06		530.455		
00:00:20:600		1.53471e+07		-0.00728989		3.07275		523.525		6.97107e+06		530.453		
00:00:20:500		1.53477e+07		-0.00630522		3.07122		523.571		6.97105e+06		530.45		
00:00:20:399		1.53482e+07		-0.00532055		3.06965		523.618		6.97103e+06		530.447		
00:00:20:199		1.53493e+07		-0.00335264		3.06668		523.711		6.971e+06		530.444		
00:00:20:199		1.53493e+07		-0.00335264		3.06668		523.711		6.971e+06		530.444		
00:00:20:100		1.53498e+07		-0.0023694		3.06509		523.759		6.97098e+06		530.44		
00:00:19:949		1.53506e+07		-0.00089407		3.06288		523.83		6.97095e+06		530.438		
00:00:19:899		1.53509e+07		-0.000402927		3.06211		523.854		6.97094e+06		530.436		
00:00:19:800		1.53514e+07		0.000580311		3.06057		523.901		6.97092e+06		530.433		
00:00:19:699		1.53519e+07		0.0015626		3.05907		523.946		6.9709e+06		530.431		
00:00:19:550		1.53527e+07		0.00303555		3.05695		524.018		6.97088e+06		530.427		
00:00:19:449		1.53532e+07		0.0040164		3.05541		524.065		6.97086e+06		530.424		
00:00:19:350		1.53538e+07		0.00499725		3.05396		524.111		6.97084e+06		530.422		
00:00:19:250		1.53543e+07		0.00597763		3.05241		524.158		6.97082e+06		530.418		
00:00:19:149		1.53548e+07		0.00695753		3.05083		524.204		6.9708e+06		530.418		
00:00:19:100		1.53554e+07		0.00793695		3.04941		524.253		6.97078e+06		530.415		
00:00:18:949		1.53559e+07		0.0089159		3.04785		524.299		6.97077e+06		530.411		
00:00:18:850		1.53564e+07		0.00989389		3.04637		524.344		6.97075e+06		530.408		
00:00:18:750		1.5357e+07		0.0108719		3.04486		524.392		6.97073e+06		530.408		
00:00:18:649		1.53575e+07		0.0118499		3.04339		524.437		6.97071e+06		530.404		
00:00:18:550		1.5358e+07		0.0128269		3.04203		524.485		6.97069e+06		530.403		
00:00:18:449		1.53585e+07		0.013803		3.04052		524.532		6.97067e+06		530.4		
00:00:18:350		1.53591e+07		0.0147786		3.03912		524.578		6.97065e+06		530.398		
00:00:18:149		1.53601e+07		0.0167289		3.0361		524.669		6.97062e+06		530.39		
00:00:18:149		1.53601e+07		0.0167289		3.0361		524.669		6.97062e+06		530.39		
00:00:18:050		1.53607e+07		0.0177026		3.0349		524.716		6.9706e+06		530.389		
00:00:17:949		1.53612e+07		0.0186763		3.03328		524.762		6.97058e+06		530.386		
00:00:17:850		1.53617e+07		0.0196495		3.03179		524.809		6.97056e+06		530.385		
00:00:17:750		1.53623e+07		0.0206218		3.03035		524.853		6.97054e+06		530.381		
00:00:17:649		1.53628e+07		0.0215936		3.02883		524.9		6.97052e+06		530.381		
00:00:17:550		1.53633e+07		0.0225649		3.0275		524.946		6.9705e+06		530.378		
00:00:17:449		1.53639e+07		0.0235353		3.02608		524.991		6.97048e+06		530.376		
00:00:17:250		1.53649e+07		0.0254745		3.02319		525.084		6.97045e+06		530.371		
00:00:17:149		1.53655e+07		0.0264435		3.02171		525.128		6.97043e+06		530.368		
00:00:17:149		1.53655e+07		0.0264435		3.02171		525.128		6.97043e+06		530.368		
00:00:17:000		1.53663e+07		0.0278955		3.01968		525.197		6.9704e+06		530.364		
00:00:16:899		1.53668e+07		0.0288625		3.01827		525.243		6.97038e+06		530.362		
00:00:16:800		1.53673e+07		0.0298285		3.01678		525.288		6.97036e+06		530.36		
00:00:16:699		1.53679e+07		0.0307941		3.01541		525.333		6.97034e+06		530.357		
00:00:16:649		1.53681e+07		0.0312767		3.01475		525.355		6.97033e+06		530.355		
00:00:16:550		1.53687e+07		0.0322409		3.01349		525.399		6.97031e+06		530.352		
00:00:16:399		1.53695e+07		0.0336862		3.01123		525.466		6.97028e+06		530.348		
00:00:16:300		1.537e+07		0.0346484		3.00982		525.511		6.97026e+06		530.345		
00:00:16:199		1.53705e+07		0.0356107		3.00848		525.555		6.97024e+06		530.342		
00:00:16:100		1.53711e+07		0.0365715		3.00703		525.6		6.97022e+06		530.339		
00:00:16:100		1.53711e+07		0.0365715		3.00703		525.6		6.97022e+06		530.339		
00:00:16:000		1.53716e+07		0.0375319		3.00576		525.643		6.9702e+06		530.329		
00:00:15:900		1.53721e+07		0.0384917		3.00429		525.687		6.97018e+06		530.332		
00:00:15:699		1.53732e+07		0.0404077		3.00162		525.776		6.97014e+06		530.324		
00:00:15:599		1.53737e+07		0.0413647		3.00028		525.821		6.97013e+06		530.328		
00:00:15:599		1.53737e+07		0.0413647		3.00028		525.821		6.97013e+06		530.328		
00:00:15:500		1.53743e+07		0.0423207		2.99886		525.863		6.97011e+06		530.325		
00:00:15:199		1.53759e+07		0.0451837		2.99496		525.997		6.97005e+06		530.316		
00:00:15:199		1.53759e+07		0.0451837		2.99496		525.997		6.97005e+06		530.316		
00:00:15:099		1.53764e+07		0.0461364		2.99359		526.04		6.97003e+06		530.307		
00:00:15:099		1.53764e+07		0.0461364		2.99359		526.04		6.97003e+06		530.307		
00:00:15:000		1.53769e+07		0.0470877		2.99225		526.084		6.97001e+06		530.312		
00:00:14:900		1.53775e+07		0.048038		2.9909		526.127		6.96999e+06		530.309		
00:00:14:800		1.5378e+07		0.0489883		2.98951		526.169		6.96997e+06		530.297		
00:00:14:699		1.53785e+07		0.0499368		2.98817		526.212		6.96995e+06		530.304		
00:00:14:599		1.53791e+07		0.0508842		2.98682		526.256		6.96993e+06		530.301		
00:00:14:500		1.53796e+07		0.0518308		2.98539		526.299		6.96991e+06		530.297		
00:00:14:400		1.53801e+07		0.0527763		2.98412		526.342		6.96989e+06		530.288		
00:00:14:199		1.53812e+07		0.0546651		2.9815		526.425		6.96985e+06		530.29		
00:00:14:099		1.53818e+07		0.0556073		2.98012		526.468		6.96983e+06		530.281		
00:00:14:000		1.53823e+07		0.0565491		2.97864		526.51		6.96981e+06		530.289		
00:00:14:000		1.53823e+07		0.0565491		2.97864		526.51		6.96981e+06		530.289		
00:00:13:849		1.53831e+07		0.0579596		2.97676		526.571		6.96978e+06		530.282		
00:00:13:750		1.53836e+07		0.058898		2.97558		526.612		6.96976e+06		530.277		
00:00:13:650		1.53842e+07		0.0598359		2.97426		526.653		6.96974e+06		530.274		
00:00:13:550		1.53847e+07		0.0607734		2.97281		526.694		6.96972e+06		530.275		
00:00:13:449		1.53853e+07		0.0617094		2.97141		526.734		6.9697e+06		530.268		
00:00:13:349		1.53858e+07		0.0626445		2.97018		526.775		6.96968e+06		530.267		
00:00:13:199		1.53866e+07		0.0640454		2.96823		526.836		6.96965e+06		530.263		
00:00:13:199		1.53866e+07		0.0640454		2.96823		526.836		6.96965e+06		530.263		
00:00:13:050		1.53874e+07		0.065444		2.96621		526.897		6.96962e+06		530.252		
00:00:12:949		1.5388e+07		0.0663753		2.96485		526.938		6.96959e+06		530.256		
00:00:12:849		1.53885e+07		0.0673056		2.96352		526.979		6.96957e+06		530.253		
00:00:12:750		1.53891e+07		0.0682349		2.96224		527.02		6.96955e+06		530.244		
00:00:12:650		1.53896e+07		0.0691628		2.96099		527.06		6.96953e+06		530.248		
00:00:12:550		1.53902e+07		0.0700903		2.95962		527.099		6.96951e+06		530.243		
00:00:12:449		1.53907e+07		0.0710163		2.95825		527.14		6.96949e+06		530.242		
00:00:12:349		1.53912e+07		0.0719419		2.95697		527.179		6.96947e+06		530.23		
00:00:12:250		1.53918e+07		0.072866		2.95564		527.219		6.96945e+06		530.247		
00:00:12:150		1.53923e+07		0.0737896		2.95435		527.26		6.96943e+06		530.234		
00:00:12:050		1.53929e+07		0.0747118		2.95314		527.301		6.96941e+06		530.233		
00:00:11:949		1.53934e+07		0.075634		2.9518		527.34		6.96939e+06		530.229		
00:00:11:849		1.5394e+07		0.0765548		2.95051		527.378		6.96937e+06		530.236		
00:00:11:750		1.53945e+07		0.0774751		2.94923		527.417		6.96935e+06		530.223		
00:00:11:650		1.53951e+07		0.0783939		2.94798		527.456		6.96933e+06		530.219		
00:00:11:550		1.53956e+07		0.0793128		2.94672		527.495		6.96931e+06		530.231		
00:00:11:449		1.53962e+07		0.0802298		2.94546		527.534		6.96928e+06		530.214		
00:00:11:349		1.53967e+07		0.0811467		2.94412		527.571		6.96926e+06		530.214		
00:00:11:250		1.53973e+07		0.0820632		2.94287		527.608		6.96924e+06		530.21		
00:00:11:150		1.53978e+07		0.0829782		2.94165		527.645		6.96922e+06		530.208		
00:00:11:000		1.53987e+07		0.0843501		2.93975		527.702		6.96919e+06		530.202		
00:00:10:949		1.53989e+07		0.0848069		2.9391		527.719		6.96918e+06		530.201		
00:00:10:800		1.53998e+07		0.0861759		2.9372		527.776		6.96915e+06		530.196		
00:00:10:699		1.54003e+07		0.0870876		2.93603		527.811		6.96912e+06		530.192		
00:00:10:699		1.54003e+07		0.0870876		2.93603		527.811		6.96912e+06		530.192		
00:00:10:500		1.54015e+07		0.0889091		2.93355		527.883		6.96908e+06		530.187		
00:00:10:500		1.54015e+07		0.0889091		2.93355		527.883		6.96908e+06		530.187		
00:00:10:400		1.5402e+07		0.0898194		2.93234		527.918		6.96906e+06		530.183		
00:00:10:300		1.54026e+07		0.0907288		2.93104		527.953		6.96904e+06		530.178		
00:00:10:099		1.54037e+07		0.092546		2.9286		528.025		6.96899e+06		530.175		
00:00:10:099		1.54037e+07		0.092546		2.9286		528.025		6.96899e+06		530.175		
00:00:09:949		1.54049e+07		0.0943618		2.92626		528.096		6.96895e+06		530.163		
00:00:09:800		1.54055e+07		0.0952692		2.925		528.131		6.96893e+06		530.154		
00:00:09:699		1.5406e+07		0.0961761		2.92378		528.166		6.9689e+06		530.156		
00:00:09:599		1.54066e+07		0.0970831		2.92256		528.203		6.96888e+06		530.151		
00:00:09:599		1.54066e+07		0.0970831		2.92256		528.203		6.96888e+06		530.151		
00:00:09:449		1.54075e+07		0.0984426		2.92082		528.258		6.96884e+06		530.145		
00:00:09:300		1.54084e+07		0.099802		2.91903		528.31		6.96881e+06		530.145		
00:00:09:300		1.54084e+07		0.099802		2.91903		528.31		6.96881e+06		530.145		
00:00:09:099		1.54095e+07		0.101614		2.91665		528.374		6.96876e+06		530.131		
00:00:09:099		1.54095e+07		0.101614		2.91665		528.374		6.96876e+06		530.131		
00:00:09:000		1.54101e+07		0.10252		2.91556		528.409		6.96874e+06		530.147		
00:00:08:900		1.54107e+07		0.103425		2.91438		528.443		6.96871e+06		530.121		
00:00:08:800		1.54113e+07		0.10433		2.91325		528.476		6.96869e+06		530.117		
00:00:08:699		1.54119e+07		0.105234		2.91208		528.509		6.96866e+06		530.111		
00:00:08:599		1.54125e+07		0.106138		2.91099		528.541		6.96864e+06		530.098		
00:00:08:449		1.54134e+07		0.107493		2.90917		528.589		6.9686e+06		530.095		
00:00:08:400		1.54137e+07		0.107944		2.90869		528.603		6.96859e+06		530.091		
00:00:08:199		1.54149e+07		0.109751		2.90645		528.666		6.96854e+06		530.09		
00:00:08:050		1.54159e+07		0.111105		2.90479		528.714		6.9685e+06		530.06		
00:00:08:050		1.54159e+07		0.111105		2.90479		528.714		6.9685e+06		530.06		
00:00:07:950		1.54165e+07		0.112008		2.90362		528.745		6.96847e+06		530.058		
00:00:07:849		1.54171e+07		0.11291		2.90254		528.78		6.96844e+06		530.073		
00:00:07:750		1.54177e+07		0.113812		2.90146		528.812		6.96841e+06		530.044		
00:00:07:650		1.54183e+07		0.114715		2.90038		528.843		6.96839e+06		530.038		
00:00:07:549		1.5419e+07		0.115617		2.89926		528.875		6.96836e+06		530.042		
00:00:07:450		1.54196e+07		0.116519		2.89816		528.904		6.96833e+06		530.018		
00:00:07:349		1.54202e+07		0.117422		2.89712		528.933		6.9683e+06		530.019		
00:00:07:250		1.54209e+07		0.118324		2.89609		528.961		6.96827e+06		530.002		
00:00:07:150		1.54215e+07		0.119226		2.89506		528.989		6.96824e+06		529.99		
00:00:07:049		1.54222e+07		0.120128		2.89399		529.018		6.96821e+06		529.995		
00:00:06:950		1.54228e+07		0.12103		2.89296		529.046		6.96818e+06		529.983		
00:00:06:849		1.54235e+07		0.121933		2.89194		529.072		6.96815e+06		529.958		
00:00:06:750		1.54241e+07		0.122835		2.89087		529.099		6.96812e+06		529.944		
00:00:06:650		1.54248e+07		0.123738		2.88986		529.125		6.96809e+06		529.93		
00:00:06:549		1.54255e+07		0.12464		2.88884		529.153		6.96805e+06		529.939		
00:00:06:450		1.54261e+07		0.125543		2.88787		529.181		6.96802e+06		529.903		
00:00:06:349		1.54268e+07		0.126446		2.88686		529.208		6.96799e+06		529.906		
00:00:06:250		1.54275e+07		0.127349		2.88585		529.236		6.96795e+06		529.875		
00:00:06:150		1.54282e+07		0.128252		2.88484		529.265		6.96792e+06		529.875		
00:00:06:049		1.54288e+07		0.129155		2.88384		529.293		6.96788e+06		529.861		
00:00:05:950		1.54295e+07		0.130059		2.88288		529.319		6.96785e+06		529.825		
00:00:05:849		1.54302e+07		0.130962		2.88184		529.346		6.96781e+06		529.806		
00:00:05:750		1.54309e+07		0.131866		2.88084		529.372		6.96777e+06		529.799		
00:00:05:650		1.54316e+07		0.13277		2.87994		529.398		6.96774e+06		529.77		
00:00:05:549		1.54323e+07		0.133673		2.87895		529.422		6.9677e+06		529.768		
00:00:05:450		1.5433e+07		0.134577		2.87801		529.446		6.96766e+06		529.731		
00:00:05:349		1.54338e+07		0.135481		2.87707		529.47		6.96762e+06		529.702		
00:00:05:250		1.54345e+07		0.136384		2.87609		529.492		6.96758e+06		529.703		
00:00:05:150		1.54352e+07		0.137288		2.87516		529.52		6.96754e+06		529.653		
00:00:05:049		1.54359e+07		0.138191		2.87424		529.542		6.9675e+06		529.649		
00:00:04:950		1.54367e+07		0.139093		2.87328		529.564		6.96745e+06		529.603		
00:00:04:849		1.54374e+07		0.139996		2.87241		529.586		6.96741e+06		529.597		
00:00:04:700		1.54385e+07		0.141349		2.87099		529.617		6.96735e+06		529.533		
00:00:04:599		1.54393e+07		0.142251		2.87		529.639		6.9673e+06		529.5		
00:00:04:500		1.544e+07		0.143154		2.8691		529.661		6.96726e+06		529.461		
00:00:04:400		1.54408e+07		0.144057		2.86812		529.682		6.96721e+06		529.457		
00:00:04:299		1.54416e+07		0.14496		2.86722		529.704		6.96716e+06		529.396		
00:00:04:299		1.54416e+07		0.14496		2.86722		529.704		6.96716e+06		529.396		
00:00:04:099		1.54431e+07		0.146766		2.86538		529.744		6.96706e+06		529.323		
00:00:04:099		1.54431e+07		0.146766		2.86538		529.744		6.96706e+06		529.323		
00:00:04:000		1.54439e+07		0.147666		2.8645		529.765		6.96701e+06		529.271		
00:00:03:899		1.54447e+07		0.148564		2.86368		529.785		6.96696e+06		529.265		
00:00:03:799		1.54455e+07		0.149458		2.86292		529.803		6.96691e+06		529.223		
00:00:03:700		1.54463e+07		0.150347		2.8621		529.822		6.96686e+06		529.151		
00:00:03:600		1.54471e+07		0.151231		2.86127		529.838		6.96681e+06		529.102		
00:00:03:500		1.54479e+07		0.152111		2.86041		529.857		6.96675e+06		529.055		
00:00:03:399		1.54487e+07		0.152989		2.85953		529.875		6.9667e+06		529.003		
00:00:03:200		1.54502e+07		0.154755		2.85756		529.908		6.96658e+06		528.896		
00:00:03:100		1.54511e+07		0.155649		2.85657		529.925		6.96652e+06		528.855		
00:00:03:100		1.54511e+07		0.155649		2.85657		529.925		6.96652e+06		528.855		
00:00:03:000		1.54519e+07		0.156551		2.85539		529.941		6.96646e+06		528.777		
00:00:02:899		1.54529e+07		0.157462		2.85442		529.956		6.9664e+06		528.715		
00:00:02:799		1.54539e+07		0.158374		2.8535		529.971		6.96634e+06		528.652		
00:00:02:649		1.54555e+07		0.159727		2.85268		529.989		6.96625e+06		528.545		
00:00:02:600		1.5456e+07		0.160168		2.85249		529.997		6.96622e+06		528.518		
00:00:02:500		1.54571e+07		0.161026		2.85216		530.009		6.96616e+06		528.447		
00:00:02:399		1.5458e+07		0.161843		2.85194		530.022		6.96609e+06		528.378		
00:00:02:299		1.54589e+07		0.162618		2.85176		530.033		6.96603e+06		528.314		
00:00:02:100		1.54602e+07		0.164069		2.85081		530.059		6.9659e+06		528.158		
00:00:02:100		1.54602e+07		0.164069		2.85081		530.059		6.9659e+06		528.158		
00:00:02:000		1.54607e+07		0.164788		2.84927		530.074		6.96583e+06		528.068		
00:00:01:850		1.54615e+07		0.165937		2.84565		530.092		6.96572e+06		527.982		
00:00:01:750		1.54624e+07		0.166789		2.84329		530.105		6.96565e+06		527.891		
00:00:01:649		1.54636e+07		0.167721		2.84129		530.118		6.96557e+06		527.796		
00:00:01:550		1.54654e+07		0.168717		2.83926		530.133		6.96549e+06		527.695		
00:00:01:449		1.54677e+07		0.169734		2.83696		530.146		6.96541e+06		527.536		
00:00:01:350		1.54703e+07		0.170702		2.83569		530.16		6.96533e+06		527.463		
00:00:01:250		1.54729e+07		0.17154		2.83825		530.173		6.96523e+06		527.29		
00:00:01:149		1.54752e+07		0.172182		2.84335		530.184		6.96514e+06		527.141		
00:00:01:050		1.5477e+07		0.172592		2.84736		530.192		6.96504e+06		526.985		
00:00:00:949		1.54781e+07		0.17279		2.84738		530.197		6.96494e+06		526.858		
00:00:00:849		1.54786e+07		0.172839		2.84158		530.201		6.96488e+06		526.822		
00:00:00:750		1.54786e+07		0.172839		2.8357		530.203		6.96486e+06		526.823		
00:00:00:650		1.54786e+07		0.17284		2.83569		530.206		6.96486e+06		526.826		
00:00:00:550		1.54786e+07		0.17284		2.83569		530.208		6.96486e+06		526.826		
00:00:00:450		1.54786e+07		0.17284		2.83569		530.212		6.96485e+06		526.826		
00:00:00:349		1.54786e+07		0.17284		2.83573		530.216		6.96485e+06		526.825		
00:00:00:250		1.54786e+07		0.17284		2.83572		530.217		6.96484e+06		526.827		
00:00:00:149		1.54785e+07		0.17284		2.83572		530.221		6.96484e+06		526.824		
00:00:00:050		1.54785e+07		0.17284		2.83567		530.223		6.96484e+06		526.826		
00:00:00:000		1.54785e+07		0.17284		2.83571		530.225		6.96483e+06		526.826		
00:00:00:000		1.54785e+07		0.17284		2.83571		530.225		6.96483e+06		526.826		
00:00:00:000		1.54785e+07		0.17284		2.83571		530.225		6.96483e+06		526.826		
00:00:00:000		1.54785e+07		0.17284		2.83571		530.225		6.96483e+06		526.826		
00:00:00:000		1.54785e+07		0.17284		2.83571		530.225		6.96483e+06		526.826		
00:00:00:000		1.54785e+07		0.17284		2.83571		530.225		6.96483e+06		526.826		
