	time 		gpv001pnt10113ppntm	evf507ety101mpzoyout	chtcon(1)	chavg(1)	chlhsumpa	rcptavgn	
00:01:02:149		6.84324e+06		100.046		36.3137		0		0		309.809		
00:01:02:049		6.84322e+06		100.046		36.3137		0		0		309.809		
00:01:01:950		6.84320e+06		100.046		36.314		0		0		309.809		
00:01:01:850		6.84319e+06		100.046		36.314		0		0		309.809		
00:01:01:750		6.84317e+06		100.046		36.314		0		0		309.809		
00:01:01:649		6.84315e+06		100.046		36.3143		0		0		309.809		
00:01:01:549		6.84314e+06		100.046		36.3143		0		0		309.809		
00:01:01:450		6.84312e+06		100.046		36.3146		0		0		309.809		
00:01:01:350		6.8431e+06		100.046		36.3146		0		0		309.809		
00:01:01:200		6.84307e+06		100.046		36.3148		0		0		309.809		
00:01:01:100		6.84306e+06		100.046		36.3148		0		0		309.81		
00:01:01:000		6.84304e+06		100.046		36.3148		0		0		309.81		
00:01:00:899		6.84302e+06		100.046		36.3151		0		0		309.81		
00:01:00:799		6.843e+06		100.046		36.3151		0		0		309.81		
00:01:00:700		6.84298e+06		100.046		36.3154		0		0		309.81		
00:01:00:600		6.84296e+06		100.046		36.3154		0		0		309.81		
00:01:00:500		6.84295e+06		100.046		36.3154		0		0		309.81		
00:01:00:399		6.84293e+06		100.046		36.3157		0		0		309.81		
00:01:00:299		6.84291e+06		100.046		36.3157		0		0		309.81		
00:01:00:200		6.84289e+06		100.047		36.316		0		0		309.81		
00:01:00:200		6.84289e+06		100.047		36.316		0		0		309.81		
00:01:00:100		6.84287e+06		100.047		36.316		0		0		309.81		
00:00:59:899		6.84284e+06		100.047		36.3162		0		0		309.81		
00:00:59:899		6.84284e+06		100.047		36.3162		0		0		309.81		
00:00:59:700		6.8428e+06		100.047		36.3165		0		0		309.811		
00:00:59:700		6.8428e+06		100.047		36.3165		0		0		309.811		
00:00:59:600		6.84278e+06		100.047		36.3165		0		0		309.811		
00:00:59:500		6.84276e+06		100.047		36.3165		0		0		309.811		
00:00:59:299		6.84272e+06		100.047		36.3168		0		0		309.811		
00:00:59:200		6.84271e+06		100.047		36.3171		0		0		309.811		
00:00:59:200		6.84271e+06		100.047		36.3171		0		0		309.811		
00:00:59:100		6.84269e+06		100.047		36.3171		0		0		309.811		
00:00:59:000		6.84267e+06		100.047		36.3171		0		0		309.811		
00:00:58:899		6.84265e+06		100.047		36.3174		0		0		309.811		
00:00:58:799		6.84263e+06		100.047		36.3174		0		0		309.811		
00:00:58:750		6.84262e+06		100.047		36.3174		0		0		309.811		
00:00:58:600		6.84259e+06		100.047		36.3176		0		0		309.811		
00:00:58:500		6.84258e+06		100.047		36.3176		0		0		309.812		
00:00:58:350		6.84255e+06		100.047		36.3179		0		0		309.812		
00:00:58:200		6.84252e+06		100.047		36.3182		0		0		309.812		
00:00:58:200		6.84252e+06		100.047		36.3182		0		0		309.812		
00:00:58:100		6.8425e+06		100.047		36.3182		0		0		309.812		
00:00:58:000		6.84248e+06		100.047		36.3182		0		0		309.812		
00:00:57:899		6.84246e+06		100.047		36.3185		0		0		309.812		
00:00:57:799		6.84244e+06		100.047		36.3185		0		0		309.812		
00:00:57:700		6.84242e+06		100.047		36.3188		0		0		309.812		
00:00:57:600		6.8424e+06		100.047		36.3188		0		0		309.812		
00:00:57:500		6.84238e+06		100.048		36.3188		0		0		309.812		
00:00:57:399		6.84237e+06		100.048		36.319		0		0		309.812		
00:00:57:299		6.84235e+06		100.048		36.319		0		0		309.812		
00:00:57:200		6.84233e+06		100.048		36.3193		0		0		309.813		
00:00:57:100		6.84231e+06		100.048		36.3193		0		0		309.813		
00:00:57:000		6.84229e+06		100.048		36.3193		0		0		309.813		
00:00:56:899		6.84227e+06		100.048		36.3196		0		0		309.813		
00:00:56:799		6.84225e+06		100.048		36.3196		0		0		309.813		
00:00:56:700		6.84223e+06		100.048		36.3199		0		0		309.813		
00:00:56:600		6.84221e+06		100.048		36.3199		0		0		309.813		
00:00:56:500		6.84219e+06		100.048		36.3199		0		0		309.813		
00:00:56:399		6.84217e+06		100.048		36.3202		0		0		309.813		
00:00:56:299		6.84215e+06		100.048		36.3202		0		0		309.813		
00:00:56:200		6.84214e+06		100.048		36.3204		0		0		309.813		
00:00:56:100		6.84211e+06		100.048		36.3204		0		0		309.813		
00:00:56:000		6.84209e+06		100.048		36.3204		0		0		309.813		
00:00:55:899		6.84208e+06		100.048		36.3207		0		0		309.814		
00:00:55:799		6.84205e+06		100.048		36.3207		0		0		309.814		
00:00:55:649		6.84203e+06		100.048		36.321		0		0		309.814		
00:00:55:549		6.84201e+06		100.048		36.321		0		0		309.814		
00:00:55:450		6.84199e+06		100.048		36.3213		0		0		309.814		
00:00:55:350		6.84197e+06		100.048		36.3213		0		0		309.814		
00:00:55:250		6.84195e+06		100.048		36.3213		0		0		309.814		
00:00:55:149		6.84193e+06		100.048		36.3216		0		0		309.814		
00:00:55:049		6.84191e+06		100.048		36.3216		0		0		309.814		
00:00:54:950		6.84189e+06		100.048		36.3218		0		0		309.814		
00:00:54:850		6.84187e+06		100.048		36.3218		0		0		309.814		
00:00:54:750		6.84185e+06		100.049		36.3218		0		0		309.814		
00:00:54:649		6.84183e+06		100.049		36.3221		0		0		309.815		
00:00:54:549		6.84181e+06		100.049		36.3221		0		0		309.815		
00:00:54:450		6.84179e+06		100.049		36.3224		0		0		309.815		
00:00:54:350		6.84176e+06		100.049		36.3224		0		0		309.815		
00:00:54:250		6.84175e+06		100.049		36.3224		0		0		309.815		
00:00:54:149		6.84173e+06		100.049		36.3227		0		0		309.815		
00:00:54:049		6.84170e+06		100.049		36.3227		0		0		309.815		
00:00:53:950		6.84169e+06		100.049		36.323		0		0		309.815		
00:00:53:950		6.84169e+06		100.049		36.323		0		0		309.815		
00:00:53:750		6.84164e+06		100.049		36.323		0		0		309.815		
00:00:53:649		6.84162e+06		100.049		36.3232		0		0		309.815		
00:00:53:549		6.8416e+06		100.049		36.3232		0		0		309.815		
00:00:53:500		6.84159e+06		100.049		36.3232		0		0		309.815		
00:00:53:350		6.84156e+06		100.049		36.3235		0		0		309.815		
00:00:53:250		6.84154e+06		100.049		36.3235		0		0		309.816		
00:00:53:250		6.84154e+06		100.049		36.3235		0		0		309.816		
00:00:53:149		6.84152e+06		100.049		36.3238		0		0		309.816		
00:00:53:049		6.8415e+06		100.049		36.3238		0		0		309.816		
00:00:52:950		6.84148e+06		100.049		36.3241		0		0		309.816		
00:00:52:850		6.84146e+06		100.049		36.3241		0		0		309.816		
00:00:52:700		6.84143e+06		100.049		36.3243		0		0		309.816		
00:00:52:600		6.84141e+06		100.049		36.3243		0		0		309.816		
00:00:52:450		6.84138e+06		100.049		36.3246		0		0		309.816		
00:00:52:350		6.84136e+06		100.049		36.3246		0		0		309.816		
00:00:52:250		6.84133e+06		100.05		36.3246		0		0		309.816		
00:00:52:149		6.84132e+06		100.05		36.3249		0		0		309.816		
00:00:52:049		6.8413e+06		100.05		36.3249		0		0		309.816		
00:00:51:950		6.84127e+06		100.05		36.3252		0		0		309.817		
00:00:51:850		6.84125e+06		100.05		36.3252		0		0		309.817		
00:00:51:850		6.84125e+06		100.05		36.3252		0		0		309.817		
00:00:51:750		6.84123e+06		100.05		36.3252		0		0		309.817		
00:00:51:649		6.84121e+06		100.05		36.3255		0		0		309.817		
00:00:51:549		6.84119e+06		100.05		36.3255		0		0		309.817		
00:00:51:299		6.84114e+06		100.05		36.3257		0		0		309.817		
00:00:51:200		6.84112e+06		100.05		36.326		0		0		309.817		
00:00:51:200		6.84112e+06		100.05		36.326		0		0		309.817		
00:00:51:100		6.8411e+06		100.05		36.326		0		0		309.817		
00:00:51:000		6.84108e+06		100.05		36.326		0		0		309.817		
00:00:50:899		6.84106e+06		100.05		36.3263		0		0		309.817		
00:00:50:700		6.84101e+06		100.05		36.3266		0		0		309.818		
00:00:50:700		6.84101e+06		100.05		36.3266		0		0		309.818		
00:00:50:600		6.84099e+06		100.05		36.3266		0		0		309.818		
00:00:50:500		6.84097e+06		100.05		36.3266		0		0		309.818		
00:00:50:299		6.84093e+06		100.05		36.3269		0		0		309.818		
00:00:50:200		6.84091e+06		100.05		36.3271		0		0		309.818		
00:00:50:200		6.84091e+06		100.05		36.3271		0		0		309.818		
00:00:50:100		6.84089e+06		100.05		36.3271		0		0		309.818		
00:00:50:000		6.84087e+06		100.05		36.3271		0		0		309.818		
00:00:49:899		6.84085e+06		100.05		36.3274		0		0		309.818		
00:00:49:799		6.84083e+06		100.05		36.3274		0		0		309.818		
00:00:49:700		6.8408e+06		100.05		36.3277		0		0		309.818		
00:00:49:600		6.84078e+06		100.05		36.3277		0		0		309.818		
00:00:49:500		6.84076e+06		100.051		36.3277		0		0		309.818		
00:00:49:299		6.84072e+06		100.051		36.328		0		0		309.819		
00:00:49:200		6.8407e+06		100.051		36.3283		0		0		309.819		
00:00:49:200		6.8407e+06		100.051		36.3283		0		0		309.819		
00:00:49:100		6.84068e+06		100.051		36.3283		0		0		309.819		
00:00:49:000		6.84066e+06		100.051		36.3283		0		0		309.819		
00:00:48:899		6.84064e+06		100.051		36.3285		0		0		309.819		
00:00:48:799		6.84061e+06		100.051		36.3285		0		0		309.819		
00:00:48:700		6.84059e+06		100.051		36.3288		0		0		309.819		
00:00:48:549		6.84057e+06		100.051		36.3288		0		0		309.819		
00:00:48:500		6.84056e+06		100.051		36.3288		0		0		309.819		
00:00:48:399		6.84053e+06		100.051		36.3291		0		0		309.819		
00:00:48:299		6.84051e+06		100.051		36.3291		0		0		309.819		
00:00:48:200		6.84049e+06		100.051		36.3294		0		0		309.819		
00:00:48:049		6.84046e+06		100.051		36.3294		0		0		309.82		
00:00:47:950		6.84044e+06		100.051		36.3297		0		0		309.82		
00:00:47:850		6.84042e+06		100.051		36.3297		0		0		309.82		
00:00:47:750		6.8404e+06		100.051		36.3297		0		0		309.82		
00:00:47:649		6.84038e+06		100.051		36.3299		0		0		309.82		
00:00:47:600		6.84037e+06		100.051		36.3299		0		0		309.82		
00:00:47:500		6.84035e+06		100.051		36.3299		0		0		309.82		
00:00:47:399		6.84033e+06		100.051		36.3302		0		0		309.82		
00:00:47:299		6.8403e+06		100.051		36.3302		0		0		309.82		
00:00:47:149		6.84027e+06		100.051		36.3305		0		0		309.82		
00:00:47:049		6.84025e+06		100.051		36.3305		0		0		309.82		
00:00:46:950		6.84023e+06		100.051		36.3308		0		0		309.82		
00:00:46:850		6.84021e+06		100.051		36.3308		0		0		309.82		
00:00:46:750		6.84019e+06		100.052		36.3308		0		0		309.82		
00:00:46:649		6.84017e+06		100.052		36.3311		0		0		309.821		
00:00:46:549		6.84015e+06		100.052		36.3311		0		0		309.821		
00:00:46:450		6.84013e+06		100.052		36.3313		0		0		309.821		
00:00:46:350		6.84011e+06		100.052		36.3313		0		0		309.821		
00:00:46:250		6.84009e+06		100.052		36.3313		0		0		309.821		
00:00:46:149		6.84007e+06		100.052		36.3316		0		0		309.821		
00:00:46:049		6.84005e+06		100.052		36.3316		0		0		309.821		
00:00:45:950		6.84003e+06		100.052		36.3319		0		0		309.821		
00:00:45:950		6.84003e+06		100.052		36.3319		0		0		309.821		
00:00:45:799		6.84e+06		100.052		36.3319		0		0		309.821		
00:00:45:700		6.83998e+06		100.052		36.3322		0		0		309.821		
00:00:45:500		6.83994e+06		100.052		36.3322		0		0		309.821		
00:00:45:500		6.83994e+06		100.052		36.3322		0		0		309.821		
00:00:45:450		6.83992e+06		100.052		36.3325		0		0		309.821		
00:00:45:200		6.83987e+06		100.052		36.3327		0		0		309.822		
00:00:45:200		6.83987e+06		100.052		36.3327		0		0		309.822		
00:00:45:100		6.83985e+06		100.052		36.3327		0		0		309.822		
00:00:44:899		6.83981e+06		100.052		36.333		0		0		309.822		
00:00:44:899		6.83981e+06		100.052		36.333		0		0		309.822		
00:00:44:799		6.83979e+06		100.052		36.333		0		0		309.822		
00:00:44:700		6.83977e+06		100.052		36.3333		0		0		309.822		
00:00:44:600		6.83975e+06		100.052		36.3333		0		0		309.822		
00:00:44:500		6.83973e+06		100.052		36.3333		0		0		309.822		
00:00:44:399		6.83971e+06		100.052		36.3336		0		0		309.822		
00:00:44:200		6.83967e+06		100.053		36.3339		0		0		309.822		
00:00:44:200		6.83967e+06		100.053		36.3339		0		0		309.822		
00:00:44:100		6.83965e+06		100.053		36.3339		0		0		309.822		
00:00:44:000		6.83963e+06		100.053		36.3339		0		0		309.822		
00:00:43:899		6.83961e+06		100.053		36.3341		0		0		309.823		
00:00:43:799		6.83959e+06		100.053		36.3341		0		0		309.823		
00:00:43:700		6.83957e+06		100.053		36.3344		0		0		309.823		
00:00:43:600		6.83955e+06		100.053		36.3344		0		0		309.823		
00:00:43:500		6.83953e+06		100.053		36.3344		0		0		309.823		
00:00:43:299		6.83949e+06		100.053		36.3347		0		0		309.823		
00:00:43:149		6.83946e+06		100.053		36.335		0		0		309.823		
00:00:43:149		6.83946e+06		100.053		36.335		0		0		309.823		
00:00:43:100		6.83945e+06		100.053		36.335		0		0		309.823		
00:00:43:000		6.83942e+06		100.053		36.335		0		0		309.823		
00:00:42:899		6.83941e+06		100.053		36.3353		0		0		309.823		
00:00:42:799		6.83938e+06		100.053		36.3353		0		0		309.823		
00:00:42:700		6.83936e+06		100.053		36.3355		0		0		309.823		
00:00:42:600		6.83934e+06		100.053		36.3355		0		0		309.823		
00:00:42:450		6.83931e+06		100.053		36.3358		0		0		309.824		
00:00:42:250		6.83927e+06		100.053		36.3358		0		0		309.824		
00:00:42:149		6.83925e+06		100.053		36.3361		0		0		309.824		
00:00:42:149		6.83925e+06		100.053		36.3361		0		0		309.824		
00:00:42:049		6.83924e+06		100.053		36.3361		0		0		309.824		
00:00:41:950		6.83921e+06		100.053		36.3364		0		0		309.824		
00:00:41:899		6.8392e+06		100.053		36.3364		0		0		309.824		
00:00:41:799		6.83918e+06		100.053		36.3364		0		0		309.824		
00:00:41:700		6.83916e+06		100.053		36.3367		0		0		309.824		
00:00:41:600		6.83914e+06		100.053		36.3367		0		0		309.824		
00:00:41:500		6.83913e+06		100.054		36.3367		0		0		309.824		
00:00:41:350		6.83909e+06		100.054		36.337		0		0		309.824		
00:00:41:299		6.83908e+06		100.054		36.337		0		0		309.824		
00:00:41:149		6.83905e+06		100.054		36.3372		0		0		309.824		
00:00:41:049		6.83903e+06		100.054		36.3372		0		0		309.824		
00:00:40:950		6.83901e+06		100.054		36.3375		0		0		309.825		
00:00:40:850		6.839e+06		100.054		36.3375		0		0		309.825		
00:00:40:750		6.83897e+06		100.054		36.3375		0		0		309.825		
00:00:40:649		6.83896e+06		100.054		36.3378		0		0		309.825		
00:00:40:549		6.83894e+06		100.054		36.3378		0		0		309.825		
00:00:40:450		6.83892e+06		100.054		36.3381		0		0		309.825		
00:00:40:350		6.8389e+06		100.054		36.3381		0		0		309.825		
00:00:40:250		6.83888e+06		100.054		36.3381		0		0		309.825		
00:00:40:149		6.83886e+06		100.054		36.3384		0		0		309.825		
00:00:40:049		6.83884e+06		100.054		36.3384		0		0		309.825		
00:00:39:950		6.83882e+06		100.054		36.3386		0		0		309.825		
00:00:39:850		6.8388e+06		100.054		36.3386		0		0		309.825		
00:00:39:750		6.83878e+06		100.054		36.3386		0		0		309.825		
00:00:39:649		6.83876e+06		100.054		36.3389		0		0		309.825		
00:00:39:549		6.83874e+06		100.054		36.3389		0		0		309.825		
00:00:39:450		6.83872e+06		100.054		36.3392		0		0		309.825		
00:00:39:450		6.83872e+06		100.054		36.3392		0		0		309.825		
00:00:39:250		6.83868e+06		100.054		36.3392		0		0		309.826		
00:00:39:250		6.83868e+06		100.054		36.3392		0		0		309.826		
00:00:39:149		6.83866e+06		100.054		36.3395		0		0		309.826		
00:00:39:049		6.83864e+06		100.054		36.3395		0		0		309.826		
00:00:38:850		6.8386e+06		100.055		36.3398		0		0		309.826		
00:00:38:850		6.8386e+06		100.055		36.3398		0		0		309.826		
00:00:38:700		6.83857e+06		100.055		36.3401		0		0		309.826		
00:00:38:600		6.83855e+06		100.055		36.3401		0		0		309.826		
00:00:38:549		6.83854e+06		100.055		36.3401		0		0		309.826		
00:00:38:399		6.83851e+06		100.055		36.3403		0		0		309.826		
00:00:38:200		6.83847e+06		100.055		36.3406		0		0		309.826		
00:00:38:200		6.83847e+06		100.055		36.3406		0		0		309.826		
00:00:38:100		6.83845e+06		100.055		36.3406		0		0		309.826		
00:00:37:899		6.83841e+06		100.055		36.3409		0		0		309.826		
00:00:37:899		6.83841e+06		100.055		36.3409		0		0		309.826		
00:00:37:700		6.83837e+06		100.055		36.3412		0		0		309.827		
00:00:37:700		6.83837e+06		100.055		36.3412		0		0		309.827		
00:00:37:549		6.83835e+06		100.055		36.3412		0		0		309.827		
00:00:37:450		6.83832e+06		100.055		36.3415		0		0		309.827		
00:00:37:350		6.83830e+06		100.055		36.3415		0		0		309.827		
00:00:37:250		6.83829e+06		100.055		36.3415		0		0		309.827		
00:00:37:250		6.83829e+06		100.055		36.3415		0		0		309.827		
00:00:37:049		6.83825e+06		100.055		36.3418		0		0		309.827		
00:00:37:049		6.83825e+06		100.055		36.3418		0		0		309.827		
00:00:36:950		6.83823e+06		100.055		36.342		0		0		309.827		
00:00:36:850		6.83821e+06		100.055		36.342		0		0		309.827		
00:00:36:750		6.83819e+06		100.055		36.342		0		0		309.827		
00:00:36:549		6.83815e+06		100.055		36.3423		0		0		309.827		
00:00:36:399		6.83812e+06		100.055		36.3426		0		0		309.827		
00:00:36:399		6.83812e+06		100.055		36.3426		0		0		309.827		
00:00:36:200		6.83808e+06		100.056		36.3429		0		0		309.827		
00:00:36:200		6.83808e+06		100.056		36.3429		0		0		309.827		
00:00:36:100		6.83807e+06		100.056		36.3429		0		0		309.827		
00:00:36:000		6.83805e+06		100.056		36.3429		0		0		309.828		
00:00:35:899		6.83803e+06		100.056		36.3432		0		0		309.828		
00:00:35:799		6.83801e+06		100.056		36.3432		0		0		309.828		
00:00:35:700		6.83799e+06		100.056		36.3434		0		0		309.828		
00:00:35:600		6.83797e+06		100.056		36.3434		0		0		309.828		
00:00:35:500		6.83795e+06		100.056		36.3434		0		0		309.828		
00:00:35:399		6.83793e+06		100.056		36.3437		0		0		309.828		
00:00:35:200		6.83789e+06		100.056		36.344		0		0		309.828		
00:00:35:200		6.83789e+06		100.056		36.344		0		0		309.828		
00:00:35:100		6.83787e+06		100.056		36.344		0		0		309.828		
00:00:35:000		6.83786e+06		100.056		36.344		0		0		309.828		
00:00:34:899		6.83784e+06		100.056		36.3443		0		0		309.828		
00:00:34:799		6.83782e+06		100.056		36.3443		0		0		309.828		
00:00:34:700		6.83779e+06		100.056		36.3446		0		0		309.828		
00:00:34:549		6.83777e+06		100.056		36.3446		0		0		309.828		
00:00:34:450		6.83775e+06		100.056		36.3449		0		0		309.828		
00:00:34:299		6.83772e+06		100.056		36.3449		0		0		309.828		
00:00:34:200		6.8377e+06		100.056		36.3451		0		0		309.829		
00:00:34:200		6.8377e+06		100.056		36.3451		0		0		309.829		
00:00:34:049		6.83768e+06		100.056		36.3451		0		0		309.829		
00:00:33:950		6.83766e+06		100.056		36.3454		0		0		309.829		
00:00:33:850		6.83764e+06		100.056		36.3454		0		0		309.829		
00:00:33:750		6.83762e+06		100.056		36.3454		0		0		309.829		
00:00:33:649		6.8376e+06		100.056		36.3457		0		0		309.829		
00:00:33:549		6.83759e+06		100.056		36.3457		0		0		309.829		
00:00:33:500		6.83758e+06		100.057		36.3457		0		0		309.829		
00:00:33:399		6.83756e+06		100.057		36.346		0		0		309.829		
00:00:33:200		6.83752e+06		100.057		36.3463		0		0		309.829		
00:00:33:200		6.83752e+06		100.057		36.3463		0		0		309.829		
00:00:33:100		6.8375e+06		100.057		36.3463		0		0		309.829		
00:00:33:000		6.83748e+06		100.057		36.3463		0		0		309.829		
00:00:32:899		6.83746e+06		100.057		36.3466		0		0		309.829		
00:00:32:799		6.83745e+06		100.057		36.3466		0		0		309.829		
00:00:32:700		6.83743e+06		100.057		36.3468		0		0		309.829		
00:00:32:549		6.8374e+06		100.057		36.3468		0		0		309.829		
00:00:32:450		6.83738e+06		100.057		36.3471		0		0		309.829		
00:00:32:299		6.83735e+06		100.057		36.3471		0		0		309.829		
00:00:32:149		6.83733e+06		100.057		36.3474		0		0		309.829		
00:00:32:149		6.83733e+06		100.057		36.3474		0		0		309.829		
00:00:32:049		6.83731e+06		100.057		36.3474		0		0		309.83		
00:00:31:949		6.83729e+06		100.057		36.3477		0		0		309.83		
00:00:31:850		6.83727e+06		100.057		36.3477		0		0		309.83		
00:00:31:750		6.83725e+06		100.057		36.3477		0		0		309.83		
00:00:31:649		6.83723e+06		100.057		36.348		0		0		309.83		
00:00:31:550		6.83722e+06		100.057		36.348		0		0		309.83		
00:00:31:449		6.8372e+06		100.057		36.3483		0		0		309.83		
00:00:31:350		6.83718e+06		100.057		36.3483		0		0		309.83		
00:00:31:250		6.83716e+06		100.057		36.3483		0		0		309.83		
00:00:31:149		6.83714e+06		100.057		36.3485		0		0		309.83		
00:00:31:050		6.83713e+06		100.057		36.3485		0		0		309.83		
00:00:31:050		6.83713e+06		100.057		36.3485		0		0		309.83		
00:00:30:949		6.83711e+06		100.058		36.3488		0		0		309.83		
00:00:30:850		6.83709e+06		100.058		36.3488		0		0		309.83		
00:00:30:750		6.83706e+06		100.058		36.3491		0		0		309.83		
00:00:30:600		6.83704e+06		100.058		36.3491		0		0		309.83		
00:00:30:500		6.83703e+06		100.058		36.3491		0		0		309.83		
00:00:30:399		6.83701e+06		100.058		36.3494		0		0		309.83		
00:00:30:250		6.83698e+06		100.058		36.3494		0		0		309.83		
00:00:30:250		6.83698e+06		100.058		36.3494		0		0		309.83		
00:00:30:149		6.83696e+06		100.058		36.3497		0		0		309.83		
00:00:30:000		6.83694e+06		100.058		36.3497		0		0		309.83		
00:00:29:899		6.83692e+06		100.058		36.3499		0		0		309.83		
00:00:29:800		6.8369e+06		100.058		36.3499		0		0		309.831		
00:00:29:699		6.83688e+06		100.058		36.3502		0		0		309.831		
00:00:29:500		6.83685e+06		100.058		36.3502		0		0		309.831		
00:00:29:500		6.83685e+06		100.058		36.3502		0		0		309.831		
00:00:29:399		6.83683e+06		100.058		36.3505		0		0		309.831		
00:00:29:199		6.8368e+06		100.058		36.3508		0		0		309.831		
00:00:29:199		6.8368e+06		100.058		36.3508		0		0		309.831		
00:00:29:100		6.83678e+06		100.058		36.3508		0		0		309.831		
00:00:29:000		6.83676e+06		100.058		36.3508		0		0		309.831		
00:00:28:899		6.83674e+06		100.058		36.3511		0		0		309.831		
00:00:28:800		6.83673e+06		100.058		36.3511		0		0		309.831		
00:00:28:699		6.83671e+06		100.058		36.3514		0		0		309.831		
00:00:28:550		6.83668e+06		100.058		36.3514		0		0		309.831		
00:00:28:449		6.83666e+06		100.058		36.3517		0		0		309.831		
00:00:28:350		6.83665e+06		100.058		36.3517		0		0		309.831		
00:00:28:199		6.83662e+06		100.059		36.3519		0		0		309.831		
00:00:28:199		6.83662e+06		100.059		36.3519		0		0		309.831		
00:00:28:100		6.83661e+06		100.059		36.3519		0		0		309.831		
00:00:28:000		6.83659e+06		100.059		36.3519		0		0		309.831		
00:00:27:899		6.83657e+06		100.059		36.3522		0		0		309.831		
00:00:27:800		6.83656e+06		100.059		36.3522		0		0		309.831		
00:00:27:649		6.83653e+06		100.059		36.3525		0		0		309.831		
00:00:27:550		6.83651e+06		100.059		36.3525		0		0		309.831		
00:00:27:449		6.83649e+06		100.059		36.3528		0		0		309.832		
00:00:27:250		6.83646e+06		100.059		36.3528		0		0		309.832		
00:00:27:149		6.83644e+06		100.059		36.3531		0		0		309.832		
00:00:27:149		6.83644e+06		100.059		36.3531		0		0		309.832		
00:00:27:050		6.83642e+06		100.059		36.3531		0		0		309.832		
00:00:26:949		6.83641e+06		100.059		36.3533		0		0		309.832		
00:00:26:850		6.83639e+06		100.059		36.3533		0		0		309.832		
00:00:26:750		6.83638e+06		100.059		36.3533		0		0		309.832		
00:00:26:649		6.83636e+06		100.059		36.3536		0		0		309.832		
00:00:26:550		6.83634e+06		100.059		36.3536		0		0		309.832		
00:00:26:449		6.83632e+06		100.059		36.3539		0		0		309.832		
00:00:26:250		6.83629e+06		100.059		36.3539		0		0		309.832		
00:00:26:149		6.83627e+06		100.059		36.3542		0		0		309.832		
00:00:26:149		6.83627e+06		100.059		36.3542		0		0		309.832		
00:00:26:149		6.83627e+06		100.059		36.3542		0		0		309.832		
00:00:26:050		6.83626e+06		100.059		36.3542		0		0		309.832		
00:00:25:949		6.83624e+06		100.059		36.3545		0		0		309.832		
00:00:25:750		6.83620e+06		100.059		36.3545		0		0		309.832		
00:00:25:600		6.83618e+06		100.059		36.3548		0		0		309.832		
00:00:25:600		6.83618e+06		100.059		36.3548		0		0		309.832		
00:00:25:500		6.83616e+06		100.06		36.3548		0		0		309.832		
00:00:25:399		6.83615e+06		100.06		36.355		0		0		309.832		
00:00:25:199		6.83611e+06		100.06		36.3553		0		0		309.832		
00:00:25:199		6.83611e+06		100.06		36.3553		0		0		309.832		
00:00:25:100		6.8361e+06		100.06		36.3553		0		0		309.832		
00:00:25:000		6.83608e+06		100.06		36.3553		0		0		309.832		
00:00:24:800		6.83605e+06		100.06		36.3556		0		0		309.833		
00:00:24:800		6.83605e+06		100.06		36.3556		0		0		309.833		
00:00:24:699		6.83603e+06		100.06		36.3559		0		0		309.833		
00:00:24:600		6.83601e+06		100.06		36.3559		0		0		309.833		
00:00:24:500		6.836e+06		100.06		36.3559		0		0		309.833		
00:00:24:399		6.83598e+06		100.06		36.3562		0		0		309.833		
00:00:24:199		6.83595e+06		100.06		36.3565		0		0		309.833		
00:00:24:199		6.83595e+06		100.06		36.3565		0		0		309.833		
00:00:24:100		6.83593e+06		100.06		36.3565		0		0		309.833		
00:00:24:000		6.83592e+06		100.06		36.3565		0		0		309.833		
00:00:23:899		6.8359e+06		100.06		36.3568		0		0		309.833		
00:00:23:800		6.83588e+06		100.06		36.3568		0		0		309.833		
00:00:23:699		6.83587e+06		100.06		36.357		0		0		309.833		
00:00:23:550		6.83584e+06		100.06		36.357		0		0		309.834		
00:00:23:449		6.83583e+06		100.06		36.3573		0		0		309.834		
00:00:23:350		6.83581e+06		100.06		36.3573		0		0		309.834		
00:00:23:149		6.83578e+06		100.06		36.3576		0		0		309.834		
00:00:23:149		6.83578e+06		100.06		36.3576		0		0		309.834		
00:00:23:100		6.83577e+06		100.06		36.3576		0		0		309.834		
00:00:23:000		6.83575e+06		100.061		36.3576		0		0		309.834		
00:00:22:850		6.83573e+06		100.061		36.3579		0		0		309.834		
00:00:22:750		6.83571e+06		100.061		36.3579		0		0		309.834		
00:00:22:649		6.83569e+06		100.061		36.3582		0		0		309.834		
00:00:22:550		6.83568e+06		100.061		36.3582		0		0		309.834		
00:00:22:500		6.83567e+06		100.061		36.3582		0		0		309.834		
00:00:22:350		6.83565e+06		100.061		36.3585		0		0		309.835		
00:00:22:250		6.83563e+06		100.061		36.3585		0		0		309.835		
00:00:22:149		6.83561e+06		100.061		36.3587		0		0		309.835		
00:00:22:050		6.8356e+06		100.061		36.3587		0		0		309.835		
00:00:22:050		6.8356e+06		100.061		36.3587		0		0		309.835		
00:00:21:850		6.83556e+06		100.061		36.359		0		0		309.835		
00:00:21:750		6.83554e+06		100.061		36.359		0		0		309.835		
00:00:21:649		6.83553e+06		100.061		36.3593		0		0		309.835		
00:00:21:550		6.83551e+06		100.061		36.3593		0		0		309.835		
00:00:21:449		6.8355e+06		100.061		36.3596		0		0		309.835		
00:00:21:250		6.83547e+06		100.061		36.3596		0		0		309.835		
00:00:21:149		6.83545e+06		100.061		36.3599		0		0		309.835		
00:00:21:149		6.83545e+06		100.061		36.3599		0		0		309.835		
00:00:21:149		6.83545e+06		100.061		36.3599		0		0		309.835		
00:00:21:050		6.83543e+06		100.061		36.3599		0		0		309.835		
00:00:20:949		6.83541e+06		100.061		36.3602		0		0		309.836		
00:00:20:850		6.8354e+06		100.061		36.3602		0		0		309.836		
00:00:20:699		6.83537e+06		100.061		36.3605		0		0		309.836		
00:00:20:500		6.83534e+06		100.061		36.3605		0		0		309.836		
00:00:20:500		6.83534e+06		100.061		36.3605		0		0		309.836		
00:00:20:449		6.83533e+06		100.061		36.3607		0		0		309.836		
00:00:20:250		6.8353e+06		100.062		36.3607		0		0		309.836		
00:00:20:250		6.8353e+06		100.062		36.3607		0		0		309.836		
00:00:20:100		6.83527e+06		100.062		36.361		0		0		309.836		
00:00:20:000		6.83526e+06		100.062		36.361		0		0		309.836		
00:00:19:899		6.83524e+06		100.062		36.3613		0		0		309.836		
00:00:19:800		6.83522e+06		100.062		36.3613		0		0		309.836		
00:00:19:699		6.83521e+06		100.062		36.3616		0		0		309.836		
00:00:19:649		6.8352e+06		100.062		36.3616		0		0		309.836		
00:00:19:449		6.83516e+06		100.062		36.3619		0		0		309.837		
00:00:19:449		6.83516e+06		100.062		36.3619		0		0		309.837		
00:00:19:199		6.83512e+06		100.062		36.3622		0		0		309.837		
00:00:19:199		6.83512e+06		100.062		36.3622		0		0		309.837		
00:00:19:100		6.83511e+06		100.062		36.3622		0		0		309.837		
00:00:19:000		6.83509e+06		100.062		36.3622		0		0		309.837		
00:00:18:899		6.83507e+06		100.062		36.3625		0		0		309.837		
00:00:18:800		6.83506e+06		100.062		36.3625		0		0		309.837		
00:00:18:699		6.83504e+06		100.062		36.3627		0		0		309.837		
00:00:18:600		6.83502e+06		100.062		36.3627		0		0		309.837		
00:00:18:500		6.83501e+06		100.062		36.3627		0		0		309.837		
00:00:18:399		6.83499e+06		100.062		36.363		0		0		309.837		
00:00:18:199		6.83496e+06		100.062		36.3633		0		0		309.837		
00:00:18:199		6.83496e+06		100.062		36.3633		0		0		309.837		
00:00:18:100		6.83494e+06		100.062		36.3633		0		0		309.837		
00:00:18:000		6.83492e+06		100.062		36.3633		0		0		309.837		
00:00:17:899		6.83491e+06		100.062		36.3636		0		0		309.837		
00:00:17:800		6.83489e+06		100.062		36.3636		0		0		309.838		
00:00:17:699		6.83487e+06		100.062		36.3639		0		0		309.838		
00:00:17:600		6.83486e+06		100.062		36.3639		0		0		309.838		
00:00:17:500		6.83484e+06		100.063		36.3639		0		0		309.838		
00:00:17:399		6.83482e+06		100.063		36.3642		0		0		309.838		
00:00:17:300		6.8348e+06		100.063		36.3642		0		0		309.838		
00:00:17:149		6.83478e+06		100.063		36.3644		0		0		309.838		
00:00:17:100		6.83477e+06		100.063		36.3644		0		0		309.838		
00:00:17:000		6.83476e+06		100.063		36.3644		0		0		309.838		
00:00:16:899		6.83474e+06		100.063		36.3647		0		0		309.838		
00:00:16:800		6.83472e+06		100.063		36.3647		0		0		309.838		
00:00:16:649		6.83469e+06		100.063		36.365		0		0		309.838		
00:00:16:550		6.83468e+06		100.063		36.365		0		0		309.838		
00:00:16:449		6.83466e+06		100.063		36.3653		0		0		309.838		
00:00:16:350		6.83464e+06		100.063		36.3653		0		0		309.838		
00:00:16:250		6.83462e+06		100.063		36.3653		0		0		309.838		
00:00:16:149		6.83461e+06		100.063		36.3656		0		0		309.838		
00:00:16:100		6.8346e+06		100.063		36.3656		0		0		309.838		
00:00:15:949		6.83457e+06		100.063		36.3659		0		0		309.839		
00:00:15:900		6.83456e+06		100.063		36.3659		0		0		309.839		
00:00:15:750		6.83454e+06		100.063		36.3659		0		0		309.839		
00:00:15:650		6.83452e+06		100.063		36.3662		0		0		309.839		
00:00:15:550		6.8345e+06		100.063		36.3662		0		0		309.839		
00:00:15:449		6.83449e+06		100.063		36.3664		0		0		309.839		
00:00:15:349		6.83447e+06		100.063		36.3664		0		0		309.839		
00:00:15:250		6.83445e+06		100.063		36.3664		0		0		309.839		
00:00:15:150		6.83443e+06		100.063		36.3667		0		0		309.839		
00:00:15:150		6.83443e+06		100.063		36.3667		0		0		309.839		
00:00:15:050		6.83442e+06		100.063		36.3667		0		0		309.839		
00:00:14:949		6.8344e+06		100.063		36.367		0		0		309.839		
00:00:14:849		6.83438e+06		100.063		36.367		0		0		309.839		
00:00:14:750		6.83436e+06		100.064		36.367		0		0		309.839		
00:00:14:650		6.83434e+06		100.064		36.3673		0		0		309.839		
00:00:14:550		6.83433e+06		100.064		36.3673		0		0		309.839		
00:00:14:449		6.83431e+06		100.064		36.3676		0		0		309.839		
00:00:14:199		6.83426e+06		100.064		36.3679		0		0		309.839		
00:00:14:150		6.83426e+06		100.064		36.3679		0		0		309.839		
00:00:14:150		6.83426e+06		100.064		36.3679		0		0		309.839		
00:00:14:000		6.83423e+06		100.064		36.3679		0		0		309.839		
00:00:13:900		6.83421e+06		100.064		36.3681		0		0		309.839		
00:00:13:800		6.83419e+06		100.064		36.3681		0		0		309.839		
00:00:13:699		6.83418e+06		100.064		36.3684		0		0		309.839		
00:00:13:650		6.83417e+06		100.064		36.3684		0		0		309.84		
00:00:13:550		6.83415e+06		100.064		36.3684		0		0		309.84		
00:00:13:449		6.83413e+06		100.064		36.3687		0		0		309.84		
00:00:13:250		6.8341e+06		100.064		36.3687		0		0		309.84		
00:00:13:099		6.83407e+06		100.064		36.369		0		0		309.84		
00:00:13:099		6.83407e+06		100.064		36.369		0		0		309.84		
00:00:13:000		6.83405e+06		100.064		36.369		0		0		309.84		
00:00:12:900		6.83403e+06		100.064		36.3693		0		0		309.84		
00:00:12:800		6.83402e+06		100.064		36.3693		0		0		309.84		
00:00:12:699		6.834e+06		100.064		36.3695		0		0		309.84		
00:00:12:599		6.83398e+06		100.064		36.3695		0		0		309.84		
00:00:12:500		6.83396e+06		100.064		36.3695		0		0		309.84		
00:00:12:400		6.83394e+06		100.064		36.3698		0		0		309.84		
00:00:12:300		6.83393e+06		100.064		36.3698		0		0		309.84		
00:00:12:199		6.8339e+06		100.065		36.3701		0		0		309.84		
00:00:12:099		6.83389e+06		100.065		36.3701		0		0		309.84		
00:00:12:000		6.83387e+06		100.065		36.3701		0		0		309.84		
00:00:11:900		6.83385e+06		100.065		36.3704		0		0		309.84		
00:00:11:800		6.83383e+06		100.065		36.3704		0		0		309.84		
00:00:11:699		6.83381e+06		100.065		36.3707		0		0		309.84		
00:00:11:599		6.83379e+06		100.065		36.3707		0		0		309.84		
00:00:11:500		6.83378e+06		100.065		36.3707		0		0		309.84		
00:00:11:400		6.83376e+06		100.065		36.371		0		0		309.84		
00:00:11:199		6.83372e+06		100.065		36.3712		0		0		309.84		
00:00:11:099		6.8337e+06		100.065		36.3712		0		0		309.84		
00:00:11:099		6.8337e+06		100.065		36.3712		0		0		309.84		
00:00:11:000		6.83368e+06		100.065		36.3715		0		0		309.84		
00:00:10:900		6.83367e+06		100.065		36.3715		0		0		309.84		
00:00:10:800		6.83365e+06		100.065		36.3715		0		0		309.84		
00:00:10:699		6.83363e+06		100.065		36.3718		0		0		309.84		
00:00:10:599		6.83361e+06		100.065		36.3718		0		0		309.84		
00:00:10:500		6.83359e+06		100.065		36.3718		0		0		309.84		
00:00:10:400		6.83357e+06		100.065		36.3721		0		0		309.84		
00:00:10:250		6.83354e+06		100.065		36.3721		0		0		309.839		
00:00:10:150		6.83352e+06		100.065		36.3724		0		0		309.839		
00:00:10:099		6.83351e+06		100.065		36.3724		0		0		309.839		
00:00:09:949		6.83348e+06		100.065		36.3727		0		0		309.839		
00:00:09:849		6.83346e+06		100.065		36.3727		0		0		309.839		
00:00:09:750		6.83344e+06		100.065		36.3727		0		0		309.839		
00:00:09:650		6.83343e+06		100.065		36.3729		0		0		309.839		
00:00:09:550		6.83341e+06		100.065		36.3729		0		0		309.839		
00:00:09:449		6.83339e+06		100.066		36.3732		0		0		309.839		
00:00:09:349		6.83337e+06		100.066		36.3732		0		0		309.839		
00:00:09:250		6.83335e+06		100.066		36.3732		0		0		309.839		
00:00:09:150		6.83333e+06		100.066		36.3735		0		0		309.839		
00:00:09:050		6.83331e+06		100.066		36.3735		0		0		309.839		
00:00:09:050		6.83331e+06		100.066		36.3735		0		0		309.839		
00:00:08:849		6.83327e+06		100.066		36.3738		0		0		309.839		
00:00:08:750		6.83325e+06		100.066		36.3738		0		0		309.839		
00:00:08:750		6.83325e+06		100.066		36.3738		0		0		309.839		
00:00:08:650		6.83323e+06		100.066		36.3741		0		0		309.839		
00:00:08:550		6.83321e+06		100.066		36.3741		0		0		309.839		
00:00:08:449		6.83318e+06		100.066		36.3744		0		0		309.839		
00:00:08:349		6.83316e+06		100.066		36.3744		0		0		309.839		
00:00:08:099		6.83311e+06		100.066		36.3746		0		0		309.839		
00:00:08:099		6.83311e+06		100.066		36.3746		0		0		309.839		
00:00:08:000		6.83309e+06		100.066		36.3746		0		0		309.839		
00:00:07:900		6.83307e+06		100.066		36.3749		0		0		309.839		
00:00:07:799		6.83305e+06		100.066		36.3749		0		0		309.839		
00:00:07:599		6.83301e+06		100.066		36.3752		0		0		309.838		
00:00:07:599		6.83301e+06		100.066		36.3752		0		0		309.838		
00:00:07:500		6.83298e+06		100.066		36.3752		0		0		309.838		
00:00:07:400		6.83296e+06		100.066		36.3755		0		0		309.838		
00:00:07:099		6.83289e+06		100.066		36.3758		0		0		309.838		
00:00:07:099		6.83289e+06		100.066		36.3758		0		0		309.838		
00:00:07:099		6.83289e+06		100.066		36.3758		0		0		309.838		
00:00:07:000		6.83287e+06		100.066		36.3758		0		0		309.838		
00:00:06:900		6.83285e+06		100.066		36.376		0		0		309.838		
00:00:06:799		6.83283e+06		100.066		36.376		0		0		309.838		
00:00:06:700		6.8328e+06		100.067		36.3763		0		0		309.838		
00:00:06:599		6.83277e+06		100.067		36.3763		0		0		309.838		
00:00:06:500		6.83275e+06		100.067		36.3763		0		0		309.838		
00:00:06:400		6.83273e+06		100.067		36.3766		0		0		309.838		
00:00:06:200		6.83268e+06		100.067		36.3769		0		0		309.838		
00:00:06:200		6.83268e+06		100.067		36.3769		0		0		309.838		
00:00:06:099		6.83266e+06		100.067		36.3769		0		0		309.839		
00:00:06:000		6.83263e+06		100.067		36.3769		0		0		309.839		
00:00:05:900		6.8326e+06		100.067		36.3772		0		0		309.839		
00:00:05:799		6.83258e+06		100.067		36.3772		0		0		309.839		
00:00:05:650		6.83254e+06		100.067		36.3775		0		0		309.839		
00:00:05:549		6.83252e+06		100.067		36.3775		0		0		309.839		
00:00:05:450		6.83249e+06		100.067		36.3777		0		0		309.839		
00:00:05:400		6.83248e+06		100.067		36.3777		0		0		309.839		
00:00:05:299		6.83245e+06		100.067		36.3777		0		0		309.839		
00:00:05:200		6.83243e+06		100.067		36.378		0		0		309.839		
00:00:05:099		6.8324e+06		100.067		36.378		0		0		309.839		
00:00:04:950		6.83236e+06		100.067		36.3783		0		0		309.839		
00:00:04:849		6.83233e+06		100.067		36.3783		0		0		309.84		
00:00:04:750		6.83231e+06		100.067		36.3783		0		0		309.84		
00:00:04:650		6.83228e+06		100.067		36.3786		0		0		309.84		
00:00:04:549		6.83225e+06		100.067		36.3786		0		0		309.84		
00:00:04:450		6.83223e+06		100.067		36.3789		0		0		309.84		
00:00:04:349		6.8322e+06		100.067		36.3789		0		0		309.84		
00:00:04:250		6.83217e+06		100.068		36.3789		0		0		309.84		
00:00:04:150		6.83214e+06		100.068		36.3792		0		0		309.841		
00:00:04:049		6.83212e+06		100.068		36.3792		0		0		309.841		
00:00:04:049		6.83212e+06		100.068		36.3792		0		0		309.841		
00:00:03:850		6.83206e+06		100.068		36.3794		0		0		309.841		
00:00:03:750		6.83204e+06		100.068		36.3794		0		0		309.841		
00:00:03:649		6.83201e+06		100.068		36.3797		0		0		309.841		
00:00:03:549		6.83198e+06		100.068		36.3797		0		0		309.842		
00:00:03:450		6.83195e+06		100.068		36.38		0		0		309.842		
00:00:03:350		6.83192e+06		100.068		36.38		0		0		309.842		
00:00:03:250		6.8319e+06		100.068		36.38		0		0		309.842		
00:00:03:149		6.83187e+06		100.068		36.3803		0		0		309.843		
00:00:03:049		6.83184e+06		100.068		36.3803		0		0		309.843		
00:00:02:950		6.83181e+06		100.068		36.3806		0		0		309.843		
00:00:02:850		6.83181e+06		100.068		36.3806		0		0		309.843		
00:00:02:850		6.83179e+06		100.068		36.3806		0		0		309.844		
00:00:02:649		6.83173e+06		100.068		36.3808		0		0		309.844		
00:00:02:549		6.8317e+06		100.068		36.3808		0		0		309.844		
00:00:02:549		6.8317e+06		100.068		36.3808		0		0		309.844		
00:00:02:450		6.83167e+06		100.068		36.3811		0		0		309.844		
00:00:02:250		6.83162e+06		100.068		36.3811		0		0		309.844		
00:00:02:100		6.83158e+06		100.068		36.3814		0		0		309.845		
00:00:02:100		6.83158e+06		100.068		36.3814		0		0		309.845		
00:00:02:000		6.83155e+06		100.068		36.3814		0		0		309.845		
00:00:01:899		6.83152e+06		100.068		36.3817		0		0		309.846		
00:00:01:800		6.8315e+06		100.068		36.3817		0		0		309.847		
00:00:01:699		6.83147e+06		100.068		36.382		0		0		309.848		
00:00:01:600		6.83144e+06		100.068		36.382		0		0		309.849		
00:00:01:500		6.83142e+06		100.069		36.382		0		0		309.85		
00:00:01:399		6.83139e+06		100.069		36.3823		0		0		309.85		
00:00:01:199		6.83134e+06		100.069		36.3825		0		0		309.849		
00:00:01:100		6.83131e+06		100.069		36.3825		0		0		309.847		
00:00:01:100		6.83131e+06		100.069		36.3825		0		0		309.847		
00:00:01:000		6.83129e+06		100.069		36.3825		0		0		309.845		
00:00:00:900		6.83126e+06		100.069		36.3828		0		0		309.842		
00:00:00:800		6.83123e+06		100.069		36.3828		0		0		309.841		
00:00:00:650		6.8312e+06		100.069		36.3831		0		0		309.84		
00:00:00:550		6.83118e+06		100.069		36.3831		0		0		309.841		
00:00:00:450		6.83117e+06		100.069		36.3834		0		0		309.843		
00:00:00:349		6.83116e+06		100.069		36.3834		0		0		309.846		
00:00:00:250		6.83116e+06		100.069		36.3834		0		0		309.846		
00:00:00:149		6.83116e+06		100.069		36.3837		0		0		309.846		
00:00:00:050		6.83115e+06		100.069		36.3837		0		0		309.846		
00:00:00:000		6.83115e+06		100.069		36.3837		0		0		309.846		
00:00:00:000		6.83115e+06		100.069		36.3837		0		0		309.846		
00:00:00:000		6.83115e+06		100.069		36.3837		0		0		309.846		
00:00:00:000		6.83115e+06		100.069		36.3837		0		0		309.846		
00:00:00:000		6.83115e+06		100.069		36.3837		0		0		309.846		
00:00:00:000		6.83115e+06		100.069		36.3837		0		0		309.846		
