	time 		rcpppzr	rcp054rcp007mnzoyout	rcv501std0102fvol	fwfrcp001gv	rcppmssga	msfsg(1)	
00:01:01:799		1.51788e+07		-0.411001		5.72484		508.927		6.97974e+06		531.192		
00:01:01:700		1.51792e+07		-0.410089		5.72099		508.938		6.97972e+06		531.186		
00:01:01:500		1.51799e+07		-0.408265		5.71322		508.967		6.97968e+06		531.191		
00:01:01:500		1.51799e+07		-0.408265		5.71322		508.967		6.97968e+06		531.191		
00:01:01:399		1.51803e+07		-0.407352		5.70935		508.98		6.97966e+06		531.175		
00:01:01:299		1.51807e+07		-0.406439		5.70543		508.992		6.97964e+06		531.193		
00:01:01:200		1.51811e+07		-0.405526		5.70147		509.007		6.97962e+06		531.191		
00:01:01:100		1.51814e+07		-0.404612		5.69747		509.021		6.9796e+06		531.19		
00:01:01:000		1.51818e+07		-0.403698		5.69348		509.034		6.97958e+06		531.188		
00:01:00:899		1.51822e+07		-0.402784		5.68945		509.047		6.97956e+06		531.187		
00:01:00:799		1.51826e+07		-0.401869		5.68536		509.061		6.97954e+06		531.187		
00:01:00:700		1.5183e+07		-0.400954		5.68139		509.074		6.97952e+06		531.185		
00:01:00:600		1.51833e+07		-0.400039		5.67738		509.088		6.9795e+06		531.174		
00:01:00:500		1.51837e+07		-0.399124		5.6733		509.103		6.97948e+06		531.183		
00:01:00:399		1.51841e+07		-0.398208		5.6692		509.116		6.97946e+06		531.181		
00:01:00:299		1.51845e+07		-0.397292		5.66492		509.132		6.97944e+06		531.183		
00:01:00:200		1.51848e+07		-0.396376		5.66109		509.145		6.97942e+06		531.181		
00:01:00:100		1.51852e+07		-0.395459		5.65693		509.16		6.9794e+06		531.181		
00:01:00:000		1.51856e+07		-0.394542		5.65291		509.176		6.97938e+06		531.178		
00:00:59:950		1.51858e+07		-0.394083		5.6509		509.183		6.97937e+06		531.166		
00:00:59:850		1.51862e+07		-0.393166		5.64684		509.197		6.97935e+06		531.176		
00:00:59:750		1.51866e+07		-0.392248		5.64269		509.212		6.97933e+06		531.164		
00:00:59:600		1.51871e+07		-0.390871		5.63648		509.235		6.9793e+06		531.178		
00:00:59:500		1.51875e+07		-0.389952		5.63229		509.25		6.97928e+06		531.175		
00:00:59:399		1.51879e+07		-0.389033		5.62809		509.266		6.97926e+06		531.173		
00:00:59:299		1.51883e+07		-0.388114		5.62388		509.281		6.97924e+06		531.189		
00:00:59:200		1.51886e+07		-0.387195		5.61965		509.296		6.97922e+06		531.171		
00:00:59:100		1.5189e+07		-0.386275		5.61545		509.312		6.9792e+06		531.169		
00:00:59:000		1.51894e+07		-0.385355		5.6112		509.327		6.97918e+06		531.168		
00:00:58:899		1.51898e+07		-0.384434		5.60694		509.344		6.97916e+06		531.167		
00:00:58:799		1.51902e+07		-0.383512		5.60263		509.36		6.97914e+06		531.168		
00:00:58:600		1.51909e+07		-0.38167		5.59407		509.392		6.9791e+06		531.165		
00:00:58:500		1.51913e+07		-0.380748		5.58976		509.409		6.97908e+06		531.175		
00:00:58:500		1.51913e+07		-0.380748		5.58976		509.409		6.97908e+06		531.175		
00:00:58:399		1.51917e+07		-0.379826		5.58542		509.425		6.97906e+06		531.162		
00:00:58:299		1.51921e+07		-0.378903		5.58121		509.442		6.97903e+06		531.169		
00:00:58:200		1.51925e+07		-0.37798		5.5768		509.459		6.97901e+06		531.16		
00:00:58:100		1.51928e+07		-0.377057		5.57248		509.474		6.97899e+06		531.156		
00:00:58:000		1.51932e+07		-0.376132		5.56813		509.494		6.97897e+06		531.166		
00:00:57:899		1.51936e+07		-0.375208		5.56379		509.511		6.97895e+06		531.155		
00:00:57:899		1.51936e+07		-0.375208		5.56379		509.511		6.97895e+06		531.155		
00:00:57:799		1.5194e+07		-0.374284		5.55933		509.528		6.97893e+06		531.155		
00:00:57:600		1.51948e+07		-0.372434		5.55049		509.562		6.97889e+06		531.162		
00:00:57:450		1.51953e+07		-0.371045		5.54394		509.587		6.97886e+06		531.153		
00:00:57:450		1.51953e+07		-0.371045		5.54394		509.587		6.97886e+06		531.153		
00:00:57:350		1.51957e+07		-0.370119		5.53952		509.607		6.97884e+06		531.151		
00:00:57:250		1.51961e+07		-0.369191		5.53501		509.624		6.97882e+06		531.149		
00:00:57:049		1.51969e+07		-0.367336		5.52598		509.658		6.97877e+06		531.149		
00:00:57:049		1.51969e+07		-0.367336		5.52598		509.658		6.97877e+06		531.149		
00:00:56:950		1.51973e+07		-0.366408		5.52147		509.677		6.97875e+06		531.147		
00:00:56:850		1.51976e+07		-0.36548		5.51689		509.695		6.97873e+06		531.145		
00:00:56:750		1.5198e+07		-0.364552		5.51234		509.714		6.97871e+06		531.143		
00:00:56:649		1.51984e+07		-0.363622		5.50783		509.733		6.97869e+06		531.144		
00:00:56:549		1.51988e+07		-0.362693		5.50329		509.752		6.97867e+06		531.144		
00:00:56:450		1.51992e+07		-0.361763		5.49865		509.771		6.97865e+06		531.141		
00:00:56:350		1.51996e+07		-0.360833		5.49399		509.788		6.97863e+06		531.134		
00:00:56:250		1.51999e+07		-0.359902		5.48935		509.807		6.97861e+06		531.134		
00:00:56:149		1.52003e+07		-0.358972		5.48481		509.827		6.97858e+06		531.14		
00:00:56:049		1.52007e+07		-0.358041		5.48028		509.846		6.97856e+06		531.139		
00:00:55:950		1.52011e+07		-0.35711		5.47572		509.865		6.97854e+06		531.138		
00:00:55:850		1.52015e+07		-0.356177		5.47084		509.884		6.97852e+06		531.137		
00:00:55:750		1.52019e+07		-0.355245		5.46601		509.903		6.9785e+06		531.137		
00:00:55:549		1.52026e+07		-0.35338		5.45718		509.943		6.97846e+06		531.132		
00:00:55:549		1.52026e+07		-0.35338		5.45718		509.943		6.97846e+06		531.132		
00:00:55:450		1.5203e+07		-0.352447		5.45277		509.962		6.97844e+06		531.133		
00:00:55:350		1.52034e+07		-0.351513		5.44757		509.985		6.97841e+06		531.133		
00:00:55:250		1.52038e+07		-0.350579		5.44197		510.006		6.97839e+06		531.132		
00:00:55:149		1.52042e+07		-0.349645		5.43711		510.025		6.97837e+06		531.13		
00:00:55:049		1.52046e+07		-0.34871		5.43425		510.046		6.97835e+06		531.128		
00:00:54:950		1.5205e+07		-0.347775		5.43121		510.068		6.97833e+06		531.129		
00:00:54:850		1.52053e+07		-0.346839		5.42458		510.089		6.97831e+06		531.128		
00:00:54:750		1.52057e+07		-0.345902		5.41578		510.108		6.97829e+06		531.126		
00:00:54:549		1.52065e+07		-0.344029		5.39814		510.15		6.97824e+06		531.124		
00:00:54:549		1.52065e+07		-0.344029		5.39814		510.15		6.97824e+06		531.124		
00:00:54:450		1.52069e+07		-0.343092		5.38941		510.171		6.97822e+06		531.115		
00:00:54:350		1.52073e+07		-0.342154		5.38077		510.192		6.9782e+06		531.122		
00:00:54:250		1.52077e+07		-0.341216		5.37201		510.213		6.97818e+06		531.12		
00:00:54:149		1.52081e+07		-0.340277		5.36312		510.236		6.97815e+06		531.121		
00:00:54:049		1.52084e+07		-0.339338		5.35427		510.261		6.97813e+06		531.113		
00:00:53:950		1.52088e+07		-0.338398		5.34555		510.282		6.97811e+06		531.139		
00:00:53:850		1.52092e+07		-0.337458		5.33684		510.303		6.97809e+06		531.119		
00:00:53:600		1.52102e+07		-0.335106		5.3149		510.356		6.97804e+06		531.117		
00:00:53:500		1.52106e+07		-0.334165		5.30598		510.379		6.97801e+06		531.118		
00:00:53:500		1.52106e+07		-0.334165		5.30598		510.379		6.97801e+06		531.118		
00:00:53:399		1.5211e+07		-0.333223		5.29729		510.4		6.97799e+06		531.117		
00:00:53:299		1.52114e+07		-0.33228		5.28863		510.423		6.97797e+06		531.115		
00:00:53:200		1.52117e+07		-0.331337		5.27988		510.446		6.97795e+06		531.114		
00:00:53:100		1.52121e+07		-0.330394		5.27095		510.469		6.97793e+06		531.114		
00:00:53:000		1.52125e+07		-0.32945		5.26213		510.492		6.9779e+06		531.102		
00:00:52:899		1.52129e+07		-0.328506		5.25343		510.517		6.97788e+06		531.111		
00:00:52:799		1.52133e+07		-0.327561		5.24472		510.538		6.97786e+06		531.107		
00:00:52:600		1.52141e+07		-0.325671		5.22715		510.583		6.97782e+06		531.11		
00:00:52:600		1.52141e+07		-0.325671		5.22715		510.583		6.97782e+06		531.11		
00:00:52:500		1.52145e+07		-0.324725		5.2184		510.606		6.9778e+06		531.111		
00:00:52:500		1.52145e+07		-0.324725		5.2184		510.606		6.9778e+06		531.111		
00:00:52:399		1.52149e+07		-0.323779		5.20966		510.631		6.97777e+06		531.11		
00:00:52:149		1.52159e+07		-0.321411		5.18776		510.69		6.97772e+06		531.108		
00:00:52:149		1.52159e+07		-0.321411		5.18776		510.69		6.97772e+06		531.108		
00:00:52:049		1.52163e+07		-0.320463		5.17898		510.713		6.9777e+06		531.106		
00:00:51:950		1.52166e+07		-0.319514		5.17034		510.738		6.97767e+06		531.1		
00:00:51:850		1.5217e+07		-0.318566		5.16153		510.765		6.97765e+06		531.108		
00:00:51:750		1.52174e+07		-0.317618		5.15279		510.786		6.97763e+06		531.109		
00:00:51:549		1.52182e+07		-0.31572		5.13542		510.836		6.97759e+06		531.108		
00:00:51:549		1.52182e+07		-0.31572		5.13542		510.836		6.97759e+06		531.108		
00:00:51:450		1.52186e+07		-0.31477		5.12651		510.86		6.97757e+06		531.105		
00:00:51:399		1.52188e+07		-0.314294		5.12211		510.872		6.97755e+06		531.105		
00:00:51:299		1.52192e+07		-0.313344		5.11337		510.897		6.97753e+06		531.109		
00:00:51:149		1.52198e+07		-0.311918		5.10048		510.935		6.9775e+06		531.103		
00:00:51:049		1.52202e+07		-0.310966		5.09165		510.96		6.97748e+06		531.104		
00:00:50:950		1.52206e+07		-0.310015		5.08277		510.986		6.97746e+06		531.115		
00:00:50:850		1.5221e+07		-0.309062		5.07413		511.011		6.97743e+06		531.104		
00:00:50:750		1.52214e+07		-0.308109		5.06543		511.038		6.97741e+06		531.103		
00:00:50:549		1.52222e+07		-0.306203		5.04799		511.089		6.97737e+06		531.1		
00:00:50:549		1.52222e+07		-0.306203		5.04799		511.089		6.97737e+06		531.1		
00:00:50:450		1.52226e+07		-0.30525		5.03927		511.116		6.97735e+06		531.1		
00:00:50:350		1.5223e+07		-0.304295		5.03061		511.143		6.97733e+06		531.109		
00:00:50:250		1.52234e+07		-0.30334		5.02184		511.169		6.9773e+06		531.099		
00:00:50:149		1.52238e+07		-0.302386		5.01308		511.196		6.97728e+06		531.101		
00:00:49:950		1.52245e+07		-0.300475		4.99571		511.251		6.97724e+06		531.096		
00:00:49:950		1.52245e+07		-0.300475		4.99571		511.251		6.97724e+06		531.096		
00:00:49:850		1.52249e+07		-0.299518		4.98699		511.278		6.97722e+06		531.093		
00:00:49:750		1.52253e+07		-0.298562		4.97822		511.305		6.97719e+06		531.098		
00:00:49:649		1.52257e+07		-0.297605		4.96964		511.332		6.97717e+06		531.103		
00:00:49:500		1.52263e+07		-0.296169		4.95651		511.374		6.97714e+06		531.103		
00:00:49:399		1.52267e+07		-0.295211		4.94788		511.4		6.97712e+06		531.098		
00:00:49:299		1.52271e+07		-0.294252		4.93923		511.427		6.9771e+06		531.097		
00:00:49:200		1.52275e+07		-0.293293		4.93047		511.454		6.97708e+06		531.094		
00:00:49:100		1.52279e+07		-0.292334		4.92177		511.482		6.97705e+06		531.089		
00:00:49:049		1.52283e+07		-0.291374		4.91321		511.511		6.97703e+06		531.098		
00:00:48:899		1.52287e+07		-0.290414		4.90439		511.539		6.97701e+06		531.091		
00:00:48:799		1.52291e+07		-0.289453		4.89577		511.566		6.97699e+06		531.091		
00:00:48:700		1.52295e+07		-0.288493		4.88699		511.595		6.97697e+06		531.09		
00:00:48:600		1.52299e+07		-0.287531		4.87838		511.623		6.97694e+06		531.098		
00:00:48:500		1.52303e+07		-0.28657		4.8697		511.65		6.97692e+06		531.097		
00:00:48:399		1.52307e+07		-0.285607		4.8611		511.679		6.9769e+06		531.085		
00:00:48:299		1.52311e+07		-0.284646		4.85252		511.705		6.97688e+06		531.08		
00:00:48:200		1.52315e+07		-0.283683		4.84377		511.736		6.97686e+06		531.084		
00:00:48:100		1.52319e+07		-0.28272		4.83509		511.764		6.97684e+06		531.076		
00:00:48:000		1.52323e+07		-0.281756		4.82651		511.793		6.97681e+06		531.083		
00:00:47:899		1.52327e+07		-0.280793		4.81785		511.821		6.97679e+06		531.091		
00:00:47:799		1.52331e+07		-0.279828		4.80928		511.85		6.97677e+06		531.083		
00:00:47:700		1.52335e+07		-0.278864		4.80064		511.879		6.97675e+06		531.081		
00:00:47:600		1.52339e+07		-0.277899		4.79206		511.907		6.97673e+06		531.08		
00:00:47:500		1.52343e+07		-0.276934		4.78331		511.938		6.9767e+06		531.079		
00:00:47:399		1.52347e+07		-0.275969		4.77478		511.966		6.97668e+06		531.078		
00:00:47:299		1.52352e+07		-0.275003		4.76625		511.997		6.97666e+06		531.076		
00:00:47:200		1.52356e+07		-0.274037		4.75742		512.027		6.97664e+06		531.075		
00:00:47:200		1.52356e+07		-0.274037		4.75742		512.027		6.97664e+06		531.075		
00:00:47:100		1.5236e+07		-0.273071		4.74901		512.058		6.97662e+06		531.084		
00:00:47:000		1.52364e+07		-0.272104		4.74032		512.086		6.9766e+06		531.074		
00:00:46:899		1.52368e+07		-0.271137		4.73166		512.117		6.97657e+06		531.073		
00:00:46:750		1.52374e+07		-0.269687		4.71884		512.161		6.97654e+06		531.071		
00:00:46:549		1.52382e+07		-0.267751		4.70172		512.221		6.9765e+06		531.069		
00:00:46:450		1.52386e+07		-0.266783		4.69319		512.252		6.97648e+06		531.068		
00:00:46:350		1.5239e+07		-0.265815		4.68454		512.282		6.97646e+06		531.066		
00:00:46:350		1.5239e+07		-0.265815		4.68454		512.282		6.97646e+06		531.066		
00:00:46:250		1.52394e+07		-0.264846		4.67603		512.313		6.97643e+06		531.067		
00:00:46:149		1.52398e+07		-0.263876		4.66745		512.343		6.97641e+06		531.064		
00:00:46:049		1.52402e+07		-0.262908		4.65892		512.376		6.97639e+06		531.054		
00:00:45:950		1.52406e+07		-0.261938		4.65038		512.406		6.97637e+06		531.062		
00:00:45:750		1.52414e+07		-0.259998		4.63346		512.469		6.97633e+06		531.06		
00:00:45:750		1.52414e+07		-0.259998		4.63346		512.469		6.97633e+06		531.06		
00:00:45:450		1.52426e+07		-0.257086		4.60783		512.564		6.97626e+06		531.057		
00:00:45:450		1.52426e+07		-0.257086		4.60783		512.564		6.97626e+06		531.057		
00:00:45:450		1.52426e+07		-0.257086		4.60783		512.564		6.97626e+06		531.057		
00:00:45:350		1.5243e+07		-0.256115		4.59927		512.594		6.97624e+06		531.055		
00:00:45:250		1.52435e+07		-0.255144		4.59072		512.627		6.97622e+06		531.054		
00:00:45:149		1.52439e+07		-0.254172		4.58236		512.657		6.9762e+06		531.053		
00:00:45:049		1.52443e+07		-0.253201		4.57376		512.69		6.97617e+06		531.053		
00:00:44:950		1.52447e+07		-0.252229		4.56532		512.722		6.97615e+06		531.051		
00:00:44:850		1.52451e+07		-0.251256		4.55687		512.756		6.97613e+06		531.049		
00:00:44:750		1.52455e+07		-0.250284		4.54841		512.789		6.97611e+06		531.049		
00:00:44:649		1.52459e+07		-0.249311		4.53992		512.821		6.97609e+06		531.048		
00:00:44:549		1.52463e+07		-0.248338		4.53152		512.853		6.97607e+06		531.046		
00:00:44:450		1.52467e+07		-0.247365		4.52302		512.885		6.97604e+06		531.045		
00:00:44:350		1.52471e+07		-0.246392		4.51464		512.918		6.97602e+06		531.042		
00:00:44:200		1.52477e+07		-0.244931		4.502		512.969		6.97599e+06		531.051		
00:00:44:100		1.52481e+07		-0.243958		4.49362		513.003		6.97597e+06		531.043		
00:00:44:049		1.52484e+07		-0.243471		4.48921		513.019		6.97596e+06		531.032		
00:00:43:950		1.52488e+07		-0.242496		4.48088		513.053		6.97594e+06		531.038		
00:00:43:799		1.52494e+07		-0.241035		4.46823		513.102		6.9759e+06		531.037		
00:00:43:700		1.52498e+07		-0.24006		4.4599		513.136		6.97588e+06		531.037		
00:00:43:600		1.52502e+07		-0.239085		4.45149		513.171		6.97586e+06		531.034		
00:00:43:500		1.52506e+07		-0.23811		4.44319		513.203		6.97584e+06		531.032		
00:00:43:399		1.5251e+07		-0.237134		4.43471		513.237		6.97582e+06		531.04		
00:00:43:299		1.52514e+07		-0.236159		4.42656		513.271		6.9758e+06		531.038		
00:00:43:200		1.52518e+07		-0.235183		4.4182		513.306		6.97577e+06		531.029		
00:00:43:149		1.5252e+07		-0.234694		4.4141		513.323		6.97576e+06		531.027		
00:00:43:049		1.52524e+07		-0.233718		4.40558		513.357		6.97574e+06		531.019		
00:00:42:950		1.52528e+07		-0.232742		4.39732		513.391		6.97572e+06		531.027		
00:00:42:799		1.52535e+07		-0.231277		4.38512		513.444		6.97569e+06		531.024		
00:00:42:700		1.52539e+07		-0.230299		4.37673		513.478		6.97567e+06		531.02		
00:00:42:600		1.52543e+07		-0.229322		4.3685		513.514		6.97564e+06		531.02		
00:00:42:500		1.52547e+07		-0.228345		4.36009		513.549		6.97562e+06		531.017		
00:00:42:399		1.52551e+07		-0.227368		4.35188		513.585		6.9756e+06		531.008		
00:00:42:299		1.52555e+07		-0.226391		4.34372		513.619		6.97558e+06		531.014		
00:00:42:200		1.52559e+07		-0.225414		4.3353		513.655		6.97556e+06		531.011		
00:00:42:100		1.52563e+07		-0.224437		4.3273		513.689		6.97554e+06		531.008		
00:00:42:000		1.52567e+07		-0.223461		4.31907		513.725		6.97551e+06		531.001		
00:00:41:899		1.52571e+07		-0.222484		4.31081		513.761		6.97549e+06		531.009		
00:00:41:799		1.52575e+07		-0.221508		4.30257		513.797		6.97547e+06		531.009		
00:00:41:799		1.52575e+07		-0.221508		4.30257		513.797		6.97547e+06		531.009		
00:00:41:700		1.52579e+07		-0.220532		4.29436		513.833		6.97545e+06		531.017		
00:00:41:450		1.52589e+07		-0.218093		4.27414		513.923		6.9754e+06		530.999		
00:00:41:450		1.52589e+07		-0.218093		4.27414		513.923		6.9754e+06		530.999		
00:00:41:350		1.52593e+07		-0.217118		4.266		513.959		6.97538e+06		530.989		
00:00:41:250		1.52597e+07		-0.216143		4.25786		513.997		6.97535e+06		530.999		
00:00:41:149		1.52601e+07		-0.215169		4.24978		514.035		6.97533e+06		530.999		
00:00:41:049		1.52605e+07		-0.214195		4.2419		514.071		6.97531e+06		530.988		
00:00:40:950		1.52609e+07		-0.213221		4.23375		514.109		6.97529e+06		530.997		
00:00:40:850		1.52613e+07		-0.212247		4.22575		514.145		6.97527e+06		530.995		
00:00:40:750		1.52618e+07		-0.211274		4.21771		514.183		6.97525e+06		530.994		
00:00:40:549		1.52626e+07		-0.209329		4.20187		514.26		6.9752e+06		530.987		
00:00:40:450		1.5263e+07		-0.208356		4.19367		514.298		6.97518e+06		530.981		
00:00:40:450		1.5263e+07		-0.208356		4.19367		514.298		6.97518e+06		530.981		
00:00:40:350		1.52634e+07		-0.207385		4.18586		514.336		6.97516e+06		530.986		
00:00:40:250		1.52638e+07		-0.206414		4.17782		514.374		6.97514e+06		530.984		
00:00:40:149		1.52642e+07		-0.205443		4.17007		514.412		6.97512e+06		530.981		
00:00:40:049		1.52646e+07		-0.204473		4.16198		514.452		6.9751e+06		530.978		
00:00:39:950		1.5265e+07		-0.203503		4.15405		514.49		6.97508e+06		530.973		
00:00:39:850		1.52654e+07		-0.202534		4.14633		514.53		6.97505e+06		530.976		
00:00:39:750		1.52658e+07		-0.201564		4.13851		514.567		6.97503e+06		530.963		
00:00:39:549		1.52666e+07		-0.199628		4.12298		514.645		6.97499e+06		530.974		
00:00:39:450		1.5267e+07		-0.198661		4.11517		514.683		6.97497e+06		530.972		
00:00:39:450		1.5267e+07		-0.198661		4.11517		514.683		6.97497e+06		530.972		
00:00:39:350		1.52674e+07		-0.197694		4.10764		514.721		6.97495e+06		530.97		
00:00:39:250		1.52678e+07		-0.196728		4.09978		514.761		6.97493e+06		530.968		
00:00:39:149		1.52682e+07		-0.195762		4.09223		514.8		6.97491e+06		530.966		
00:00:38:950		1.52691e+07		-0.193832		4.07679		514.876		6.97486e+06		530.961		
00:00:38:950		1.52691e+07		-0.193832		4.07679		514.876		6.97486e+06		530.961		
00:00:38:850		1.52695e+07		-0.192868		4.06925		514.916		6.97484e+06		530.96		
00:00:38:750		1.52699e+07		-0.191905		4.06158		514.954		6.97482e+06		530.96		
00:00:38:649		1.52703e+07		-0.190942		4.05402		514.992		6.9748e+06		530.958		
00:00:38:549		1.52707e+07		-0.18998		4.04647		515.032		6.97478e+06		530.965		
00:00:38:450		1.52711e+07		-0.189019		4.03873		515.071		6.97476e+06		530.959		
00:00:38:350		1.52715e+07		-0.188058		4.03136		515.111		6.97474e+06		530.951		
00:00:38:250		1.52719e+07		-0.187099		4.02371		515.151		6.97472e+06		530.944		
00:00:38:149		1.52723e+07		-0.18614		4.01632		515.191		6.97469e+06		530.948		
00:00:38:000		1.52729e+07		-0.184702		4.0051		515.253		6.97466e+06		530.949		
00:00:37:899		1.52733e+07		-0.183746		3.99763		515.291		6.97464e+06		530.947		
00:00:37:799		1.52737e+07		-0.182789		3.99015		515.333		6.97462e+06		530.956		
00:00:37:700		1.52741e+07		-0.181835		3.98272		515.372		6.9746e+06		530.944		
00:00:37:600		1.52745e+07		-0.18088		3.97536		515.412		6.97458e+06		530.942		
00:00:37:500		1.52749e+07		-0.179926		3.96783		515.452		6.97456e+06		530.94		
00:00:37:399		1.52753e+07		-0.178974		3.96063		515.493		6.97454e+06		530.937		
00:00:37:299		1.52757e+07		-0.178022		3.95314		515.535		6.97452e+06		530.926		
00:00:37:200		1.52761e+07		-0.177072		3.94583		515.575		6.9745e+06		530.946		
00:00:37:100		1.52766e+07		-0.176122		3.93845		515.616		6.97447e+06		530.931		
00:00:37:000		1.5277e+07		-0.175173		3.93129		515.658		6.97445e+06		530.929		
00:00:37:000		1.5277e+07		-0.175173		3.93129		515.658		6.97445e+06		530.929		
00:00:36:899		1.52774e+07		-0.174226		3.92395		515.698		6.97443e+06		530.935		
00:00:36:549		1.52788e+07		-0.170918		3.89848		515.843		6.97436e+06		530.92		
00:00:36:549		1.52788e+07		-0.170918		3.89848		515.843		6.97436e+06		530.92		
00:00:36:450		1.52792e+07		-0.169975		3.89133		515.885		6.97434e+06		530.921		
00:00:36:450		1.52792e+07		-0.169975		3.89133		515.885		6.97434e+06		530.921		
00:00:36:299		1.52798e+07		-0.168563		3.88064		515.945		6.97431e+06		530.916		
00:00:36:200		1.52802e+07		-0.167623		3.87342		515.989		6.97429e+06		530.915		
00:00:36:100		1.52806e+07		-0.166684		3.86641		516.03		6.97427e+06		530.924		
00:00:36:000		1.5281e+07		-0.165746		3.85919		516.072		6.97425e+06		530.911		
00:00:35:899		1.52814e+07		-0.16481		3.85208		516.114		6.97423e+06		530.91		
00:00:35:799		1.52818e+07		-0.163875		3.84515		516.155		6.9742e+06		530.908		
00:00:35:700		1.52822e+07		-0.162941		3.83809		516.197		6.97418e+06		530.916		
00:00:35:600		1.52826e+07		-0.162008		3.83108		516.24		6.97416e+06		530.904		
00:00:35:500		1.5283e+07		-0.161076		3.82397		516.284		6.97414e+06		530.902		
00:00:35:500		1.5283e+07		-0.161076		3.82397		516.284		6.97414e+06		530.902		
00:00:35:399		1.52834e+07		-0.160146		3.81707		516.325		6.97412e+06		530.91		
00:00:35:250		1.5284e+07		-0.158752		3.8067		516.387		6.97409e+06		530.895		
00:00:35:149		1.52844e+07		-0.157824		3.79975		516.429		6.97407e+06		530.892		
00:00:35:049		1.52848e+07		-0.156897		3.79286		516.472		6.97405e+06		530.891		
00:00:34:950		1.52852e+07		-0.155972		3.78579		516.516		6.97403e+06		530.887		
00:00:34:850		1.52856e+07		-0.155047		3.77912		516.559		6.97401e+06		530.878		
00:00:34:750		1.5286e+07		-0.154125		3.77218		516.601		6.97399e+06		530.89		
00:00:34:549		1.52868e+07		-0.152282		3.75848		516.686		6.97395e+06		530.875		
00:00:34:450		1.52872e+07		-0.151363		3.75176		516.729		6.97393e+06		530.886		
00:00:34:450		1.52872e+07		-0.151363		3.75176		516.729		6.97393e+06		530.886		
00:00:34:350		1.52876e+07		-0.150445		3.74494		516.774		6.9739e+06		530.879		
00:00:34:250		1.5288e+07		-0.149528		3.73827		516.818		6.97388e+06		530.876		
00:00:34:149		1.52884e+07		-0.148612		3.73156		516.861		6.97386e+06		530.874		
00:00:34:049		1.52887e+07		-0.147697		3.72481		516.905		6.97384e+06		530.872		
00:00:33:899		1.52893e+07		-0.146328		3.71479		516.971		6.97381e+06		530.869		
00:00:33:850		1.52895e+07		-0.145872		3.71142		516.993		6.9738e+06		530.878		
00:00:33:750		1.52899e+07		-0.144961		3.7049		517.037		6.97378e+06		530.864		
00:00:33:549		1.52907e+07		-0.143142		3.69169		517.125		6.97374e+06		530.861		
00:00:33:549		1.52907e+07		-0.143142		3.69169		517.125		6.97374e+06		530.861		
00:00:33:450		1.52911e+07		-0.142235		3.68503		517.169		6.97372e+06		530.858		
00:00:33:350		1.52915e+07		-0.141329		3.67857		517.212		6.9737e+06		530.851		
00:00:33:250		1.52919e+07		-0.140423		3.67202		517.257		6.97368e+06		530.854		
00:00:33:149		1.52923e+07		-0.13952		3.66552		517.301		6.97366e+06		530.851		
00:00:33:049		1.52927e+07		-0.138617		3.65905		517.346		6.97364e+06		530.845		
00:00:32:950		1.52931e+07		-0.137715		3.65256		517.389		6.97362e+06		530.849		
00:00:32:850		1.52935e+07		-0.136814		3.64614		517.435		6.9736e+06		530.847		
00:00:32:750		1.52939e+07		-0.135915		3.63958		517.478		6.97358e+06		530.845		
00:00:32:649		1.52943e+07		-0.135016		3.63337		517.523		6.97356e+06		530.832		
00:00:32:549		1.52946e+07		-0.134118		3.62692		517.568		6.97354e+06		530.84		
00:00:32:450		1.5295e+07		-0.133222		3.62063		517.614		6.97352e+06		530.838		
00:00:32:299		1.52956e+07		-0.131879		3.61114		517.68		6.97349e+06		530.834		
00:00:32:200		1.5296e+07		-0.130985		3.60473		517.725		6.97346e+06		530.828		
00:00:32:100		1.52964e+07		-0.130091		3.59851		517.77		6.97344e+06		530.824		
00:00:32:000		1.52968e+07		-0.129198		3.59211		517.815		6.97342e+06		530.828		
00:00:31:899		1.52972e+07		-0.128306		3.58594		517.86		6.9734e+06		530.827		
00:00:31:800		1.52976e+07		-0.127415		3.57968		517.906		6.97338e+06		530.823		
00:00:31:699		1.5298e+07		-0.126525		3.57359		517.951		6.97336e+06		530.818		
00:00:31:600		1.52983e+07		-0.125635		3.56726		517.996		6.97334e+06		530.818		
00:00:31:500		1.52987e+07		-0.124746		3.56114		518.043		6.97332e+06		530.817		
00:00:31:399		1.52991e+07		-0.123858		3.5549		518.088		6.9733e+06		530.813		
00:00:31:300		1.52995e+07		-0.122971		3.54888		518.133		6.97328e+06		530.809		
00:00:31:199		1.52999e+07		-0.122084		3.54282		518.179		6.97326e+06		530.809		
00:00:31:199		1.52999e+07		-0.122084		3.54282		518.179		6.97326e+06		530.809		
00:00:31:100		1.53003e+07		-0.121197		3.53669		518.226		6.97324e+06		530.8		
00:00:30:899		1.53011e+07		-0.119425		3.52454		518.318		6.9732e+06		530.801		
00:00:30:800		1.53014e+07		-0.11854		3.51853		518.363		6.97318e+06		530.798		
00:00:30:699		1.53018e+07		-0.117655		3.51247		518.41		6.97316e+06		530.795		
00:00:30:600		1.53022e+07		-0.116771		3.5066		518.455		6.97314e+06		530.782		
00:00:30:500		1.53026e+07		-0.115886		3.50053		518.502		6.97312e+06		530.79		
00:00:30:399		1.5303e+07		-0.115002		3.49455		518.547		6.9731e+06		530.79		
00:00:30:300		1.53034e+07		-0.114118		3.48863		518.594		6.97308e+06		530.797		
00:00:30:199		1.53038e+07		-0.113233		3.48271		518.64		6.97306e+06		530.785		
00:00:30:100		1.53041e+07		-0.112349		3.47667		518.687		6.97304e+06		530.781		
00:00:29:949		1.53047e+07		-0.111022		3.46798		518.758		6.97301e+06		530.778		
00:00:29:949		1.53047e+07		-0.111022		3.46798		518.758		6.97301e+06		530.778		
00:00:29:850		1.53051e+07		-0.110137		3.46216		518.803		6.97299e+06		530.773		
00:00:29:750		1.53055e+07		-0.109251		3.45622		518.85		6.97297e+06		530.759		
00:00:29:550		1.53062e+07		-0.10748		3.44448		518.942		6.97293e+06		530.768		
00:00:29:449		1.53066e+07		-0.106592		3.43879		518.989		6.97291e+06		530.765		
00:00:29:449		1.53066e+07		-0.106592		3.43879		518.989		6.97291e+06		530.765		
00:00:29:350		1.5307e+07		-0.105705		3.43304		519.036		6.97289e+06		530.762		
00:00:29:250		1.53074e+07		-0.104817		3.42725		519.083		6.97287e+06		530.759		
00:00:29:149		1.53078e+07		-0.103928		3.42148		519.13		6.97285e+06		530.757		
00:00:29:050		1.53082e+07		-0.103039		3.41563		519.177		6.97283e+06		530.753		
00:00:28:949		1.53085e+07		-0.102148		3.40998		519.224		6.97281e+06		530.75		
00:00:28:850		1.53089e+07		-0.101256		3.40415		519.271		6.97279e+06		530.75		
00:00:28:750		1.53093e+07		-0.100363		3.39845		519.318		6.97277e+06		530.755		
00:00:28:550		1.53101e+07		-0.0985727		3.38711		519.412		6.97273e+06		530.738		
00:00:28:449		1.53104e+07		-0.0976758		3.38134		519.461		6.97271e+06		530.727		
00:00:28:449		1.53104e+07		-0.0976758		3.38134		519.461		6.97271e+06		530.727		
00:00:28:350		1.53108e+07		-0.096777		3.37577		519.509		6.97269e+06		530.73		
00:00:28:250		1.53112e+07		-0.0958767		3.3701		519.556		6.97267e+06		530.734		
00:00:28:149		1.53116e+07		-0.0949745		3.36442		519.605		6.97265e+06		530.74		
00:00:28:050		1.5312e+07		-0.0940704		3.35877		519.652		6.97263e+06		530.728		
00:00:27:899		1.53125e+07		-0.0927105		3.35025		519.723		6.9726e+06		530.725		
00:00:27:850		1.53127e+07		-0.0922561		3.34755		519.75		6.97259e+06		530.723		
00:00:27:750		1.53131e+07		-0.0913458		3.34196		519.798		6.97257e+06		530.72		
00:00:27:550		1.53139e+07		-0.0895176		3.33063		519.892		6.97253e+06		530.717		
00:00:27:550		1.53139e+07		-0.0895176		3.33063		519.892		6.97253e+06		530.717		
00:00:27:449		1.53143e+07		-0.0886002		3.32511		519.941		6.97251e+06		530.713		
00:00:27:300		1.53148e+07		-0.0872183		3.31674		520.014		6.97248e+06		530.708		
00:00:27:250		1.5315e+07		-0.0867562		3.31402		520.039		6.97247e+06		530.706		
00:00:27:100		1.53156e+07		-0.0853658		3.30547		520.112		6.97244e+06		530.701		
00:00:27:000		1.5316e+07		-0.0844355		3.29998		520.159		6.97242e+06		530.691		
00:00:26:949		1.53162e+07		-0.0839691		3.29729		520.183		6.97241e+06		530.696		
00:00:26:800		1.53168e+07		-0.0825639		3.28895		520.256		6.97238e+06		530.695		
00:00:26:699		1.53171e+07		-0.0816236		3.2834		520.303		6.97236e+06		530.684		
00:00:26:600		1.53175e+07		-0.0806794		3.27778		520.352		6.97234e+06		530.69		
00:00:26:500		1.53179e+07		-0.0797315		3.27224		520.399		6.97232e+06		530.688		
00:00:26:399		1.53183e+07		-0.0787802		3.26663		520.447		6.97231e+06		530.684		
00:00:26:300		1.53187e+07		-0.0778246		3.26123		520.496		6.97229e+06		530.691		
00:00:26:199		1.53191e+07		-0.0768652		3.25567		520.545		6.97227e+06		530.678		
00:00:26:100		1.53195e+07		-0.0759015		3.2501		520.593		6.97225e+06		530.685		
00:00:26:000		1.53199e+07		-0.074934		3.24453		520.64		6.97223e+06		530.671		
00:00:25:899		1.53203e+07		-0.0739613		3.23897		520.689		6.97221e+06		530.668		
00:00:25:800		1.53206e+07		-0.0729847		3.23357		520.738		6.97219e+06		530.666		
00:00:25:800		1.53206e+07		-0.0729847		3.23357		520.738		6.97219e+06		530.666		
00:00:25:600		1.53214e+07		-0.0710177		3.22254		520.835		6.97215e+06		530.66		
00:00:25:500		1.53218e+07		-0.0700269		3.21686		520.882		6.97213e+06		530.658		
00:00:25:399		1.53222e+07		-0.0690312		3.21123		520.931		6.97211e+06		530.664		
00:00:25:300		1.53226e+07		-0.0680304		3.20585		520.979		6.97209e+06		530.662		
00:00:25:199		1.5323e+07		-0.0670242		3.20063		521.028		6.97207e+06		530.649		
00:00:25:100		1.53234e+07		-0.0660129		3.19523		521.077		6.97205e+06		530.647		
00:00:25:000		1.53238e+07		-0.0649962		3.18907		521.125		6.97203e+06		530.644		
00:00:24:899		1.53242e+07		-0.0639734		3.18303		521.172		6.97202e+06		530.65		
00:00:24:800		1.53246e+07		-0.0629458		3.17789		521.223		6.972e+06		530.648		
00:00:24:800		1.53246e+07		-0.0629458		3.17789		521.223		6.972e+06		530.648		
00:00:24:699		1.5325e+07		-0.0619116		3.17353		521.271		6.97198e+06		530.643		
00:00:24:449		1.5326e+07		-0.0593023		3.15751		521.393		6.97193e+06		530.626		
00:00:24:449		1.5326e+07		-0.0593023		3.15751		521.393		6.97193e+06		530.626		
00:00:24:350		1.53265e+07		-0.0582485		3.15031		521.441		6.97191e+06		530.626		
00:00:24:149		1.53273e+07		-0.0561213		3.14619		521.539		6.97187e+06		530.618		
00:00:24:149		1.53273e+07		-0.0561213		3.14619		521.539		6.97187e+06		530.618		
00:00:24:050		1.53277e+07		-0.055048		3.14441		521.587		6.97185e+06		530.616		
00:00:23:949		1.53281e+07		-0.0539689		3.14266		521.636		6.97183e+06		530.611		
00:00:23:850		1.53285e+07		-0.0528822		3.14092		521.685		6.97181e+06		530.61		
00:00:23:750		1.53289e+07		-0.0517898		3.1391		521.733		6.9718e+06		530.604		
00:00:23:550		1.53298e+07		-0.0495839		3.13557		521.832		6.97176e+06		530.599		
00:00:23:449		1.53302e+07		-0.0484715		3.13383		521.879		6.97174e+06		530.597		
00:00:23:449		1.53302e+07		-0.0484715		3.13383		521.879		6.97174e+06		530.597		
00:00:23:350		1.53306e+07		-0.0473533		3.13201		521.928		6.97172e+06		530.594		
00:00:23:250		1.53311e+07		-0.0462289		3.13022		521.976		6.9717e+06		530.593		
00:00:23:149		1.53315e+07		-0.0450988		3.12848		522.027		6.97168e+06		530.589		
00:00:23:050		1.53319e+07		-0.0439625		3.12669		522.075		6.97166e+06		530.586		
00:00:22:949		1.53324e+07		-0.0428195		3.12487		522.122		6.97164e+06		530.583		
00:00:22:850		1.53328e+07		-0.0416708		3.12308		522.17		6.97162e+06		530.58		
00:00:22:750		1.53332e+07		-0.0405145		3.1213		522.219		6.97161e+06		530.578		
00:00:22:550		1.53341e+07		-0.0381837		3.11777		522.316		6.97157e+06		530.567		
00:00:22:399		1.53348e+07		-0.036417		3.11506		522.389		6.97154e+06		530.579		
00:00:22:399		1.53348e+07		-0.036417		3.11506		522.389		6.97154e+06		530.579		
00:00:22:350		1.5335e+07		-0.0358238		3.11417		522.413		6.97153e+06		530.567		
00:00:22:250		1.53354e+07		-0.0346341		3.11227		522.462		6.97151e+06		530.565		
00:00:22:149		1.53359e+07		-0.0334363		3.11049		522.512		6.97149e+06		530.566		
00:00:22:050		1.53363e+07		-0.0322309		3.1087		522.559		6.97147e+06		530.576		
00:00:21:949		1.53367e+07		-0.0310168		3.10699		522.605		6.97146e+06		530.56		
00:00:21:850		1.53372e+07		-0.0297947		3.1051		522.654		6.97144e+06		530.546		
00:00:21:750		1.53376e+07		-0.028564		3.10324		522.703		6.97142e+06		530.546		
00:00:21:649		1.53381e+07		-0.0273237		3.10137		522.753		6.9714e+06		530.548		
00:00:21:500		1.53387e+07		-0.0254455		3.09847		522.824		6.97137e+06		530.549		
00:00:21:399		1.53392e+07		-0.0241818		3.09663		522.87		6.97135e+06		530.552		
00:00:21:300		1.53397e+07		-0.0229092		3.09494		522.919		6.97134e+06		530.548		
00:00:21:199		1.53401e+07		-0.0216289		3.0931		522.966		6.97132e+06		530.538		
00:00:21:100		1.53406e+07		-0.0203404		3.09115		523.014		6.9713e+06		530.541		
00:00:21:000		1.5341e+07		-0.0190439		3.08917		523.062		6.97128e+06		530.533		
00:00:20:899		1.53414e+07		-0.0177402		3.08737		523.111		6.97126e+06		530.533		
00:00:20:800		1.53418e+07		-0.0164285		3.08589		523.158		6.97124e+06		530.528		
00:00:20:699		1.53423e+07		-0.0153913		3.0843		523.204		6.97122e+06		530.52		
00:00:20:600		1.53428e+07		-0.0143876		3.08275		523.255		6.97121e+06		530.533		
00:00:20:500		1.53433e+07		-0.0133843		3.08119		523.301		6.97119e+06		530.529		
00:00:20:399		1.53439e+07		-0.0123811		3.0796		523.35		6.97117e+06		530.52		
00:00:20:300		1.53444e+07		-0.0113788		3.07807		523.398		6.97115e+06		530.525		
00:00:20:199		1.5345e+07		-0.0103765		3.07648		523.445		6.97113e+06		530.524		
00:00:20:100		1.53455e+07		-0.00937414		3.07492		523.493		6.97111e+06		530.521		
00:00:20:000		1.53461e+07		-0.00837278		3.07336		523.542		6.9711e+06		530.519		
00:00:19:899		1.53466e+07		-0.00737095		3.0718		523.59		6.97108e+06		530.507		
00:00:19:800		1.53471e+07		-0.00637054		3.0702		523.638		6.97106e+06		530.499		
00:00:19:699		1.53477e+07		-0.00536966		3.06883		523.685		6.97104e+06		530.509		
00:00:19:600		1.53482e+07		-0.00436926		3.0672		523.733		6.97102e+06		530.501		
00:00:19:500		1.53488e+07		-0.00336933		3.06559		523.782		6.971e+06		530.506		
00:00:19:350		1.53496e+07		-0.00186968		3.0633		523.853		6.97097e+06		530.491		
00:00:19:350		1.53496e+07		-0.00186968		3.0633		523.853		6.97097e+06		530.491		
00:00:19:250		1.53501e+07		-0.000870228		3.06181		523.901		6.97096e+06		530.48		
00:00:19:100		1.53509e+07		0.000627995		3.05944		523.972		6.97093e+06		530.492		
00:00:19:000		1.53515e+07		0.00162649		3.0579		524.02		6.97091e+06		530.495		
00:00:18:899		1.5352e+07		0.00262403		3.0565		524.067		6.97089e+06		530.492		
00:00:18:800		1.53525e+07		0.00362158		3.05491		524.113		6.97087e+06		530.484		
00:00:18:800		1.53525e+07		0.00362158		3.05491		524.113		6.97087e+06		530.484		
00:00:18:699		1.53531e+07		0.00461864		3.05344		524.162		6.97085e+06		530.477		
00:00:18:449		1.53544e+07		0.00710917		3.04963		524.281		6.97081e+06		530.473		
00:00:18:449		1.53544e+07		0.00710917		3.04963		524.281		6.97081e+06		530.473		
00:00:18:250		1.53555e+07		0.00909901		3.04661		524.374		6.97077e+06		530.466		
00:00:18:250		1.53555e+07		0.00909901		3.04661		524.374		6.97077e+06		530.466		
00:00:18:149		1.53561e+07		0.0100932		3.04511		524.422		6.97075e+06		530.462		
00:00:18:050		1.53566e+07		0.0110869		3.04361		524.469		6.97073e+06		530.462		
00:00:17:949		1.53571e+07		0.0120802		3.04214		524.517		6.97071e+06		530.46		
00:00:17:850		1.53577e+07		0.0130725		3.04067		524.563		6.97069e+06		530.456		
00:00:17:750		1.53582e+07		0.0140648		3.03925		524.61		6.97067e+06		530.455		
00:00:17:649		1.53588e+07		0.0150557		3.03778		524.656		6.97065e+06		530.453		
00:00:17:449		1.53598e+07		0.0170369		3.03482		524.753		6.97062e+06		530.448		
00:00:17:449		1.53598e+07		0.0170369		3.03482		524.753		6.97062e+06		530.448		
00:00:17:350		1.53604e+07		0.0180259		3.03328		524.799		6.9706e+06		530.456		
00:00:17:250		1.53609e+07		0.0190148		3.03206		524.846		6.97058e+06		530.443		
00:00:17:149		1.53615e+07		0.0200038		3.03044		524.892		6.97056e+06		530.441		
00:00:17:050		1.5362e+07		0.0209913		3.02896		524.939		6.97054e+06		530.438		
00:00:16:949		1.53625e+07		0.0219784		3.02753		524.985		6.97052e+06		530.436		
00:00:16:850		1.53631e+07		0.022965		3.02605		525.032		6.9705e+06		530.433		
00:00:16:750		1.53636e+07		0.0239506		3.02465		525.078		6.97048e+06		530.431		
00:00:16:500		1.5365e+07		0.026412		3.02095		525.193		6.97043e+06		530.423		
00:00:16:399		1.53655e+07		0.0273957		3.01957		525.238		6.97041e+06		530.419		
00:00:16:399		1.53655e+07		0.0273957		3.01957		525.238		6.97041e+06		530.419		
00:00:16:350		1.53658e+07		0.0278873		3.01891		525.262		6.9704e+06		530.417		
00:00:16:250		1.53663e+07		0.0288692		3.01751		525.308		6.97039e+06		530.406		
00:00:16:149		1.53669e+07		0.0298505		3.01607		525.353		6.97037e+06		530.414		
00:00:16:050		1.53674e+07		0.0308313		3.01471		525.398		6.97035e+06		530.404		
00:00:15:949		1.5368e+07		0.0318117		3.01327		525.442		6.97033e+06		530.41		
00:00:15:849		1.53685e+07		0.0327907		3.01198		525.489		6.97031e+06		530.406		
00:00:15:750		1.53693e+07		0.0342579		3.00969		525.557		6.97028e+06		530.412		
00:00:15:599		1.53699e+07		0.0352354		3.00824		525.602		6.97026e+06		530.398		
00:00:15:500		1.53704e+07		0.0362115		3.00691		525.646		6.97024e+06		530.391		
00:00:15:400		1.5371e+07		0.0371871		3.00548		525.691		6.97022e+06		530.395		
00:00:15:300		1.53715e+07		0.0381618		3.00406		525.735		6.9702e+06		530.392		
00:00:15:199		1.5372e+07		0.0391355		3.00279		525.782		6.97018e+06		530.383		
00:00:15:099		1.53726e+07		0.0401092		3.00138		525.826		6.97016e+06		530.388		
00:00:15:000		1.53731e+07		0.041081		2.99997		525.871		6.97014e+06		530.395		
00:00:14:900		1.53737e+07		0.0420518		2.99864		525.915		6.97012e+06		530.388		
00:00:14:800		1.53742e+07		0.0430226		2.99731		525.958		6.9701e+06		530.389		
00:00:14:699		1.53748e+07		0.0439916		2.99601		526.004		6.97008e+06		530.376		
00:00:14:599		1.53753e+07		0.04496		2.99461		526.049		6.97006e+06		530.372		
00:00:14:500		1.53758e+07		0.045928		2.99315		526.091		6.97004e+06		530.37		
00:00:14:400		1.53764e+07		0.0468946		2.99177		526.136		6.97002e+06		530.369		
00:00:14:300		1.53769e+07		0.0478601		2.99043		526.179		6.97e+06		530.366		
00:00:14:199		1.53775e+07		0.0488248		2.98909		526.223		6.96998e+06		530.363		
00:00:14:099		1.5378e+07		0.049788		2.98759		526.268		6.96996e+06		530.36		
00:00:14:000		1.53786e+07		0.0507507		2.98621		526.31		6.96994e+06		530.355		
00:00:13:900		1.53786e+07		0.0507507		2.98621		526.31		6.96994e+06		530.355		
00:00:13:900		1.53791e+07		0.0517116		2.98492		526.353		6.96992e+06		530.351		
00:00:13:800		1.53797e+07		0.0526724		2.98366		526.395		6.9699e+06		530.352		
00:00:13:650		1.53805e+07		0.054111		2.98168		526.458		6.96987e+06		530.35		
00:00:13:449		1.53816e+07		0.056025		2.97902		526.544		6.96983e+06		530.342		
00:00:13:400		1.53819e+07		0.0565033		2.97824		526.564		6.96982e+06		530.341		
00:00:13:400		1.53819e+07		0.0565033		2.97824		526.564		6.96982e+06		530.341		
00:00:13:300		1.53824e+07		0.0574584		2.97689		526.607		6.9698e+06		530.337		
00:00:13:199		1.5383e+07		0.0584126		2.97542		526.647		6.96978e+06		530.337		
00:00:13:099		1.53835e+07		0.0593653		2.97415		526.69		6.96976e+06		530.333		
00:00:12:949		1.53843e+07		0.0607929		2.97228		526.753		6.96973e+06		530.334		
00:00:12:849		1.53849e+07		0.0617437		2.97086		526.792		6.9697e+06		530.325		
00:00:12:750		1.53854e+07		0.0626931		2.96954		526.834		6.96968e+06		530.317		
00:00:12:650		1.5386e+07		0.0636415		2.96815		526.875		6.96966e+06		530.321		
00:00:12:449		1.53871e+07		0.0655355		2.96547		526.957		6.96962e+06		530.316		
00:00:12:449		1.53871e+07		0.0655355		2.96547		526.957		6.96962e+06		530.316		
00:00:12:349		1.53876e+07		0.0664811		2.96407		526.997		6.9696e+06		530.313		
00:00:12:250		1.53882e+07		0.0674257		2.96283		527.04		6.96958e+06		530.31		
00:00:12:150		1.53888e+07		0.0683694		2.96155		527.079		6.96956e+06		530.3		
00:00:12:050		1.53893e+07		0.0693116		2.96019		527.119		6.96954e+06		530.304		
00:00:11:949		1.53899e+07		0.0702529		2.95882		527.16		6.96952e+06		530.316		
00:00:11:849		1.53904e+07		0.0711932		2.95743		527.201		6.9695e+06		530.301		
00:00:11:750		1.5391e+07		0.0721331		2.95619		527.242		6.96948e+06		530.298		
00:00:11:650		1.53915e+07		0.0730715		2.9549		527.282		6.96946e+06		530.295		
00:00:11:449		1.53926e+07		0.0749459		2.95237		527.362		6.96942e+06		530.29		
00:00:11:449		1.53926e+07		0.0749459		2.95237		527.362		6.96942e+06		530.29		
00:00:11:349		1.53932e+07		0.0758824		2.95096		527.403		6.96939e+06		530.307		
00:00:11:250		1.53938e+07		0.0768175		2.94968		527.441		6.96937e+06		530.283		
00:00:11:150		1.53943e+07		0.0777516		2.9484		527.48		6.96935e+06		530.281		
00:00:11:050		1.53949e+07		0.0786848		2.94712		527.519		6.96933e+06		530.277		
00:00:10:949		1.53954e+07		0.0796175		2.94582		527.558		6.96931e+06		530.274		
00:00:10:800		1.53963e+07		0.0810151		2.94389		527.613		6.96928e+06		530.27		
00:00:10:699		1.53969e+07		0.0819459		2.9426		527.652		6.96926e+06		530.266		
00:00:10:500		1.5398e+07		0.0838056		2.94002		527.726		6.96921e+06		530.271		
00:00:10:400		1.53985e+07		0.084734		2.9387		527.765		6.96919e+06		530.257		
00:00:10:400		1.53985e+07		0.084734		2.9387		527.765		6.96919e+06		530.257		
00:00:10:300		1.53991e+07		0.0856614		2.93757		527.802		6.96917e+06		530.253		
00:00:10:199		1.53997e+07		0.0865884		2.93628		527.839		6.96915e+06		530.26		
00:00:10:099		1.54003e+07		0.0875144		2.93515		527.874		6.96913e+06		530.24		
00:00:10:000		1.54008e+07		0.0884399		2.93369		527.911		6.9691e+06		530.244		
00:00:09:900		1.54014e+07		0.089365		2.93248		527.946		6.96908e+06		530.231		
00:00:09:800		1.5402e+07		0.0902896		2.93133		527.981		6.96906e+06		530.236		
00:00:09:699		1.54026e+07		0.0912132		2.93008		528.018		6.96904e+06		530.232		
00:00:09:599		1.54031e+07		0.0921364		2.92887		528.053		6.96901e+06		530.226		
00:00:09:550		1.54034e+07		0.0925984		2.92818		528.072		6.969e+06		530.229		
00:00:09:400		1.54043e+07		0.0939822		2.92633		528.127		6.96897e+06		530.233		
00:00:09:300		1.54049e+07		0.0949044		2.92515		528.164		6.96894e+06		530.218		
00:00:09:199		1.54055e+07		0.0958266		2.92386		528.199		6.96892e+06		530.214		
00:00:09:099		1.54061e+07		0.0967484		2.92269		528.238		6.9689e+06		530.22		
00:00:09:000		1.54067e+07		0.0976696		2.92148		528.273		6.96887e+06		530.203		
00:00:08:900		1.54073e+07		0.0985913		2.92031		528.306		6.96885e+06		530.197		
00:00:08:800		1.54079e+07		0.0995121		2.9191		528.341		6.96883e+06		530.194		
00:00:08:699		1.54085e+07		0.100433		2.91789		528.374		6.9688e+06		530.198		
00:00:08:599		1.54091e+07		0.101354		2.91669		528.409		6.96878e+06		530.186		
00:00:08:500		1.54097e+07		0.102275		2.91552		528.443		6.96875e+06		530.176		
00:00:08:400		1.54103e+07		0.103196		2.91431		528.476		6.96873e+06		530.185		
00:00:08:300		1.54109e+07		0.104116		2.91319		528.509		6.9687e+06		530.172		
00:00:08:199		1.54115e+07		0.105036		2.91207		528.541		6.96868e+06		530.164		
00:00:08:199		1.54115e+07		0.105036		2.91207		528.541		6.96868e+06		530.164		
00:00:08:050		1.54124e+07		0.106415		2.9103		528.589		6.96864e+06		530.154		
00:00:07:950		1.5413e+07		0.107334		2.90913		528.622		6.96861e+06		530.16		
00:00:07:849		1.54136e+07		0.108252		2.90803		528.653		6.96859e+06		530.142		
00:00:07:650		1.54149e+07		0.110089		2.90575		528.718		6.96853e+06		530.134		
00:00:07:650		1.54149e+07		0.110089		2.90575		528.718		6.96853e+06		530.134		
00:00:07:450		1.54161e+07		0.111925		2.90351		528.784		6.96848e+06		530.113		
00:00:07:450		1.54161e+07		0.111925		2.90351		528.784		6.96848e+06		530.113		
00:00:07:349		1.54168e+07		0.112843		2.90239		528.815		6.96845e+06		530.103		
00:00:07:200		1.54177e+07		0.114219		2.90076		528.863		6.96841e+06		530.093		
00:00:07:099		1.54184e+07		0.115137		2.89969		528.893		6.96838e+06		530.098		
00:00:07:000		1.5419e+07		0.116055		2.89854		528.922		6.96835e+06		530.073		
00:00:06:900		1.54197e+07		0.116972		2.89743		528.952		6.96832e+06		530.079		
00:00:06:900		1.54197e+07		0.116972		2.89743		528.952		6.96832e+06		530.079		
00:00:06:799		1.54203e+07		0.11789		2.89638		528.98		6.96829e+06		530.055		
00:00:06:549		1.54219e+07		0.120183		2.89378		529.05		6.96821e+06		530.02		
00:00:06:450		1.54226e+07		0.121101		2.89273		529.077		6.96818e+06		530.016		
00:00:06:450		1.54226e+07		0.121101		2.89273		529.077		6.96818e+06		530.016		
00:00:06:349		1.54233e+07		0.122019		2.89171		529.105		6.96815e+06		530.003		
00:00:06:250		1.5424e+07		0.122937		2.89066		529.133		6.96812e+06		529.989		
00:00:06:150		1.54246e+07		0.123855		2.88961		529.16		6.96808e+06		529.977		
00:00:05:950		1.5426e+07		0.12569		2.88751		529.217		6.96802e+06		529.946		
00:00:05:950		1.5426e+07		0.12569		2.88751		529.217		6.96802e+06		529.946		
00:00:05:849		1.54267e+07		0.126608		2.88656		529.245		6.96798e+06		529.93		
00:00:05:750		1.54274e+07		0.127527		2.88552		529.276		6.96795e+06		529.931		
00:00:05:549		1.54288e+07		0.129363		2.88353		529.33		6.96788e+06		529.87		
00:00:05:450		1.54295e+07		0.130282		2.8825		529.357		6.96784e+06		529.861		
00:00:05:450		1.54295e+07		0.130282		2.8825		529.357		6.96784e+06		529.861		
00:00:05:299		1.54305e+07		0.13166		2.88106		529.394		6.96778e+06		529.833		
00:00:05:200		1.54312e+07		0.132578		2.88008		529.418		6.96774e+06		529.813		
00:00:05:099		1.5432e+07		0.133498		2.8791		529.444		6.9677e+06		529.792		
00:00:05:000		1.54327e+07		0.134416		2.87813		529.468		6.96767e+06		529.79		
00:00:04:900		1.54334e+07		0.135334		2.87712		529.492		6.96762e+06		529.767		
00:00:04:799		1.54342e+07		0.136253		2.87619		529.518		6.96758e+06		529.72		
00:00:04:700		1.54349e+07		0.137171		2.87523		529.54		6.96754e+06		529.694		
00:00:04:500		1.54364e+07		0.139006		2.87342		529.584		6.96746e+06		529.652		
00:00:04:400		1.54371e+07		0.139923		2.87235		529.606		6.96741e+06		529.611		
00:00:04:400		1.54371e+07		0.139923		2.87235		529.606		6.96741e+06		529.611		
00:00:04:299		1.54379e+07		0.14084		2.87145		529.628		6.96737e+06		529.603		
00:00:04:200		1.54386e+07		0.141756		2.87052		529.65		6.96732e+06		529.549		
00:00:04:099		1.54394e+07		0.142673		2.86954		529.672		6.96728e+06		529.514		
00:00:04:000		1.54402e+07		0.143591		2.86856		529.695		6.96723e+06		529.472		
00:00:03:899		1.5441e+07		0.144509		2.86763		529.717		6.96718e+06		529.443		
00:00:03:799		1.54418e+07		0.145427		2.86674		529.737		6.96713e+06		529.405		
00:00:03:700		1.54426e+07		0.146344		2.86582		529.759		6.96708e+06		529.358		
00:00:03:500		1.54442e+07		0.148171		2.86405		529.798		6.96698e+06		529.282		
00:00:03:399		1.5445e+07		0.14908		2.86326		529.816		6.96693e+06		529.238		
00:00:03:399		1.5445e+07		0.14908		2.86326		529.816		6.96693e+06		529.238		
00:00:03:399		1.5445e+07		0.14908		2.86326		529.816		6.96693e+06		529.238		
00:00:03:299		1.54458e+07		0.149983		2.86245		529.836		6.96687e+06		529.188		
00:00:03:200		1.54466e+07		0.150882		2.86163		529.855		6.96682e+06		529.17		
00:00:03:100		1.54478e+07		0.152223		2.86035		529.882		6.96673e+06		529.066		
00:00:02:950		1.54486e+07		0.153117		2.85939		529.899		6.96668e+06		529.01		
00:00:02:850		1.54494e+07		0.154013		2.85838		529.916		6.96662e+06		528.952		
00:00:02:700		1.54506e+07		0.155371		2.85681		529.941		6.96653e+06		528.898		
00:00:02:700		1.54506e+07		0.155371		2.85681		529.941		6.96653e+06		528.898		
00:00:02:450		1.54529e+07		0.157675		2.85424		529.978		6.96638e+06		528.709		
00:00:02:350		1.5454e+07		0.158599		2.85351		529.991		6.96632e+06		528.645		
00:00:02:350		1.5454e+07		0.158599		2.85351		529.991		6.96632e+06		528.645		
00:00:02:200		1.54545e+07		0.159058		2.8532		529.998		6.96628e+06		528.643		
00:00:02:200		1.54556e+07		0.15996		2.85276		530.013		6.96622e+06		528.576		
00:00:02:100		1.54567e+07		0.160832		2.85245		530.024		6.96616e+06		528.507		
00:00:01:850		1.5459e+07		0.16283		2.85192		530.055		6.96599e+06		528.316		
00:00:01:850		1.5459e+07		0.16283		2.85192		530.055		6.96599e+06		528.316		
00:00:01:750		1.54596e+07		0.163567		2.85148		530.068		6.96593e+06		528.253		
00:00:01:649		1.54601e+07		0.164292		2.85037		530.083		6.96586e+06		528.135		
00:00:01:449		1.54612e+07		0.165828		2.84585		530.109		6.96571e+06		527.958		
00:00:01:449		1.54612e+07		0.165828		2.84585		530.109		6.96571e+06		527.958		
00:00:01:350		1.54621e+07		0.166692		2.84351		530.12		6.96564e+06		527.905		
00:00:01:250		1.54634e+07		0.167639		2.84143		530.135		6.96556e+06		527.83		
00:00:01:149		1.54652e+07		0.16865		2.83932		530.147		6.96548e+06		527.662		
00:00:01:050		1.54675e+07		0.169683		2.83702		530.162		6.9654e+06		527.595		
00:00:00:949		1.54701e+07		0.170666		2.8357		530.177		6.96532e+06		527.477		
00:00:00:849		1.54728e+07		0.171519		2.83832		530.192		6.96522e+06		527.343		
00:00:00:750		1.54752e+07		0.172171		2.84344		530.199		6.96513e+06		527.197		
00:00:00:550		1.54781e+07		0.17279		2.8476		530.21		6.96493e+06		526.892		
00:00:00:450		1.54785e+07		0.17284		2.84174		530.214		6.96486e+06		526.824		
00:00:00:450		1.54785e+07		0.17284		2.84174		530.214		6.96486e+06		526.824		
00:00:00:349		1.54786e+07		0.17284		2.83573		530.216		6.96485e+06		526.825		
00:00:00:250		1.54786e+07		0.17284		2.83572		530.217		6.96484e+06		526.827		
00:00:00:149		1.54785e+07		0.17284		2.83572		530.221		6.96484e+06		526.824		
00:00:00:050		1.54785e+07		0.17284		2.83571		530.225		6.96483e+06		526.826		
00:00:00:000		1.54785e+07		0.17284		2.83571		530.225		6.96483e+06		526.826		
00:00:00:000		1.54785e+07		0.17284		2.83571		530.225		6.96483e+06		526.826		
00:00:00:000		1.54785e+07		0.17284		2.83571		530.225		6.96483e+06		526.826		
00:00:00:000		1.54785e+07		0.17284		2.83571		530.225		6.96483e+06		526.826		
00:00:00:000		1.54785e+07		0.17284		2.83571		530.225		6.96483e+06		526.826		
