	time 		rcpppzr	rcp054rcp007mnzoyout	rcv501std0102fvol	fwfrcp001gv	rcppmssga	msfsg(1)	
00:01:04:250		1.51623e+07		-0.443869		5.83367		508.167		6.98038e+06		531.339		
00:01:04:049		1.51631e+07		-0.442008		5.82653		508.189		6.98034e+06		531.339		
00:01:04:049		1.51631e+07		-0.442008		5.82653		508.189		6.98034e+06		531.339		
00:01:03:950		1.51635e+07		-0.441077		5.82295		508.2		6.98032e+06		531.355		
00:01:03:850		1.51639e+07		-0.440146		5.8194		508.212		6.9803e+06		531.341		
00:01:03:649		1.51646e+07		-0.438283		5.81214		508.237		6.98027e+06		531.334		
00:01:03:649		1.51646e+07		-0.438283		5.81214		508.237		6.98027e+06		531.334		
00:01:03:549		1.5165e+07		-0.437352		5.80855		508.248		6.98025e+06		531.334		
00:01:03:450		1.51654e+07		-0.436419		5.80489		508.261		6.98023e+06		531.332		
00:01:03:350		1.51658e+07		-0.435487		5.80121		508.273		6.98021e+06		531.331		
00:01:03:250		1.51662e+07		-0.434555		5.79759		508.286		6.98019e+06		531.329		
00:01:03:149		1.51666e+07		-0.433622		5.79398		508.298		6.98017e+06		531.328		
00:01:03:049		1.5167e+07		-0.43269		5.79034		508.311		6.98015e+06		531.327		
00:01:02:950		1.51674e+07		-0.431757		5.78662		508.325		6.98013e+06		531.326		
00:01:02:850		1.51678e+07		-0.430825		5.7829		508.336		6.98011e+06		531.325		
00:01:02:649		1.51686e+07		-0.428958		5.77552		508.361		6.98007e+06		531.323		
00:01:02:649		1.51686e+07		-0.428958		5.77552		508.361		6.98007e+06		531.323		
00:01:02:549		1.5169e+07		-0.428024		5.7718		508.375		6.98005e+06		531.322		
00:01:02:450		1.51694e+07		-0.42709		5.76808		508.388		6.98003e+06		531.321		
00:01:02:350		1.51697e+07		-0.426156		5.76431		508.4		6.98001e+06		531.319		
00:01:02:250		1.51701e+07		-0.425222		5.76054		508.415		6.97999e+06		531.317		
00:01:02:149		1.51705e+07		-0.424288		5.75677		508.426		6.97997e+06		531.315		
00:01:02:049		1.51709e+07		-0.423353		5.75296		508.44		6.97995e+06		531.317		
00:01:01:950		1.51713e+07		-0.422418		5.74918		508.453		6.97993e+06		531.314		
00:01:01:700		1.51723e+07		-0.420079		5.73964		508.488		6.97988e+06		531.308		
00:01:01:600		1.51727e+07		-0.419143		5.73578		508.501		6.97986e+06		531.306		
00:01:01:600		1.51727e+07		-0.419143		5.73578		508.501		6.97986e+06		531.306		
00:01:01:500		1.51731e+07		-0.418207		5.73192		508.515		6.97984e+06		531.295		
00:01:01:450		1.51733e+07		-0.417739		5.73002		508.522		6.97983e+06		531.31		
00:01:01:350		1.51737e+07		-0.416802		5.72616		508.538		6.97981e+06		531.305		
00:01:01:200		1.51743e+07		-0.415398		5.72038		508.559		6.97978e+06		531.299		
00:01:01:100		1.51747e+07		-0.41446		5.71648		508.572		6.97976e+06		531.305		
00:01:01:000		1.51751e+07		-0.413523		5.71257		508.587		6.97974e+06		531.304		
00:01:00:899		1.51755e+07		-0.412585		5.70867		508.601		6.97972e+06		531.302		
00:01:00:700		1.51762e+07		-0.410709		5.70071		508.63		6.97968e+06		531.299		
00:01:00:600		1.51766e+07		-0.409771		5.69673		508.643		6.97966e+06		531.298		
00:01:00:600		1.51766e+07		-0.409771		5.69673		508.643		6.97966e+06		531.298		
00:01:00:500		1.5177e+07		-0.408832		5.69271		508.658		6.97964e+06		531.295		
00:01:00:450		1.51772e+07		-0.408362		5.69068		508.666		6.97963e+06		531.29		
00:01:00:350		1.51778e+07		-0.406953		5.68461		508.681		6.97961e+06		531.295		
00:01:00:200		1.51782e+07		-0.406014		5.68056		508.704		6.97958e+06		531.293		
00:01:00:100		1.51786e+07		-0.405074		5.67655		508.72		6.97956e+06		531.287		
00:01:00:000		1.5179e+07		-0.404134		5.67244		508.735		6.97954e+06		531.292		
00:00:59:950		1.51792e+07		-0.403664		5.67038		508.743		6.97953e+06		531.292		
00:00:59:850		1.51796e+07		-0.402723		5.66623		508.76		6.97951e+06		531.284		
00:00:59:750		1.518e+07		-0.401783		5.66223		508.775		6.97949e+06		531.289		
00:00:59:649		1.51804e+07		-0.400841		5.6581		508.793		6.97947e+06		531.277		
00:00:59:549		1.51808e+07		-0.399899		5.65393		508.808		6.97945e+06		531.288		
00:00:59:450		1.51812e+07		-0.398957		5.64984		508.823		6.97943e+06		531.286		
00:00:59:350		1.51816e+07		-0.398015		5.64572		508.841		6.97941e+06		531.283		
00:00:59:250		1.5182e+07		-0.397072		5.64161		508.856		6.97939e+06		531.285		
00:00:59:149		1.51824e+07		-0.39613		5.63745		508.873		6.97937e+06		531.278		
00:00:59:049		1.51828e+07		-0.395186		5.63329		508.888		6.97935e+06		531.283		
00:00:58:899		1.51834e+07		-0.39377		5.62693		508.913		6.97931e+06		531.28		
00:00:58:850		1.51836e+07		-0.393298		5.62482		508.923		6.9793e+06		531.279		
00:00:58:750		1.5184e+07		-0.392354		5.62057		508.938		6.97928e+06		531.279		
00:00:58:649		1.51844e+07		-0.391409		5.61633		508.957		6.97926e+06		531.278		
00:00:58:549		1.51848e+07		-0.390464		5.61205		508.975		6.97924e+06		531.275		
00:00:58:450		1.51852e+07		-0.389518		5.60778		508.992		6.97922e+06		531.267		
00:00:58:299		1.51858e+07		-0.3881		5.60134		509.019		6.97919e+06		531.273		
00:00:58:299		1.51858e+07		-0.3881		5.60134		509.019		6.97919e+06		531.273		
00:00:58:200		1.51862e+07		-0.387153		5.59702		509.036		6.97917e+06		531.271		
00:00:58:100		1.51866e+07		-0.386207		5.59264		509.053		6.97915e+06		531.263		
00:00:58:000		1.5187e+07		-0.38526		5.58834		509.07		6.97913e+06		531.268		
00:00:57:899		1.51874e+07		-0.384312		5.58404		509.088		6.97911e+06		531.259		
00:00:57:700		1.51881e+07		-0.382416		5.57535		509.124		6.97906e+06		531.267		
00:00:57:700		1.51881e+07		-0.382416		5.57535		509.124		6.97906e+06		531.267		
00:00:57:600		1.51885e+07		-0.381468		5.57099		509.143		6.97904e+06		531.265		
00:00:57:500		1.51889e+07		-0.380519		5.56659		509.162		6.97902e+06		531.257		
00:00:57:399		1.51893e+07		-0.37957		5.56221		509.18		6.979e+06		531.262		
00:00:57:299		1.51897e+07		-0.37862		5.55778		509.199		6.97898e+06		531.263		
00:00:57:200		1.51901e+07		-0.37767		5.55332		509.216		6.97896e+06		531.262		
00:00:57:100		1.51905e+07		-0.37672		5.54886		509.235		6.97894e+06		531.261		
00:00:57:000		1.51909e+07		-0.37577		5.54438		509.256		6.97892e+06		531.26		
00:00:56:799		1.51917e+07		-0.373867		5.53551		509.293		6.97887e+06		531.256		
00:00:56:700		1.51921e+07		-0.372915		5.53106		509.312		6.97885e+06		531.255		
00:00:56:700		1.51921e+07		-0.372915		5.53106		509.312		6.97885e+06		531.255		
00:00:56:500		1.51929e+07		-0.371011		5.52201		509.35		6.97881e+06		531.254		
00:00:56:500		1.51929e+07		-0.371011		5.52201		509.35		6.97881e+06		531.254		
00:00:56:399		1.51933e+07		-0.370058		5.51741		509.369		6.97879e+06		531.254		
00:00:56:299		1.51937e+07		-0.369104		5.51281		509.39		6.97877e+06		531.253		
00:00:56:200		1.51941e+07		-0.368151		5.50824		509.409		6.97875e+06		531.251		
00:00:56:100		1.51946e+07		-0.367197		5.50366		509.43		6.97872e+06		531.251		
00:00:55:950		1.51952e+07		-0.365765		5.49676		509.461		6.97869e+06		531.25		
00:00:55:850		1.51956e+07		-0.36481		5.4921		509.482		6.97867e+06		531.248		
00:00:55:700		1.51962e+07		-0.363376		5.48511		509.515		6.97864e+06		531.246		
00:00:55:700		1.51962e+07		-0.363376		5.48511		509.515		6.97864e+06		531.246		
00:00:55:600		1.51966e+07		-0.36242		5.48045		509.534		6.97862e+06		531.245		
00:00:55:350		1.51976e+07		-0.360027		5.4689		509.587		6.97856e+06		531.241		
00:00:55:350		1.51976e+07		-0.360027		5.4689		509.587		6.97856e+06		531.241		
00:00:55:250		1.5198e+07		-0.35907		5.46421		509.608		6.97854e+06		531.241		
00:00:55:149		1.51984e+07		-0.358111		5.4594		509.63		6.97852e+06		531.239		
00:00:55:049		1.51988e+07		-0.357153		5.45457		509.651		6.9785e+06		531.237		
00:00:55:000		1.5199e+07		-0.356674		5.45216		509.662		6.97849e+06		531.215		
00:00:54:750		1.52e+07		-0.354277		5.44093		509.716		6.97843e+06		531.238		
00:00:54:649		1.52004e+07		-0.353317		5.43597		509.739		6.97841e+06		531.235		
00:00:54:649		1.52004e+07		-0.353317		5.43597		509.739		6.97841e+06		531.235		
00:00:54:549		1.52008e+07		-0.352357		5.43046		509.763		6.97839e+06		531.233		
00:00:54:450		1.52012e+07		-0.351397		5.42509		509.784		6.97837e+06		531.221		
00:00:54:350		1.52016e+07		-0.350436		5.42189		509.805		6.97835e+06		531.226		
00:00:54:250		1.5202e+07		-0.349474		5.41856		509.828		6.97832e+06		531.231		
00:00:54:149		1.52024e+07		-0.348513		5.41342		509.851		6.9783e+06		531.231		
00:00:54:049		1.52028e+07		-0.34755		5.40492		509.872		6.97828e+06		531.227		
00:00:53:950		1.52032e+07		-0.346588		5.39579		509.895		6.97826e+06		531.226		
00:00:53:750		1.5204e+07		-0.344661		5.37526		509.939		6.97821e+06		531.22		
00:00:53:649		1.52044e+07		-0.343697		5.36889		509.964		6.97819e+06		531.223		
00:00:53:649		1.52044e+07		-0.343697		5.36889		509.964		6.97819e+06		531.223		
00:00:53:549		1.52048e+07		-0.342733		5.35997		509.987		6.97817e+06		531.222		
00:00:53:450		1.52052e+07		-0.341768		5.35108		510.012		6.97815e+06		531.212		
00:00:53:350		1.52056e+07		-0.340803		5.34221		510.033		6.97812e+06		531.225		
00:00:53:250		1.5206e+07		-0.339837		5.3332		510.058		6.9781e+06		531.223		
00:00:53:149		1.52064e+07		-0.338871		5.32428		510.081		6.97808e+06		531.218		
00:00:53:049		1.52068e+07		-0.337904		5.31536		510.104		6.97806e+06		531.223		
00:00:52:950		1.52072e+07		-0.336937		5.30643		510.129		6.97804e+06		531.223		
00:00:52:850		1.52077e+07		-0.33597		5.29766		510.152		6.97801e+06		531.222		
00:00:52:750		1.52081e+07		-0.335002		5.28862		510.176		6.97799e+06		531.219		
00:00:52:649		1.52085e+07		-0.334033		5.2797		510.201		6.97797e+06		531.213		
00:00:52:549		1.52089e+07		-0.333065		5.27037		510.226		6.97795e+06		531.219		
00:00:52:450		1.52093e+07		-0.332095		5.26174		510.249		6.97793e+06		531.218		
00:00:52:350		1.52097e+07		-0.331126		5.25323		510.276		6.9779e+06		531.206		
00:00:52:250		1.52101e+07		-0.330156		5.24399		510.299		6.97788e+06		531.219		
00:00:52:149		1.52105e+07		-0.329185		5.23495		510.322		6.97786e+06		531.218		
00:00:52:049		1.52109e+07		-0.328214		5.22363		510.348		6.97784e+06		531.218		
00:00:51:950		1.52113e+07		-0.327243		5.21724		510.373		6.97782e+06		531.218		
00:00:51:850		1.52117e+07		-0.326271		5.20825		510.4		6.97779e+06		531.216		
00:00:51:750		1.52121e+07		-0.325299		5.19914		510.425		6.97777e+06		531.205		
00:00:51:649		1.52126e+07		-0.324326		5.19037		510.45		6.97775e+06		531.217		
00:00:51:549		1.5213e+07		-0.323352		5.18167		510.475		6.97773e+06		531.215		
00:00:51:450		1.52134e+07		-0.322379		5.17361		510.501		6.97771e+06		531.214		
00:00:51:299		1.5214e+07		-0.320918		5.1587		510.541		6.97767e+06		531.214		
00:00:51:200		1.52144e+07		-0.319943		5.14784		510.568		6.97765e+06		531.213		
00:00:51:200		1.52144e+07		-0.319943		5.14784		510.568		6.97765e+06		531.213		
00:00:51:100		1.52148e+07		-0.318968		5.14171		510.595		6.97763e+06		531.211		
00:00:51:000		1.52152e+07		-0.317992		5.13223		510.622		6.97761e+06		531.211		
00:00:50:899		1.52156e+07		-0.317016		5.12349		510.648		6.97758e+06		531.205		
00:00:50:750		1.52162e+07		-0.315552		5.11056		510.688		6.97755e+06		531.21		
00:00:50:600		1.52169e+07		-0.314085		5.09689		510.732		6.97752e+06		531.211		
00:00:50:600		1.52169e+07		-0.314085		5.09689		510.732		6.97752e+06		531.211		
00:00:50:399		1.52177e+07		-0.312131		5.07911		510.788		6.97747e+06		531.197		
00:00:50:399		1.52177e+07		-0.312131		5.07911		510.788		6.97747e+06		531.197		
00:00:50:299		1.52181e+07		-0.311153		5.07018		510.814		6.97745e+06		531.208		
00:00:50:200		1.52185e+07		-0.310175		5.06133		510.841		6.97743e+06		531.207		
00:00:50:100		1.52189e+07		-0.309196		5.0525		510.868		6.97741e+06		531.204		
00:00:50:000		1.52193e+07		-0.308218		5.04353		510.895		6.97739e+06		531.196		
00:00:49:899		1.52197e+07		-0.307238		5.03472		510.923		6.97736e+06		531.212		
00:00:49:700		1.52206e+07		-0.305278		5.01707		510.981		6.97732e+06		531.205		
00:00:49:700		1.52206e+07		-0.305278		5.01707		510.981		6.97732e+06		531.205		
00:00:49:600		1.5221e+07		-0.304297		5.00814		511.009		6.9773e+06		531.204		
00:00:49:500		1.52214e+07		-0.303316		4.9992		511.038		6.97728e+06		531.203		
00:00:49:399		1.52218e+07		-0.302334		4.9903		511.065		6.97725e+06		531.201		
00:00:49:299		1.52222e+07		-0.301353		4.98158		511.093		6.97723e+06		531.198		
00:00:49:200		1.52226e+07		-0.30037		4.97285		511.122		6.97721e+06		531.197		
00:00:49:100		1.52231e+07		-0.299387		4.96384		511.15		6.97719e+06		531.19		
00:00:49:000		1.52235e+07		-0.298405		4.95507		511.179		6.97716e+06		531.202		
00:00:48:899		1.52239e+07		-0.297421		4.94577		511.206		6.97714e+06		531.191		
00:00:48:700		1.52247e+07		-0.295454		4.92903		511.267		6.9771e+06		531.195		
00:00:48:700		1.52247e+07		-0.295454		4.92903		511.267		6.9771e+06		531.195		
00:00:48:600		1.52251e+07		-0.294469		4.91972		511.295		6.97708e+06		531.208		
00:00:48:500		1.52255e+07		-0.293484		4.91083		511.324		6.97705e+06		531.183		
00:00:48:399		1.5226e+07		-0.292499		4.89947		511.353		6.97703e+06		531.194		
00:00:48:299		1.52264e+07		-0.291513		4.89326		511.381		6.97701e+06		531.193		
00:00:48:200		1.52268e+07		-0.290527		4.88426		511.412		6.97699e+06		531.191		
00:00:48:100		1.52272e+07		-0.28954		4.87571		511.442		6.97697e+06		531.187		
00:00:47:950		1.52278e+07		-0.288059		4.86259		511.488		6.97693e+06		531.19		
00:00:47:799		1.52285e+07		-0.286578		4.84916		511.532		6.9769e+06		531.187		
00:00:47:700		1.52289e+07		-0.28559		4.83994		511.562		6.97688e+06		531.186		
00:00:47:600		1.52293e+07		-0.284602		4.8316		511.593		6.97686e+06		531.183		
00:00:47:600		1.52293e+07		-0.284602		4.8316		511.593		6.97686e+06		531.183		
00:00:47:500		1.52297e+07		-0.283613		4.82323		511.623		6.97683e+06		531.183		
00:00:47:399		1.52301e+07		-0.282623		4.81395		511.654		6.97681e+06		531.181		
00:00:47:299		1.52306e+07		-0.281634		4.80524		511.684		6.97679e+06		531.182		
00:00:47:149		1.52312e+07		-0.280149		4.79239		511.73		6.97676e+06		531.176		
00:00:47:049		1.52316e+07		-0.279158		4.78334		511.762		6.97674e+06		531.171		
00:00:46:950		1.5232e+07		-0.278168		4.77441		511.793		6.97671e+06		531.178		
00:00:46:850		1.52324e+07		-0.277177		4.76587		511.823		6.97669e+06		531.167		
00:00:46:649		1.52333e+07		-0.275194		4.74967		511.886		6.97665e+06		531.176		
00:00:46:649		1.52333e+07		-0.275194		4.74967		511.886		6.97665e+06		531.176		
00:00:46:549		1.52337e+07		-0.274202		4.73954		511.919		6.97663e+06		531.175		
00:00:46:450		1.52341e+07		-0.27321		4.73042		511.949		6.9766e+06		531.167		
00:00:46:350		1.52345e+07		-0.272218		4.72226		511.982		6.97658e+06		531.174		
00:00:46:250		1.5235e+07		-0.271224		4.71337		512.014		6.97656e+06		531.173		
00:00:46:149		1.52354e+07		-0.270231		4.70482		512.046		6.97654e+06		531.171		
00:00:46:049		1.52358e+07		-0.269238		4.69602		512.079		6.97652e+06		531.169		
00:00:45:950		1.52362e+07		-0.268245		4.68741		512.111		6.97649e+06		531.17		
00:00:45:850		1.52366e+07		-0.267251		4.67863		512.143		6.97647e+06		531.167		
00:00:45:649		1.52375e+07		-0.265262		4.66128		512.206		6.97643e+06		531.164		
00:00:45:649		1.52375e+07		-0.265262		4.66128		512.206		6.97643e+06		531.164		
00:00:45:549		1.52379e+07		-0.264267		4.65245		512.24		6.97641e+06		531.163		
00:00:45:500		1.52381e+07		-0.26377		4.64812		512.258		6.9764e+06		531.162		
00:00:45:350		1.52388e+07		-0.262278		4.63525		512.307		6.97636e+06		531.159		
00:00:45:250		1.52392e+07		-0.261282		4.62648		512.339		6.97634e+06		531.157		
00:00:45:149		1.52396e+07		-0.260286		4.6179		512.374		6.97632e+06		531.155		
00:00:45:049		1.524e+07		-0.25929		4.60924		512.406		6.9763e+06		531.154		
00:00:44:950		1.52404e+07		-0.258294		4.60059		512.438		6.97628e+06		531.165		
00:00:44:850		1.52409e+07		-0.257298		4.592		512.473		6.97625e+06		531.165		
00:00:44:649		1.52417e+07		-0.255304		4.57475		512.541		6.97621e+06		531.161		
00:00:44:649		1.52417e+07		-0.255304		4.57475		512.541		6.97621e+06		531.161		
00:00:44:549		1.52421e+07		-0.254307		4.56609		512.574		6.97619e+06		531.142		
00:00:44:450		1.52426e+07		-0.253309		4.55762		512.608		6.97617e+06		531.138		
00:00:44:350		1.5243e+07		-0.252312		4.54897		512.642		6.97614e+06		531.15		
00:00:44:250		1.52434e+07		-0.251314		4.54031		512.676		6.97612e+06		531.144		
00:00:44:149		1.52438e+07		-0.250316		4.53161		512.711		6.9761e+06		531.142		
00:00:44:049		1.52443e+07		-0.249318		4.52307		512.747		6.97608e+06		531.142		
00:00:43:950		1.52447e+07		-0.24832		4.5146		512.781		6.97606e+06		531.147		
00:00:43:750		1.52455e+07		-0.246322		4.49751		512.849		6.97601e+06		531.141		
00:00:43:600		1.52462e+07		-0.244824		4.48411		512.903		6.97598e+06		531.138		
00:00:43:600		1.52462e+07		-0.244824		4.48411		512.903		6.97598e+06		531.138		
00:00:43:600		1.52462e+07		-0.244824		4.48411		512.903		6.97598e+06		531.138		
00:00:43:500		1.52466e+07		-0.243824		4.47611		512.937		6.97596e+06		531.137		
00:00:43:399		1.5247e+07		-0.242825		4.46816		512.971		6.97594e+06		531.135		
00:00:43:200		1.52479e+07		-0.240826		4.45057		513.043		6.97589e+06		531.132		
00:00:43:100		1.52483e+07		-0.239826		4.43917		513.079		6.97587e+06		531.131		
00:00:43:100		1.52483e+07		-0.239826		4.43917		513.079		6.97587e+06		531.131		
00:00:43:000		1.52487e+07		-0.238825		4.43346		513.116		6.97585e+06		531.13		
00:00:42:899		1.52492e+07		-0.237824		4.42502		513.15		6.97583e+06		531.128		
00:00:42:750		1.52498e+07		-0.236323		4.41215		513.205		6.9758e+06		531.126		
00:00:42:600		1.52504e+07		-0.234821		4.3996		513.26		6.97576e+06		531.123		
00:00:42:600		1.52504e+07		-0.234821		4.3996		513.26		6.97576e+06		531.123		
00:00:42:500		1.52508e+07		-0.233819		4.39146		513.296		6.97574e+06		531.122		
00:00:42:399		1.52513e+07		-0.232817		4.38273		513.332		6.97572e+06		531.12		
00:00:42:299		1.52517e+07		-0.231814		4.37408		513.368		6.9757e+06		531.118		
00:00:42:200		1.52521e+07		-0.230813		4.36602		513.406		6.97568e+06		531.116		
00:00:42:100		1.52525e+07		-0.22981		4.35757		513.442		6.97566e+06		531.114		
00:00:42:000		1.5253e+07		-0.228808		4.35035		513.48		6.97563e+06		531.112		
00:00:41:899		1.52534e+07		-0.227807		4.34053		513.518		6.97561e+06		531.11		
00:00:41:700		1.52542e+07		-0.225803		4.32414		513.592		6.97557e+06		531.11		
00:00:41:700		1.52542e+07		-0.225803		4.32414		513.592		6.97557e+06		531.11		
00:00:41:600		1.52546e+07		-0.224802		4.31579		513.63		6.97555e+06		531.109		
00:00:41:500		1.52551e+07		-0.2238		4.30738		513.668		6.97553e+06		531.107		
00:00:41:399		1.52555e+07		-0.222798		4.29832		513.706		6.9755e+06		531.106		
00:00:41:299		1.52559e+07		-0.221798		4.29056		513.746		6.97548e+06		531.103		
00:00:41:200		1.52563e+07		-0.220797		4.28291		513.786		6.97546e+06		531.102		
00:00:41:100		1.52567e+07		-0.219796		4.27434		513.824		6.97544e+06		531.09		
00:00:41:000		1.52572e+07		-0.218796		4.26625		513.862		6.97542e+06		531.098		
00:00:40:899		1.52576e+07		-0.217796		4.25473		513.9		6.9754e+06		531.096		
00:00:40:700		1.52584e+07		-0.215797		4.24126		513.98		6.97535e+06		531.088		
00:00:40:700		1.52584e+07		-0.215797		4.24126		513.98		6.97535e+06		531.088		
00:00:40:600		1.52588e+07		-0.214798		4.23324		514.019		6.97533e+06		531.09		
00:00:40:399		1.52597e+07		-0.212801		4.2168		514.097		6.97529e+06		531.086		
00:00:40:399		1.52597e+07		-0.212801		4.2168		514.097		6.97529e+06		531.086		
00:00:40:250		1.52603e+07		-0.211304		4.20145		514.156		6.97526e+06		531.078		
00:00:40:149		1.52607e+07		-0.210307		4.19647		514.194		6.97524e+06		531.082		
00:00:40:049		1.52612e+07		-0.209311		4.18862		514.234		6.97521e+06		531.073		
00:00:39:950		1.52616e+07		-0.208313		4.18069		514.274		6.97519e+06		531.085		
00:00:39:850		1.5262e+07		-0.207318		4.17235		514.312		6.97517e+06		531.079		
00:00:39:750		1.52624e+07		-0.206322		4.1636		514.351		6.97515e+06		531.077		
00:00:39:649		1.52628e+07		-0.205328		4.15647		514.391		6.97513e+06		531.073		
00:00:39:549		1.52633e+07		-0.204333		4.14907		514.431		6.97511e+06		531.073		
00:00:39:450		1.52637e+07		-0.203339		4.14194		514.469		6.97509e+06		531.072		
00:00:39:350		1.52641e+07		-0.202345		4.1328		514.511		6.97506e+06		531.069		
00:00:39:250		1.52645e+07		-0.201353		4.12158		514.55		6.97504e+06		531.067		
00:00:39:149		1.52649e+07		-0.20036		4.11708		514.588		6.97502e+06		531.063		
00:00:39:049		1.52654e+07		-0.199369		4.10912		514.63		6.975e+06		531.062		
00:00:38:950		1.52658e+07		-0.198378		4.10125		514.67		6.97498e+06		531.062		
00:00:38:850		1.52662e+07		-0.197387		4.09343		514.71		6.97496e+06		531.06		
00:00:38:649		1.52671e+07		-0.195407		4.07806		514.793		6.97491e+06		531.058		
00:00:38:649		1.52671e+07		-0.195407		4.07806		514.793		6.97491e+06		531.058		
00:00:38:549		1.52675e+07		-0.194419		4.07009		514.833		6.97489e+06		531.057		
00:00:38:450		1.52679e+07		-0.19343		4.06232		514.874		6.97487e+06		531.054		
00:00:38:350		1.52683e+07		-0.192443		4.05439		514.914		6.97485e+06		531.054		
00:00:38:250		1.52689e+07		-0.190963		4.04313		514.977		6.97482e+06		531.05		
00:00:38:149		1.52692e+07		-0.190471		4.03957		514.997		6.97481e+06		531.049		
00:00:38:000		1.52698e+07		-0.188993		4.02751		515.06		6.97478e+06		531.032		
00:00:37:899		1.52702e+07		-0.188009		4.01923		515.102		6.97476e+06		531.044		
00:00:37:899		1.52702e+07		-0.188009		4.01923		515.102		6.97476e+06		531.044		
00:00:37:600		1.52715e+07		-0.185061		3.99786		515.225		6.97469e+06		531.04		
00:00:37:600		1.52715e+07		-0.185061		3.99786		515.225		6.97469e+06		531.04		
00:00:37:600		1.52715e+07		-0.185061		3.99786		515.225		6.97469e+06		531.04		
00:00:37:450		1.52721e+07		-0.18359		3.98516		515.289		6.97466e+06		531.037		
00:00:37:299		1.52727e+07		-0.182121		3.9716		515.351		6.97463e+06		531.033		
00:00:37:200		1.52732e+07		-0.181143		3.96708		515.393		6.97461e+06		531.024		
00:00:37:200		1.52732e+07		-0.181143		3.96708		515.393		6.97461e+06		531.024		
00:00:37:100		1.52736e+07		-0.180166		3.96078		515.435		6.97459e+06		531.028		
00:00:37:000		1.5274e+07		-0.179189		3.95214		515.476		6.97456e+06		531.02		
00:00:36:899		1.52744e+07		-0.178214		3.94421		515.52		6.97454e+06		531.023		
00:00:36:700		1.52753e+07		-0.176266		3.92943		515.605		6.9745e+06		531.019		
00:00:36:700		1.52753e+07		-0.176266		3.92943		515.605		6.9745e+06		531.019		
00:00:36:600		1.52757e+07		-0.175293		3.92215		515.648		6.97448e+06		531.02		
00:00:36:500		1.52761e+07		-0.174323		3.91496		515.69		6.97446e+06		531.019		
00:00:36:399		1.52765e+07		-0.173353		3.90865		515.734		6.97444e+06		531.016		
00:00:36:299		1.52769e+07		-0.172383		3.90012		515.775		6.97442e+06		531.013		
00:00:36:200		1.52774e+07		-0.171416		3.89217		515.819		6.9744e+06		531.006		
00:00:36:100		1.52778e+07		-0.170449		3.88551		515.862		6.97437e+06		531.01		
00:00:36:000		1.52782e+07		-0.169484		3.87814		515.906		6.97435e+06		531.006		
00:00:35:899		1.52786e+07		-0.168519		3.87086		515.947		6.97433e+06		531.005		
00:00:35:700		1.52794e+07		-0.166593		3.85629		516.036		6.97429e+06		531.003		
00:00:35:700		1.52794e+07		-0.166593		3.85629		516.036		6.97429e+06		531.003		
00:00:35:600		1.52799e+07		-0.165632		3.84927		516.078		6.97427e+06		531		
00:00:35:500		1.52803e+07		-0.164672		3.84185		516.123		6.97425e+06		530.996		
00:00:35:399		1.52807e+07		-0.163715		3.83489		516.166		6.97423e+06		530.988		
00:00:35:250		1.52813e+07		-0.16228		3.82428		516.231		6.9742e+06		530.993		
00:00:35:149		1.52817e+07		-0.161325		3.81692		516.276		6.97418e+06		530.989		
00:00:35:049		1.52821e+07		-0.16037		3.80996		516.319		6.97416e+06		530.981		
00:00:34:950		1.52826e+07		-0.159417		3.80282		516.363		6.97413e+06		530.987		
00:00:34:850		1.5283e+07		-0.158465		3.79572		516.408		6.97411e+06		530.986		
00:00:34:750		1.52834e+07		-0.157514		3.78904		516.452		6.97409e+06		530.982		
00:00:34:649		1.52838e+07		-0.156565		3.78172		516.497		6.97407e+06		530.98		
00:00:34:600		1.5284e+07		-0.15609		3.77835		516.52		6.97406e+06		530.978		
00:00:34:450		1.52846e+07		-0.154669		3.76719		516.588		6.97403e+06		530.969		
00:00:34:350		1.5285e+07		-0.153723		3.76092		516.631		6.97401e+06		530.974		
00:00:34:250		1.52854e+07		-0.152778		3.75441		516.676		6.97399e+06		530.973		
00:00:34:149		1.52859e+07		-0.151835		3.74703		516.72		6.97397e+06		530.97		
00:00:34:049		1.52863e+07		-0.150893		3.74012		516.767		6.97395e+06		530.965		
00:00:33:950		1.52867e+07		-0.149951		3.7306		516.81		6.97393e+06		530.958		
00:00:33:850		1.52871e+07		-0.149012		3.72651		516.856		6.97391e+06		530.964		
00:00:33:750		1.52875e+07		-0.148073		3.71965		516.901		6.97388e+06		530.959		
00:00:33:649		1.52879e+07		-0.147135		3.71293		516.946		6.97386e+06		530.956		
00:00:33:549		1.52883e+07		-0.146199		3.70598		516.991		6.97384e+06		530.954		
00:00:33:450		1.52887e+07		-0.145264		3.69945		517.037		6.97382e+06		530.954		
00:00:33:350		1.52891e+07		-0.14433		3.69271		517.082		6.9738e+06		530.945		
00:00:33:250		1.52896e+07		-0.143398		3.68582		517.127		6.97378e+06		530.95		
00:00:33:149		1.529e+07		-0.142466		3.67934		517.173		6.97376e+06		530.947		
00:00:33:049		1.52904e+07		-0.141536		3.67257		517.218		6.97374e+06		530.936		
00:00:32:950		1.52908e+07		-0.140606		3.66602		517.265		6.97372e+06		530.955		
00:00:32:850		1.52912e+07		-0.139678		3.6593		517.31		6.9737e+06		530.929		
00:00:32:750		1.52916e+07		-0.138752		3.65273		517.355		6.97368e+06		530.941		
00:00:32:649		1.5292e+07		-0.137825		3.64604		517.403		6.97366e+06		530.936		
00:00:32:549		1.52924e+07		-0.1369		3.63968		517.448		6.97364e+06		530.934		
00:00:32:450		1.52928e+07		-0.135977		3.63349		517.493		6.97362e+06		530.921		
00:00:32:350		1.52932e+07		-0.135054		3.62646		517.54		6.9736e+06		530.931		
00:00:32:250		1.52936e+07		-0.134132		3.61998		517.587		6.97358e+06		530.93		
00:00:32:149		1.5294e+07		-0.133212		3.61362		517.633		6.97355e+06		530.929		
00:00:32:049		1.52944e+07		-0.132292		3.60727		517.68		6.97353e+06		530.927		
00:00:31:899		1.5295e+07		-0.130914		3.59763		517.749		6.9735e+06		530.941		
00:00:31:699		1.52958e+07		-0.129079		3.58232		517.843		6.97346e+06		530.915		
00:00:31:600		1.52963e+07		-0.128162		3.57844		517.889		6.97344e+06		530.912		
00:00:31:600		1.52963e+07		-0.128162		3.57844		517.889		6.97344e+06		530.912		
00:00:31:600		1.52963e+07		-0.128162		3.57844		517.889		6.97344e+06		530.912		
00:00:31:500		1.52967e+07		-0.127247		3.57223		517.936		6.97342e+06		530.905		
00:00:31:399		1.52971e+07		-0.126333		3.56587		517.983		6.9734e+06		530.911		
00:00:31:300		1.52975e+07		-0.125419		3.55961		518.032		6.97338e+06		530.906		
00:00:31:199		1.52979e+07		-0.124505		3.55338		518.077		6.97336e+06		530.903		
00:00:31:000		1.52987e+07		-0.12268		3.54078		518.171		6.97332e+06		530.897		
00:00:30:899		1.52991e+07		-0.121769		3.53462		518.218		6.9733e+06		530.888		
00:00:30:899		1.52991e+07		-0.121769		3.53462		518.218		6.9733e+06		530.888		
00:00:30:699		1.52999e+07		-0.119947		3.5226		518.312		6.97326e+06		530.889		
00:00:30:699		1.52999e+07		-0.119947		3.5226		518.312		6.97326e+06		530.889		
00:00:30:600		1.53003e+07		-0.119037		3.51601		518.359		6.97324e+06		530.888		
00:00:30:500		1.53007e+07		-0.118126		3.50955		518.406		6.97322e+06		530.883		
00:00:30:399		1.53011e+07		-0.117217		3.50395		518.455		6.9732e+06		530.876		
00:00:30:300		1.53015e+07		-0.116307		3.49804		518.504		6.97318e+06		530.883		
00:00:30:199		1.53019e+07		-0.115397		3.49305		518.551		6.97316e+06		530.879		
00:00:30:100		1.53023e+07		-0.114489		3.48554		518.598		6.97314e+06		530.877		
00:00:30:000		1.53027e+07		-0.113579		3.4785		518.647		6.97312e+06		530.874		
00:00:29:899		1.53031e+07		-0.112669		3.47356		518.694		6.9731e+06		530.872		
00:00:29:699		1.53039e+07		-0.11085		3.46152		518.792		6.97306e+06		530.865		
00:00:29:550		1.53045e+07		-0.109484		3.45204		518.863		6.97303e+06		530.858		
00:00:29:550		1.53045e+07		-0.109484		3.45204		518.863		6.97303e+06		530.858		
00:00:29:449		1.53049e+07		-0.108573		3.44685		518.912		6.97301e+06		530.857		
00:00:29:399		1.53051e+07		-0.108118		3.44381		518.937		6.97299e+06		530.849		
00:00:29:250		1.53057e+07		-0.10675		3.43612		519.012		6.97296e+06		530.853		
00:00:29:149		1.53061e+07		-0.105836		3.42881		519.061		6.97294e+06		530.85		
00:00:29:100		1.53063e+07		-0.10538		3.42593		519.085		6.97293e+06		530.848		
00:00:29:000		1.53067e+07		-0.104466		3.41754		519.134		6.97291e+06		530.842		
00:00:28:850		1.53072e+07		-0.103095		3.41133		519.207		6.97288e+06		530.836		
00:00:28:800		1.53074e+07		-0.102636		3.40847		519.232		6.97287e+06		530.833		
00:00:28:649		1.5308e+07		-0.101261		3.39902		519.305		6.97284e+06		530.839		
00:00:28:550		1.53084e+07		-0.100343		3.39379		519.354		6.97282e+06		530.837		
00:00:28:449		1.53088e+07		-0.0994234		3.38847		519.402		6.9728e+06		530.836		
00:00:28:350		1.53092e+07		-0.0985022		3.38221		519.451		6.97278e+06		530.832		
00:00:28:250		1.53096e+07		-0.0975795		3.37629		519.502		6.97276e+06		530.828		
00:00:28:149		1.531e+07		-0.0966554		3.36796		519.549		6.97274e+06		530.825		
00:00:28:050		1.53104e+07		-0.0957298		3.36483		519.598		6.97272e+06		530.822		
00:00:27:949		1.53108e+07		-0.0948019		3.3591		519.646		6.9727e+06		530.817		
00:00:27:850		1.53112e+07		-0.0938725		3.3533		519.695		6.97268e+06		530.82		
00:00:27:649		1.5312e+07		-0.0920067		3.34199		519.795		6.97264e+06		530.81		
00:00:27:649		1.5312e+07		-0.0920067		3.34199		519.795		6.97264e+06		530.81		
00:00:27:550		1.53124e+07		-0.0910711		3.3363		519.844		6.97262e+06		530.808		
00:00:27:500		1.53128e+07		-0.0901327		3.3305		519.892		6.9726e+06		530.804		
00:00:27:350		1.53132e+07		-0.0891919		3.32462		519.941		6.97258e+06		530.799		
00:00:27:250		1.53136e+07		-0.0882483		3.31918		519.99		6.97256e+06		530.799		
00:00:27:149		1.5314e+07		-0.0873022		3.31346		520.041		6.97254e+06		530.796		
00:00:27:050		1.53144e+07		-0.0863528		3.30791		520.089		6.97252e+06		530.794		
00:00:26:949		1.53148e+07		-0.0854011		3.30194		520.138		6.9725e+06		530.783		
00:00:26:850		1.53152e+07		-0.0844455		3.29606		520.187		6.97248e+06		530.786		
00:00:26:750		1.53156e+07		-0.083488		3.29117		520.235		6.97246e+06		530.778		
00:00:26:649		1.5316e+07		-0.0825257		3.28517		520.286		6.97244e+06		530.778		
00:00:26:550		1.53164e+07		-0.0815611		3.28051		520.335		6.97242e+06		530.78		
00:00:26:449		1.53168e+07		-0.0805926		3.27366		520.384		6.97241e+06		530.776		
00:00:26:350		1.53172e+07		-0.0796204		3.26714		520.434		6.97239e+06		530.773		
00:00:26:250		1.53176e+07		-0.0786443		3.26427		520.483		6.97237e+06		530.771		
00:00:26:149		1.5318e+07		-0.0776649		3.25714		520.534		6.97235e+06		530.762		
00:00:26:050		1.53184e+07		-0.0766807		3.25056		520.582		6.97233e+06		530.764		
00:00:25:949		1.5319e+07		-0.0751972		3.24235		520.655		6.9723e+06		530.76		
00:00:25:699		1.53198e+07		-0.073204		3.23154		520.756		6.97226e+06		530.754		
00:00:25:600		1.53202e+07		-0.0722013		3.226		520.805		6.97224e+06		530.75		
00:00:25:600		1.53202e+07		-0.0722013		3.226		520.805		6.97224e+06		530.75		
00:00:25:600		1.53202e+07		-0.0722013		3.226		520.805		6.97224e+06		530.75		
00:00:25:500		1.53206e+07		-0.0711927		3.21729		520.856		6.97222e+06		530.749		
00:00:25:399		1.5321e+07		-0.0701799		3.21447		520.904		6.9722e+06		530.745		
00:00:25:300		1.53214e+07		-0.0691624		3.20872		520.953		6.97218e+06		530.741		
00:00:25:199		1.53218e+07		-0.06814		3.20338		521.005		6.97216e+06		530.74		
00:00:25:100		1.53223e+07		-0.0671115		3.19826		521.054		6.97214e+06		530.736		
00:00:25:000		1.53227e+07		-0.0660787		3.19228		521.103		6.97212e+06		530.727		
00:00:24:899		1.53231e+07		-0.0650396		3.18613		521.151		6.9721e+06		530.731		
00:00:24:800		1.53235e+07		-0.0639954		3.17965		521.202		6.97208e+06		530.727		
00:00:24:600		1.53243e+07		-0.0618901		3.17087		521.301		6.97204e+06		530.723		
00:00:24:600		1.53243e+07		-0.0618901		3.17087		521.301		6.97204e+06		530.723		
00:00:24:500		1.53248e+07		-0.0608287		3.16485		521.352		6.97202e+06		530.72		
00:00:24:399		1.53252e+07		-0.059762		3.15707		521.4		6.972e+06		530.717		
00:00:24:300		1.53256e+07		-0.0586891		3.14808		521.451		6.97198e+06		530.714		
00:00:24:199		1.5326e+07		-0.05761		3.14687		521.503		6.97197e+06		530.712		
00:00:24:100		1.53264e+07		-0.0565248		3.14513		521.55		6.97195e+06		530.706		
00:00:24:000		1.53269e+07		-0.0554333		3.14332		521.6		6.97193e+06		530.704		
00:00:23:899		1.53273e+07		-0.0543351		3.14155		521.649		6.97191e+06		530.7		
00:00:23:600		1.53286e+07		-0.0510015		3.13619		521.8		6.97185e+06		530.686		
00:00:23:600		1.53286e+07		-0.0510015		3.13619		521.8		6.97185e+06		530.686		
00:00:23:600		1.53286e+07		-0.0510015		3.13619		521.8		6.97185e+06		530.686		
00:00:23:500		1.5329e+07		-0.0498767		3.13434		521.849		6.97183e+06		530.69		
00:00:23:399		1.53295e+07		-0.0487456		3.13256		521.9		6.97181e+06		530.687		
00:00:23:300		1.53299e+07		-0.0476069		3.13075		521.948		6.97179e+06		530.683		
00:00:23:199		1.53303e+07		-0.0464616		3.12894		521.999		6.97177e+06		530.686		
00:00:23:100		1.53308e+07		-0.045311		3.12713		522.049		6.97175e+06		530.669		
00:00:23:000		1.53312e+07		-0.0441537		3.12527		522.098		6.97173e+06		530.676		
00:00:22:899		1.53317e+07		-0.0429902		3.12346		522.146		6.97171e+06		530.672		
00:00:22:699		1.53326e+07		-0.0406432		3.11983		522.245		6.97168e+06		530.66		
00:00:22:699		1.53326e+07		-0.0406432		3.11983		522.245		6.97168e+06		530.66		
00:00:22:600		1.5333e+07		-0.0394607		3.11802		522.296		6.97166e+06		530.664		
00:00:22:399		1.53339e+07		-0.0370746		3.11423		522.395		6.97162e+06		530.654		
00:00:22:399		1.53339e+07		-0.0370746		3.11423		522.395		6.97162e+06		530.654		
00:00:22:300		1.53344e+07		-0.035871		3.11257		522.445		6.9716e+06		530.658		
00:00:22:199		1.53348e+07		-0.0346603		3.11074		522.493		6.97158e+06		530.654		
00:00:22:100		1.53353e+07		-0.033442		3.10886		522.544		6.97156e+06		530.651		
00:00:22:000		1.53357e+07		-0.0322165		3.10699		522.594		6.97154e+06		530.647		
00:00:21:899		1.53362e+07		-0.0309834		3.10432		522.643		6.97152e+06		530.643		
00:00:21:699		1.53371e+07		-0.028491		3.10145		522.742		6.97149e+06		530.64		
00:00:21:699		1.53371e+07		-0.028491		3.10145		522.742		6.97149e+06		530.64		
00:00:21:600		1.53375e+07		-0.0272317		3.09959		522.792		6.97147e+06		530.638		
00:00:21:500		1.5338e+07		-0.0259628		3.09772		522.841		6.97145e+06		530.635		
00:00:21:350		1.53387e+07		-0.0240421		3.09479		522.915		6.97142e+06		530.631		
00:00:21:250		1.53392e+07		-0.0227504		3.093		522.964		6.9714e+06		530.628		
00:00:21:149		1.53396e+07		-0.0214491		3.09116		523.014		6.97138e+06		530.626		
00:00:21:050		1.53401e+07		-0.0201406		3.08953		523.062		6.97136e+06		530.623		
00:00:20:949		1.53406e+07		-0.0188246		3.08744		523.111		6.97134e+06		530.622		
00:00:20:850		1.5341e+07		-0.0175004		3.08536		523.159		6.97133e+06		530.617		
00:00:20:750		1.53414e+07		-0.0161681		3.08381		523.208		6.97131e+06		530.616		
00:00:20:649		1.53418e+07		-0.0149522		3.08165		523.258		6.97129e+06		530.612		
00:00:20:550		1.53424e+07		-0.0139246		3.08091		523.307		6.97127e+06		530.61		
00:00:20:449		1.53429e+07		-0.0128975		3.0789		523.355		6.97125e+06		530.606		
00:00:20:350		1.53435e+07		-0.0118699		3.07738		523.402		6.97123e+06		530.605		
00:00:20:250		1.5344e+07		-0.0108433		3.076		523.45		6.97121e+06		530.604		
00:00:20:149		1.53446e+07		-0.00981712		3.07425		523.502		6.97119e+06		530.6		
00:00:20:050		1.53451e+07		-0.00879097		3.0727		523.549		6.97118e+06		530.596		
00:00:19:949		1.53457e+07		-0.00776529		3.07057		523.597		6.97116e+06		530.599		
00:00:19:850		1.53463e+07		-0.00674009		3.0696		523.646		6.97114e+06		530.586		
00:00:19:750		1.53468e+07		-0.00571537		3.06804		523.694		6.97112e+06		530.589		
00:00:19:649		1.53474e+07		-0.00469065		3.06649		523.743		6.9711e+06		530.585		
00:00:19:550		1.53479e+07		-0.00366735		3.06489		523.793		6.97108e+06		530.576		
00:00:19:449		1.53485e+07		-0.00264311		3.06341		523.841		6.97106e+06		530.573		
00:00:19:350		1.5349e+07		-0.00161934		3.06185		523.89		6.97104e+06		530.573		
00:00:19:250		1.53496e+07		-0.000596046		3.06021		523.938		6.97102e+06		530.577		
00:00:19:149		1.53504e+07		0.000937939		3.05786		524.013		6.97099e+06		530.567		
00:00:19:000		1.5351e+07		0.00195932		3.05635		524.061		6.97098e+06		530.572		
00:00:19:000		1.5351e+07		0.00195932		3.05635		524.061		6.97098e+06		530.572		
00:00:18:800		1.53521e+07		0.00400209		3.05326		524.158		6.97094e+06		530.559		
00:00:18:699		1.53526e+07		0.00502253		3.05172		524.204		6.97092e+06		530.563		
00:00:18:600		1.53532e+07		0.00604248		3.05009		524.256		6.9709e+06		530.566		
00:00:18:500		1.53537e+07		0.00706196		3.04879		524.303		6.97088e+06		530.55		
00:00:18:500		1.53537e+07		0.00706196		3.04879		524.303		6.97088e+06		530.55		
00:00:18:399		1.53543e+07		0.00808096		3.04728		524.351		6.97086e+06		530.554		
00:00:18:300		1.53549e+07		0.00909901		3.04566		524.398		6.97084e+06		530.553		
00:00:18:199		1.53554e+07		0.0101166		3.04421		524.446		6.97082e+06		530.549		
00:00:18:100		1.5356e+07		0.0111337		3.042		524.495		6.9708e+06		530.546		
00:00:18:000		1.53565e+07		0.0121498		3.04107		524.543		6.97078e+06		530.542		
00:00:17:899		1.53571e+07		0.0131655		3.03952		524.591		6.97076e+06		530.531		
00:00:17:699		1.53582e+07		0.0151958		3.03655		524.686		6.97072e+06		530.535		
00:00:17:600		1.53587e+07		0.0162091		3.03505		524.734		6.9707e+06		530.533		
00:00:17:600		1.53587e+07		0.0162091		3.03505		524.734		6.9707e+06		530.533		
00:00:17:500		1.53593e+07		0.0172224		3.03344		524.783		6.97068e+06		530.529		
00:00:17:399		1.53598e+07		0.0182352		3.03213		524.831		6.97066e+06		530.526		
00:00:17:300		1.53604e+07		0.0192471		3.03072		524.878		6.97065e+06		530.527		
00:00:17:199		1.5361e+07		0.0202584		3.02909		524.926		6.97063e+06		530.524		
00:00:17:100		1.53615e+07		0.0212693		3.02764		524.972		6.97061e+06		530.52		
00:00:17:000		1.53621e+07		0.0222788		3.02563		525.021		6.97059e+06		530.519		
00:00:16:850		1.53629e+07		0.0237918		3.02397		525.091		6.97056e+06		530.513		
00:00:16:699		1.53637e+07		0.0253043		3.02165		525.162		6.97053e+06		530.511		
00:00:16:699		1.53637e+07		0.0253043		3.02165		525.162		6.97053e+06		530.511		
00:00:16:600		1.53643e+07		0.0263109		3.02029		525.208		6.97051e+06		530.508		
00:00:16:500		1.53648e+07		0.027317		3.01894		525.256		6.97049e+06		530.504		
00:00:16:399		1.53654e+07		0.0283227		3.01747		525.303		6.97047e+06		530.514		
00:00:16:300		1.5366e+07		0.0293269		3.01596		525.347		6.97045e+06		530.5		
00:00:16:199		1.53665e+07		0.0303307		3.01449		525.394		6.97043e+06		530.498		
00:00:16:100		1.53671e+07		0.0313339		3.01294		525.44		6.97041e+06		530.495		
00:00:15:949		1.53679e+07		0.0328364		3.01112		525.509		6.97038e+06		530.49		
00:00:15:849		1.53685e+07		0.0338378		3.00994		525.555		6.97036e+06		530.498		
00:00:15:750		1.5369e+07		0.0348372		3.00759		525.6		6.97034e+06		530.482		
00:00:15:650		1.53696e+07		0.0358367		3.00665		525.646		6.97032e+06		530.483		
00:00:15:550		1.53701e+07		0.0368347		3.00518		525.691		6.9703e+06		530.477		
00:00:15:449		1.53707e+07		0.0378318		3.0038		525.737		6.97028e+06		530.478		
00:00:15:349		1.53713e+07		0.0388284		3.00243		525.784		6.97026e+06		530.475		
00:00:15:250		1.53718e+07		0.039824		3.00101		525.828		6.97023e+06		530.472		
00:00:15:150		1.53724e+07		0.0408182		2.99954		525.873		6.97021e+06		530.463		
00:00:15:099		1.53726e+07		0.0413151		2.99892		525.895		6.9702e+06		530.469		
00:00:15:000		1.53732e+07		0.0423083		2.99755		525.941		6.97018e+06		530.465		
00:00:14:900		1.53738e+07		0.0432997		2.99623		525.986		6.97016e+06		530.462		
00:00:14:800		1.53743e+07		0.044291		2.99487		526.032		6.97014e+06		530.458		
00:00:14:699		1.53749e+07		0.0452809		2.9935		526.075		6.97012e+06		530.455		
00:00:14:550		1.53757e+07		0.0467644		2.9913		526.141		6.97009e+06		530.464		
00:00:14:449		1.53763e+07		0.0477519		2.98989		526.186		6.97007e+06		530.443		
00:00:14:349		1.53768e+07		0.0487385		2.98852		526.23		6.97005e+06		530.447		
00:00:14:250		1.53774e+07		0.0497236		2.98711		526.275		6.97003e+06		530.444		
00:00:14:150		1.5378e+07		0.0507083		2.98565		526.319		6.97001e+06		530.442		
00:00:14:050		1.53785e+07		0.0516915		2.98444		526.362		6.96999e+06		530.437		
00:00:13:949		1.53791e+07		0.0526733		2.98299		526.407		6.96997e+06		530.429		
00:00:13:849		1.53797e+07		0.0536542		2.98173		526.447		6.96995e+06		530.434		
00:00:13:750		1.53802e+07		0.0546341		2.98028		526.492		6.96993e+06		530.43		
00:00:13:650		1.53808e+07		0.055613		2.97874		526.534		6.96991e+06		530.426		
00:00:13:550		1.53813e+07		0.0565906		2.97745		526.577		6.96989e+06		530.426		
00:00:13:449		1.53819e+07		0.0575666		2.97615		526.62		6.96986e+06		530.423		
00:00:13:349		1.53825e+07		0.0585423		2.97489		526.662		6.96984e+06		530.418		
00:00:13:250		1.5383e+07		0.0595164		2.97327		526.703		6.96982e+06		530.409		
00:00:13:150		1.53836e+07		0.0604901		2.97193		526.746		6.9698e+06		530.414		
00:00:13:050		1.53842e+07		0.0614619		2.97071		526.788		6.96978e+06		530.41		
00:00:12:949		1.5385e+07		0.0629187		2.9687		526.851		6.96975e+06		530.411		
00:00:12:800		1.53856e+07		0.0638881		2.96722		526.892		6.96973e+06		530.401		
00:00:12:800		1.53856e+07		0.0638881		2.96722		526.892		6.96973e+06		530.401		
00:00:12:599		1.53867e+07		0.0658245		2.96453		526.977		6.96969e+06		530.399		
00:00:12:550		1.5387e+07		0.0663075		2.96385		526.997		6.96968e+06		530.396		
00:00:12:400		1.53879e+07		0.0677567		2.96183		527.06		6.96964e+06		530.385		
00:00:12:300		1.53884e+07		0.0687208		2.96052		527.101		6.96962e+06		530.389		
00:00:12:300		1.53884e+07		0.0687208		2.96052		527.101		6.96962e+06		530.389		
00:00:12:199		1.5389e+07		0.069684		2.95908		527.142		6.9696e+06		530.38		
00:00:12:099		1.53896e+07		0.0706468		2.95774		527.182		6.96958e+06		530.383		
00:00:12:000		1.53901e+07		0.0716081		2.95647		527.225		6.96956e+06		530.379		
00:00:11:900		1.53907e+07		0.0725684		2.95495		527.267		6.96954e+06		530.367		
00:00:11:800		1.53913e+07		0.0735283		2.95371		527.308		6.96951e+06		530.374		
00:00:11:599		1.53924e+07		0.0754447		2.95118		527.388		6.96947e+06		530.37		
00:00:11:599		1.53924e+07		0.0754447		2.95118		527.388		6.96947e+06		530.37		
00:00:11:500		1.5393e+07		0.0764012		2.94986		527.427		6.96945e+06		530.365		
00:00:11:400		1.53936e+07		0.0773573		2.94793		527.465		6.96943e+06		530.352		
00:00:11:300		1.53941e+07		0.0783129		2.94718		527.506		6.96941e+06		530.36		
00:00:11:199		1.53947e+07		0.079267		2.94586		527.545		6.96938e+06		530.361		
00:00:11:099		1.53953e+07		0.0802207		2.9445		527.582		6.96936e+06		530.354		
00:00:11:000		1.53959e+07		0.0811739		2.94326		527.621		6.96934e+06		530.349		
00:00:10:900		1.53965e+07		0.0821257		2.94194		527.66		6.96932e+06		530.344		
00:00:10:800		1.5397e+07		0.0830774		2.94074		527.696		6.9693e+06		530.337		
00:00:10:599		1.53982e+07		0.0849786		2.93801		527.776		6.96925e+06		530.335		
00:00:10:599		1.53982e+07		0.0849786		2.93801		527.776		6.96925e+06		530.335		
00:00:10:500		1.53988e+07		0.0859275		2.93679		527.813		6.96923e+06		530.333		
00:00:10:400		1.53994e+07		0.0868759		2.9355		527.848		6.96921e+06		530.328		
00:00:10:300		1.54e+07		0.0878239		2.93418		527.883		6.96918e+06		530.334		
00:00:10:199		1.54006e+07		0.0887709		2.93294		527.92		6.96916e+06		530.324		
00:00:10:099		1.54012e+07		0.0897174		2.93162		527.955		6.96914e+06		530.319		
00:00:10:000		1.54017e+07		0.090663		2.9305		527.994		6.96911e+06		530.314		
00:00:09:800		1.54029e+07		0.0925536		2.9279		528.07		6.96907e+06		530.297		
00:00:09:800		1.54029e+07		0.0925536		2.9279		528.07		6.96907e+06		530.297		
00:00:09:599		1.54041e+07		0.0944433		2.92534		528.144		6.96902e+06		530.3		
00:00:09:599		1.54041e+07		0.0944433		2.92534		528.144		6.96902e+06		530.3		
00:00:09:500		1.54048e+07		0.0953875		2.92419		528.181		6.969e+06		530.301		
00:00:09:400		1.54054e+07		0.0963306		2.92295		528.216		6.96897e+06		530.293		
00:00:09:300		1.5406e+07		0.0972748		2.922		528.251		6.96895e+06		530.286		
00:00:09:199		1.54066e+07		0.098218		2.92047		528.286		6.96892e+06		530.282		
00:00:09:099		1.54072e+07		0.0991611		2.91926		528.321		6.9689e+06		530.275		
00:00:08:949		1.54081e+07		0.100576		2.91743		528.373		6.96886e+06		530.267		
00:00:08:900		1.54084e+07		0.101048		2.91679		528.389		6.96885e+06		530.263		
00:00:08:699		1.54097e+07		0.102934		2.91441		528.458		6.9688e+06		530.248		
00:00:08:599		1.54103e+07		0.103877		2.9133		528.491		6.96877e+06		530.25		
00:00:08:599		1.54103e+07		0.103877		2.9133		528.491		6.96877e+06		530.25		
00:00:08:449		1.54112e+07		0.10529		2.91154		528.541		6.96873e+06		530.239		
00:00:08:349		1.54119e+07		0.106232		2.91027		528.574		6.9687e+06		530.232		
00:00:08:250		1.54125e+07		0.107174		2.90915		528.607		6.96868e+06		530.216		
00:00:08:150		1.54131e+07		0.108115		2.90802		528.64		6.96865e+06		530.218		
00:00:08:099		1.54135e+07		0.108586		2.90743		528.657		6.96864e+06		530.216		
00:00:08:000		1.54141e+07		0.109527		2.90637		528.69		6.96861e+06		530.207		
00:00:07:849		1.54151e+07		0.110938		2.90457		528.74		6.96857e+06		530.196		
00:00:07:700		1.5416e+07		0.112349		2.90238		528.79		6.96852e+06		530.183		
00:00:07:549		1.5417e+07		0.11376		2.90119		528.836		6.96848e+06		530.168		
00:00:07:549		1.5417e+07		0.11376		2.90119		528.836		6.96848e+06		530.168		
00:00:07:450		1.54177e+07		0.1147		2.89995		528.867		6.96845e+06		530.158		
00:00:07:349		1.54183e+07		0.11564		2.8989		528.895		6.96842e+06		530.149		
00:00:07:250		1.5419e+07		0.116581		2.89785		528.924		6.96839e+06		530.138		
00:00:07:150		1.54197e+07		0.117521		2.89677		528.954		6.96836e+06		530.125		
00:00:07:049		1.54203e+07		0.118461		2.89576		528.983		6.96832e+06		530.117		
00:00:06:950		1.5421e+07		0.119401		2.89459		529.013		6.96829e+06		530.104		
00:00:06:849		1.54217e+07		0.120342		2.89354		529.04		6.96826e+06		530.092		
00:00:06:750		1.54224e+07		0.121283		2.8925		529.068		6.96823e+06		530.077		
00:00:06:650		1.54231e+07		0.122222		2.89137		529.098		6.96819e+06		530.061		
00:00:06:549		1.54238e+07		0.123163		2.89034		529.125		6.96816e+06		530.05		
00:00:06:450		1.54245e+07		0.124104		2.8893		529.155		6.96812e+06		530.035		
00:00:06:349		1.54252e+07		0.125044		2.88831		529.184		6.96809e+06		530.008		
00:00:06:250		1.54259e+07		0.125984		2.88716		529.214		6.96805e+06		530.003		
00:00:06:150		1.54266e+07		0.126925		2.88617		529.243		6.96802e+06		529.979		
00:00:06:049		1.54273e+07		0.127865		2.88515		529.271		6.96798e+06		529.968		
00:00:05:950		1.5428e+07		0.128806		2.88413		529.299		6.96794e+06		529.961		
00:00:05:849		1.54287e+07		0.129747		2.88311		529.324		6.96791e+06		529.928		
00:00:05:750		1.54295e+07		0.130688		2.88214		529.35		6.96787e+06		529.909		
00:00:05:650		1.54302e+07		0.131629		2.88108		529.376		6.96783e+06		529.877		
00:00:05:549		1.54309e+07		0.13257		2.88008		529.402		6.96779e+06		529.868		
00:00:05:450		1.54317e+07		0.133511		2.87908		529.427		6.96775e+06		529.843		
00:00:05:349		1.54324e+07		0.134451		2.87816		529.451		6.96771e+06		529.814		
00:00:05:250		1.54332e+07		0.135392		2.87717		529.475		6.96766e+06		529.795		
00:00:05:150		1.54339e+07		0.136332		2.87618		529.499		6.96762e+06		529.768		
00:00:05:049		1.54347e+07		0.137271		2.87524		529.523		6.96758e+06		529.741		
00:00:04:950		1.54354e+07		0.13821		2.87422		529.545		6.96753e+06		529.705		
00:00:04:849		1.54366e+07		0.139618		2.87266		529.58		6.96747e+06		529.669		
00:00:04:700		1.54374e+07		0.140557		2.87178		529.603		6.96742e+06		529.639		
00:00:04:599		1.54382e+07		0.141496		2.87082		529.626		6.96737e+06		529.595		
00:00:04:599		1.54382e+07		0.141496		2.87082		529.626		6.96737e+06		529.595		
00:00:04:400		1.54397e+07		0.143374		2.86881		529.671		6.96728e+06		529.525		
00:00:04:400		1.54397e+07		0.143374		2.86881		529.671		6.96728e+06		529.525		
00:00:04:299		1.54406e+07		0.144314		2.86751		529.693		6.96723e+06		529.495		
00:00:04:200		1.54414e+07		0.145253		2.86711		529.715		6.96718e+06		529.455		
00:00:04:099		1.54422e+07		0.14619		2.86604		529.735		6.96712e+06		529.407		
00:00:03:899		1.54439e+07		0.148057		2.86427		529.777		6.96702e+06		529.315		
00:00:03:899		1.54439e+07		0.148057		2.86427		529.777		6.96702e+06		529.315		
00:00:03:799		1.54447e+07		0.148984		2.86343		529.796		6.96696e+06		529.269		
00:00:03:600		1.54463e+07		0.150825		2.86172		529.833		6.96685e+06		529.175		
00:00:03:600		1.54463e+07		0.150825		2.86172		529.833		6.96685e+06		529.175		
00:00:03:500		1.54471e+07		0.15174		2.86069		529.851		6.9668e+06		529.125		
00:00:03:399		1.54479e+07		0.152655		2.85979		529.87		6.96674e+06		529.061		
00:00:03:299		1.54488e+07		0.153572		2.85884		529.888		6.96668e+06		529.014		
00:00:03:200		1.54496e+07		0.154496		2.85773		529.904		6.96662e+06		528.958		
00:00:03:100		1.54505e+07		0.155428		2.85658		529.921		6.96656e+06		528.895		
00:00:03:000		1.54514e+07		0.156369		2.85519		529.938		6.9665e+06		528.832		
00:00:02:799		1.54535e+07		0.15826		2.85391		529.967		6.96637e+06		528.689		
00:00:02:799		1.54535e+07		0.15826		2.85391		529.967		6.96637e+06		528.689		
00:00:02:600		1.54557e+07		0.160103		2.85304		529.995		6.96624e+06		528.563		
00:00:02:600		1.54557e+07		0.160103		2.85304		529.995		6.96624e+06		528.563		
00:00:02:500		1.54567e+07		0.160976		2.85276		530.008		6.96617e+06		528.486		
00:00:02:399		1.54577e+07		0.161807		2.85241		530.02		6.96611e+06		528.419		
00:00:02:299		1.54585e+07		0.162594		2.85212		530.033		6.96604e+06		528.349		
00:00:02:200		1.54592e+07		0.16335		2.85114		530.044		6.96597e+06		528.25		
00:00:02:100		1.54598e+07		0.164093		2.8501		530.059		6.9659e+06		528.18		
00:00:01:949		1.54605e+07		0.165252		2.84667		530.079		6.96579e+06		528.047		
00:00:01:899		1.54609e+07		0.165665		2.84535		530.087		6.96575e+06		528.001		
00:00:01:800		1.54617e+07		0.166549		2.84318		530.1		6.96568e+06		527.906		
00:00:01:550		1.5466e+07		0.169078		2.83797		530.135		6.96548e+06		527.642		
00:00:01:550		1.5466e+07		0.169078		2.83797		530.135		6.96548e+06		527.642		
00:00:01:449		1.54685e+07		0.17012		2.83646		530.149		6.96539e+06		527.521		
00:00:01:350		1.54713e+07		0.17107		2.83773		530.164		6.9653e+06		527.39		
00:00:01:250		1.54739e+07		0.171848		2.84229		530.177		6.9652e+06		527.241		
00:00:01:149		1.54761e+07		0.172398		2.84693		530.186		6.9651e+06		527.081		
00:00:01:050		1.54776e+07		0.172709		2.84783		530.192		6.965e+06		526.922		
00:00:01:000		1.54781e+07		0.172788		2.84743		530.195		6.96495e+06		526.862		
00:00:00:900		1.54786e+07		0.172839		2.8357		530.199		6.96488e+06		526.822		
00:00:00:750		1.54786e+07		0.17284		2.8357		530.203		6.96486e+06		526.823		
00:00:00:650		1.54786e+07		0.17284		2.83569		530.206		6.96486e+06		526.823		
00:00:00:550		1.54786e+07		0.17284		2.83569		530.208		6.96486e+06		526.823		
00:00:00:450		1.54786e+07		0.17284		2.83569		530.212		6.96485e+06		526.822		
00:00:00:349		1.54786e+07		0.17284		2.83573		530.214		6.96485e+06		526.829		
00:00:00:250		1.54786e+07		0.17284		2.83572		530.217		6.96484e+06		526.826		
00:00:00:149		1.54785e+07		0.17284		2.83572		530.221		6.96484e+06		526.817		
00:00:00:050		1.54785e+07		0.17284		2.83567		530.223		6.96484e+06		526.826		
00:00:00:000		1.54785e+07		0.17284		2.83571		530.225		6.96483e+06		526.826		
00:00:00:000		1.54785e+07		0.17284		2.83571		530.225		6.96483e+06		526.826		
00:00:00:000		1.54785e+07		0.17284		2.83571		530.225		6.96483e+06		526.826		
00:00:00:000		1.54785e+07		0.17284		2.83571		530.225		6.96483e+06		526.826		
00:00:00:000		1.54785e+07		0.17284		2.83571		530.225		6.96483e+06		526.826		
