	time 		rcpppzr	rcp054rcp007mnzoyout	rcv501std0102fvol	fwfrcp001gv	rcppmssga	msfsg(1)	
00:01:09:250		1.54586e+07		0.134341		2.92321		528.286		6.9687e+06		526.895		
00:01:09:150		1.54586e+07		0.134392		2.92305		528.286		6.96869e+06		526.894		
00:01:09:049		1.54587e+07		0.134444		2.92288		528.286		6.96869e+06		526.893		
00:01:08:950		1.54587e+07		0.134495		2.9226		528.286		6.96868e+06		526.899		
00:01:08:799		1.54587e+07		0.134573		2.92235		528.288		6.96867e+06		526.888		
00:01:08:650		1.54587e+07		0.13465		2.92207		528.289		6.96866e+06		526.894		
00:01:08:650		1.54587e+07		0.13465		2.92207		528.289		6.96866e+06		526.894		
00:01:08:549		1.54588e+07		0.134701		2.92191		528.289		6.96865e+06		526.892		
00:01:08:450		1.54588e+07		0.134753		2.92171		528.291		6.96865e+06		526.892		
00:01:08:349		1.54588e+07		0.134804		2.92155		528.291		6.96864e+06		526.885		
00:01:08:250		1.54588e+07		0.134855		2.92134		528.293		6.96863e+06		526.892		
00:01:08:150		1.54588e+07		0.134907		2.92109		528.293		6.96863e+06		526.905		
00:01:08:049		1.54588e+07		0.134958		2.92093		528.293		6.96862e+06		526.892		
00:01:07:950		1.54589e+07		0.13501		2.92073		528.295		6.96861e+06		526.892		
00:01:07:849		1.54589e+07		0.135061		2.92057		528.297		6.96861e+06		526.89		
00:01:07:650		1.54589e+07		0.135164		2.9202		528.297		6.96859e+06		526.89		
00:01:07:650		1.54589e+07		0.135164		2.9202		528.297		6.96859e+06		526.89		
00:01:07:549		1.54589e+07		0.135215		2.91996		528.299		6.96859e+06		526.889		
00:01:07:450		1.5459e+07		0.135266		2.91975		528.299		6.96858e+06		526.887		
00:01:07:349		1.5459e+07		0.135318		2.91955		528.301		6.96857e+06		526.889		
00:01:07:250		1.5459e+07		0.135369		2.91935		528.301		6.96857e+06		526.888		
00:01:07:150		1.5459e+07		0.135421		2.91923		528.301		6.96856e+06		526.881		
00:01:07:049		1.5459e+07		0.135472		2.91902		528.302		6.96855e+06		526.887		
00:01:06:950		1.5459e+07		0.135523		2.91878		528.302		6.96854e+06		526.879		
00:01:06:750		1.54591e+07		0.135626		2.91845		528.306		6.96853e+06		526.888		
00:01:06:750		1.54591e+07		0.135626		2.91845		528.306		6.96853e+06		526.888		
00:01:06:650		1.54591e+07		0.135677		2.91825		528.306		6.96852e+06		526.888		
00:01:06:549		1.54591e+07		0.135728		2.91805		528.308		6.96852e+06		526.885		
00:01:06:450		1.54591e+07		0.13578		2.91784		528.308		6.96851e+06		526.883		
00:01:06:349		1.54592e+07		0.135831		2.91768		528.31		6.9685e+06		526.9		
00:01:06:250		1.54592e+07		0.135883		2.91743		528.31		6.9685e+06		526.886		
00:01:06:150		1.54592e+07		0.135934		2.91731		528.312		6.96849e+06		526.885		
00:01:06:049		1.54592e+07		0.135985		2.91707		528.313		6.96848e+06		526.887		
00:01:05:900		1.54592e+07		0.136062		2.91674		528.313		6.96847e+06		526.885		
00:01:05:799		1.54593e+07		0.136114		2.91662		528.313		6.96846e+06		526.885		
00:01:05:700		1.54593e+07		0.136165		2.91646		528.315		6.96846e+06		526.892		
00:01:05:599		1.54593e+07		0.136216		2.91621		528.317		6.96845e+06		526.887		
00:01:05:500		1.54593e+07		0.136268		2.91601		528.317		6.96844e+06		526.887		
00:01:05:400		1.54593e+07		0.136319		2.91589		528.319		6.96843e+06		526.886		
00:01:05:299		1.54593e+07		0.136371		2.91564		528.321		6.96843e+06		526.892		
00:01:05:200		1.54594e+07		0.136422		2.91552		528.321		6.96842e+06		526.886		
00:01:05:099		1.54594e+07		0.136473		2.91523		528.321		6.96841e+06		526.892		
00:01:05:000		1.54594e+07		0.136525		2.91507		528.323		6.9684e+06		526.889		
00:01:04:900		1.54594e+07		0.136576		2.91488		528.323		6.9684e+06		526.889		
00:01:04:799		1.54594e+07		0.136627		2.91468		528.325		6.96839e+06		526.89		
00:01:04:700		1.54594e+07		0.136679		2.91456		528.326		6.96838e+06		526.89		
00:01:04:599		1.54595e+07		0.13673		2.91435		528.326		6.96838e+06		526.89		
00:01:04:500		1.54595e+07		0.136781		2.9141		528.328		6.96837e+06		526.89		
00:01:04:400		1.54595e+07		0.136833		2.91385		528.328		6.96836e+06		526.892		
00:01:04:299		1.54595e+07		0.136884		2.91369		528.33		6.96835e+06		526.876		
00:01:04:200		1.54595e+07		0.136936		2.91348		528.332		6.96835e+06		526.89		
00:01:04:099		1.54596e+07		0.136987		2.91332		528.332		6.96834e+06		526.889		
00:01:04:000		1.54596e+07		0.137038		2.91312		528.334		6.96833e+06		526.887		
00:01:03:899		1.54596e+07		0.13709		2.91287		528.336		6.96832e+06		526.888		
00:01:03:799		1.54596e+07		0.137141		2.91271		528.336		6.96832e+06		526.889		
00:01:03:700		1.54596e+07		0.137193		2.91242		528.338		6.96831e+06		526.891		
00:01:03:600		1.54596e+07		0.137244		2.91225		528.338		6.9683e+06		526.891		
00:01:03:500		1.54597e+07		0.137296		2.91205		528.339		6.96829e+06		526.884		
00:01:03:399		1.54597e+07		0.137347		2.91184		528.339		6.96828e+06		526.898		
00:01:03:250		1.54597e+07		0.137425		2.91152		528.343		6.96827e+06		526.893		
00:01:03:250		1.54597e+07		0.137425		2.91152		528.343		6.96827e+06		526.893		
00:01:03:149		1.54597e+07		0.137476		2.91135		528.343		6.96827e+06		526.894		
00:01:02:950		1.54598e+07		0.13758		2.9109		528.345		6.96825e+06		526.894		
00:01:02:950		1.54598e+07		0.13758		2.9109		528.345		6.96825e+06		526.894		
00:01:02:850		1.54598e+07		0.137631		2.91074		528.347		6.96824e+06		526.895		
00:01:02:649		1.54598e+07		0.137735		2.91037		528.349		6.96823e+06		526.896		
00:01:02:649		1.54598e+07		0.137735		2.91037		528.349		6.96823e+06		526.896		
00:01:02:549		1.54598e+07		0.137786		2.91012		528.35		6.96822e+06		526.896		
00:01:02:450		1.54598e+07		0.137838		2.90987		528.352		6.96821e+06		526.897		
00:01:02:350		1.54599e+07		0.13789		2.90971		528.352		6.9682e+06		526.898		
00:01:02:250		1.54599e+07		0.137941		2.90955		528.354		6.9682e+06		526.897		
00:01:02:149		1.54599e+07		0.137993		2.90934		528.356		6.96819e+06		526.898		
00:01:02:049		1.54599e+07		0.138045		2.9091		528.356		6.96818e+06		526.899		
00:01:01:950		1.54599e+07		0.138097		2.90894		528.358		6.96817e+06		526.899		
00:01:01:850		1.546e+07		0.138149		2.90873		528.36		6.96817e+06		526.9		
00:01:01:649		1.546e+07		0.138252		2.90828		528.362		6.96815e+06		526.899		
00:01:01:549		1.546e+07		0.138304		2.90812		528.363		6.96814e+06		526.901		
00:01:01:549		1.546e+07		0.138304		2.90812		528.363		6.96814e+06		526.901		
00:01:01:450		1.546e+07		0.138356		2.90791		528.363		6.96814e+06		526.9		
00:01:01:350		1.546e+07		0.138408		2.90775		528.365		6.96813e+06		526.899		
00:01:01:250		1.54601e+07		0.138461		2.9075		528.367		6.96812e+06		526.896		
00:01:01:049		1.54601e+07		0.138564		2.90713		528.369		6.9681e+06		526.904		
00:01:01:049		1.54601e+07		0.138564		2.90713		528.369		6.9681e+06		526.904		
00:01:00:950		1.54601e+07		0.138616		2.90688		528.371		6.9681e+06		526.904		
00:01:00:750		1.54601e+07		0.138721		2.90652		528.373		6.96808e+06		526.904		
00:01:00:649		1.54602e+07		0.138799		2.90619		528.374		6.96807e+06		526.9		
00:01:00:649		1.54602e+07		0.138799		2.90619		528.374		6.96807e+06		526.9		
00:01:00:500		1.54602e+07		0.138851		2.90598		528.376		6.96806e+06		526.909		
00:01:00:450		1.54602e+07		0.138877		2.90594		528.376		6.96806e+06		526.909		
00:01:00:350		1.54602e+07		0.138929		2.90574		528.378		6.96805e+06		526.91		
00:01:00:250		1.54602e+07		0.138981		2.90562		528.38		6.96804e+06		526.897		
00:01:00:100		1.54603e+07		0.13906		2.90525		528.382		6.96803e+06		526.914		
00:01:00:000		1.54603e+07		0.139112		2.90506		528.384		6.96802e+06		526.912		
00:01:00:000		1.54603e+07		0.139112		2.90506		528.384		6.96802e+06		526.912		
00:00:59:799		1.54603e+07		0.139217		2.90473		528.385		6.96801e+06		526.912		
00:00:59:799		1.54603e+07		0.139217		2.90473		528.385		6.96801e+06		526.912		
00:00:59:700		1.54603e+07		0.13927		2.90453		528.387		6.968e+06		526.913		
00:00:59:600		1.54604e+07		0.139322		2.90432		528.389		6.96799e+06		526.913		
00:00:59:500		1.54604e+07		0.139375		2.90411		528.389		6.96798e+06		526.924		
00:00:59:399		1.54604e+07		0.139453		2.90383		528.393		6.96797e+06		526.918		
00:00:59:250		1.54604e+07		0.139506		2.90366		528.395		6.96796e+06		526.919		
00:00:59:149		1.54604e+07		0.139559		2.90346		528.395		6.96795e+06		526.919		
00:00:59:049		1.54605e+07		0.139612		2.90325		528.397		6.96795e+06		526.919		
00:00:58:950		1.54605e+07		0.139664		2.90305		528.397		6.96794e+06		526.919		
00:00:58:850		1.54605e+07		0.139717		2.90284		528.398		6.96793e+06		526.915		
00:00:58:750		1.54605e+07		0.13977		2.90268		528.4		6.96792e+06		526.921		
00:00:58:649		1.54605e+07		0.139822		2.90252		528.402		6.96792e+06		526.925		
00:00:58:549		1.54605e+07		0.139875		2.90231		528.404		6.96791e+06		526.925		
00:00:58:450		1.54606e+07		0.139928		2.90211		528.406		6.9679e+06		526.926		
00:00:58:350		1.54606e+07		0.139981		2.9019		528.406		6.96789e+06		526.926		
00:00:58:250		1.54606e+07		0.140034		2.90174		528.408		6.96788e+06		526.926		
00:00:58:149		1.54606e+07		0.140088		2.90154		528.409		6.96788e+06		526.921		
00:00:58:000		1.54607e+07		0.140167		2.90125		528.411		6.96786e+06		526.93		
00:00:58:000		1.54607e+07		0.140167		2.90125		528.411		6.96786e+06		526.93		
00:00:57:899		1.54607e+07		0.14022		2.90109		528.413		6.96786e+06		526.932		
00:00:57:700		1.54607e+07		0.140326		2.90068		528.417		6.96784e+06		526.933		
00:00:57:700		1.54607e+07		0.140326		2.90068		528.417		6.96784e+06		526.933		
00:00:57:600		1.54607e+07		0.14038		2.90052		528.417		6.96783e+06		526.928		
00:00:57:500		1.54607e+07		0.140433		2.90031		528.419		6.96782e+06		526.937		
00:00:57:399		1.54608e+07		0.140486		2.90011		528.421		6.96782e+06		526.937		
00:00:57:299		1.54608e+07		0.14054		2.89994		528.422		6.96781e+06		526.933		
00:00:57:100		1.54608e+07		0.140646		2.89958		528.424		6.96779e+06		526.942		
00:00:57:100		1.54608e+07		0.140646		2.89958		528.424		6.96779e+06		526.942		
00:00:57:000		1.54608e+07		0.1407		2.89937		528.426		6.96778e+06		526.944		
00:00:56:899		1.54609e+07		0.140753		2.89921		528.426		6.96778e+06		526.945		
00:00:56:750		1.54609e+07		0.140834		2.89892		528.43		6.96777e+06		526.944		
00:00:56:649		1.54609e+07		0.140888		2.89872		528.432		6.96776e+06		526.948		
00:00:56:500		1.54609e+07		0.140968		2.89843		528.433		6.96775e+06		526.951		
00:00:56:500		1.54609e+07		0.140968		2.89843		528.433		6.96775e+06		526.951		
00:00:56:399		1.5461e+07		0.141022		2.89827		528.435		6.96774e+06		526.952		
00:00:56:299		1.5461e+07		0.141076		2.89807		528.437		6.96773e+06		526.954		
00:00:56:200		1.5461e+07		0.141129		2.8979		528.437		6.96772e+06		526.956		
00:00:56:100		1.5461e+07		0.141183		2.89766		528.439		6.96772e+06		526.959		
00:00:56:000		1.5461e+07		0.141237		2.89749		528.441		6.96771e+06		526.96		
00:00:55:799		1.54611e+07		0.141346		2.89713		528.443		6.96769e+06		526.964		
00:00:55:700		1.54611e+07		0.141399		2.89701		528.445		6.96768e+06		526.965		
00:00:55:700		1.54611e+07		0.141399		2.89701		528.445		6.96768e+06		526.965		
00:00:55:600		1.54611e+07		0.141453		2.8968		528.446		6.96768e+06		526.966		
00:00:55:500		1.54611e+07		0.141507		2.8966		528.448		6.96767e+06		526.966		
00:00:55:399		1.54611e+07		0.141562		2.89639		528.45		6.96766e+06		526.959		
00:00:55:250		1.54612e+07		0.141643		2.89615		528.452		6.96765e+06		526.972		
00:00:55:149		1.54612e+07		0.141697		2.89599		528.454		6.96764e+06		526.974		
00:00:55:000		1.54612e+07		0.141778		2.89575		528.458		6.96763e+06		526.975		
00:00:55:000		1.54612e+07		0.141778		2.89575		528.458		6.96763e+06		526.975		
00:00:54:899		1.54612e+07		0.141833		2.89559		528.458		6.96762e+06		526.971		
00:00:54:799		1.54613e+07		0.141887		2.89538		528.459		6.96762e+06		526.98		
00:00:54:649		1.54613e+07		0.141969		2.89509		528.461		6.96761e+06		526.982		
00:00:54:549		1.54613e+07		0.142023		2.89495		528.463		6.9676e+06		526.982		
00:00:54:450		1.54613e+07		0.142078		2.89488		528.465		6.96759e+06		526.985		
00:00:54:350		1.54614e+07		0.142133		2.89476		528.465		6.96758e+06		526.986		
00:00:54:250		1.54614e+07		0.142187		2.89455		528.467		6.96758e+06		526.986		
00:00:54:149		1.54614e+07		0.142241		2.89439		528.469		6.96757e+06		526.997		
00:00:54:049		1.54614e+07		0.142297		2.89418		528.47		6.96756e+06		526.981		
00:00:53:950		1.54614e+07		0.142351		2.89406		528.472		6.96755e+06		526.993		
00:00:53:850		1.54615e+07		0.142406		2.8939		528.474		6.96755e+06		526.996		
00:00:53:750		1.54615e+07		0.142461		2.89378		528.476		6.96754e+06		526.996		
00:00:53:649		1.54615e+07		0.142516		2.89358		528.476		6.96753e+06		526.998		
00:00:53:549		1.54615e+07		0.14257		2.89342		528.48		6.96753e+06		526.999		
00:00:53:450		1.54615e+07		0.142625		2.89326		528.48		6.96752e+06		527		
00:00:53:350		1.54616e+07		0.14268		2.89314		528.482		6.96751e+06		527.002		
00:00:53:250		1.54616e+07		0.142735		2.89298		528.483		6.9675e+06		527.003		
00:00:53:149		1.54616e+07		0.14279		2.89277		528.485		6.9675e+06		527.004		
00:00:53:049		1.54616e+07		0.142845		2.89261		528.487		6.96749e+06		527.006		
00:00:52:950		1.54616e+07		0.142901		2.89249		528.489		6.96748e+06		527.004		
00:00:52:850		1.54617e+07		0.142956		2.89233		528.491		6.96748e+06		527.007		
00:00:52:750		1.54617e+07		0.143011		2.89221		528.493		6.96747e+06		527.01		
00:00:52:649		1.54617e+07		0.143066		2.89201		528.494		6.96746e+06		527.012		
00:00:52:500		1.54617e+07		0.143149		2.89177		528.496		6.96745e+06		527.014		
00:00:52:500		1.54617e+07		0.143149		2.89177		528.496		6.96745e+06		527.014		
00:00:52:399		1.54618e+07		0.143205		2.89165		528.498		6.96744e+06		527.036		
00:00:52:299		1.54618e+07		0.14326		2.89144		528.5		6.96744e+06		527.018		
00:00:52:149		1.54618e+07		0.143343		2.89125		528.504		6.96743e+06		527.021		
00:00:52:049		1.54618e+07		0.143399		2.89109		528.504		6.96742e+06		527.022		
00:00:51:950		1.54618e+07		0.143455		2.89093		528.505		6.96741e+06		527.019		
00:00:51:850		1.54619e+07		0.143538		2.89068		528.509		6.9674e+06		527.022		
00:00:51:700		1.54619e+07		0.143593		2.89052		528.511		6.9674e+06		527.026		
00:00:51:700		1.54619e+07		0.143593		2.89052		528.511		6.9674e+06		527.026		
00:00:51:600		1.54619e+07		0.143649		2.89036		528.511		6.96739e+06		527.019		
00:00:51:500		1.54619e+07		0.143705		2.89024		528.513		6.96738e+06		527.029		
00:00:51:399		1.5462e+07		0.143761		2.89008		528.515		6.96738e+06		527.031		
00:00:51:299		1.5462e+07		0.143816		2.88988		528.517		6.96737e+06		527.03		
00:00:51:200		1.5462e+07		0.143872		2.88972		528.518		6.96736e+06		527.038		
00:00:51:100		1.5462e+07		0.143928		2.8896		528.52		6.96735e+06		527.034		
00:00:51:000		1.5462e+07		0.143984		2.88948		528.522		6.96735e+06		527.034		
00:00:50:899		1.54621e+07		0.14404		2.88928		528.524		6.96734e+06		527.037		
00:00:50:700		1.54621e+07		0.144152		2.88896		528.528		6.96733e+06		527.042		
00:00:50:700		1.54621e+07		0.144152		2.88896		528.528		6.96733e+06		527.042		
00:00:50:600		1.54621e+07		0.144207		2.88888		528.528		6.96732e+06		527.044		
00:00:50:500		1.54621e+07		0.144264		2.88872		528.529		6.96731e+06		527.044		
00:00:50:399		1.54622e+07		0.14432		2.88852		528.531		6.96731e+06		527.043		
00:00:50:299		1.54622e+07		0.144376		2.8884		528.533		6.9673e+06		527.047		
00:00:50:200		1.54622e+07		0.144433		2.88824		528.535		6.96729e+06		527.047		
00:00:50:000		1.54623e+07		0.144545		2.88792		528.539		6.96728e+06		527.064		
00:00:50:000		1.54623e+07		0.144545		2.88792		528.539		6.96728e+06		527.064		
00:00:49:899		1.54623e+07		0.144601		2.8878		528.541		6.96728e+06		527.054		
00:00:49:700		1.54623e+07		0.144714		2.88748		528.544		6.96726e+06		527.057		
00:00:49:700		1.54623e+07		0.144714		2.88748		528.544		6.96726e+06		527.057		
00:00:49:600		1.54623e+07		0.144771		2.88736		528.546		6.96726e+06		527.057		
00:00:49:500		1.54624e+07		0.144827		2.88716		528.548		6.96725e+06		527.058		
00:00:49:399		1.54624e+07		0.144884		2.88704		528.55		6.96724e+06		527.053		
00:00:49:299		1.54624e+07		0.14494		2.88692		528.552		6.96724e+06		527.063		
00:00:49:200		1.54624e+07		0.144997		2.88668		528.553		6.96723e+06		527.056		
00:00:49:049		1.54625e+07		0.145082		2.88643		528.555		6.96722e+06		527.066		
00:00:48:950		1.54625e+07		0.145138		2.88636		528.557		6.96721e+06		527.065		
00:00:48:799		1.54625e+07		0.145224		2.88616		528.561		6.96721e+06		527.069		
00:00:48:649		1.54626e+07		0.145308		2.88588		528.563		6.9672e+06		527.071		
00:00:48:649		1.54626e+07		0.145308		2.88588		528.563		6.9672e+06		527.071		
00:00:48:549		1.54626e+07		0.145366		2.88572		528.565		6.96719e+06		527.066		
00:00:48:450		1.54626e+07		0.145422		2.8856		528.566		6.96718e+06		527.074		
00:00:48:350		1.54626e+07		0.14548		2.88544		528.57		6.96718e+06		527.076		
00:00:48:250		1.54626e+07		0.145536		2.88532		528.57		6.96717e+06		527.077		
00:00:48:149		1.54627e+07		0.145594		2.88516		528.572		6.96716e+06		527.078		
00:00:48:049		1.54627e+07		0.14565		2.885		528.574		6.96716e+06		527.091		
00:00:47:950		1.54627e+07		0.145707		2.88484		528.576		6.96715e+06		527.081		
00:00:47:850		1.54627e+07		0.145764		2.88468		528.577		6.96715e+06		527.082		
00:00:47:750		1.54628e+07		0.145822		2.88456		528.579		6.96714e+06		527.083		
00:00:47:649		1.54628e+07		0.145879		2.8844		528.581		6.96713e+06		527.083		
00:00:47:549		1.54628e+07		0.145936		2.88429		528.583		6.96713e+06		527.09		
00:00:47:450		1.54628e+07		0.145993		2.88413		528.587		6.96712e+06		527.076		
00:00:47:350		1.54628e+07		0.146051		2.88397		528.589		6.96712e+06		527.09		
00:00:47:250		1.54629e+07		0.146108		2.88381		528.59		6.96711e+06		527.09		
00:00:47:149		1.54629e+07		0.146165		2.88369		528.59		6.9671e+06		527.09		
00:00:47:049		1.54629e+07		0.146223		2.88353		528.594		6.9671e+06		527.091		
00:00:46:899		1.54629e+07		0.146309		2.88329		528.596		6.96709e+06		527.093		
00:00:46:899		1.54629e+07		0.146309		2.88329		528.596		6.96709e+06		527.093		
00:00:46:750		1.5463e+07		0.146395		2.88305		528.6		6.96708e+06		527.098		
00:00:46:649		1.5463e+07		0.146452		2.88293		528.601		6.96708e+06		527.098		
00:00:46:549		1.5463e+07		0.14651		2.88281		528.603		6.96707e+06		527.098		
00:00:46:450		1.5463e+07		0.146568		2.88261		528.605		6.96706e+06		527.099		
00:00:46:350		1.54631e+07		0.146626		2.88254		528.607		6.96706e+06		527.1		
00:00:46:250		1.54631e+07		0.146683		2.88238		528.609		6.96705e+06		527.101		
00:00:46:149		1.54631e+07		0.14674		2.88217		528.611		6.96705e+06		527.101		
00:00:46:049		1.54631e+07		0.146799		2.8821		528.613		6.96704e+06		527.101		
00:00:45:899		1.54632e+07		0.146885		2.8819		528.616		6.96703e+06		527.096		
00:00:45:899		1.54632e+07		0.146885		2.8819		528.616		6.96703e+06		527.096		
00:00:45:700		1.54632e+07		0.147001		2.88158		528.62		6.96702e+06		527.108		
00:00:45:700		1.54632e+07		0.147001		2.88158		528.62		6.96702e+06		527.108		
00:00:45:600		1.54632e+07		0.147059		2.88142		528.622		6.96701e+06		527.109		
00:00:45:500		1.54633e+07		0.147117		2.88131		528.624		6.96701e+06		527.108		
00:00:45:299		1.54633e+07		0.147233		2.88103		528.627		6.967e+06		527.113		
00:00:45:299		1.54633e+07		0.147233		2.88103		528.627		6.967e+06		527.113		
00:00:45:100		1.54634e+07		0.147349		2.88067		528.633		6.96699e+06		527.115		
00:00:45:100		1.54634e+07		0.147349		2.88067		528.633		6.96699e+06		527.115		
00:00:45:000		1.54634e+07		0.147407		2.88059		528.635		6.96698e+06		527.115		
00:00:44:899		1.54634e+07		0.147465		2.88043		528.637		6.96698e+06		527.116		
00:00:44:700		1.54635e+07		0.147582		2.88016		528.64		6.96696e+06		527.118		
00:00:44:700		1.54635e+07		0.147582		2.88016		528.64		6.96696e+06		527.118		
00:00:44:600		1.54635e+07		0.14764		2.88		528.642		6.96696e+06		527.119		
00:00:44:500		1.54635e+07		0.147698		2.87984		528.644		6.96695e+06		527.12		
00:00:44:399		1.54635e+07		0.147756		2.87972		528.646		6.96695e+06		527.121		
00:00:44:299		1.54636e+07		0.147815		2.87956		528.649		6.96694e+06		527.122		
00:00:44:149		1.54636e+07		0.147902		2.87936		528.651		6.96694e+06		527.123		
00:00:44:049		1.54636e+07		0.147961		2.87921		528.653		6.96693e+06		527.124		
00:00:44:000		1.54636e+07		0.14799		2.87913		528.655		6.96693e+06		527.109		
00:00:43:899		1.54636e+07		0.148048		2.87905		528.657		6.96692e+06		527.133		
00:00:43:700		1.54637e+07		0.148165		2.87878		528.662		6.96691e+06		527.128		
00:00:43:700		1.54637e+07		0.148165		2.87878		528.662		6.96691e+06		527.128		
00:00:43:600		1.54637e+07		0.148224		2.87853		528.664		6.96691e+06		527.13		
00:00:43:500		1.54637e+07		0.148283		2.87841		528.666		6.9669e+06		527.132		
00:00:43:350		1.54638e+07		0.14837		2.87831		528.668		6.96689e+06		527.133		
00:00:43:250		1.54638e+07		0.148429		2.87815		528.67		6.96689e+06		527.132		
00:00:43:149		1.54638e+07		0.148488		2.87799		528.672		6.96688e+06		527.133		
00:00:43:049		1.54639e+07		0.148547		2.87787		528.675		6.96688e+06		527.147		
00:00:42:950		1.54639e+07		0.148605		2.87771		528.677		6.96687e+06		527.137		
00:00:42:850		1.54639e+07		0.148664		2.87759		528.679		6.96687e+06		527.137		
00:00:42:649		1.5464e+07		0.148782		2.87728		528.685		6.96686e+06		527.138		
00:00:42:649		1.5464e+07		0.148782		2.87728		528.685		6.96686e+06		527.138		
00:00:42:549		1.5464e+07		0.14884		2.87716		528.686		6.96685e+06		527.139		
00:00:42:450		1.5464e+07		0.148899		2.877		528.688		6.96685e+06		527.139		
00:00:42:350		1.5464e+07		0.148958		2.87688		528.69		6.96684e+06		527.141		
00:00:42:250		1.54641e+07		0.149017		2.87677		528.694		6.96684e+06		527.139		
00:00:42:149		1.54641e+07		0.149076		2.87661		528.696		6.96683e+06		527.14		
00:00:42:049		1.54641e+07		0.149136		2.87649		528.697		6.96683e+06		527.142		
00:00:41:950		1.54641e+07		0.149194		2.87629		528.699		6.96682e+06		527.144		
00:00:41:750		1.54642e+07		0.149312		2.8761		528.703		6.96681e+06		527.147		
00:00:41:649		1.54642e+07		0.149372		2.87594		528.705		6.96681e+06		527.148		
00:00:41:649		1.54642e+07		0.149372		2.87594		528.705		6.96681e+06		527.148		
00:00:41:549		1.54642e+07		0.149431		2.87578		528.708		6.9668e+06		527.148		
00:00:41:450		1.54643e+07		0.14949		2.87562		528.71		6.9668e+06		527.148		
00:00:41:350		1.54643e+07		0.149549		2.87551		528.712		6.96679e+06		527.151		
00:00:41:200		1.54643e+07		0.149638		2.87531		528.716		6.96678e+06		527.159		
00:00:41:200		1.54643e+07		0.149638		2.87531		528.716		6.96678e+06		527.159		
00:00:41:100		1.54643e+07		0.149697		2.8752		528.718		6.96678e+06		527.165		
00:00:40:950		1.54644e+07		0.149786		2.87496		528.721		6.96677e+06		527.154		
00:00:40:850		1.54644e+07		0.149846		2.87484		528.723		6.96677e+06		527.154		
00:00:40:750		1.54644e+07		0.149905		2.87473		528.725		6.96676e+06		527.153		
00:00:40:649		1.54645e+07		0.149964		2.87457		528.729		6.96676e+06		527.156		
00:00:40:549		1.54645e+07		0.150023		2.87445		528.731		6.96675e+06		527.157		
00:00:40:450		1.54645e+07		0.150083		2.87429		528.732		6.96675e+06		527.151		
00:00:40:350		1.54645e+07		0.150143		2.87413		528.736		6.96674e+06		527.171		
00:00:40:250		1.54646e+07		0.150202		2.87406		528.738		6.96674e+06		527.161		
00:00:40:100		1.54646e+07		0.150291		2.87382		528.742		6.96673e+06		527.161		
00:00:40:100		1.54646e+07		0.150291		2.87382		528.742		6.96673e+06		527.161		
00:00:40:000		1.54646e+07		0.150351		2.87371		528.744		6.96673e+06		527.16		
00:00:39:899		1.54646e+07		0.15041		2.87359		528.745		6.96672e+06		527.154		
00:00:39:700		1.54647e+07		0.150529		2.87332		528.753		6.96671e+06		527.161		
00:00:39:700		1.54647e+07		0.150529		2.87332		528.753		6.96671e+06		527.161		
00:00:39:600		1.54647e+07		0.150589		2.87316		528.755		6.96671e+06		527.164		
00:00:39:500		1.54647e+07		0.150649		2.87304		528.756		6.96671e+06		527.164		
00:00:39:399		1.54648e+07		0.150708		2.87293		528.758		6.9667e+06		527.159		
00:00:39:299		1.54648e+07		0.150768		2.87277		528.762		6.9667e+06		527.166		
00:00:39:200		1.54648e+07		0.150828		2.87261		528.764		6.96669e+06		527.167		
00:00:39:100		1.54649e+07		0.150887		2.8725		528.766		6.96669e+06		527.164		
00:00:39:000		1.54649e+07		0.150947		2.87243		528.768		6.96668e+06		527.151		
00:00:38:899		1.54649e+07		0.151007		2.87227		528.769		6.96668e+06		527.163		
00:00:38:700		1.5465e+07		0.151126		2.87199		528.775		6.96667e+06		527.171		
00:00:38:700		1.5465e+07		0.151126		2.87199		528.775		6.96667e+06		527.171		
00:00:38:600		1.5465e+07		0.151186		2.87188		528.777		6.96667e+06		527.171		
00:00:38:500		1.5465e+07		0.151247		2.87176		528.78		6.96666e+06		527.169		
00:00:38:350		1.5465e+07		0.151336		2.87152		528.784		6.96666e+06		527.171		
00:00:38:250		1.54651e+07		0.151396		2.87137		528.788		6.96665e+06		527.166		
00:00:38:149		1.54651e+07		0.151456		2.87129		528.79		6.96665e+06		527.174		
00:00:38:049		1.54651e+07		0.151516		2.87113		528.791		6.96664e+06		527.173		
00:00:37:950		1.54652e+07		0.151576		2.87106		528.793		6.96664e+06		527.173		
00:00:37:850		1.54652e+07		0.151636		2.87086		528.795		6.96663e+06		527.168		
00:00:37:700		1.54652e+07		0.151726		2.87071		528.801		6.96663e+06		527.174		
00:00:37:700		1.54652e+07		0.151726		2.87071		528.801		6.96663e+06		527.174		
00:00:37:600		1.54652e+07		0.151785		2.8706		528.803		6.96662e+06		527.177		
00:00:37:450		1.54653e+07		0.151876		2.8704		528.806		6.96662e+06		527.177		
00:00:37:350		1.54653e+07		0.151936		2.87024		528.81		6.96661e+06		527.176		
00:00:37:250		1.54653e+07		0.151996		2.87008		528.812		6.96661e+06		527.176		
00:00:37:149		1.54654e+07		0.152056		2.86997		528.815		6.9666e+06		527.171		
00:00:37:049		1.54654e+07		0.152116		2.8699		528.817		6.9666e+06		527.187		
00:00:36:950		1.54654e+07		0.152176		2.86974		528.821		6.9666e+06		527.157		
00:00:36:750		1.54655e+07		0.152297		2.86947		528.827		6.96659e+06		527.172		
00:00:36:649		1.54655e+07		0.152357		2.86931		528.828		6.96658e+06		527.181		
00:00:36:649		1.54655e+07		0.152357		2.86931		528.828		6.96658e+06		527.181		
00:00:36:549		1.54655e+07		0.152417		2.86924		528.832		6.96658e+06		527.182		
00:00:36:450		1.54656e+07		0.152477		2.86912		528.834		6.96658e+06		527.181		
00:00:36:350		1.54656e+07		0.152537		2.86892		528.838		6.96657e+06		527.181		
00:00:36:250		1.54656e+07		0.152597		2.86885		528.839		6.96657e+06		527.181		
00:00:36:149		1.54656e+07		0.152658		2.86873		528.843		6.96656e+06		527.182		
00:00:36:049		1.54657e+07		0.152718		2.86858		528.845		6.96656e+06		527.183		
00:00:35:950		1.54657e+07		0.152778		2.8685		528.849		6.96656e+06		527.183		
00:00:35:850		1.54657e+07		0.152838		2.86835		528.851		6.96655e+06		527.182		
00:00:35:750		1.54657e+07		0.152898		2.86819		528.854		6.96655e+06		527.182		
00:00:35:649		1.54658e+07		0.152959		2.86812		528.856		6.96654e+06		527.181		
00:00:35:500		1.54658e+07		0.153049		2.86792		528.86		6.96654e+06		527.183		
00:00:35:500		1.54658e+07		0.153049		2.86792		528.86		6.96654e+06		527.183		
00:00:35:399		1.54658e+07		0.15311		2.86776		528.863		6.96654e+06		527.182		
00:00:35:299		1.54659e+07		0.15317		2.86765		528.865		6.96653e+06		527.182		
00:00:35:200		1.54659e+07		0.15323		2.86749		528.869		6.96653e+06		527.183		
00:00:35:000		1.5466e+07		0.153351		2.86731		528.875		6.96652e+06		527.18		
00:00:35:000		1.5466e+07		0.153351		2.86731		528.875		6.96652e+06		527.18		
00:00:34:899		1.5466e+07		0.153411		2.86719		528.876		6.96652e+06		527.183		
00:00:34:700		1.5466e+07		0.153532		2.86688		528.882		6.96651e+06		527.183		
00:00:34:700		1.5466e+07		0.153532		2.86688		528.882		6.96651e+06		527.183		
00:00:34:600		1.54661e+07		0.153593		2.86676		528.886		6.9665e+06		527.183		
00:00:34:500		1.54661e+07		0.153653		2.86669		528.887		6.9665e+06		527.181		
00:00:34:399		1.54661e+07		0.153713		2.86653		528.891		6.9665e+06		527.181		
00:00:34:299		1.54661e+07		0.153773		2.86646		528.895		6.96649e+06		527.182		
00:00:34:200		1.54662e+07		0.153834		2.8663		528.897		6.96649e+06		527.183		
00:00:34:100		1.54662e+07		0.153894		2.86619		528.9		6.96649e+06		527.175		
00:00:34:000		1.54662e+07		0.153955		2.86603		528.902		6.96648e+06		527.19		
00:00:33:899		1.54663e+07		0.154016		2.86592		528.906		6.96648e+06		527.185		
00:00:33:700		1.54663e+07		0.154136		2.86569		528.911		6.96647e+06		527.184		
00:00:33:700		1.54663e+07		0.154136		2.86569		528.911		6.96647e+06		527.184		
00:00:33:600		1.54663e+07		0.154196		2.86562		528.913		6.96647e+06		527.172		
00:00:33:500		1.54664e+07		0.154257		2.86546		528.915		6.96646e+06		527.184		
00:00:33:350		1.54664e+07		0.154347		2.86522		528.921		6.96646e+06		527.183		
00:00:33:250		1.54664e+07		0.154408		2.86515		528.922		6.96645e+06		527.184		
00:00:33:200		1.54665e+07		0.154438		2.86507		528.924		6.96645e+06		527.185		
00:00:33:100		1.54665e+07		0.154499		2.86496		528.926		6.96645e+06		527.185		
00:00:33:000		1.54665e+07		0.154559		2.86485		528.93		6.96645e+06		527.185		
00:00:32:899		1.54665e+07		0.15462		2.86473		528.933		6.96644e+06		527.184		
00:00:32:700		1.54666e+07		0.15474		2.8645		528.939		6.96643e+06		527.185		
00:00:32:700		1.54666e+07		0.15474		2.8645		528.939		6.96643e+06		527.185		
00:00:32:549		1.54666e+07		0.154831		2.86427		528.945		6.96643e+06		527.185		
00:00:32:450		1.54667e+07		0.154892		2.8642		528.946		6.96643e+06		527.184		
00:00:32:350		1.54667e+07		0.154953		2.86408		528.95		6.96642e+06		527.196		
00:00:32:250		1.54667e+07		0.155013		2.86392		528.952		6.96642e+06		527.185		
00:00:32:149		1.54668e+07		0.155073		2.86386		528.956		6.96641e+06		527.185		
00:00:32:049		1.54668e+07		0.155134		2.86374		528.959		6.96641e+06		527.184		
00:00:31:949		1.54668e+07		0.155194		2.86358		528.963		6.96641e+06		527.184		
00:00:31:750		1.54669e+07		0.155315		2.86335		528.969		6.9664e+06		527.178		
00:00:31:649		1.54669e+07		0.155375		2.86324		528.972		6.9664e+06		527.195		
00:00:31:649		1.54669e+07		0.155375		2.86324		528.972		6.9664e+06		527.195		
00:00:31:550		1.54669e+07		0.155436		2.86313		528.974		6.96639e+06		527.183		
00:00:31:449		1.5467e+07		0.155496		2.86306		528.978		6.96639e+06		527.183		
00:00:31:350		1.5467e+07		0.155557		2.8629		528.981		6.96639e+06		527.182		
00:00:31:250		1.5467e+07		0.155617		2.86279		528.985		6.96638e+06		527.176		
00:00:31:149		1.5467e+07		0.155677		2.86263		528.987		6.96638e+06		527.182		
00:00:31:050		1.54671e+07		0.155738		2.86252		528.991		6.96638e+06		527.181		
00:00:30:949		1.54671e+07		0.155798		2.86249		528.994		6.96637e+06		527.173		
00:00:30:750		1.54672e+07		0.155919		2.86217		529		6.96637e+06		527.182		
00:00:30:600		1.54672e+07		0.15601		2.86202		529.005		6.96636e+06		527.182		
00:00:30:600		1.54672e+07		0.15601		2.86202		529.005		6.96636e+06		527.182		
00:00:30:600		1.54672e+07		0.15601		2.86202		529.005		6.96636e+06		527.182		
00:00:30:399		1.54673e+07		0.15613		2.8618		529.011		6.96635e+06		527.181		
00:00:30:399		1.54673e+07		0.15613		2.8618		529.011		6.96635e+06		527.181		
00:00:30:300		1.54673e+07		0.156191		2.86168		529.015		6.96635e+06		527.18		
00:00:30:199		1.54673e+07		0.156251		2.86157		529.018		6.96635e+06		527.181		
00:00:30:100		1.54674e+07		0.156312		2.8615		529.022		6.96634e+06		527.18		
00:00:30:000		1.54674e+07		0.156372		2.86139		529.026		6.96634e+06		527.178		
00:00:29:899		1.54674e+07		0.156432		2.86123		529.028		6.96634e+06		527.172		
00:00:29:699		1.54675e+07		0.156552		2.861		529.035		6.96633e+06		527.171		
00:00:29:699		1.54675e+07		0.156552		2.861		529.035		6.96633e+06		527.171		
00:00:29:600		1.54675e+07		0.156613		2.86093		529.039		6.96633e+06		527.177		
00:00:29:500		1.54675e+07		0.156673		2.86082		529.042		6.96632e+06		527.155		
00:00:29:350		1.54676e+07		0.156764		2.86063		529.046		6.96632e+06		527.176		
00:00:29:199		1.54676e+07		0.156853		2.86052		529.052		6.96631e+06		527.177		
00:00:29:199		1.54676e+07		0.156853		2.86052		529.052		6.96631e+06		527.177		
00:00:29:100		1.54676e+07		0.156914		2.86036		529.055		6.96631e+06		527.176		
00:00:29:000		1.54677e+07		0.156974		2.86025		529.059		6.96631e+06		527.174		
00:00:28:899		1.54677e+07		0.157034		2.86014		529.061		6.9663e+06		527.168		
00:00:28:699		1.54678e+07		0.157154		2.85996		529.068		6.9663e+06		527.181		
00:00:28:699		1.54678e+07		0.157154		2.85996		529.068		6.9663e+06		527.181		
00:00:28:600		1.54678e+07		0.157214		2.8598		529.072		6.96629e+06		527.165		
00:00:28:500		1.54678e+07		0.157274		2.85977		529.076		6.96629e+06		527.174		
00:00:28:399		1.54679e+07		0.157334		2.85961		529.079		6.96629e+06		527.173		
00:00:28:199		1.54679e+07		0.157454		2.85943		529.085		6.96628e+06		527.171		
00:00:28:199		1.54679e+07		0.157454		2.85943		529.085		6.96628e+06		527.171		
00:00:28:100		1.54679e+07		0.157514		2.85932		529.088		6.96628e+06		527.164		
00:00:28:000		1.5468e+07		0.157574		2.85921		529.092		6.96627e+06		527.171		
00:00:27:899		1.5468e+07		0.157634		2.85909		529.096		6.96627e+06		527.169		
00:00:27:649		1.54681e+07		0.157784		2.85883		529.103		6.96626e+06		527.167		
00:00:27:649		1.54681e+07		0.157784		2.85883		529.103		6.96626e+06		527.167		
00:00:27:550		1.54681e+07		0.157844		2.85876		529.107		6.96626e+06		527.166		
00:00:27:449		1.54681e+07		0.157903		2.8586		529.111		6.96626e+06		527.152		
00:00:27:350		1.54682e+07		0.157963		2.85849		529.114		6.96625e+06		527.167		
00:00:27:250		1.54682e+07		0.158022		2.85842		529.118		6.96625e+06		527.166		
00:00:27:149		1.54682e+07		0.158082		2.85831		529.122		6.96625e+06		527.164		
00:00:27:050		1.54683e+07		0.158142		2.8582		529.125		6.96624e+06		527.162		
00:00:26:949		1.54683e+07		0.158202		2.85813		529.129		6.96624e+06		527.176		
00:00:26:850		1.54683e+07		0.158261		2.85801		529.133		6.96624e+06		527.162		
00:00:26:750		1.54683e+07		0.158321		2.8579		529.136		6.96623e+06		527.163		
00:00:26:649		1.54684e+07		0.15838		2.85779		529.138		6.96623e+06		527.161		
00:00:26:550		1.54684e+07		0.15844		2.85767		529.142		6.96623e+06		527.161		
00:00:26:449		1.54684e+07		0.158499		2.85756		529.147		6.96622e+06		527.159		
00:00:26:350		1.54685e+07		0.158559		2.85749		529.149		6.96622e+06		527.158		
00:00:26:250		1.54685e+07		0.158618		2.85738		529.153		6.96622e+06		527.151		
00:00:26:149		1.54685e+07		0.158678		2.85722		529.157		6.96621e+06		527.158		
00:00:26:050		1.54686e+07		0.158737		2.85715		529.16		6.96621e+06		527.155		
00:00:25:949		1.54686e+07		0.158796		2.85713		529.164		6.96621e+06		527.159		
00:00:25:850		1.54686e+07		0.158856		2.85701		529.168		6.9662e+06		527.145		
00:00:25:750		1.54687e+07		0.158915		2.85694		529.171		6.9662e+06		527.154		
00:00:25:649		1.54687e+07		0.158974		2.85683		529.175		6.9662e+06		527.152		
00:00:25:550		1.54687e+07		0.159033		2.85667		529.179		6.96619e+06		527.157		
00:00:25:449		1.54687e+07		0.159092		2.8566		529.182		6.96619e+06		527.144		
00:00:25:350		1.54688e+07		0.159152		2.85653		529.186		6.96619e+06		527.151		
00:00:25:250		1.54688e+07		0.159211		2.85642		529.19		6.96618e+06		527.149		
00:00:25:100		1.54688e+07		0.159299		2.85623		529.197		6.96618e+06		527.147		
00:00:25:100		1.54688e+07		0.159299		2.85623		529.197		6.96618e+06		527.147		
00:00:24:949		1.54689e+07		0.159388		2.85612		529.203		6.96617e+06		527.138		
00:00:24:750		1.5469e+07		0.159505		2.85599		529.208		6.96617e+06		527.143		
00:00:24:750		1.5469e+07		0.159505		2.85599		529.208		6.96617e+06		527.143		
00:00:24:600		1.5469e+07		0.159594		2.8558		529.216		6.96616e+06		527.148		
00:00:24:600		1.5469e+07		0.159594		2.8558		529.216		6.96616e+06		527.148		
00:00:24:500		1.5469e+07		0.159653		2.85573		529.219		6.96616e+06		527.143		
00:00:24:399		1.54691e+07		0.159711		2.85561		529.223		6.96616e+06		527.146		
00:00:24:300		1.54691e+07		0.15977		2.85554		529.227		6.96615e+06		527.129		
00:00:24:199		1.54691e+07		0.159829		2.85539		529.23		6.96615e+06		527.139		
00:00:24:100		1.54692e+07		0.159888		2.85532		529.234		6.96615e+06		527.137		
00:00:24:000		1.54692e+07		0.159946		2.85521		529.238		6.96614e+06		527.135		
00:00:23:899		1.54692e+07		0.160005		2.85514		529.243		6.96614e+06		527.136		
00:00:23:699		1.54693e+07		0.160122		2.85495		529.252		6.96613e+06		527.133		
00:00:23:600		1.54693e+07		0.16018		2.85488		529.254		6.96613e+06		527.132		
00:00:23:500		1.54693e+07		0.160239		2.85477		529.258		6.96613e+06		527.13		
00:00:23:500		1.54693e+07		0.160239		2.85477		529.258		6.96613e+06		527.13		
00:00:23:399		1.54694e+07		0.160297		2.85475		529.262		6.96612e+06		527.128		
00:00:23:300		1.54694e+07		0.160355		2.85459		529.265		6.96612e+06		527.133		
00:00:23:199		1.54694e+07		0.160414		2.85452		529.271		6.96612e+06		527.127		
00:00:23:100		1.54695e+07		0.160472		2.85441		529.275		6.96611e+06		527.125		
00:00:23:000		1.54695e+07		0.16053		2.85434		529.278		6.96611e+06		527.122		
00:00:22:899		1.54695e+07		0.160588		2.85427		529.282		6.96611e+06		527.12		
00:00:22:800		1.54696e+07		0.160646		2.85416		529.286		6.9661e+06		527.121		
00:00:22:699		1.54696e+07		0.160704		2.85409		529.289		6.9661e+06		527.119		
00:00:22:600		1.54696e+07		0.160763		2.85397		529.293		6.96609e+06		527.116		
00:00:22:500		1.54696e+07		0.160821		2.85391		529.299		6.96609e+06		527.108		
00:00:22:399		1.54697e+07		0.160879		2.85384		529.302		6.96609e+06		527.123		
00:00:22:250		1.54697e+07		0.160965		2.85364		529.308		6.96608e+06		527.112		
00:00:22:199		1.54697e+07		0.160995		2.85357		529.31		6.96608e+06		527.111		
00:00:22:100		1.54698e+07		0.161052		2.85345		529.313		6.96608e+06		527.11		
00:00:22:000		1.54698e+07		0.16111		2.85338		529.319		6.96607e+06		527.106		
00:00:21:899		1.54698e+07		0.161168		2.85332		529.322		6.96607e+06		527.104		
00:00:21:800		1.54699e+07		0.161226		2.8532		529.326		6.96607e+06		527.105		
00:00:21:699		1.54699e+07		0.161283		2.85313		529.332		6.96606e+06		527.104		
00:00:21:600		1.54699e+07		0.161341		2.85306		529.335		6.96606e+06		527.101		
00:00:21:500		1.54699e+07		0.161399		2.85295		529.339		6.96605e+06		527.098		
00:00:21:399		1.547e+07		0.161456		2.85288		529.343		6.96605e+06		527.091		
00:00:21:250		1.547e+07		0.161543		2.85278		529.35		6.96604e+06		527.087		
00:00:21:149		1.54701e+07		0.161601		2.85267		529.354		6.96604e+06		527.097		
00:00:21:050		1.54701e+07		0.161657		2.8526		529.357		6.96604e+06		527.094		
00:00:20:949		1.54701e+07		0.161715		2.85248		529.363		6.96603e+06		527.093		
00:00:20:850		1.54702e+07		0.161773		2.85237		529.367		6.96603e+06		527.093		
00:00:20:750		1.54702e+07		0.16183		2.85226		529.37		6.96602e+06		527.091		
00:00:20:649		1.54702e+07		0.161887		2.85219		529.374		6.96602e+06		527.09		
00:00:20:550		1.54702e+07		0.161945		2.85208		529.38		6.96602e+06		527.088		
00:00:20:449		1.54703e+07		0.162002		2.85196		529.383		6.96601e+06		527.085		
00:00:20:350		1.54703e+07		0.162059		2.85189		529.387		6.96601e+06		527.086		
00:00:20:250		1.54703e+07		0.162116		2.85182		529.391		6.966e+06		527.096		
00:00:20:149		1.54704e+07		0.162174		2.85176		529.394		6.966e+06		527.083		
00:00:20:050		1.54704e+07		0.16223		2.85164		529.4		6.966e+06		527.081		
00:00:19:949		1.54704e+07		0.162288		2.85153		529.404		6.96599e+06		527.078		
00:00:19:750		1.54705e+07		0.162402		2.85139		529.411		6.96598e+06		527.077		
00:00:19:600		1.54705e+07		0.162487		2.85129		529.418		6.96598e+06		527.068		
00:00:19:600		1.54705e+07		0.162487		2.85129		529.418		6.96598e+06		527.068		
00:00:19:600		1.54705e+07		0.162487		2.85129		529.418		6.96598e+06		527.068		
00:00:19:399		1.54706e+07		0.162601		2.85102		529.426		6.96597e+06		527.083		
00:00:19:399		1.54706e+07		0.162601		2.85102		529.426		6.96597e+06		527.083		
00:00:19:300		1.54706e+07		0.162658		2.85095		529.431		6.96597e+06		527.071		
00:00:19:149		1.54707e+07		0.162743		2.85085		529.437		6.96596e+06		527.061		
00:00:19:050		1.54707e+07		0.162799		2.85073		529.44		6.96595e+06		527.068		
00:00:18:949		1.54707e+07		0.162856		2.85066		529.446		6.96595e+06		527.06		
00:00:18:850		1.54708e+07		0.162913		2.85051		529.45		6.96595e+06		527.065		
00:00:18:750		1.54708e+07		0.16297		2.85048		529.455		6.96594e+06		527.057		
00:00:18:649		1.54708e+07		0.163026		2.85037		529.459		6.96594e+06		527.064		
00:00:18:550		1.54709e+07		0.163083		2.85026		529.463		6.96593e+06		527.062		
00:00:18:399		1.54709e+07		0.163167		2.85011		529.47		6.96593e+06		527.06		
00:00:18:399		1.54709e+07		0.163167		2.85011		529.47		6.96593e+06		527.06		
00:00:18:300		1.54709e+07		0.163224		2.85		529.474		6.96592e+06		527.059		
00:00:18:199		1.5471e+07		0.16328		2.84989		529.477		6.96592e+06		527.058		
00:00:18:100		1.5471e+07		0.163337		2.84986		529.483		6.96591e+06		527.057		
00:00:18:000		1.5471e+07		0.163393		2.84975		529.486		6.96591e+06		527.057		
00:00:17:899		1.54711e+07		0.16345		2.84955		529.492		6.9659e+06		527.055		
00:00:17:699		1.54711e+07		0.163562		2.84945		529.503		6.96589e+06		527.053		
00:00:17:600		1.54712e+07		0.163619		2.84925		529.505		6.96589e+06		527.052		
00:00:17:600		1.54712e+07		0.163619		2.84925		529.505		6.96589e+06		527.052		
00:00:17:500		1.54712e+07		0.163675		2.84923		529.509		6.96589e+06		527.051		
00:00:17:399		1.54712e+07		0.163732		2.84907		529.514		6.96588e+06		527.05		
00:00:17:300		1.54713e+07		0.163788		2.849		529.518		6.96588e+06		527.048		
00:00:17:199		1.54713e+07		0.163844		2.84889		529.523		6.96587e+06		527.047		
00:00:17:100		1.54713e+07		0.1639		2.84878		529.527		6.96587e+06		527.045		
00:00:17:000		1.54714e+07		0.163956		2.84867		529.531		6.96586e+06		527.045		
00:00:16:899		1.54714e+07		0.164012		2.84855		529.536		6.96586e+06		527.043		
00:00:16:649		1.54715e+07		0.164152		2.84834		529.547		6.96585e+06		527.038		
00:00:16:649		1.54715e+07		0.164152		2.84834		529.547		6.96585e+06		527.038		
00:00:16:550		1.54715e+07		0.164208		2.84818		529.551		6.96584e+06		527.037		
00:00:16:449		1.54715e+07		0.164264		2.84811		529.556		6.96584e+06		527.03		
00:00:16:350		1.54716e+07		0.16432		2.848		529.56		6.96583e+06		527.035		
00:00:16:250		1.54716e+07		0.164375		2.84789		529.566		6.96583e+06		527.036		
00:00:16:149		1.54716e+07		0.164432		2.84782		529.569		6.96582e+06		527.036		
00:00:16:050		1.54717e+07		0.164487		2.84771		529.575		6.96582e+06		527.034		
00:00:15:949		1.54717e+07		0.164543		2.84755		529.579		6.96581e+06		527.032		
00:00:15:849		1.54717e+07		0.164598		2.84753		529.582		6.96581e+06		527.031		
00:00:15:800		1.54717e+07		0.164627		2.8474		529.584		6.96581e+06		527.031		
00:00:15:699		1.54718e+07		0.164682		2.84738		529.59		6.9658e+06		527.029		
00:00:15:599		1.54718e+07		0.164738		2.84727		529.593		6.9658e+06		527.036		
00:00:15:500		1.54718e+07		0.164793		2.84711		529.599		6.96579e+06		527.029		
00:00:15:349		1.54719e+07		0.164876		2.84696		529.606		6.96578e+06		527.027		
00:00:15:250		1.54719e+07		0.164932		2.8469		529.61		6.96578e+06		527.026		
00:00:15:150		1.5472e+07		0.164988		2.84678		529.615		6.96577e+06		527.025		
00:00:15:050		1.5472e+07		0.165043		2.84667		529.619		6.96577e+06		527.021		
00:00:14:949		1.5472e+07		0.165099		2.8466		529.623		6.96576e+06		527.021		
00:00:14:849		1.54721e+07		0.165154		2.84649		529.628		6.96576e+06		527.02		
00:00:14:750		1.54721e+07		0.165209		2.84642		529.632		6.96575e+06		527.025		
00:00:14:650		1.54721e+07		0.165265		2.84631		529.638		6.96575e+06		527.01		
00:00:14:550		1.54722e+07		0.16532		2.84624		529.643		6.96574e+06		527.02		
00:00:14:449		1.54722e+07		0.165375		2.84609		529.647		6.96574e+06		527.019		
00:00:14:349		1.54722e+07		0.165431		2.84602		529.65		6.96573e+06		527.017		
00:00:14:250		1.54723e+07		0.165486		2.84595		529.656		6.96573e+06		527.014		
00:00:14:150		1.54723e+07		0.165541		2.84584		529.66		6.96572e+06		527.012		
00:00:14:050		1.54723e+07		0.165596		2.84577		529.665		6.96572e+06		527.015		
00:00:13:949		1.54724e+07		0.165651		2.84562		529.669		6.96571e+06		527.013		
00:00:13:699		1.54724e+07		0.16579		2.84545		529.682		6.9657e+06		527.01		
00:00:13:599		1.54725e+07		0.165844		2.84529		529.685		6.96569e+06		527.01		
00:00:13:599		1.54725e+07		0.165844		2.84529		529.685		6.96569e+06		527.01		
00:00:13:599		1.54725e+07		0.165844		2.84529		529.685		6.96569e+06		527.01		
00:00:13:400		1.54725e+07		0.165955		2.84507		529.695		6.96568e+06		527.006		
00:00:13:400		1.54725e+07		0.165955		2.84507		529.695		6.96568e+06		527.006		
00:00:13:300		1.54726e+07		0.166009		2.84504		529.7		6.96568e+06		526.993		
00:00:13:150		1.54726e+07		0.166092		2.8449		529.706		6.96567e+06		527.007		
00:00:13:050		1.54727e+07		0.166147		2.84474		529.711		6.96567e+06		527.004		
00:00:12:949		1.54727e+07		0.166202		2.84468		529.715		6.96566e+06		527.01		
00:00:12:849		1.54727e+07		0.166256		2.84461		529.719		6.96566e+06		527.004		
00:00:12:750		1.54728e+07		0.166312		2.84454		529.724		6.96565e+06		526.997		
00:00:12:650		1.54728e+07		0.166367		2.84443		529.728		6.96564e+06		527.002		
00:00:12:550		1.54728e+07		0.166421		2.84432		529.733		6.96564e+06		527.001		
00:00:12:449		1.54729e+07		0.166476		2.84421		529.737		6.96563e+06		526.994		
00:00:12:349		1.54729e+07		0.166531		2.84414		529.742		6.96563e+06		527		
00:00:12:199		1.5473e+07		0.166613		2.84404		529.748		6.96562e+06		526.992		
00:00:12:199		1.5473e+07		0.166613		2.84404		529.748		6.96562e+06		526.992		
00:00:12:099		1.5473e+07		0.166668		2.84393		529.754		6.96561e+06		527		
00:00:12:000		1.5473e+07		0.166723		2.84382		529.757		6.96561e+06		526.997		
00:00:11:900		1.54731e+07		0.166778		2.84371		529.763		6.9656e+06		526.996		
00:00:11:599		1.54732e+07		0.166942		2.84342		529.776		6.96559e+06		527		
00:00:11:599		1.54732e+07		0.166942		2.84342		529.776		6.96559e+06		527		
00:00:11:500		1.54732e+07		0.166997		2.84339		529.779		6.96558e+06		526.994		
00:00:11:500		1.54732e+07		0.166997		2.84339		529.779		6.96558e+06		526.994		
00:00:11:400		1.54732e+07		0.167052		2.84324		529.783		6.96558e+06		526.992		
00:00:11:300		1.54733e+07		0.167106		2.84317		529.789		6.96557e+06		526.993		
00:00:11:150		1.54733e+07		0.167189		2.84308		529.796		6.96556e+06		526.992		
00:00:11:050		1.54734e+07		0.167243		2.84296		529.8		6.96556e+06		526.991		
00:00:10:900		1.54734e+07		0.167325		2.84282		529.807		6.96555e+06		526.991		
00:00:10:900		1.54734e+07		0.167325		2.84282		529.807		6.96555e+06		526.991		
00:00:10:599		1.54735e+07		0.16749		2.84258		529.82		6.96553e+06		526.99		
00:00:10:599		1.54735e+07		0.16749		2.84258		529.82		6.96553e+06		526.99		
00:00:10:599		1.54735e+07		0.16749		2.84258		529.82		6.96553e+06		526.99		
00:00:10:400		1.54736e+07		0.167599		2.84236		529.829		6.96552e+06		526.988		
00:00:10:400		1.54736e+07		0.167599		2.84236		529.829		6.96552e+06		526.988		
00:00:10:300		1.54736e+07		0.167654		2.84229		529.833		6.96551e+06		526.981		
00:00:10:199		1.54737e+07		0.167709		2.84227		529.838		6.96551e+06		526.986		
00:00:10:099		1.54737e+07		0.167764		2.84216		529.842		6.9655e+06		526.985		
00:00:10:000		1.54737e+07		0.167819		2.84205		529.847		6.9655e+06		526.984		
00:00:09:900		1.54738e+07		0.167874		2.84194		529.851		6.96549e+06		526.986		
00:00:09:699		1.54738e+07		0.167929		2.84192		529.857		6.96549e+06		526.979		
00:00:09:699		1.54739e+07		0.167984		2.84176		529.86		6.96548e+06		526.985		
00:00:09:550		1.54739e+07		0.168067		2.84162		529.868		6.96547e+06		526.982		
00:00:09:449		1.54739e+07		0.168122		2.84155		529.871		6.96547e+06		526.982		
00:00:09:349		1.5474e+07		0.168177		2.84149		529.877		6.96546e+06		526.984		
00:00:09:250		1.5474e+07		0.168232		2.84142		529.881		6.96545e+06		526.981		
00:00:09:150		1.54741e+07		0.168287		2.84132		529.886		6.96545e+06		526.982		
00:00:09:050		1.54741e+07		0.168342		2.84121		529.89		6.96544e+06		526.974		
00:00:08:949		1.54741e+07		0.168397		2.84114		529.893		6.96544e+06		526.983		
00:00:08:849		1.54742e+07		0.168453		2.84112		529.899		6.96543e+06		526.983		
00:00:08:699		1.54742e+07		0.168536		2.84098		529.904		6.96542e+06		526.982		
00:00:08:699		1.54742e+07		0.168536		2.84098		529.904		6.96542e+06		526.982		
00:00:08:599		1.54743e+07		0.168591		2.84087		529.91		6.96542e+06		526.982		
00:00:08:500		1.54743e+07		0.168647		2.84081		529.914		6.96541e+06		526.981		
00:00:08:400		1.54743e+07		0.168703		2.84074		529.917		6.9654e+06		526.981		
00:00:08:300		1.54744e+07		0.168758		2.84068		529.923		6.9654e+06		526.981		
00:00:08:199		1.54744e+07		0.168814		2.84057		529.927		6.96539e+06		526.981		
00:00:08:050		1.54745e+07		0.168897		2.84043		529.934		6.96538e+06		526.981		
00:00:07:950		1.54745e+07		0.168953		2.84032		529.938		6.96538e+06		526.98		
00:00:07:849		1.54746e+07		0.169009		2.84026		529.943		6.96537e+06		526.98		
00:00:07:750		1.54746e+07		0.169065		2.8402		529.947		6.96536e+06		526.98		
00:00:07:650		1.54746e+07		0.16912		2.84013		529.951		6.96536e+06		526.98		
00:00:07:549		1.54747e+07		0.169176		2.84007		529.956		6.96535e+06		526.98		
00:00:07:450		1.54747e+07		0.169232		2.83996		529.96		6.96535e+06		526.98		
00:00:07:349		1.54748e+07		0.169289		2.83995		529.963		6.96534e+06		526.979		
00:00:07:250		1.54748e+07		0.169345		2.83979		529.967		6.96533e+06		526.979		
00:00:07:150		1.54749e+07		0.169402		2.83973		529.973		6.96533e+06		526.978		
00:00:07:049		1.54749e+07		0.169458		2.83967		529.976		6.96532e+06		526.975		
00:00:06:900		1.5475e+07		0.169543		2.83957		529.984		6.96531e+06		526.976		
00:00:06:900		1.5475e+07		0.169543		2.83957		529.984		6.96531e+06		526.976		
00:00:06:799		1.5475e+07		0.1696		2.83951		529.987		6.96531e+06		526.976		
00:00:06:599		1.54751e+07		0.169713		2.83934		529.995		6.96529e+06		526.971		
00:00:06:599		1.54751e+07		0.169713		2.83934		529.995		6.96529e+06		526.971		
00:00:06:500		1.54751e+07		0.16977		2.83932		530		6.96529e+06		526.978		
00:00:06:400		1.54752e+07		0.169826		2.83918		530.004		6.96528e+06		526.978		
00:00:06:200		1.54753e+07		0.169939		2.8391		530.013		6.96527e+06		526.977		
00:00:06:200		1.54753e+07		0.169939		2.8391		530.013		6.96527e+06		526.977		
00:00:06:099		1.54753e+07		0.169995		2.839		530.017		6.96526e+06		526.976		
00:00:05:950		1.54754e+07		0.17008		2.83886		530.022		6.96525e+06		526.969		
00:00:05:849		1.54754e+07		0.170138		2.8388		530.028		6.96525e+06		526.976		
00:00:05:750		1.54755e+07		0.170196		2.83874		530.031		6.96524e+06		526.976		
00:00:05:599		1.54755e+07		0.170283		2.8386		530.037		6.96523e+06		526.974		
00:00:05:599		1.54755e+07		0.170283		2.8386		530.037		6.96523e+06		526.974		
00:00:05:500		1.54756e+07		0.170341		2.83858		530.041		6.96522e+06		526.973		
00:00:05:400		1.54756e+07		0.170399		2.83851		530.044		6.96522e+06		526.973		
00:00:05:299		1.54757e+07		0.170456		2.83841		530.05		6.96521e+06		526.972		
00:00:05:200		1.54757e+07		0.170514		2.83839		530.052		6.9652e+06		526.97		
00:00:05:000		1.54758e+07		0.170625		2.83829		530.061		6.96519e+06		526.963		
00:00:04:900		1.54759e+07		0.170681		2.83819		530.065		6.96518e+06		526.969		
00:00:04:900		1.54759e+07		0.170681		2.83819		530.065		6.96518e+06		526.969		
00:00:04:700		1.54759e+07		0.170794		2.83809		530.072		6.96517e+06		526.967		
00:00:04:599		1.5476e+07		0.170851		2.83799		530.076		6.96516e+06		526.966		
00:00:04:599		1.5476e+07		0.170851		2.83799		530.076		6.96516e+06		526.966		
00:00:04:500		1.5476e+07		0.170909		2.83788		530.081		6.96516e+06		526.964		
00:00:04:400		1.54761e+07		0.170999		2.83778		530.087		6.96515e+06		526.962		
00:00:04:250		1.54762e+07		0.171059		2.83767		530.09		6.96514e+06		526.96		
00:00:04:150		1.54762e+07		0.171119		2.83769		530.094		6.96513e+06		526.959		
00:00:04:049		1.54763e+07		0.171178		2.83762		530.098		6.96512e+06		526.956		
00:00:04:000		1.54763e+07		0.171208		2.83763		530.1		6.96512e+06		526.955		
00:00:03:899		1.54764e+07		0.171266		2.83752		530.103		6.96511e+06		526.953		
00:00:03:799		1.54764e+07		0.171321		2.83752		530.107		6.96511e+06		526.951		
00:00:03:700		1.54765e+07		0.171375		2.83743		530.111		6.9651e+06		526.949		
00:00:03:600		1.54765e+07		0.171428		2.83744		530.112		6.96509e+06		526.946		
00:00:03:500		1.54766e+07		0.17148		2.83736		530.116		6.96509e+06		526.944		
00:00:03:399		1.54766e+07		0.171533		2.83729		530.12		6.96508e+06		526.941		
00:00:03:250		1.54767e+07		0.171615		2.83714		530.125		6.96507e+06		526.939		
00:00:03:149		1.54767e+07		0.171672		2.83704		530.129		6.96506e+06		526.936		
00:00:03:049		1.54768e+07		0.171732		2.83697		530.133		6.96505e+06		526.933		
00:00:02:950		1.54768e+07		0.171795		2.83684		530.138		6.96504e+06		526.93		
00:00:02:850		1.54769e+07		0.171859		2.83675		530.14		6.96504e+06		526.924		
00:00:02:750		1.5477e+07		0.171923		2.8367		530.142		6.96503e+06		526.921		
00:00:02:649		1.54771e+07		0.171984		2.83675		530.146		6.96502e+06		526.918		
00:00:02:549		1.54772e+07		0.172041		2.83677		530.149		6.96501e+06		526.914		
00:00:02:450		1.54773e+07		0.172093		2.83676		530.153		6.96501e+06		526.911		
00:00:02:350		1.54773e+07		0.172141		2.83687		530.155		6.965e+06		526.907		
00:00:02:250		1.54774e+07		0.172183		2.83683		530.159		6.96499e+06		526.901		
00:00:02:149		1.54774e+07		0.172223		2.83676		530.16		6.96498e+06		526.899		
00:00:02:049		1.54774e+07		0.172263		2.83665		530.164		6.96497e+06		526.895		
00:00:01:949		1.54774e+07		0.172305		2.83653		530.166		6.96497e+06		526.89		
00:00:01:850		1.54774e+07		0.172352		2.83634		530.169		6.96496e+06		526.897		
00:00:01:699		1.54775e+07		0.172436		2.83612		530.173		6.96495e+06		526.878		
00:00:01:649		1.54776e+07		0.172468		2.83602		530.175		6.96494e+06		526.869		
00:00:01:550		1.54777e+07		0.172534		2.8359		530.179		6.96493e+06		526.883		
00:00:01:449		1.54778e+07		0.172602		2.83576		530.181		6.96492e+06		526.865		
00:00:01:350		1.5478e+07		0.172668		2.8357		530.184		6.96492e+06		526.859		
00:00:01:250		1.54782e+07		0.172727		2.83584		530.188		6.96491e+06		526.852		
00:00:01:149		1.54784e+07		0.172774		2.83612		530.192		6.9649e+06		526.844		
00:00:01:050		1.54785e+07		0.172809		2.83634		530.195		6.96489e+06		526.83		
00:00:00:949		1.54786e+07		0.17283		2.8364		530.197		6.96488e+06		526.828		
00:00:00:849		1.54786e+07		0.172839		2.83609		530.201		6.96487e+06		526.823		
00:00:00:750		1.54786e+07		0.17284		2.8357		530.203		6.96486e+06		526.822		
00:00:00:650		1.54786e+07		0.172839		2.83569		530.208		6.96486e+06		526.824		
00:00:00:650		1.54786e+07		0.172839		2.83569		530.208		6.96486e+06		526.824		
00:00:00:500		1.54786e+07		0.172839		2.83573		530.21		6.96485e+06		526.824		
00:00:00:400		1.54786e+07		0.17284		2.83568		530.214		6.96485e+06		526.824		
00:00:00:299		1.54786e+07		0.17284		2.83568		530.216		6.96485e+06		526.816		
00:00:00:200		1.54785e+07		0.17284		2.83572		530.219		6.96484e+06		526.817		
00:00:00:100		1.54785e+07		0.17284		2.83572		530.221		6.96484e+06		526.821		
00:00:00:000		1.54785e+07		0.17284		2.83571		530.225		6.96483e+06		526.826		
00:00:00:000		1.54785e+07		0.17284		2.83571		530.225		6.96483e+06		526.826		
00:00:00:000		1.54785e+07		0.17284		2.83571		530.225		6.96483e+06		526.826		
00:00:00:000		1.54785e+07		0.17284		2.83571		530.225		6.96483e+06		526.826		
00:00:00:000		1.54785e+07		0.17284		2.83571		530.225		6.96483e+06		526.826		
00:00:00:000		1.54785e+07		0.17284		2.83571		530.225		6.96483e+06		526.826		
