	time 		rcpppzr	rcp054rcp007mnzoyout	rcv501std0102fvol	fwfrcp001gv	rcppmssga	msfsg(1)	
00:01:02:350		1.54445e+07		0.11184		2.95718		527.471		6.96874e+06		527.091		
00:01:02:250		1.54446e+07		0.111934		2.9569		527.473		6.96873e+06		527.099		
00:01:02:250		1.54446e+07		0.111934		2.9569		527.473		6.96873e+06		527.099		
00:01:02:149		1.54446e+07		0.112029		2.95659		527.475		6.96872e+06		527.1		
00:01:02:049		1.54446e+07		0.112123		2.95636		527.476		6.96871e+06		527.1		
00:01:01:950		1.54447e+07		0.112217		2.95596		527.478		6.96871e+06		527.098		
00:01:01:850		1.54447e+07		0.112311		2.95564		527.48		6.9687e+06		527.099		
00:01:01:750		1.54447e+07		0.112405		2.95547		527.482		6.96869e+06		527.093		
00:01:01:649		1.54448e+07		0.1125		2.95511		527.484		6.96868e+06		527.1		
00:01:01:549		1.54448e+07		0.112595		2.95484		527.486		6.96867e+06		527.102		
00:01:01:350		1.54449e+07		0.112783		2.95425		527.489		6.96865e+06		527.102		
00:01:01:200		1.54449e+07		0.112925		2.95381		527.493		6.96864e+06		527.105		
00:01:01:200		1.54449e+07		0.112925		2.95381		527.493		6.96864e+06		527.105		
00:01:01:100		1.5445e+07		0.11302		2.95346		527.493		6.96863e+06		527.106		
00:01:01:049		1.5445e+07		0.113067		2.9533		527.495		6.96863e+06		527.105		
00:01:00:899		1.54451e+07		0.113209		2.95291		527.499		6.96862e+06		527.099		
00:01:00:850		1.54451e+07		0.113256		2.95275		527.499		6.96861e+06		527.107		
00:01:00:750		1.54451e+07		0.113351		2.95244		527.5		6.9686e+06		527.107		
00:01:00:649		1.54452e+07		0.113446		2.95212		527.504		6.96859e+06		527.107		
00:01:00:549		1.54452e+07		0.113541		2.95185		527.504		6.96859e+06		527.101		
00:01:00:399		1.54452e+07		0.113683		2.95142		527.508		6.96857e+06		527.109		
00:01:00:299		1.54453e+07		0.113778		2.95111		527.51		6.96856e+06		527.112		
00:01:00:200		1.54453e+07		0.113873		2.95079		527.512		6.96856e+06		527.113		
00:01:00:100		1.54454e+07		0.113967		2.95048		527.513		6.96855e+06		527.112		
00:01:00:000		1.54454e+07		0.114062		2.9502		527.515		6.96854e+06		527.113		
00:00:59:950		1.54454e+07		0.11411		2.95009		527.515		6.96853e+06		527.114		
00:00:59:850		1.54455e+07		0.114205		2.94977		527.517		6.96853e+06		527.115		
00:00:59:750		1.54455e+07		0.1143		2.9495		527.519		6.96852e+06		527.116		
00:00:59:649		1.54455e+07		0.114395		2.94914		527.521		6.96851e+06		527.117		
00:00:59:549		1.54456e+07		0.114491		2.94887		527.525		6.9685e+06		527.117		
00:00:59:450		1.54456e+07		0.114585		2.94855		527.526		6.96849e+06		527.118		
00:00:59:350		1.54456e+07		0.114681		2.94837		527.528		6.96848e+06		527.115		
00:00:59:250		1.54457e+07		0.114776		2.94805		527.53		6.96847e+06		527.139		
00:00:59:149		1.54457e+07		0.114871		2.94769		527.532		6.96847e+06		527.12		
00:00:59:049		1.54458e+07		0.114966		2.94737		527.534		6.96846e+06		527.121		
00:00:58:950		1.54458e+07		0.115062		2.94712		527.537		6.96845e+06		527.122		
00:00:58:850		1.54458e+07		0.115157		2.94689		527.539		6.96844e+06		527.122		
00:00:58:750		1.54459e+07		0.115252		2.9467		527.541		6.96843e+06		527.123		
00:00:58:750		1.54459e+07		0.115252		2.9467		527.541		6.96843e+06		527.123		
00:00:58:649		1.54459e+07		0.115348		2.9463		527.543		6.96842e+06		527.124		
00:00:58:500		1.5446e+07		0.115491		2.94574		527.545		6.96841e+06		527.125		
00:00:58:299		1.5446e+07		0.115682		2.94532		527.55		6.96839e+06		527.133		
00:00:58:299		1.5446e+07		0.115682		2.94532		527.55		6.96839e+06		527.133		
00:00:58:200		1.54461e+07		0.115778		2.94505		527.552		6.96838e+06		527.13		
00:00:58:100		1.54461e+07		0.115874		2.94473		527.556		6.96838e+06		527.13		
00:00:57:950		1.54462e+07		0.116017		2.94425		527.558		6.96836e+06		527.131		
00:00:57:850		1.54462e+07		0.116113		2.94398		527.56		6.96835e+06		527.132		
00:00:57:700		1.54463e+07		0.116257		2.94359		527.563		6.96834e+06		527.14		
00:00:57:700		1.54463e+07		0.116257		2.94359		527.563		6.96834e+06		527.14		
00:00:57:500		1.54463e+07		0.116449		2.943		527.567		6.96832e+06		527.133		
00:00:57:500		1.54463e+07		0.116449		2.943		527.567		6.96832e+06		527.133		
00:00:57:299		1.54464e+07		0.116641		2.94245		527.573		6.96831e+06		527.14		
00:00:57:299		1.54464e+07		0.116641		2.94245		527.573		6.96831e+06		527.14		
00:00:57:200		1.54465e+07		0.116737		2.94214		527.574		6.9683e+06		527.141		
00:00:57:100		1.54465e+07		0.116833		2.94178		527.576		6.96829e+06		527.142		
00:00:57:000		1.54465e+07		0.11693		2.94159		527.578		6.96828e+06		527.143		
00:00:56:899		1.54466e+07		0.117026		2.94128		527.58		6.96827e+06		527.143		
00:00:56:799		1.54466e+07		0.117122		2.941		527.582		6.96827e+06		527.144		
00:00:56:700		1.54467e+07		0.117218		2.94077		527.586		6.96826e+06		527.149		
00:00:56:600		1.54467e+07		0.117315		2.94042		527.587		6.96825e+06		527.15		
00:00:56:399		1.54468e+07		0.117507		2.93987		527.591		6.96823e+06		527.152		
00:00:56:299		1.54468e+07		0.117604		2.93959		527.595		6.96822e+06		527.153		
00:00:56:299		1.54468e+07		0.117604		2.93959		527.595		6.96822e+06		527.153		
00:00:56:200		1.54469e+07		0.117701		2.93932		527.597		6.96821e+06		527.154		
00:00:56:100		1.54469e+07		0.117797		2.93905		527.599		6.96821e+06		527.155		
00:00:56:000		1.54469e+07		0.117894		2.93877		527.6		6.9682e+06		527.157		
00:00:55:899		1.5447e+07		0.11799		2.93842		527.602		6.96819e+06		527.16		
00:00:55:750		1.5447e+07		0.118135		2.93799		527.606		6.96818e+06		527.163		
00:00:55:649		1.54471e+07		0.118232		2.9378		527.61		6.96817e+06		527.164		
00:00:55:549		1.54471e+07		0.118329		2.9374		527.611		6.96816e+06		527.166		
00:00:55:399		1.54472e+07		0.118474		2.93706		527.615		6.96815e+06		527.167		
00:00:55:250		1.54472e+07		0.11862		2.93663		527.619		6.96814e+06		527.169		
00:00:55:250		1.54472e+07		0.11862		2.93663		527.619		6.96814e+06		527.169		
00:00:55:149		1.54473e+07		0.118717		2.93636		527.621		6.96813e+06		527.171		
00:00:55:049		1.54473e+07		0.118814		2.93604		527.624		6.96812e+06		527.173		
00:00:54:950		1.54473e+07		0.118911		2.93585		527.626		6.96811e+06		527.174		
00:00:54:850		1.54474e+07		0.119009		2.9355		527.628		6.9681e+06		527.175		
00:00:54:750		1.54474e+07		0.119105		2.93522		527.63		6.9681e+06		527.175		
00:00:54:649		1.54475e+07		0.119203		2.93503		527.634		6.96809e+06		527.177		
00:00:54:549		1.54475e+07		0.1193		2.93472		527.635		6.96808e+06		527.172		
00:00:54:450		1.54475e+07		0.119397		2.93449		527.637		6.96807e+06		527.182		
00:00:54:350		1.54476e+07		0.119495		2.93417		527.639		6.96806e+06		527.183		
00:00:54:250		1.54476e+07		0.119592		2.93402		527.643		6.96805e+06		527.185		
00:00:54:149		1.54477e+07		0.11969		2.93375		527.645		6.96805e+06		527.187		
00:00:54:049		1.54477e+07		0.119787		2.93347		527.647		6.96804e+06		527.188		
00:00:53:950		1.54477e+07		0.119885		2.93324		527.65		6.96803e+06		527.189		
00:00:53:950		1.54477e+07		0.119885		2.93324		527.65		6.96803e+06		527.189		
00:00:53:799		1.54478e+07		0.120031		2.93281		527.654		6.96802e+06		527.191		
00:00:53:750		1.54478e+07		0.12008		2.93274		527.654		6.96801e+06		527.192		
00:00:53:600		1.54479e+07		0.120226		2.93235		527.658		6.968e+06		527.193		
00:00:53:500		1.54479e+07		0.120325		2.93204		527.661		6.96799e+06		527.188		
00:00:53:299		1.5448e+07		0.12052		2.93157		527.665		6.96798e+06		527.196		
00:00:53:299		1.5448e+07		0.12052		2.93157		527.665		6.96798e+06		527.196		
00:00:53:200		1.5448e+07		0.120618		2.93117		527.669		6.96797e+06		527.202		
00:00:53:100		1.54481e+07		0.120716		2.93107		527.671		6.96796e+06		527.193		
00:00:53:000		1.54481e+07		0.120814		2.9308		527.674		6.96796e+06		527.202		
00:00:52:899		1.54482e+07		0.120912		2.93052		527.676		6.96795e+06		527.203		
00:00:52:799		1.54482e+07		0.12101		2.93025		527.68		6.96794e+06		527.198		
00:00:52:700		1.54482e+07		0.121108		2.93006		527.682		6.96793e+06		527.206		
00:00:52:600		1.54483e+07		0.121206		2.92975		527.685		6.96792e+06		527.207		
00:00:52:500		1.54483e+07		0.121305		2.92951		527.687		6.96792e+06		527.208		
00:00:52:299		1.54484e+07		0.121501		2.92901		527.693		6.9679e+06		527.215		
00:00:52:299		1.54484e+07		0.121501		2.92901		527.693		6.9679e+06		527.215		
00:00:52:200		1.54485e+07		0.121599		2.92878		527.695		6.96789e+06		527.205		
00:00:52:100		1.54485e+07		0.121698		2.92855		527.698		6.96789e+06		527.215		
00:00:52:000		1.54485e+07		0.121797		2.92823		527.7		6.96788e+06		527.216		
00:00:51:899		1.54486e+07		0.121895		2.928		527.704		6.96787e+06		527.218		
00:00:51:799		1.54486e+07		0.121994		2.92777		527.706		6.96786e+06		527.219		
00:00:51:700		1.54487e+07		0.122092		2.92746		527.708		6.96785e+06		527.214		
00:00:51:600		1.54487e+07		0.12219		2.92723		527.711		6.96785e+06		527.223		
00:00:51:500		1.54487e+07		0.122289		2.92704		527.713		6.96784e+06		527.225		
00:00:51:299		1.54488e+07		0.122487		2.92653		527.721		6.96782e+06		527.228		
00:00:51:299		1.54488e+07		0.122487		2.92653		527.721		6.96782e+06		527.228		
00:00:51:200		1.54489e+07		0.122586		2.92622		527.722		6.96782e+06		527.223		
00:00:51:100		1.54489e+07		0.122684		2.92599		527.726		6.96781e+06		527.231		
00:00:51:000		1.54489e+07		0.122784		2.92576		527.728		6.9678e+06		527.229		
00:00:50:899		1.5449e+07		0.122882		2.92553		527.73		6.96779e+06		527.25		
00:00:50:799		1.5449e+07		0.122982		2.92525		527.733		6.96779e+06		527.233		
00:00:50:600		1.54491e+07		0.123179		2.92485		527.739		6.96777e+06		527.237		
00:00:50:600		1.54491e+07		0.123179		2.92485		527.739		6.96777e+06		527.237		
00:00:50:399		1.54492e+07		0.123377		2.9243		527.745		6.96776e+06		527.24		
00:00:50:299		1.54492e+07		0.123477		2.92407		527.748		6.96775e+06		527.241		
00:00:50:299		1.54492e+07		0.123477		2.92407		527.748		6.96775e+06		527.241		
00:00:50:149		1.54493e+07		0.123626		2.92368		527.752		6.96774e+06		527.243		
00:00:50:049		1.54493e+07		0.123724		2.92345		527.756		6.96773e+06		527.244		
00:00:49:950		1.54494e+07		0.123824		2.92322		527.757		6.96773e+06		527.245		
00:00:49:850		1.54494e+07		0.123923		2.92299		527.761		6.96772e+06		527.246		
00:00:49:750		1.54495e+07		0.124023		2.92276		527.763		6.96771e+06		527.246		
00:00:49:649		1.54495e+07		0.124123		2.92244		527.767		6.9677e+06		527.25		
00:00:49:549		1.54496e+07		0.124222		2.92221		527.77		6.9677e+06		527.251		
00:00:49:350		1.54496e+07		0.124421		2.92175		527.776		6.96768e+06		527.252		
00:00:49:250		1.54497e+07		0.12452		2.92152		527.778		6.96768e+06		527.255		
00:00:49:250		1.54497e+07		0.12452		2.92152		527.778		6.96768e+06		527.255		
00:00:49:149		1.54497e+07		0.12462		2.92125		527.781		6.96767e+06		527.255		
00:00:49:049		1.54498e+07		0.12472		2.92102		527.783		6.96766e+06		527.256		
00:00:48:950		1.54498e+07		0.124819		2.92078		527.787		6.96765e+06		527.263		
00:00:48:850		1.54498e+07		0.124919		2.92051		527.791		6.96765e+06		527.26		
00:00:48:750		1.54499e+07		0.12502		2.92028		527.793		6.96764e+06		527.269		
00:00:48:649		1.54499e+07		0.125119		2.92001		527.796		6.96763e+06		527.249		
00:00:48:549		1.545e+07		0.125219		2.91978		527.798		6.96763e+06		527.264		
00:00:48:450		1.545e+07		0.125319		2.91955		527.802		6.96762e+06		527.266		
00:00:48:350		1.54501e+07		0.125419		2.91927		527.806		6.96761e+06		527.267		
00:00:48:250		1.54501e+07		0.125519		2.91904		527.807		6.96761e+06		527.268		
00:00:48:149		1.54501e+07		0.125619		2.91881		527.811		6.9676e+06		527.27		
00:00:48:049		1.54502e+07		0.125719		2.91862		527.815		6.96759e+06		527.27		
00:00:47:950		1.54502e+07		0.125819		2.91835		527.817		6.96759e+06		527.271		
00:00:47:850		1.54503e+07		0.125919		2.91812		527.82		6.96758e+06		527.272		
00:00:47:750		1.54503e+07		0.12602		2.91785		527.822		6.96757e+06		527.272		
00:00:47:649		1.54504e+07		0.12612		2.91758		527.826		6.96757e+06		527.273		
00:00:47:549		1.54504e+07		0.12622		2.91734		527.83		6.96756e+06		527.281		
00:00:47:549		1.54504e+07		0.12622		2.91734		527.83		6.96756e+06		527.281		
00:00:47:299		1.54505e+07		0.126471		2.91677		527.837		6.96754e+06		527.278		
00:00:47:299		1.54505e+07		0.126471		2.91677		527.837		6.96754e+06		527.278		
00:00:47:200		1.54506e+07		0.126572		2.91654		527.839		6.96754e+06		527.279		
00:00:47:100		1.54506e+07		0.126672		2.91627		527.842		6.96753e+06		527.28		
00:00:47:000		1.54506e+07		0.126772		2.91603		527.846		6.96752e+06		527.281		
00:00:46:799		1.54507e+07		0.126974		2.91557		527.852		6.96751e+06		527.285		
00:00:46:799		1.54507e+07		0.126974		2.91557		527.852		6.96751e+06		527.285		
00:00:46:700		1.54508e+07		0.127074		2.91534		527.855		6.9675e+06		527.286		
00:00:46:600		1.54508e+07		0.127175		2.91504		527.859		6.9675e+06		527.287		
00:00:46:399		1.54509e+07		0.127376		2.91462		527.865		6.96748e+06		527.289		
00:00:46:299		1.54509e+07		0.127477		2.91439		527.868		6.96748e+06		527.29		
00:00:46:299		1.54509e+07		0.127477		2.91439		527.868		6.96748e+06		527.29		
00:00:46:200		1.5451e+07		0.127578		2.9142		527.872		6.96747e+06		527.29		
00:00:46:100		1.5451e+07		0.127678		2.91397		527.876		6.96746e+06		527.289		
00:00:46:000		1.54511e+07		0.127779		2.9137		527.878		6.96746e+06		527.288		
00:00:45:850		1.54511e+07		0.127931		2.91339		527.883		6.96745e+06		527.292		
00:00:45:750		1.54512e+07		0.128032		2.91316		527.887		6.96744e+06		527.287		
00:00:45:700		1.54512e+07		0.128082		2.91301		527.889		6.96744e+06		527.287		
00:00:45:600		1.54513e+07		0.128183		2.91273		527.891		6.96743e+06		527.296		
00:00:45:500		1.54513e+07		0.128284		2.91254		527.894		6.96743e+06		527.297		
00:00:45:299		1.54514e+07		0.128486		2.91208		527.902		6.96741e+06		527.298		
00:00:45:299		1.54514e+07		0.128486		2.91208		527.902		6.96741e+06		527.298		
00:00:45:200		1.54514e+07		0.128588		2.91185		527.905		6.96741e+06		527.3		
00:00:45:100		1.54515e+07		0.128689		2.91158		527.909		6.9674e+06		527.3		
00:00:45:000		1.54515e+07		0.12879		2.91139		527.911		6.96739e+06		527.3		
00:00:44:899		1.54516e+07		0.128891		2.91112		527.915		6.96739e+06		527.295		
00:00:44:750		1.54516e+07		0.129044		2.91077		527.92		6.96738e+06		527.301		
00:00:44:649		1.54517e+07		0.129145		2.91055		527.924		6.96737e+06		527.295		
00:00:44:549		1.54517e+07		0.129246		2.91032		527.927		6.96737e+06		527.305		
00:00:44:350		1.54518e+07		0.129449		2.90985		527.935		6.96735e+06		527.305		
00:00:44:250		1.54518e+07		0.12955		2.90958		527.939		6.96735e+06		527.3		
00:00:44:250		1.54518e+07		0.12955		2.90958		527.939		6.96735e+06		527.3		
00:00:44:149		1.54519e+07		0.129652		2.90931		527.94		6.96734e+06		527.309		
00:00:44:049		1.54519e+07		0.129754		2.90916		527.944		6.96733e+06		527.308		
00:00:43:950		1.5452e+07		0.129855		2.90893		527.948		6.96733e+06		527.311		
00:00:43:850		1.5452e+07		0.129957		2.9087		527.952		6.96732e+06		527.312		
00:00:43:750		1.54521e+07		0.130058		2.90843		527.955		6.96732e+06		527.311		
00:00:43:649		1.54521e+07		0.13016		2.9082		527.959		6.96731e+06		527.306		
00:00:43:549		1.54522e+07		0.130262		2.90805		527.961		6.9673e+06		527.315		
00:00:43:450		1.54522e+07		0.130363		2.90778		527.964		6.9673e+06		527.314		
00:00:43:350		1.54523e+07		0.130466		2.90755		527.968		6.96729e+06		527.325		
00:00:43:250		1.54523e+07		0.130567		2.90732		527.972		6.96729e+06		527.307		
00:00:43:149		1.54523e+07		0.130669		2.90709		527.976		6.96728e+06		527.319		
00:00:43:149		1.54523e+07		0.130669		2.90709		527.976		6.96728e+06		527.319		
00:00:43:049		1.54524e+07		0.130772		2.90691		527.979		6.96727e+06		527.319		
00:00:42:850		1.54525e+07		0.130975		2.9064		527.987		6.96726e+06		527.322		
00:00:42:700		1.54525e+07		0.131128		2.90606		527.992		6.96725e+06		527.322		
00:00:42:700		1.54525e+07		0.131128		2.90606		527.992		6.96725e+06		527.322		
00:00:42:600		1.54526e+07		0.13123		2.90583		527.996		6.96725e+06		527.323		
00:00:42:500		1.54526e+07		0.131332		2.90568		528		6.96724e+06		527.321		
00:00:42:350		1.54527e+07		0.131485		2.90525		528.005		6.96723e+06		527.344		
00:00:42:250		1.54527e+07		0.131485		2.90525		528.005		6.96723e+06		527.344		
00:00:42:250		1.54527e+07		0.131588		2.90499		528.011		6.96723e+06		527.319		
00:00:42:100		1.54528e+07		0.131741		2.90473		528.016		6.96722e+06		527.328		
00:00:42:000		1.54529e+07		0.131843		2.9045		528.02		6.96721e+06		527.328		
00:00:41:899		1.54529e+07		0.131945		2.90431		528.024		6.96721e+06		527.329		
00:00:41:700		1.5453e+07		0.132048		2.90404		528.027		6.9672e+06		527.329		
00:00:41:700		1.5453e+07		0.13215		2.90381		528.031		6.9672e+06		527.33		
00:00:41:600		1.5453e+07		0.132252		2.90362		528.035		6.96719e+06		527.33		
00:00:41:500		1.54531e+07		0.132355		2.90335		528.038		6.96719e+06		527.329		
00:00:41:399		1.54531e+07		0.132457		2.90316		528.042		6.96718e+06		527.331		
00:00:41:299		1.54532e+07		0.132559		2.90293		528.046		6.96717e+06		527.333		
00:00:41:200		1.54532e+07		0.132662		2.9027		528.049		6.96717e+06		527.334		
00:00:41:100		1.54533e+07		0.132765		2.90251		528.055		6.96716e+06		527.333		
00:00:41:000		1.54533e+07		0.132867		2.90224		528.059		6.96716e+06		527.34		
00:00:40:899		1.54534e+07		0.132969		2.90206		528.062		6.96715e+06		527.336		
00:00:40:750		1.54534e+07		0.133123		2.90175		528.068		6.96714e+06		527.336		
00:00:40:700		1.54535e+07		0.133174		2.90159		528.07		6.96714e+06		527.335		
00:00:40:600		1.54535e+07		0.133277		2.90136		528.073		6.96714e+06		527.343		
00:00:40:399		1.54536e+07		0.133483		2.90095		528.081		6.96713e+06		527.339		
00:00:40:299		1.54536e+07		0.133585		2.90072		528.085		6.96712e+06		527.338		
00:00:40:299		1.54536e+07		0.133585		2.90072		528.085		6.96712e+06		527.338		
00:00:40:200		1.54537e+07		0.133688		2.90049		528.088		6.96712e+06		527.339		
00:00:40:049		1.54538e+07		0.133842		2.90019		528.094		6.96711e+06		527.34		
00:00:39:950		1.54538e+07		0.133945		2.89991		528.097		6.9671e+06		527.339		
00:00:39:850		1.54539e+07		0.134048		2.89973		528.101		6.9671e+06		527.341		
00:00:39:750		1.54539e+07		0.13415		2.8995		528.105		6.96709e+06		527.34		
00:00:39:649		1.54539e+07		0.134253		2.89927		528.109		6.96709e+06		527.344		
00:00:39:549		1.5454e+07		0.134356		2.89908		528.112		6.96708e+06		527.344		
00:00:39:500		1.5454e+07		0.134408		2.89892		528.114		6.96708e+06		527.345		
00:00:39:250		1.54541e+07		0.134665		2.89843		528.125		6.96707e+06		527.346		
00:00:39:250		1.54541e+07		0.134665		2.89843		528.125		6.96707e+06		527.346		
00:00:39:149		1.54542e+07		0.134768		2.89812		528.131		6.96706e+06		527.346		
00:00:39:049		1.54542e+07		0.134871		2.89793		528.134		6.96706e+06		527.345		
00:00:38:950		1.54543e+07		0.134974		2.89774		528.138		6.96705e+06		527.345		
00:00:38:850		1.54543e+07		0.135077		2.89747		528.144		6.96705e+06		527.347		
00:00:38:750		1.54544e+07		0.13518		2.89728		528.147		6.96704e+06		527.348		
00:00:38:649		1.54544e+07		0.135283		2.8971		528.151		6.96704e+06		527.348		
00:00:38:549		1.54545e+07		0.135386		2.89687		528.155		6.96703e+06		527.348		
00:00:38:450		1.54545e+07		0.135489		2.89664		528.16		6.96703e+06		527.347		
00:00:38:350		1.54546e+07		0.135592		2.89641		528.164		6.96702e+06		527.346		
00:00:38:250		1.54546e+07		0.135695		2.89618		528.168		6.96701e+06		527.356		
00:00:38:149		1.54547e+07		0.135798		2.89608		528.173		6.96701e+06		527.348		
00:00:38:049		1.54547e+07		0.135901		2.89576		528.177		6.967e+06		527.347		
00:00:37:899		1.54548e+07		0.136056		2.89542		528.182		6.967e+06		527.343		
00:00:37:899		1.54548e+07		0.136056		2.89542		528.182		6.967e+06		527.343		
00:00:37:799		1.54548e+07		0.136159		2.89523		528.188		6.96699e+06		527.35		
00:00:37:600		1.54549e+07		0.136365		2.89483		528.195		6.96698e+06		527.352		
00:00:37:600		1.54549e+07		0.136365		2.89483		528.195		6.96698e+06		527.352		
00:00:37:549		1.5455e+07		0.136469		2.89469		528.197		6.96698e+06		527.352		
00:00:37:350		1.5455e+07		0.136624		2.89434		528.206		6.96697e+06		527.352		
00:00:37:200		1.54551e+07		0.136778		2.89403		528.212		6.96696e+06		527.353		
00:00:37:200		1.54551e+07		0.136778		2.89403		528.212		6.96696e+06		527.353		
00:00:37:100		1.54552e+07		0.136882		2.8938		528.217		6.96696e+06		527.352		
00:00:37:000		1.54552e+07		0.136985		2.89358		528.221		6.96695e+06		527.351		
00:00:36:899		1.54553e+07		0.137089		2.89334		528.225		6.96695e+06		527.354		
00:00:36:700		1.54553e+07		0.137295		2.89297		528.234		6.96694e+06		527.352		
00:00:36:700		1.54553e+07		0.137295		2.89297		528.234		6.96694e+06		527.352		
00:00:36:500		1.54554e+07		0.137502		2.89251		528.243		6.96693e+06		527.353		
00:00:36:500		1.54554e+07		0.137502		2.89251		528.243		6.96693e+06		527.353		
00:00:36:299		1.54555e+07		0.137709		2.8921		528.253		6.96692e+06		527.347		
00:00:36:299		1.54555e+07		0.137709		2.8921		528.253		6.96692e+06		527.347		
00:00:36:200		1.54556e+07		0.137813		2.89191		528.256		6.96692e+06		527.353		
00:00:36:100		1.54556e+07		0.137916		2.89168		528.262		6.96691e+06		527.348		
00:00:36:000		1.54557e+07		0.13802		2.89149		528.266		6.96691e+06		527.356		
00:00:35:899		1.54557e+07		0.138123		2.89122		528.269		6.9669e+06		527.355		
00:00:35:799		1.54558e+07		0.138226		2.89108		528.273		6.9669e+06		527.355		
00:00:35:700		1.54558e+07		0.13833		2.89081		528.278		6.96689e+06		527.349		
00:00:35:600		1.54559e+07		0.138433		2.89062		528.282		6.96689e+06		527.356		
00:00:35:500		1.54559e+07		0.138537		2.89043		528.288		6.96688e+06		527.355		
00:00:35:250		1.54561e+07		0.138796		2.8899		528.299		6.96687e+06		527.356		
00:00:35:250		1.54561e+07		0.138796		2.8899		528.299		6.96687e+06		527.356		
00:00:35:200		1.54561e+07		0.138847		2.88979		528.301		6.96687e+06		527.356		
00:00:35:100		1.54561e+07		0.138951		2.88956		528.306		6.96686e+06		527.355		
00:00:35:000		1.54562e+07		0.139054		2.88937		528.312		6.96686e+06		527.357		
00:00:34:899		1.54562e+07		0.139158		2.88914		528.315		6.96686e+06		527.358		
00:00:34:799		1.54563e+07		0.139262		2.88896		528.321		6.96685e+06		527.357		
00:00:34:700		1.54563e+07		0.139365		2.88877		528.326		6.96685e+06		527.357		
00:00:34:600		1.54564e+07		0.139469		2.88854		528.332		6.96684e+06		527.357		
00:00:34:500		1.54564e+07		0.139572		2.88835		528.336		6.96684e+06		527.356		
00:00:34:299		1.54565e+07		0.13978		2.88798		528.347		6.96683e+06		527.353		
00:00:34:299		1.54565e+07		0.13978		2.88798		528.347		6.96683e+06		527.353		
00:00:34:200		1.54566e+07		0.139883		2.88775		528.35		6.96682e+06		527.347		
00:00:34:100		1.54566e+07		0.139987		2.88752		528.356		6.96682e+06		527.358		
00:00:33:950		1.54567e+07		0.140142		2.88722		528.363		6.96681e+06		527.357		
00:00:33:850		1.54567e+07		0.140245		2.88703		528.369		6.96681e+06		527.357		
00:00:33:750		1.54568e+07		0.140349		2.88685		528.374		6.9668e+06		527.356		
00:00:33:649		1.54568e+07		0.140453		2.88666		528.378		6.9668e+06		527.355		
00:00:33:549		1.54569e+07		0.140556		2.88643		528.384		6.9668e+06		527.349		
00:00:33:450		1.54569e+07		0.14066		2.8862		528.389		6.96679e+06		527.357		
00:00:33:350		1.5457e+07		0.140764		2.88602		528.393		6.96679e+06		527.356		
00:00:33:250		1.5457e+07		0.140867		2.88579		528.398		6.96678e+06		527.356		
00:00:33:149		1.54571e+07		0.140971		2.88556		528.404		6.96678e+06		527.355		
00:00:33:049		1.54571e+07		0.141075		2.88541		528.408		6.96677e+06		527.354		
00:00:32:950		1.54572e+07		0.141178		2.88519		528.413		6.96677e+06		527.354		
00:00:32:850		1.54572e+07		0.141282		2.885		528.419		6.96677e+06		527.359		
00:00:32:750		1.54573e+07		0.141385		2.88481		528.422		6.96676e+06		527.344		
00:00:32:750		1.54573e+07		0.141385		2.88481		528.422		6.96676e+06		527.344		
00:00:32:500		1.54574e+07		0.141644		2.88428		528.435		6.96675e+06		527.356		
00:00:32:500		1.54574e+07		0.141644		2.88428		528.435		6.96675e+06		527.356		
00:00:32:350		1.54575e+07		0.141799		2.88403		528.443		6.96674e+06		527.355		
00:00:32:250		1.54575e+07		0.141903		2.8838		528.448		6.96674e+06		527.355		
00:00:32:149		1.54576e+07		0.142006		2.88357		528.452		6.96674e+06		527.355		
00:00:32:049		1.54576e+07		0.14211		2.88343		528.458		6.96673e+06		527.354		
00:00:32:049		1.54576e+07		0.14211		2.88343		528.458		6.96673e+06		527.354		
00:00:31:899		1.54577e+07		0.142265		2.88308		528.465		6.96673e+06		527.353		
00:00:31:800		1.54578e+07		0.142369		2.88294		528.47		6.96672e+06		527.353		
00:00:31:699		1.54578e+07		0.142472		2.88271		528.474		6.96672e+06		527.352		
00:00:31:600		1.54579e+07		0.142576		2.88248		528.48		6.96671e+06		527.352		
00:00:31:350		1.5458e+07		0.142835		2.88195		528.493		6.9667e+06		527.35		
00:00:31:199		1.54581e+07		0.14299		2.88165		528.5		6.9667e+06		527.35		
00:00:31:199		1.54581e+07		0.14299		2.88165		528.5		6.9667e+06		527.35		
00:00:31:199		1.54581e+07		0.14299		2.88165		528.5		6.9667e+06		527.35		
00:00:31:100		1.54581e+07		0.143093		2.88151		528.505		6.96669e+06		527.348		
00:00:31:000		1.54582e+07		0.143197		2.88132		528.511		6.96669e+06		527.34		
00:00:30:800		1.54583e+07		0.143403		2.88095		528.522		6.96668e+06		527.349		
00:00:30:699		1.54583e+07		0.143507		2.88072		528.526		6.96668e+06		527.347		
00:00:30:699		1.54583e+07		0.143507		2.88072		528.526		6.96668e+06		527.347		
00:00:30:600		1.54584e+07		0.14361		2.88053		528.531		6.96667e+06		527.346		
00:00:30:500		1.54584e+07		0.143713		2.88035		528.537		6.96667e+06		527.347		
00:00:30:399		1.54585e+07		0.143816		2.88012		528.542		6.96666e+06		527.346		
00:00:30:300		1.54585e+07		0.14392		2.87998		528.546		6.96666e+06		527.351		
00:00:30:199		1.54586e+07		0.144023		2.87979		528.552		6.96666e+06		527.346		
00:00:30:100		1.54586e+07		0.144126		2.87956		528.557		6.96665e+06		527.345		
00:00:30:000		1.54587e+07		0.144229		2.87933		528.563		6.96665e+06		527.342		
00:00:29:899		1.54587e+07		0.144333		2.87923		528.566		6.96664e+06		527.342		
00:00:29:750		1.54588e+07		0.144488		2.87889		528.576		6.96664e+06		527.343		
00:00:29:649		1.54589e+07		0.144591		2.87871		528.579		6.96663e+06		527.348		
00:00:29:550		1.54589e+07		0.144694		2.87852		528.585		6.96663e+06		527.343		
00:00:29:500		1.54589e+07		0.144745		2.8784		528.587		6.96663e+06		527.343		
00:00:29:300		1.5459e+07		0.144952		2.87803		528.598		6.96662e+06		527.339		
00:00:29:300		1.5459e+07		0.144952		2.87803		528.598		6.96662e+06		527.339		
00:00:29:149		1.54591e+07		0.145106		2.87778		528.607		6.96661e+06		527.34		
00:00:29:050		1.54592e+07		0.145209		2.87763		528.611		6.96661e+06		527.337		
00:00:28:949		1.54592e+07		0.145312		2.87741		528.616		6.96661e+06		527.338		
00:00:28:899		1.54592e+07		0.145364		2.87733		528.618		6.9666e+06		527.336		
00:00:28:800		1.54593e+07		0.145467		2.8771		528.624		6.9666e+06		527.343		
00:00:28:699		1.54593e+07		0.14557		2.87692		528.629		6.9666e+06		527.338		
00:00:28:600		1.54594e+07		0.145672		2.87673		528.635		6.96659e+06		527.337		
00:00:28:500		1.54594e+07		0.145776		2.87659		528.64		6.96659e+06		527.335		
00:00:28:399		1.54595e+07		0.145878		2.87645		528.646		6.96658e+06		527.34		
00:00:28:250		1.54596e+07		0.146033		2.8761		528.653		6.96658e+06		527.334		
00:00:28:149		1.54596e+07		0.146135		2.87592		528.659		6.96657e+06		527.335		
00:00:28:050		1.54597e+07		0.146238		2.87573		528.664		6.96657e+06		527.334		
00:00:27:949		1.54597e+07		0.146341		2.87563		528.67		6.96657e+06		527.333		
00:00:27:850		1.54598e+07		0.146444		2.87532		528.675		6.96656e+06		527.331		
00:00:27:750		1.54598e+07		0.146546		2.87513		528.681		6.96656e+06		527.336		
00:00:27:649		1.54599e+07		0.146649		2.87499		528.686		6.96655e+06		527.331		
00:00:27:550		1.54599e+07		0.146751		2.87485		528.692		6.96655e+06		527.328		
00:00:27:449		1.546e+07		0.146854		2.87466		528.697		6.96655e+06		527.33		
00:00:27:350		1.546e+07		0.146956		2.87448		528.703		6.96654e+06		527.328		
00:00:27:250		1.54601e+07		0.147059		2.87429		528.707		6.96654e+06		527.328		
00:00:27:149		1.54601e+07		0.147161		2.87406		528.712		6.96653e+06		527.327		
00:00:27:149		1.54601e+07		0.147161		2.87406		528.712		6.96653e+06		527.327		
00:00:26:899		1.54603e+07		0.147417		2.87371		528.727		6.96652e+06		527.324		
00:00:26:899		1.54603e+07		0.147417		2.87371		528.727		6.96652e+06		527.324		
00:00:26:800		1.54603e+07		0.14752		2.87344		528.732		6.96652e+06		527.322		
00:00:26:699		1.54604e+07		0.147622		2.87329		528.738		6.96652e+06		527.322		
00:00:26:649		1.54604e+07		0.147673		2.87318		528.74		6.96651e+06		527.322		
00:00:26:500		1.54605e+07		0.147826		2.87292		528.749		6.96651e+06		527.322		
00:00:26:300		1.54606e+07		0.14803		2.8726		528.76		6.9665e+06		527.321		
00:00:26:199		1.54606e+07		0.148132		2.87245		528.766		6.9665e+06		527.32		
00:00:26:199		1.54606e+07		0.148132		2.87245		528.766		6.9665e+06		527.32		
00:00:26:100		1.54607e+07		0.148234		2.87223		528.771		6.96649e+06		527.32		
00:00:26:000		1.54607e+07		0.148336		2.87204		528.777		6.96649e+06		527.32		
00:00:25:800		1.54609e+07		0.14854		2.87171		528.788		6.96648e+06		527.301		
00:00:25:800		1.54609e+07		0.14854		2.87171		528.788		6.96648e+06		527.301		
00:00:25:750		1.54609e+07		0.148591		2.87168		528.791		6.96648e+06		527.326		
00:00:25:649		1.54609e+07		0.148693		2.87141		528.797		6.96648e+06		527.315		
00:00:25:500		1.5461e+07		0.148846		2.8712		528.804		6.96647e+06		527.313		
00:00:25:300		1.54611e+07		0.149049		2.87087		528.817		6.96646e+06		527.308		
00:00:25:300		1.54611e+07		0.149049		2.87087		528.817		6.96646e+06		527.308		
00:00:25:199		1.54612e+07		0.14915		2.87073		528.823		6.96646e+06		527.305		
00:00:25:100		1.54612e+07		0.149252		2.8705		528.828		6.96645e+06		527.32		
00:00:25:000		1.54613e+07		0.149353		2.87036		528.834		6.96645e+06		527.305		
00:00:24:899		1.54613e+07		0.149455		2.87013		528.839		6.96645e+06		527.305		
00:00:24:800		1.54614e+07		0.149556		2.87003		528.845		6.96644e+06		527.303		
00:00:24:600		1.54615e+07		0.149759		2.86971		528.856		6.96643e+06		527.301		
00:00:24:500		1.54615e+07		0.149759		2.86971		528.856		6.96643e+06		527.301		
00:00:24:500		1.54615e+07		0.14986		2.86948		528.862		6.96643e+06		527.3		
00:00:24:399		1.54616e+07		0.149961		2.86933		528.867		6.96643e+06		527.298		
00:00:24:300		1.54616e+07		0.150063		2.86915		528.873		6.96642e+06		527.298		
00:00:24:149		1.54617e+07		0.150214		2.86898		528.882		6.96642e+06		527.295		
00:00:24:050		1.54618e+07		0.150315		2.86875		528.887		6.96641e+06		527.293		
00:00:23:949		1.54618e+07		0.150416		2.86861		528.891		6.96641e+06		527.286		
00:00:23:899		1.54619e+07		0.150466		2.86849		528.895		6.96641e+06		527.291		
00:00:23:800		1.54619e+07		0.150568		2.8684		528.9		6.9664e+06		527.292		
00:00:23:649		1.5462e+07		0.150719		2.8681		528.91		6.9664e+06		527.288		
00:00:23:550		1.5462e+07		0.150819		2.86795		528.915		6.96639e+06		527.281		
00:00:23:449		1.54621e+07		0.15092		2.86777		528.921		6.96639e+06		527.276		
00:00:23:300		1.54622e+07		0.151071		2.86756		528.928		6.96638e+06		527.274		
00:00:23:149		1.54623e+07		0.151222		2.8673		528.937		6.96638e+06		527.283		
00:00:23:149		1.54623e+07		0.151222		2.8673		528.937		6.96638e+06		527.283		
00:00:23:050		1.54623e+07		0.151322		2.86712		528.943		6.96637e+06		527.282		
00:00:22:949		1.54624e+07		0.151423		2.86702		528.948		6.96637e+06		527.28		
00:00:22:850		1.54624e+07		0.151523		2.86683		528.954		6.96636e+06		527.278		
00:00:22:750		1.54625e+07		0.151624		2.86669		528.959		6.96636e+06		527.276		
00:00:22:649		1.54625e+07		0.151724		2.8665		528.965		6.96635e+06		527.273		
00:00:22:550		1.54626e+07		0.151824		2.86632		528.97		6.96635e+06		527.273		
00:00:22:449		1.54626e+07		0.151924		2.86618		528.978		6.96635e+06		527.271		
00:00:22:350		1.54627e+07		0.152024		2.86604		528.983		6.96634e+06		527.269		
00:00:22:250		1.54627e+07		0.152124		2.86581		528.989		6.96634e+06		527.268		
00:00:22:149		1.54628e+07		0.152224		2.86567		528.996		6.96633e+06		527.266		
00:00:22:050		1.54628e+07		0.152324		2.86552		529.004		6.96633e+06		527.264		
00:00:21:949		1.54629e+07		0.152424		2.86538		529.007		6.96632e+06		527.262		
00:00:21:850		1.5463e+07		0.152524		2.8652		529.013		6.96632e+06		527.261		
00:00:21:750		1.5463e+07		0.152624		2.86501		529.02		6.96632e+06		527.257		
00:00:21:649		1.54631e+07		0.152723		2.86487		529.026		6.96631e+06		527.257		
00:00:21:550		1.54631e+07		0.152823		2.86473		529.031		6.96631e+06		527.261		
00:00:21:449		1.54632e+07		0.152923		2.86454		529.037		6.9663e+06		527.254		
00:00:21:449		1.54632e+07		0.152923		2.86454		529.037		6.9663e+06		527.254		
00:00:21:199		1.54633e+07		0.153172		2.86415		529.052		6.96629e+06		527.251		
00:00:21:199		1.54633e+07		0.153172		2.86415		529.052		6.96629e+06		527.251		
00:00:21:100		1.54634e+07		0.153271		2.86401		529.059		6.96629e+06		527.249		
00:00:21:000		1.54634e+07		0.153371		2.86386		529.064		6.96628e+06		527.248		
00:00:20:899		1.54635e+07		0.15347		2.86368		529.07		6.96628e+06		527.246		
00:00:20:800		1.54635e+07		0.153569		2.86354		529.076		6.96627e+06		527.245		
00:00:20:699		1.54636e+07		0.153668		2.86335		529.083		6.96627e+06		527.243		
00:00:20:600		1.54636e+07		0.153768		2.86321		529.088		6.96626e+06		527.242		
00:00:20:500		1.54637e+07		0.153867		2.86307		529.094		6.96626e+06		527.241		
00:00:20:399		1.54637e+07		0.153966		2.86288		529.101		6.96625e+06		527.239		
00:00:20:199		1.54638e+07		0.154164		2.86256		529.114		6.96624e+06		527.235		
00:00:20:199		1.54638e+07		0.154164		2.86256		529.114		6.96624e+06		527.235		
00:00:20:100		1.54639e+07		0.154263		2.86242		529.12		6.96624e+06		527.234		
00:00:20:000		1.5464e+07		0.154362		2.86228		529.125		6.96624e+06		527.227		
00:00:19:899		1.5464e+07		0.15446		2.86205		529.133		6.96623e+06		527.232		
00:00:19:800		1.54641e+07		0.154559		2.8619		529.138		6.96623e+06		527.231		
00:00:19:699		1.54641e+07		0.154658		2.86176		529.144		6.96622e+06		527.229		
00:00:19:600		1.54642e+07		0.154757		2.86158		529.151		6.96622e+06		527.228		
00:00:19:500		1.54642e+07		0.154855		2.86144		529.157		6.96621e+06		527.227		
00:00:19:300		1.54643e+07		0.155052		2.86111		529.169		6.9662e+06		527.218		
00:00:19:199		1.54644e+07		0.15515		2.86097		529.175		6.9662e+06		527.224		
00:00:19:199		1.54644e+07		0.15515		2.86097		529.175		6.9662e+06		527.224		
00:00:19:100		1.54645e+07		0.155249		2.86083		529.182		6.96619e+06		527.221		
00:00:19:000		1.54645e+07		0.155347		2.8606		529.188		6.96619e+06		527.22		
00:00:18:899		1.54646e+07		0.155446		2.8605		529.195		6.96618e+06		527.218		
00:00:18:800		1.54646e+07		0.155544		2.86036		529.201		6.96618e+06		527.216		
00:00:18:699		1.54647e+07		0.155642		2.86018		529.206		6.96617e+06		527.214		
00:00:18:600		1.54647e+07		0.15574		2.86004		529.212		6.96617e+06		527.215		
00:00:18:500		1.54648e+07		0.155888		2.85978		529.223		6.96616e+06		527.212		
00:00:18:350		1.54649e+07		0.155985		2.85964		529.23		6.96615e+06		527.21		
00:00:18:300		1.54649e+07		0.156034		2.85953		529.232		6.96615e+06		527.208		
00:00:18:149		1.5465e+07		0.156181		2.85927		529.241		6.96614e+06		527.208		
00:00:18:050		1.5465e+07		0.156279		2.85909		529.249		6.96614e+06		527.207		
00:00:17:949		1.54651e+07		0.156377		2.85895		529.256		6.96613e+06		527.204		
00:00:17:850		1.54651e+07		0.156474		2.85872		529.262		6.96613e+06		527.197		
00:00:17:750		1.54652e+07		0.156572		2.85862		529.269		6.96612e+06		527.203		
00:00:17:649		1.54653e+07		0.15667		2.85844		529.275		6.96612e+06		527.202		
00:00:17:550		1.54653e+07		0.156767		2.85825		529.28		6.96611e+06		527.2		
00:00:17:449		1.54654e+07		0.156865		2.85811		529.287		6.96611e+06		527.199		
00:00:17:350		1.54654e+07		0.156963		2.85788		529.293		6.9661e+06		527.196		
00:00:17:250		1.54655e+07		0.15706		2.85778		529.299		6.9661e+06		527.196		
00:00:17:199		1.54655e+07		0.157109		2.85767		529.302		6.96609e+06		527.195		
00:00:17:050		1.54656e+07		0.157255		2.85742		529.313		6.96609e+06		527.191		
00:00:16:949		1.54657e+07		0.157352		2.85728		529.319		6.96608e+06		527.201		
00:00:16:850		1.54657e+07		0.157449		2.85705		529.324		6.96607e+06		527.191		
00:00:16:750		1.54658e+07		0.157547		2.85691		529.332		6.96607e+06		527.191		
00:00:16:649		1.54658e+07		0.157643		2.85677		529.337		6.96606e+06		527.189		
00:00:16:550		1.54659e+07		0.157741		2.85663		529.345		6.96606e+06		527.186		
00:00:16:449		1.54659e+07		0.157837		2.8564		529.35		6.96605e+06		527.179		
00:00:16:350		1.5466e+07		0.157935		2.85626		529.357		6.96605e+06		527.186		
00:00:16:250		1.54661e+07		0.158031		2.85612		529.363		6.96604e+06		527.184		
00:00:16:149		1.54661e+07		0.158128		2.85598		529.37		6.96604e+06		527.183		
00:00:16:050		1.54662e+07		0.158225		2.8558		529.376		6.96603e+06		527.182		
00:00:15:949		1.54662e+07		0.158322		2.85561		529.383		6.96603e+06		527.181		
00:00:15:949		1.54662e+07		0.158322		2.85561		529.383		6.96603e+06		527.181		
00:00:15:800		1.54663e+07		0.158467		2.85536		529.393		6.96602e+06		527.179		
00:00:15:599		1.54664e+07		0.15866		2.85508		529.405		6.96601e+06		527.174		
00:00:15:599		1.54664e+07		0.15866		2.85508		529.405		6.96601e+06		527.174		
00:00:15:500		1.54665e+07		0.158757		2.85489		529.411		6.966e+06		527.166		
00:00:15:400		1.54665e+07		0.158853		2.85471		529.418		6.96599e+06		527.176		
00:00:15:199		1.54667e+07		0.159046		2.85439		529.431		6.96598e+06		527.172		
00:00:15:199		1.54667e+07		0.159046		2.85439		529.431		6.96598e+06		527.172		
00:00:15:000		1.54668e+07		0.159239		2.85411		529.444		6.96597e+06		527.169		
00:00:15:000		1.54668e+07		0.159239		2.85411		529.444		6.96597e+06		527.169		
00:00:14:900		1.54668e+07		0.159335		2.85392		529.45		6.96597e+06		527.167		
00:00:14:800		1.54669e+07		0.159431		2.85374		529.455		6.96596e+06		527.159		
00:00:14:699		1.5467e+07		0.159527		2.85356		529.461		6.96595e+06		527.165		
00:00:14:599		1.5467e+07		0.159623		2.85346		529.468		6.96595e+06		527.165		
00:00:14:500		1.54671e+07		0.159719		2.85332		529.475		6.96594e+06		527.163		
00:00:14:400		1.54671e+07		0.159815		2.85314		529.481		6.96594e+06		527.161		
00:00:14:199		1.54672e+07		0.160007		2.85281		529.494		6.96592e+06		527.16		
00:00:14:199		1.54672e+07		0.160007		2.85281		529.494		6.96592e+06		527.16		
00:00:14:099		1.54673e+07		0.160103		2.85268		529.503		6.96592e+06		527.15		
00:00:14:000		1.54674e+07		0.160198		2.85254		529.507		6.96591e+06		527.159		
00:00:13:900		1.54674e+07		0.160295		2.8524		529.514		6.96591e+06		527.158		
00:00:13:800		1.54675e+07		0.16039		2.85222		529.52		6.9659e+06		527.158		
00:00:13:699		1.54675e+07		0.160485		2.85208		529.527		6.9659e+06		527.156		
00:00:13:599		1.54676e+07		0.160581		2.85189		529.533		6.96589e+06		527.154		
00:00:13:500		1.54677e+07		0.160676		2.85175		529.54		6.96588e+06		527.16		
00:00:13:300		1.54678e+07		0.160868		2.85144		529.553		6.96587e+06		527.153		
00:00:13:199		1.54678e+07		0.160963		2.8513		529.56		6.96587e+06		527.152		
00:00:13:199		1.54678e+07		0.160963		2.8513		529.56		6.96587e+06		527.152		
00:00:13:050		1.54679e+07		0.161106		2.85105		529.569		6.96586e+06		527.149		
00:00:12:949		1.5468e+07		0.161201		2.85095		529.575		6.96585e+06		527.148		
00:00:12:900		1.5468e+07		0.161249		2.85079		529.577		6.96585e+06		527.146		
00:00:12:800		1.54681e+07		0.161344		2.85065		529.584		6.96584e+06		527.138		
00:00:12:699		1.54682e+07		0.161487		2.85045		529.593		6.96583e+06		527.146		
00:00:12:550		1.54682e+07		0.161582		2.85026		529.599		6.96583e+06		527.146		
00:00:12:449		1.54683e+07		0.161677		2.85017		529.604		6.96582e+06		527.146		
00:00:12:349		1.54684e+07		0.161772		2.84999		529.61		6.96581e+06		527.145		
00:00:12:250		1.54684e+07		0.161867		2.84985		529.617		6.96581e+06		527.144		
00:00:12:150		1.54685e+07		0.161962		2.84976		529.623		6.9658e+06		527.144		
00:00:12:050		1.54686e+07		0.162057		2.84962		529.628		6.96579e+06		527.144		
00:00:11:949		1.54686e+07		0.162152		2.84944		529.636		6.96579e+06		527.142		
00:00:11:849		1.54687e+07		0.162247		2.84926		529.641		6.96578e+06		527.142		
00:00:11:750		1.54687e+07		0.162341		2.84907		529.647		6.96578e+06		527.142		
00:00:11:650		1.54688e+07		0.162436		2.84894		529.652		6.96577e+06		527.141		
00:00:11:550		1.54689e+07		0.16253		2.8488		529.66		6.96576e+06		527.14		
00:00:11:449		1.54689e+07		0.162626		2.84866		529.665		6.96576e+06		527.14		
00:00:11:349		1.5469e+07		0.16272		2.84852		529.671		6.96575e+06		527.139		
00:00:11:250		1.54691e+07		0.162815		2.84834		529.678		6.96575e+06		527.139		
00:00:11:150		1.54691e+07		0.16291		2.84825		529.684		6.96574e+06		527.138		
00:00:11:050		1.54692e+07		0.163004		2.84807		529.689		6.96573e+06		527.137		
00:00:10:949		1.54692e+07		0.163099		2.84793		529.696		6.96573e+06		527.137		
00:00:10:800		1.54693e+07		0.163241		2.84793		529.696		6.96573e+06		527.137		
00:00:10:800		1.54693e+07		0.163241		2.84773		529.706		6.96572e+06		527.136		
00:00:10:599		1.54695e+07		0.16343		2.8475		529.717		6.9657e+06		527.133		
00:00:10:599		1.54695e+07		0.16343		2.8475		529.717		6.9657e+06		527.133		
00:00:10:500		1.54695e+07		0.163525		2.84732		529.724		6.9657e+06		527.133		
00:00:10:400		1.54696e+07		0.16362		2.84714		529.73		6.96569e+06		527.132		
00:00:10:199		1.54697e+07		0.163808		2.84682		529.742		6.96568e+06		527.125		
00:00:10:199		1.54697e+07		0.163808		2.84682		529.742		6.96568e+06		527.125		
00:00:10:099		1.54698e+07		0.163903		2.84677		529.748		6.96567e+06		527.132		
00:00:10:000		1.54699e+07		0.163998		2.84659		529.755		6.96567e+06		527.131		
00:00:09:900		1.54699e+07		0.164093		2.84646		529.761		6.96566e+06		527.13		
00:00:09:800		1.547e+07		0.164187		2.84632		529.768		6.96565e+06		527.129		
00:00:09:699		1.54701e+07		0.164282		2.84619		529.774		6.96565e+06		527.127		
00:00:09:500		1.54702e+07		0.164472		2.84587		529.787		6.96563e+06		527.128		
00:00:09:500		1.54702e+07		0.164472		2.84587		529.787		6.96563e+06		527.128		
00:00:09:400		1.54703e+07		0.164567		2.84574		529.79		6.96563e+06		527.126		
00:00:09:199		1.54704e+07		0.164756		2.84547		529.803		6.96561e+06		527.124		
00:00:09:199		1.54704e+07		0.164756		2.84547		529.803		6.96561e+06		527.124		
00:00:09:099		1.54705e+07		0.164851		2.84538		529.809		6.96561e+06		527.121		
00:00:09:000		1.54705e+07		0.164946		2.84524		529.812		6.9656e+06		527.136		
00:00:08:900		1.54706e+07		0.165041		2.84506		529.82		6.96559e+06		527.124		
00:00:08:800		1.54707e+07		0.165136		2.84493		529.825		6.96559e+06		527.123		
00:00:08:699		1.54707e+07		0.165231		2.84479		529.831		6.96558e+06		527.117		
00:00:08:599		1.54708e+07		0.165326		2.84466		529.836		6.96557e+06		527.123		
00:00:08:400		1.54709e+07		0.165517		2.84439		529.847		6.96556e+06		527.122		
00:00:08:300		1.5471e+07		0.165613		2.84426		529.853		6.96555e+06		527.12		
00:00:08:199		1.54711e+07		0.165708		2.84413		529.858		6.96554e+06		527.114		
00:00:08:199		1.54711e+07		0.165708		2.84413		529.858		6.96554e+06		527.114		
00:00:08:099		1.54711e+07		0.165804		2.84399		529.866		6.96554e+06		527.12		
00:00:08:000		1.54712e+07		0.165899		2.84386		529.871		6.96553e+06		527.121		
00:00:07:900		1.54713e+07		0.165995		2.84377		529.877		6.96552e+06		527.121		
00:00:07:750		1.54714e+07		0.166139		2.84353		529.884		6.96551e+06		527.12		
00:00:07:650		1.54715e+07		0.166234		2.84335		529.89		6.96551e+06		527.12		
00:00:07:549		1.54715e+07		0.16633		2.84326		529.897		6.9655e+06		527.119		
00:00:07:450		1.54716e+07		0.166426		2.84318		529.903		6.96549e+06		527.119		
00:00:07:250		1.54717e+07		0.166618		2.84292		529.912		6.96548e+06		527.118		
00:00:07:200		1.54718e+07		0.166666		2.84285		529.916		6.96547e+06		527.118		
00:00:07:200		1.54718e+07		0.166666		2.84285		529.916		6.96547e+06		527.118		
00:00:07:049		1.54719e+07		0.166811		2.84266		529.925		6.96546e+06		527.117		
00:00:06:950		1.5472e+07		0.166908		2.84257		529.93		6.96546e+06		527.117		
00:00:06:849		1.5472e+07		0.167005		2.84239		529.936		6.96545e+06		527.115		
00:00:06:750		1.54721e+07		0.167102		2.8423		529.941		6.96544e+06		527.115		
00:00:06:650		1.54722e+07		0.167199		2.84217		529.945		6.96543e+06		527.114		
00:00:06:549		1.54723e+07		0.167296		2.842		529.951		6.96543e+06		527.113		
00:00:06:450		1.54724e+07		0.167393		2.84196		529.956		6.96542e+06		527.112		
00:00:06:349		1.54724e+07		0.16749		2.84178		529.962		6.96541e+06		527.111		
00:00:06:250		1.54725e+07		0.167587		2.84175		529.967		6.9654e+06		527.112		
00:00:06:150		1.54726e+07		0.167683		2.84157		529.973		6.9654e+06		527.111		
00:00:06:049		1.54727e+07		0.16778		2.84141		529.978		6.96539e+06		527.11		
00:00:05:950		1.54727e+07		0.167877		2.84137		529.984		6.96538e+06		527.109		
00:00:05:849		1.54728e+07		0.167974		2.8412		529.989		6.96537e+06		527.108		
00:00:05:750		1.54729e+07		0.168071		2.84116		529.995		6.96537e+06		527.106		
00:00:05:650		1.5473e+07		0.168169		2.84095		529.998		6.96536e+06		527.107		
00:00:05:549		1.5473e+07		0.168267		2.84086		530.004		6.96535e+06		527.105		
00:00:05:450		1.54731e+07		0.168366		2.84073		530.009		6.96534e+06		527.103		
00:00:05:349		1.54732e+07		0.168466		2.84064		530.015		6.96534e+06		527.101		
00:00:05:250		1.54733e+07		0.168565		2.84051		530.02		6.96533e+06		527.099		
00:00:05:150		1.54734e+07		0.168664		2.84042		530.026		6.96532e+06		527.099		
00:00:05:150		1.54734e+07		0.168664		2.84042		530.026		6.96532e+06		527.099		
00:00:05:049		1.54735e+07		0.168811		2.84028		530.033		6.96531e+06		527.096		
00:00:04:799		1.54737e+07		0.169004		2.84008		530.043		6.96529e+06		527.091		
00:00:04:799		1.54737e+07		0.169004		2.84008		530.043		6.96529e+06		527.091		
00:00:04:700		1.54738e+07		0.1691		2.83997		530.048		6.96528e+06		527.09		
00:00:04:599		1.54738e+07		0.169196		2.83982		530.052		6.96527e+06		527.088		
00:00:04:500		1.54739e+07		0.169292		2.8397		530.057		6.96527e+06		527.085		
00:00:04:400		1.5474e+07		0.16939		2.83959		530.061		6.96526e+06		527.081		
00:00:04:200		1.54742e+07		0.169589		2.83933		530.072		6.96524e+06		527.078		
00:00:04:200		1.54742e+07		0.169589		2.83933		530.072		6.96524e+06		527.078		
00:00:04:099		1.54743e+07		0.16969		2.8392		530.076		6.96523e+06		527.065		
00:00:04:000		1.54744e+07		0.169792		2.8391		530.081		6.96522e+06		527.079		
00:00:03:899		1.54745e+07		0.169894		2.83905		530.087		6.96521e+06		527.068		
00:00:03:799		1.54746e+07		0.169995		2.83891		530.09		6.9652e+06		527.071		
00:00:03:700		1.54747e+07		0.170094		2.83887		530.096		6.9652e+06		527.062		
00:00:03:600		1.54748e+07		0.170191		2.83875		530.1		6.96519e+06		527.059		
00:00:03:500		1.54749e+07		0.170285		2.83878		530.103		6.96518e+06		527.054		
00:00:03:399		1.54749e+07		0.170378		2.83868		530.109		6.96517e+06		527.049		
00:00:03:200		1.54751e+07		0.170558		2.83847		530.116		6.96515e+06		527.032		
00:00:03:200		1.54751e+07		0.170558		2.83847		530.116		6.96515e+06		527.032		
00:00:03:100		1.54751e+07		0.17065		2.83839		530.12		6.96514e+06		527.036		
00:00:03:000		1.54752e+07		0.170745		2.83816		530.125		6.96513e+06		527.031		
00:00:02:899		1.54753e+07		0.170844		2.83795		530.129		6.96512e+06		527.026		
00:00:02:799		1.54754e+07		0.170947		2.83785		530.133		6.96511e+06		527.02		
00:00:02:700		1.54755e+07		0.171053		2.83769		530.136		6.9651e+06		527.014		
00:00:02:600		1.54757e+07		0.171161		2.83756		530.14		6.96509e+06		527.01		
00:00:02:500		1.54758e+07		0.171268		2.83756		530.144		6.96508e+06		527.004		
00:00:02:299		1.54761e+07		0.171469		2.83753		530.151		6.96506e+06		526.991		
00:00:02:200		1.54762e+07		0.171559		2.83755		530.155		6.96505e+06		526.984		
00:00:02:200		1.54762e+07		0.171559		2.83755		530.155		6.96505e+06		526.984		
00:00:02:049		1.54764e+07		0.171678		2.83756		530.16		6.96503e+06		526.974		
00:00:01:949		1.54764e+07		0.17175		2.8376		530.164		6.96502e+06		526.969		
00:00:01:850		1.54765e+07		0.17182		2.83747		530.166		6.96501e+06		526.961		
00:00:01:750		1.54765e+07		0.171891		2.83725		530.169		6.965e+06		526.953		
00:00:01:649		1.54765e+07		0.17197		2.83691		530.171		6.96499e+06		526.945		
00:00:01:550		1.54766e+07		0.172058		2.83665		530.175		6.96498e+06		526.937		
00:00:01:449		1.54767e+07		0.172158		2.83633		530.179		6.96497e+06		526.927		
00:00:01:250		1.54771e+07		0.172385		2.83595		530.186		6.96494e+06		526.907		
00:00:01:149		1.54774e+07		0.1725		2.83577		530.19		6.96493e+06		526.89		
00:00:01:149		1.54774e+07		0.1725		2.83577		530.19		6.96493e+06		526.89		
00:00:01:050		1.54777e+07		0.172607		2.83574		530.193		6.96492e+06		526.887		
00:00:00:949		1.5478e+07		0.172698		2.83609		530.197		6.96491e+06		526.874		
00:00:00:849		1.54783e+07		0.172766		2.83667		530.199		6.96489e+06		526.86		
00:00:00:750		1.54785e+07		0.17281		2.83687		530.203		6.96488e+06		526.844		
00:00:00:650		1.54785e+07		0.172834		2.8369		530.206		6.96487e+06		526.831		
00:00:00:550		1.54786e+07		0.17284		2.83569		530.208		6.96486e+06		526.825		
00:00:00:450		1.54786e+07		0.17284		2.83569		530.212		6.96485e+06		526.825		
00:00:00:349		1.54786e+07		0.17284		2.83573		530.214		6.96485e+06		526.825		
00:00:00:250		1.54786e+07		0.17284		2.83572		530.217		6.96484e+06		526.826		
00:00:00:149		1.54785e+07		0.17284		2.83572		530.221		6.96484e+06		526.821		
00:00:00:050		1.54785e+07		0.17284		2.83567		530.223		6.96484e+06		526.826		
00:00:00:000		1.54785e+07		0.17284		2.83571		530.225		6.96483e+06		526.826		
00:00:00:000		1.54785e+07		0.17284		2.83571		530.225		6.96483e+06		526.826		
00:00:00:000		1.54785e+07		0.17284		2.83571		530.225		6.96483e+06		526.826		
00:00:00:000		1.54785e+07		0.17284		2.83571		530.225		6.96483e+06		526.826		
00:00:00:000		1.54785e+07		0.17284		2.83571		530.225		6.96483e+06		526.826		
