	time 		rcpppzr	rcp054rcp007mnzoyout	rcv501std0102fvol	fwfrcp001gv	rcppmssga	msfsg(1)	
00:01:02:000		1.51642e+07		-0.436168		5.79161		508.1		6.98018e+06		531.373		
00:01:02:000		1.51642e+07		-0.436168		5.79161		508.1		6.98018e+06		531.373		
00:01:02:000		1.51642e+07		-0.436168		5.79161		508.1		6.98018e+06		531.373		
00:01:01:799		1.5165e+07		-0.434277		5.78422		508.125		6.98014e+06		531.37		
00:01:01:700		1.51654e+07		-0.433332		5.78045		508.139		6.98012e+06		531.369		
00:01:01:600		1.51658e+07		-0.432386		5.77671		508.152		6.9801e+06		531.367		
00:01:01:500		1.51662e+07		-0.43144		5.77298		508.165		6.98008e+06		531.365		
00:01:01:500		1.51662e+07		-0.43144		5.77298		508.165		6.98008e+06		531.365		
00:01:01:399		1.51666e+07		-0.430494		5.76928		508.179		6.98006e+06		531.363		
00:01:01:149		1.51676e+07		-0.428127		5.75987		508.213		6.98001e+06		531.364		
00:01:01:100		1.51678e+07		-0.427654		5.75794		508.219		6.98e+06		531.362		
00:01:00:950		1.51684e+07		-0.426234		5.75223		508.24		6.97997e+06		531.359		
00:01:00:899		1.51686e+07		-0.42576		5.75035		508.248		6.97996e+06		531.358		
00:01:00:799		1.5169e+07		-0.424813		5.74651		508.263		6.97994e+06		531.352		
00:01:00:700		1.5169e+07		-0.424813		5.74651		508.263		6.97994e+06		531.352		
00:01:00:700		1.51694e+07		-0.423865		5.7427		508.277		6.97992e+06		531.358		
00:01:00:600		1.51698e+07		-0.422917		5.73886		508.29		6.9799e+06		531.356		
00:01:00:350		1.51708e+07		-0.420546		5.72908		508.327		6.97985e+06		531.348		
00:01:00:350		1.51708e+07		-0.420546		5.72908		508.327		6.97985e+06		531.348		
00:01:00:250		1.51712e+07		-0.419597		5.72518		508.34		6.97982e+06		531.353		
00:01:00:149		1.51716e+07		-0.418648		5.72135		508.355		6.9798e+06		531.352		
00:01:00:049		1.5172e+07		-0.417699		5.71743		508.371		6.97978e+06		531.35		
00:01:00:000		1.51722e+07		-0.417224		5.71546		508.378		6.97977e+06		531.348		
00:00:59:799		1.5173e+07		-0.415325		5.70758		508.409		6.97973e+06		531.347		
00:00:59:799		1.5173e+07		-0.415325		5.70758		508.409		6.97973e+06		531.347		
00:00:59:700		1.51734e+07		-0.414374		5.70365		508.424		6.97971e+06		531.347		
00:00:59:600		1.51738e+07		-0.413424		5.69974		508.438		6.97969e+06		531.346		
00:00:59:500		1.51742e+07		-0.412473		5.69579		508.455		6.97967e+06		531.344		
00:00:59:399		1.51746e+07		-0.411521		5.69175		508.471		6.97965e+06		531.342		
00:00:59:200		1.51754e+07		-0.409618		5.68379		508.501		6.97961e+06		531.341		
00:00:59:200		1.51754e+07		-0.409618		5.68379		508.501		6.97961e+06		531.341		
00:00:59:100		1.51758e+07		-0.408666		5.67976		508.518		6.97959e+06		531.34		
00:00:59:000		1.51762e+07		-0.407714		5.67569		508.534		6.97957e+06		531.338		
00:00:58:899		1.51766e+07		-0.406762		5.67164		508.551		6.97955e+06		531.337		
00:00:58:799		1.51771e+07		-0.405808		5.66758		508.568		6.97953e+06		531.337		
00:00:58:700		1.51775e+07		-0.404855		5.66348		508.584		6.97951e+06		531.336		
00:00:58:600		1.51779e+07		-0.403902		5.65938		508.599		6.97948e+06		531.333		
00:00:58:500		1.51783e+07		-0.402948		5.65525		508.616		6.97946e+06		531.332		
00:00:58:399		1.51787e+07		-0.401994		5.6511		508.633		6.97944e+06		531.33		
00:00:58:299		1.51791e+07		-0.40104		5.64699		508.649		6.97942e+06		531.327		
00:00:58:100		1.51799e+07		-0.39913		5.63862		508.683		6.97938e+06		531.328		
00:00:58:100		1.51799e+07		-0.39913		5.63862		508.683		6.97938e+06		531.328		
00:00:58:000		1.51803e+07		-0.398175		5.63446		508.703		6.97936e+06		531.328		
00:00:57:899		1.51807e+07		-0.397219		5.63031		508.72		6.97934e+06		531.325		
00:00:57:799		1.51811e+07		-0.396262		5.62609		508.737		6.97932e+06		531.325		
00:00:57:700		1.51815e+07		-0.395306		5.62186		508.756		6.9793e+06		531.324		
00:00:57:600		1.51819e+07		-0.394349		5.61767		508.772		6.97927e+06		531.315		
00:00:57:500		1.51823e+07		-0.393391		5.6134		508.791		6.97925e+06		531.321		
00:00:57:399		1.51827e+07		-0.392434		5.60915		508.808		6.97923e+06		531.314		
00:00:57:299		1.51831e+07		-0.391476		5.60485		508.827		6.97921e+06		531.318		
00:00:57:049		1.51841e+07		-0.389079		5.5941		508.873		6.97916e+06		531.317		
00:00:57:049		1.51841e+07		-0.389079		5.5941		508.873		6.97916e+06		531.317		
00:00:56:950		1.51845e+07		-0.388119		5.58981		508.89		6.97914e+06		531.328		
00:00:56:850		1.5185e+07		-0.38716		5.58545		508.909		6.97911e+06		531.315		
00:00:56:750		1.51854e+07		-0.386199		5.58111		508.927		6.97909e+06		531.318		
00:00:56:649		1.51858e+07		-0.38524		5.57673		508.946		6.97907e+06		531.312		
00:00:56:549		1.51862e+07		-0.384278		5.57234		508.965		6.97905e+06		531.304		
00:00:56:450		1.51866e+07		-0.383317		5.56797		508.984		6.97903e+06		531.315		
00:00:56:399		1.51868e+07		-0.382836		5.56586		508.994		6.97902e+06		531.312		
00:00:56:200		1.51876e+07		-0.380913		5.55702		509.032		6.97898e+06		531.307		
00:00:56:100		1.5188e+07		-0.379951		5.55261		509.051		6.97895e+06		531.309		
00:00:56:100		1.5188e+07		-0.379951		5.55261		509.051		6.97895e+06		531.309		
00:00:56:000		1.51884e+07		-0.378987		5.54816		509.07		6.97893e+06		531.307		
00:00:55:899		1.51888e+07		-0.378024		5.5437		509.09		6.97891e+06		531.306		
00:00:55:799		1.51892e+07		-0.37706		5.53914		509.111		6.97889e+06		531.305		
00:00:55:649		1.51898e+07		-0.375614		5.53239		509.141		6.97886e+06		531.291		
00:00:55:549		1.51903e+07		-0.37465		5.52793		509.16		6.97883e+06		531.304		
00:00:55:450		1.51907e+07		-0.373685		5.52344		509.183		6.97881e+06		531.301		
00:00:55:350		1.51911e+07		-0.372719		5.51885		509.203		6.97879e+06		531.294		
00:00:55:250		1.51915e+07		-0.371754		5.51428		509.224		6.97877e+06		531.309		
00:00:55:049		1.51923e+07		-0.369822		5.50517		509.268		6.97873e+06		531.301		
00:00:55:049		1.51923e+07		-0.369822		5.50517		509.268		6.97873e+06		531.301		
00:00:54:950		1.51927e+07		-0.368855		5.50057		509.287		6.9787e+06		531.3		
00:00:54:850		1.51931e+07		-0.367887		5.49595		509.308		6.97868e+06		531.299		
00:00:54:750		1.51935e+07		-0.36692		5.49125		509.329		6.97866e+06		531.298		
00:00:54:649		1.51939e+07		-0.365952		5.48659		509.35		6.97864e+06		531.297		
00:00:54:549		1.51943e+07		-0.364984		5.48202		509.373		6.97862e+06		531.295		
00:00:54:450		1.51948e+07		-0.364015		5.47732		509.394		6.9786e+06		531.293		
00:00:54:350		1.51952e+07		-0.363045		5.47267		509.415		6.97857e+06		531.293		
00:00:54:250		1.51956e+07		-0.362076		5.46793		509.438		6.97855e+06		531.286		
00:00:54:149		1.5196e+07		-0.361105		5.46332		509.459		6.97853e+06		531.293		
00:00:54:049		1.51964e+07		-0.360135		5.4587		509.482		6.97851e+06		531.291		
00:00:53:950		1.51968e+07		-0.359163		5.45391		509.507		6.97849e+06		531.289		
00:00:53:950		1.51968e+07		-0.359163		5.45391		509.507		6.97849e+06		531.289		
00:00:53:750		1.51976e+07		-0.357221		5.44413		509.549		6.97844e+06		531.288		
00:00:53:750		1.51976e+07		-0.357221		5.44413		509.549		6.97844e+06		531.288		
00:00:53:549		1.51985e+07		-0.355276		5.4354		509.595		6.9784e+06		531.287		
00:00:53:549		1.51985e+07		-0.355276		5.4354		509.595		6.9784e+06		531.287		
00:00:53:399		1.51991e+07		-0.353816		5.42751		509.63		6.97836e+06		531.286		
00:00:53:250		1.51997e+07		-0.352356		5.41934		509.664		6.97833e+06		531.278		
00:00:53:149		1.52001e+07		-0.351382		5.41607		509.687		6.97831e+06		531.284		
00:00:53:049		1.52005e+07		-0.350407		5.41319		509.708		6.97829e+06		531.283		
00:00:53:049		1.52005e+07		-0.350407		5.41319		509.708		6.97829e+06		531.283		
00:00:52:950		1.52009e+07		-0.349432		5.40801		509.733		6.97827e+06		531.28		
00:00:52:850		1.52013e+07		-0.348457		5.39888		509.758		6.97824e+06		531.28		
00:00:52:700		1.5202e+07		-0.346993		5.38549		509.792		6.97821e+06		531.274		
00:00:52:600		1.52024e+07		-0.346017		5.37655		509.817		6.97819e+06		531.272		
00:00:52:450		1.5203e+07		-0.344552		5.36304		509.853		6.97815e+06		531.279		
00:00:52:450		1.5203e+07		-0.344552		5.36304		509.853		6.97815e+06		531.279		
00:00:52:350		1.52034e+07		-0.343574		5.35401		509.876		6.97813e+06		531.278		
00:00:52:149		1.52044e+07		-0.341128		5.33157		509.936		6.97808e+06		531.274		
00:00:52:149		1.52044e+07		-0.341128		5.33157		509.936		6.97808e+06		531.274		
00:00:52:000		1.52048e+07		-0.340149		5.32253		509.96		6.97805e+06		531.274		
00:00:51:799		1.52057e+07		-0.338189		5.30459		510.012		6.97801e+06		531.273		
00:00:51:799		1.52057e+07		-0.338189		5.30459		510.012		6.97801e+06		531.273		
00:00:51:700		1.52061e+07		-0.337209		5.29543		510.035		6.97799e+06		531.272		
00:00:51:600		1.52065e+07		-0.336228		5.28649		510.062		6.97796e+06		531.272		
00:00:51:500		1.52069e+07		-0.335247		5.27756		510.085		6.97794e+06		531.268		
00:00:51:399		1.52073e+07		-0.334265		5.2687		510.11		6.97792e+06		531.274		
00:00:51:299		1.52078e+07		-0.333282		5.25951		510.134		6.9779e+06		531.268		
00:00:51:100		1.52086e+07		-0.331317		5.24156		510.186		6.97785e+06		531.272		
00:00:51:100		1.52086e+07		-0.331317		5.24156		510.186		6.97785e+06		531.272		
00:00:51:000		1.5209e+07		-0.330333		5.23261		510.213		6.97783e+06		531.274		
00:00:50:899		1.52094e+07		-0.329349		5.22357		510.24		6.97781e+06		531.263		
00:00:50:799		1.52098e+07		-0.328365		5.21452		510.268		6.97779e+06		531.273		
00:00:50:700		1.52103e+07		-0.32738		5.20555		510.295		6.97777e+06		531.272		
00:00:50:600		1.52107e+07		-0.326395		5.1965		510.322		6.97774e+06		531.269		
00:00:50:500		1.52111e+07		-0.325409		5.1876		510.347		6.97772e+06		531.269		
00:00:50:399		1.52115e+07		-0.324423		5.17858		510.375		6.9777e+06		531.266		
00:00:50:299		1.52119e+07		-0.323436		5.16954		510.402		6.97768e+06		531.256		
00:00:50:100		1.52128e+07		-0.321462		5.15155		510.457		6.97763e+06		531.278		
00:00:50:100		1.52128e+07		-0.321462		5.15155		510.457		6.97763e+06		531.278		
00:00:50:000		1.52132e+07		-0.320474		5.14258		510.486		6.97761e+06		531.267		
00:00:49:899		1.52136e+07		-0.319486		5.1336		510.513		6.97759e+06		531.267		
00:00:49:799		1.5214e+07		-0.318497		5.12459		510.539		6.97757e+06		531.266		
00:00:49:700		1.52144e+07		-0.317507		5.11562		510.568		6.97754e+06		531.255		
00:00:49:600		1.52149e+07		-0.316517		5.10655		510.595		6.97752e+06		531.266		
00:00:49:500		1.52153e+07		-0.315528		5.09765		510.624		6.9775e+06		531.263		
00:00:49:399		1.52157e+07		-0.314538		5.0887		510.65		6.97748e+06		531.257		
00:00:49:299		1.52161e+07		-0.313546		5.07976		510.679		6.97745e+06		531.264		
00:00:49:200		1.52165e+07		-0.312555		5.0707		510.708		6.97743e+06		531.262		
00:00:49:100		1.5217e+07		-0.311564		5.06176		510.736		6.97741e+06		531.252		
00:00:49:000		1.52174e+07		-0.310572		5.05295		510.765		6.97739e+06		531.261		
00:00:48:899		1.52178e+07		-0.30958		5.04381		510.793		6.97737e+06		531.26		
00:00:48:799		1.52182e+07		-0.308588		5.03486		510.822		6.97734e+06		531.259		
00:00:48:600		1.52191e+07		-0.306602		5.01709		510.879		6.9773e+06		531.257		
00:00:48:600		1.52191e+07		-0.306602		5.01709		510.879		6.9773e+06		531.257		
00:00:48:500		1.52195e+07		-0.305609		5.00807		510.908		6.97728e+06		531.256		
00:00:48:399		1.52199e+07		-0.304615		4.99924		510.937		6.97726e+06		531.254		
00:00:48:200		1.52208e+07		-0.302626		4.98133		510.994		6.97721e+06		531.254		
00:00:48:100		1.52212e+07		-0.30163		4.97237		511.024		6.97719e+06		531.252		
00:00:48:100		1.52212e+07		-0.30163		4.97237		511.024		6.97719e+06		531.252		
00:00:48:000		1.52216e+07		-0.300635		4.96352		511.055		6.97717e+06		531.25		
00:00:47:899		1.5222e+07		-0.299639		4.95463		511.084		6.97715e+06		531.249		
00:00:47:750		1.52227e+07		-0.298145		4.9412		511.129		6.97711e+06		531.244		
00:00:47:649		1.52231e+07		-0.297148		4.93231		511.158		6.97709e+06		531.249		
00:00:47:549		1.52235e+07		-0.296151		4.92345		511.189		6.97707e+06		531.248		
00:00:47:450		1.52239e+07		-0.295154		4.91454		511.219		6.97705e+06		531.247		
00:00:47:350		1.52243e+07		-0.294156		4.90546		511.25		6.97702e+06		531.245		
00:00:47:250		1.52248e+07		-0.293158		4.89664		511.28		6.977e+06		531.243		
00:00:47:149		1.52252e+07		-0.292159		4.88782		511.309		6.97698e+06		531.235		
00:00:47:049		1.52256e+07		-0.29116		4.87883		511.339		6.97696e+06		531.23		
00:00:46:950		1.5226e+07		-0.290161		4.86996		511.37		6.97694e+06		531.239		
00:00:46:850		1.52265e+07		-0.289161		4.86102		511.4		6.97691e+06		531.238		
00:00:46:750		1.52269e+07		-0.28816		4.85221		511.431		6.97689e+06		531.234		
00:00:46:649		1.52273e+07		-0.287159		4.84342		511.463		6.97687e+06		531.24		
00:00:46:549		1.52277e+07		-0.286158		4.83449		511.494		6.97685e+06		531.239		
00:00:46:450		1.52282e+07		-0.285157		4.82551		511.526		6.97683e+06		531.237		
00:00:46:350		1.52286e+07		-0.284155		4.81676		511.558		6.9768e+06		531.236		
00:00:46:250		1.5229e+07		-0.283153		4.80792		511.589		6.97678e+06		531.229		
00:00:46:149		1.52295e+07		-0.28215		4.799		511.62		6.97676e+06		531.236		
00:00:46:049		1.52299e+07		-0.281147		4.79013		511.652		6.97674e+06		531.234		
00:00:45:950		1.52303e+07		-0.280144		4.78136		511.684		6.97672e+06		531.232		
00:00:45:850		1.52307e+07		-0.27914		4.7726		511.715		6.97669e+06		531.23		
00:00:45:750		1.52312e+07		-0.278137		4.76374		511.749		6.97667e+06		531.228		
00:00:45:750		1.52312e+07		-0.278137		4.76374		511.749		6.97667e+06		531.228		
00:00:45:649		1.52316e+07		-0.277133		4.75489		511.781		6.97665e+06		531.227		
00:00:45:549		1.5232e+07		-0.276128		4.74598		511.814		6.97663e+06		531.22		
00:00:45:450		1.52324e+07		-0.275124		4.73721		511.846		6.9766e+06		531.226		
00:00:45:350		1.52329e+07		-0.274118		4.72857		511.879		6.97658e+06		531.225		
00:00:45:149		1.52337e+07		-0.272108		4.71077		511.943		6.97654e+06		531.221		
00:00:45:049		1.52342e+07		-0.271102		4.70202		511.978		6.97652e+06		531.219		
00:00:45:049		1.52342e+07		-0.271102		4.70202		511.978		6.97652e+06		531.219		
00:00:44:899		1.52348e+07		-0.269592		4.68894		512.027		6.97648e+06		531.217		
00:00:44:750		1.52355e+07		-0.268083		4.67564		512.077		6.97645e+06		531.216		
00:00:44:750		1.52355e+07		-0.268083		4.67564		512.077		6.97645e+06		531.216		
00:00:44:649		1.52359e+07		-0.267076		4.66675		512.109		6.97643e+06		531.217		
00:00:44:500		1.52365e+07		-0.265564		4.65381		512.159		6.9764e+06		531.214		
00:00:44:399		1.5237e+07		-0.264557		4.64515		512.193		6.97637e+06		531.214		
00:00:44:299		1.52374e+07		-0.263549		4.63616		512.227		6.97635e+06		531.212		
00:00:44:049		1.52385e+07		-0.261028		4.61452		512.313		6.9763e+06		531.209		
00:00:44:049		1.52385e+07		-0.261028		4.61452		512.313		6.9763e+06		531.209		
00:00:44:049		1.52385e+07		-0.261028		4.61452		512.313		6.9763e+06		531.209		
00:00:43:950		1.52389e+07		-0.260019		4.60574		512.347		6.97628e+06		531.207		
00:00:43:850		1.52393e+07		-0.259011		4.59701		512.381		6.97625e+06		531.205		
00:00:43:700		1.524e+07		-0.257497		4.58412		512.433		6.97622e+06		531.202		
00:00:43:600		1.52404e+07		-0.256487		4.57537		512.467		6.9762e+06		531.2		
00:00:43:500		1.52408e+07		-0.255477		4.56665		512.505		6.97618e+06		531.199		
00:00:43:450		1.52411e+07		-0.254972		4.56231		512.52		6.97617e+06		531.198		
00:00:43:299		1.52417e+07		-0.253457		4.54933		512.574		6.97613e+06		531.191		
00:00:43:200		1.52421e+07		-0.252447		4.54073		512.608		6.97611e+06		531.197		
00:00:43:100		1.52426e+07		-0.251436		4.53194		512.644		6.97609e+06		531.196		
00:00:43:000		1.5243e+07		-0.250425		4.52326		512.678		6.97607e+06		531.194		
00:00:42:899		1.52434e+07		-0.249414		4.51472		512.714		6.97605e+06		531.193		
00:00:42:799		1.52439e+07		-0.248403		4.50608		512.752		6.97602e+06		531.191		
00:00:42:700		1.52443e+07		-0.247392		4.49734		512.787		6.976e+06		531.189		
00:00:42:500		1.52452e+07		-0.245368		4.48012		512.857		6.97596e+06		531.186		
00:00:42:500		1.52452e+07		-0.245368		4.48012		512.857		6.97596e+06		531.186		
00:00:42:399		1.52456e+07		-0.244356		4.47166		512.893		6.97594e+06		531.184		
00:00:42:299		1.5246e+07		-0.243344		4.46302		512.929		6.97592e+06		531.183		
00:00:42:100		1.52469e+07		-0.241319		4.44575		513.005		6.97587e+06		531.179		
00:00:42:100		1.52469e+07		-0.241319		4.44575		513.005		6.97587e+06		531.179		
00:00:42:000		1.52473e+07		-0.240306		4.43724		513.041		6.97585e+06		531.178		
00:00:41:899		1.52478e+07		-0.239294		4.42881		513.078		6.97583e+06		531.176		
00:00:41:799		1.52482e+07		-0.23828		4.42012		513.114		6.97581e+06		531.174		
00:00:41:700		1.52486e+07		-0.237266		4.41179		513.152		6.97578e+06		531.173		
00:00:41:600		1.52491e+07		-0.236252		4.40319		513.188		6.97576e+06		531.169		
00:00:41:500		1.52495e+07		-0.235238		4.3947		513.226		6.97574e+06		531.16		
00:00:41:399		1.52499e+07		-0.234223		4.38612		513.264		6.97572e+06		531.159		
00:00:41:299		1.52504e+07		-0.233208		4.37766		513.302		6.9757e+06		531.171		
00:00:41:200		1.52508e+07		-0.232193		4.36922		513.34		6.97568e+06		531.164		
00:00:41:100		1.52512e+07		-0.231178		4.36077		513.378		6.97565e+06		531.162		
00:00:41:000		1.52517e+07		-0.230163		4.35232		513.416		6.97563e+06		531.173		
00:00:40:899		1.52521e+07		-0.229148		4.34393		513.456		6.97561e+06		531.159		
00:00:40:799		1.52525e+07		-0.228134		4.3354		513.494		6.97559e+06		531.159		
00:00:40:700		1.52529e+07		-0.227119		4.327		513.535		6.97557e+06		531.157		
00:00:40:600		1.52534e+07		-0.226105		4.31867		513.573		6.97554e+06		531.155		
00:00:40:500		1.52538e+07		-0.225091		4.31012		513.611		6.97552e+06		531.153		
00:00:40:399		1.52542e+07		-0.224077		4.30183		513.651		6.9755e+06		531.149		
00:00:40:299		1.52546e+07		-0.223063		4.29347		513.689		6.97548e+06		531.15		
00:00:40:200		1.52551e+07		-0.222049		4.28513		513.729		6.97546e+06		531.149		
00:00:40:049		1.52557e+07		-0.220529		4.27269		513.79		6.97543e+06		531.145		
00:00:39:950		1.52562e+07		-0.219516		4.26433		513.828		6.9754e+06		531.141		
00:00:39:899		1.52564e+07		-0.219009		4.26011		513.849		6.97539e+06		531.136		
00:00:39:750		1.5257e+07		-0.21749		4.24764		513.907		6.97536e+06		531.141		
00:00:39:700		1.52572e+07		-0.216984		4.24356		513.926		6.97535e+06		531.139		
00:00:39:600		1.52577e+07		-0.215972		4.23542		513.966		6.97533e+06		531.136		
00:00:39:500		1.52581e+07		-0.214961		4.22719		514.006		6.97531e+06		531.141		
00:00:39:350		1.52587e+07		-0.213443		4.21506		514.065		6.97527e+06		531.133		
00:00:39:250		1.52592e+07		-0.212433		4.20689		514.105		6.97525e+06		531.131		
00:00:39:149		1.52596e+07		-0.211423		4.19879		514.145		6.97523e+06		531.13		
00:00:39:049		1.526e+07		-0.210413		4.19081		514.183		6.97521e+06		531.127		
00:00:38:950		1.52604e+07		-0.209404		4.18255		514.222		6.97519e+06		531.12		
00:00:38:850		1.52609e+07		-0.208395		4.17458		514.264		6.97517e+06		531.13		
00:00:38:799		1.52611e+07		-0.20789		4.1705		514.283		6.97515e+06		531.125		
00:00:38:700		1.52617e+07		-0.206378		4.15856		514.344		6.97512e+06		531.115		
00:00:38:549		1.52622e+07		-0.20537		4.15042		514.384		6.9751e+06		531.119		
00:00:38:450		1.52626e+07		-0.204363		4.14252		514.425		6.97508e+06		531.111		
00:00:38:350		1.5263e+07		-0.203357		4.13439		514.465		6.97506e+06		531.115		
00:00:38:149		1.52639e+07		-0.201346		4.11859		514.55		6.97502e+06		531.112		
00:00:38:049		1.52643e+07		-0.200341		4.11055		514.59		6.97499e+06		531.109		
00:00:38:049		1.52643e+07		-0.200341		4.11055		514.59		6.97499e+06		531.109		
00:00:37:950		1.52647e+07		-0.199337		4.10265		514.632		6.97497e+06		531.111		
00:00:37:850		1.52652e+07		-0.198334		4.09464		514.674		6.97495e+06		531.108		
00:00:37:750		1.52656e+07		-0.197331		4.08689		514.713		6.97493e+06		531.105		
00:00:37:649		1.5266e+07		-0.196328		4.07893		514.757		6.97491e+06		531.104		
00:00:37:549		1.52664e+07		-0.195327		4.07112		514.799		6.97489e+06		531.101		
00:00:37:450		1.52669e+07		-0.194325		4.0632		514.84		6.97487e+06		531.099		
00:00:37:350		1.52673e+07		-0.193326		4.05553		514.882		6.97484e+06		531.102		
00:00:37:250		1.52677e+07		-0.192326		4.04772		514.924		6.97482e+06		531.095		
00:00:37:149		1.52682e+07		-0.191327		4.03987		514.965		6.9748e+06		531.092		
00:00:37:049		1.52686e+07		-0.190328		4.03217		515.009		6.97478e+06		531.083		
00:00:37:049		1.52686e+07		-0.190328		4.03217		515.009		6.97478e+06		531.083		
00:00:36:950		1.5269e+07		-0.189331		4.02436		515.05		6.97476e+06		531.089		
00:00:36:850		1.52695e+07		-0.188334		4.01666		515.094		6.97474e+06		531.09		
00:00:36:750		1.52699e+07		-0.187338		4.00894		515.136		6.97472e+06		531.087		
00:00:36:549		1.52707e+07		-0.185349		3.99369		515.219		6.97467e+06		531.077		
00:00:36:450		1.52712e+07		-0.184356		3.98599		515.263		6.97465e+06		531.077		
00:00:36:350		1.52716e+07		-0.183363		3.97843		515.306		6.97463e+06		531.079		
00:00:36:250		1.5272e+07		-0.182371		3.97075		515.348		6.97461e+06		531.075		
00:00:36:149		1.52725e+07		-0.18138		3.96332		515.391		6.97459e+06		531.073		
00:00:36:049		1.52729e+07		-0.180391		3.9556		515.435		6.97457e+06		531.062		
00:00:36:049		1.52729e+07		-0.180391		3.9556		515.435		6.97457e+06		531.062		
00:00:35:850		1.52737e+07		-0.178414		3.94062		515.522		6.97452e+06		531.064		
00:00:35:850		1.52737e+07		-0.178414		3.94062		515.522		6.97452e+06		531.064		
00:00:35:700		1.52744e+07		-0.176934		3.92928		515.586		6.97449e+06		531.066		
00:00:35:600		1.52748e+07		-0.175949		3.92176		515.628		6.97447e+06		531.065		
00:00:35:500		1.52752e+07		-0.174964		3.9145		515.671		6.97445e+06		531.064		
00:00:35:399		1.52757e+07		-0.173982		3.90688		515.715		6.97443e+06		531.062		
00:00:35:149		1.52767e+07		-0.171529		3.88844		515.826		6.97438e+06		531.057		
00:00:35:049		1.52774e+07		-0.170061		3.87738		515.891		6.97435e+06		531.053		
00:00:35:049		1.52774e+07		-0.170061		3.87738		515.891		6.97435e+06		531.053		
00:00:35:049		1.52774e+07		-0.170061		3.87738		515.891		6.97435e+06		531.053		
00:00:34:899		1.52778e+07		-0.169084		3.87003		515.936		6.97432e+06		531.054		
00:00:34:799		1.52782e+07		-0.168107		3.8627		515.979		6.9743e+06		531.049		
00:00:34:700		1.52786e+07		-0.167132		3.85541		516.025		6.97428e+06		531.048		
00:00:34:500		1.52795e+07		-0.165185		3.84082		516.114		6.97424e+06		531.043		
00:00:34:500		1.52795e+07		-0.165185		3.84082		516.114		6.97424e+06		531.043		
00:00:34:399		1.52799e+07		-0.164214		3.83362		516.159		6.97422e+06		531.029		
00:00:34:299		1.52803e+07		-0.163244		3.82651		516.202		6.9742e+06		531.04		
00:00:34:100		1.52812e+07		-0.161308		3.81219		516.293		6.97416e+06		531.029		
00:00:34:000		1.52816e+07		-0.160341		3.80483		516.338		6.97414e+06		531.034		
00:00:34:000		1.52816e+07		-0.160341		3.80483		516.338		6.97414e+06		531.034		
00:00:33:799		1.52824e+07		-0.158412		3.79082		516.429		6.97409e+06		531.026		
00:00:33:799		1.52824e+07		-0.158412		3.79082		516.429		6.97409e+06		531.026		
00:00:33:700		1.52829e+07		-0.157449		3.78371		516.472		6.97407e+06		531.015		
00:00:33:600		1.52833e+07		-0.156487		3.77667		516.52		6.97405e+06		531.015		
00:00:33:500		1.52837e+07		-0.155527		3.76942		516.565		6.97403e+06		531.022		
00:00:33:399		1.52841e+07		-0.154568		3.76261		516.61		6.97401e+06		531.019		
00:00:33:299		1.52845e+07		-0.153609		3.75554		516.656		6.97399e+06		531.012		
00:00:33:000		1.52858e+07		-0.150743		3.73473		516.793		6.97393e+06		531.01		
00:00:33:000		1.52858e+07		-0.150743		3.73473		516.793		6.97393e+06		531.01		
00:00:33:000		1.52858e+07		-0.150743		3.73473		516.793		6.97393e+06		531.01		
00:00:32:899		1.52862e+07		-0.149789		3.72789		516.839		6.97391e+06		531.007		
00:00:32:799		1.52866e+07		-0.148837		3.72098		516.884		6.97389e+06		531.004		
00:00:32:700		1.52871e+07		-0.147886		3.71409		516.929		6.97386e+06		530.997		
00:00:32:600		1.52875e+07		-0.146936		3.70716		516.974		6.97384e+06		531.002		
00:00:32:500		1.52879e+07		-0.145988		3.7005		517.024		6.97382e+06		530.999		
00:00:32:399		1.52883e+07		-0.145041		3.6936		517.069		6.9738e+06		530.996		
00:00:32:299		1.52887e+07		-0.144095		3.68689		517.116		6.97378e+06		530.982		
00:00:32:100		1.52896e+07		-0.142207		3.67338		517.208		6.97374e+06		530.991		
00:00:32:100		1.52896e+07		-0.142207		3.67338		517.208		6.97374e+06		530.991		
00:00:32:000		1.529e+07		-0.141264		3.66671		517.255		6.97372e+06		530.987		
00:00:31:899		1.52904e+07		-0.140323		3.65987		517.301		6.9737e+06		530.984		
00:00:31:800		1.5291e+07		-0.138913		3.65001		517.372		6.97367e+06		530.974		
00:00:31:649		1.52914e+07		-0.137974		3.64348		517.42		6.97365e+06		530.98		
00:00:31:550		1.52919e+07		-0.137037		3.63664		517.465		6.97363e+06		530.978		
00:00:31:449		1.52923e+07		-0.1361		3.63028		517.514		6.97361e+06		530.975		
00:00:31:350		1.52927e+07		-0.135165		3.62353		517.561		6.97358e+06		530.971		
00:00:31:250		1.52931e+07		-0.134231		3.61716		517.608		6.97356e+06		530.971		
00:00:31:050		1.52939e+07		-0.132365		3.60407		517.7		6.97352e+06		530.965		
00:00:31:050		1.52939e+07		-0.132365		3.60407		517.7		6.97352e+06		530.965		
00:00:30:949		1.52943e+07		-0.131433		3.59768		517.747		6.9735e+06		530.962		
00:00:30:899		1.52945e+07		-0.130968		3.59438		517.772		6.97349e+06		530.96		
00:00:30:800		1.52949e+07		-0.130037		3.58795		517.819		6.97347e+06		530.958		
00:00:30:699		1.52954e+07		-0.129108		3.58154		517.866		6.97345e+06		530.952		
00:00:30:600		1.52958e+07		-0.128179		3.5752		517.913		6.97343e+06		530.956		
00:00:30:500		1.52962e+07		-0.127251		3.56882		517.96		6.97341e+06		530.953		
00:00:30:350		1.52968e+07		-0.12586		3.55939		518.034		6.97338e+06		530.949		
00:00:30:250		1.52972e+07		-0.124934		3.5528		518.081		6.97336e+06		530.945		
00:00:30:149		1.52976e+07		-0.124008		3.54671		518.13		6.97334e+06		530.943		
00:00:30:050		1.5298e+07		-0.123083		3.54031		518.177		6.97332e+06		530.94		
00:00:29:949		1.52984e+07		-0.122159		3.53399		518.226		6.9733e+06		530.952		
00:00:29:850		1.52988e+07		-0.121235		3.52791		518.275		6.97328e+06		530.93		
00:00:29:750		1.52993e+07		-0.120311		3.52158		518.322		6.97326e+06		530.934		
00:00:29:649		1.52997e+07		-0.119389		3.51541		518.371		6.97324e+06		530.932		
00:00:29:550		1.53001e+07		-0.118465		3.50926		518.419		6.97322e+06		530.929		
00:00:29:449		1.53005e+07		-0.117543		3.50301		518.468		6.9732e+06		530.926		
00:00:29:350		1.53009e+07		-0.116621		3.49685		518.517		6.97317e+06		530.923		
00:00:29:250		1.53013e+07		-0.115699		3.49084		518.566		6.97315e+06		530.921		
00:00:29:250		1.53013e+07		-0.115699		3.49084		518.566		6.97315e+06		530.921		
00:00:29:050		1.53021e+07		-0.113855		3.47862		518.664		6.97311e+06		530.915		
00:00:29:050		1.53021e+07		-0.113855		3.47862		518.664		6.97311e+06		530.915		
00:00:28:899		1.53027e+07		-0.112472		3.46947		518.737		6.97308e+06		530.911		
00:00:28:800		1.53031e+07		-0.111549		3.46334		518.788		6.97306e+06		530.908		
00:00:28:699		1.53035e+07		-0.110627		3.45735		518.837		6.97304e+06		530.904		
00:00:28:600		1.53039e+07		-0.109704		3.45109		518.886		6.97302e+06		530.902		
00:00:28:500		1.53043e+07		-0.108781		3.44535		518.935		6.973e+06		530.898		
00:00:28:399		1.53047e+07		-0.107857		3.43943		518.985		6.97298e+06		530.896		
00:00:28:300		1.53051e+07		-0.106933		3.43334		519.036		6.97296e+06		530.906		
00:00:28:199		1.53056e+07		-0.106008		3.42725		519.085		6.97294e+06		530.89		
00:00:28:000		1.53064e+07		-0.104156		3.41547		519.183		6.9729e+06		530.884		
00:00:28:000		1.53064e+07		-0.104156		3.41547		519.183		6.9729e+06		530.884		
00:00:27:899		1.53068e+07		-0.103228		3.40999		519.232		6.97288e+06		530.882		
00:00:27:800		1.53072e+07		-0.1023		3.40366		519.282		6.97286e+06		530.868		
00:00:27:699		1.53076e+07		-0.101371		3.3977		519.331		6.97284e+06		530.877		
00:00:27:500		1.53084e+07		-0.0995088		3.38596		519.431		6.9728e+06		530.871		
00:00:27:500		1.53084e+07		-0.0995088		3.38596		519.431		6.9728e+06		530.871		
00:00:27:399		1.53088e+07		-0.0985761		3.38024		519.479		6.97278e+06		530.871		
00:00:27:300		1.53092e+07		-0.0976419		3.37435		519.53		6.97276e+06		530.868		
00:00:27:100		1.531e+07		-0.095768		3.36267		519.628		6.97272e+06		530.861		
00:00:27:000		1.53104e+07		-0.0948281		3.35706		519.677		6.9727e+06		530.86		
00:00:27:000		1.53104e+07		-0.0948281		3.35706		519.677		6.9727e+06		530.86		
00:00:26:899		1.53108e+07		-0.0938869		3.35119		519.725		6.97268e+06		530.855		
00:00:26:800		1.53112e+07		-0.0929437		3.34535		519.778		6.97266e+06		530.845		
00:00:26:699		1.53116e+07		-0.0919986		3.33957		519.827		6.97264e+06		530.856		
00:00:26:600		1.5312e+07		-0.0910506		3.33379		519.875		6.97262e+06		530.849		
00:00:26:500		1.53124e+07		-0.0901003		3.32822		519.926		6.9726e+06		530.845		
00:00:26:399		1.53128e+07		-0.089148		3.32242		519.975		6.97258e+06		530.842		
00:00:26:300		1.53132e+07		-0.0881934		3.31662		520.025		6.97256e+06		530.838		
00:00:26:199		1.53136e+07		-0.0872355		3.31083		520.076		6.97254e+06		530.836		
00:00:26:000		1.53144e+07		-0.0853119		3.29946		520.174		6.9725e+06		530.831		
00:00:26:000		1.53144e+07		-0.0853119		3.29946		520.174		6.9725e+06		530.831		
00:00:25:899		1.53148e+07		-0.0843453		3.29366		520.224		6.97248e+06		530.82		
00:00:25:800		1.53152e+07		-0.0833755		3.28801		520.275		6.97246e+06		530.823		
00:00:25:699		1.53157e+07		-0.0824027		3.28242		520.326		6.97244e+06		530.823		
00:00:25:600		1.53161e+07		-0.0814266		3.27677		520.376		6.97242e+06		530.819		
00:00:25:500		1.53165e+07		-0.0804472		3.271		520.425		6.9724e+06		530.815		
00:00:25:399		1.53169e+07		-0.0794635		3.26524		520.475		6.97238e+06		530.813		
00:00:25:300		1.53173e+07		-0.0784764		3.25959		520.526		6.97236e+06		530.81		
00:00:25:100		1.53181e+07		-0.0764904		3.24824		520.625		6.97232e+06		530.805		
00:00:24:949		1.53187e+07		-0.0749903		3.23969		520.7		6.97229e+06		530.8		
00:00:24:949		1.53187e+07		-0.0749903		3.23969		520.7		6.97229e+06		530.8		
00:00:24:850		1.53191e+07		-0.0739851		3.23397		520.753		6.97227e+06		530.796		
00:00:24:750		1.53195e+07		-0.0729752		3.2285		520.803		6.97225e+06		530.795		
00:00:24:649		1.532e+07		-0.0719609		3.223		520.852		6.97223e+06		530.791		
00:00:24:550		1.53204e+07		-0.0709419		3.21707		520.902		6.97221e+06		530.787		
00:00:24:449		1.53208e+07		-0.0699182		3.2113		520.951		6.97219e+06		530.786		
00:00:24:350		1.53212e+07		-0.0688896		3.20572		521.004		6.97217e+06		530.783		
00:00:24:250		1.53216e+07		-0.0678558		3.20038		521.052		6.97215e+06		530.779		
00:00:24:149		1.5322e+07		-0.0668163		3.19498		521.103		6.97213e+06		530.777		
00:00:24:050		1.53225e+07		-0.0657725		3.18868		521.153		6.97211e+06		530.775		
00:00:23:949		1.53229e+07		-0.064723		3.18241		521.202		6.97209e+06		530.773		
00:00:23:850		1.53233e+07		-0.0636678		3.17709		521.254		6.97207e+06		530.771		
00:00:23:750		1.53237e+07		-0.0626073		3.17263		521.305		6.97205e+06		530.761		
00:00:23:649		1.53241e+07		-0.0615411		3.1677		521.355		6.97203e+06		530.763		
00:00:23:550		1.53246e+07		-0.0604687		3.16017		521.404		6.97201e+06		530.759		
00:00:23:449		1.5325e+07		-0.0593915		3.15248		521.455		6.97199e+06		530.755		
00:00:23:350		1.53254e+07		-0.0583072		3.14744		521.507		6.97197e+06		530.751		
00:00:23:250		1.53259e+07		-0.0572176		3.14563		521.556		6.97195e+06		530.749		
00:00:23:149		1.53263e+07		-0.0561213		3.14382		521.606		6.97193e+06		530.745		
00:00:23:050		1.53267e+07		-0.0550194		3.14202		521.657		6.97191e+06		530.744		
00:00:22:949		1.53271e+07		-0.0539107		3.14025		521.707		6.9719e+06		530.741		
00:00:22:850		1.53276e+07		-0.0527949		3.1384		521.758		6.97188e+06		530.738		
00:00:22:750		1.5328e+07		-0.0516734		3.13663		521.808		6.97186e+06		530.734		
00:00:22:649		1.53285e+07		-0.0505447		3.13483		521.858		6.97184e+06		530.726		
00:00:22:550		1.53289e+07		-0.0494089		3.13298		521.909		6.97182e+06		530.729		
00:00:22:449		1.53293e+07		-0.0482669		3.13117		521.959		6.9718e+06		530.726		
00:00:22:350		1.53298e+07		-0.0471172		3.12926		522.012		6.97178e+06		530.716		
00:00:22:250		1.53302e+07		-0.0459609		3.12757		522.06		6.97176e+06		530.72		
00:00:22:149		1.53307e+07		-0.0447979		3.12577		522.111		6.97174e+06		530.716		
00:00:22:050		1.53311e+07		-0.0436287		3.12387		522.161		6.97172e+06		530.707		
00:00:22:050		1.53311e+07		-0.0436287		3.12387		522.161		6.97172e+06		530.707		
00:00:21:850		1.5332e+07		-0.0412717		3.12024		522.262		6.97168e+06		530.707		
00:00:21:850		1.5332e+07		-0.0412717		3.12024		522.262		6.97168e+06		530.707		
00:00:21:750		1.53325e+07		-0.0400834		3.11847		522.312		6.97166e+06		530.705		
00:00:21:550		1.53334e+07		-0.0376868		3.11471		522.413		6.97162e+06		530.693		
00:00:21:449		1.53339e+07		-0.0364785		3.11296		522.462		6.9716e+06		530.696		
00:00:21:449		1.53339e+07		-0.0364785		3.11296		522.462		6.9716e+06		530.696		
00:00:21:250		1.53348e+07		-0.0340409		3.10929		522.564		6.97157e+06		530.684		
00:00:21:149		1.53352e+07		-0.0328112		3.1075		522.615		6.97155e+06		530.689		
00:00:21:050		1.53357e+07		-0.0315738		3.10564		522.663		6.97153e+06		530.686		
00:00:20:949		1.53361e+07		-0.0303288		3.10365		522.714		6.97151e+06		530.682		
00:00:20:850		1.53366e+07		-0.0290751		3.10179		522.764		6.97149e+06		530.678		
00:00:20:750		1.53371e+07		-0.0278125		3.10008		522.814		6.97147e+06		530.668		
00:00:20:649		1.53375e+07		-0.0265412		3.09812		522.865		6.97145e+06		530.675		
00:00:20:649		1.53375e+07		-0.0265412		3.09812		522.865		6.97145e+06		530.675		
00:00:20:449		1.53385e+07		-0.0239706		3.09426		522.966		6.97141e+06		530.668		
00:00:20:350		1.53389e+07		-0.0226717		3.09232		523.016		6.97139e+06		530.67		
00:00:20:350		1.53389e+07		-0.0226717		3.09232		523.016		6.97139e+06		530.67		
00:00:20:199		1.53397e+07		-0.0207062		3.08977		523.091		6.97136e+06		530.663		
00:00:20:000		1.53406e+07		-0.0180573		3.08586		523.189		6.97133e+06		530.657		
00:00:20:000		1.53406e+07		-0.0180573		3.08586		523.189		6.97133e+06		530.657		
00:00:19:899		1.53411e+07		-0.0167212		3.08386		523.238		6.97131e+06		530.649		
00:00:19:800		1.53415e+07		-0.0153775		3.08217		523.288		6.97129e+06		530.653		
00:00:19:699		1.53419e+07		-0.0141497		3.0807		523.338		6.97127e+06		530.649		
00:00:19:600		1.53424e+07		-0.0131102		3.07905		523.387		6.97125e+06		530.648		
00:00:19:500		1.5343e+07		-0.0120711		3.07734		523.435		6.97123e+06		530.632		
00:00:19:399		1.53436e+07		-0.0110321		3.07579		523.486		6.97121e+06		530.642		
00:00:19:300		1.53441e+07		-0.00999355		3.07418		523.534		6.97119e+06		530.639		
00:00:19:199		1.53447e+07		-0.00895548		3.07246		523.583		6.97117e+06		530.636		
00:00:19:000		1.53458e+07		-0.00688076		3.0694		523.681		6.97114e+06		530.632		
00:00:19:000		1.53458e+07		-0.00688076		3.0694		523.681		6.97114e+06		530.632		
00:00:18:899		1.53464e+07		-0.00584412		3.06771		523.73		6.97112e+06		530.628		
00:00:18:800		1.53469e+07		-0.00480747		3.06618		523.78		6.9711e+06		530.62		
00:00:18:600		1.53481e+07		-0.00273514		3.063		523.877		6.97106e+06		530.62		
00:00:18:600		1.53481e+07		-0.00273514		3.063		523.877		6.97106e+06		530.62		
00:00:18:500		1.53486e+07		-0.00169992		3.06146		523.927		6.97104e+06		530.619		
00:00:18:399		1.53492e+07		-0.000664711		3.05986		523.975		6.97102e+06		530.615		
00:00:18:300		1.53497e+07		0.000369549		3.05825		524.026		6.971e+06		530.607		
00:00:18:199		1.53503e+07		0.00140381		3.05669		524.074		6.97098e+06		530.61		
00:00:18:000		1.53514e+07		0.0034709		3.05361		524.171		6.97094e+06		530.606		
00:00:18:000		1.53514e+07		0.0034709		3.05361		524.171		6.97094e+06		530.606		
00:00:17:899		1.5352e+07		0.00450325		3.0521		524.221		6.97092e+06		530.602		
00:00:17:800		1.53526e+07		0.00553513		3.05047		524.271		6.9709e+06		530.598		
00:00:17:699		1.53531e+07		0.00656652		3.0489		524.32		6.97088e+06		530.587		
00:00:17:600		1.53537e+07		0.00759745		3.04733		524.368		6.97086e+06		530.584		
00:00:17:500		1.53542e+07		0.00862789		3.04577		524.416		6.97084e+06		530.591		
00:00:17:399		1.53548e+07		0.00965738		3.04437		524.465		6.97083e+06		530.589		
00:00:17:300		1.53554e+07		0.0106859		3.04273		524.515		6.97081e+06		530.585		
00:00:17:199		1.53559e+07		0.0117145		3.04114		524.563		6.97079e+06		530.585		
00:00:17:000		1.5357e+07		0.0137696		3.03824		524.658		6.97075e+06		530.577		
00:00:17:000		1.5357e+07		0.0137696		3.03824		524.658		6.97075e+06		530.577		
00:00:16:899		1.53576e+07		0.0147958		3.03657		524.706		6.97073e+06		530.576		
00:00:16:800		1.53582e+07		0.0158219		3.03525		524.757		6.97071e+06		530.567		
00:00:16:699		1.53587e+07		0.0168467		3.03363		524.805		6.97069e+06		530.57		
00:00:16:600		1.53593e+07		0.0178709		3.03207		524.852		6.97067e+06		530.568		
00:00:16:500		1.53599e+07		0.0188942		3.03074		524.9		6.97065e+06		530.566		
00:00:16:399		1.53604e+07		0.019917		3.02917		524.948		6.97063e+06		530.562		
00:00:16:300		1.5361e+07		0.0209398		3.0276		524.995		6.97061e+06		530.559		
00:00:16:100		1.53621e+07		0.0229821		3.02468		525.091		6.97057e+06		530.555		
00:00:15:949		1.5363e+07		0.0245118		3.02256		525.164		6.97054e+06		530.55		
00:00:15:949		1.5363e+07		0.0245118		3.02256		525.164		6.97054e+06		530.55		
00:00:15:849		1.53635e+07		0.0255308		3.02102		525.21		6.97052e+06		530.549		
00:00:15:750		1.53641e+07		0.0265489		3.01954		525.258		6.9705e+06		530.546		
00:00:15:650		1.53646e+07		0.027566		3.01815		525.305		6.97048e+06		530.543		
00:00:15:550		1.53652e+07		0.0285826		3.01666		525.351		6.97046e+06		530.54		
00:00:15:449		1.53658e+07		0.0295982		3.01509		525.398		6.97044e+06		530.537		
00:00:15:349		1.53663e+07		0.0306129		3.01374		525.444		6.97042e+06		530.535		
00:00:15:250		1.53669e+07		0.0316267		3.01228		525.49		6.9704e+06		530.533		
00:00:15:150		1.53675e+07		0.03264		3.01075		525.539		6.97038e+06		530.524		
00:00:14:949		1.53686e+07		0.0346632		3.00795		525.63		6.97033e+06		530.526		
00:00:14:949		1.53686e+07		0.0346632		3.00795		525.63		6.97033e+06		530.526		
00:00:14:849		1.53692e+07		0.0356736		3.00638		525.676		6.97031e+06		530.523		
00:00:14:800		1.53694e+07		0.0361786		3.00567		525.698		6.9703e+06		530.521		
00:00:14:650		1.53703e+07		0.0376916		3.00361		525.769		6.97027e+06		530.517		
00:00:14:550		1.53709e+07		0.0386992		3.00212		525.815		6.97025e+06		530.514		
00:00:14:449		1.53714e+07		0.0397058		3.00086		525.861		6.97023e+06		530.511		
00:00:14:349		1.5372e+07		0.0407114		2.99934		525.906		6.97021e+06		530.507		
00:00:14:250		1.53725e+07		0.0417161		2.99781		525.952		6.97019e+06		530.498		
00:00:14:150		1.53731e+07		0.0427198		2.99651		525.997		6.97017e+06		530.503		
00:00:14:050		1.53737e+07		0.0437226		2.99507		526.043		6.97015e+06		530.501		
00:00:13:949		1.53742e+07		0.044724		2.99357		526.088		6.97013e+06		530.497		
00:00:13:849		1.53748e+07		0.0457249		2.99238		526.134		6.97011e+06		530.494		
00:00:13:750		1.53754e+07		0.0467243		2.99093		526.179		6.97009e+06		530.484		
00:00:13:650		1.53759e+07		0.0477233		2.98935		526.223		6.97007e+06		530.488		
00:00:13:550		1.53765e+07		0.0487204		2.98807		526.268		6.97005e+06		530.485		
00:00:13:449		1.53771e+07		0.0497165		2.98666		526.312		6.97002e+06		530.477		
00:00:13:349		1.53777e+07		0.0507121		2.98521		526.357		6.97e+06		530.48		
00:00:13:349		1.53777e+07		0.0507121		2.98521		526.357		6.97e+06		530.48		
00:00:13:250		1.53782e+07		0.0517058		2.98396		526.399		6.96998e+06		530.477		
00:00:13:000		1.53796e+07		0.0541863		2.98037		526.508		6.96993e+06		530.463		
00:00:13:000		1.53796e+07		0.0541863		2.98037		526.508		6.96993e+06		530.463		
00:00:12:900		1.53802e+07		0.0551767		2.97917		526.551		6.96991e+06		530.468		
00:00:12:800		1.53808e+07		0.0561652		2.97775		526.594		6.96989e+06		530.464		
00:00:12:699		1.53814e+07		0.0571532		2.97641		526.636		6.96987e+06		530.461		
00:00:12:550		1.53822e+07		0.0586333		2.97438		526.699		6.96984e+06		530.457		
00:00:12:449		1.53828e+07		0.059618		2.97288		526.742		6.96981e+06		530.453		
00:00:12:349		1.53834e+07		0.0606017		2.9715		526.784		6.96979e+06		530.444		
00:00:12:250		1.53839e+07		0.0615849		2.97025		526.827		6.96977e+06		530.448		
00:00:12:150		1.53845e+07		0.0625668		2.96883		526.87		6.96975e+06		530.446		
00:00:12:050		1.53851e+07		0.0635481		2.96745		526.912		6.96973e+06		530.442		
00:00:12:050		1.53851e+07		0.0635481		2.96745		526.912		6.96973e+06		530.442		
00:00:11:849		1.53862e+07		0.065506		2.96456		526.997		6.96969e+06		530.437		
00:00:11:849		1.53862e+07		0.065506		2.96456		526.997		6.96969e+06		530.437		
00:00:11:750		1.53868e+07		0.0664835		2.9633		527.04		6.96967e+06		530.436		
00:00:11:650		1.53874e+07		0.0674605		2.96199		527.081		6.96964e+06		530.433		
00:00:11:500		1.53882e+07		0.068924		2.95985		527.143		6.96961e+06		530.427		
00:00:11:400		1.53888e+07		0.0698981		2.9585		527.186		6.96959e+06		530.423		
00:00:11:300		1.53894e+07		0.0708714		2.95716		527.227		6.96957e+06		530.421		
00:00:11:199		1.539e+07		0.0718431		2.95581		527.269		6.96955e+06		530.417		
00:00:11:000		1.53911e+07		0.0737848		2.95311		527.351		6.9695e+06		530.413		
00:00:11:000		1.53911e+07		0.0737848		2.95311		527.351		6.9695e+06		530.413		
00:00:10:900		1.53917e+07		0.0747538		2.95188		527.391		6.96948e+06		530.409		
00:00:10:800		1.53923e+07		0.0757222		2.95041		527.43		6.96946e+06		530.405		
00:00:10:699		1.53929e+07		0.0766902		2.94905		527.471		6.96944e+06		530.405		
00:00:10:599		1.53935e+07		0.0776567		2.94771		527.512		6.96942e+06		530.402		
00:00:10:500		1.53941e+07		0.0786228		2.9464		527.549		6.96939e+06		530.399		
00:00:10:400		1.53946e+07		0.0795879		2.94512		527.587		6.96937e+06		530.396		
00:00:10:300		1.53952e+07		0.0805521		2.94377		527.628		6.96935e+06		530.392		
00:00:10:199		1.53958e+07		0.0815158		2.94245		527.665		6.96933e+06		530.389		
00:00:10:000		1.5397e+07		0.0834413		2.93982		527.745		6.96928e+06		530.382		
00:00:10:000		1.5397e+07		0.0834413		2.93982		527.745		6.96928e+06		530.382		
00:00:09:900		1.53976e+07		0.084403		2.93854		527.783		6.96926e+06		530.379		
00:00:09:800		1.53982e+07		0.0853639		2.93723		527.82		6.96924e+06		530.376		
00:00:09:699		1.53988e+07		0.0863242		2.93587		527.857		6.96921e+06		530.372		
00:00:09:599		1.53994e+07		0.0872836		2.93464		527.892		6.96919e+06		530.367		
00:00:09:500		1.54e+07		0.0882421		2.9334		527.929		6.96917e+06		530.358		
00:00:09:400		1.54006e+07		0.0892		2.93204		527.968		6.96914e+06		530.352		
00:00:09:250		1.54015e+07		0.0906363		2.93014		528.025		6.96911e+06		530.354		
00:00:09:150		1.54021e+07		0.0915928		2.92896		528.062		6.96908e+06		530.344		
00:00:09:000		1.5403e+07		0.0930271		2.92705		528.12		6.96905e+06		530.343		
00:00:09:000		1.5403e+07		0.0930271		2.92705		528.12		6.96905e+06		530.343		
00:00:08:849		1.54039e+07		0.0944605		2.92509		528.175		6.96901e+06		530.337		
00:00:08:750		1.54045e+07		0.0954165		2.92389		528.212		6.96899e+06		530.349		
00:00:08:650		1.54051e+07		0.0963712		2.92262		528.245		6.96896e+06		530.329		
00:00:08:550		1.54058e+07		0.0973263		2.92138		528.282		6.96894e+06		530.324		
00:00:08:449		1.54064e+07		0.0982809		2.92015		528.317		6.96891e+06		530.321		
00:00:08:349		1.5407e+07		0.099236		2.91893		528.352		6.96889e+06		530.315		
00:00:08:250		1.54076e+07		0.10019		2.91778		528.387		6.96886e+06		530.31		
00:00:08:050		1.54089e+07		0.102099		2.91527		528.456		6.96881e+06		530.297		
00:00:07:950		1.54095e+07		0.103054		2.91412		528.489		6.96878e+06		530.285		
00:00:07:950		1.54095e+07		0.103054		2.91412		528.489		6.96878e+06		530.285		
00:00:07:849		1.54101e+07		0.104008		2.91289		528.524		6.96876e+06		530.284		
00:00:07:750		1.54108e+07		0.104962		2.91178		528.555		6.96873e+06		530.277		
00:00:07:650		1.54114e+07		0.105916		2.91051		528.589		6.9687e+06		530.276		
00:00:07:549		1.54121e+07		0.106869		2.90933		528.622		6.96868e+06		530.265		
00:00:07:450		1.54127e+07		0.107822		2.90824		528.657		6.96865e+06		530.258		
00:00:07:349		1.54134e+07		0.108775		2.90705		528.69		6.96862e+06		530.25		
00:00:07:250		1.5414e+07		0.109727		2.90599		528.723		6.96859e+06		530.242		
00:00:07:150		1.54147e+07		0.11068		2.90472		528.758		6.96856e+06		530.234		
00:00:07:049		1.54153e+07		0.111632		2.90359		528.791		6.96853e+06		530.224		
00:00:06:950		1.5416e+07		0.112585		2.90246		528.823		6.96851e+06		530.213		
00:00:06:849		1.54166e+07		0.113536		2.90137		528.854		6.96848e+06		530.198		
00:00:06:849		1.54166e+07		0.113536		2.90137		528.854		6.96848e+06		530.198		
00:00:06:750		1.54173e+07		0.114489		2.90028		528.884		6.96844e+06		530.195		
00:00:06:650		1.5418e+07		0.11544		2.8991		528.913		6.96841e+06		530.184		
00:00:06:549		1.54187e+07		0.116392		2.89802		528.943		6.96838e+06		530.175		
00:00:06:400		1.54197e+07		0.11782		2.89634		528.987		6.96834e+06		530.157		
00:00:06:299		1.54204e+07		0.118772		2.89525		529.016		6.9683e+06		530.146		
00:00:06:200		1.5421e+07		0.119724		2.89413		529.046		6.96827e+06		530.132		
00:00:06:000		1.54224e+07		0.121628		2.89197		529.103		6.9682e+06		530.104		
00:00:06:000		1.54224e+07		0.121628		2.89197		529.103		6.9682e+06		530.104		
00:00:05:900		1.54231e+07		0.12258		2.89086		529.133		6.96817e+06		530.091		
00:00:05:799		1.54238e+07		0.123531		2.88987		529.162		6.96813e+06		530.075		
00:00:05:700		1.54245e+07		0.124483		2.88876		529.192		6.9681e+06		530.057		
00:00:05:599		1.54253e+07		0.125435		2.88774		529.223		6.96806e+06		530.043		
00:00:05:450		1.54263e+07		0.126863		2.88615		529.267		6.96801e+06		530.03		
00:00:05:450		1.54263e+07		0.126863		2.88615		529.267		6.96801e+06		530.03		
00:00:05:349		1.54271e+07		0.127815		2.88509		529.293		6.96797e+06		529.999		
00:00:05:250		1.54278e+07		0.128767		2.88408		529.321		6.96793e+06		529.978		
00:00:05:000		1.54296e+07		0.131148		2.88154		529.385		6.96783e+06		529.919		
00:00:05:000		1.54296e+07		0.131148		2.88154		529.385		6.96783e+06		529.919		
00:00:04:900		1.54304e+07		0.1321		2.88058		529.411		6.96779e+06		529.906		
00:00:04:799		1.54311e+07		0.133052		2.87954		529.437		6.96775e+06		529.877		
00:00:04:700		1.54319e+07		0.134004		2.87851		529.461		6.96771e+06		529.859		
00:00:04:650		1.54323e+07		0.13448		2.87799		529.474		6.96769e+06		529.836		
00:00:04:500		1.54334e+07		0.135907		2.87654		529.51		6.96762e+06		529.807		
00:00:04:400		1.54342e+07		0.136858		2.8756		529.533		6.96758e+06		529.774		
00:00:04:299		1.54349e+07		0.137807		2.87459		529.556		6.96754e+06		529.752		
00:00:04:200		1.54357e+07		0.138758		2.87363		529.579		6.96749e+06		529.718		
00:00:04:000		1.54373e+07		0.140657		2.87163		529.626		6.9674e+06		529.659		
00:00:04:000		1.54373e+07		0.140657		2.87163		529.626		6.9674e+06		529.659		
00:00:03:899		1.54381e+07		0.141607		2.87063		529.649		6.96735e+06		529.625		
00:00:03:799		1.54389e+07		0.142557		2.86959		529.672		6.9673e+06		529.589		
00:00:03:649		1.54401e+07		0.143982		2.86814		529.704		6.96723e+06		529.526		
00:00:03:549		1.54409e+07		0.144932		2.86728		529.728		6.96718e+06		529.492		
00:00:03:500		1.54413e+07		0.145407		2.86679		529.737		6.96715e+06		529.472		
00:00:03:399		1.54422e+07		0.146354		2.86586		529.761		6.9671e+06		529.427		
00:00:03:299		1.5443e+07		0.147299		2.86494		529.781		6.96704e+06		529.371		
00:00:03:049		1.54451e+07		0.149641		2.86286		529.827		6.96691e+06		529.265		
00:00:02:950		1.54459e+07		0.15057		2.8619		529.847		6.96685e+06		529.214		
00:00:02:950		1.54459e+07		0.15057		2.8619		529.847		6.96685e+06		529.214		
00:00:02:850		1.54468e+07		0.151496		2.861		529.866		6.96679e+06		529.159		
00:00:02:750		1.54476e+07		0.152421		2.86003		529.884		6.96673e+06		529.096		
00:00:02:649		1.54484e+07		0.153349		2.85896		529.903		6.96667e+06		529.06		
00:00:02:549		1.54492e+07		0.154284		2.85785		529.919		6.96661e+06		528.987		
00:00:02:450		1.54501e+07		0.155226		2.85679		529.936		6.96655e+06		528.927		
00:00:02:350		1.54511e+07		0.156178		2.85577		529.952		6.96649e+06		528.869		
00:00:02:250		1.54521e+07		0.157135		2.85482		529.967		6.96643e+06		528.798		
00:00:02:049		1.54543e+07		0.159034		2.85359		529.995		6.9663e+06		528.662		
00:00:02:049		1.54543e+07		0.159034		2.85359		529.995		6.9663e+06		528.662		
00:00:01:949		1.54554e+07		0.159954		2.85323		530.011		6.96623e+06		528.589		
00:00:01:949		1.54554e+07		0.159954		2.85323		530.011		6.96623e+06		528.589		
00:00:01:800		1.5457e+07		0.161263		2.85269		530.03		6.96613e+06		528.483		
00:00:01:699		1.54579e+07		0.162082		2.85247		530.043		6.96606e+06		528.406		
00:00:01:550		1.5459e+07		0.16324		2.85163		530.061		6.96596e+06		528.286		
00:00:01:449		1.54595e+07		0.163993		2.85027		530.074		6.96589e+06		528.193		
00:00:01:350		1.546e+07		0.164764		2.84813		530.089		6.96582e+06		528.108		
00:00:01:350		1.546e+07		0.164764		2.84813		530.089		6.96582e+06		528.108		
00:00:01:250		1.54606e+07		0.165583		2.84555		530.101		6.96574e+06		528.022		
00:00:01:000		1.54637e+07		0.16797		2.84035		530.136		6.96554e+06		527.77		
00:00:01:000		1.54637e+07		0.16797		2.84035		530.136		6.96554e+06		527.77		
00:00:00:800		1.54684e+07		0.170087		2.83647		530.168		6.96537e+06		527.522		
00:00:00:800		1.54684e+07		0.170087		2.83647		530.168		6.96537e+06		527.522		
00:00:00:699		1.54712e+07		0.17105		2.83787		530.182		6.96528e+06		527.39		
00:00:00:550		1.5475e+07		0.172146		2.8452		530.201		6.96513e+06		527.183		
00:00:00:550		1.5475e+07		0.172146		2.8452		530.201		6.96513e+06		527.183		
00:00:00:349		1.54781e+07		0.172788		2.84762		530.214		6.96492e+06		526.858		
00:00:00:349		1.54781e+07		0.172788		2.84762		530.214		6.96492e+06		526.858		
00:00:00:250		1.54785e+07		0.17284		2.83572		530.217		6.96485e+06		526.824		
00:00:00:000		1.54785e+07		0.17284		2.83571		530.225		6.96483e+06		526.826		
00:00:00:000		1.54785e+07		0.17284		2.83571		530.225		6.96483e+06		526.826		
00:00:00:000		1.54785e+07		0.17284		2.83571		530.225		6.96483e+06		526.826		
00:00:00:000		1.54785e+07		0.17284		2.83571		530.225		6.96483e+06		526.826		
