	time 		rcpppzr	rcp054rcp007mnzoyout	rcv501std0102fvol	fwfrcp001gv	rcppmssga	msfsg(1)	
00:01:03:399		1.51738e+07		-0.4241		5.78285		508.819		6.97996e+06		531.219		
00:01:03:399		1.51738e+07		-0.4241		5.78285		508.819		6.97996e+06		531.219		
00:01:03:299		1.51742e+07		-0.423195		5.77917		508.831		6.97994e+06		531.22		
00:01:03:200		1.51745e+07		-0.42229		5.77548		508.842		6.97992e+06		531.217		
00:01:03:000		1.51753e+07		-0.42048		5.76807		508.865		6.97989e+06		531.216		
00:01:02:899		1.51757e+07		-0.419574		5.76435		508.877		6.97987e+06		531.213		
00:01:02:899		1.51757e+07		-0.419574		5.76435		508.877		6.97987e+06		531.213		
00:01:02:799		1.5176e+07		-0.418669		5.7606		508.89		6.97985e+06		531.214		
00:01:02:700		1.51764e+07		-0.417763		5.75685		508.902		6.97983e+06		531.212		
00:01:02:500		1.51772e+07		-0.41595		5.74931		508.925		6.97979e+06		531.21		
00:01:02:399		1.51777e+07		-0.41459		5.74361		508.944		6.97976e+06		531.207		
00:01:02:399		1.51777e+07		-0.41459		5.74361		508.944		6.97976e+06		531.207		
00:01:02:299		1.51779e+07		-0.414136		5.74169		508.95		6.97975e+06		531.206		
00:01:02:200		1.51783e+07		-0.413229		5.73787		508.963		6.97974e+06		531.207		
00:01:02:000		1.5179e+07		-0.411415		5.73028		508.988		6.9797e+06		531.202		
00:01:02:000		1.5179e+07		-0.411415		5.73028		508.988		6.9797e+06		531.202		
00:01:01:899		1.51794e+07		-0.410507		5.72646		509		6.97968e+06		531.203		
00:01:01:799		1.51798e+07		-0.409599		5.7226		509.015		6.97966e+06		531.206		
00:01:01:700		1.51802e+07		-0.40869		5.71873		509.026		6.97964e+06		531.201		
00:01:01:600		1.51805e+07		-0.407782		5.71489		509.038		6.97962e+06		531.193		
00:01:01:500		1.51809e+07		-0.406873		5.71096		509.051		6.9796e+06		531.198		
00:01:01:399		1.51813e+07		-0.405964		5.70701		509.065		6.97958e+06		531.195		
00:01:01:299		1.51817e+07		-0.405054		5.70306		509.078		6.97956e+06		531.193		
00:01:01:200		1.5182e+07		-0.404144		5.69909		509.091		6.97954e+06		531.194		
00:01:01:049		1.51826e+07		-0.402779		5.69307		509.111		6.97951e+06		531.193		
00:01:00:950		1.5183e+07		-0.401868		5.68907		509.124		6.97949e+06		531.19		
00:01:00:850		1.51834e+07		-0.400957		5.68505		509.138		6.97947e+06		531.18		
00:01:00:750		1.51837e+07		-0.400046		5.68105		509.151		6.97946e+06		531.188		
00:01:00:649		1.51841e+07		-0.399135		5.67698		509.164		6.97944e+06		531.188		
00:01:00:549		1.51845e+07		-0.398222		5.67288		509.178		6.97942e+06		531.189		
00:01:00:450		1.51849e+07		-0.397311		5.66882		509.191		6.9794e+06		531.187		
00:01:00:350		1.51852e+07		-0.396398		5.66481		509.205		6.97938e+06		531.187		
00:01:00:250		1.51856e+07		-0.395486		5.66072		509.22		6.97936e+06		531.185		
00:01:00:149		1.5186e+07		-0.394573		5.65661		509.233		6.97934e+06		531.185		
00:01:00:049		1.51864e+07		-0.39366		5.65252		509.249		6.97932e+06		531.183		
00:01:00:000		1.51866e+07		-0.393203		5.65052		509.258		6.97931e+06		531.183		
00:00:59:899		1.51869e+07		-0.392289		5.64642		509.27		6.97929e+06		531.182		
00:00:59:799		1.51873e+07		-0.391375		5.6423		509.285		6.97927e+06		531.181		
00:00:59:799		1.51873e+07		-0.391375		5.6423		509.285		6.97927e+06		531.181		
00:00:59:600		1.51881e+07		-0.389545		5.63402		509.314		6.97923e+06		531.178		
00:00:59:500		1.51885e+07		-0.38863		5.62981		509.329		6.97921e+06		531.176		
00:00:59:399		1.51888e+07		-0.387715		5.62558		509.344		6.97919e+06		531.175		
00:00:59:299		1.51892e+07		-0.3868		5.62135		509.36		6.97917e+06		531.175		
00:00:59:200		1.51896e+07		-0.385884		5.61716		509.375		6.97915e+06		531.173		
00:00:59:100		1.519e+07		-0.384967		5.61293		509.39		6.97913e+06		531.171		
00:00:59:000		1.51903e+07		-0.38405		5.60864		509.406		6.97911e+06		531.165		
00:00:58:899		1.51907e+07		-0.383133		5.60435		509.421		6.97909e+06		531.171		
00:00:58:799		1.51911e+07		-0.382216		5.60012		509.436		6.97907e+06		531.169		
00:00:58:700		1.51915e+07		-0.381298		5.59582		509.453		6.97905e+06		531.167		
00:00:58:600		1.51919e+07		-0.38038		5.59157		509.469		6.97903e+06		531.165		
00:00:58:500		1.51922e+07		-0.379462		5.58733		509.486		6.97901e+06		531.164		
00:00:58:399		1.51926e+07		-0.378543		5.58299		509.501		6.97899e+06		531.168		
00:00:58:299		1.5193e+07		-0.377624		5.57866		509.518		6.97897e+06		531.157		
00:00:58:299		1.5193e+07		-0.377624		5.57866		509.518		6.97897e+06		531.157		
00:00:58:149		1.51936e+07		-0.376245		5.5722		509.543		6.97894e+06		531.162		
00:00:57:950		1.51943e+07		-0.374404		5.5634		509.576		6.9789e+06		531.16		
00:00:57:950		1.51943e+07		-0.374404		5.5634		509.576		6.9789e+06		531.16		
00:00:57:750		1.51951e+07		-0.372563		5.55457		509.61		6.97886e+06		531.152		
00:00:57:750		1.51951e+07		-0.372563		5.55457		509.61		6.97886e+06		531.152		
00:00:57:549		1.51959e+07		-0.370718		5.54571		509.645		6.97882e+06		531.156		
00:00:57:450		1.51962e+07		-0.369796		5.54137		509.66		6.9788e+06		531.154		
00:00:57:450		1.51962e+07		-0.369796		5.54137		509.66		6.9788e+06		531.154		
00:00:57:350		1.51966e+07		-0.368873		5.5369		509.677		6.97878e+06		531.147		
00:00:57:250		1.5197e+07		-0.367949		5.5324		509.695		6.97876e+06		531.153		
00:00:57:149		1.51974e+07		-0.367026		5.52788		509.714		6.97874e+06		531.152		
00:00:57:049		1.51978e+07		-0.366102		5.52332		509.731		6.97872e+06		531.149		
00:00:56:950		1.51981e+07		-0.365178		5.51886		509.75		6.97869e+06		531.136		
00:00:56:850		1.51985e+07		-0.364254		5.5143		509.769		6.97867e+06		531.149		
00:00:56:750		1.51989e+07		-0.363328		5.50969		509.786		6.97865e+06		531.148		
00:00:56:549		1.51997e+07		-0.361477		5.50061		509.825		6.97861e+06		531.145		
00:00:56:549		1.51997e+07		-0.361477		5.50061		509.825		6.97861e+06		531.145		
00:00:56:350		1.52004e+07		-0.359625		5.49128		509.859		6.97857e+06		531.144		
00:00:56:350		1.52004e+07		-0.359625		5.49128		509.859		6.97857e+06		531.144		
00:00:56:250		1.52008e+07		-0.358699		5.48665		509.878		6.97855e+06		531.142		
00:00:56:149		1.52012e+07		-0.357772		5.48215		509.895		6.97853e+06		531.14		
00:00:56:049		1.52016e+07		-0.356844		5.47757		509.915		6.97851e+06		531.139		
00:00:55:950		1.5202e+07		-0.355917		5.47277		509.934		6.97849e+06		531.136		
00:00:55:850		1.52023e+07		-0.354989		5.46792		509.953		6.97847e+06		531.137		
00:00:55:750		1.52027e+07		-0.35406		5.46335		509.972		6.97845e+06		531.135		
00:00:55:649		1.52031e+07		-0.353132		5.45905		509.993		6.97843e+06		531.135		
00:00:55:549		1.52035e+07		-0.352202		5.45465		510.014		6.9784e+06		531.134		
00:00:55:399		1.52041e+07		-0.350808		5.44665		510.043		6.97837e+06		531.131		
00:00:55:299		1.52045e+07		-0.349878		5.44135		510.064		6.97835e+06		531.131		
00:00:55:200		1.52048e+07		-0.348948		5.43775		510.083		6.97833e+06		531.129		
00:00:55:100		1.52052e+07		-0.348017		5.43481		510.104		6.97831e+06		531.125		
00:00:55:000		1.52056e+07		-0.347086		5.43057		510.123		6.97829e+06		531.115		
00:00:54:899		1.5206e+07		-0.346154		5.42194		510.142		6.97827e+06		531.117		
00:00:54:799		1.52064e+07		-0.345222		5.41326		510.163		6.97825e+06		531.124		
00:00:54:600		1.52071e+07		-0.343356		5.39566		510.205		6.9782e+06		531.122		
00:00:54:500		1.52075e+07		-0.342423		5.38684		510.226		6.97818e+06		531.123		
00:00:54:500		1.52075e+07		-0.342423		5.38684		510.226		6.97818e+06		531.123		
00:00:54:399		1.52079e+07		-0.341489		5.3782		510.247		6.97816e+06		531.121		
00:00:54:299		1.52083e+07		-0.340555		5.36952		510.27		6.97814e+06		531.112		
00:00:54:200		1.52087e+07		-0.33962		5.36062		510.291		6.97812e+06		531.121		
00:00:54:100		1.52091e+07		-0.338685		5.35193		510.312		6.9781e+06		531.119		
00:00:54:100		1.52091e+07		-0.338685		5.35193		510.312		6.9781e+06		531.119		
00:00:53:950		1.52096e+07		-0.337282		5.33883		510.345		6.97806e+06		531.117		
00:00:53:850		1.521e+07		-0.336346		5.33007		510.366		6.97804e+06		531.116		
00:00:53:750		1.52104e+07		-0.335409		5.32139		510.387		6.97802e+06		531.115		
00:00:53:549		1.52112e+07		-0.333534		5.30371		510.431		6.97798e+06		531.118		
00:00:53:500		1.52114e+07		-0.333066		5.29934		510.44		6.97797e+06		531.113		
00:00:53:399		1.52118e+07		-0.332127		5.29088		510.463		6.97795e+06		531.112		
00:00:53:299		1.52122e+07		-0.331189		5.28201		510.486		6.97793e+06		531.111		
00:00:53:200		1.52125e+07		-0.33025		5.27318		510.509		6.9779e+06		531.11		
00:00:53:100		1.52129e+07		-0.32931		5.2645		510.53		6.97788e+06		531.109		
00:00:53:000		1.52133e+07		-0.328371		5.25568		510.553		6.97786e+06		531.108		
00:00:52:899		1.52137e+07		-0.32743		5.24716		510.576		6.97784e+06		531.108		
00:00:52:750		1.52143e+07		-0.326019		5.23389		510.608		6.97781e+06		531.106		
00:00:52:750		1.52143e+07		-0.326019		5.23389		510.608		6.97781e+06		531.106		
00:00:52:649		1.52147e+07		-0.325077		5.22512		510.631		6.97779e+06		531.105		
00:00:52:450		1.52155e+07		-0.323193		5.20771		510.679		6.97774e+06		531.096		
00:00:52:450		1.52155e+07		-0.323193		5.20771		510.679		6.97774e+06		531.096		
00:00:52:350		1.52159e+07		-0.32225		5.19897		510.702		6.97772e+06		531.103		
00:00:52:149		1.52166e+07		-0.320364		5.18147		510.748		6.97768e+06		531.107		
00:00:52:149		1.52166e+07		-0.320364		5.18147		510.748		6.97768e+06		531.107		
00:00:52:049		1.5217e+07		-0.31942		5.17296		510.774		6.97766e+06		531.1		
00:00:51:950		1.52174e+07		-0.318477		5.16403		510.797		6.97763e+06		531.096		
00:00:51:850		1.52178e+07		-0.317533		5.15539		510.822		6.97761e+06		531.093		
00:00:51:750		1.52182e+07		-0.316588		5.14657		510.845		6.97759e+06		531.098		
00:00:51:549		1.5219e+07		-0.314697		5.12924		510.893		6.97755e+06		531.096		
00:00:51:450		1.52194e+07		-0.313751		5.12043		510.918		6.97753e+06		531.095		
00:00:51:450		1.52194e+07		-0.313751		5.12043		510.918		6.97753e+06		531.095		
00:00:51:350		1.52198e+07		-0.312805		5.11182		510.94		6.9775e+06		531.094		
00:00:51:200		1.52203e+07		-0.311385		5.09878		510.979		6.97747e+06		531.093		
00:00:51:100		1.52207e+07		-0.310438		5.09014		511.002		6.97745e+06		531.093		
00:00:51:000		1.52211e+07		-0.30949		5.08131		511.028		6.97743e+06		531.093		
00:00:50:899		1.52215e+07		-0.308542		5.0727		511.053		6.97741e+06		531.092		
00:00:50:799		1.52219e+07		-0.307594		5.06407		511.078		6.97738e+06		531.09		
00:00:50:700		1.52223e+07		-0.306644		5.05522		511.105		6.97736e+06		531.089		
00:00:50:549		1.52229e+07		-0.305221		5.04223		511.143		6.97733e+06		531.087		
00:00:50:549		1.52229e+07		-0.305221		5.04223		511.143		6.97733e+06		531.087		
00:00:50:450		1.52233e+07		-0.304271		5.03356		511.168		6.97731e+06		531.076		
00:00:50:350		1.52237e+07		-0.30332		5.02485		511.194		6.97729e+06		531.078		
00:00:50:250		1.52241e+07		-0.30237		5.01612		511.221		6.97726e+06		531.086		
00:00:50:149		1.52245e+07		-0.301419		5.00741		511.246		6.97724e+06		531.08		
00:00:50:049		1.52249e+07		-0.300467		4.99887		511.276		6.97722e+06		531.087		
00:00:49:950		1.52253e+07		-0.299516		4.99004		511.301		6.9772e+06		531.086		
00:00:49:799		1.52259e+07		-0.298087		4.97701		511.343		6.97717e+06		531.085		
00:00:49:700		1.52262e+07		-0.297134		4.96844		511.37		6.97715e+06		531.084		
00:00:49:600		1.52266e+07		-0.296182		4.95967		511.396		6.97712e+06		531.083		
00:00:49:500		1.5227e+07		-0.295228		4.95099		511.423		6.9771e+06		531.081		
00:00:49:399		1.52274e+07		-0.294273		4.94235		511.45		6.97708e+06		531.08		
00:00:49:299		1.52278e+07		-0.293319		4.93374		511.477		6.97706e+06		531.078		
00:00:49:200		1.52282e+07		-0.292364		4.92498		511.505		6.97704e+06		531.078		
00:00:49:100		1.52286e+07		-0.291409		4.91634		511.532		6.97701e+06		531.071		
00:00:49:000		1.5229e+07		-0.290452		4.90767		511.56		6.97699e+06		531.082		
00:00:48:899		1.52294e+07		-0.289496		4.89905		511.587		6.97697e+06		531.079		
00:00:48:799		1.52298e+07		-0.288539		4.89037		511.614		6.97695e+06		531.079		
00:00:48:700		1.52302e+07		-0.287583		4.88185		511.642		6.97693e+06		531.077		
00:00:48:600		1.52306e+07		-0.286626		4.87313		511.671		6.97691e+06		531.076		
00:00:48:500		1.5231e+07		-0.285668		4.86446		511.698		6.97688e+06		531.075		
00:00:48:500		1.5231e+07		-0.285668		4.86446		511.698		6.97688e+06		531.075		
00:00:48:350		1.52316e+07		-0.284231		4.85158		511.74		6.97685e+06		531.073		
00:00:48:250		1.5232e+07		-0.283272		4.84304		511.768		6.97683e+06		531.071		
00:00:48:149		1.52324e+07		-0.282314		4.83435		511.797		6.97681e+06		531.077		
00:00:48:049		1.52328e+07		-0.281354		4.82591		511.825		6.97679e+06		531.07		
00:00:47:950		1.52332e+07		-0.280395		4.81705		511.854		6.97676e+06		531.072		
00:00:47:850		1.52336e+07		-0.279435		4.80852		511.881		6.97674e+06		531.071		
00:00:47:750		1.5234e+07		-0.278475		4.79983		511.909		6.97672e+06		531.069		
00:00:47:549		1.52348e+07		-0.276554		4.78265		511.966		6.97668e+06		531.068		
00:00:47:450		1.52352e+07		-0.275593		4.77403		511.997		6.97666e+06		531.067		
00:00:47:450		1.52352e+07		-0.275593		4.77403		511.997		6.97666e+06		531.067		
00:00:47:350		1.52356e+07		-0.274631		4.76542		512.025		6.97664e+06		531.065		
00:00:47:200		1.52362e+07		-0.273188		4.75247		512.069		6.9766e+06		531.063		
00:00:47:100		1.52368e+07		-0.271745		4.73979		512.113		6.97657e+06		531.063		
00:00:47:100		1.52368e+07		-0.271745		4.73979		512.113		6.97657e+06		531.063		
00:00:46:850		1.52376e+07		-0.269819		4.72253		512.172		6.97653e+06		531.06		
00:00:46:850		1.52376e+07		-0.269819		4.72253		512.172		6.97653e+06		531.06		
00:00:46:750		1.5238e+07		-0.268856		4.71396		512.202		6.97651e+06		531.059		
00:00:46:649		1.52384e+07		-0.267892		4.70546		512.233		6.97648e+06		531.058		
00:00:46:450		1.52392e+07		-0.265964		4.68842		512.294		6.97644e+06		531.055		
00:00:46:450		1.52392e+07		-0.265964		4.68842		512.294		6.97644e+06		531.055		
00:00:46:250		1.524e+07		-0.264035		4.67135		512.355		6.9764e+06		531.052		
00:00:46:250		1.524e+07		-0.264035		4.67135		512.355		6.9764e+06		531.052		
00:00:46:149		1.52404e+07		-0.26307		4.66284		512.385		6.97638e+06		531.051		
00:00:46:049		1.52408e+07		-0.262105		4.65434		512.416		6.97635e+06		531.048		
00:00:45:950		1.52412e+07		-0.261139		4.64581		512.446		6.97633e+06		531.048		
00:00:45:850		1.52416e+07		-0.260174		4.63732		512.477		6.97631e+06		531.04		
00:00:45:700		1.52422e+07		-0.258725		4.62463		512.524		6.97628e+06		531.045		
00:00:45:549		1.52428e+07		-0.257275		4.61188		512.57		6.97625e+06		531.044		
00:00:45:399		1.52434e+07		-0.255825		4.59926		512.617		6.97621e+06		531.04		
00:00:45:399		1.52434e+07		-0.255825		4.59926		512.617		6.97621e+06		531.04		
00:00:45:299		1.52438e+07		-0.254858		4.59063		512.648		6.97619e+06		531.031		
00:00:45:200		1.52442e+07		-0.25389		4.58223		512.68		6.97617e+06		531.034		
00:00:45:100		1.52447e+07		-0.252923		4.57379		512.711		6.97615e+06		531.044		
00:00:45:000		1.52451e+07		-0.251955		4.56534		512.743		6.97613e+06		531.038		
00:00:44:899		1.52455e+07		-0.250987		4.55689		512.777		6.9761e+06		531.03		
00:00:44:799		1.52459e+07		-0.250018		4.54842		512.807		6.97608e+06		531.038		
00:00:44:700		1.52463e+07		-0.24905		4.53999		512.84		6.97606e+06		531.038		
00:00:44:600		1.52467e+07		-0.248081		4.53157		512.872		6.97604e+06		531.021		
00:00:44:500		1.52471e+07		-0.247112		4.5231		512.904		6.97602e+06		531.034		
00:00:44:399		1.52475e+07		-0.246143		4.51484		512.937		6.976e+06		531.03		
00:00:44:299		1.52479e+07		-0.245173		4.50631		512.969		6.97597e+06		531.03		
00:00:44:200		1.52483e+07		-0.244204		4.49799		513.005		6.97595e+06		531.033		
00:00:44:100		1.52487e+07		-0.243234		4.48944		513.036		6.97593e+06		531.027		
00:00:44:000		1.52491e+07		-0.242264		4.4811		513.068		6.97591e+06		531.027		
00:00:43:899		1.52495e+07		-0.241294		4.47265		513.1		6.97589e+06		531.024		
00:00:43:799		1.52499e+07		-0.240324		4.4643		513.135		6.97587e+06		531.037		
00:00:43:700		1.52503e+07		-0.239353		4.45592		513.167		6.97585e+06		531.022		
00:00:43:600		1.52507e+07		-0.238382		4.44767		513.201		6.97582e+06		531.019		
00:00:43:500		1.52511e+07		-0.237411		4.4393		513.235		6.9758e+06		531.02		
00:00:43:399		1.52516e+07		-0.236439		4.4311		513.269		6.97578e+06		531.018		
00:00:43:299		1.5252e+07		-0.235468		4.42262		513.304		6.97576e+06		531.017		
00:00:43:200		1.52524e+07		-0.234496		4.41434		513.338		6.97574e+06		531.014		
00:00:43:200		1.52524e+07		-0.234496		4.41434		513.338		6.97574e+06		531.014		
00:00:43:100		1.5253e+07		-0.233037		4.40198		513.389		6.97571e+06		531.014		
00:00:42:950		1.52534e+07		-0.232065		4.39363		513.423		6.97568e+06		531.011		
00:00:42:750		1.52542e+07		-0.230119		4.3771		513.492		6.97564e+06		531.01		
00:00:42:649		1.52546e+07		-0.229146		4.36883		513.526		6.97562e+06		531.008		
00:00:42:649		1.52546e+07		-0.229146		4.36883		513.526		6.97562e+06		531.008		
00:00:42:450		1.52554e+07		-0.2272		4.35228		513.594		6.97558e+06		531.005		
00:00:42:450		1.52554e+07		-0.2272		4.35228		513.594		6.97558e+06		531.005		
00:00:42:350		1.52558e+07		-0.226227		4.34412		513.63		6.97555e+06		530.997		
00:00:42:250		1.52562e+07		-0.225255		4.33586		513.664		6.97553e+06		531.009		
00:00:42:149		1.52566e+07		-0.224282		4.32777		513.699		6.97551e+06		531.003		
00:00:42:049		1.5257e+07		-0.22331		4.31957		513.735		6.97549e+06		531		
00:00:41:950		1.52574e+07		-0.222338		4.31135		513.771		6.97547e+06		530.987		
00:00:41:850		1.52578e+07		-0.221365		4.3033		513.805		6.97545e+06		530.985		
00:00:41:750		1.52582e+07		-0.220394		4.29508		513.841		6.97543e+06		530.995		
00:00:41:649		1.52586e+07		-0.219422		4.28703		513.875		6.9754e+06		530.986		
00:00:41:450		1.52594e+07		-0.21748		4.27082		513.947		6.97536e+06		530.983		
00:00:41:450		1.52594e+07		-0.21748		4.27082		513.947		6.97536e+06		530.983		
00:00:41:350		1.52598e+07		-0.216509		4.26275		513.983		6.97534e+06		530.991		
00:00:41:250		1.52602e+07		-0.215539		4.25467		514.021		6.97532e+06		530.99		
00:00:41:149		1.52606e+07		-0.214568		4.24674		514.057		6.9753e+06		530.987		
00:00:41:049		1.5261e+07		-0.213598		4.23851		514.093		6.97528e+06		530.991		
00:00:40:950		1.52614e+07		-0.212628		4.23063		514.129		6.97526e+06		530.985		
00:00:40:850		1.52618e+07		-0.211659		4.22255		514.167		6.97523e+06		530.983		
00:00:40:750		1.52622e+07		-0.21069		4.21466		514.203		6.97521e+06		530.981		
00:00:40:549		1.5263e+07		-0.208754		4.19861		514.279		6.97517e+06		530.978		
00:00:40:450		1.52636e+07		-0.207302		4.18685		514.336		6.97514e+06		530.973		
00:00:40:450		1.52636e+07		-0.207302		4.18685		514.336		6.97514e+06		530.973		
00:00:40:299		1.5264e+07		-0.206335		4.17898		514.374		6.97512e+06		530.972		
00:00:40:200		1.52644e+07		-0.205369		4.17094		514.412		6.9751e+06		530.964		
00:00:40:100		1.52648e+07		-0.204402		4.16319		514.45		6.97507e+06		530.969		
00:00:40:049		1.5265e+07		-0.203919		4.15903		514.469		6.97506e+06		530.971		
00:00:39:950		1.52654e+07		-0.202954		4.15115		514.509		6.97504e+06		530.969		
00:00:39:850		1.52658e+07		-0.201989		4.14328		514.548		6.97502e+06		530.965		
00:00:39:750		1.52662e+07		-0.201024		4.13553		514.586		6.975e+06		530.965		
00:00:39:549		1.52671e+07		-0.199096		4.11996		514.662		6.97496e+06		530.962		
00:00:39:450		1.52675e+07		-0.198133		4.11244		514.7		6.97494e+06		530.96		
00:00:39:450		1.52675e+07		-0.198133		4.11244		514.7		6.97494e+06		530.96		
00:00:39:350		1.52679e+07		-0.197171		4.10458		514.738		6.97492e+06		530.964		
00:00:39:250		1.52683e+07		-0.196209		4.09707		514.778		6.97489e+06		530.957		
00:00:39:149		1.52687e+07		-0.195248		4.08939		514.816		6.97487e+06		530.955		
00:00:39:000		1.52693e+07		-0.193806		4.07796		514.874		6.97484e+06		530.952		
00:00:38:899		1.52697e+07		-0.192847		4.07027		514.912		6.97482e+06		530.952		
00:00:38:799		1.52701e+07		-0.191887		4.06268		514.95		6.9748e+06		530.95		
00:00:38:700		1.52705e+07		-0.190929		4.05522		514.988		6.97478e+06		530.948		
00:00:38:600		1.52709e+07		-0.189971		4.04753		515.028		6.97476e+06		530.945		
00:00:38:500		1.52713e+07		-0.189013		4.04013		515.068		6.97474e+06		530.946		
00:00:38:399		1.52717e+07		-0.188057		4.03245		515.105		6.97472e+06		530.943		
00:00:38:299		1.52721e+07		-0.187101		4.02494		515.145		6.97469e+06		530.941		
00:00:38:200		1.52725e+07		-0.186146		4.01753		515.183		6.97467e+06		530.939		
00:00:38:100		1.52729e+07		-0.185192		4.01006		515.223		6.97465e+06		530.937		
00:00:38:000		1.52733e+07		-0.184239		4.00263		515.264		6.97463e+06		530.934		
00:00:37:899		1.52737e+07		-0.183286		3.99527		515.304		6.97461e+06		530.93		
00:00:37:799		1.52741e+07		-0.182334		3.98767		515.344		6.97459e+06		530.931		
00:00:37:649		1.52747e+07		-0.180908		3.97658		515.403		6.97456e+06		530.922		
00:00:37:600		1.52749e+07		-0.180433		3.97306		515.423		6.97455e+06		530.929		
00:00:37:500		1.52753e+07		-0.179484		3.96561		515.463		6.97453e+06		530.926		
00:00:37:399		1.52757e+07		-0.178536		3.95837		515.505		6.97451e+06		530.926		
00:00:37:299		1.52761e+07		-0.177588		3.95094		515.544		6.97448e+06		530.923		
00:00:37:200		1.52765e+07		-0.176642		3.94371		515.584		6.97446e+06		530.92		
00:00:37:100		1.52769e+07		-0.175697		3.93622		515.626		6.97444e+06		530.918		
00:00:37:000		1.52773e+07		-0.174753		3.92916		515.667		6.97442e+06		530.919		
00:00:36:899		1.52777e+07		-0.17381		3.92174		515.705		6.9744e+06		530.915		
00:00:36:799		1.52781e+07		-0.172868		3.91454		515.747		6.97438e+06		530.912		
00:00:36:799		1.52781e+07		-0.172868		3.91454		515.747		6.97438e+06		530.912		
00:00:36:649		1.52787e+07		-0.171457		3.9037		515.809		6.97435e+06		530.921		
00:00:36:450		1.52795e+07		-0.169579		3.88942		515.892		6.97431e+06		530.912		
00:00:36:350		1.52799e+07		-0.168642		3.88217		515.932		6.97429e+06		530.899		
00:00:36:350		1.52799e+07		-0.168642		3.88217		515.932		6.97429e+06		530.899		
00:00:36:250		1.52803e+07		-0.167706		3.87505		515.974		6.97427e+06		530.904		
00:00:36:149		1.52807e+07		-0.16677		3.8679		516.015		6.97424e+06		530.902		
00:00:36:049		1.52811e+07		-0.165836		3.86095		516.057		6.97422e+06		530.9		
00:00:35:850		1.52819e+07		-0.163973		3.84688		516.14		6.97418e+06		530.897		
00:00:35:850		1.52819e+07		-0.163973		3.84688		516.14		6.97418e+06		530.897		
00:00:35:750		1.52823e+07		-0.163043		3.83982		516.182		6.97416e+06		530.895		
00:00:35:649		1.52827e+07		-0.162114		3.83271		516.221		6.97414e+06		530.886		
00:00:35:450		1.52835e+07		-0.160259		3.81883		516.308		6.9741e+06		530.888		
00:00:35:450		1.52835e+07		-0.160259		3.81883		516.308		6.9741e+06		530.888		
00:00:35:350		1.52839e+07		-0.159333		3.81196		516.35		6.97408e+06		530.886		
00:00:35:250		1.52843e+07		-0.158409		3.80499		516.391		6.97406e+06		530.886		
00:00:35:149		1.52847e+07		-0.157485		3.79809		516.433		6.97404e+06		530.884		
00:00:35:049		1.52851e+07		-0.156562		3.79108		516.476		6.97402e+06		530.88		
00:00:35:000		1.52853e+07		-0.156102		3.7878		516.497		6.97401e+06		530.873		
00:00:34:750		1.52863e+07		-0.153803		3.77068		516.605		6.97396e+06		530.877		
00:00:34:549		1.52871e+07		-0.151969		3.75704		516.69		6.97391e+06		530.872		
00:00:34:549		1.52871e+07		-0.151969		3.75704		516.69		6.97391e+06		530.872		
00:00:34:450		1.52875e+07		-0.151054		3.75035		516.731		6.97389e+06		530.868		
00:00:34:450		1.52875e+07		-0.151054		3.75035		516.731		6.97389e+06		530.868		
00:00:34:350		1.52879e+07		-0.150141		3.74354		516.774		6.97387e+06		530.865		
00:00:34:250		1.52883e+07		-0.149228		3.73686		516.818		6.97385e+06		530.864		
00:00:34:149		1.52886e+07		-0.148316		3.73002		516.861		6.97383e+06		530.856		
00:00:34:049		1.5289e+07		-0.147406		3.72356		516.905		6.97381e+06		530.862		
00:00:33:850		1.52898e+07		-0.145589		3.71018		516.99		6.97377e+06		530.857		
00:00:33:850		1.52898e+07		-0.145589		3.71018		516.99		6.97377e+06		530.857		
00:00:33:750		1.52902e+07		-0.144682		3.70361		517.035		6.97375e+06		530.846		
00:00:33:500		1.52912e+07		-0.142421		3.68719		517.144		6.9737e+06		530.839		
00:00:33:399		1.52916e+07		-0.141519		3.68074		517.188		6.97368e+06		530.84		
00:00:33:399		1.52916e+07		-0.141519		3.68074		517.188		6.97368e+06		530.84		
00:00:33:299		1.5292e+07		-0.140617		3.67415		517.231		6.97366e+06		530.845		
00:00:33:200		1.52924e+07		-0.139717		3.66769		517.276		6.97364e+06		530.844		
00:00:33:100		1.52928e+07		-0.138818		3.66111		517.32		6.97362e+06		530.841		
00:00:33:000		1.52932e+07		-0.13792		3.65473		517.363		6.9736e+06		530.849		
00:00:32:899		1.52935e+07		-0.137022		3.64818		517.406		6.97358e+06		530.836		
00:00:32:799		1.52939e+07		-0.136127		3.64194		517.45		6.97356e+06		530.839		
00:00:32:700		1.52943e+07		-0.135232		3.63551		517.495		6.97354e+06		530.827		
00:00:32:600		1.52947e+07		-0.134338		3.62923		517.54		6.97352e+06		530.831		
00:00:32:500		1.52951e+07		-0.133446		3.62277		517.583		6.97349e+06		530.83		
00:00:32:399		1.52955e+07		-0.132554		3.61651		517.629		6.97347e+06		530.827		
00:00:32:350		1.52957e+07		-0.132109		3.61333		517.651		6.97346e+06		530.825		
00:00:32:200		1.52963e+07		-0.130773		3.60398		517.717		6.97343e+06		530.822		
00:00:32:100		1.52966e+07		-0.129883		3.59769		517.762		6.97341e+06		530.82		
00:00:32:000		1.5297e+07		-0.128995		3.59133		517.808		6.97339e+06		530.817		
00:00:31:899		1.52974e+07		-0.128108		3.58517		517.853		6.97337e+06		530.815		
00:00:31:800		1.52978e+07		-0.127221		3.57885		517.898		6.97335e+06		530.812		
00:00:31:699		1.52982e+07		-0.126335		3.57279		517.941		6.97333e+06		530.81		
00:00:31:600		1.52986e+07		-0.125449		3.56661		517.988		6.97331e+06		530.807		
00:00:31:500		1.5299e+07		-0.124565		3.56047		518.034		6.97329e+06		530.804		
00:00:31:399		1.52993e+07		-0.123681		3.55426		518.079		6.97327e+06		530.802		
00:00:31:300		1.52997e+07		-0.122797		3.54824		518.124		6.97325e+06		530.788		
00:00:31:199		1.53001e+07		-0.121914		3.54215		518.169		6.97323e+06		530.801		
00:00:31:050		1.53007e+07		-0.120591		3.53303		518.239		6.9732e+06		530.795		
00:00:31:050		1.53007e+07		-0.120591		3.53303		518.239		6.9732e+06		530.795		
00:00:30:949		1.53011e+07		-0.119709		3.52702		518.284		6.97318e+06		530.793		
00:00:30:850		1.53015e+07		-0.118828		3.5209		518.329		6.97316e+06		530.789		
00:00:30:750		1.53018e+07		-0.117948		3.51498		518.374		6.97314e+06		530.789		
00:00:30:649		1.53022e+07		-0.117066		3.50901		518.419		6.97312e+06		530.784		
00:00:30:449		1.5303e+07		-0.115306		3.49716		518.512		6.97308e+06		530.782		
00:00:30:449		1.5303e+07		-0.115306		3.49716		518.512		6.97308e+06		530.782		
00:00:30:250		1.53038e+07		-0.113545		3.48524		518.604		6.97304e+06		530.781		
00:00:30:250		1.53038e+07		-0.113545		3.48524		518.604		6.97304e+06		530.781		
00:00:30:149		1.53041e+07		-0.112665		3.47941		518.649		6.97302e+06		530.772		
00:00:30:050		1.53045e+07		-0.111784		3.47355		518.696		6.973e+06		530.771		
00:00:29:949		1.53049e+07		-0.110904		3.46756		518.741		6.97298e+06		530.766		
00:00:29:850		1.53053e+07		-0.110023		3.46177		518.788		6.97296e+06		530.767		
00:00:29:750		1.53057e+07		-0.109142		3.45586		518.835		6.97294e+06		530.763		
00:00:29:550		1.53064e+07		-0.107378		3.44439		518.927		6.9729e+06		530.763		
00:00:29:399		1.5307e+07		-0.106053		3.43558		518.997		6.97287e+06		530.754		
00:00:29:399		1.5307e+07		-0.106053		3.43558		518.997		6.97287e+06		530.754		
00:00:29:350		1.53072e+07		-0.105611		3.43275		519.019		6.97286e+06		530.751		
00:00:29:250		1.53076e+07		-0.104727		3.42701		519.066		6.97284e+06		530.751		
00:00:29:149		1.53079e+07		-0.103843		3.42124		519.113		6.97282e+06		530.748		
00:00:29:050		1.53083e+07		-0.102957		3.41556		519.16		6.9728e+06		530.744		
00:00:28:949		1.53087e+07		-0.10207		3.4098		519.207		6.97278e+06		530.743		
00:00:28:850		1.53091e+07		-0.101182		3.40408		519.254		6.97276e+06		530.742		
00:00:28:750		1.53095e+07		-0.100293		3.3983		519.301		6.97274e+06		530.739		
00:00:28:550		1.53102e+07		-0.0985107		3.38705		519.395		6.9727e+06		530.732		
00:00:28:449		1.53106e+07		-0.0976176		3.38145		519.442		6.97268e+06		530.73		
00:00:28:449		1.53106e+07		-0.0976176		3.38145		519.442		6.97268e+06		530.73		
00:00:28:300		1.53112e+07		-0.0962749		3.37276		519.513		6.97265e+06		530.726		
00:00:28:199		1.53115e+07		-0.0953774		3.36716		519.56		6.97263e+06		530.721		
00:00:28:100		1.53119e+07		-0.0944781		3.36156		519.607		6.97261e+06		530.72		
00:00:28:000		1.53123e+07		-0.0935769		3.35599		519.654		6.97259e+06		530.716		
00:00:27:899		1.53127e+07		-0.0926733		3.35028		519.701		6.97257e+06		530.715		
00:00:27:800		1.53131e+07		-0.0917678		3.34473		519.75		6.97255e+06		530.714		
00:00:27:699		1.53134e+07		-0.0908599		3.33914		519.798		6.97253e+06		530.71		
00:00:27:500		1.53142e+07		-0.0890369		3.32798		519.894		6.97249e+06		530.695		
00:00:27:399		1.53146e+07		-0.0881219		3.32233		519.941		6.97247e+06		530.702		
00:00:27:399		1.53146e+07		-0.0881219		3.32233		519.941		6.97247e+06		530.702		
00:00:27:300		1.5315e+07		-0.087204		3.3169		519.99		6.97246e+06		530.698		
00:00:27:199		1.53153e+07		-0.0862827		3.31136		520.039		6.97244e+06		530.697		
00:00:27:100		1.53157e+07		-0.0853591		3.30584		520.086		6.97242e+06		530.694		
00:00:27:000		1.53161e+07		-0.0844316		3.30028		520.134		6.9724e+06		530.693		
00:00:26:899		1.53165e+07		-0.0835013		3.29475		520.181		6.97238e+06		530.69		
00:00:26:800		1.53169e+07		-0.0825682		3.28928		520.23		6.97236e+06		530.687		
00:00:26:699		1.53173e+07		-0.0816312		3.28363		520.279		6.97234e+06		530.684		
00:00:26:699		1.53173e+07		-0.0816312		3.28363		520.279		6.97234e+06		530.684		
00:00:26:449		1.53182e+07		-0.0792732		3.26985		520.399		6.97229e+06		530.677		
00:00:26:449		1.53182e+07		-0.0792732		3.26985		520.399		6.97229e+06		530.677		
00:00:26:350		1.53186e+07		-0.0783234		3.26426		520.445		6.97227e+06		530.674		
00:00:26:199		1.53192e+07		-0.0768909		3.25613		520.518		6.97224e+06		530.67		
00:00:26:100		1.53196e+07		-0.0759311		3.25054		520.565		6.97222e+06		530.668		
00:00:26:000		1.532e+07		-0.0749669		3.24497		520.614		6.9722e+06		530.655		
00:00:25:899		1.53204e+07		-0.0739985		3.2395		520.663		6.97218e+06		530.662		
00:00:25:800		1.53207e+07		-0.0730252		3.23405		520.71		6.97216e+06		530.658		
00:00:25:699		1.53211e+07		-0.0720477		3.22854		520.76		6.97214e+06		530.654		
00:00:25:600		1.53215e+07		-0.0710654		3.22307		520.807		6.97213e+06		530.654		
00:00:25:500		1.53219e+07		-0.0700784		3.21741		520.856		6.97211e+06		530.65		
00:00:25:399		1.53223e+07		-0.0690861		3.21177		520.902		6.97209e+06		530.647		
00:00:25:399		1.53223e+07		-0.0690861		3.21177		520.902		6.97209e+06		530.647		
00:00:25:250		1.53229e+07		-0.0675883		3.20368		520.976		6.97206e+06		530.643		
00:00:25:149		1.53233e+07		-0.0665832		3.19855		521.024		6.97204e+06		530.64		
00:00:25:050		1.53237e+07		-0.0655723		3.19271		521.073		6.97202e+06		530.635		
00:00:24:949		1.53241e+07		-0.0645566		3.18671		521.12		6.972e+06		530.635		
00:00:24:850		1.53245e+07		-0.0635352		3.18091		521.168		6.97198e+06		530.632		
00:00:24:750		1.53249e+07		-0.0625076		3.17629		521.217		6.97196e+06		530.629		
00:00:24:649		1.53253e+07		-0.0614748		3.1716		521.266		6.97194e+06		530.624		
00:00:24:449		1.53261e+07		-0.0593915		3.15827		521.363		6.97191e+06		530.62		
00:00:24:449		1.53261e+07		-0.0593915		3.15827		521.363		6.97191e+06		530.62		
00:00:24:250		1.53269e+07		-0.0572839		3.14827		521.458		6.97187e+06		530.612		
00:00:24:250		1.53269e+07		-0.0572839		3.14827		521.458		6.97187e+06		530.612		
00:00:24:149		1.53273e+07		-0.0562205		3.14653		521.509		6.97185e+06		530.611		
00:00:24:050		1.53278e+07		-0.0551515		3.14474		521.557		6.97183e+06		530.61		
00:00:23:949		1.53282e+07		-0.0540748		3.14211		521.628		6.97181e+06		530.606		
00:00:23:800		1.53288e+07		-0.0524487		3.14032		521.677		6.97178e+06		530.602		
00:00:23:699		1.53292e+07		-0.0513568		3.13858		521.726		6.97176e+06		530.599		
00:00:23:500		1.53301e+07		-0.0491514		3.13501		521.823		6.97172e+06		530.592		
00:00:23:399		1.53305e+07		-0.0480394		3.1333		521.871		6.97171e+06		530.582		
00:00:23:399		1.53305e+07		-0.0480394		3.1333		521.871		6.97171e+06		530.582		
00:00:23:300		1.53309e+07		-0.0469227		3.13148		521.918		6.97169e+06		530.586		
00:00:23:250		1.53311e+07		-0.0463614		3.13059		521.943		6.97168e+06		530.574		
00:00:23:149		1.53315e+07		-0.0452352		3.12876		521.991		6.97166e+06		530.585		
00:00:23:050		1.5332e+07		-0.0441027		3.12702		522.04		6.97164e+06		530.581		
00:00:22:949		1.53324e+07		-0.042964		3.12527		522.088		6.97162e+06		530.578		
00:00:22:850		1.53328e+07		-0.0418186		3.12344		522.137		6.9716e+06		530.575		
00:00:22:750		1.53333e+07		-0.0406671		3.12165		522.185		6.97158e+06		530.571		
00:00:22:500		1.53343e+07		-0.0377579		3.11719		522.307		6.97154e+06		530.56		
00:00:22:399		1.53348e+07		-0.0365825		3.11544		522.353		6.97152e+06		530.565		
00:00:22:399		1.53348e+07		-0.0365825		3.11544		522.353		6.97152e+06		530.565		
00:00:22:300		1.53352e+07		-0.0353999		3.11361		522.402		6.9715e+06		530.562		
00:00:22:199		1.53357e+07		-0.0342097		3.11183		522.449		6.97148e+06		530.559		
00:00:22:100		1.53361e+07		-0.0330124		3.11008		522.497		6.97146e+06		530.555		
00:00:22:000		1.53365e+07		-0.0318065		3.10822		522.546		6.97144e+06		530.552		
00:00:21:899		1.5337e+07		-0.0305924		3.10639		522.594		6.97143e+06		530.549		
00:00:21:800		1.53374e+07		-0.0293698		3.1046		522.643		6.97141e+06		530.546		
00:00:21:699		1.53378e+07		-0.0281382		3.10277		522.689		6.97139e+06		530.543		
00:00:21:600		1.53383e+07		-0.0268974		3.10089		522.738		6.97137e+06		530.539		
00:00:21:500		1.53387e+07		-0.0256472		3.09901		522.786		6.97135e+06		530.539		
00:00:21:399		1.53392e+07		-0.0243874		3.09716		522.833		6.97133e+06		530.531		
00:00:21:300		1.53397e+07		-0.0231185		3.09551		522.88		6.97131e+06		530.536		
00:00:21:300		1.53397e+07		-0.0231185		3.09551		522.88		6.97131e+06		530.536		
00:00:21:050		1.53408e+07		-0.0199118		3.09059		522.999		6.97127e+06		530.529		
00:00:21:050		1.53408e+07		-0.0199118		3.09059		522.999		6.97127e+06		530.529		
00:00:20:949		1.53412e+07		-0.0186157		3.08873		523.048		6.97125e+06		530.526		
00:00:20:750		1.5342e+07		-0.0161238		3.08547		523.143		6.97121e+06		530.521		
00:00:20:750		1.5342e+07		-0.0161238		3.08547		523.143		6.97121e+06		530.521		
00:00:20:649		1.53425e+07		-0.0151238		3.08392		523.189		6.9712e+06		530.518		
00:00:20:449		1.53436e+07		-0.0131254		3.08084		523.286		6.97116e+06		530.513		
00:00:20:449		1.53436e+07		-0.0131254		3.08084		523.286		6.97116e+06		530.513		
00:00:20:350		1.53441e+07		-0.0121264		3.07925		523.333		6.97114e+06		530.51		
00:00:20:250		1.53447e+07		-0.0111275		3.07768		523.381		6.97112e+06		530.52		
00:00:20:100		1.53455e+07		-0.0096302		3.07536		523.452		6.97109e+06		530.503		
00:00:20:000		1.5346e+07		-0.00863266		3.07388		523.502		6.97108e+06		530.501		
00:00:19:899		1.53466e+07		-0.00763512		3.07235		523.549		6.97106e+06		530.5		
00:00:19:800		1.53471e+07		-0.00663805		3.07079		523.596		6.97104e+06		530.491		
00:00:19:649		1.53471e+07		-0.00663805		3.07079		523.596		6.97104e+06		530.491		
00:00:19:649		1.53479e+07		-0.00514317		3.06838		523.668		6.97101e+06		530.497		
00:00:19:449		1.5349e+07		-0.00315046		3.06548		523.763		6.97098e+06		530.491		
00:00:19:449		1.5349e+07		-0.00315046		3.06548		523.763		6.97098e+06		530.491		
00:00:19:350		1.53495e+07		-0.00215483		3.06391		523.812		6.97096e+06		530.487		
00:00:19:250		1.53501e+07		-0.00115919		3.06234		523.858		6.97094e+06		530.485		
00:00:19:050		1.53511e+07		0.00083065		3.05939		523.953		6.9709e+06		530.473		
00:00:19:050		1.53511e+07		0.00083065		3.05939		523.953		6.9709e+06		530.473		
00:00:18:949		1.53517e+07		0.00182533		3.05777		524		6.97088e+06		530.478		
00:00:18:850		1.53522e+07		0.00281906		3.05633		524.048		6.97086e+06		530.476		
00:00:18:750		1.53528e+07		0.00381279		3.05481		524.096		6.97084e+06		530.472		
00:00:18:649		1.53533e+07		0.00480556		3.05322		524.141		6.97083e+06		530.469		
00:00:18:449		1.53544e+07		0.00679016		3.05034		524.236		6.97079e+06		530.463		
00:00:18:449		1.53544e+07		0.00679016		3.05034		524.236		6.97079e+06		530.463		
00:00:18:300		1.53552e+07		0.00827742		3.04791		524.307		6.97076e+06		530.461		
00:00:18:199		1.53557e+07		0.00926781		3.04648		524.355		6.97074e+06		530.458		
00:00:18:100		1.53563e+07		0.0102582		3.04496		524.402		6.97072e+06		530.456		
00:00:18:000		1.53568e+07		0.0112476		3.04354		524.448		6.9707e+06		530.453		
00:00:17:899		1.53573e+07		0.0122366		3.04203		524.496		6.97069e+06		530.449		
00:00:17:800		1.53579e+07		0.0132256		3.04064		524.543		6.97067e+06		530.442		
00:00:17:699		1.53584e+07		0.0142136		3.03915		524.589		6.97065e+06		530.446		
00:00:17:550		1.53592e+07		0.0156941		3.03684		524.66		6.97062e+06		530.442		
00:00:17:449		1.53598e+07		0.0166812		3.03532		524.706		6.9706e+06		530.438		
00:00:17:449		1.53598e+07		0.0166812		3.03532		524.706		6.9706e+06		530.438		
00:00:17:350		1.53603e+07		0.0176668		3.03393		524.755		6.97058e+06		530.438		
00:00:17:250		1.53608e+07		0.0186524		3.03257		524.801		6.97056e+06		530.435		
00:00:17:100		1.53616e+07		0.0201292		3.0304		524.87		6.97053e+06		530.423		
00:00:17:000		1.53622e+07		0.0211129		3.02877		524.917		6.97051e+06		530.428		
00:00:16:899		1.53627e+07		0.0220966		3.02753		524.963		6.9705e+06		530.425		
00:00:16:800		1.53633e+07		0.0230789		3.02613		525.009		6.97048e+06		530.417		
00:00:16:699		1.53638e+07		0.0240607		3.0248		525.056		6.97046e+06		530.421		
00:00:16:500		1.53649e+07		0.0260229		3.0217		525.149		6.97042e+06		530.416		
00:00:16:399		1.53654e+07		0.0270028		3.02034		525.193		6.9704e+06		530.412		
00:00:16:399		1.53654e+07		0.0270028		3.02034		525.193		6.9704e+06		530.412		
00:00:16:300		1.5366e+07		0.0279822		3.01889		525.24		6.97038e+06		530.403		
00:00:16:199		1.53665e+07		0.0289607		3.01737		525.286		6.97036e+06		530.407		
00:00:16:100		1.5367e+07		0.0299382		3.01606		525.331		6.97034e+06		530.403		
00:00:16:000		1.53676e+07		0.0309153		3.01456		525.377		6.97032e+06		530.394		
00:00:15:900		1.53681e+07		0.0318913		3.01314		525.422		6.9703e+06		530.398		
00:00:15:800		1.53687e+07		0.032867		3.01178		525.466		6.97028e+06		530.395		
00:00:15:699		1.53692e+07		0.0338416		3.01041		525.513		6.97026e+06		530.387		
00:00:15:500		1.53703e+07		0.0357885		3.00764		525.602		6.97022e+06		530.388		
00:00:15:500		1.53703e+07		0.0357885		3.00764		525.602		6.97022e+06		530.388		
00:00:15:400		1.53708e+07		0.0367608		3.0063		525.644		6.9702e+06		530.389		
00:00:15:250		1.53716e+07		0.038218		3.00413		525.713		6.97017e+06		530.382		
00:00:15:250		1.53716e+07		0.038218		3.00413		525.713		6.97017e+06		530.382		
00:00:15:050		1.53727e+07		0.0401573		3.00134		525.802		6.97014e+06		530.376		
00:00:15:050		1.53727e+07		0.0401573		3.00134		525.802		6.97014e+06		530.376		
00:00:14:949		1.53733e+07		0.0411258		2.9999		525.847		6.97012e+06		530.375		
00:00:14:849		1.53738e+07		0.0420933		2.99844		525.891		6.9701e+06		530.371		
00:00:14:699		1.53746e+07		0.0435429		2.99653		525.956		6.97007e+06		530.368		
00:00:14:599		1.53751e+07		0.0445085		2.99519		526.004		6.97005e+06		530.358		
00:00:14:500		1.53757e+07		0.0454726		2.9939		526.047		6.97003e+06		530.363		
00:00:14:400		1.53762e+07		0.0464363		2.99257		526.09		6.97001e+06		530.359		
00:00:14:300		1.53768e+07		0.047399		2.99126		526.134		6.96999e+06		530.358		
00:00:14:300		1.53768e+07		0.047399		2.99126		526.134		6.96999e+06		530.358		
00:00:14:150		1.53776e+07		0.0488405		2.98908		526.199		6.96996e+06		530.366		
00:00:14:050		1.53781e+07		0.0498004		2.98774		526.242		6.96994e+06		530.35		
00:00:13:949		1.53787e+07		0.0507598		2.98639		526.286		6.96992e+06		530.34		
00:00:13:750		1.53798e+07		0.0526743		2.98362		526.371		6.96988e+06		530.341		
00:00:13:750		1.53798e+07		0.0526743		2.98362		526.371		6.96988e+06		530.341		
00:00:13:650		1.53803e+07		0.0536299		2.9824		526.414		6.96986e+06		530.334		
00:00:13:449		1.53814e+07		0.0555387		2.97974		526.497		6.96982e+06		530.336		
00:00:13:449		1.53814e+07		0.0555387		2.97974		526.497		6.96982e+06		530.336		
00:00:13:349		1.53819e+07		0.0564909		2.97824		526.54		6.9698e+06		530.327		
00:00:13:250		1.53825e+07		0.0574427		2.97693		526.583		6.96977e+06		530.332		
00:00:13:150		1.5383e+07		0.058393		2.97566		526.623		6.96975e+06		530.33		
00:00:13:050		1.53836e+07		0.0593429		2.97443		526.664		6.96973e+06		530.327		
00:00:12:949		1.53841e+07		0.0602913		2.97307		526.705		6.96971e+06		530.325		
00:00:12:849		1.53847e+07		0.0612388		2.97163		526.746		6.96969e+06		530.321		
00:00:12:750		1.53852e+07		0.0621853		2.97032		526.788		6.96967e+06		530.319		
00:00:12:599		1.53861e+07		0.0636034		2.96833		526.849		6.96964e+06		530.314		
00:00:12:449		1.53869e+07		0.0650196		2.96629		526.91		6.96961e+06		530.31		
00:00:12:449		1.53869e+07		0.0650196		2.96629		526.91		6.96961e+06		530.31		
00:00:12:349		1.53874e+07		0.0659618		2.96489		526.951		6.96959e+06		530.306		
00:00:12:250		1.5388e+07		0.0669036		2.96361		526.992		6.96957e+06		530.303		
00:00:12:150		1.53885e+07		0.0678439		2.96228		527.034		6.96955e+06		530.29		
00:00:12:000		1.53894e+07		0.069253		2.96028		527.094		6.96952e+06		530.296		
00:00:11:900		1.53899e+07		0.0701909		2.95891		527.134		6.9695e+06		530.293		
00:00:11:800		1.53905e+07		0.0711284		2.95764		527.175		6.96948e+06		530.288		
00:00:11:699		1.5391e+07		0.0720644		2.95636		527.216		6.96946e+06		530.276		
00:00:11:599		1.53916e+07		0.0729995		2.95503		527.258		6.96944e+06		530.274		
00:00:11:400		1.53927e+07		0.0748672		2.95241		527.338		6.9694e+06		530.281		
00:00:11:400		1.53927e+07		0.0748672		2.95241		527.338		6.9694e+06		530.281		
00:00:11:349		1.5393e+07		0.0753336		2.95177		527.356		6.96939e+06		530.279		
00:00:11:199		1.53938e+07		0.0767317		2.94984		527.415		6.96935e+06		530.273		
00:00:11:099		1.53944e+07		0.0776629		2.94851		527.454		6.96933e+06		530.269		
00:00:11:000		1.53949e+07		0.0785928		2.94719		527.493		6.96931e+06		530.263		
00:00:10:900		1.53955e+07		0.0795221		2.94598		527.534		6.96929e+06		530.256		
00:00:10:800		1.5396e+07		0.0804505		2.94469		527.571		6.96927e+06		530.254		
00:00:10:699		1.53966e+07		0.0813785		2.94339		527.608		6.96925e+06		530.259		
00:00:10:500		1.53977e+07		0.0832319		2.94085		527.684		6.96921e+06		530.249		
00:00:10:400		1.53983e+07		0.0841575		2.9396		527.721		6.96918e+06		530.251		
00:00:10:400		1.53983e+07		0.0841575		2.9396		527.721		6.96918e+06		530.251		
00:00:10:300		1.53988e+07		0.0850821		2.93831		527.759		6.96916e+06		530.245		
00:00:10:199		1.53994e+07		0.0860062		2.93707		527.794		6.96914e+06		530.244		
00:00:10:099		1.54e+07		0.0869293		2.93582		527.831		6.96912e+06		530.239		
00:00:10:000		1.54005e+07		0.0878515		2.93456		527.868		6.9691e+06		530.235		
00:00:09:900		1.54011e+07		0.0887733		2.93335		527.903		6.96907e+06		530.233		
00:00:09:800		1.54017e+07		0.0896945		2.93206		527.939		6.96905e+06		530.217		
00:00:09:800		1.54017e+07		0.0896945		2.93206		527.939		6.96905e+06		530.217		
00:00:09:699		1.54023e+07		0.0906148		2.93085		527.974		6.96903e+06		530.226		
00:00:09:449		1.54037e+07		0.0929151		2.92783		528.064		6.96897e+06		530.216		
00:00:09:349		1.54043e+07		0.0938339		2.92662		528.101		6.96895e+06		530.227		
00:00:09:349		1.54043e+07		0.0938339		2.92662		528.101		6.96895e+06		530.227		
00:00:09:199		1.54052e+07		0.095212		2.92471		528.155		6.96892e+06		530.204		
00:00:09:099		1.54058e+07		0.0961304		2.92354		528.192		6.96889e+06		530.206		
00:00:09:000		1.54063e+07		0.0970488		2.92229		528.229		6.96887e+06		530.201		
00:00:08:900		1.54069e+07		0.0979667		2.92108		528.266		6.96885e+06		530.196		
00:00:08:750		1.54078e+07		0.0993433		2.91934		528.317		6.96881e+06		530.187		
00:00:08:750		1.54078e+07		0.0993433		2.91934		528.317		6.96881e+06		530.187		
00:00:08:650		1.54084e+07		0.100261		2.91819		528.35		6.96879e+06		530.171		
00:00:08:449		1.54096e+07		0.102096		2.91581		528.417		6.96874e+06		530.172		
00:00:08:449		1.54096e+07		0.102096		2.91581		528.417		6.96874e+06		530.172		
00:00:08:349		1.54102e+07		0.103012		2.91467		528.45		6.96871e+06		530.169		
00:00:08:250		1.54108e+07		0.103929		2.91346		528.483		6.96869e+06		530.162		
00:00:08:150		1.54114e+07		0.104845		2.91225		528.518		6.96866e+06		530.158		
00:00:08:050		1.5412e+07		0.105761		2.91117		528.548		6.96864e+06		530.151		
00:00:07:950		1.54126e+07		0.106677		2.91		528.581		6.96861e+06		530.158		
00:00:07:849		1.54133e+07		0.107592		2.9088		528.614		6.96859e+06		530.143		
00:00:07:650		1.54145e+07		0.109421		2.90652		528.677		6.96854e+06		530.127		
00:00:07:650		1.54145e+07		0.109421		2.90652		528.677		6.96854e+06		530.127		
00:00:07:450		1.54157e+07		0.11125		2.90436		528.742		6.96848e+06		530.11		
00:00:07:450		1.54157e+07		0.11125		2.90436		528.742		6.96848e+06		530.11		
00:00:07:349		1.54164e+07		0.112164		2.90324		528.775		6.96845e+06		530.099		
00:00:07:250		1.5417e+07		0.113079		2.90208		528.806		6.96843e+06		530.086		
00:00:07:150		1.54176e+07		0.113993		2.90105		528.839		6.9684e+06		530.077		
00:00:07:049		1.54183e+07		0.114907		2.89994		528.871		6.96837e+06		530.077		
00:00:06:950		1.54189e+07		0.115821		2.89883		528.9		6.96834e+06		530.07		
00:00:06:849		1.54195e+07		0.116735		2.89776		528.93		6.96831e+06		530.06		
00:00:06:700		1.54205e+07		0.118105		2.89619		528.974		6.96827e+06		530.045		
00:00:06:599		1.54212e+07		0.11902		2.89512		529		6.96824e+06		530.032		
00:00:06:450		1.54222e+07		0.12039		2.89355		529.042		6.96819e+06		530.008		
00:00:06:450		1.54222e+07		0.12039		2.89355		529.042		6.96819e+06		530.008		
00:00:06:349		1.54228e+07		0.121305		2.89249		529.072		6.96816e+06		530.006		
00:00:06:250		1.54235e+07		0.122219		2.89147		529.098		6.96813e+06		529.995		
00:00:06:150		1.54242e+07		0.123133		2.89042		529.125		6.96809e+06		529.982		
00:00:06:049		1.54248e+07		0.124047		2.88941		529.153		6.96806e+06		529.969		
00:00:05:950		1.54255e+07		0.124961		2.8884		529.181		6.96803e+06		529.955		
00:00:05:799		1.54265e+07		0.126332		2.88685		529.223		6.96798e+06		529.932		
00:00:05:700		1.54272e+07		0.127247		2.88589		529.251		6.96794e+06		529.914		
00:00:05:599		1.54279e+07		0.128162		2.88485		529.28		6.96791e+06		529.898		
00:00:05:500		1.54286e+07		0.129076		2.88385		529.308		6.96787e+06		529.88		
00:00:05:400		1.54293e+07		0.129991		2.88282		529.335		6.96783e+06		529.861		
00:00:05:299		1.543e+07		0.130906		2.88179		529.361		6.9678e+06		529.843		
00:00:05:200		1.54307e+07		0.131821		2.88089		529.389		6.96776e+06		529.826		
00:00:05:099		1.54314e+07		0.132736		2.87986		529.415		6.96772e+06		529.805		
00:00:05:000		1.54321e+07		0.133652		2.87892		529.437		6.96768e+06		529.785		
00:00:04:900		1.54329e+07		0.134567		2.8779		529.463		6.96764e+06		529.762		
00:00:04:799		1.54336e+07		0.135481		2.87693		529.486		6.9676e+06		529.737		
00:00:04:700		1.54343e+07		0.136396		2.87605		529.512		6.96756e+06		529.715		
00:00:04:500		1.54358e+07		0.138225		2.87413		529.556		6.96748e+06		529.656		
00:00:04:400		1.54365e+07		0.139138		2.87322		529.579		6.96744e+06		529.635		
00:00:04:400		1.54365e+07		0.139138		2.87322		529.579		6.96744e+06		529.635		
00:00:04:299		1.54373e+07		0.140051		2.87224		529.601		6.96739e+06		529.605		
00:00:04:200		1.5438e+07		0.140965		2.8713		529.623		6.96735e+06		529.575		
00:00:04:099		1.54392e+07		0.142335		2.86985		529.654		6.96728e+06		529.528		
00:00:04:099		1.54392e+07		0.142335		2.86985		529.654		6.96728e+06		529.528		
00:00:03:850		1.54407e+07		0.144163		2.86798		529.698		6.96719e+06		529.458		
00:00:03:850		1.54407e+07		0.144163		2.86798		529.698		6.96719e+06		529.458		
00:00:03:700		1.54419e+07		0.145535		2.86662		529.73		6.96712e+06		529.403		
00:00:03:500		1.54435e+07		0.14736		2.86482		529.772		6.96702e+06		529.316		
00:00:03:399		1.54443e+07		0.148269		2.86396		529.792		6.96696e+06		529.28		
00:00:03:399		1.54443e+07		0.148269		2.86396		529.792		6.96696e+06		529.28		
00:00:03:299		1.54451e+07		0.149173		2.86316		529.811		6.96691e+06		529.256		
00:00:03:200		1.54459e+07		0.150073		2.86231		529.829		6.96686e+06		529.189		
00:00:03:100		1.54467e+07		0.150969		2.86149		529.847		6.9668e+06		529.141		
00:00:03:100		1.54467e+07		0.150969		2.86149		529.847		6.9668e+06		529.141		
00:00:02:950		1.54479e+07		0.152304		2.86024		529.875		6.96672e+06		529.066		
00:00:02:850		1.54487e+07		0.153194		2.85928		529.893		6.96666e+06		529.013		
00:00:02:649		1.54503e+07		0.154987		2.85722		529.927		6.96655e+06		528.898		
00:00:02:649		1.54503e+07		0.154987		2.85722		529.927		6.96655e+06		528.898		
00:00:02:549		1.54511e+07		0.155895		2.85613		529.943		6.96649e+06		528.835		
00:00:02:450		1.54521e+07		0.156813		2.8551		529.956		6.96643e+06		528.782		
00:00:02:350		1.5453e+07		0.157735		2.85412		529.973		6.96637e+06		528.72		
00:00:02:250		1.54541e+07		0.158657		2.85339		529.985		6.96631e+06		528.653		
00:00:02:049		1.54562e+07		0.16045		2.85252		530.015		6.96618e+06		528.521		
00:00:02:049		1.54562e+07		0.16045		2.85252		530.015		6.96618e+06		528.521		
00:00:01:949		1.54573e+07		0.1613		2.85229		530.026		6.96612e+06		528.452		
00:00:01:850		1.54582e+07		0.162106		2.85201		530.039		6.96605e+06		528.381		
00:00:01:750		1.5459e+07		0.16287		2.85183		530.052		6.96599e+06		528.306		
00:00:01:649		1.54597e+07		0.163603		2.85147		530.063		6.96592e+06		528.227		
00:00:01:449		1.54607e+07		0.165066		2.84838		530.09		6.96578e+06		528.058		
00:00:01:449		1.54607e+07		0.165066		2.84838		530.09		6.96578e+06		528.058		
00:00:01:350		1.54613e+07		0.165854		2.84577		530.105		6.96571e+06		527.974		
00:00:01:250		1.54621e+07		0.166717		2.84347		530.116		6.96563e+06		527.879		
00:00:01:149		1.54634e+07		0.167659		2.84139		530.131		6.96556e+06		527.781		
00:00:01:000		1.54663e+07		0.169183		2.83805		530.151		6.96544e+06		527.623		
00:00:00:949		1.54675e+07		0.169695		2.83706		530.159		6.9654e+06		527.567		
00:00:00:800		1.54715e+07		0.171122		2.83644		530.181		6.96527e+06		527.371		
00:00:00:699		1.5474e+07		0.171877		2.84042		530.195		6.96517e+06		527.233		
00:00:00:599		1.54762e+07		0.172411		2.8464		530.203		6.96507e+06		527.075		
00:00:00:500		1.54776e+07		0.172713		2.84705		530.208		6.96497e+06		526.923		
00:00:00:400		1.54784e+07		0.172829		2.84739		530.214		6.96488e+06		526.832		
00:00:00:299		1.54786e+07		0.17284		2.83568		530.216		6.96485e+06		526.827		
00:00:00:200		1.54785e+07		0.17284		2.83572		530.219		6.96484e+06		526.827		
00:00:00:100		1.54785e+07		0.17284		2.83572		530.221		6.96484e+06		526.827		
00:00:00:000		1.54785e+07		0.17284		2.83571		530.225		6.96483e+06		526.826		
00:00:00:000		1.54785e+07		0.17284		2.83571		530.225		6.96483e+06		526.826		
00:00:00:000		1.54785e+07		0.17284		2.83571		530.225		6.96483e+06		526.826		
00:00:00:000		1.54785e+07		0.17284		2.83571		530.225		6.96483e+06		526.826		
00:00:00:000		1.54785e+07		0.17284		2.83571		530.225		6.96483e+06		526.826		
