	time 		rcpppzr	rcp054rcp007mnzoyout	rcv501std0102fvol	fwfrcp001gv	rcppmssga	msfsg(1)	
00:01:02:100		1.54645e+07		0.145745		2.89551		528.616		6.96804e+06		526.836		
00:01:02:000		1.54646e+07		0.145784		2.8953		528.616		6.96804e+06		526.844		
00:01:01:899		1.54646e+07		0.145823		2.89509		528.618		6.96803e+06		526.847		
00:01:01:799		1.54646e+07		0.145862		2.89494		528.62		6.96802e+06		526.835		
00:01:01:700		1.54646e+07		0.145901		2.89482		528.62		6.96801e+06		526.836		
00:01:01:600		1.54646e+07		0.14594		2.89465		528.622		6.96801e+06		526.836		
00:01:01:500		1.54646e+07		0.145979		2.89453		528.622		6.968e+06		526.838		
00:01:01:399		1.54646e+07		0.146018		2.89427		528.624		6.96799e+06		526.839		
00:01:01:299		1.54646e+07		0.146057		2.89415		528.624		6.96798e+06		526.839		
00:01:01:200		1.54646e+07		0.146096		2.89402		528.625		6.96798e+06		526.839		
00:01:01:100		1.54647e+07		0.146136		2.89386		528.627		6.96797e+06		526.846		
00:01:01:000		1.54647e+07		0.146174		2.89365		528.629		6.96796e+06		526.841		
00:01:00:899		1.54647e+07		0.146214		2.89348		528.629		6.96795e+06		526.84		
00:01:00:799		1.54647e+07		0.146253		2.89336		528.631		6.96795e+06		526.837		
00:01:00:700		1.54647e+07		0.146292		2.89315		528.631		6.96794e+06		526.864		
00:01:00:600		1.54647e+07		0.146332		2.89298		528.633		6.96793e+06		526.844		
00:01:00:500		1.54647e+07		0.146371		2.89281		528.633		6.96792e+06		526.844		
00:01:00:399		1.54647e+07		0.14641		2.89265		528.635		6.96792e+06		526.844		
00:01:00:250		1.54648e+07		0.14647		2.8924		528.637		6.9679e+06		526.838		
00:01:00:149		1.54648e+07		0.146509		2.89227		528.638		6.9679e+06		526.858		
00:01:00:049		1.54648e+07		0.146548		2.8921		528.638		6.96789e+06		526.845		
00:01:00:000		1.54648e+07		0.146568		2.89202		528.64		6.96788e+06		526.852		
00:01:00:000		1.54648e+07		0.146568		2.89202		528.64		6.96788e+06		526.852		
00:00:59:899		1.54648e+07		0.146607		2.89177		528.64		6.96788e+06		526.847		
00:00:59:700		1.54648e+07		0.146687		2.89148		528.642		6.96786e+06		526.847		
00:00:59:700		1.54648e+07		0.146687		2.89148		528.642		6.96786e+06		526.847		
00:00:59:600		1.54648e+07		0.146726		2.89135		528.644		6.96785e+06		526.849		
00:00:59:500		1.54649e+07		0.146766		2.89119		528.644		6.96785e+06		526.846		
00:00:59:299		1.54649e+07		0.146845		2.89085		528.648		6.96783e+06		526.855		
00:00:59:200		1.54649e+07		0.146885		2.89064		528.649		6.96782e+06		526.856		
00:00:59:100		1.54649e+07		0.146924		2.89052		528.649		6.96782e+06		526.856		
00:00:59:000		1.54649e+07		0.146965		2.89035		528.651		6.96781e+06		526.857		
00:00:58:899		1.54649e+07		0.147005		2.89019		528.653		6.9678e+06		526.857		
00:00:58:799		1.54649e+07		0.147044		2.89006		528.653		6.96779e+06		526.858		
00:00:58:700		1.5465e+07		0.147084		2.88985		528.655		6.96779e+06		526.858		
00:00:58:700		1.5465e+07		0.147084		2.88985		528.655		6.96779e+06		526.858		
00:00:58:600		1.5465e+07		0.147124		2.88969		528.655		6.96778e+06		526.858		
00:00:58:500		1.5465e+07		0.147164		2.88956		528.657		6.96777e+06		526.856		
00:00:58:399		1.5465e+07		0.147204		2.8894		528.659		6.96776e+06		526.857		
00:00:58:299		1.5465e+07		0.147244		2.88919		528.659		6.96775e+06		526.877		
00:00:58:200		1.5465e+07		0.147284		2.88906		528.66		6.96775e+06		526.858		
00:00:58:100		1.5465e+07		0.147325		2.88885		528.662		6.96774e+06		526.867		
00:00:57:750		1.54651e+07		0.147465		2.88836		528.666		6.96771e+06		526.87		
00:00:57:750		1.54651e+07		0.147465		2.88836		528.666		6.96771e+06		526.87		
00:00:57:649		1.54651e+07		0.147505		2.88823		528.668		6.9677e+06		526.871		
00:00:57:649		1.54651e+07		0.147505		2.88823		528.668		6.9677e+06		526.871		
00:00:57:549		1.54651e+07		0.147546		2.88802		528.67		6.9677e+06		526.873		
00:00:57:450		1.54651e+07		0.147586		2.88786		528.67		6.96769e+06		526.873		
00:00:57:350		1.54651e+07		0.147626		2.88769		528.672		6.96768e+06		526.873		
00:00:57:250		1.54651e+07		0.147667		2.88761		528.672		6.96767e+06		526.889		
00:00:57:149		1.54652e+07		0.147707		2.8874		528.673		6.96767e+06		526.872		
00:00:57:049		1.54652e+07		0.147748		2.88719		528.675		6.96766e+06		526.88		
00:00:56:950		1.54652e+07		0.147789		2.88702		528.675		6.96765e+06		526.881		
00:00:56:750		1.54652e+07		0.14787		2.88682		528.679		6.96764e+06		526.884		
00:00:56:649		1.54652e+07		0.14791		2.88661		528.679		6.96763e+06		526.885		
00:00:56:649		1.54652e+07		0.14791		2.88661		528.679		6.96763e+06		526.885		
00:00:56:549		1.54652e+07		0.147951		2.88644		528.681		6.96762e+06		526.886		
00:00:56:450		1.54652e+07		0.147992		2.88628		528.683		6.96761e+06		526.888		
00:00:56:350		1.54653e+07		0.148033		2.8862		528.685		6.96761e+06		526.888		
00:00:56:250		1.54653e+07		0.148074		2.88603		528.685		6.9676e+06		526.89		
00:00:56:149		1.54653e+07		0.148115		2.88582		528.686		6.96759e+06		526.891		
00:00:56:049		1.54653e+07		0.148155		2.88565		528.686		6.96758e+06		526.891		
00:00:55:950		1.54653e+07		0.148196		2.88553		528.688		6.96758e+06		526.886		
00:00:55:850		1.54653e+07		0.148237		2.88541		528.69		6.96757e+06		526.898		
00:00:55:750		1.54653e+07		0.148279		2.88524		528.692		6.96756e+06		526.899		
00:00:55:649		1.54653e+07		0.14832		2.88507		528.692		6.96755e+06		526.9		
00:00:55:549		1.54654e+07		0.148361		2.88491		528.694		6.96755e+06		526.901		
00:00:55:450		1.54654e+07		0.148402		2.88474		528.696		6.96754e+06		526.902		
00:00:55:299		1.54654e+07		0.148464		2.88458		528.697		6.96753e+06		526.903		
00:00:55:250		1.54654e+07		0.148484		2.8845		528.697		6.96752e+06		526.915		
00:00:55:100		1.54654e+07		0.148546		2.8842		528.699		6.96751e+06		526.913		
00:00:55:000		1.54654e+07		0.148588		2.88404		528.701		6.96751e+06		526.903		
00:00:54:899		1.54655e+07		0.148629		2.88396		528.701		6.9675e+06		526.914		
00:00:54:799		1.54655e+07		0.148671		2.88379		528.703		6.96749e+06		526.915		
00:00:54:700		1.54655e+07		0.148712		2.88371		528.705		6.96748e+06		526.917		
00:00:54:700		1.54655e+07		0.148712		2.88371		528.705		6.96748e+06		526.917		
00:00:54:500		1.54655e+07		0.148795		2.88338		528.707		6.96747e+06		526.92		
00:00:54:500		1.54655e+07		0.148795		2.88338		528.707		6.96747e+06		526.92		
00:00:54:399		1.54655e+07		0.148837		2.88326		528.708		6.96746e+06		526.921		
00:00:54:250		1.54655e+07		0.148899		2.88314		528.71		6.96745e+06		526.923		
00:00:54:149		1.54656e+07		0.148941		2.88293		528.71		6.96744e+06		526.925		
00:00:54:049		1.54656e+07		0.148983		2.88276		528.712		6.96744e+06		526.926		
00:00:53:950		1.54656e+07		0.149024		2.88269		528.714		6.96743e+06		526.928		
00:00:53:850		1.54656e+07		0.149066		2.88256		528.716		6.96742e+06		526.929		
00:00:53:750		1.54656e+07		0.149108		2.88244		528.716		6.96742e+06		526.931		
00:00:53:600		1.54656e+07		0.149171		2.88224		528.72		6.96741e+06		526.933		
00:00:53:500		1.54656e+07		0.149213		2.88211		528.72		6.9674e+06		526.934		
00:00:53:399		1.54657e+07		0.149255		2.88199		528.721		6.96739e+06		526.924		
00:00:53:299		1.54657e+07		0.149297		2.88187		528.721		6.96738e+06		526.946		
00:00:53:200		1.54657e+07		0.149339		2.8817		528.723		6.96738e+06		526.933		
00:00:53:200		1.54657e+07		0.149339		2.8817		528.723		6.96738e+06		526.933		
00:00:53:000		1.54657e+07		0.149424		2.88146		528.727		6.96736e+06		526.942		
00:00:53:000		1.54657e+07		0.149424		2.88146		528.727		6.96736e+06		526.942		
00:00:52:899		1.54657e+07		0.149466		2.88134		528.729		6.96736e+06		526.945		
00:00:52:700		1.54658e+07		0.14955		2.88105		528.731		6.96734e+06		526.947		
00:00:52:600		1.54658e+07		0.149592		2.88088		528.732		6.96734e+06		526.948		
00:00:52:600		1.54658e+07		0.149592		2.88088		528.732		6.96734e+06		526.948		
00:00:52:500		1.54658e+07		0.149635		2.8808		528.732		6.96733e+06		526.948		
00:00:52:399		1.54658e+07		0.149677		2.88064		528.734		6.96732e+06		526.952		
00:00:52:299		1.54658e+07		0.14972		2.8806		528.736		6.96731e+06		526.953		
00:00:52:200		1.54658e+07		0.149762		2.88043		528.738		6.96731e+06		526.955		
00:00:52:100		1.54658e+07		0.149805		2.88031		528.74		6.9673e+06		526.956		
00:00:51:950		1.54659e+07		0.149868		2.88011		528.742		6.96729e+06		526.954		
00:00:51:799		1.54659e+07		0.149932		2.8799		528.744		6.96728e+06		526.963		
00:00:51:700		1.54659e+07		0.149975		2.87978		528.744		6.96727e+06		526.964		
00:00:51:700		1.54659e+07		0.149975		2.87978		528.744		6.96727e+06		526.964		
00:00:51:600		1.54659e+07		0.150018		2.87966		528.745		6.96727e+06		526.966		
00:00:51:500		1.54659e+07		0.150061		2.87954		528.747		6.96726e+06		526.968		
00:00:51:399		1.5466e+07		0.150104		2.87937		528.749		6.96725e+06		526.964		
00:00:51:299		1.5466e+07		0.150146		2.87929		528.751		6.96725e+06		526.992		
00:00:51:149		1.5466e+07		0.15021		2.87904		528.753		6.96724e+06		526.973		
00:00:51:049		1.5466e+07		0.150253		2.87892		528.755		6.96723e+06		526.974		
00:00:50:950		1.5466e+07		0.150296		2.87884		528.756		6.96723e+06		526.975		
00:00:50:850		1.5466e+07		0.150339		2.87872		528.756		6.96722e+06		526.97		
00:00:50:700		1.54661e+07		0.150404		2.87852		528.758		6.96721e+06		526.979		
00:00:50:700		1.54661e+07		0.150404		2.87852		528.758		6.96721e+06		526.979		
00:00:50:600		1.54661e+07		0.150447		2.8784		528.76		6.9672e+06		526.981		
00:00:50:450		1.54661e+07		0.150512		2.87823		528.762		6.96719e+06		526.983		
00:00:50:350		1.54661e+07		0.150555		2.87807		528.764		6.96719e+06		526.984		
00:00:50:250		1.54661e+07		0.150598		2.87795		528.766		6.96718e+06		526.985		
00:00:50:149		1.54661e+07		0.150641		2.87783		528.766		6.96717e+06		526.986		
00:00:50:049		1.54662e+07		0.150685		2.87775		528.768		6.96717e+06		526.989		
00:00:49:950		1.54662e+07		0.150728		2.87762		528.769		6.96716e+06		526.989		
00:00:49:750		1.54662e+07		0.150815		2.87734		528.773		6.96715e+06		526.988		
00:00:49:649		1.54662e+07		0.150858		2.87722		528.773		6.96714e+06		526.983		
00:00:49:649		1.54662e+07		0.150858		2.87722		528.773		6.96714e+06		526.983		
00:00:49:549		1.54662e+07		0.150902		2.87714		528.775		6.96714e+06		526.995		
00:00:49:450		1.54663e+07		0.150945		2.87702		528.777		6.96713e+06		526.998		
00:00:49:399		1.54663e+07		0.150967		2.87693		528.777		6.96713e+06		526.998		
00:00:49:250		1.54663e+07		0.151032		2.87669		528.78		6.96712e+06		527		
00:00:49:149		1.54663e+07		0.151076		2.87661		528.782		6.96711e+06		527		
00:00:49:049		1.54663e+07		0.15112		2.87653		528.782		6.9671e+06		527.003		
00:00:48:950		1.54663e+07		0.151164		2.87636		528.784		6.9671e+06		527.005		
00:00:48:750		1.54664e+07		0.151251		2.87608		528.788		6.96709e+06		527.008		
00:00:48:649		1.54664e+07		0.151295		2.876		528.788		6.96708e+06		527.01		
00:00:48:649		1.54664e+07		0.151295		2.876		528.788		6.96708e+06		527.01		
00:00:48:549		1.54664e+07		0.151339		2.87588		528.79		6.96707e+06		527.01		
00:00:48:450		1.54664e+07		0.151382		2.8758		528.791		6.96707e+06		527.01		
00:00:48:350		1.54664e+07		0.151426		2.87568		528.793		6.96706e+06		527.014		
00:00:48:250		1.54664e+07		0.151471		2.87551		528.795		6.96706e+06		527.015		
00:00:48:149		1.54665e+07		0.151515		2.87539		528.797		6.96705e+06		527.016		
00:00:48:049		1.54665e+07		0.151559		2.87527		528.797		6.96704e+06		527.017		
00:00:47:950		1.54665e+07		0.151602		2.87519		528.799		6.96704e+06		527.017		
00:00:47:750		1.54665e+07		0.151691		2.87491		528.803		6.96703e+06		527.021		
00:00:47:649		1.54665e+07		0.151735		2.87479		528.804		6.96702e+06		527.038		
00:00:47:649		1.54665e+07		0.151735		2.87479		528.804		6.96702e+06		527.038		
00:00:47:549		1.54666e+07		0.151779		2.87462		528.806		6.96702e+06		527.023		
00:00:47:450		1.54666e+07		0.151824		2.87454		528.806		6.96701e+06		527.029		
00:00:47:350		1.54666e+07		0.151868		2.87442		528.808		6.967e+06		527.014		
00:00:47:250		1.54666e+07		0.151912		2.87434		528.81		6.967e+06		527.028		
00:00:47:149		1.54666e+07		0.151957		2.87422		528.812		6.96699e+06		527.029		
00:00:47:000		1.54666e+07		0.152023		2.87397		528.814		6.96698e+06		527.03		
00:00:46:950		1.54667e+07		0.152046		2.87394		528.814		6.96698e+06		527.03		
00:00:46:799		1.54667e+07		0.152112		2.87378		528.817		6.96697e+06		527.044		
00:00:46:700		1.54667e+07		0.152156		2.8737		528.817		6.96697e+06		527.036		
00:00:46:600		1.54667e+07		0.152201		2.87353		528.819		6.96696e+06		527.037		
00:00:46:500		1.54667e+07		0.152246		2.87341		528.821		6.96696e+06		527.038		
00:00:46:450		1.54667e+07		0.152268		2.87333		528.823		6.96695e+06		527.039		
00:00:46:350		1.54668e+07		0.152312		2.87325		528.823		6.96695e+06		527.041		
00:00:46:200		1.54668e+07		0.15238		2.87309		528.827		6.96694e+06		527.041		
00:00:46:100		1.54668e+07		0.152424		2.87293		528.828		6.96693e+06		527.043		
00:00:46:000		1.54668e+07		0.152469		2.87281		528.83		6.96693e+06		527.044		
00:00:45:899		1.54668e+07		0.152514		2.87273		528.832		6.96692e+06		527.045		
00:00:45:799		1.54668e+07		0.152559		2.87261		528.834		6.96692e+06		527.046		
00:00:45:700		1.54669e+07		0.152604		2.87249		528.834		6.96691e+06		527.047		
00:00:45:600		1.54669e+07		0.152648		2.87237		528.836		6.96691e+06		527.048		
00:00:45:500		1.54669e+07		0.152693		2.87225		528.838		6.9669e+06		527.049		
00:00:45:399		1.54669e+07		0.152739		2.87208		528.839		6.96689e+06		527.051		
00:00:45:299		1.54669e+07		0.152783		2.872		528.841		6.96689e+06		527.052		
00:00:45:200		1.5467e+07		0.152829		2.87184		528.841		6.96688e+06		527.053		
00:00:45:100		1.5467e+07		0.152874		2.87176		528.843		6.96688e+06		527.054		
00:00:45:000		1.5467e+07		0.152919		2.87169		528.845		6.96687e+06		527.055		
00:00:45:000		1.5467e+07		0.152919		2.87169		528.845		6.96687e+06		527.055		
00:00:44:899		1.5467e+07		0.152964		2.87152		528.847		6.96687e+06		527.056		
00:00:44:700		1.5467e+07		0.153054		2.87132		528.851		6.96686e+06		527.058		
00:00:44:700		1.5467e+07		0.153054		2.87132		528.851		6.96686e+06		527.058		
00:00:44:600		1.54671e+07		0.153099		2.87116		528.851		6.96685e+06		527.06		
00:00:44:500		1.54671e+07		0.153145		2.87112		528.854		6.96685e+06		527.061		
00:00:44:399		1.54671e+07		0.15319		2.87092		528.856		6.96684e+06		527.061		
00:00:44:299		1.54671e+07		0.153235		2.87088		528.858		6.96684e+06		527.062		
00:00:44:200		1.54671e+07		0.153281		2.87076		528.858		6.96683e+06		527.062		
00:00:44:100		1.54671e+07		0.153326		2.87069		528.862		6.96683e+06		527.063		
00:00:43:899		1.54672e+07		0.153417		2.8704		528.865		6.96682e+06		527.064		
00:00:43:899		1.54672e+07		0.153417		2.8704		528.865		6.96682e+06		527.064		
00:00:43:700		1.54672e+07		0.153507		2.87016		528.867		6.9668e+06		527.06		
00:00:43:600		1.54672e+07		0.153553		2.87013		528.869		6.9668e+06		527.07		
00:00:43:600		1.54672e+07		0.153553		2.87013		528.869		6.9668e+06		527.07		
00:00:43:500		1.54672e+07		0.153599		2.86996		528.871		6.96679e+06		527.071		
00:00:43:399		1.54673e+07		0.153644		2.86988		528.873		6.96679e+06		527.072		
00:00:43:299		1.54673e+07		0.15369		2.86972		528.873		6.96678e+06		527.073		
00:00:43:200		1.54673e+07		0.153736		2.86964		528.875		6.96678e+06		527.074		
00:00:43:100		1.54673e+07		0.153781		2.86948		528.876		6.96677e+06		527.075		
00:00:43:000		1.54673e+07		0.153827		2.8694		528.878		6.96677e+06		527.076		
00:00:42:899		1.54674e+07		0.153873		2.86933		528.88		6.96676e+06		527.078		
00:00:42:700		1.54674e+07		0.153965		2.86909		528.884		6.96675e+06		527.08		
00:00:42:700		1.54674e+07		0.153965		2.86909		528.884		6.96675e+06		527.08		
00:00:42:549		1.54674e+07		0.154033		2.86884		528.887		6.96675e+06		527.081		
00:00:42:450		1.54674e+07		0.154079		2.86881		528.889		6.96674e+06		527.082		
00:00:42:350		1.54675e+07		0.154125		2.86869		528.891		6.96674e+06		527.093		
00:00:42:299		1.54675e+07		0.154148		2.86865		528.891		6.96674e+06		527.073		
00:00:42:200		1.54675e+07		0.154194		2.86853		528.893		6.96673e+06		527.084		
00:00:42:100		1.54675e+07		0.15424		2.86841		528.895		6.96673e+06		527.085		
00:00:41:950		1.54675e+07		0.154309		2.86825		528.897		6.96672e+06		527.084		
00:00:41:850		1.54676e+07		0.154355		2.86813		528.898		6.96671e+06		527.088		
00:00:41:649		1.54676e+07		0.154447		2.86789		528.902		6.9667e+06		527.088		
00:00:41:649		1.54676e+07		0.154447		2.86789		528.902		6.9667e+06		527.088		
00:00:41:549		1.54676e+07		0.154493		2.86777		528.904		6.9667e+06		527.084		
00:00:41:450		1.54676e+07		0.15454		2.86765		528.906		6.96669e+06		527.103		
00:00:41:399		1.54676e+07		0.154562		2.86761		528.908		6.96669e+06		527.091		
00:00:41:299		1.54677e+07		0.154609		2.86758		528.908		6.96669e+06		527.092		
00:00:41:149		1.54677e+07		0.154678		2.86737		528.911		6.96668e+06		527.094		
00:00:41:049		1.54677e+07		0.154724		2.86721		528.913		6.96668e+06		527.095		
00:00:40:950		1.54677e+07		0.15477		2.86714		528.915		6.96667e+06		527.096		
00:00:40:850		1.54677e+07		0.154817		2.86701		528.919		6.96667e+06		527.097		
00:00:40:649		1.54678e+07		0.15491		2.86682		528.922		6.96666e+06		527.098		
00:00:40:649		1.54678e+07		0.15491		2.86682		528.922		6.96666e+06		527.098		
00:00:40:549		1.54678e+07		0.154956		2.8667		528.924		6.96665e+06		527.099		
00:00:40:450		1.54678e+07		0.155003		2.86658		528.924		6.96665e+06		527.098		
00:00:40:350		1.54678e+07		0.155049		2.86646		528.926		6.96664e+06		527.105		
00:00:40:250		1.54679e+07		0.155095		2.86638		528.928		6.96664e+06		527.092		
00:00:40:149		1.54679e+07		0.155142		2.86622		528.93		6.96664e+06		527.103		
00:00:40:049		1.54679e+07		0.155189		2.86619		528.932		6.96663e+06		527.102		
00:00:39:950		1.54679e+07		0.155235		2.86607		528.935		6.96663e+06		527.102		
00:00:39:750		1.54679e+07		0.155328		2.86583		528.939		6.96662e+06		527.105		
00:00:39:649		1.5468e+07		0.155374		2.86571		528.941		6.96661e+06		527.105		
00:00:39:649		1.5468e+07		0.155374		2.86571		528.941		6.96661e+06		527.105		
00:00:39:549		1.5468e+07		0.155421		2.86563		528.943		6.96661e+06		527.099		
00:00:39:450		1.5468e+07		0.155468		2.86555		528.945		6.9666e+06		527.108		
00:00:39:350		1.5468e+07		0.155514		2.86544		528.946		6.9666e+06		527.107		
00:00:39:250		1.5468e+07		0.155561		2.86532		528.948		6.9666e+06		527.102		
00:00:39:149		1.54681e+07		0.155608		2.8652		528.95		6.96659e+06		527.11		
00:00:39:049		1.54681e+07		0.155655		2.86508		528.952		6.96659e+06		527.111		
00:00:38:950		1.54681e+07		0.155702		2.865		528.954		6.96658e+06		527.111		
00:00:38:750		1.54681e+07		0.155795		2.8648		528.957		6.96657e+06		527.111		
00:00:38:649		1.54682e+07		0.155842		2.86473		528.959		6.96657e+06		527.106		
00:00:38:649		1.54682e+07		0.155842		2.86473		528.959		6.96657e+06		527.106		
00:00:38:500		1.54682e+07		0.155912		2.86448		528.963		6.96656e+06		527.113		
00:00:38:399		1.54682e+07		0.155959		2.86441		528.965		6.96656e+06		527.114		
00:00:38:299		1.54682e+07		0.156006		2.86429		528.967		6.96656e+06		527.114		
00:00:38:200		1.54683e+07		0.156053		2.86421		528.969		6.96655e+06		527.107		
00:00:38:149		1.54683e+07		0.156076		2.86418		528.969		6.96655e+06		527.11		
00:00:38:000		1.54683e+07		0.156147		2.86402		528.972		6.96654e+06		527.117		
00:00:37:899		1.54683e+07		0.156194		2.86385		528.974		6.96654e+06		527.118		
00:00:37:700		1.54684e+07		0.156287		2.8637		528.98		6.96653e+06		527.119		
00:00:37:600		1.54684e+07		0.156334		2.86358		528.98		6.96653e+06		527.12		
00:00:37:600		1.54684e+07		0.156334		2.86358		528.98		6.96653e+06		527.12		
00:00:37:600		1.54684e+07		0.156334		2.86358		528.98		6.96653e+06		527.12		
00:00:37:399		1.54684e+07		0.156428		2.86334		528.985		6.96652e+06		527.121		
00:00:37:350		1.54684e+07		0.156452		2.86335		528.985		6.96652e+06		527.121		
00:00:37:250		1.54684e+07		0.156499		2.86323		528.987		6.96651e+06		527.121		
00:00:37:100		1.54685e+07		0.15657		2.86307		528.991		6.96651e+06		527.122		
00:00:37:000		1.54685e+07		0.156617		2.863		528.992		6.9665e+06		527.122		
00:00:36:899		1.54685e+07		0.156664		2.86288		528.994		6.9665e+06		527.123		
00:00:36:799		1.54685e+07		0.156711		2.86276		528.996		6.9665e+06		527.123		
00:00:36:700		1.54686e+07		0.156758		2.86268		528.998		6.96649e+06		527.123		
00:00:36:700		1.54686e+07		0.156758		2.86268		528.998		6.96649e+06		527.123		
00:00:36:600		1.54686e+07		0.156806		2.86257		529.004		6.96649e+06		527.122		
00:00:36:500		1.54686e+07		0.156853		2.86249		529.004		6.96648e+06		527.124		
00:00:36:399		1.54686e+07		0.156899		2.86237		529.005		6.96648e+06		527.123		
00:00:36:200		1.54687e+07		0.156994		2.86218		529.011		6.96647e+06		527.124		
00:00:36:100		1.54687e+07		0.157042		2.86206		529.011		6.96647e+06		527.124		
00:00:36:100		1.54687e+07		0.157042		2.86206		529.011		6.96647e+06		527.124		
00:00:35:899		1.54687e+07		0.157136		2.86186		529.016		6.96646e+06		527.125		
00:00:35:899		1.54687e+07		0.157136		2.86186		529.016		6.96646e+06		527.125		
00:00:35:700		1.54688e+07		0.157231		2.86167		529.02		6.96645e+06		527.124		
00:00:35:700		1.54688e+07		0.157231		2.86167		529.02		6.96645e+06		527.124		
00:00:35:600		1.54688e+07		0.157278		2.86155		529.022		6.96645e+06		527.126		
00:00:35:399		1.54688e+07		0.157373		2.86136		529.028		6.96644e+06		527.125		
00:00:35:399		1.54688e+07		0.157373		2.86136		529.028		6.96644e+06		527.125		
00:00:35:299		1.54688e+07		0.15742		2.86124		529.029		6.96644e+06		527.127		
00:00:35:200		1.54689e+07		0.157467		2.86116		529.031		6.96644e+06		527.127		
00:00:35:049		1.54689e+07		0.157538		2.86101		529.035		6.96643e+06		527.127		
00:00:35:000		1.54689e+07		0.157562		2.86097		529.035		6.96643e+06		527.127		
00:00:34:899		1.54689e+07		0.157609		2.86085		529.037		6.96642e+06		527.133		
00:00:34:799		1.5469e+07		0.157657		2.86077		529.039		6.96642e+06		527.128		
00:00:34:700		1.5469e+07		0.157704		2.86066		529.042		6.96642e+06		527.129		
00:00:34:549		1.5469e+07		0.157775		2.86054		529.046		6.96641e+06		527.129		
00:00:34:450		1.5469e+07		0.157823		2.86042		529.048		6.96641e+06		527.128		
00:00:34:350		1.54691e+07		0.15787		2.86035		529.052		6.9664e+06		527.128		
00:00:34:299		1.54691e+07		0.157894		2.86027		529.052		6.9664e+06		527.128		
00:00:34:200		1.54691e+07		0.157941		2.86015		529.055		6.9664e+06		527.122		
00:00:34:100		1.54691e+07		0.157989		2.86003		529.057		6.9664e+06		527.13		
00:00:33:950		1.54691e+07		0.15806		2.85996		529.061		6.96639e+06		527.13		
00:00:33:899		1.54691e+07		0.158084		2.85992		529.061		6.96639e+06		527.13		
00:00:33:649		1.54692e+07		0.158203		2.85956		529.068		6.96638e+06		527.13		
00:00:33:649		1.54692e+07		0.158203		2.85956		529.068		6.96638e+06		527.13		
00:00:33:549		1.54692e+07		0.15825		2.85953		529.07		6.96638e+06		527.13		
00:00:33:450		1.54692e+07		0.158298		2.85946		529.072		6.96637e+06		527.13		
00:00:33:350		1.54693e+07		0.158345		2.85934		529.074		6.96637e+06		527.141		
00:00:33:250		1.54693e+07		0.158393		2.85922		529.077		6.96637e+06		527.143		
00:00:33:149		1.54693e+07		0.15844		2.85914		529.079		6.96636e+06		527.131		
00:00:33:049		1.54693e+07		0.158488		2.85903		529.083		6.96636e+06		527.131		
00:00:32:950		1.54694e+07		0.158535		2.85895		529.085		6.96636e+06		527.143		
00:00:32:850		1.54694e+07		0.158583		2.85883		529.087		6.96635e+06		527.131		
00:00:32:649		1.54694e+07		0.158678		2.85868		529.092		6.96635e+06		527.143		
00:00:32:649		1.54694e+07		0.158678		2.85868		529.092		6.96635e+06		527.143		
00:00:32:549		1.54694e+07		0.158725		2.85856		529.094		6.96634e+06		527.131		
00:00:32:450		1.54695e+07		0.158772		2.85845		529.096		6.96634e+06		527.131		
00:00:32:350		1.54695e+07		0.158821		2.85837		529.099		6.96634e+06		527.13		
00:00:32:250		1.54695e+07		0.158868		2.8583		529.101		6.96633e+06		527.128		
00:00:32:149		1.54695e+07		0.158916		2.85818		529.103		6.96633e+06		527.134		
00:00:32:049		1.54696e+07		0.158963		2.85811		529.107		6.96633e+06		527.131		
00:00:31:949		1.54696e+07		0.159011		2.85799		529.109		6.96632e+06		527.131		
00:00:31:850		1.54696e+07		0.159058		2.85787		529.111		6.96632e+06		527.131		
00:00:31:750		1.54696e+07		0.159105		2.85779		529.114		6.96632e+06		527.13		
00:00:31:649		1.54696e+07		0.159153		2.85772		529.116		6.96631e+06		527.13		
00:00:31:550		1.54697e+07		0.159201		2.85764		529.12		6.96631e+06		527.129		
00:00:31:449		1.54697e+07		0.159248		2.85753		529.122		6.96631e+06		527.13		
00:00:31:350		1.54697e+07		0.159296		2.85745		529.123		6.9663e+06		527.129		
00:00:31:250		1.54697e+07		0.159343		2.85733		529.125		6.9663e+06		527.128		
00:00:31:149		1.54698e+07		0.15939		2.85726		529.129		6.9663e+06		527.13		
00:00:31:050		1.54698e+07		0.159438		2.85718		529.131		6.96629e+06		527.13		
00:00:30:949		1.54698e+07		0.159486		2.85707		529.134		6.96629e+06		527.13		
00:00:30:850		1.54698e+07		0.159533		2.85699		529.136		6.96629e+06		527.13		
00:00:30:750		1.54698e+07		0.159581		2.85692		529.14		6.96628e+06		527.13		
00:00:30:649		1.54699e+07		0.159628		2.85684		529.142		6.96628e+06		527.129		
00:00:30:550		1.54699e+07		0.159675		2.85673		529.146		6.96628e+06		527.128		
00:00:30:449		1.54699e+07		0.159723		2.85661		529.147		6.96627e+06		527.121		
00:00:30:350		1.54699e+07		0.15977		2.85658		529.149		6.96627e+06		527.128		
00:00:30:199		1.547e+07		0.159841		2.85642		529.153		6.96626e+06		527.125		
00:00:30:149		1.547e+07		0.159865		2.85634		529.155		6.96626e+06		527.12		
00:00:30:000		1.547e+07		0.159936		2.85623		529.158		6.96626e+06		527.125		
00:00:29:899		1.547e+07		0.159984		2.85616		529.16		6.96625e+06		527.127		
00:00:29:850		1.547e+07		0.160007		2.85608		529.162		6.96625e+06		527.126		
00:00:29:699		1.54701e+07		0.160078		2.85592		529.166		6.96625e+06		527.126		
00:00:29:600		1.54701e+07		0.160126		2.85585		529.168		6.96625e+06		527.125		
00:00:29:600		1.54701e+07		0.160126		2.85585		529.168		6.96625e+06		527.125		
00:00:29:399		1.54701e+07		0.16022		2.85565		529.173		6.96624e+06		527.126		
00:00:29:399		1.54701e+07		0.16022		2.85565		529.173		6.96624e+06		527.126		
00:00:29:300		1.54702e+07		0.160268		2.85567		529.177		6.96624e+06		527.125		
00:00:29:149		1.54702e+07		0.160338		2.85547		529.181		6.96623e+06		527.123		
00:00:29:000		1.54702e+07		0.160409		2.85531		529.184		6.96623e+06		527.12		
00:00:28:899		1.54703e+07		0.160457		2.85524		529.188		6.96622e+06		527.128		
00:00:28:699		1.54703e+07		0.160551		2.85509		529.193		6.96622e+06		527.113		
00:00:28:600		1.54703e+07		0.160598		2.85497		529.197		6.96621e+06		527.123		
00:00:28:600		1.54703e+07		0.160598		2.85497		529.197		6.96621e+06		527.123		
00:00:28:600		1.54703e+07		0.160598		2.85497		529.197		6.96621e+06		527.123		
00:00:28:399		1.54704e+07		0.160693		2.85487		529.203		6.96621e+06		527.119		
00:00:28:399		1.54704e+07		0.160693		2.85487		529.203		6.96621e+06		527.119		
00:00:28:300		1.54704e+07		0.16074		2.85475		529.205		6.9662e+06		527.118		
00:00:28:199		1.54704e+07		0.160787		2.85463		529.208		6.9662e+06		527.118		
00:00:28:100		1.54704e+07		0.160834		2.85452		529.21		6.9662e+06		527.132		
00:00:28:000		1.54705e+07		0.160881		2.85453		529.214		6.9662e+06		527.119		
00:00:27:899		1.54705e+07		0.160928		2.85437		529.216		6.96619e+06		527.118		
00:00:27:699		1.54705e+07		0.161022		2.85426		529.221		6.96619e+06		527.122		
00:00:27:600		1.54706e+07		0.161069		2.85423		529.225		6.96618e+06		527.111		
00:00:27:600		1.54706e+07		0.161069		2.85423		529.225		6.96618e+06		527.111		
00:00:27:500		1.54706e+07		0.161116		2.85412		529.229		6.96618e+06		527.115		
00:00:27:399		1.54706e+07		0.161163		2.854		529.23		6.96618e+06		527.114		
00:00:27:300		1.54706e+07		0.16121		2.85388		529.234		6.96617e+06		527.108		
00:00:27:100		1.54707e+07		0.161304		2.85382		529.24		6.96617e+06		527.114		
00:00:27:100		1.54707e+07		0.161304		2.85382		529.24		6.96617e+06		527.114		
00:00:27:000		1.54707e+07		0.16135		2.85366		529.241		6.96616e+06		527.114		
00:00:26:899		1.54707e+07		0.161397		2.85363		529.245		6.96616e+06		527.113		
00:00:26:699		1.54708e+07		0.161491		2.85344		529.252		6.96616e+06		527.111		
00:00:26:699		1.54708e+07		0.161491		2.85344		529.252		6.96616e+06		527.111		
00:00:26:600		1.54708e+07		0.161537		2.85332		529.254		6.96615e+06		527.11		
00:00:26:500		1.54708e+07		0.161584		2.85325		529.258		6.96615e+06		527.103		
00:00:26:399		1.54708e+07		0.161631		2.85322		529.26		6.96615e+06		527.109		
00:00:26:250		1.54709e+07		0.161701		2.85311		529.265		6.96614e+06		527.12		
00:00:26:149		1.54709e+07		0.161747		2.85303		529.267		6.96614e+06		527.107		
00:00:26:050		1.54709e+07		0.161794		2.85296		529.271		6.96614e+06		527.106		
00:00:25:949		1.54709e+07		0.16184		2.85284		529.275		6.96613e+06		527.105		
00:00:25:850		1.5471e+07		0.161887		2.85277		529.276		6.96613e+06		527.111		
00:00:25:750		1.5471e+07		0.161933		2.85278		529.28		6.96613e+06		527.105		
00:00:25:649		1.5471e+07		0.16198		2.85262		529.284		6.96612e+06		527.104		
00:00:25:550		1.5471e+07		0.162026		2.85259		529.286		6.96612e+06		527.101		
00:00:25:449		1.54711e+07		0.162073		2.85252		529.289		6.96612e+06		527.1		
00:00:25:350		1.54711e+07		0.162118		2.8524		529.293		6.96611e+06		527.094		
00:00:25:250		1.54711e+07		0.162165		2.85237		529.295		6.96611e+06		527.1		
00:00:25:149		1.54711e+07		0.162211		2.85225		529.299		6.96611e+06		527.098		
00:00:25:050		1.54712e+07		0.162258		2.85222		529.302		6.9661e+06		527.096		
00:00:24:949		1.54712e+07		0.162304		2.8521		529.304		6.9661e+06		527.089		
00:00:24:850		1.54712e+07		0.16235		2.85208		529.308		6.9661e+06		527.096		
00:00:24:750		1.54712e+07		0.162396		2.852		529.311		6.9661e+06		527.093		
00:00:24:649		1.54712e+07		0.162442		2.85188		529.315		6.96609e+06		527.099		
00:00:24:550		1.54713e+07		0.162488		2.85181		529.317		6.96609e+06		527.093		
00:00:24:449		1.54713e+07		0.162534		2.85174		529.321		6.96609e+06		527.091		
00:00:24:350		1.54713e+07		0.16258		2.85166		529.324		6.96608e+06		527.089		
00:00:24:250		1.54713e+07		0.162626		2.85163		529.328		6.96608e+06		527.087		
00:00:24:149		1.54714e+07		0.162672		2.85156		529.332		6.96608e+06		527.089		
00:00:24:050		1.54714e+07		0.162718		2.85144		529.334		6.96607e+06		527.087		
00:00:23:949		1.54714e+07		0.162764		2.85137		529.337		6.96607e+06		527.086		
00:00:23:750		1.54715e+07		0.162856		2.85126		529.345		6.96606e+06		527.077		
00:00:23:649		1.54715e+07		0.162902		2.85123		529.346		6.96606e+06		527.082		
00:00:23:649		1.54715e+07		0.162902		2.85123		529.346		6.96606e+06		527.082		
00:00:23:550		1.54715e+07		0.162947		2.85112		529.35		6.96606e+06		527.081		
00:00:23:449		1.54715e+07		0.162992		2.85104		529.354		6.96605e+06		527.078		
00:00:23:350		1.54716e+07		0.163039		2.85097		529.357		6.96605e+06		527.077		
00:00:23:250		1.54716e+07		0.163084		2.8509		529.361		6.96605e+06		527.069		
00:00:23:149		1.54716e+07		0.16313		2.85082		529.363		6.96604e+06		527.075		
00:00:23:050		1.54716e+07		0.163175		2.85079		529.369		6.96604e+06		527.072		
00:00:22:949		1.54716e+07		0.163221		2.85072		529.37		6.96604e+06		527.071		
00:00:22:699		1.54717e+07		0.163334		2.85049		529.38		6.96603e+06		527.068		
00:00:22:600		1.54717e+07		0.16338		2.85046		529.383		6.96603e+06		527.066		
00:00:22:600		1.54717e+07		0.16338		2.85046		529.383		6.96603e+06		527.066		
00:00:22:500		1.54718e+07		0.163425		2.85039		529.385		6.96602e+06		527.059		
00:00:22:399		1.54718e+07		0.163471		2.85031		529.389		6.96602e+06		527.077		
00:00:22:399		1.54718e+07		0.163471		2.85031		529.389		6.96602e+06		527.077		
00:00:22:300		1.54718e+07		0.163516		2.85024		529.393		6.96601e+06		527.063		
00:00:22:199		1.54718e+07		0.163561		2.85017		529.396		6.96601e+06		527.062		
00:00:22:100		1.54718e+07		0.163606		2.85005		529.4		6.96601e+06		527.053		
00:00:22:000		1.54719e+07		0.163651		2.85006		529.404		6.966e+06		527.064		
00:00:21:750		1.54719e+07		0.163764		2.84983		529.413		6.966e+06		527.055		
00:00:21:750		1.54719e+07		0.163764		2.84983		529.413		6.966e+06		527.055		
00:00:21:600		1.5472e+07		0.163832		2.84977		529.416		6.96599e+06		527.052		
00:00:21:500		1.5472e+07		0.163877		2.84965		529.42		6.96599e+06		527.05		
00:00:21:399		1.5472e+07		0.163922		2.84958		529.424		6.96598e+06		527.051		
00:00:21:300		1.5472e+07		0.163967		2.84955		529.427		6.96598e+06		527.049		
00:00:21:300		1.5472e+07		0.163967		2.84955		529.427		6.96598e+06		527.049		
00:00:21:199		1.54721e+07		0.164012		2.84947		529.431		6.96598e+06		527.048		
00:00:21:100		1.54721e+07		0.164057		2.84936		529.435		6.96597e+06		527.047		
00:00:21:000		1.54721e+07		0.164102		2.84928		529.439		6.96597e+06		527.045		
00:00:20:699		1.54722e+07		0.164236		2.8491		529.45		6.96596e+06		527.039		
00:00:20:699		1.54722e+07		0.164236		2.8491		529.45		6.96596e+06		527.039		
00:00:20:600		1.54722e+07		0.164281		2.84903		529.453		6.96595e+06		527.044		
00:00:20:500		1.54722e+07		0.164326		2.849		529.457		6.96595e+06		527.037		
00:00:20:500		1.54722e+07		0.164326		2.849		529.457		6.96595e+06		527.037		
00:00:20:399		1.54722e+07		0.164371		2.84893		529.461		6.96595e+06		527.03		
00:00:20:300		1.54723e+07		0.164415		2.84881		529.464		6.96594e+06		527.047		
00:00:20:050		1.54723e+07		0.164526		2.84863		529.474		6.96593e+06		527.033		
00:00:20:050		1.54723e+07		0.164526		2.84863		529.474		6.96593e+06		527.033		
00:00:19:949		1.54724e+07		0.164571		2.84855		529.477		6.96593e+06		527.043		
00:00:19:850		1.54724e+07		0.164616		2.84844		529.481		6.96592e+06		527.029		
00:00:19:649		1.54724e+07		0.164705		2.84829		529.488		6.96592e+06		527.005		
00:00:19:649		1.54724e+07		0.164705		2.84829		529.488		6.96592e+06		527.005		
00:00:19:550		1.54724e+07		0.164749		2.84826		529.492		6.96591e+06		527.026		
00:00:19:449		1.54725e+07		0.164793		2.84827		529.496		6.96591e+06		527.025		
00:00:19:399		1.54725e+07		0.164815		2.84824		529.497		6.96591e+06		527.013		
00:00:19:300		1.54725e+07		0.16486		2.84812		529.503		6.9659e+06		527.028		
00:00:19:199		1.54725e+07		0.164905		2.84796		529.505		6.9659e+06		527.022		
00:00:19:100		1.54726e+07		0.164948		2.84797		529.509		6.96589e+06		527.021		
00:00:19:000		1.54726e+07		0.164993		2.84785		529.512		6.96589e+06		527.02		
00:00:18:899		1.54726e+07		0.165037		2.84782		529.516		6.96589e+06		527.018		
00:00:18:649		1.54727e+07		0.165148		2.84764		529.525		6.96587e+06		527.014		
00:00:18:649		1.54727e+07		0.165148		2.84764		529.525		6.96587e+06		527.014		
00:00:18:550		1.54727e+07		0.165191		2.84752		529.529		6.96587e+06		527.014		
00:00:18:449		1.54727e+07		0.165236		2.84745		529.533		6.96587e+06		527.013		
00:00:18:350		1.54727e+07		0.16528		2.84733		529.536		6.96586e+06		527.011		
00:00:18:250		1.54728e+07		0.165324		2.84726		529.54		6.96586e+06		527.003		
00:00:18:149		1.54728e+07		0.165368		2.84718		529.544		6.96585e+06		527.008		
00:00:18:050		1.54728e+07		0.165412		2.84711		529.549		6.96585e+06		527.006		
00:00:17:949		1.54728e+07		0.165456		2.84704		529.553		6.96584e+06		527.007		
00:00:17:850		1.54729e+07		0.1655		2.84688		529.556		6.96584e+06		527.005		
00:00:17:750		1.54729e+07		0.165544		2.84689		529.56		6.96584e+06		527.003		
00:00:17:649		1.54729e+07		0.165587		2.84677		529.564		6.96583e+06		526.996		
00:00:17:550		1.54729e+07		0.165631		2.84665		529.568		6.96583e+06		527		
00:00:17:449		1.5473e+07		0.165675		2.84662		529.571		6.96582e+06		527.005		
00:00:17:350		1.5473e+07		0.165719		2.84651		529.575		6.96582e+06		527		
00:00:17:250		1.5473e+07		0.165763		2.84643		529.58		6.96581e+06		526.999		
00:00:17:149		1.5473e+07		0.165806		2.84636		529.584		6.96581e+06		526.998		
00:00:17:050		1.5473e+07		0.16585		2.8462		529.588		6.96581e+06		526.996		
00:00:16:949		1.54731e+07		0.165894		2.84621		529.591		6.9658e+06		526.996		
00:00:16:850		1.54731e+07		0.165937		2.84614		529.595		6.9658e+06		526.994		
00:00:16:750		1.54731e+07		0.165981		2.84598		529.599		6.96579e+06		526.993		
00:00:16:649		1.54731e+07		0.166025		2.8459		529.603		6.96579e+06		526.992		
00:00:16:550		1.54732e+07		0.166069		2.84583		529.606		6.96578e+06		526.991		
00:00:16:449		1.54732e+07		0.166112		2.84567		529.612		6.96578e+06		526.99		
00:00:16:350		1.54732e+07		0.166155		2.84568		529.615		6.96577e+06		526.988		
00:00:16:250		1.54732e+07		0.166199		2.84561		529.619		6.96577e+06		526.987		
00:00:16:149		1.54733e+07		0.166243		2.84549		529.623		6.96576e+06		526.986		
00:00:16:050		1.54733e+07		0.166286		2.84546		529.626		6.96576e+06		526.985		
00:00:15:949		1.54733e+07		0.166329		2.8453		529.63		6.96575e+06		526.991		
00:00:15:800		1.54734e+07		0.166395		2.84519		529.636		6.96575e+06		526.985		
00:00:15:750		1.54734e+07		0.166416		2.84516		529.638		6.96575e+06		526.985		
00:00:15:599		1.54734e+07		0.166481		2.84509		529.645		6.96574e+06		526.984		
00:00:15:500		1.54734e+07		0.166524		2.84502		529.649		6.96573e+06		526.982		
00:00:15:400		1.54735e+07		0.166567		2.8449		529.65		6.96573e+06		526.981		
00:00:15:300		1.54735e+07		0.166611		2.84483		529.656		6.96572e+06		526.979		
00:00:15:199		1.54735e+07		0.166654		2.84475		529.66		6.96572e+06		526.978		
00:00:15:150		1.54735e+07		0.166676		2.84476		529.661		6.96572e+06		526.977		
00:00:15:050		1.54735e+07		0.166719		2.8446		529.665		6.96571e+06		526.976		
00:00:14:949		1.54736e+07		0.166762		2.84453		529.669		6.96571e+06		526.977		
00:00:14:849		1.54736e+07		0.166805		2.84445		529.672		6.9657e+06		526.975		
00:00:14:750		1.54736e+07		0.166849		2.84438		529.676		6.9657e+06		526.975		
00:00:14:650		1.54736e+07		0.166892		2.84431		529.68		6.96569e+06		526.974		
00:00:14:550		1.54737e+07		0.166934		2.84415		529.684		6.96569e+06		526.972		
00:00:14:400		1.54737e+07		0.166999		2.84408		529.691		6.96568e+06		526.97		
00:00:14:300		1.54737e+07		0.167042		2.84405		529.695		6.96568e+06		526.964		
00:00:14:199		1.54738e+07		0.167086		2.84393		529.698		6.96567e+06		526.97		
00:00:14:099		1.54738e+07		0.167129		2.84382		529.702		6.96567e+06		526.969		
00:00:14:099		1.54738e+07		0.167129		2.84382		529.702		6.96567e+06		526.969		
00:00:14:000		1.54738e+07		0.167171		2.84374		529.706		6.96566e+06		526.968		
00:00:13:900		1.54738e+07		0.167214		2.84367		529.709		6.96566e+06		526.968		
00:00:13:699		1.54739e+07		0.1673		2.84357		529.719		6.96565e+06		526.966		
00:00:13:599		1.54739e+07		0.167343		2.84345		529.722		6.96564e+06		526.966		
00:00:13:599		1.54739e+07		0.167343		2.84345		529.722		6.96564e+06		526.966		
00:00:13:500		1.54739e+07		0.167386		2.84334		529.726		6.96564e+06		526.964		
00:00:13:400		1.5474e+07		0.167428		2.84335		529.73		6.96563e+06		526.963		
00:00:13:300		1.5474e+07		0.167471		2.84323		529.733		6.96563e+06		526.962		
00:00:13:099		1.5474e+07		0.167557		2.84309		529.742		6.96562e+06		526.959		
00:00:13:000		1.54741e+07		0.1676		2.84297		529.746		6.96561e+06		526.962		
00:00:12:900		1.54741e+07		0.167643		2.8429		529.752		6.96561e+06		526.968		
00:00:12:800		1.54741e+07		0.167686		2.84287		529.755		6.9656e+06		526.959		
00:00:12:699		1.54741e+07		0.167728		2.8428		529.759		6.9656e+06		526.958		
00:00:12:599		1.54742e+07		0.167771		2.84268		529.763		6.96559e+06		526.956		
00:00:12:599		1.54742e+07		0.167771		2.84268		529.763		6.96559e+06		526.956		
00:00:12:500		1.54742e+07		0.167814		2.84265		529.766		6.96559e+06		526.948		
00:00:12:400		1.54742e+07		0.167856		2.84249		529.772		6.96558e+06		526.956		
00:00:12:300		1.54742e+07		0.167899		2.84246		529.776		6.96558e+06		526.955		
00:00:12:199		1.54743e+07		0.167942		2.84235		529.779		6.96557e+06		526.953		
00:00:12:099		1.54743e+07		0.167984		2.84232		529.783		6.96557e+06		526.947		
00:00:11:900		1.54743e+07		0.16807		2.84222		529.79		6.96556e+06		526.953		
00:00:11:900		1.54743e+07		0.16807		2.84222		529.79		6.96556e+06		526.953		
00:00:11:699		1.54744e+07		0.168155		2.84199		529.8		6.96554e+06		526.956		
00:00:11:550		1.54744e+07		0.16822		2.84197		529.805		6.96554e+06		526.95		
00:00:11:550		1.54744e+07		0.16822		2.84197		529.805		6.96554e+06		526.95		
00:00:11:449		1.54745e+07		0.168262		2.84185		529.811		6.96553e+06		526.95		
00:00:11:349		1.54745e+07		0.168304		2.84178		529.814		6.96553e+06		526.949		
00:00:11:250		1.54745e+07		0.168347		2.84166		529.818		6.96552e+06		526.949		
00:00:11:150		1.54745e+07		0.16839		2.84163		529.822		6.96552e+06		526.948		
00:00:11:050		1.54746e+07		0.168433		2.84156		529.825		6.96551e+06		526.945		
00:00:10:949		1.54746e+07		0.168475		2.84145		529.829		6.96551e+06		526.949		
00:00:10:849		1.54746e+07		0.168518		2.84142		529.835		6.9655e+06		526.948		
00:00:10:699		1.54747e+07		0.168582		2.84131		529.84		6.96549e+06		526.946		
00:00:10:550		1.54747e+07		0.168646		2.84116		529.847		6.96548e+06		526.945		
00:00:10:550		1.54747e+07		0.168646		2.84116		529.847		6.96548e+06		526.945		
00:00:10:449		1.54747e+07		0.168689		2.84109		529.851		6.96548e+06		526.944		
00:00:10:349		1.54748e+07		0.168731		2.84106		529.855		6.96547e+06		526.944		
00:00:10:250		1.54748e+07		0.168775		2.84099		529.858		6.96547e+06		526.941		
00:00:10:150		1.54748e+07		0.168817		2.84087		529.862		6.96546e+06		526.935		
00:00:10:050		1.54748e+07		0.16886		2.84084		529.868		6.96546e+06		526.94		
00:00:09:949		1.54749e+07		0.168903		2.84077		529.871		6.96545e+06		526.941		
00:00:09:849		1.54749e+07		0.168946		2.8407		529.875		6.96545e+06		526.939		
00:00:09:750		1.54749e+07		0.168989		2.84063		529.879		6.96544e+06		526.942		
00:00:09:650		1.5475e+07		0.169032		2.84056		529.884		6.96543e+06		526.945		
00:00:09:550		1.5475e+07		0.169075		2.84049		529.888		6.96543e+06		526.94		
00:00:09:449		1.5475e+07		0.169118		2.84046		529.892		6.96542e+06		526.94		
00:00:09:349		1.5475e+07		0.169161		2.84034		529.895		6.96542e+06		526.938		
00:00:09:199		1.54751e+07		0.169225		2.84024		529.903		6.96541e+06		526.939		
00:00:09:150		1.54751e+07		0.169247		2.84025		529.904		6.96541e+06		526.938		
00:00:09:050		1.54751e+07		0.16929		2.84013		529.908		6.9654e+06		526.936		
00:00:08:900		1.54752e+07		0.169354		2.84003		529.914		6.96539e+06		526.95		
00:00:08:800		1.54752e+07		0.169398		2.84		529.917		6.96539e+06		526.936		
00:00:08:699		1.54752e+07		0.169441		2.83993		529.921		6.96538e+06		526.942		
00:00:08:650		1.54753e+07		0.169484		2.83986		529.925		6.96537e+06		526.937		
00:00:08:500		1.54753e+07		0.169528		2.83979		529.93		6.96537e+06		526.948		
00:00:08:400		1.54753e+07		0.169571		2.83972		529.934		6.96536e+06		526.926		
00:00:08:400		1.54753e+07		0.169571		2.83972		529.934		6.96536e+06		526.926		
00:00:08:199		1.54754e+07		0.169659		2.83962		529.941		6.96535e+06		526.949		
00:00:08:199		1.54754e+07		0.169659		2.83962		529.941		6.96535e+06		526.949		
00:00:08:099		1.54754e+07		0.169702		2.83955		529.945		6.96535e+06		526.935		
00:00:08:000		1.54754e+07		0.169746		2.83948		529.949		6.96534e+06		526.936		
00:00:07:900		1.54755e+07		0.169789		2.83941		529.954		6.96533e+06		526.934		
00:00:07:799		1.54755e+07		0.169833		2.83939		529.958		6.96533e+06		526.934		
00:00:07:650		1.54755e+07		0.169899		2.83928		529.963		6.96532e+06		526.935		
00:00:07:549		1.54756e+07		0.169942		2.83917		529.967		6.96531e+06		526.934		
00:00:07:450		1.54756e+07		0.169986		2.83915		529.971		6.96531e+06		526.925		
00:00:07:299		1.54756e+07		0.170052		2.83904		529.978		6.9653e+06		526.935		
00:00:07:200		1.54757e+07		0.170096		2.83897		529.982		6.96529e+06		526.933		
00:00:07:099		1.54757e+07		0.17014		2.8389		529.985		6.96529e+06		526.939		
00:00:07:000		1.54757e+07		0.170185		2.83888		529.991		6.96528e+06		526.934		
00:00:06:900		1.54758e+07		0.170229		2.83876		529.993		6.96528e+06		526.932		
00:00:06:700		1.54758e+07		0.170318		2.83871		530.002		6.96526e+06		526.933		
00:00:06:700		1.54758e+07		0.170318		2.83871		530.002		6.96526e+06		526.933		
00:00:06:599		1.54759e+07		0.170362		2.8386		530.006		6.96526e+06		526.932		
00:00:06:599		1.54759e+07		0.170362		2.8386		530.006		6.96526e+06		526.932		
00:00:06:500		1.54759e+07		0.170407		2.83858		530.009		6.96525e+06		526.948		
00:00:06:400		1.54759e+07		0.170451		2.83851		530.013		6.96525e+06		526.934		
00:00:06:299		1.5476e+07		0.170495		2.83849		530.017		6.96524e+06		526.934		
00:00:06:200		1.5476e+07		0.170539		2.83847		530.02		6.96523e+06		526.933		
00:00:06:099		1.54761e+07		0.170605		2.83837		530.026		6.96522e+06		526.933		
00:00:05:950		1.54761e+07		0.17065		2.83826		530.03		6.96522e+06		526.933		
00:00:05:849		1.54761e+07		0.170695		2.83823		530.033		6.96521e+06		526.933		
00:00:05:650		1.54762e+07		0.170786		2.83809		530.041		6.9652e+06		526.945		
00:00:05:549		1.54762e+07		0.170832		2.83807		530.044		6.96519e+06		526.932		
00:00:05:549		1.54762e+07		0.170832		2.83807		530.044		6.96519e+06		526.932		
00:00:05:450		1.54763e+07		0.170877		2.838		530.048		6.96519e+06		526.931		
00:00:05:349		1.54763e+07		0.170923		2.83793		530.052		6.96518e+06		526.936		
00:00:05:250		1.54763e+07		0.170968		2.8379		530.055		6.96518e+06		526.931		
00:00:05:150		1.54764e+07		0.171013		2.83784		530.059		6.96517e+06		526.93		
00:00:05:049		1.54764e+07		0.171057		2.83782		530.063		6.96516e+06		526.93		
00:00:04:950		1.54765e+07		0.1711		2.83771		530.066		6.96516e+06		526.921		
00:00:04:849		1.54765e+07		0.171144		2.8377		530.07		6.96515e+06		526.936		
00:00:04:650		1.54765e+07		0.171233		2.83758		530.079		6.96514e+06		526.927		
00:00:04:650		1.54765e+07		0.171233		2.83758		530.079		6.96514e+06		526.927		
00:00:04:549		1.54766e+07		0.171277		2.83752		530.081		6.96513e+06		526.925		
00:00:04:450		1.54766e+07		0.171323		2.83745		530.087		6.96513e+06		526.925		
00:00:04:349		1.54767e+07		0.17137		2.83738		530.09		6.96512e+06		526.925		
00:00:04:250		1.54767e+07		0.171418		2.83739		530.092		6.96511e+06		526.924		
00:00:04:150		1.54767e+07		0.171465		2.83732		530.096		6.96511e+06		526.922		
00:00:04:049		1.54768e+07		0.171512		2.83724		530.1		6.9651e+06		526.918		
00:00:03:950		1.54768e+07		0.171558		2.83721		530.103		6.96509e+06		526.919		
00:00:03:850		1.54769e+07		0.171604		2.83719		530.107		6.96509e+06		526.916		
00:00:03:750		1.54769e+07		0.171648		2.83717		530.111		6.96508e+06		526.917		
00:00:03:649		1.5477e+07		0.17169		2.83712		530.114		6.96507e+06		526.914		
00:00:03:549		1.5477e+07		0.171731		2.83712		530.116		6.96507e+06		526.914		
00:00:03:450		1.5477e+07		0.171772		2.83703		530.12		6.96506e+06		526.913		
00:00:03:350		1.5477e+07		0.171813		2.83699		530.124		6.96505e+06		526.91		
00:00:03:200		1.54771e+07		0.171877		2.83691		530.129		6.96504e+06		526.906		
00:00:03:100		1.54771e+07		0.171923		2.8368		530.133		6.96504e+06		526.904		
00:00:03:000		1.54772e+07		0.17197		2.83673		530.135		6.96503e+06		526.903		
00:00:02:899		1.54772e+07		0.17202		2.83655		530.138		6.96502e+06		526.899		
00:00:02:799		1.54773e+07		0.17207		2.8365		530.142		6.96502e+06		526.89		
00:00:02:700		1.54774e+07		0.17212		2.83645		530.146		6.96501e+06		526.894		
00:00:02:600		1.54774e+07		0.172169		2.83654		530.147		6.965e+06		526.894		
00:00:02:500		1.54775e+07		0.172214		2.83651		530.151		6.96499e+06		526.89		
00:00:02:399		1.54776e+07		0.172255		2.83654		530.155		6.96499e+06		526.88		
00:00:02:399		1.54776e+07		0.172255		2.83654		530.155		6.96499e+06		526.88		
00:00:02:299		1.54776e+07		0.172291		2.83664		530.157		6.96498e+06		526.884		
00:00:02:200		1.54776e+07		0.172324		2.83662		530.16		6.96497e+06		526.879		
00:00:02:100		1.54776e+07		0.172355		2.83658		530.162		6.96497e+06		526.881		
00:00:02:000		1.54777e+07		0.172385		2.83653		530.166		6.96496e+06		526.877		
00:00:01:899		1.54777e+07		0.172418		2.83639		530.168		6.96495e+06		526.875		
00:00:01:800		1.54777e+07		0.172454		2.83628		530.171		6.96494e+06		526.871		
00:00:01:600		1.54778e+07		0.172544		2.83595		530.177		6.96493e+06		526.864		
00:00:01:600		1.54778e+07		0.172544		2.83595		530.177		6.96493e+06		526.864		
00:00:01:500		1.54779e+07		0.172596		2.83583		530.181		6.96492e+06		526.859		
00:00:01:399		1.5478e+07		0.17265		2.83574		530.182		6.96491e+06		526.861		
00:00:01:300		1.54781e+07		0.172702		2.83569		530.186		6.96491e+06		526.852		
00:00:01:149		1.54784e+07		0.172769		2.83589		530.192		6.9649e+06		526.843		
00:00:01:050		1.54785e+07		0.172802		2.8361		530.195		6.96489e+06		526.836		
00:00:00:949		1.54786e+07		0.172824		2.83628		530.197		6.96488e+06		526.831		
00:00:00:849		1.54786e+07		0.172836		2.8363		530.201		6.96487e+06		526.824		
00:00:00:750		1.54786e+07		0.17284		2.83601		530.203		6.96486e+06		526.822		
00:00:00:550		1.54786e+07		0.17284		2.83569		530.208		6.96486e+06		526.824		
00:00:00:550		1.54786e+07		0.17284		2.83569		530.208		6.96486e+06		526.824		
00:00:00:450		1.54786e+07		0.17284		2.83569		530.212		6.96485e+06		526.824		
00:00:00:349		1.54786e+07		0.17284		2.83573		530.216		6.96485e+06		526.819		
00:00:00:250		1.54786e+07		0.17284		2.83572		530.217		6.96484e+06		526.84		
00:00:00:149		1.54785e+07		0.17284		2.83572		530.221		6.96484e+06		526.824		
00:00:00:050		1.54785e+07		0.17284		2.83567		530.223		6.96484e+06		526.826		
00:00:00:000		1.54785e+07		0.17284		2.83571		530.225		6.96483e+06		526.826		
00:00:00:000		1.54785e+07		0.17284		2.83571		530.225		6.96483e+06		526.826		
00:00:00:000		1.54785e+07		0.17284		2.83571		530.225		6.96483e+06		526.826		
00:00:00:000		1.54785e+07		0.17284		2.83571		530.225		6.96483e+06		526.826		
00:00:00:000		1.54785e+07		0.17284		2.83571		530.225		6.96483e+06		526.826		
00:00:00:000		1.54785e+07		0.17284		2.83571		530.225		6.96483e+06		526.826		
