	time 		gpv001pnt10113ppntm	evf507ety101mpzoyout	chtcon(1)	chavg(1)	chlhsumpa	rcptavgn	
00:01:02:000		6.83425e+06		101.468		39.8019		3407.46		0.0438167		309.775		
00:01:02:000		6.83425e+06		101.468		39.8019		3407.46		0.0438167		309.775		
00:01:01:899		6.83425e+06		101.468		39.7786		3376.56		0.0436377		309.775		
00:01:01:799		6.83425e+06		101.468		39.7786		3376.56		0.0436377		309.775		
00:01:01:700		6.83425e+06		101.463		39.7552		3343.56		0.0434587		309.775		
00:01:01:600		6.83425e+06		101.463		39.7552		3343.56		0.0434587		309.775		
00:01:01:500		6.83425e+06		101.457		39.7552		3343.56		0.0434587		309.775		
00:01:01:350		6.83425e+06		101.457		39.7319		3312.89		0.0432798		309.776		
00:01:01:250		6.83425e+06		101.451		39.7319		3312.89		0.0432798		309.776		
00:01:01:200		6.83425e+06		101.451		39.7086		3284.51		0.0431008		309.776		
00:01:01:100		6.83425e+06		101.451		39.7086		3284.51		0.0431008		309.776		
00:01:01:000		6.83425e+06		101.445		39.7086		3284.51		0.0431008		309.776		
00:01:00:899		6.83425e+06		101.445		39.6853		3254.07		0.0429218		309.776		
00:01:00:750		6.83425e+06		101.439		39.6853		3254.07		0.0429218		309.777		
00:01:00:649		6.83425e+06		101.439		39.662		3223.75		0.0427428		309.777		
00:01:00:549		6.83425e+06		101.439		39.662		3223.75		0.0427428		309.777		
00:01:00:450		6.83425e+06		101.433		39.6386		3189.21		0.0425638		309.777		
00:01:00:450		6.83425e+06		101.433		39.6386		3189.21		0.0425638		309.777		
00:01:00:350		6.83425e+06		101.433		39.6386		3189.21		0.0425638		309.777		
00:01:00:250		6.83425e+06		101.427		39.6386		3189.21		0.0425638		309.778		
00:01:00:049		6.83425e+06		101.427		39.6153		3154.81		0.0423848		309.778		
00:01:00:049		6.83425e+06		101.427		39.6153		3154.81		0.0423848		309.778		
00:01:00:000		6.83425e+06		101.422		39.6153		3154.81		0.0423848		309.778		
00:00:59:899		6.83424e+06		101.422		39.5919		3124.84		0.0422058		309.778		
00:00:59:700		6.83425e+06		101.416		39.5686		3092.84		0.0420268		309.779		
00:00:59:700		6.83425e+06		101.416		39.5686		3092.84		0.0420268		309.779		
00:00:59:600		6.83424e+06		101.416		39.5686		3092.84		0.0420268		309.779		
00:00:59:399		6.83424e+06		101.41		39.5452		3058.84		0.0418478		309.779		
00:00:59:399		6.83424e+06		101.41		39.5452		3058.84		0.0418478		309.779		
00:00:59:299		6.83424e+06		101.41		39.5452		3058.84		0.0418478		309.779		
00:00:59:100		6.83424e+06		101.404		39.5218		3027.1		0.0416688		309.78		
00:00:59:100		6.83424e+06		101.404		39.5218		3027.1		0.0416688		309.78		
00:00:59:000		6.83424e+06		101.398		39.5218		3027.1		0.0416688		309.78		
00:00:58:899		6.83424e+06		101.398		39.4983		2997.59		0.0414897		309.78		
00:00:58:799		6.83424e+06		101.398		39.4983		2997.59		0.0414897		309.78		
00:00:58:700		6.83424e+06		101.392		39.4749		2966.1		0.0413107		309.78		
00:00:58:600		6.83424e+06		101.392		39.4749		2966.1		0.0413107		309.781		
00:00:58:399		6.83423e+06		101.386		39.4514		2932.63		0.0411317		309.781		
00:00:58:399		6.83423e+06		101.386		39.4514		2932.63		0.0411317		309.781		
00:00:58:299		6.83423e+06		101.386		39.4514		2932.63		0.0411317		309.781		
00:00:58:100		6.83423e+06		101.38		39.4278		2901.39		0.0409527		309.781		
00:00:58:100		6.83423e+06		101.38		39.4278		2901.39		0.0409527		309.781		
00:00:58:000		6.83423e+06		101.374		39.4278		2901.39		0.0409527		309.782		
00:00:57:899		6.83423e+06		101.374		39.4044		2870.28		0.0407736		309.782		
00:00:57:799		6.83423e+06		101.374		39.4044		2870.28		0.0407736		309.782		
00:00:57:700		6.83423e+06		101.368		39.381		2839.29		0.0405946		309.782		
00:00:57:600		6.83422e+06		101.368		39.381		2839.29		0.0405946		309.782		
00:00:57:500		6.83422e+06		101.362		39.381		2839.29		0.0405946		309.782		
00:00:57:399		6.83422e+06		101.362		39.3577		2808.43		0.0404155		309.783		
00:00:57:299		6.83422e+06		101.362		39.3577		2808.43		0.0404155		309.783		
00:00:57:049		6.83422e+06		101.356		39.3345		2777.7		0.0402365		309.783		
00:00:57:049		6.83422e+06		101.356		39.3345		2777.7		0.0402365		309.783		
00:00:56:950		6.83421e+06		101.35		39.3114		2751.18		0.0400574		309.783		
00:00:56:850		6.83421e+06		101.35		39.3114		2751.18		0.0400574		309.784		
00:00:56:799		6.83421e+06		101.35		39.3114		2751.18		0.0400574		309.784		
00:00:56:700		6.83421e+06		101.344		39.2884		2724.78		0.0398784		309.784		
00:00:56:549		6.83421e+06		101.344		39.2884		2724.78		0.0398784		309.784		
00:00:56:450		6.83421e+06		101.338		39.2655		2694.43		0.0396993		309.784		
00:00:56:350		6.8342e+06		101.338		39.2655		2694.43		0.0396993		309.784		
00:00:56:250		6.8342e+06		101.332		39.2655		2694.43		0.0396993		309.785		
00:00:56:049		6.8342e+06		101.332		39.2426		2662.19		0.0395202		309.785		
00:00:56:049		6.8342e+06		101.332		39.2426		2662.19		0.0395202		309.785		
00:00:55:950		6.8342e+06		101.326		39.2198		2630.08		0.0393412		309.785		
00:00:55:850		6.83419e+06		101.326		39.2198		2630.08		0.0393412		309.785		
00:00:55:750		6.83419e+06		101.32		39.2198		2630.08		0.0393412		309.785		
00:00:55:649		6.83419e+06		101.32		39.1971		2600.12		0.0391621		309.786		
00:00:55:549		6.83419e+06		101.32		39.1971		2600.12		0.0391621		309.786		
00:00:55:450		6.83419e+06		101.314		39.1745		2572.28		0.038983		309.786		
00:00:55:350		6.83418e+06		101.314		39.1745		2572.28		0.038983		309.786		
00:00:55:149		6.83418e+06		101.308		39.152		2546.54		0.0388039		309.786		
00:00:55:049		6.83418e+06		101.308		39.152		2546.54		0.0388039		309.787		
00:00:55:049		6.83418e+06		101.308		39.152		2546.54		0.0388039		309.787		
00:00:55:000		6.83418e+06		101.302		39.152		2546.54		0.0388039		309.787		
00:00:54:899		6.83418e+06		101.302		39.1296		2520.92		0.0386248		309.787		
00:00:54:750		6.83418e+06		101.296		39.1296		2520.92		0.0386248		309.787		
00:00:54:649		6.83417e+06		101.296		39.1072		2493.44		0.0384457		309.787		
00:00:54:549		6.83417e+06		101.296		39.1072		2493.44		0.0384457		309.788		
00:00:54:450		6.83416e+06		101.29		39.0849		2466.08		0.0382666		309.788		
00:00:54:350		6.83416e+06		101.29		39.0849		2466.08		0.0382666		309.788		
00:00:54:250		6.83416e+06		101.284		39.0849		2466.08		0.0382666		309.788		
00:00:54:149		6.83416e+06		101.284		39.0627		2438.84		0.0380875		309.788		
00:00:54:049		6.83416e+06		101.284		39.0627		2438.84		0.0380875		309.788		
00:00:53:950		6.83415e+06		101.278		39.0406		2409.78		0.0379084		309.789		
00:00:53:850		6.83415e+06		101.278		39.0406		2409.78		0.0379084		309.789		
00:00:53:750		6.83415e+06		101.272		39.0406		2409.78		0.0379084		309.789		
00:00:53:649		6.83415e+06		101.272		39.0186		2382.78		0.0377293		309.789		
00:00:53:549		6.83414e+06		101.272		39.0186		2382.78		0.0377293		309.789		
00:00:53:450		6.83414e+06		101.266		38.9967		2355.9		0.0375502		309.789		
00:00:53:350		6.83414e+06		101.266		38.9967		2355.9		0.0375502		309.79		
00:00:53:250		6.83414e+06		101.259		38.9967		2355.9		0.0375502		309.79		
00:00:53:049		6.83413e+06		101.259		38.9748		2327.24		0.037371		309.79		
00:00:53:049		6.83413e+06		101.259		38.9748		2327.24		0.037371		309.79		
00:00:52:950		6.83413e+06		101.253		38.953		2300.61		0.0371919		309.79		
00:00:52:850		6.83412e+06		101.253		38.953		2300.61		0.0371919		309.79		
00:00:52:750		6.83412e+06		101.247		38.953		2300.61		0.0371919		309.791		
00:00:52:649		6.83412e+06		101.247		38.9313		2274.1		0.0370128		309.791		
00:00:52:500		6.83412e+06		101.241		38.9313		2274.1		0.0370128		309.791		
00:00:52:450		6.83411e+06		101.241		38.9097		2247.72		0.0368336		309.791		
00:00:52:350		6.83411e+06		101.241		38.9097		2247.72		0.0368336		309.791		
00:00:52:149		6.83411e+06		101.235		38.8882		2221.45		0.0366545		309.792		
00:00:52:049		6.8341e+06		101.235		38.8882		2221.45		0.0366545		309.792		
00:00:52:049		6.8341e+06		101.235		38.8882		2221.45		0.0366545		309.792		
00:00:51:950		6.8341e+06		101.229		38.8667		2197.19		0.0364753		309.792		
00:00:51:850		6.8341e+06		101.229		38.8667		2197.19		0.0364753		309.792		
00:00:51:700		6.8341e+06		101.223		38.8453		2171.18		0.0362962		309.792		
00:00:51:600		6.83409e+06		101.223		38.8453		2171.18		0.0362962		309.793		
00:00:51:500		6.83409e+06		101.223		38.8453		2171.18		0.0362962		309.793		
00:00:51:500		6.83409e+06		101.216		38.8453		2171.18		0.0362962		309.793		
00:00:51:299		6.83408e+06		101.216		38.824		2143.43		0.036117		309.793		
00:00:51:299		6.83408e+06		101.216		38.824		2143.43		0.036117		309.793		
00:00:51:149		6.83408e+06		101.21		38.8028		2117.66		0.0359379		309.793		
00:00:51:000		6.83408e+06		101.204		38.8028		2117.66		0.0359379		309.794		
00:00:50:899		6.83407e+06		101.204		38.7816		2090.19		0.0357587		309.794		
00:00:50:899		6.83407e+06		101.204		38.7816		2090.19		0.0357587		309.794		
00:00:50:799		6.83407e+06		101.204		38.7816		2090.19		0.0357587		309.794		
00:00:50:700		6.83407e+06		101.198		38.7605		2061.02		0.0355795		309.794		
00:00:50:600		6.83406e+06		101.198		38.7605		2061.02		0.0355795		309.794		
00:00:50:450		6.83406e+06		101.192		38.7395		2033.81		0.0354004		309.794		
00:00:50:350		6.83406e+06		101.192		38.7395		2033.81		0.0354004		309.795		
00:00:50:200		6.83405e+06		101.186		38.7186		2008.54		0.0352212		309.795		
00:00:50:100		6.83405e+06		101.186		38.7186		2008.54		0.0352212		309.795		
00:00:50:100		6.83405e+06		101.186		38.7186		2008.54		0.0352212		309.795		
00:00:50:000		6.83405e+06		101.179		38.7186		2008.54		0.0352212		309.795		
00:00:49:799		6.83404e+06		101.179		38.6977		1983.4		0.035042		309.796		
00:00:49:799		6.83404e+06		101.179		38.6977		1983.4		0.035042		309.796		
00:00:49:700		6.83404e+06		101.173		38.6769		1956.6		0.0348628		309.796		
00:00:49:600		6.83404e+06		101.173		38.6769		1956.6		0.0348628		309.796		
00:00:49:500		6.83404e+06		101.167		38.6769		1956.6		0.0348628		309.796		
00:00:49:299		6.83403e+06		101.167		38.6562		1929.93		0.0346836		309.796		
00:00:49:299		6.83403e+06		101.167		38.6562		1929.93		0.0346836		309.796		
00:00:49:100		6.83402e+06		101.161		38.6356		1905.16		0.0345044		309.797		
00:00:49:100		6.83402e+06		101.161		38.6356		1905.16		0.0345044		309.797		
00:00:49:000		6.83402e+06		101.154		38.6356		1905.16		0.0345044		309.797		
00:00:48:899		6.83402e+06		101.154		38.615		1880.53		0.0343252		309.797		
00:00:48:799		6.83402e+06		101.154		38.615		1880.53		0.0343252		309.797		
00:00:48:700		6.83402e+06		101.148		38.5945		1854.27		0.034146		309.797		
00:00:48:600		6.83402e+06		101.148		38.5945		1854.27		0.034146		309.798		
00:00:48:500		6.83401e+06		101.142		38.5945		1854.27		0.034146		309.798		
00:00:48:399		6.83401e+06		101.142		38.574		1826.4		0.0339668		309.798		
00:00:48:299		6.834e+06		101.142		38.574		1826.4		0.0339668		309.798		
00:00:48:200		6.834e+06		101.136		38.5538		1800.41		0.0337876		309.798		
00:00:48:100		6.834e+06		101.136		38.5538		1800.41		0.0337876		309.798		
00:00:48:000		6.834e+06		101.129		38.5538		1800.41		0.0337876		309.799		
00:00:47:899		6.83399e+06		101.129		38.5338		1776.29		0.0336084		309.799		
00:00:47:799		6.83399e+06		101.129		38.5338		1776.29		0.0336084		309.799		
00:00:47:649		6.83398e+06		101.123		38.5139		1750.58		0.0334292		309.799		
00:00:47:549		6.83399e+06		101.123		38.5139		1750.58		0.0334292		309.799		
00:00:47:500		6.83398e+06		101.117		38.5139		1750.58		0.0334292		309.799		
00:00:47:350		6.83398e+06		101.117		38.4943		1723.3		0.0332499		309.8		
00:00:47:250		6.83398e+06		101.111		38.4943		1723.3		0.0332499		309.8		
00:00:47:049		6.83397e+06		101.111		38.4749		1697.87		0.0330707		309.8		
00:00:47:049		6.83397e+06		101.111		38.4749		1697.87		0.0330707		309.8		
00:00:46:950		6.83397e+06		101.104		38.4557		1675.95		0.0328915		309.8		
00:00:46:850		6.83396e+06		101.104		38.4557		1675.95		0.0328915		309.8		
00:00:46:750		6.83396e+06		101.098		38.4557		1675.95		0.0328915		309.801		
00:00:46:649		6.83396e+06		101.098		38.4367		1652.48		0.0327122		309.801		
00:00:46:549		6.83396e+06		101.098		38.4367		1652.48		0.0327122		309.801		
00:00:46:450		6.83396e+06		101.092		38.4179		1629.14		0.032533		309.801		
00:00:46:350		6.83395e+06		101.092		38.4179		1629.14		0.032533		309.801		
00:00:46:250		6.83395e+06		101.085		38.4179		1629.14		0.032533		309.801		
00:00:46:049		6.83394e+06		101.085		38.3994		1607.59		0.0323537		309.802		
00:00:46:049		6.83394e+06		101.085		38.3994		1607.59		0.0323537		309.802		
00:00:45:950		6.83394e+06		101.079		38.381		1584.51		0.0321745		309.802		
00:00:45:850		6.83394e+06		101.079		38.381		1584.51		0.0321745		309.802		
00:00:45:750		6.83394e+06		101.073		38.381		1584.51		0.0321745		309.802		
00:00:45:649		6.83394e+06		101.073		38.3629		1563.2		0.0319952		309.802		
00:00:45:549		6.83393e+06		101.073		38.3629		1563.2		0.0319952		309.803		
00:00:45:500		6.83393e+06		101.066		38.345		1543.65		0.0318159		309.803		
00:00:45:350		6.83393e+06		101.066		38.345		1543.65		0.0318159		309.803		
00:00:45:250		6.83392e+06		101.06		38.345		1543.65		0.0318159		309.803		
00:00:45:149		6.83392e+06		101.06		38.3273		1520.98		0.0316367		309.803		
00:00:45:049		6.83392e+06		101.06		38.3273		1520.98		0.0316367		309.803		
00:00:44:950		6.83392e+06		101.054		38.3098		1496.82		0.0314574		309.803		
00:00:44:850		6.83391e+06		101.054		38.3098		1496.82		0.0314574		309.804		
00:00:44:750		6.83391e+06		101.047		38.3098		1496.82		0.0314574		309.804		
00:00:44:649		6.83391e+06		101.047		38.2926		1471.2		0.0312781		309.804		
00:00:44:549		6.83391e+06		101.047		38.2926		1471.2		0.0312781		309.804		
00:00:44:450		6.83391e+06		101.041		38.2756		1445.73		0.0310988		309.804		
00:00:44:350		6.8339e+06		101.041		38.2756		1445.73		0.0310988		309.804		
00:00:44:250		6.8339e+06		101.035		38.2756		1445.73		0.0310988		309.805		
00:00:44:100		6.8339e+06		101.035		38.2588		1422		0.0309195		309.805		
00:00:44:049		6.8339e+06		101.035		38.2588		1422		0.0309195		309.805		
00:00:43:950		6.83389e+06		101.028		38.2422		1398.42		0.0307402		309.805		
00:00:43:850		6.83389e+06		101.028		38.2422		1398.42		0.0307402		309.805		
00:00:43:750		6.83389e+06		101.022		38.2422		1398.42		0.0307402		309.805		
00:00:43:649		6.83388e+06		101.022		38.2259		1378.11		0.0305609		309.806		
00:00:43:549		6.83388e+06		101.022		38.2259		1378.11		0.0305609		309.806		
00:00:43:450		6.83388e+06		101.015		38.2098		1357.93		0.0303816		309.806		
00:00:43:299		6.83387e+06		101.015		38.2098		1357.93		0.0303816		309.806		
00:00:43:149		6.83387e+06		101.009		38.1939		1336.33		0.0302023		309.806		
00:00:43:000		6.83387e+06		101.003		38.1939		1336.33		0.0302023		309.807		
00:00:43:000		6.83387e+06		101.003		38.1939		1336.33		0.0302023		309.807		
00:00:42:899		6.83386e+06		101.003		38.1783		1313.34		0.030023		309.807		
00:00:42:899		6.83386e+06		101.003		38.1783		1313.34		0.030023		309.807		
00:00:42:799		6.83386e+06		101.003		38.1783		1313.34		0.030023		309.807		
00:00:42:700		6.83385e+06		100.996		38.1628		1290.49		0.0298437		309.807		
00:00:42:600		6.83385e+06		100.996		38.1628		1290.49		0.0298437		309.807		
00:00:42:500		6.83386e+06		100.99		38.1628		1290.49		0.0298437		309.807		
00:00:42:399		6.83385e+06		100.99		38.1477		1269.3		0.0296644		309.807		
00:00:42:299		6.83385e+06		100.99		38.1477		1269.3		0.0296644		309.808		
00:00:42:200		6.83385e+06		100.983		38.1327		1246.75		0.0294851		309.808		
00:00:42:100		6.83384e+06		100.983		38.1327		1246.75		0.0294851		309.808		
00:00:42:000		6.83384e+06		100.977		38.1327		1246.75		0.0294851		309.808		
00:00:41:899		6.83384e+06		100.977		38.118		1224.35		0.0293057		309.808		
00:00:41:799		6.83384e+06		100.977		38.118		1224.35		0.0293057		309.808		
00:00:41:700		6.83383e+06		100.971		38.1036		1203.59		0.0291264		309.808		
00:00:41:600		6.83383e+06		100.971		38.1036		1203.59		0.0291264		309.809		
00:00:41:500		6.83383e+06		100.964		38.1036		1203.59		0.0291264		309.809		
00:00:41:399		6.83383e+06		100.964		38.0893		1182.97		0.0289471		309.809		
00:00:41:250		6.83382e+06		100.958		38.0893		1182.97		0.0289471		309.809		
00:00:41:049		6.83382e+06		100.958		38.0754		1162.49		0.0287677		309.809		
00:00:41:049		6.83382e+06		100.958		38.0754		1162.49		0.0287677		309.809		
00:00:40:950		6.83381e+06		100.951		38.0616		1142.15		0.0285884		309.81		
00:00:40:850		6.83381e+06		100.951		38.0616		1142.15		0.0285884		309.81		
00:00:40:750		6.83381e+06		100.945		38.0616		1142.15		0.0285884		309.81		
00:00:40:700		6.83381e+06		100.945		38.0481		1120.51		0.028409		309.81		
00:00:40:600		6.83380e+06		100.945		38.0481		1120.51		0.028409		309.81		
00:00:40:500		6.8338e+06		100.939		38.0349		1099.03		0.0282297		309.81		
00:00:40:350		6.8338e+06		100.939		38.0349		1099.03		0.0282297		309.81		
00:00:40:250		6.8338e+06		100.932		38.0349		1099.03		0.0282297		309.811		
00:00:40:049		6.83379e+06		100.932		38.0219		1079.12		0.0280503		309.811		
00:00:40:049		6.83379e+06		100.932		38.0219		1079.12		0.0280503		309.811		
00:00:39:950		6.83379e+06		100.926		38.0092		1059.36		0.0278709		309.811		
00:00:39:850		6.83379e+06		100.926		38.0092		1059.36		0.0278709		309.811		
00:00:39:750		6.83378e+06		100.919		38.0092		1059.36		0.0278709		309.811		
00:00:39:649		6.83378e+06		100.919		37.9967		1039.74		0.0276916		309.811		
00:00:39:549		6.83378e+06		100.919		37.9967		1039.74		0.0276916		309.812		
00:00:39:450		6.83378e+06		100.913		37.9845		1020.27		0.0275122		309.812		
00:00:39:350		6.83377e+06		100.913		37.9845		1020.27		0.0275122		309.812		
00:00:39:200		6.83377e+06		100.906		37.9727		999.568		0.0273328		309.812		
00:00:39:149		6.83377e+06		100.906		37.9727		999.568		0.0273328		309.812		
00:00:39:049		6.83376e+06		100.906		37.9727		999.568		0.0273328		309.812		
00:00:38:950		6.83376e+06		100.9		37.9614		977.651		0.0271534		309.812		
00:00:38:850		6.83376e+06		100.9		37.9614		977.651		0.0271534		309.813		
00:00:38:750		6.83376e+06		100.893		37.9614		977.651		0.0271534		309.813		
00:00:38:600		6.83375e+06		100.893		37.9504		955.903		0.026974		309.813		
00:00:38:500		6.83375e+06		100.887		37.9504		955.903		0.026974		309.813		
00:00:38:399		6.83375e+06		100.887		37.9399		935.672		0.0267947		309.813		
00:00:38:399		6.83375e+06		100.887		37.9399		935.672		0.0267947		309.813		
00:00:38:149		6.83374e+06		100.88		37.9299		918.283		0.0266153		309.814		
00:00:38:149		6.83374e+06		100.88		37.9299		918.283		0.0266153		309.814		
00:00:38:049		6.83374e+06		100.88		37.9299		918.283		0.0266153		309.814		
00:00:37:950		6.83374e+06		100.874		37.9202		901.04		0.0264359		309.814		
00:00:37:850		6.83373e+06		100.874		37.9202		901.04		0.0264359		309.814		
00:00:37:750		6.83373e+06		100.867		37.9202		901.04		0.0264359		309.814		
00:00:37:600		6.83373e+06		100.867		37.9111		881.302		0.0262565		309.814		
00:00:37:500		6.83372e+06		100.861		37.9111		881.302		0.0262565		309.814		
00:00:37:399		6.83372e+06		100.861		37.9023		861.72		0.026077		309.815		
00:00:37:399		6.83372e+06		100.861		37.9023		861.72		0.026077		309.815		
00:00:37:299		6.83372e+06		100.861		37.9023		861.72		0.026077		309.815		
00:00:37:100		6.83371e+06		100.854		37.8941		843.604		0.0258976		309.815		
00:00:37:000		6.83371e+06		100.848		37.8941		843.604		0.0258976		309.815		
00:00:37:000		6.83371e+06		100.848		37.8941		843.604		0.0258976		309.815		
00:00:36:899		6.83371e+06		100.848		37.8862		825.642		0.0257182		309.815		
00:00:36:799		6.83371e+06		100.848		37.8862		825.642		0.0257182		309.815		
00:00:36:700		6.8337e+06		100.841		37.8789		809.103		0.0255388		309.816		
00:00:36:500		6.8337e+06		100.835		37.8789		809.103		0.0255388		309.816		
00:00:36:500		6.8337e+06		100.835		37.8789		809.103		0.0255388		309.816		
00:00:36:399		6.8337e+06		100.835		37.872		792.718		0.0253594		309.816		
00:00:36:299		6.83369e+06		100.835		37.872		792.718		0.0253594		309.816		
00:00:36:100		6.83369e+06		100.828		37.8657		775.226		0.0251799		309.816		
00:00:36:100		6.83369e+06		100.828		37.8657		775.226		0.0251799		309.816		
00:00:36:000		6.83368e+06		100.822		37.8657		775.226		0.0251799		309.816		
00:00:35:899		6.83368e+06		100.822		37.8598		757.891		0.0250005		309.817		
00:00:35:799		6.83367e+06		100.822		37.8598		757.891		0.0250005		309.817		
00:00:35:700		6.83368e+06		100.815		37.8544		739.489		0.0248211		309.817		
00:00:35:600		6.83368e+06		100.815		37.8544		739.489		0.0248211		309.817		
00:00:35:500		6.83367e+06		100.809		37.8544		739.489		0.0248211		309.817		
00:00:35:399		6.83367e+06		100.809		37.8495		720.038		0.0246416		309.817		
00:00:35:299		6.83367e+06		100.809		37.8495		720.038		0.0246416		309.817		
00:00:35:100		6.83366e+06		100.802		37.8452		701.97		0.0244622		309.818		
00:00:35:100		6.83366e+06		100.802		37.8452		701.97		0.0244622		309.818		
00:00:35:000		6.83366e+06		100.796		37.8452		701.97		0.0244622		309.818		
00:00:34:899		6.83366e+06		100.796		37.8413		684.086		0.0242827		309.818		
00:00:34:799		6.83365e+06		100.796		37.8413		684.086		0.0242827		309.818		
00:00:34:649		6.83365e+06		100.789		37.838		666.368		0.0241033		309.818		
00:00:34:549		6.83365e+06		100.789		37.838		666.368		0.0241033		309.818		
00:00:34:500		6.83364e+06		100.783		37.838		666.368		0.0241033		309.818		
00:00:34:399		6.83364e+06		100.783		37.8352		650.001		0.0239238		309.819		
00:00:34:250		6.83364e+06		100.776		37.8352		650.001		0.0239238		309.819		
00:00:34:149		6.83364e+06		100.776		37.833		633.798		0.0237443		309.819		
00:00:34:049		6.83363e+06		100.776		37.833		633.798		0.0237443		309.819		
00:00:33:950		6.83363e+06		100.77		37.8314		617.76		0.0235649		309.819		
00:00:33:850		6.83363e+06		100.77		37.8314		617.76		0.0235649		309.819		
00:00:33:750		6.83363e+06		100.763		37.8314		617.76		0.0235649		309.819		
00:00:33:649		6.83362e+06		100.763		37.8303		601.891		0.0233854		309.819		
00:00:33:549		6.83362e+06		100.763		37.8303		601.891		0.0233854		309.82		
00:00:33:450		6.83362e+06		100.757		37.8298		586.19		0.0232059		309.82		
00:00:33:350		6.83361e+06		100.757		37.8298		586.19		0.0232059		309.82		
00:00:33:250		6.83361e+06		100.75		37.8298		586.19		0.0232059		309.82		
00:00:33:200		6.83361e+06		100.75		37.8298		569.554		0.0230264		309.82		
00:00:33:049		6.83361e+06		100.75		37.8298		569.554		0.0230264		309.82		
00:00:32:950		6.8336e+06		100.744		37.8305		553.09		0.0228469		309.82		
00:00:32:850		6.8336e+06		100.744		37.8305		553.09		0.0228469		309.82		
00:00:32:750		6.8336e+06		100.737		37.8305		553.09		0.0228469		309.821		
00:00:32:649		6.8336e+06		100.737		37.8318		538.982		0.0226674		309.821		
00:00:32:549		6.83359e+06		100.737		37.8318		538.982		0.0226674		309.821		
00:00:32:450		6.83359e+06		100.73		37.8337		525.046		0.022488		309.821		
00:00:32:350		6.83359e+06		100.73		37.8337		525.046		0.022488		309.821		
00:00:32:250		6.83359e+06		100.724		37.8337		525.046		0.022488		309.821		
00:00:32:149		6.83358e+06		100.724		37.8362		510.205		0.0223085		309.821		
00:00:32:049		6.83358e+06		100.724		37.8362		510.205		0.0223085		309.821		
00:00:31:949		6.83358e+06		100.717		37.8394		495.538		0.0221289		309.821		
00:00:31:850		6.83357e+06		100.717		37.8394		495.538		0.0221289		309.822		
00:00:31:750		6.83357e+06		100.711		37.8394		495.538		0.0221289		309.822		
00:00:31:649		6.83357e+06		100.711		37.8433		480.017		0.0219494		309.822		
00:00:31:550		6.83356e+06		100.711		37.8433		480.017		0.0219494		309.822		
00:00:31:449		6.83356e+06		100.704		37.8478		464.678		0.0217699		309.822		
00:00:31:350		6.83356e+06		100.704		37.8478		464.678		0.0217699		309.822		
00:00:31:250		6.83356e+06		100.698		37.8478		464.678		0.0217699		309.822		
00:00:31:149		6.83356e+06		100.698		37.8531		451.551		0.0215904		309.822		
00:00:31:050		6.83355e+06		100.698		37.8531		451.551		0.0215904		309.822		
00:00:30:949		6.83355e+06		100.691		37.8593		438.602		0.0214109		309.823		
00:00:30:850		6.83355e+06		100.691		37.8593		438.602		0.0214109		309.823		
00:00:30:750		6.83354e+06		100.685		37.8593		438.602		0.0214109		309.823		
00:00:30:649		6.83354e+06		100.685		37.8664		425.811		0.0212313		309.823		
00:00:30:550		6.83354e+06		100.685		37.8664		425.811		0.0212313		309.823		
00:00:30:449		6.83353e+06		100.678		37.8743		414.167		0.0210518		309.823		
00:00:30:350		6.83353e+06		100.678		37.8743		414.167		0.0210518		309.823		
00:00:30:100		6.83353e+06		100.672		37.8832		401.729		0.0208723		309.824		
00:00:30:000		6.83352e+06		100.665		37.8832		401.729		0.0208723		309.824		
00:00:30:000		6.83352e+06		100.665		37.8832		401.729		0.0208723		309.824		
00:00:30:000		6.83352e+06		100.665		37.8832		401.729		0.0208723		309.824		
00:00:29:899		6.83352e+06		100.665		37.893		388.514		0.0206927		309.824		
00:00:29:800		6.83352e+06		100.665		37.893		388.514		0.0206927		309.824		
00:00:29:699		6.83352e+06		100.659		37.9038		375.487		0.0205132		309.824		
00:00:29:600		6.83351e+06		100.659		37.9038		375.487		0.0205132		309.824		
00:00:29:500		6.83351e+06		100.652		37.9038		375.487		0.0205132		309.824		
00:00:29:399		6.83351e+06		100.652		37.9156		362.649		0.0203336		309.824		
00:00:29:300		6.83350e+06		100.652		37.9156		362.649		0.0203336		309.824		
00:00:29:100		6.8335e+06		100.646		37.9283		350.001		0.0201541		309.825		
00:00:29:000		6.8335e+06		100.639		37.9283		350.001		0.0201541		309.825		
00:00:28:899		6.83349e+06		100.639		37.942		337.546		0.0199745		309.825		
00:00:28:899		6.83349e+06		100.639		37.942		337.546		0.0199745		309.825		
00:00:28:800		6.83349e+06		100.639		37.942		337.546		0.0199745		309.825		
00:00:28:699		6.83349e+06		100.632		37.9568		326.155		0.0197949		309.825		
00:00:28:600		6.83349e+06		100.632		37.9568		326.155		0.0197949		309.825		
00:00:28:500		6.83348e+06		100.626		37.9568		326.155		0.0197949		309.825		
00:00:28:399		6.83348e+06		100.626		37.9726		314.956		0.0196154		309.825		
00:00:28:300		6.83348e+06		100.626		37.9726		314.956		0.0196154		309.826		
00:00:28:100		6.83347e+06		100.619		37.9895		303.082		0.0194358		309.826		
00:00:28:100		6.83347e+06		100.619		37.9895		303.082		0.0194358		309.826		
00:00:28:000		6.83347e+06		100.613		37.9895		303.082		0.0194358		309.826		
00:00:27:899		6.83346e+06		100.613		38.0074		292.224		0.0192562		309.826		
00:00:27:800		6.83346e+06		100.613		38.0074		292.224		0.0192562		309.826		
00:00:27:649		6.83346e+06		100.606		38.0265		281.546		0.0190766		309.826		
00:00:27:550		6.83346e+06		100.606		38.0265		281.546		0.0190766		309.826		
00:00:27:500		6.83345e+06		100.6		38.0265		281.546		0.0190766		309.826		
00:00:27:350		6.83345e+06		100.6		38.0467		272.628		0.018897		309.827		
00:00:27:250		6.83345e+06		100.594		38.0467		272.628		0.018897		309.827		
00:00:27:149		6.83345e+06		100.594		38.0682		265.465		0.0187174		309.827		
00:00:27:050		6.83344e+06		100.594		38.0682		265.465		0.0187174		309.827		
00:00:26:949		6.83344e+06		100.586		38.0917		258.398		0.0185378		309.827		
00:00:26:850		6.83344e+06		100.586		38.0917		258.398		0.0185378		309.827		
00:00:26:750		6.83343e+06		100.583		38.0917		258.398		0.0185378		309.827		
00:00:26:649		6.83343e+06		100.583		38.116		252.989		0.0183582		309.827		
00:00:26:550		6.83343e+06		100.583		38.116		252.989		0.0183582		309.827		
00:00:26:449		6.83342e+06		100.58		38.1398		248.431		0.0181786		309.827		
00:00:26:350		6.83342e+06		100.58		38.1398		248.431		0.0181786		309.828		
00:00:26:250		6.83342e+06		100.577		38.1398		248.431		0.0181786		309.828		
00:00:26:149		6.83342e+06		100.577		38.1631		243.206		0.0179989		309.828		
00:00:26:050		6.83341e+06		100.577		38.1631		243.206		0.0179989		309.828		
00:00:25:949		6.83341e+06		100.573		38.1859		237.324		0.0178193		309.828		
00:00:25:850		6.83341e+06		100.573		38.1859		237.324		0.0178193		309.828		
00:00:25:750		6.83340e+06		100.57		38.1859		237.324		0.0178193		309.828		
00:00:25:649		6.8334e+06		100.57		38.2082		231.539		0.0176397		309.829		
00:00:25:550		6.8334e+06		100.57		38.2082		231.539		0.0176397		309.829		
00:00:25:449		6.8334e+06		100.567		38.23		226.557		0.01746		309.829		
00:00:25:350		6.83339e+06		100.567		38.23		226.557		0.01746		309.829		
00:00:25:250		6.83339e+06		100.564		38.23		226.557		0.01746		309.829		
00:00:25:149		6.83339e+06		100.564		38.2512		220.976		0.0172804		309.829		
00:00:25:050		6.83338e+06		100.564		38.2512		220.976		0.0172804		309.829		
00:00:24:949		6.83338e+06		100.56		38.2719		215.469		0.0171007		309.83		
00:00:24:800		6.83338e+06		100.56		38.2719		215.469		0.0171007		309.83		
00:00:24:699		6.83337e+06		100.557		38.2919		210.08		0.016921		309.83		
00:00:24:600		6.83337e+06		100.557		38.2919		210.08		0.016921		309.83		
00:00:24:500		6.83336e+06		100.553		38.2919		210.08		0.016921		309.83		
00:00:24:500		6.83336e+06		100.553		38.2919		210.08		0.016921		309.83		
00:00:24:300		6.83336e+06		100.553		38.3114		203.446		0.0167414		309.83		
00:00:24:300		6.83336e+06		100.553		38.3114		203.446		0.0167414		309.83		
00:00:24:100		6.83335e+06		100.55		38.3303		197.577		0.0165617		309.831		
00:00:24:000		6.83335e+06		100.547		38.3303		197.577		0.0165617		309.831		
00:00:24:000		6.83335e+06		100.547		38.3303		197.577		0.0165617		309.831		
00:00:23:899		6.83334e+06		100.547		38.3485		191.825		0.016382		309.831		
00:00:23:800		6.83334e+06		100.547		38.3485		191.825		0.016382		309.831		
00:00:23:699		6.83334e+06		100.543		38.3661		186.789		0.0162023		309.831		
00:00:23:600		6.83333e+06		100.543		38.3661		186.789		0.0162023		309.831		
00:00:23:500		6.83333e+06		100.54		38.3661		186.789		0.0162023		309.832		
00:00:23:399		6.83333e+06		100.54		38.383		181.868		0.0160226		309.832		
00:00:23:100		6.83331e+06		100.536		38.3992		176.417		0.0158429		309.832		
00:00:23:100		6.83331e+06		100.536		38.3992		176.417		0.0158429		309.832		
00:00:23:000		6.83331e+06		100.533		38.3992		176.417		0.0158429		309.832		
00:00:23:000		6.83331e+06		100.533		38.3992		176.417		0.0158429		309.832		
00:00:22:899		6.83331e+06		100.533		38.4147		171.668		0.0156632		309.832		
00:00:22:800		6.8333e+06		100.533		38.4147		171.668		0.0156632		309.832		
00:00:22:600		6.83329e+06		100.529		38.4295		167.008		0.0154835		309.833		
00:00:22:600		6.83329e+06		100.529		38.4295		167.008		0.0154835		309.833		
00:00:22:500		6.83329e+06		100.525		38.4295		167.008		0.0154835		309.833		
00:00:22:399		6.83329e+06		100.525		38.4434		163.006		0.0153037		309.833		
00:00:22:300		6.83328e+06		100.525		38.4434		163.006		0.0153037		309.833		
00:00:22:100		6.83327e+06		100.522		38.4566		158.537		0.015124		309.833		
00:00:21:949		6.83327e+06		100.518		38.469		153.593		0.0149443		309.834		
00:00:21:949		6.83327e+06		100.518		38.469		153.593		0.0149443		309.834		
00:00:21:850		6.83326e+06		100.518		38.469		153.593		0.0149443		309.834		
00:00:21:750		6.83326e+06		100.514		38.469		153.593		0.0149443		309.834		
00:00:21:649		6.83326e+06		100.514		38.4805		149.292		0.0147645		309.834		
00:00:21:600		6.83325e+06		100.514		38.4805		149.292		0.0147645		309.834		
00:00:21:449		6.83324e+06		100.511		38.4912		145.601		0.0145848		309.834		
00:00:21:350		6.83324e+06		100.511		38.4912		145.601		0.0145848		309.834		
00:00:21:250		6.83323e+06		100.507		38.4912		145.601		0.0145848		309.834		
00:00:21:149		6.83323e+06		100.507		38.5009		140.975		0.014405		309.834		
00:00:21:050		6.83323e+06		100.507		38.5009		140.975		0.014405		309.835		
00:00:20:949		6.83322e+06		100.503		38.5097		135.916		0.0142252		309.835		
00:00:20:850		6.83321e+06		100.503		38.5097		135.916		0.0142252		309.835		
00:00:20:750		6.83321e+06		100.499		38.5097		135.916		0.0142252		309.835		
00:00:20:649		6.8332e+06		100.499		38.5176		131.474		0.0140455		309.835		
00:00:20:550		6.8332e+06		100.499		38.5176		131.474		0.0140455		309.835		
00:00:20:449		6.83319e+06		100.495		38.5244		127.119		0.0138657		309.835		
00:00:20:350		6.83319e+06		100.495		38.5244		127.119		0.0138657		309.835		
00:00:20:250		6.83318e+06		100.492		38.5244		127.119		0.0138657		309.836		
00:00:20:149		6.83318e+06		100.492		38.5302		123.336		0.0136859		309.836		
00:00:20:050		6.83317e+06		100.492		38.5302		123.336		0.0136859		309.836		
00:00:19:949		6.83317e+06		100.488		38.5349		119.637		0.0135061		309.836		
00:00:19:850		6.83316e+06		100.488		38.5349		119.637		0.0135061		309.836		
00:00:19:750		6.83316e+06		100.484		38.5349		119.637		0.0135061		309.836		
00:00:19:649		6.83315e+06		100.484		38.5384		115.575		0.0133263		309.836		
00:00:19:550		6.83314e+06		100.484		38.5384		115.575		0.0133263		309.836		
00:00:19:449		6.83314e+06		100.48		38.5408		111.16		0.0131465		309.836		
00:00:19:350		6.83313e+06		100.48		38.5408		111.16		0.0131465		309.837		
00:00:19:250		6.83312e+06		100.476		38.5408		111.16		0.0131465		309.837		
00:00:19:149		6.83312e+06		100.476		38.542		106.847		0.0129667		309.837		
00:00:19:050		6.83311e+06		100.476		38.542		106.847		0.0129667		309.837		
00:00:18:949		6.83311e+06		100.472		38.5419		102.637		0.0127868		309.837		
00:00:18:850		6.8331e+06		100.472		38.5419		102.637		0.0127868		309.837		
00:00:18:750		6.83309e+06		100.468		38.5406		99.3404		0.012607		309.837		
00:00:18:649		6.83309e+06		100.468		38.5406		99.3404		0.012607		309.837		
00:00:18:500		6.83308e+06		100.464		38.5406		99.3404		0.012607		309.838		
00:00:18:399		6.83308e+06		100.464		38.5406		99.3404		0.012607		309.838		
00:00:18:399		6.83307e+06		100.464		38.5378		96.5397		0.0124272		309.838		
00:00:18:100		6.83305e+06		100.459		38.5337		93.413		0.0122473		309.838		
00:00:18:100		6.83305e+06		100.459		38.5337		93.413		0.0122473		309.838		
00:00:18:000		6.83305e+06		100.455		38.5337		93.413		0.0122473		309.838		
00:00:18:000		6.83305e+06		100.455		38.5337		93.413		0.0122473		309.838		
00:00:17:899		6.83304e+06		100.455		38.528		90.3654		0.0120675		309.838		
00:00:17:800		6.83303e+06		100.455		38.528		90.3654		0.0120675		309.838		
00:00:17:699		6.83302e+06		100.451		38.5209		87.3963		0.0118876		309.838		
00:00:17:600		6.83302e+06		100.451		38.5209		87.3963		0.0118876		309.839		
00:00:17:500		6.83301e+06		100.447		38.5209		87.3963		0.0118876		309.839		
00:00:17:399		6.833e+06		100.447		38.5121		84.5042		0.0117078		309.839		
00:00:17:300		6.833e+06		100.447		38.5121		84.5042		0.0117078		309.839		
00:00:17:199		6.83299e+06		100.442		38.5017		80.9935		0.0115279		309.839		
00:00:17:000		6.83297e+06		100.438		38.5017		80.9935		0.0115279		309.839		
00:00:17:000		6.83297e+06		100.438		38.5017		80.9935		0.0115279		309.839		
00:00:16:899		6.83297e+06		100.438		38.4895		77.8979		0.011348		309.839		
00:00:16:800		6.83296e+06		100.438		38.4895		77.8979		0.011348		309.839		
00:00:16:699		6.83295e+06		100.434		38.4755		75.572		0.0111681		309.839		
00:00:16:500		6.83294e+06		100.429		38.4755		75.572		0.0111681		309.84		
00:00:16:500		6.83294e+06		100.429		38.4755		75.572		0.0111681		309.84		
00:00:16:350		6.83292e+06		100.429		38.4597		72.6634		0.0109882		309.84		
00:00:16:250		6.83292e+06		100.425		38.4597		72.6634		0.0109882		309.84		
00:00:16:100		6.83290e+06		100.425		38.4418		69.8291		0.0108084		309.84		
00:00:16:000		6.83289e+06		100.42		38.4418		69.8291		0.0108084		309.84		
00:00:16:000		6.83289e+06		100.42		38.4418		69.8291		0.0108084		309.84		
00:00:15:900		6.83289e+06		100.42		38.4219		67.3874		0.0106284		309.84		
00:00:15:800		6.83288e+06		100.42		38.4219		67.3874		0.0106284		309.84		
00:00:15:699		6.83287e+06		100.416		38.3999		64.726		0.0104485		309.841		
00:00:15:599		6.83286e+06		100.416		38.3999		64.726		0.0104485		309.841		
00:00:15:500		6.83285e+06		100.411		38.3999		64.726		0.0104485		309.841		
00:00:15:400		6.83285e+06		100.411		38.3756		62.1367		0.0102686		309.841		
00:00:15:300		6.83283e+06		100.407		38.3756		62.1367		0.0102686		309.841		
00:00:15:150		6.83282e+06		100.407		38.349		59.6359		0.0100887		309.841		
00:00:15:050		6.83282e+06		100.407		38.349		59.6359		0.0100887		309.841		
00:00:15:000		6.83281e+06		100.402		38.349		59.6359		0.0100887		309.841		
00:00:14:849		6.8328e+06		100.402		38.3199		56.9399		0.00990876		309.841		
00:00:14:750		6.83279e+06		100.397		38.3199		56.9399		0.00990876		309.841		
00:00:14:650		6.83278e+06		100.397		38.2883		54.3307		0.00972883		309.842		
00:00:14:550		6.83277e+06		100.397		38.2883		54.3307		0.00972883		309.842		
00:00:14:449		6.83276e+06		100.392		38.254		51.8067		0.00954888		309.842		
00:00:14:349		6.83275e+06		100.392		38.254		51.8067		0.00954888		309.842		
00:00:14:250		6.83274e+06		100.388		38.254		51.8067		0.00954888		309.842		
00:00:14:150		6.83274e+06		100.388		38.2169		49.1271		0.00936893		309.842		
00:00:14:050		6.83273e+06		100.388		38.2169		49.1271		0.00936893		309.842		
00:00:13:949		6.83272e+06		100.383		38.1768		46.2995		0.00918897		309.842		
00:00:13:849		6.83271e+06		100.383		38.1768		46.2995		0.00918897		309.842		
00:00:13:699		6.8327e+06		100.378		38.1337		43.571		0.009009		309.842		
00:00:13:599		6.83269e+06		100.378		38.1337		43.571		0.009009		309.842		
00:00:13:550		6.83268e+06		100.378		38.1337		43.571		0.009009		309.842		
00:00:13:449		6.83267e+06		100.373		38.0875		41.1557		0.00882903		309.842		
00:00:13:349		6.83266e+06		100.373		38.0875		41.1557		0.00882903		309.843		
00:00:13:250		6.83266e+06		100.368		38.0875		41.1557		0.00882903		309.843		
00:00:13:150		6.83264e+06		100.368		38.0393		38.8369		0.00864905		309.843		
00:00:13:050		6.83263e+06		100.368		38.0393		38.8369		0.00864905		309.843		
00:00:12:949		6.83262e+06		100.363		37.9901		36.5975		0.00846906		309.843		
00:00:12:849		6.83261e+06		100.363		37.9901		36.5975		0.00846906		309.843		
00:00:12:750		6.8326e+06		100.357		37.9901		36.5975		0.00846906		309.843		
00:00:12:650		6.83259e+06		100.357		37.9399		34.835		0.00828907		309.843		
00:00:12:500		6.83258e+06		100.352		37.9399		34.835		0.00828907		309.843		
00:00:12:400		6.83257e+06		100.352		37.889		33.1493		0.00810907		309.843		
00:00:12:400		6.83257e+06		100.352		37.889		33.1493		0.00810907		309.843		
00:00:12:300		6.83256e+06		100.352		37.889		33.1493		0.00810907		309.843		
00:00:12:099		6.83254e+06		100.347		37.8374		31.1717		0.00792906		309.843		
00:00:12:000		6.83253e+06		100.342		37.8374		31.1717		0.00792906		309.843		
00:00:12:000		6.83253e+06		100.342		37.8374		31.1717		0.00792906		309.843		
00:00:11:900		6.83252e+06		100.342		37.7851		29.269		0.00774904		309.843		
00:00:11:800		6.83251e+06		100.342		37.7851		29.269		0.00774904		309.844		
00:00:11:699		6.8325e+06		100.336		37.7321		27.6163		0.00756902		309.844		
00:00:11:599		6.83249e+06		100.336		37.7321		27.6163		0.00756902		309.844		
00:00:11:500		6.83248e+06		100.331		37.7321		27.6163		0.00756902		309.844		
00:00:11:300		6.83247e+06		100.331		37.6783		25.7269		0.00738899		309.844		
00:00:11:300		6.83246e+06		100.331		37.6783		25.7269		0.00738899		309.844		
00:00:11:000		6.83242e+06		100.32		37.6238		23.7613		0.00720895		309.844		
00:00:11:000		6.83242e+06		100.32		37.6238		23.7613		0.00720895		309.844		
00:00:11:000		6.83242e+06		100.32		37.6238		23.7613		0.00720895		309.844		
00:00:10:900		6.83241e+06		100.32		37.5686		22.1747		0.0070289		309.844		
00:00:10:800		6.8324e+06		100.32		37.5686		22.1747		0.0070289		309.844		
00:00:10:650		6.83238e+06		100.314		37.5126		20.8044		0.00684885		309.844		
00:00:10:550		6.83237e+06		100.314		37.5126		20.8044		0.00684885		309.844		
00:00:10:449		6.83236e+06		100.308		37.4559		19.3748		0.00666879		309.844		
00:00:10:349		6.83235e+06		100.308		37.4559		19.3748		0.00666879		309.844		
00:00:10:250		6.83234e+06		100.303		37.4559		19.3748		0.00666879		309.844		
00:00:10:150		6.83233e+06		100.303		37.3987		17.8913		0.00648872		309.844		
00:00:10:050		6.83232e+06		100.303		37.3987		17.8913		0.00648872		309.844		
00:00:09:949		6.8323e+06		100.297		37.3412		16.5997		0.00630864		309.844		
00:00:09:849		6.83229e+06		100.297		37.3412		16.5997		0.00630864		309.844		
00:00:09:750		6.83228e+06		100.291		37.3412		16.5997		0.00630864		309.844		
00:00:09:650		6.83227e+06		100.291		37.2835		15.3844		0.00612856		309.844		
00:00:09:550		6.83226e+06		100.291		37.2835		15.3844		0.00612856		309.844		
00:00:09:449		6.83224e+06		100.285		37.2255		14.2314		0.00594846		309.844		
00:00:09:349		6.83223e+06		100.285		37.2255		14.2314		0.00594846		309.844		
00:00:09:250		6.83222e+06		100.279		37.2255		14.2314		0.00594846		309.844		
00:00:09:150		6.8322e+06		100.279		37.1672		13.056		0.00576836		309.844		
00:00:09:050		6.83219e+06		100.279		37.1672		13.056		0.00576836		309.845		
00:00:08:949		6.83218e+06		100.273		37.1088		11.8506		0.00558825		309.845		
00:00:08:849		6.83217e+06		100.273		37.1088		11.8506		0.00558825		309.845		
00:00:08:750		6.83215e+06		100.267		37.1088		11.8506		0.00558825		309.845		
00:00:08:650		6.83214e+06		100.267		37.0501		10.8106		0.00540814		309.845		
00:00:08:500		6.83212e+06		100.26		37.0501		10.8106		0.00540814		309.845		
00:00:08:400		6.8321e+06		100.26		36.9912		9.83883		0.00522801		309.845		
00:00:08:300		6.83209e+06		100.26		36.9912		9.83883		0.00522801		309.845		
00:00:08:300		6.83209e+06		100.26		36.9912		9.83883		0.00522801		309.845		
00:00:08:099		6.83206e+06		100.254		36.9328		8.86071		0.00504788		309.845		
00:00:08:000		6.83205e+06		100.248		36.9328		8.86071		0.00504788		309.845		
00:00:08:000		6.83205e+06		100.248		36.9328		8.86071		0.00504788		309.845		
00:00:07:900		6.83203e+06		100.248		36.8748		7.94728		0.00486774		309.845		
00:00:07:700		6.832e+06		100.241		36.8174		7.10715		0.00468759		309.845		
00:00:07:700		6.832e+06		100.241		36.8174		7.10715		0.00468759		309.845		
00:00:07:599		6.83199e+06		100.241		36.8174		7.10715		0.00468759		309.845		
00:00:07:500		6.83197e+06		100.234		36.8174		7.10715		0.00468759		309.845		
00:00:07:400		6.83196e+06		100.234		36.7606		6.21348		0.00450743		309.845		
00:00:07:299		6.83194e+06		100.234		36.7606		6.21348		0.00450743		309.846		
00:00:07:200		6.83193e+06		100.228		36.7044		5.38878		0.00432726		309.846		
00:00:07:000		6.8319e+06		100.221		36.7044		5.38878		0.00432726		309.846		
00:00:07:000		6.8319e+06		100.221		36.7044		5.38878		0.00432726		309.846		
00:00:06:900		6.83188e+06		100.221		36.649		4.68808		0.00414708		309.846		
00:00:06:799		6.83187e+06		100.221		36.649		4.68808		0.00414708		309.846		
00:00:06:700		6.83185e+06		100.214		36.5947		4.05186		0.0039669		309.846		
00:00:06:599		6.83183e+06		100.214		36.5947		4.05186		0.0039669		309.846		
00:00:06:500		6.83182e+06		100.207		36.5947		4.05186		0.0039669		309.846		
00:00:06:400		6.8318e+06		100.207		36.5421		3.43891		0.0037867		309.847		
00:00:06:299		6.83179e+06		100.207		36.5421		3.43891		0.0037867		309.847		
00:00:06:200		6.83177e+06		100.2		36.4912		2.85098		0.0036065		309.847		
00:00:06:000		6.83174e+06		100.192		36.4912		2.85098		0.0036065		309.847		
00:00:06:000		6.83174e+06		100.192		36.4912		2.85098		0.0036065		309.847		
00:00:05:900		6.83172e+06		100.192		36.4422		2.32848		0.00342628		309.847		
00:00:05:799		6.8317e+06		100.192		36.4422		2.32848		0.00342628		309.848		
00:00:05:700		6.83169e+06		100.185		36.3952		1.86857		0.00324606		309.848		
00:00:05:599		6.83167e+06		100.185		36.3952		1.86857		0.00324606		309.848		
00:00:05:500		6.83165e+06		100.177		36.3952		1.86857		0.00324606		309.848		
00:00:05:400		6.83164e+06		100.177		36.3504		1.46818		0.00306582		309.848		
00:00:05:299		6.83162e+06		100.177		36.3504		1.46818		0.00306582		309.849		
00:00:05:200		6.8316e+06		100.169		36.3087		1.14403		0.00288558		309.849		
00:00:05:000		6.83157e+06		100.162		36.3087		1.14403		0.00288558		309.849		
00:00:05:000		6.83157e+06		100.162		36.3087		1.14403		0.00288558		309.849		
00:00:04:849		6.83154e+06		100.162		36.2705		0.889753		0.00270532		309.85		
00:00:04:750		6.83153e+06		100.153		36.2705		0.889753		0.00270532		309.85		
00:00:04:650		6.83151e+06		100.153		36.2358		0.652123		0.00252505		309.85		
00:00:04:549		6.8315e+06		100.153		36.2358		0.652123		0.00252505		309.851		
00:00:04:450		6.83148e+06		100.145		36.2049		0.444418		0.00234478		309.851		
00:00:04:349		6.83147e+06		100.145		36.2049		0.444418		0.00234478		309.851		
00:00:04:250		6.83145e+06		100.137		36.2049		0.444418		0.00234478		309.851		
00:00:04:150		6.83144e+06		100.137		36.1786		0.28491		0.00216449		309.851		
00:00:04:049		6.83142e+06		100.137		36.1786		0.28491		0.00216449		309.852		
00:00:03:950		6.83141e+06		100.128		36.1576		0.16439		0.00198419		309.852		
00:00:03:850		6.83139e+06		100.128		36.1576		0.16439		0.00198419		309.852		
00:00:03:750		6.83138e+06		100.119		36.1576		0.16439		0.00198419		309.852		
00:00:03:649		6.83137e+06		100.119		36.1424		0.0830783		0.00180387		309.853		
00:00:03:549		6.83136e+06		100.119		36.1424		0.0830783		0.00180387		309.853		
00:00:03:450		6.83135e+06		100.11		36.1331		0.0300616		0.00162355		309.853		
00:00:03:350		6.83133e+06		100.11		36.1331		0.0300616		0.00162355		309.854		
00:00:03:250		6.83132e+06		100.1		36.1331		0.0300616		0.00162355		309.854		
00:00:03:149		6.83131e+06		100.1		36.1311		0.00571826		0.00144321		309.854		
00:00:03:049		6.8313e+06		100.1		36.1311		0.00571826		0.00144321		309.854		
00:00:02:950		6.83129e+06		100.091		36.137		0		0.00126286		309.854		
00:00:02:799		6.83128e+06		100.091		36.137		0		0.00126286		309.853		
00:00:02:700		6.83127e+06		100.081		36.1514		0		0.0010825		309.853		
00:00:02:649		6.83127e+06		100.081		36.1514		0		0.0010825		309.852		
00:00:02:549		6.83126e+06		100.081		36.1514		0		0.0010825		309.852		
00:00:02:450		6.83126e+06		100.071		36.1751		0		0.000902123		309.852		
00:00:02:350		6.83125e+06		100.071		36.1751		0		0.000902123		309.852		
00:00:02:200		6.83124e+06		100.061		36.2094		0		0.000721718		309.853		
00:00:02:100		6.83123e+06		100.061		36.2094		0		0.000721718		309.853		
00:00:02:049		6.83123e+06		100.061		36.2094		0		0.000721718		309.853		
00:00:01:899		6.83122e+06		100.049		36.2606		0		0.000541294		309.853		
00:00:01:899		6.83122e+06		100.049		36.2606		0		0.000541294		309.853		
00:00:01:800		6.83122e+06		100.049		36.2606		0		0.000541294		309.852		
00:00:01:699		6.83122e+06		100.054		36.3206		0		0.00036087		309.851		
00:00:01:600		6.83121e+06		100.054		36.3206		0		0.00036087		309.849		
00:00:01:500		6.83121e+06		100.06		36.3206		0		0.00036087		309.846		
00:00:01:399		6.8312e+06		100.06		36.3617		0		0.000180451		309.844		
00:00:01:300		6.8312e+06		100.06		36.3617		0		0.000180451		309.842		
00:00:01:199		6.8312e+06		100.065		36.3825		0		0		309.841		
00:00:01:000		6.83119e+06		100.069		36.3825		0		0		309.841		
00:00:01:000		6.83119e+06		100.069		36.3825		0		0		309.841		
00:00:00:900		6.83119e+06		100.069		36.3828		0		0		309.843		
00:00:00:800		6.83118e+06		100.069		36.3828		0		0		309.846		
00:00:00:699		6.83118e+06		100.069		36.3831		0		0		309.846		
00:00:00:599		6.83117e+06		100.069		36.3831		0		0		309.846		
00:00:00:400		6.83117e+06		100.069		36.3834		0		0		309.846		
00:00:00:400		6.83117e+06		100.069		36.3834		0		0		309.846		
00:00:00:299		6.83116e+06		100.069		36.3834		0		0		309.846		
00:00:00:200		6.83116e+06		100.069		36.3837		0		0		309.846		
00:00:00:000		6.83115e+06		100.069		36.3837		0		0		309.846		
00:00:00:000		6.83115e+06		100.069		36.3837		0		0		309.846		
00:00:00:000		6.83115e+06		100.069		36.3837		0		0		309.846		
00:00:00:000		6.83115e+06		100.069		36.3837		0		0		309.846		
00:00:00:000		6.83115e+06		100.069		36.3837		0		0		309.846		
