	time 		gpv001pnt10113ppntm	evf507ety101mpzoyout	chtcon(1)	chavg(1)	chlhsumpa	rcptavgn	
00:01:01:799		6.83412e+06		100.805		37.9128		741.31		0.0244236		309.817		
00:01:01:649		6.83411e+06		100.801		37.9081		731.623		0.0243233		309.817		
00:01:01:450		6.8341e+06		100.797		37.9038		720.781		0.024223		309.817		
00:01:01:450		6.8341e+06		100.797		37.9038		720.781		0.024223		309.817		
00:01:01:250		6.83409e+06		100.794		37.9038		720.781		0.024223		309.817		
00:01:01:250		6.83409e+06		100.794		37.9038		720.781		0.024223		309.817		
00:01:01:149		6.83409e+06		100.794		37.8997		709.993		0.0241227		309.817		
00:01:01:049		6.83408e+06		100.794		37.8997		709.993		0.0241227		309.817		
00:01:00:950		6.83408e+06		100.79		37.896		700.459		0.0240224		309.817		
00:01:00:850		6.83408e+06		100.79		37.896		700.459		0.0240224		309.817		
00:01:00:750		6.83407e+06		100.786		37.896		700.459		0.0240224		309.817		
00:01:00:649		6.83407e+06		100.786		37.8926		692.16		0.023922		309.817		
00:01:00:549		6.83406e+06		100.786		37.8926		692.16		0.023922		309.817		
00:01:00:450		6.83406e+06		100.783		37.8895		683.909		0.0238217		309.817		
00:01:00:250		6.83405e+06		100.779		37.8895		683.909		0.0238217		309.817		
00:01:00:250		6.83405e+06		100.779		37.8895		683.909		0.0238217		309.817		
00:01:00:149		6.83404e+06		100.779		37.8867		674.525		0.0237214		309.817		
00:01:00:049		6.83404e+06		100.779		37.8867		674.525		0.0237214		309.817		
00:01:00:000		6.83404e+06		100.775		37.8867		674.525		0.0237214		309.817		
00:00:59:899		6.83403e+06		100.775		37.8843		665.192		0.0236211		309.817		
00:00:59:799		6.83403e+06		100.775		37.8843		665.192		0.0236211		309.817		
00:00:59:700		6.83403e+06		100.772		37.8822		655.912		0.0235208		309.817		
00:00:59:600		6.83402e+06		100.772		37.8822		655.912		0.0235208		309.817		
00:00:59:399		6.83401e+06		100.768		37.8805		646.683		0.0234205		309.817		
00:00:59:299		6.83401e+06		100.768		37.8805		646.683		0.0234205		309.817		
00:00:59:299		6.83401e+06		100.768		37.8805		646.683		0.0234205		309.817		
00:00:59:200		6.834e+06		100.764		37.8791		637.506		0.0233201		309.817		
00:00:59:049		6.834e+06		100.764		37.8791		637.506		0.0233201		309.817		
00:00:58:950		6.83399e+06		100.761		37.8781		627.242		0.0232198		309.817		
00:00:58:850		6.83398e+06		100.761		37.8781		627.242		0.0232198		309.817		
00:00:58:750		6.83398e+06		100.757		37.8781		627.242		0.0232198		309.817		
00:00:58:649		6.83398e+06		100.757		37.8774		617.031		0.0231195		309.817		
00:00:58:549		6.83397e+06		100.757		37.8774		617.031		0.0231195		309.817		
00:00:58:450		6.83397e+06		100.753		37.8771		609.138		0.0230192		309.817		
00:00:58:350		6.83396e+06		100.753		37.8771		609.138		0.0230192		309.817		
00:00:58:250		6.83396e+06		100.75		37.8771		609.138		0.0230192		309.817		
00:00:58:250		6.83396e+06		100.75		37.8771		609.138		0.0230192		309.817		
00:00:58:149		6.83395e+06		100.75		37.8773		601.295		0.0229189		309.817		
00:00:57:950		6.83394e+06		100.746		37.8778		591.267		0.0228186		309.818		
00:00:57:850		6.83394e+06		100.746		37.8778		591.267		0.0228186		309.818		
00:00:57:750		6.83393e+06		100.743		37.8778		591.267		0.0228186		309.818		
00:00:57:750		6.83393e+06		100.743		37.8778		591.267		0.0228186		309.818		
00:00:57:649		6.83393e+06		100.743		37.8787		581.293		0.0227182		309.818		
00:00:57:549		6.83392e+06		100.743		37.8787		581.293		0.0227182		309.818		
00:00:57:350		6.83391e+06		100.739		37.8801		571.384		0.0226179		309.818		
00:00:57:350		6.83391e+06		100.739		37.8801		571.384		0.0226179		309.818		
00:00:57:149		6.8339e+06		100.735		37.8818		561.53		0.0225176		309.818		
00:00:57:149		6.8339e+06		100.735		37.8818		561.53		0.0225176		309.818		
00:00:57:049		6.8339e+06		100.735		37.8818		561.53		0.0225176		309.818		
00:00:56:950		6.83389e+06		100.732		37.884		552.826		0.0224173		309.818		
00:00:56:850		6.83389e+06		100.732		37.884		552.826		0.0224173		309.818		
00:00:56:649		6.83388e+06		100.728		37.8867		544.176		0.022317		309.818		
00:00:56:649		6.83388e+06		100.728		37.8867		544.176		0.022317		309.818		
00:00:56:549		6.83387e+06		100.728		37.8867		544.176		0.022317		309.818		
00:00:56:299		6.83386e+06		100.724		37.8898		534.507		0.0222166		309.818		
00:00:56:299		6.83386e+06		100.724		37.8898		534.507		0.0222166		309.818		
00:00:56:100		6.83385e+06		100.721		37.8934		524.894		0.0221163		309.818		
00:00:56:100		6.83385e+06		100.721		37.8934		524.894		0.0221163		309.818		
00:00:56:000		6.83384e+06		100.717		37.8934		524.894		0.0221163		309.818		
00:00:55:899		6.83384e+06		100.717		37.8975		516.407		0.022016		309.818		
00:00:55:799		6.83384e+06		100.717		37.8975		516.407		0.022016		309.818		
00:00:55:700		6.83383e+06		100.714		37.902		507.974		0.0219157		309.818		
00:00:55:600		6.83382e+06		100.714		37.902		507.974		0.0219157		309.818		
00:00:55:399		6.83381e+06		100.71		37.9071		498.55		0.0218153		309.818		
00:00:55:299		6.83381e+06		100.71		37.9071		498.55		0.0218153		309.818		
00:00:55:299		6.83381e+06		100.71		37.9071		498.55		0.0218153		309.818		
00:00:55:200		6.8338e+06		100.706		37.9127		489.183		0.021715		309.818		
00:00:55:100		6.8338e+06		100.706		37.9127		489.183		0.021715		309.818		
00:00:55:000		6.83379e+06		100.703		37.9127		489.183		0.021715		309.818		
00:00:54:899		6.83379e+06		100.703		37.9188		480.915		0.0216147		309.818		
00:00:54:799		6.83378e+06		100.703		37.9188		480.915		0.0216147		309.818		
00:00:54:700		6.83378e+06		100.699		37.9255		473.726		0.0215144		309.818		
00:00:54:600		6.83377e+06		100.699		37.9255		473.726		0.0215144		309.818		
00:00:54:500		6.83376e+06		100.696		37.9255		473.726		0.0215144		309.818		
00:00:54:299		6.83376e+06		100.696		37.9327		466.59		0.021414		309.818		
00:00:54:299		6.83376e+06		100.696		37.9327		466.59		0.021414		309.818		
00:00:54:200		6.83375e+06		100.692		37.9406		459.496		0.0213137		309.819		
00:00:54:100		6.83374e+06		100.692		37.9406		459.496		0.0213137		309.819		
00:00:54:000		6.83374e+06		100.689		37.9406		459.496		0.0213137		309.819		
00:00:53:899		6.83373e+06		100.689		37.949		451.448		0.0212134		309.819		
00:00:53:799		6.83373e+06		100.689		37.949		451.448		0.0212134		309.819		
00:00:53:700		6.83372e+06		100.685		37.958		443.442		0.021113		309.819		
00:00:53:549		6.83371e+06		100.685		37.958		443.442		0.021113		309.819		
00:00:53:399		6.83371e+06		100.681		37.9678		437.48		0.0210127		309.819		
00:00:53:250		6.8337e+06		100.678		37.9678		437.48		0.0210127		309.819		
00:00:53:250		6.8337e+06		100.678		37.9678		437.48		0.0210127		309.819		
00:00:53:149		6.8337e+06		100.678		37.9784		432.543		0.0209124		309.819		
00:00:53:049		6.83369e+06		100.678		37.9784		432.543		0.0209124		309.819		
00:00:52:950		6.83368e+06		100.674		37.9902		428.619		0.020812		309.819		
00:00:52:850		6.83368e+06		100.674		37.9902		428.619		0.020812		309.819		
00:00:52:750		6.83367e+06		100.672		37.9902		428.619		0.020812		309.819		
00:00:52:649		6.83367e+06		100.672		38.0027		423.746		0.0207117		309.819		
00:00:52:549		6.83367e+06		100.672		38.0027		423.746		0.0207117		309.819		
00:00:52:549		6.83366e+06		100.672		38.0027		423.746		0.0207117		309.819		
00:00:52:350		6.83365e+06		100.67		38.0152		417.934		0.0206114		309.819		
00:00:52:250		6.83365e+06		100.668		38.0152		417.934		0.0206114		309.819		
00:00:52:149		6.83365e+06		100.668		38.0277		413.121		0.020511		309.819		
00:00:52:049		6.83364e+06		100.668		38.0277		413.121		0.020511		309.819		
00:00:51:950		6.83364e+06		100.666		38.0402		408.345		0.0204107		309.819		
00:00:51:950		6.83364e+06		100.666		38.0402		408.345		0.0204107		309.819		
00:00:51:850		6.83363e+06		100.666		38.0402		408.345		0.0204107		309.819		
00:00:51:649		6.83362e+06		100.664		38.0526		403.596		0.0203103		309.819		
00:00:51:649		6.83362e+06		100.664		38.0526		403.596		0.0203103		309.819		
00:00:51:450		6.83361e+06		100.662		38.065		398.885		0.02021		309.819		
00:00:51:350		6.83361e+06		100.662		38.065		398.885		0.02021		309.819		
00:00:51:350		6.83361e+06		100.662		38.065		398.885		0.02021		309.819		
00:00:51:250		6.8336e+06		100.659		38.065		398.885		0.02021		309.819		
00:00:51:100		6.83359e+06		100.659		38.0773		393.268		0.0201097		309.82		
00:00:51:000		6.83359e+06		100.657		38.0773		393.268		0.0201097		309.82		
00:00:50:899		6.83358e+06		100.657		38.0896		387.69		0.0200093		309.82		
00:00:50:850		6.83358e+06		100.657		38.0896		387.69		0.0200093		309.82		
00:00:50:750		6.83358e+06		100.655		38.1019		383.073		0.019909		309.82		
00:00:50:600		6.83357e+06		100.655		38.1019		383.073		0.019909		309.82		
00:00:50:500		6.83357e+06		100.653		38.1019		383.073		0.019909		309.82		
00:00:50:299		6.83356e+06		100.653		38.1142		379.409		0.0198086		309.82		
00:00:50:299		6.83356e+06		100.653		38.1142		379.409		0.0198086		309.82		
00:00:50:200		6.83356e+06		100.651		38.1264		374.864		0.0197083		309.82		
00:00:50:100		6.83355e+06		100.651		38.1264		374.864		0.0197083		309.82		
00:00:50:000		6.83355e+06		100.649		38.1264		374.864		0.0197083		309.82		
00:00:49:899		6.83354e+06		100.649		38.1385		370.347		0.0196079		309.82		
00:00:49:799		6.83354e+06		100.649		38.1385		370.347		0.0196079		309.82		
00:00:49:700		6.83354e+06		100.647		38.1507		366.764		0.0195076		309.82		
00:00:49:600		6.83353e+06		100.647		38.1507		366.764		0.0195076		309.82		
00:00:49:500		6.83353e+06		100.645		38.1507		366.764		0.0195076		309.82		
00:00:49:299		6.83352e+06		100.645		38.1628		362.321		0.0194072		309.82		
00:00:49:299		6.83352e+06		100.645		38.1628		362.321		0.0194072		309.82		
00:00:49:200		6.83352e+06		100.643		38.1748		357.025		0.0193069		309.82		
00:00:49:100		6.83351e+06		100.643		38.1748		357.025		0.0193069		309.82		
00:00:49:000		6.83351e+06		100.641		38.1748		357.025		0.0193069		309.82		
00:00:48:899		6.8335e+06		100.641		38.1868		351.768		0.0192065		309.82		
00:00:48:799		6.8335e+06		100.641		38.1868		351.768		0.0192065		309.821		
00:00:48:700		6.83349e+06		100.638		38.1987		347.422		0.0191062		309.821		
00:00:48:600		6.8335e+06		100.638		38.1987		347.422		0.0191062		309.821		
00:00:48:500		6.83349e+06		100.636		38.1987		347.422		0.0191062		309.821		
00:00:48:299		6.83348e+06		100.636		38.2107		343.115		0.0190058		309.821		
00:00:48:299		6.83348e+06		100.636		38.2107		343.115		0.0190058		309.821		
00:00:48:200		6.83348e+06		100.634		38.2225		338.839		0.0189054		309.821		
00:00:48:100		6.83347e+06		100.634		38.2225		338.839		0.0189054		309.821		
00:00:48:000		6.83347e+06		100.632		38.2225		338.839		0.0189054		309.821		
00:00:47:899		6.83346e+06		100.632		38.2343		334.603		0.0188051		309.821		
00:00:47:799		6.83346e+06		100.632		38.2343		334.603		0.0188051		309.821		
00:00:47:700		6.83346e+06		100.63		38.2461		329.557		0.0187047		309.821		
00:00:47:549		6.83345e+06		100.63		38.2461		329.557		0.0187047		309.822		
00:00:47:350		6.83344e+06		100.628		38.2578		324.554		0.0186043		309.822		
00:00:47:299		6.83344e+06		100.628		38.2578		324.554		0.0186043		309.822		
00:00:47:299		6.83344e+06		100.628		38.2578		324.554		0.0186043		309.822		
00:00:47:200		6.83344e+06		100.626		38.2694		320.419		0.018504		309.822		
00:00:47:100		6.83343e+06		100.626		38.2694		320.419		0.018504		309.822		
00:00:46:950		6.83343e+06		100.623		38.281		315.51		0.0184036		309.822		
00:00:46:850		6.83342e+06		100.623		38.281		315.51		0.0184036		309.822		
00:00:46:750		6.83342e+06		100.621		38.281		315.51		0.0184036		309.822		
00:00:46:649		6.83342e+06		100.621		38.2926		309.012		0.0183032		309.822		
00:00:46:549		6.83341e+06		100.621		38.2926		309.012		0.0183032		309.822		
00:00:46:350		6.83341e+06		100.619		38.304		304.177		0.0182028		309.823		
00:00:46:250		6.8334e+06		100.617		38.304		304.177		0.0182028		309.823		
00:00:46:250		6.8334e+06		100.617		38.304		304.177		0.0182028		309.823		
00:00:46:149		6.8334e+06		100.617		38.3154		300.192		0.0181025		309.823		
00:00:46:049		6.83339e+06		100.617		38.3154		300.192		0.0181025		309.823		
00:00:45:950		6.83339e+06		100.615		38.3268		295.447		0.0180021		309.823		
00:00:45:950		6.83339e+06		100.615		38.3268		295.447		0.0180021		309.823		
00:00:45:850		6.83339e+06		100.615		38.3268		295.447		0.0180021		309.823		
00:00:45:649		6.83338e+06		100.613		38.3381		291.527		0.0179017		309.823		
00:00:45:549		6.83338e+06		100.613		38.3381		291.527		0.0179017		309.823		
00:00:45:549		6.83338e+06		100.613		38.3381		291.527		0.0179017		309.823		
00:00:45:250		6.83337e+06		100.608		38.3493		288.421		0.0178013		309.823		
00:00:45:250		6.83337e+06		100.608		38.3493		288.421		0.0178013		309.823		
00:00:45:250		6.83337e+06		100.608		38.3493		288.421		0.0178013		309.823		
00:00:45:149		6.83336e+06		100.608		38.3605		284.578		0.0177009		309.824		
00:00:44:950		6.83336e+06		100.606		38.3715		280.004		0.0176005		309.824		
00:00:44:850		6.83335e+06		100.606		38.3715		280.004		0.0176005		309.824		
00:00:44:750		6.83335e+06		100.604		38.3715		280.004		0.0176005		309.824		
00:00:44:649		6.83335e+06		100.604		38.3825		275.473		0.0175001		309.824		
00:00:44:649		6.83335e+06		100.604		38.3825		275.473		0.0175001		309.824		
00:00:44:549		6.83334e+06		100.604		38.3825		275.473		0.0175001		309.824		
00:00:44:250		6.83333e+06		100.599		38.3935		270.984		0.0173998		309.824		
00:00:44:250		6.83333e+06		100.599		38.3935		270.984		0.0173998		309.824		
00:00:44:250		6.83333e+06		100.599		38.3935		270.984		0.0173998		309.824		
00:00:44:149		6.83333e+06		100.599		38.4043		267.276		0.0172994		309.824		
00:00:44:049		6.83332e+06		100.599		38.4043		267.276		0.0172994		309.824		
00:00:43:950		6.83332e+06		100.597		38.4151		263.608		0.017199		309.825		
00:00:43:850		6.83332e+06		100.597		38.4151		263.608		0.017199		309.825		
00:00:43:750		6.83331e+06		100.595		38.4151		263.608		0.017199		309.825		
00:00:43:649		6.83331e+06		100.595		38.4258		260.695		0.0170986		309.825		
00:00:43:450		6.8333e+06		100.593		38.4364		257.821		0.0169982		309.825		
00:00:43:450		6.8333e+06		100.593		38.4364		257.821		0.0169982		309.825		
00:00:43:299		6.8333e+06		100.593		38.4364		257.821		0.0169982		309.825		
00:00:43:100		6.83329e+06		100.59		38.4469		254.252		0.0168978		309.825		
00:00:43:100		6.83329e+06		100.59		38.4469		254.252		0.0168978		309.825		
00:00:43:000		6.83329e+06		100.588		38.4469		254.252		0.0168978		309.825		
00:00:42:899		6.83329e+06		100.588		38.4573		251.426		0.0167974		309.825		
00:00:42:799		6.83328e+06		100.588		38.4573		251.426		0.0167974		309.826		
00:00:42:700		6.83328e+06		100.586		38.4677		248.628		0.0166969		309.826		
00:00:42:600		6.83328e+06		100.586		38.4677		248.628		0.0166969		309.826		
00:00:42:500		6.83328e+06		100.584		38.4677		248.628		0.0166969		309.826		
00:00:42:399		6.83327e+06		100.584		38.4779		245.167		0.0165965		309.826		
00:00:42:299		6.83327e+06		100.584		38.4779		245.167		0.0165965		309.826		
00:00:42:200		6.83326e+06		100.581		38.4881		241.05		0.0164961		309.826		
00:00:42:100		6.83326e+06		100.581		38.4881		241.05		0.0164961		309.826		
00:00:42:000		6.83326e+06		100.579		38.4881		241.05		0.0164961		309.826		
00:00:41:899		6.83325e+06		100.579		38.4981		237.651		0.0163957		309.826		
00:00:41:799		6.83325e+06		100.579		38.4981		237.651		0.0163957		309.826		
00:00:41:700		6.83325e+06		100.577		38.5081		234.963		0.0162953		309.826		
00:00:41:600		6.83324e+06		100.577		38.5081		234.963		0.0162953		309.827		
00:00:41:500		6.83324e+06		100.574		38.5081		234.963		0.0162953		309.827		
00:00:41:299		6.83324e+06		100.574		38.518		232.301		0.0161949		309.827		
00:00:41:299		6.83324e+06		100.574		38.518		232.301		0.0161949		309.827		
00:00:41:200		6.83323e+06		100.572		38.5277		229.666		0.0160945		309.827		
00:00:41:100		6.83323e+06		100.572		38.5277		229.666		0.0160945		309.827		
00:00:41:000		6.83323e+06		100.57		38.5277		229.666		0.0160945		309.827		
00:00:40:899		6.83322e+06		100.57		38.5374		226.409		0.015994		309.827		
00:00:40:799		6.83322e+06		100.57		38.5374		226.409		0.015994		309.827		
00:00:40:700		6.83322e+06		100.568		38.547		221.892		0.0158936		309.827		
00:00:40:600		6.83321e+06		100.568		38.547		221.892		0.0158936		309.827		
00:00:40:500		6.83321e+06		100.565		38.547		221.892		0.0158936		309.827		
00:00:40:299		6.83320e+06		100.565		38.5564		217.416		0.0157932		309.828		
00:00:40:299		6.83320e+06		100.565		38.5564		217.416		0.0157932		309.828		
00:00:40:200		6.8332e+06		100.563		38.5657		213.622		0.0156928		309.828		
00:00:40:100		6.8332e+06		100.563		38.5657		213.622		0.0156928		309.828		
00:00:40:000		6.8332e+06		100.561		38.5657		213.622		0.0156928		309.828		
00:00:39:899		6.83319e+06		100.561		38.5749		209.868		0.0155923		309.828		
00:00:39:799		6.83319e+06		100.561		38.5749		209.868		0.0155923		309.828		
00:00:39:700		6.83319e+06		100.558		38.584		205.537		0.0154919		309.828		
00:00:39:600		6.83318e+06		100.558		38.584		205.537		0.0154919		309.828		
00:00:39:500		6.83318e+06		100.556		38.584		205.537		0.0154919		309.828		
00:00:39:350		6.83318e+06		100.556		38.593		201.246		0.0153915		309.828		
00:00:39:299		6.83318e+06		100.556		38.593		201.246		0.0153915		309.828		
00:00:39:200		6.83317e+06		100.554		38.6018		197.611		0.015291		309.829		
00:00:39:049		6.83317e+06		100.554		38.6018		197.611		0.015291		309.829		
00:00:38:950		6.83316e+06		100.551		38.6105		194.612		0.0151906		309.829		
00:00:38:850		6.83316e+06		100.551		38.6105		194.612		0.0151906		309.829		
00:00:38:750		6.83316e+06		100.549		38.6105		194.612		0.0151906		309.829		
00:00:38:649		6.83316e+06		100.549		38.6191		191.652		0.0150902		309.829		
00:00:38:549		6.83316e+06		100.549		38.6191		191.652		0.0150902		309.829		
00:00:38:450		6.83315e+06		100.546		38.6275		188.718		0.0149897		309.829		
00:00:38:350		6.83315e+06		100.546		38.6275		188.718		0.0149897		309.829		
00:00:38:250		6.83314e+06		100.544		38.6275		188.718		0.0149897		309.829		
00:00:38:149		6.83314e+06		100.544		38.6357		185.822		0.0148893		309.829		
00:00:38:049		6.83314e+06		100.544		38.6357		185.822		0.0148893		309.83		
00:00:37:950		6.83314e+06		100.542		38.6439		182.952		0.0147888		309.83		
00:00:37:850		6.83313e+06		100.542		38.6439		182.952		0.0147888		309.83		
00:00:37:850		6.83313e+06		100.542		38.6439		182.952		0.0147888		309.83		
00:00:37:750		6.83313e+06		100.539		38.6439		182.952		0.0147888		309.83		
00:00:37:649		6.83313e+06		100.539		38.6518		180.686		0.0146884		309.83		
00:00:37:549		6.83313e+06		100.539		38.6518		180.686		0.0146884		309.83		
00:00:37:250		6.83312e+06		100.535		38.6596		178.445		0.0145879		309.83		
00:00:37:250		6.83312e+06		100.535		38.6596		178.445		0.0145879		309.83		
00:00:37:250		6.83312e+06		100.535		38.6596		178.445		0.0145879		309.83		
00:00:37:149		6.83312e+06		100.535		38.6673		176.228		0.0144875		309.83		
00:00:37:049		6.83311e+06		100.535		38.6673		176.228		0.0144875		309.83		
00:00:36:950		6.8331e+06		100.532		38.6747		174.036		0.014387		309.83		
00:00:36:750		6.8331e+06		100.53		38.6747		174.036		0.014387		309.831		
00:00:36:750		6.8331e+06		100.53		38.6747		174.036		0.014387		309.831		
00:00:36:649		6.8331e+06		100.53		38.682		170.791		0.0142866		309.831		
00:00:36:549		6.8331e+06		100.53		38.682		170.791		0.0142866		309.831		
00:00:36:450		6.8331e+06		100.527		38.6892		167.039		0.0141861		309.831		
00:00:36:299		6.83309e+06		100.527		38.6892		167.039		0.0141861		309.831		
00:00:36:200		6.83309e+06		100.525		38.6961		163.863		0.0140856		309.831		
00:00:36:100		6.83309e+06		100.525		38.6961		163.863		0.0140856		309.831		
00:00:35:899		6.83308e+06		100.522		38.7028		160.725		0.0139852		309.831		
00:00:35:899		6.83308e+06		100.522		38.7028		160.725		0.0139852		309.831		
00:00:35:799		6.83308e+06		100.522		38.7028		160.725		0.0139852		309.831		
00:00:35:750		6.83308e+06		100.52		38.7028		160.725		0.0139852		309.831		
00:00:35:649		6.83308e+06		100.52		38.7093		157.624		0.0138847		309.832		
00:00:35:549		6.83307e+06		100.52		38.7093		157.624		0.0138847		309.832		
00:00:35:299		6.83307e+06		100.517		38.7156		155.068		0.0137842		309.832		
00:00:35:299		6.83307e+06		100.517		38.7156		155.068		0.0137842		309.832		
00:00:35:200		6.83306e+06		100.515		38.7217		152.549		0.0136838		309.832		
00:00:35:100		6.83306e+06		100.515		38.7217		152.549		0.0136838		309.832		
00:00:35:000		6.83306e+06		100.513		38.7217		152.549		0.0136838		309.832		
00:00:34:899		6.83306e+06		100.513		38.7276		149.559		0.0135833		309.832		
00:00:34:799		6.83305e+06		100.513		38.7276		149.559		0.0135833		309.832		
00:00:34:700		6.83305e+06		100.51		38.7332		147.096		0.0134828		309.832		
00:00:34:600		6.83305e+06		100.51		38.7332		147.096		0.0134828		309.832		
00:00:34:500		6.83305e+06		100.508		38.7332		147.096		0.0134828		309.832		
00:00:34:399		6.83304e+06		100.508		38.7387		144.668		0.0133824		309.833		
00:00:34:299		6.83304e+06		100.508		38.7387		144.668		0.0133824		309.833		
00:00:34:200		6.83304e+06		100.505		38.7438		141.311		0.0132819		309.833		
00:00:34:100		6.83304e+06		100.505		38.7438		141.311		0.0132819		309.833		
00:00:34:000		6.83303e+06		100.503		38.7438		141.311		0.0132819		309.833		
00:00:33:899		6.83303e+06		100.503		38.7487		138.461		0.0131814		309.833		
00:00:33:799		6.83303e+06		100.503		38.7487		138.461		0.0131814		309.833		
00:00:33:700		6.83303e+06		100.5		38.7533		136.59		0.0130809		309.833		
00:00:33:549		6.83302e+06		100.5		38.7533		136.59		0.0130809		309.833		
00:00:33:450		6.83302e+06		100.497		38.7576		134.742		0.0129804		309.833		
00:00:33:350		6.83302e+06		100.497		38.7576		134.742		0.0129804		309.833		
00:00:33:250		6.83302e+06		100.495		38.7576		134.742		0.0129804		309.834		
00:00:33:149		6.83301e+06		100.495		38.7617		132.012		0.0128799		309.834		
00:00:33:049		6.83301e+06		100.495		38.7617		132.012		0.0128799		309.834		
00:00:32:950		6.83301e+06		100.492		38.7654		129.306		0.0127795		309.834		
00:00:32:850		6.833e+06		100.492		38.7654		129.306		0.0127795		309.834		
00:00:32:750		6.833e+06		100.49		38.7654		129.306		0.0127795		309.834		
00:00:32:649		6.833e+06		100.49		38.7688		127.088		0.012679		309.834		
00:00:32:549		6.833e+06		100.49		38.7688		127.088		0.012679		309.834		
00:00:32:350		6.83299e+06		100.487		38.7719		124.458		0.0125785		309.834		
00:00:32:250		6.83299e+06		100.485		38.7719		124.458		0.0125785		309.834		
00:00:32:250		6.83299e+06		100.485		38.7719		124.458		0.0125785		309.834		
00:00:32:250		6.83299e+06		100.485		38.7719		124.458		0.0125785		309.834		
00:00:32:049		6.83299e+06		100.485		38.7747		121.433		0.012478		309.834		
00:00:31:949		6.83298e+06		100.482		38.777		118.443		0.0123775		309.835		
00:00:31:850		6.83298e+06		100.482		38.777		118.443		0.0123775		309.835		
00:00:31:750		6.83298e+06		100.48		38.777		118.443		0.0123775		309.835		
00:00:31:649		6.83297e+06		100.48		38.779		115.498		0.012277		309.835		
00:00:31:550		6.83297e+06		100.48		38.779		115.498		0.012277		309.835		
00:00:31:350		6.83297e+06		100.477		38.7807		112.589		0.0121765		309.835		
00:00:31:350		6.83297e+06		100.477		38.7807		112.589		0.0121765		309.835		
00:00:31:250		6.83297e+06		100.474		38.7807		112.589		0.0121765		309.835		
00:00:31:149		6.83296e+06		100.474		38.7819		110.133		0.012076		309.835		
00:00:31:149		6.83296e+06		100.474		38.7819		110.133		0.012076		309.835		
00:00:31:050		6.83296e+06		100.474		38.7819		110.133		0.012076		309.835		
00:00:30:949		6.83296e+06		100.472		38.7826		107.71		0.0119755		309.835		
00:00:30:850		6.83296e+06		100.472		38.7826		107.71		0.0119755		309.835		
00:00:30:699		6.83295e+06		100.469		38.783		104.925		0.011875		309.836		
00:00:30:600		6.83295e+06		100.469		38.783		104.925		0.011875		309.836		
00:00:30:500		6.83295e+06		100.466		38.783		104.925		0.011875		309.836		
00:00:30:399		6.83295e+06		100.466		38.7828		102.566		0.0117745		309.836		
00:00:30:300		6.83294e+06		100.466		38.7828		102.566		0.0117745		309.836		
00:00:30:100		6.83294e+06		100.464		38.7822		101.02		0.011674		309.836		
00:00:30:100		6.83294e+06		100.464		38.7822		101.02		0.011674		309.836		
00:00:30:000		6.83294e+06		100.461		38.7822		101.02		0.011674		309.836		
00:00:29:899		6.83293e+06		100.461		38.7811		99.4959		0.0115735		309.836		
00:00:29:800		6.83293e+06		100.461		38.7811		99.4959		0.0115735		309.836		
00:00:29:699		6.83293e+06		100.459		38.7794		98.3674		0.0114729		309.836		
00:00:29:600		6.83293e+06		100.459		38.7794		98.3674		0.0114729		309.836		
00:00:29:550		6.83293e+06		100.459		38.7794		98.3674		0.0114729		309.836		
00:00:29:399		6.83292e+06		100.456		38.7772		96.8927		0.0113724		309.837		
00:00:29:300		6.83292e+06		100.456		38.7772		96.8927		0.0113724		309.837		
00:00:29:199		6.83292e+06		100.453		38.7744		94.7052		0.0112719		309.837		
00:00:29:100		6.83291e+06		100.453		38.7744		94.7052		0.0112719		309.837		
00:00:29:000		6.83291e+06		100.45		38.7744		94.7052		0.0112719		309.837		
00:00:28:899		6.83291e+06		100.45		38.771		92.9071		0.0111714		309.837		
00:00:28:800		6.83291e+06		100.45		38.771		92.9071		0.0111714		309.837		
00:00:28:699		6.8329e+06		100.448		38.767		91.1414		0.0110709		309.837		
00:00:28:600		6.8329e+06		100.448		38.767		91.1414		0.0110709		309.837		
00:00:28:500		6.8329e+06		100.445		38.767		91.1414		0.0110709		309.837		
00:00:28:399		6.8329e+06		100.445		38.7623		89.0521		0.0109703		309.837		
00:00:28:300		6.83289e+06		100.445		38.7623		89.0521		0.0109703		309.837		
00:00:28:199		6.83289e+06		100.442		38.7569		86.9952		0.0108698		309.837		
00:00:28:100		6.83289e+06		100.442		38.7569		86.9952		0.0108698		309.838		
00:00:28:000		6.83289e+06		100.44		38.7508		84.9706		0.0107693		309.838		
00:00:27:850		6.83288e+06		100.44		38.7508		84.9706		0.0107693		309.838		
00:00:27:800		6.83288e+06		100.44		38.7508		84.9706		0.0107693		309.838		
00:00:27:649		6.83288e+06		100.437		38.744		82.9779		0.0106688		309.838		
00:00:27:550		6.83288e+06		100.437		38.744		82.9779		0.0106688		309.838		
00:00:27:449		6.83287e+06		100.434		38.7363		81.0172		0.0105682		309.838		
00:00:27:350		6.83287e+06		100.434		38.7363		81.0172		0.0105682		309.838		
00:00:27:250		6.83287e+06		100.431		38.7363		81.0172		0.0105682		309.838		
00:00:27:149		6.83286e+06		100.431		38.7278		79.0881		0.0104677		309.838		
00:00:27:100		6.83286e+06		100.431		38.7278		79.0881		0.0104677		309.838		
00:00:27:000		6.83286e+06		100.429		38.7278		79.0881		0.0104677		309.838		
00:00:26:850		6.83286e+06		100.429		38.7184		77.1905		0.0103672		309.838		
00:00:26:750		6.83285e+06		100.426		38.7184		77.1905		0.0103672		309.839		
00:00:26:649		6.83285e+06		100.426		38.7081		75.3243		0.0102666		309.839		
00:00:26:550		6.83285e+06		100.426		38.7081		75.3243		0.0102666		309.839		
00:00:26:449		6.83285e+06		100.423		38.6968		73.1853		0.0101661		309.839		
00:00:26:350		6.83285e+06		100.423		38.6968		73.1853		0.0101661		309.839		
00:00:26:250		6.83284e+06		100.42		38.6968		73.1853		0.0101661		309.839		
00:00:26:149		6.83284e+06		100.42		38.6845		71.0775		0.0100655		309.839		
00:00:26:050		6.83284e+06		100.42		38.6845		71.0775		0.0100655		309.839		
00:00:25:949		6.83283e+06		100.417		38.6711		69.0104		0.00996499		309.839		
00:00:25:850		6.83283e+06		100.417		38.6711		69.0104		0.00996499		309.839		
00:00:25:850		6.83283e+06		100.417		38.6711		69.0104		0.00996499		309.839		
00:00:25:750		6.83283e+06		100.414		38.6711		69.0104		0.00996499		309.839		
00:00:25:649		6.83283e+06		100.414		38.6566		66.9738		0.00986444		309.839		
00:00:25:550		6.83282e+06		100.414		38.6566		66.9738		0.00986444		309.839		
00:00:25:350		6.83282e+06		100.411		38.641		65.2604		0.00976389		309.839		
00:00:25:250		6.83282e+06		100.409		38.641		65.2604		0.00976389		309.84		
00:00:25:250		6.83282e+06		100.409		38.641		65.2604		0.00976389		309.84		
00:00:25:100		6.83281e+06		100.409		38.6241		63.2992		0.00966334		309.84		
00:00:25:050		6.83281e+06		100.409		38.6241		63.2992		0.00966334		309.84		
00:00:24:899		6.83281e+06		100.406		38.6059		61.0953		0.00956279		309.84		
00:00:24:800		6.8328e+06		100.406		38.6059		61.0953		0.00956279		309.84		
00:00:24:699		6.8328e+06		100.403		38.5863		59.1992		0.00946224		309.84		
00:00:24:600		6.8328e+06		100.403		38.5863		59.1992		0.00946224		309.84		
00:00:24:500		6.8328e+06		100.4		38.5863		59.1992		0.00946224		309.84		
00:00:24:300		6.83279e+06		100.4		38.5653		57.6054		0.00936168		309.84		
00:00:24:199		6.83279e+06		100.397		38.5428		56.0411		0.00926112		309.84		
00:00:24:199		6.83279e+06		100.397		38.5428		56.0411		0.00926112		309.84		
00:00:24:100		6.83278e+06		100.397		38.5428		56.0411		0.00926112		309.84		
00:00:24:000		6.83278e+06		100.394		38.5428		56.0411		0.00926112		309.84		
00:00:23:899		6.83278e+06		100.394		38.5187		54.506		0.00916056		309.84		
00:00:23:800		6.83278e+06		100.394		38.5187		54.506		0.00916056		309.84		
00:00:23:699		6.83277e+06		100.391		38.4931		52.751		0.00906		309.841		
00:00:23:600		6.83277e+06		100.391		38.4931		52.751		0.00906		309.841		
00:00:23:500		6.83277e+06		100.388		38.4931		52.751		0.00906		309.841		
00:00:23:399		6.83276e+06		100.388		38.467		51.025		0.00895943		309.841		
00:00:23:300		6.83276e+06		100.388		38.467		51.025		0.00895943		309.841		
00:00:23:199		6.83276e+06		100.385		38.4404		49.8158		0.00885887		309.841		
00:00:23:100		6.83275e+06		100.385		38.4404		49.8158		0.00885887		309.841		
00:00:23:000		6.83275e+06		100.382		38.4404		49.8158		0.00885887		309.841		
00:00:22:899		6.83275e+06		100.382		38.4134		48.6348		0.0087583		309.841		
00:00:22:800		6.83274e+06		100.382		38.4134		48.6348		0.0087583		309.841		
00:00:22:699		6.83274e+06		100.379		38.3858		47.4728		0.00865773		309.841		
00:00:22:600		6.83274e+06		100.379		38.3858		47.4728		0.00865773		309.841		
00:00:22:500		6.83273e+06		100.376		38.3858		47.4728		0.00865773		309.841		
00:00:22:399		6.83273e+06		100.376		38.3579		46.3387		0.00855716		309.841		
00:00:22:300		6.83273e+06		100.376		38.3579		46.3387		0.00855716		309.841		
00:00:22:149		6.83272e+06		100.373		38.3297		44.7819		0.00845658		309.841		
00:00:22:050		6.83271e+06		100.373		38.3297		44.7819		0.00845658		309.841		
00:00:22:000		6.83272e+06		100.37		38.3297		44.7819		0.00845658		309.842		
00:00:21:899		6.83271e+06		100.37		38.3011		43.253		0.00835601		309.842		
00:00:21:800		6.83271e+06		100.37		38.3011		43.253		0.00835601		309.842		
00:00:21:699		6.83271e+06		100.367		38.2722		41.9719		0.00825543		309.842		
00:00:21:600		6.8327e+06		100.367		38.2722		41.9719		0.00825543		309.842		
00:00:21:500		6.8327e+06		100.364		38.2722		41.9719		0.00825543		309.842		
00:00:21:399		6.83269e+06		100.364		38.2429		40.511		0.00815485		309.842		
00:00:21:250		6.83269e+06		100.361		38.2429		40.511		0.00815485		309.842		
00:00:21:149		6.83269e+06		100.361		38.2133		39.0769		0.00805426		309.842		
00:00:21:050		6.83268e+06		100.361		38.2133		39.0769		0.00805426		309.842		
00:00:20:949		6.83268e+06		100.357		38.1833		37.8761		0.00795368		309.842		
00:00:20:850		6.83267e+06		100.357		38.1833		37.8761		0.00795368		309.842		
00:00:20:750		6.83267e+06		100.354		38.1833		37.8761		0.00795368		309.842		
00:00:20:649		6.83267e+06		100.354		38.1529		36.5082		0.00785309		309.842		
00:00:20:550		6.83266e+06		100.354		38.1529		36.5082		0.00785309		309.842		
00:00:20:449		6.83266e+06		100.351		38.1221		35.1668		0.0077525		309.842		
00:00:20:350		6.83265e+06		100.351		38.1221		35.1668		0.0077525		309.842		
00:00:20:250		6.83265e+06		100.348		38.1221		35.1668		0.0077525		309.842		
00:00:20:250		6.83265e+06		100.348		38.1221		35.1668		0.0077525		309.842		
00:00:20:149		6.83265e+06		100.348		38.0909		34.2299		0.00765191		309.843		
00:00:20:050		6.83264e+06		100.348		38.0909		34.2299		0.00765191		309.843		
00:00:19:949		6.83264e+06		100.345		38.0593		33.1382		0.00755132		309.843		
00:00:19:850		6.83263e+06		100.345		38.0593		33.1382		0.00755132		309.843		
00:00:19:750		6.83263e+06		100.342		38.0593		33.1382		0.00755132		309.843		
00:00:19:649		6.83262e+06		100.342		38.0272		31.8875		0.00745072		309.843		
00:00:19:550		6.83262e+06		100.342		38.0272		31.8875		0.00745072		309.843		
00:00:19:350		6.83261e+06		100.338		37.9946		30.6705		0.00735012		309.843		
00:00:19:199		6.8326e+06		100.335		37.9615		29.4789		0.00724953		309.843		
00:00:19:199		6.8326e+06		100.335		37.9615		29.4789		0.00724953		309.843		
00:00:19:100		6.8326e+06		100.335		37.9615		29.4789		0.00724953		309.843		
00:00:19:000		6.83259e+06		100.332		37.9615		29.4789		0.00724953		309.843		
00:00:18:899		6.83259e+06		100.332		37.9279		28.4843		0.00714892		309.843		
00:00:18:800		6.83259e+06		100.332		37.9279		28.4843		0.00714892		309.843		
00:00:18:699		6.83258e+06		100.329		37.8938		27.3548		0.00704832		309.843		
00:00:18:600		6.83257e+06		100.329		37.8938		27.3548		0.00704832		309.843		
00:00:18:500		6.83257e+06		100.325		37.8938		27.3548		0.00704832		309.843		
00:00:18:300		6.83256e+06		100.325		37.8592		26.2499		0.00694771		309.843		
00:00:18:199		6.83255e+06		100.322		37.8241		25.1773		0.00684711		309.844		
00:00:18:199		6.83255e+06		100.322		37.8241		25.1773		0.00684711		309.844		
00:00:18:100		6.83255e+06		100.322		37.8241		25.1773		0.00684711		309.844		
00:00:18:000		6.83254e+06		100.319		37.8241		25.1773		0.00684711		309.844		
00:00:17:899		6.83254e+06		100.319		37.7886		24.1288		0.0067465		309.844		
00:00:17:800		6.83253e+06		100.319		37.7886		24.1288		0.0067465		309.844		
00:00:17:699		6.83253e+06		100.315		37.7528		23.2557		0.00664588		309.844		
00:00:17:600		6.83253e+06		100.315		37.7528		23.2557		0.00664588		309.844		
00:00:17:500		6.83252e+06		100.312		37.7528		23.2557		0.00664588		309.844		
00:00:17:399		6.83251e+06		100.312		37.7167		22.2662		0.00654527		309.844		
00:00:17:300		6.83251e+06		100.312		37.7167		22.2662		0.00654527		309.844		
00:00:17:199		6.8325e+06		100.309		37.6802		21.3002		0.00644465		309.844		
00:00:17:100		6.8325e+06		100.309		37.6802		21.3002		0.00644465		309.844		
00:00:17:000		6.8325e+06		100.305		37.6802		21.3002		0.00644465		309.844		
00:00:16:899		6.83249e+06		100.305		37.6434		20.4971		0.00634403		309.844		
00:00:16:800		6.83248e+06		100.305		37.6434		20.4971		0.00634403		309.844		
00:00:16:699		6.83247e+06		100.302		37.6062		19.7167		0.00624341		309.844		
00:00:16:600		6.83247e+06		100.302		37.6062		19.7167		0.00624341		309.844		
00:00:16:449		6.83246e+06		100.298		37.5686		18.9587		0.00614279		309.844		
00:00:16:350		6.83245e+06		100.298		37.5686		18.9587		0.00614279		309.844		
00:00:16:250		6.83245e+06		100.295		37.5686		18.9587		0.00614279		309.844		
00:00:16:149		6.83244e+06		100.295		37.5306		18.2231		0.00604217		309.844		
00:00:16:050		6.83244e+06		100.295		37.5306		18.2231		0.00604217		309.845		
00:00:15:949		6.83243e+06		100.292		37.4922		17.5095		0.00594154		309.845		
00:00:15:849		6.83242e+06		100.292		37.4922		17.5095		0.00594154		309.845		
00:00:15:750		6.83242e+06		100.288		37.4922		17.5095		0.00594154		309.845		
00:00:15:750		6.83242e+06		100.288		37.4922		17.5095		0.00594154		309.845		
00:00:15:550		6.83241e+06		100.288		37.4533		16.8179		0.00584091		309.845		
00:00:15:449		6.8324e+06		100.285		37.414		16.0379		0.00574028		309.845		
00:00:15:449		6.8324e+06		100.285		37.414		16.0379		0.00574028		309.845		
00:00:15:250		6.83238e+06		100.281		37.414		16.0379		0.00574028		309.845		
00:00:15:250		6.83238e+06		100.281		37.414		16.0379		0.00574028		309.845		
00:00:15:099		6.83238e+06		100.281		37.3743		15.173		0.00563964		309.845		
00:00:14:949		6.83237e+06		100.277		37.3341		14.3362		0.00553901		309.845		
00:00:14:849		6.83236e+06		100.277		37.3341		14.3362		0.00553901		309.845		
00:00:14:750		6.83235e+06		100.274		37.3341		14.3362		0.00553901		309.845		
00:00:14:650		6.83235e+06		100.274		37.2934		13.6266		0.00543837		309.845		
00:00:14:550		6.83234e+06		100.274		37.2934		13.6266		0.00543837		309.845		
00:00:14:449		6.83233e+06		100.27		37.2525		13.0404		0.00533773		309.845		
00:00:14:349		6.83233e+06		100.27		37.2525		13.0404		0.00533773		309.845		
00:00:14:250		6.83232e+06		100.267		37.2525		13.0404		0.00533773		309.845		
00:00:14:250		6.83232e+06		100.267		37.2525		13.0404		0.00533773		309.845		
00:00:14:150		6.83231e+06		100.267		37.2114		12.3817		0.00523709		309.845		
00:00:14:050		6.83231e+06		100.267		37.2114		12.3817		0.00523709		309.845		
00:00:13:949		6.8323e+06		100.263		37.1702		11.6536		0.00513644		309.845		
00:00:13:849		6.83229e+06		100.263		37.1702		11.6536		0.00513644		309.845		
00:00:13:699		6.83228e+06		100.259		37.1288		11.038		0.00503579		309.845		
00:00:13:599		6.83228e+06		100.259		37.1288		11.038		0.00503579		309.845		
00:00:13:500		6.83227e+06		100.256		37.1288		11.038		0.00503579		309.846		
00:00:13:300		6.83226e+06		100.256		37.0872		10.5314		0.00493514		309.846		
00:00:13:199		6.83225e+06		100.252		37.0454		9.88435		0.00483449		309.846		
00:00:13:199		6.83225e+06		100.252		37.0454		9.88435		0.00483449		309.846		
00:00:13:099		6.83224e+06		100.252		37.0454		9.88435		0.00483449		309.846		
00:00:13:000		6.83224e+06		100.248		37.0454		9.88435		0.00483449		309.846		
00:00:12:900		6.83223e+06		100.248		37.0034		9.17966		0.00473384		309.846		
00:00:12:800		6.83222e+06		100.248		37.0034		9.17966		0.00473384		309.846		
00:00:12:699		6.83221e+06		100.244		36.9612		8.50599		0.00463318		309.846		
00:00:12:599		6.8322e+06		100.244		36.9612		8.50599		0.00463318		309.846		
00:00:12:500		6.8322e+06		100.241		36.9612		8.50599		0.00463318		309.846		
00:00:12:300		6.83218e+06		100.241		36.9189		7.92722		0.00453252		309.846		
00:00:12:199		6.83218e+06		100.237		36.8763		7.44606		0.00443186		309.846		
00:00:12:199		6.83218e+06		100.237		36.8763		7.44606		0.00443186		309.846		
00:00:12:099		6.83217e+06		100.237		36.8763		7.44606		0.00443186		309.846		
00:00:12:000		6.83216e+06		100.233		36.8763		7.44606		0.00443186		309.846		
00:00:11:900		6.83215e+06		100.233		36.8335		6.98271		0.0043312		309.846		
00:00:11:800		6.83214e+06		100.233		36.8335		6.98271		0.0043312		309.846		
00:00:11:699		6.83214e+06		100.229		36.7906		6.54266		0.00423053		309.846		
00:00:11:599		6.83213e+06		100.229		36.7906		6.54266		0.00423053		309.846		
00:00:11:500		6.83212e+06		100.225		36.7906		6.54266		0.00423053		309.846		
00:00:11:349		6.83211e+06		100.225		36.748		6.061		0.00412987		309.846		
00:00:11:300		6.8321e+06		100.225		36.748		6.061		0.00412987		309.846		
00:00:11:199		6.8321e+06		100.221		36.7056		5.65782		0.00402919		309.846		
00:00:11:099		6.83209e+06		100.221		36.7056		5.65782		0.00402919		309.846		
00:00:11:000		6.83208e+06		100.217		36.7056		5.65782		0.00402919		309.846		
00:00:10:900		6.83208e+06		100.217		36.6634		5.27675		0.00392852		309.846		
00:00:10:800		6.83207e+06		100.217		36.6634		5.27675		0.00392852		309.846		
00:00:10:650		6.83206e+06		100.213		36.6215		4.91197		0.00382785		309.846		
00:00:10:550		6.83205e+06		100.213		36.6215		4.91197		0.00382785		309.846		
00:00:10:449		6.83204e+06		100.209		36.5799		4.56846		0.00372717		309.846		
00:00:10:349		6.83203e+06		100.209		36.5799		4.56846		0.00372717		309.846		
00:00:10:250		6.83202e+06		100.205		36.5799		4.56846		0.00372717		309.846		
00:00:10:150		6.83201e+06		100.205		36.5386		4.24062		0.00362649		309.846		
00:00:10:050		6.832e+06		100.205		36.5386		4.24062		0.00362649		309.846		
00:00:09:949		6.832e+06		100.201		36.4977		3.93319		0.0035258		309.846		
00:00:09:849		6.83199e+06		100.201		36.4977		3.93319		0.0035258		309.846		
00:00:09:750		6.83198e+06		100.197		36.4977		3.93319		0.0035258		309.846		
00:00:09:650		6.83197e+06		100.197		36.4571		3.60041		0.00342512		309.846		
00:00:09:650		6.83197e+06		100.197		36.4571		3.60041		0.00342512		309.846		
00:00:09:550		6.83196e+06		100.197		36.4571		3.60041		0.00342512		309.846		
00:00:09:449		6.83195e+06		100.193		36.4169		3.24923		0.00332443		309.846		
00:00:09:250		6.83193e+06		100.189		36.4169		3.24923		0.00332443		309.846		
00:00:09:250		6.83193e+06		100.189		36.4169		3.24923		0.00332443		309.846		
00:00:09:150		6.83192e+06		100.189		36.3774		2.9172		0.00322374		309.846		
00:00:09:050		6.83192e+06		100.189		36.3774		2.9172		0.00322374		309.846		
00:00:08:949		6.83191e+06		100.184		36.3388		2.64177		0.00312305		309.846		
00:00:08:849		6.8319e+06		100.184		36.3388		2.64177		0.00312305		309.846		
00:00:08:750		6.83189e+06		100.18		36.3388		2.64177		0.00312305		309.846		
00:00:08:599		6.83187e+06		100.18		36.3013		2.38449		0.00302235		309.846		
00:00:08:550		6.83187e+06		100.18		36.3013		2.38449		0.00302235		309.846		
00:00:08:449		6.83186e+06		100.176		36.2648		2.14497		0.00292165		309.846		
00:00:08:199		6.83183e+06		100.171		36.2295		1.89599		0.00282095		309.846		
00:00:08:199		6.83183e+06		100.171		36.2295		1.89599		0.00282095		309.846		
00:00:08:099		6.83182e+06		100.171		36.2295		1.89599		0.00282095		309.846		
00:00:08:050		6.83182e+06		100.171		36.2295		1.89599		0.00282095		309.846		
00:00:07:900		6.8318e+06		100.167		36.1954		1.66382		0.00272025		309.847		
00:00:07:799		6.83179e+06		100.167		36.1954		1.66382		0.00272025		309.847		
00:00:07:700		6.83178e+06		100.162		36.1625		1.49732		0.00261954		309.847		
00:00:07:599		6.83177e+06		100.162		36.1625		1.49732		0.00261954		309.847		
00:00:07:400		6.83175e+06		100.158		36.131		1.34665		0.00251883		309.847		
00:00:07:400		6.83175e+06		100.158		36.131		1.34665		0.00251883		309.847		
00:00:07:200		6.83173e+06		100.153		36.1012		1.15101		0.00241812		309.847		
00:00:07:200		6.83173e+06		100.153		36.1012		1.15101		0.00241812		309.847		
00:00:07:099		6.83172e+06		100.153		36.1012		1.15101		0.00241812		309.847		
00:00:07:000		6.8317e+06		100.149		36.1012		1.15101		0.00241812		309.847		
00:00:06:900		6.83169e+06		100.149		36.0734		0.970166		0.0023174		309.847		
00:00:06:799		6.83168e+06		100.149		36.0734		0.970166		0.0023174		309.847		
00:00:06:700		6.83167e+06		100.144		36.048		0.8259		0.00221668		309.847		
00:00:06:599		6.83166e+06		100.144		36.048		0.8259		0.00221668		309.847		
00:00:06:500		6.83165e+06		100.139		36.048		0.8259		0.00221668		309.847		
00:00:06:299		6.83162e+06		100.139		36.0249		0.681733		0.00211596		309.847		
00:00:06:200		6.83161e+06		100.134		36.0043		0.554004		0.00201523		309.848		
00:00:06:200		6.83161e+06		100.134		36.0043		0.554004		0.00201523		309.848		
00:00:06:099		6.8316e+06		100.134		36.0043		0.554004		0.00201523		309.848		
00:00:06:000		6.83159e+06		100.129		36.0043		0.554004		0.00201523		309.848		
00:00:05:900		6.83158e+06		100.129		35.9863		0.431576		0.00191451		309.848		
00:00:05:799		6.83157e+06		100.129		35.9863		0.431576		0.00191451		309.848		
00:00:05:700		6.83156e+06		100.124		35.9712		0.324143		0.00181378		309.848		
00:00:05:599		6.83154e+06		100.124		35.9712		0.324143		0.00181378		309.848		
00:00:05:500		6.83153e+06		100.119		35.9712		0.324143		0.00181378		309.848		
00:00:05:299		6.83151e+06		100.119		35.9593		0.248947		0.00171304		309.848		
00:00:05:150		6.83149e+06		100.114		35.9513		0.187184		0.0016123		309.849		
00:00:05:150		6.83149e+06		100.114		35.9513		0.187184		0.0016123		309.849		
00:00:05:049		6.83148e+06		100.114		35.9513		0.187184		0.0016123		309.849		
00:00:04:950		6.83147e+06		100.109		35.9473		0.135523		0.00151156		309.849		
00:00:04:900		6.83146e+06		100.109		35.9473		0.135523		0.00151156		309.849		
00:00:04:799		6.83145e+06		100.109		35.9473		0.135523		0.00151156		309.849		
00:00:04:700		6.83144e+06		100.104		35.9477		0.0917281		0.00141082		309.849		
00:00:04:599		6.83143e+06		100.104		35.9477		0.0917281		0.00141082		309.849		
00:00:04:500		6.83142e+06		100.098		35.9477		0.0917281		0.00141082		309.85		
00:00:04:400		6.83141e+06		100.098		35.9525		0.0509046		0.00131007		309.85		
00:00:04:250		6.83139e+06		100.093		35.9525		0.0509046		0.00131007		309.85		
00:00:04:150		6.83139e+06		100.093		35.9621		0.0239782		0.00120932		309.85		
00:00:04:049		6.83138e+06		100.093		35.9621		0.0239782		0.00120932		309.85		
00:00:03:950		6.83137e+06		100.087		35.9772		0.00889215		0.00110856		309.85		
00:00:03:850		6.83136e+06		100.087		35.9772		0.00889215		0.00110856		309.85		
00:00:03:750		6.83135e+06		100.082		35.9772		0.00889215		0.00110856		309.851		
00:00:03:649		6.83134e+06		100.082		35.9986		0.00172947		0.0010078		309.851		
00:00:03:549		6.83133e+06		100.082		35.9986		0.00172947		0.0010078		309.851		
00:00:03:450		6.83132e+06		100.076		36.0265		0		0.000907041		309.851		
00:00:03:450		6.83132e+06		100.076		36.0265		0		0.000907041		309.851		
00:00:03:250		6.83131e+06		100.07		36.0265		0		0.000907041		309.851		
00:00:03:250		6.83131e+06		100.07		36.0265		0		0.000907041		309.851		
00:00:03:149		6.8313e+06		100.07		36.0611		0		0.000806276		309.851		
00:00:03:049		6.83129e+06		100.07		36.0611		0		0.000806276		309.851		
00:00:02:950		6.83129e+06		100.064		36.1027		0		0.000705508		309.85		
00:00:02:850		6.83128e+06		100.064		36.1027		0		0.000705508		309.85		
00:00:02:750		6.83127e+06		100.058		36.1027		0		0.000705508		309.85		
00:00:02:649		6.83127e+06		100.058		36.1526		0		0.000604735		309.85		
00:00:02:450		6.83126e+06		100.051		36.2147		0		0.000503954		309.85		
00:00:02:450		6.83126e+06		100.051		36.2147		0		0.000503954		309.85		
00:00:02:250		6.83124e+06		100.054		36.2147		0		0.000503954		309.851		
00:00:02:149		6.83124e+06		100.054		36.2687		0		0.000403164		309.851		
00:00:02:049		6.83123e+06		100.054		36.2687		0		0.000403164		309.851		
00:00:01:949		6.83123e+06		100.057		36.3132		0		0.000302374		309.85		
00:00:01:850		6.83123e+06		100.057		36.3132		0		0.000302374		309.85		
00:00:01:850		6.83123e+06		100.057		36.3132		0		0.000302374		309.849		
00:00:01:750		6.83122e+06		100.06		36.3132		0		0.000302374		309.848		
00:00:01:550		6.83121e+06		100.06		36.3475		0		0.000201586		309.845		
00:00:01:449		6.83121e+06		100.063		36.3708		0		0.000100795		309.844		
00:00:01:350		6.83120e+06		100.063		36.3708		0		0.000100795		309.843		
00:00:01:199		6.8312e+06		100.066		36.3825		0		0		309.843		
00:00:01:199		6.8312e+06		100.066		36.3825		0		0		309.843		
00:00:01:100		6.8312e+06		100.066		36.3825		0		0		309.844		
00:00:01:000		6.83119e+06		100.069		36.3825		0		0		309.845		
00:00:00:900		6.83119e+06		100.069		36.3828		0		0		309.846		
00:00:00:800		6.83118e+06		100.069		36.3828		0		0		309.846		
00:00:00:699		6.83118e+06		100.069		36.3831		0		0		309.846		
00:00:00:599		6.83118e+06		100.069		36.3831		0		0		309.846		
00:00:00:500		6.83117e+06		100.069		36.3831		0		0		309.846		
00:00:00:299		6.83116e+06		100.069		36.3834		0		0		309.846		
00:00:00:200		6.83116e+06		100.069		36.3837		0		0		309.846		
00:00:00:200		6.83116e+06		100.069		36.3837		0		0		309.846		
00:00:00:100		6.83116e+06		100.069		36.3837		0		0		309.846		
00:00:00:000		6.83115e+06		100.069		36.3837		0		0		309.846		
00:00:00:000		6.83115e+06		100.069		36.3837		0		0		309.846		
00:00:00:000		6.83115e+06		100.069		36.3837		0		0		309.846		
00:00:00:000		6.83115e+06		100.069		36.3837		0		0		309.846		
00:00:00:000		6.83115e+06		100.069		36.3837		0		0		309.846		
00:00:00:000		6.83115e+06		100.069		36.3837		0		0		309.846		
