	time 		rcpppzr	rcp054rcp007mnzoyout	rcv501std0102fvol	fwfrcp001gv	rcppmssga	msfsg(1)	
00:01:02:250		1.41626e+07		-1.94034		6.72554		532.964		6.96155e+06		528.455		
00:01:02:149		1.41648e+07		-1.9369		6.72353		532.97		6.96159e+06		528.456		
00:01:01:899		1.41701e+07		-1.9283		6.71847		532.988		6.96171e+06		528.469		
00:01:01:799		1.41722e+07		-1.92486		6.71642		532.995		6.96176e+06		528.474		
00:01:01:799		1.41722e+07		-1.92486		6.71642		532.995		6.96176e+06		528.474		
00:01:01:799		1.41722e+07		-1.92486		6.71642		532.995		6.96176e+06		528.474		
00:01:01:700		1.41743e+07		-1.92142		6.71438		533.003		6.9618e+06		528.476		
00:01:01:600		1.41764e+07		-1.91798		6.71232		533.008		6.96185e+06		528.489		
00:01:01:500		1.41785e+07		-1.91454		6.7103		533.014		6.9619e+06		528.485		
00:01:01:399		1.41807e+07		-1.9111		6.7082		533.021		6.96194e+06		528.479		
00:01:01:299		1.41828e+07		-1.90766		6.70612		533.027		6.96199e+06		528.493		
00:01:01:200		1.41849e+07		-1.90422		6.70402		533.032		6.96203e+06		528.487		
00:01:01:100		1.4187e+07		-1.90078		6.70197		533.039		6.96208e+06		528.503		
00:01:01:000		1.41892e+07		-1.89734		6.69989		533.045		6.96213e+06		528.508		
00:01:00:899		1.41913e+07		-1.89389		6.69777		533.05		6.96217e+06		528.519		
00:01:00:799		1.41934e+07		-1.89045		6.69565		533.056		6.96222e+06		528.516		
00:01:00:700		1.41955e+07		-1.887		6.69355		533.061		6.96226e+06		528.521		
00:01:00:600		1.41976e+07		-1.88356		6.69143		533.069		6.96231e+06		528.523		
00:01:00:500		1.41998e+07		-1.88011		6.68931		533.074		6.96235e+06		528.536		
00:01:00:399		1.42019e+07		-1.87666		6.68718		533.08		6.9624e+06		528.538		
00:01:00:299		1.4204e+07		-1.87322		6.68503		533.085		6.96244e+06		528.535		
00:01:00:200		1.42061e+07		-1.86977		6.68287		533.091		6.96249e+06		528.542		
00:01:00:100		1.42083e+07		-1.86632		6.68073		533.096		6.96253e+06		528.545		
00:00:59:899		1.42125e+07		-1.85942		6.67645		533.109		6.96262e+06		528.556		
00:00:59:899		1.42125e+07		-1.85942		6.67645		533.109		6.96262e+06		528.556		
00:00:59:850		1.42136e+07		-1.85769		6.67535		533.113		6.96264e+06		528.563		
00:00:59:700		1.42168e+07		-1.85251		6.67197		533.12		6.96271e+06		528.576		
00:00:59:600		1.42189e+07		-1.84906		6.66987		533.125		6.96275e+06		528.564		
00:00:59:500		1.4221e+07		-1.8456		6.66773		533.133		6.9628e+06		528.585		
00:00:59:399		1.42231e+07		-1.84215		6.6655		533.138		6.96284e+06		528.579		
00:00:59:299		1.42253e+07		-1.83869		6.66332		533.144		6.96289e+06		528.584		
00:00:59:200		1.42274e+07		-1.83524		6.66114		533.147		6.96293e+06		528.597		
00:00:59:100		1.42295e+07		-1.83178		6.65884		533.155		6.96297e+06		528.591		
00:00:59:000		1.42316e+07		-1.82832		6.65663		533.158		6.96302e+06		528.603		
00:00:58:899		1.42338e+07		-1.82486		6.65441		533.164		6.96306e+06		528.601		
00:00:58:799		1.42359e+07		-1.8214		6.65215		533.169		6.96311e+06		528.608		
00:00:58:700		1.4238e+07		-1.81794		6.64989		533.175		6.96315e+06		528.61		
00:00:58:600		1.42401e+07		-1.81448		6.64763		533.18		6.96319e+06		528.615		
00:00:58:549		1.42412e+07		-1.81275		6.64651		533.182		6.96321e+06		528.627		
00:00:58:450		1.42433e+07		-1.80928		6.64424		533.188		6.96326e+06		528.621		
00:00:58:350		1.42455e+07		-1.80582		6.64205		533.193		6.9633e+06		528.626		
00:00:58:250		1.42476e+07		-1.80235		6.63974		533.199		6.96334e+06		528.629		
00:00:58:149		1.42497e+07		-1.79889		6.63749		533.204		6.96339e+06		528.636		
00:00:57:950		1.4255e+07		-1.79021		6.6317		533.217		6.96349e+06		528.65		
00:00:57:950		1.4255e+07		-1.79021		6.6317		533.217		6.96349e+06		528.65		
00:00:57:799		1.42571e+07		-1.78674		6.6294		533.221		6.96354e+06		528.654		
00:00:57:700		1.42593e+07		-1.78327		6.6271		533.226		6.96358e+06		528.662		
00:00:57:600		1.42614e+07		-1.7798		6.62479		533.23		6.96362e+06		528.664		
00:00:57:500		1.42635e+07		-1.77632		6.62247		533.235		6.96366e+06		528.669		
00:00:57:399		1.42656e+07		-1.77284		6.62014		533.241		6.9637e+06		528.674		
00:00:57:299		1.42677e+07		-1.76937		6.6178		533.248		6.96375e+06		528.679		
00:00:57:200		1.42698e+07		-1.76589		6.61542		533.253		6.96379e+06		528.687		
00:00:57:000		1.42741e+07		-1.75892		6.61074		533.263		6.96387e+06		528.704		
00:00:56:899		1.42762e+07		-1.75544		6.60842		533.266		6.96391e+06		528.701		
00:00:56:899		1.42762e+07		-1.75544		6.60842		533.266		6.96391e+06		528.701		
00:00:56:799		1.42783e+07		-1.75196		6.60604		533.272		6.96396e+06		528.701		
00:00:56:700		1.42804e+07		-1.74848		6.60365		533.275		6.964e+06		528.705		
00:00:56:600		1.42825e+07		-1.745		6.60127		533.279		6.96404e+06		528.709		
00:00:56:500		1.42846e+07		-1.74152		6.59888		533.283		6.96408e+06		528.712		
00:00:56:399		1.42868e+07		-1.73803		6.59651		533.286		6.96412e+06		528.717		
00:00:56:299		1.42889e+07		-1.73455		6.59407		533.29		6.96416e+06		528.722		
00:00:56:299		1.42889e+07		-1.73455		6.59407		533.29		6.96416e+06		528.722		
00:00:56:149		1.4292e+07		-1.72932		6.59046		533.296		6.96422e+06		528.73		
00:00:56:049		1.42942e+07		-1.72584		6.58807		533.299		6.96426e+06		528.735		
00:00:55:850		1.42984e+07		-1.71887		6.58318		533.307		6.96434e+06		528.744		
00:00:55:850		1.42984e+07		-1.71887		6.58318		533.307		6.96434e+06		528.744		
00:00:55:750		1.43005e+07		-1.71538		6.58074		533.308		6.96438e+06		528.748		
00:00:55:649		1.43026e+07		-1.7119		6.57828		533.312		6.96442e+06		528.751		
00:00:55:549		1.43047e+07		-1.70841		6.57585		533.316		6.96446e+06		528.758		
00:00:55:450		1.43069e+07		-1.70493		6.57335		533.318		6.9645e+06		528.762		
00:00:55:350		1.4309e+07		-1.70145		6.57096		533.319		6.96454e+06		528.769		
00:00:55:250		1.43111e+07		-1.69796		6.56835		533.323		6.96458e+06		528.771		
00:00:55:149		1.43132e+07		-1.69448		6.56586		533.325		6.96462e+06		528.776		
00:00:54:950		1.43175e+07		-1.68752		6.56084		533.33		6.9647e+06		528.786		
00:00:54:850		1.43196e+07		-1.68404		6.55837		533.334		6.96474e+06		528.794		
00:00:54:850		1.43196e+07		-1.68404		6.55837		533.334		6.96474e+06		528.794		
00:00:54:750		1.43218e+07		-1.68056		6.5558		533.336		6.96478e+06		528.797		
00:00:54:649		1.43239e+07		-1.67708		6.55329		533.338		6.96482e+06		528.802		
00:00:54:549		1.4326e+07		-1.67359		6.55071		533.341		6.96486e+06		528.807		
00:00:54:450		1.43282e+07		-1.67011		6.54819		533.343		6.9649e+06		528.809		
00:00:54:350		1.43303e+07		-1.66663		6.54572		533.347		6.96494e+06		528.815		
00:00:54:250		1.43324e+07		-1.66314		6.54303		533.349		6.96498e+06		528.821		
00:00:54:149		1.43346e+07		-1.65966		6.54043		533.352		6.96502e+06		528.827		
00:00:53:950		1.43388e+07		-1.65269		6.53528		533.358		6.96509e+06		528.838		
00:00:53:950		1.43388e+07		-1.65269		6.53528		533.358		6.96509e+06		528.838		
00:00:53:850		1.4341e+07		-1.6492		6.53268		533.36		6.96513e+06		528.843		
00:00:53:750		1.43431e+07		-1.64572		6.53004		533.363		6.96517e+06		528.848		
00:00:53:649		1.43452e+07		-1.64223		6.52746		533.365		6.96521e+06		528.852		
00:00:53:549		1.43473e+07		-1.63874		6.52484		533.369		6.96525e+06		528.858		
00:00:53:450		1.43495e+07		-1.63525		6.52223		533.371		6.96528e+06		528.872		
00:00:53:299		1.43527e+07		-1.63002		6.51827		533.374		6.96534e+06		528.868		
00:00:53:200		1.43548e+07		-1.62653		6.51554		533.376		6.96538e+06		528.875		
00:00:53:100		1.43569e+07		-1.62304		6.51288		533.38		6.96542e+06		528.879		
00:00:53:000		1.43591e+07		-1.61955		6.51025		533.382		6.96545e+06		528.891		
00:00:52:899		1.43612e+07		-1.61605		6.50759		533.383		6.96549e+06		528.89		
00:00:52:799		1.43633e+07		-1.61256		6.50487		533.387		6.96553e+06		528.896		
00:00:52:700		1.43655e+07		-1.60907		6.50214		533.389		6.96557e+06		528.903		
00:00:52:600		1.43676e+07		-1.60557		6.49945		533.391		6.9656e+06		528.904		
00:00:52:500		1.43698e+07		-1.60207		6.49677		533.393		6.96564e+06		528.91		
00:00:52:450		1.43708e+07		-1.60032		6.49536		533.394		6.96566e+06		528.913		
00:00:52:350		1.4373e+07		-1.59683		6.49262		533.396		6.9657e+06		528.917		
00:00:52:200		1.43762e+07		-1.59158		6.4885		533.4		6.96575e+06		528.926		
00:00:52:100		1.43783e+07		-1.58808		6.48573		533.402		6.96579e+06		528.932		
00:00:52:000		1.43805e+07		-1.58458		6.48304		533.403		6.96582e+06		528.937		
00:00:51:899		1.43826e+07		-1.58108		6.48022		533.405		6.96586e+06		528.943		
00:00:51:799		1.43847e+07		-1.57758		6.47749		533.407		6.9659e+06		528.95		
00:00:51:700		1.43869e+07		-1.57408		6.47476		533.409		6.96593e+06		528.963		
00:00:51:600		1.4389e+07		-1.57057		6.47196		533.411		6.96597e+06		528.959		
00:00:51:500		1.43912e+07		-1.56707		6.4693		533.413		6.96601e+06		528.961		
00:00:51:399		1.43933e+07		-1.56357		6.46616		533.414		6.96604e+06		528.974		
00:00:51:299		1.43955e+07		-1.56007		6.46354		533.416		6.96608e+06		528.973		
00:00:51:200		1.43977e+07		-1.55657		6.46072		533.418		6.96611e+06		528.979		
00:00:51:000		1.4402e+07		-1.54958		6.45493		533.42		6.96619e+06		528.991		
00:00:51:000		1.4402e+07		-1.54958		6.45493		533.42		6.96619e+06		528.991		
00:00:50:899		1.44043e+07		-1.54608		6.45205		533.42		6.96622e+06		529.005		
00:00:50:799		1.44065e+07		-1.54258		6.44918		533.422		6.96626e+06		528.983		
00:00:50:700		1.44087e+07		-1.53907		6.44629		533.424		6.96629e+06		529.002		
00:00:50:600		1.44109e+07		-1.53556		6.44343		533.425		6.96633e+06		529.009		
00:00:50:500		1.44131e+07		-1.53204		6.44056		533.425		6.96636e+06		529.013		
00:00:50:399		1.44153e+07		-1.52852		6.43766		533.427		6.9664e+06		529.019		
00:00:50:299		1.44174e+07		-1.52499		6.43476		533.429		6.96643e+06		529.024		
00:00:50:299		1.44174e+07		-1.52499		6.43476		533.429		6.96643e+06		529.024		
00:00:50:149		1.44206e+07		-1.51971		6.43039		533.431		6.96648e+06		529.035		
00:00:49:950		1.44249e+07		-1.51266		6.42457		533.435		6.96655e+06		529.05		
00:00:49:850		1.44271e+07		-1.50914		6.42158		533.435		6.96659e+06		529.051		
00:00:49:850		1.44271e+07		-1.50914		6.42158		533.435		6.96659e+06		529.051		
00:00:49:700		1.44303e+07		-1.50385		6.41712		533.435		6.96664e+06		529.057		
00:00:49:600		1.44324e+07		-1.50033		6.41419		533.433		6.96667e+06		529.061		
00:00:49:500		1.44346e+07		-1.49681		6.41121		533.431		6.9667e+06		529.07		
00:00:49:399		1.44367e+07		-1.49328		6.40822		533.431		6.96674e+06		529.08		
00:00:49:299		1.44389e+07		-1.48976		6.40527		533.429		6.96677e+06		529.076		
00:00:49:200		1.44421e+07		-1.48447		6.40072		533.427		6.96682e+06		529.096		
00:00:49:200		1.44421e+07		-1.48447		6.40072		533.427		6.96682e+06		529.096		
00:00:48:950		1.44465e+07		-1.47742		6.39481		533.425		6.96689e+06		529.1		
00:00:48:850		1.44486e+07		-1.4739		6.39161		533.425		6.96692e+06		529.11		
00:00:48:850		1.44486e+07		-1.4739		6.39161		533.425		6.96692e+06		529.11		
00:00:48:700		1.44519e+07		-1.46861		6.38703		533.424		6.96697e+06		529.105		
00:00:48:549		1.44552e+07		-1.46332		6.38244		533.422		6.96702e+06		529.132		
00:00:48:549		1.44552e+07		-1.46332		6.38244		533.422		6.96702e+06		529.132		
00:00:48:450		1.44574e+07		-1.45979		6.37944		533.422		6.96705e+06		529.131		
00:00:48:350		1.44597e+07		-1.45625		6.37621		533.422		6.96709e+06		529.136		
00:00:48:250		1.44619e+07		-1.45269		6.37327		533.422		6.96712e+06		529.134		
00:00:48:149		1.4464e+07		-1.44912		6.37016		533.422		6.96715e+06		529.148		
00:00:47:950		1.44681e+07		-1.44196		6.36406		533.422		6.96722e+06		529.162		
00:00:47:850		1.44702e+07		-1.43839		6.36097		533.42		6.96725e+06		529.159		
00:00:47:850		1.44702e+07		-1.43839		6.36097		533.42		6.96725e+06		529.159		
00:00:47:750		1.44722e+07		-1.43481		6.35786		533.42		6.96728e+06		529.165		
00:00:47:649		1.44742e+07		-1.43123		6.35479		533.42		6.96731e+06		529.163		
00:00:47:450		1.44783e+07		-1.42408		6.34856		533.418		6.96738e+06		529.173		
00:00:47:450		1.44783e+07		-1.42408		6.34856		533.418		6.96738e+06		529.173		
00:00:47:350		1.44803e+07		-1.42051		6.34542		533.416		6.96741e+06		529.18		
00:00:47:200		1.44833e+07		-1.41517		6.34069		533.416		6.96745e+06		529.191		
00:00:47:049		1.44865e+07		-1.40985		6.33575		533.414		6.9675e+06		529.201		
00:00:47:049		1.44865e+07		-1.40985		6.33575		533.414		6.9675e+06		529.201		
00:00:46:850		1.44908e+07		-1.40277		6.32948		533.413		6.96756e+06		529.207		
00:00:46:850		1.44908e+07		-1.40277		6.32948		533.413		6.96756e+06		529.207		
00:00:46:750		1.44929e+07		-1.39922		6.32626		533.411		6.9676e+06		529.208		
00:00:46:649		1.4495e+07		-1.39568		6.32303		533.409		6.96763e+06		529.205		
00:00:46:549		1.44972e+07		-1.39213		6.31979		533.407		6.96766e+06		529.211		
00:00:46:450		1.44993e+07		-1.38858		6.31657		533.407		6.96769e+06		529.227		
00:00:46:350		1.45015e+07		-1.38503		6.31327		533.405		6.96772e+06		529.234		
00:00:46:250		1.45036e+07		-1.38148		6.31		533.403		6.96775e+06		529.244		
00:00:46:149		1.45057e+07		-1.37793		6.30667		533.402		6.96778e+06		529.249		
00:00:45:950		1.451e+07		-1.37082		6.30015		533.398		6.96784e+06		529.264		
00:00:45:950		1.451e+07		-1.37082		6.30015		533.398		6.96784e+06		529.264		
00:00:45:850		1.45121e+07		-1.36727		6.29686		533.398		6.96787e+06		529.273		
00:00:45:750		1.45143e+07		-1.36371		6.29348		533.396		6.9679e+06		529.275		
00:00:45:649		1.45164e+07		-1.36015		6.29016		533.394		6.96793e+06		529.28		
00:00:45:549		1.45185e+07		-1.35659		6.28696		533.393		6.96796e+06		529.295		
00:00:45:399		1.45217e+07		-1.35125		6.28176		533.391		6.96801e+06		529.285		
00:00:45:299		1.45239e+07		-1.34769		6.27835		533.389		6.96804e+06		529.283		
00:00:45:200		1.4526e+07		-1.34413		6.275		533.385		6.96806e+06		529.295		
00:00:45:100		1.45282e+07		-1.34057		6.27162		533.383		6.96809e+06		529.293		
00:00:45:000		1.45303e+07		-1.33701		6.26822		533.382		6.96812e+06		529.307		
00:00:44:899		1.45324e+07		-1.33345		6.26485		533.38		6.96815e+06		529.31		
00:00:44:799		1.45346e+07		-1.32989		6.26125		533.378		6.96818e+06		529.308		
00:00:44:700		1.45367e+07		-1.32632		6.25801		533.376		6.96821e+06		529.324		
00:00:44:600		1.45388e+07		-1.32276		6.25454		533.374		6.96824e+06		529.324		
00:00:44:500		1.4541e+07		-1.31919		6.25113		533.371		6.96827e+06		529.341		
00:00:44:399		1.45431e+07		-1.31563		6.24764		533.369		6.9683e+06		529.351		
00:00:44:299		1.45452e+07		-1.31206		6.24429		533.367		6.96833e+06		529.358		
00:00:44:200		1.45474e+07		-1.30849		6.24075		533.365		6.96835e+06		529.362		
00:00:44:100		1.45495e+07		-1.30492		6.23732		533.363		6.96838e+06		529.369		
00:00:44:000		1.45517e+07		-1.30135		6.23377		533.361		6.96841e+06		529.374		
00:00:43:899		1.45538e+07		-1.29778		6.23027		533.358		6.96844e+06		529.388		
00:00:43:799		1.45559e+07		-1.29421		6.22686		533.354		6.96847e+06		529.394		
00:00:43:700		1.45581e+07		-1.29064		6.22318		533.35		6.96849e+06		529.4		
00:00:43:600		1.45602e+07		-1.28706		6.21966		533.347		6.96852e+06		529.402		
00:00:43:500		1.45623e+07		-1.28349		6.21611		533.343		6.96855e+06		529.406		
00:00:43:399		1.45645e+07		-1.27991		6.21252		533.339		6.96858e+06		529.411		
00:00:43:299		1.45666e+07		-1.27633		6.20896		533.336		6.9686e+06		529.423		
00:00:43:200		1.45688e+07		-1.27276		6.20535		533.33		6.96863e+06		529.43		
00:00:43:100		1.45709e+07		-1.26918		6.20177		533.327		6.96866e+06		529.43		
00:00:43:000		1.45731e+07		-1.2656		6.19818		533.323		6.96869e+06		529.438		
00:00:42:899		1.45752e+07		-1.26202		6.19454		533.318		6.96871e+06		529.437		
00:00:42:799		1.45774e+07		-1.25845		6.1909		533.314		6.96874e+06		529.435		
00:00:42:649		1.45774e+07		-1.25845		6.1909		533.314		6.96874e+06		529.435		
00:00:42:649		1.45806e+07		-1.25308		6.18543		533.307		6.96878e+06		529.466		
00:00:42:450		1.45849e+07		-1.24592		6.17812		533.299		6.96883e+06		529.478		
00:00:42:450		1.45849e+07		-1.24592		6.17812		533.299		6.96883e+06		529.478		
00:00:42:350		1.45871e+07		-1.24234		6.17447		533.296		6.96886e+06		529.485		
00:00:42:250		1.45892e+07		-1.23875		6.17079		533.292		6.96889e+06		529.49		
00:00:41:950		1.45958e+07		-1.228		6.15966		533.279		6.96896e+06		529.505		
00:00:41:950		1.45958e+07		-1.228		6.15966		533.279		6.96896e+06		529.505		
00:00:41:850		1.45979e+07		-1.22441		6.15593		533.275		6.96899e+06		529.509		
00:00:41:850		1.45979e+07		-1.22441		6.15593		533.275		6.96899e+06		529.509		
00:00:41:750		1.46001e+07		-1.22083		6.15224		533.27		6.96902e+06		529.509		
00:00:41:649		1.46022e+07		-1.21724		6.14849		533.266		6.96904e+06		529.513		
00:00:41:549		1.46043e+07		-1.21365		6.1447		533.263		6.96907e+06		529.517		
00:00:41:450		1.46065e+07		-1.21005		6.14089		533.257		6.96909e+06		529.522		
00:00:41:299		1.46097e+07		-1.20465		6.13517		533.252		6.96913e+06		529.517		
00:00:41:200		1.46118e+07		-1.20105		6.13135		533.244		6.96915e+06		529.516		
00:00:41:100		1.46139e+07		-1.19745		6.12752		533.241		6.96918e+06		529.529		
00:00:40:899		1.46181e+07		-1.19023		6.11979		533.233		6.96923e+06		529.548		
00:00:40:799		1.46202e+07		-1.18662		6.11593		533.228		6.96925e+06		529.55		
00:00:40:799		1.46202e+07		-1.18662		6.11593		533.228		6.96925e+06		529.55		
00:00:40:700		1.46223e+07		-1.183		6.11207		533.224		6.96928e+06		529.554		
00:00:40:600		1.46244e+07		-1.17938		6.10815		533.219		6.9693e+06		529.56		
00:00:40:500		1.46265e+07		-1.17576		6.10425		533.215		6.96932e+06		529.562		
00:00:40:399		1.46285e+07		-1.17214		6.10035		533.211		6.96935e+06		529.581		
00:00:40:299		1.46306e+07		-1.16851		6.0964		533.206		6.96937e+06		529.589		
00:00:40:200		1.46326e+07		-1.16489		6.09245		533.2		6.9694e+06		529.594		
00:00:40:149		1.46337e+07		-1.16308		6.09046		533.199		6.96941e+06		529.588		
00:00:40:000		1.46368e+07		-1.15764		6.08452		533.191		6.96944e+06		529.615		
00:00:39:950		1.46378e+07		-1.15583		6.08252		533.188		6.96946e+06		529.595		
00:00:39:799		1.46409e+07		-1.15039		6.07651		533.18		6.96949e+06		529.62		
00:00:39:700		1.46429e+07		-1.14677		6.07246		533.177		6.96951e+06		529.617		
00:00:39:600		1.4645e+07		-1.14314		6.06853		533.171		6.96954e+06		529.617		
00:00:39:500		1.4647e+07		-1.13951		6.06453		533.166		6.96956e+06		529.625		
00:00:39:399		1.46491e+07		-1.13588		6.06045		533.16		6.96958e+06		529.635		
00:00:39:299		1.46511e+07		-1.13225		6.05633		533.156		6.96961e+06		529.634		
00:00:39:200		1.46532e+07		-1.12862		6.05229		533.151		6.96963e+06		529.639		
00:00:39:100		1.46552e+07		-1.12499		6.04834		533.146		6.96965e+06		529.636		
00:00:39:000		1.46573e+07		-1.12135		6.04426		533.138		6.96967e+06		529.647		
00:00:38:899		1.46593e+07		-1.11772		6.04012		533.135		6.9697e+06		529.655		
00:00:38:799		1.46614e+07		-1.11408		6.03602		533.129		6.96972e+06		529.651		
00:00:38:700		1.46634e+07		-1.11045		6.03195		533.124		6.96974e+06		529.666		
00:00:38:600		1.46654e+07		-1.10681		6.02782		533.118		6.96976e+06		529.671		
00:00:38:500		1.46675e+07		-1.10318		6.0237		533.113		6.96978e+06		529.677		
00:00:38:350		1.46705e+07		-1.10318		6.0237		533.113		6.96978e+06		529.677		
00:00:38:350		1.46705e+07		-1.09772		6.01748		533.103		6.96982e+06		529.701		
00:00:38:250		1.46725e+07		-1.09409		6.0133		533.098		6.96984e+06		529.714		
00:00:38:149		1.46746e+07		-1.09045		6.00911		533.091		6.96986e+06		529.712		
00:00:38:049		1.46766e+07		-1.08681		6.00489		533.083		6.96988e+06		529.721		
00:00:37:850		1.46806e+07		-1.07954		5.99642		533.069		6.96992e+06		529.723		
00:00:37:850		1.46806e+07		-1.07954		5.99642		533.069		6.96992e+06		529.723		
00:00:37:750		1.46827e+07		-1.0759		5.99212		533.061		6.96994e+06		529.73		
00:00:37:649		1.46847e+07		-1.07226		5.98787		533.056		6.96997e+06		529.737		
00:00:37:450		1.46887e+07		-1.06499		5.97928		533.041		6.97001e+06		529.755		
00:00:37:450		1.46887e+07		-1.06499		5.97928		533.041		6.97001e+06		529.755		
00:00:37:350		1.46907e+07		-1.06135		5.97497		533.036		6.97003e+06		529.763		
00:00:37:250		1.46927e+07		-1.05771		5.9706		533.028		6.97005e+06		529.76		
00:00:37:149		1.46948e+07		-1.05408		5.96627		533.021		6.97007e+06		529.769		
00:00:36:950		1.46988e+07		-1.04681		5.95754		533.005		6.97011e+06		529.772		
00:00:36:850		1.47008e+07		-1.04318		5.95315		532.994		6.97013e+06		529.768		
00:00:36:850		1.47008e+07		-1.04318		5.95315		532.994		6.97013e+06		529.768		
00:00:36:750		1.47028e+07		-1.03954		5.94872		532.986		6.97015e+06		529.777		
00:00:36:649		1.47048e+07		-1.03591		5.9443		532.979		6.97017e+06		529.777		
00:00:36:549		1.47068e+07		-1.03229		5.93986		532.972		6.97019e+06		529.796		
00:00:36:450		1.47088e+07		-1.02866		5.93534		532.964		6.97021e+06		529.805		
00:00:36:350		1.47109e+07		-1.02504		5.93085		532.955		6.97023e+06		529.814		
00:00:36:250		1.47129e+07		-1.02142		5.92639		532.948		6.97025e+06		529.821		
00:00:36:149		1.47149e+07		-1.01781		5.92192		532.941		6.97027e+06		529.825		
00:00:35:950		1.4719e+07		-1.01059		5.91281		532.926		6.97031e+06		529.834		
00:00:35:850		1.47211e+07		-1.00698		5.90824		532.917		6.97033e+06		529.841		
00:00:35:850		1.47211e+07		-1.00698		5.90824		532.917		6.97033e+06		529.841		
00:00:35:750		1.47232e+07		-1.00338		5.90368		532.908		6.97034e+06		529.853		
00:00:35:649		1.47253e+07		-0.999778		5.89925		532.9		6.97036e+06		529.849		
00:00:35:500		1.47285e+07		-0.994374		5.89228		532.886		6.97039e+06		529.874		
00:00:35:399		1.47306e+07		-0.990771		5.88738		532.878		6.97041e+06		529.874		
00:00:35:299		1.47327e+07		-0.987166		5.88297		532.869		6.97043e+06		529.868		
00:00:35:200		1.47348e+07		-0.983561		5.87828		532.862		6.97045e+06		529.859		
00:00:35:100		1.47369e+07		-0.979955		5.87373		532.853		6.97046e+06		529.863		
00:00:35:049		1.47379e+07		-0.978152		5.87139		532.849		6.97047e+06		529.894		
00:00:34:850		1.47421e+07		-0.970938		5.86204		532.834		6.97051e+06		529.903		
00:00:34:850		1.47421e+07		-0.970938		5.86204		532.834		6.97051e+06		529.903		
00:00:34:750		1.47442e+07		-0.96733		5.85736		532.825		6.97053e+06		529.887		
00:00:34:649		1.47463e+07		-0.963721		5.85257		532.818		6.97054e+06		529.892		
00:00:34:549		1.47485e+07		-0.960111		5.84781		532.809		6.97056e+06		529.914		
00:00:34:450		1.47506e+07		-0.9565		5.84314		532.801		6.97058e+06		529.923		
00:00:34:350		1.47527e+07		-0.952889		5.83826		532.792		6.97059e+06		529.932		
00:00:34:250		1.47548e+07		-0.949276		5.83346		532.785		6.97061e+06		529.931		
00:00:34:149		1.47569e+07		-0.945663		5.82868		532.776		6.97063e+06		529.938		
00:00:33:899		1.47621e+07		-0.936627		5.81624		532.756		6.97067e+06		529.963		
00:00:33:799		1.47642e+07		-0.933012		5.81156		532.745		6.97069e+06		529.959		
00:00:33:799		1.47642e+07		-0.933012		5.81156		532.745		6.97069e+06		529.959		
00:00:33:700		1.47663e+07		-0.929394		5.80678		532.737		6.9707e+06		529.959		
00:00:33:600		1.47684e+07		-0.925777		5.80196		532.73		6.97072e+06		529.952		
00:00:33:500		1.47705e+07		-0.922159		5.79704		532.721		6.97073e+06		529.969		
00:00:33:399		1.47726e+07		-0.91854		5.79198		532.714		6.97075e+06		529.99		
00:00:33:299		1.47747e+07		-0.914919		5.78699		532.704		6.97076e+06		529.996		
00:00:33:200		1.47768e+07		-0.911299		5.78224		532.695		6.97078e+06		529.998		
00:00:33:100		1.47789e+07		-0.907676		5.77717		532.688		6.97079e+06		529.998		
00:00:33:000		1.4781e+07		-0.904054		5.77214		532.679		6.97081e+06		529.985		
00:00:32:899		1.47831e+07		-0.900429		5.76698		532.67		6.97083e+06		529.987		
00:00:32:799		1.47852e+07		-0.896805		5.76196		532.659		6.97084e+06		529.997		
00:00:32:700		1.47873e+07		-0.89318		5.75703		532.649		6.97085e+06		530.018		
00:00:32:600		1.47894e+07		-0.889556		5.7519		532.64		6.97087e+06		530.042		
00:00:32:500		1.47915e+07		-0.88593		5.74679		532.631		6.97088e+06		530.031		
00:00:32:350		1.47946e+07		-0.880494		5.73914		532.616		6.9709e+06		530.036		
00:00:32:350		1.47946e+07		-0.880494		5.73914		532.616		6.9709e+06		530.036		
00:00:32:250		1.47967e+07		-0.87687		5.73397		532.606		6.97092e+06		530.051		
00:00:32:149		1.47988e+07		-0.873246		5.72881		532.596		6.97093e+06		530.055		
00:00:31:949		1.4803e+07		-0.865996		5.71845		532.576		6.97096e+06		530.052		
00:00:31:850		1.48051e+07		-0.862371		5.7132		532.567		6.97097e+06		530.049		
00:00:31:850		1.48051e+07		-0.862371		5.7132		532.567		6.97097e+06		530.049		
00:00:31:750		1.48072e+07		-0.858745		5.70795		532.556		6.97099e+06		530.063		
00:00:31:550		1.48113e+07		-0.851493		5.69738		532.534		6.97101e+06		530.103		
00:00:31:550		1.48113e+07		-0.851493		5.69738		532.534		6.97101e+06		530.103		
00:00:31:449		1.48134e+07		-0.847866		5.69221		532.523		6.97103e+06		530.094		
00:00:31:350		1.48155e+07		-0.844239		5.68684		532.512		6.97104e+06		530.092		
00:00:31:250		1.48176e+07		-0.840611		5.6815		532.497		6.97105e+06		530.087		
00:00:31:149		1.48197e+07		-0.836984		5.67618		532.488		6.97106e+06		530.098		
00:00:31:050		1.48218e+07		-0.833356		5.67079		532.479		6.97108e+06		530.1		
00:00:30:850		1.4826e+07		-0.826099		5.66		532.457		6.9711e+06		530.132		
00:00:30:750		1.48281e+07		-0.822471		5.65463		532.446		6.97111e+06		530.145		
00:00:30:750		1.48281e+07		-0.822471		5.65463		532.446		6.97111e+06		530.145		
00:00:30:649		1.48302e+07		-0.818841		5.6493		532.435		6.97113e+06		530.117		
00:00:30:550		1.48323e+07		-0.815213		5.64384		532.424		6.97114e+06		530.119		
00:00:30:449		1.48344e+07		-0.811584		5.63837		532.413		6.97115e+06		530.139		
00:00:30:350		1.48365e+07		-0.807954		5.63285		532.402		6.97116e+06		530.149		
00:00:30:250		1.48386e+07		-0.804326		5.62741		532.391		6.97117e+06		530.167		
00:00:30:149		1.48407e+07		-0.800698		5.6219		532.38		6.97118e+06		530.169		
00:00:30:050		1.48428e+07		-0.79707		5.61633		532.369		6.97119e+06		530.174		
00:00:29:850		1.4847e+07		-0.789814		5.60521		532.344		6.97122e+06		530.16		
00:00:29:850		1.4847e+07		-0.789814		5.60521		532.344		6.97122e+06		530.16		
00:00:29:750		1.48491e+07		-0.786188		5.59961		532.333		6.97123e+06		530.192		
00:00:29:600		1.48523e+07		-0.780746		5.59115		532.314		6.97124e+06		530.196		
00:00:29:550		1.48534e+07		-0.778932		5.58833		532.309		6.97125e+06		530.174		
00:00:29:399		1.48565e+07		-0.773489		5.57985		532.292		6.97126e+06		530.201		
00:00:29:350		1.48576e+07		-0.771676		5.57704		532.287		6.97127e+06		530.208		
00:00:29:250		1.48597e+07		-0.768049		5.57128		532.274		6.97128e+06		530.223		
00:00:29:149		1.48618e+07		-0.764421		5.56559		532.263		6.97129e+06		530.232		
00:00:28:949		1.4866e+07		-0.757169		5.55414		532.239		6.97131e+06		530.214		
00:00:28:850		1.48681e+07		-0.753543		5.54843		532.228		6.97132e+06		530.21		
00:00:28:850		1.48681e+07		-0.753543		5.54843		532.228		6.97132e+06		530.21		
00:00:28:750		1.48702e+07		-0.749917		5.5426		532.215		6.97133e+06		530.229		
00:00:28:649		1.48723e+07		-0.74629		5.5369		532.204		6.97134e+06		530.245		
00:00:28:550		1.48744e+07		-0.742663		5.5311		532.191		6.97134e+06		530.257		
00:00:28:449		1.48765e+07		-0.739037		5.52517		532.18		6.97135e+06		530.263		
00:00:28:350		1.48786e+07		-0.735409		5.51932		532.168		6.97136e+06		530.262		
00:00:28:199		1.48818e+07		-0.729967		5.51075		532.147		6.97138e+06		530.274		
00:00:28:100		1.48839e+07		-0.726338		5.50475		532.133		6.97138e+06		530.28		
00:00:27:949		1.48871e+07		-0.720895		5.49556		532.113		6.9714e+06		530.272		
00:00:27:800		1.48902e+07		-0.715451		5.48697		532.092		6.97141e+06		530.297		
00:00:27:800		1.48902e+07		-0.715451		5.48697		532.092		6.97141e+06		530.297		
00:00:27:699		1.48924e+07		-0.711821		5.48108		532.08		6.97142e+06		530.302		
00:00:27:600		1.48945e+07		-0.708191		5.47506		532.067		6.97142e+06		530.308		
00:00:27:500		1.48966e+07		-0.704562		5.46902		532.054		6.97143e+06		530.313		
00:00:27:399		1.48987e+07		-0.700932		5.46302		532.043		6.97144e+06		530.318		
00:00:27:300		1.49008e+07		-0.697301		5.45699		532.03		6.97145e+06		530.324		
00:00:27:199		1.4903e+07		-0.693671		5.45092		532.017		6.97145e+06		530.329		
00:00:27:100		1.49051e+07		-0.690041		5.44481		532.006		6.97146e+06		530.343		
00:00:26:899		1.49093e+07		-0.682781		5.43268		531.979		6.97147e+06		530.349		
00:00:26:800		1.49114e+07		-0.679151		5.4266		531.966		6.97148e+06		530.348		
00:00:26:800		1.49114e+07		-0.679151		5.4266		531.966		6.97148e+06		530.348		
00:00:26:699		1.49136e+07		-0.675521		5.42034		531.951		6.97149e+06		530.348		
00:00:26:600		1.49157e+07		-0.67189		5.41421		531.938		6.97149e+06		530.353		
00:00:26:500		1.49178e+07		-0.668258		5.40812		531.926		6.9715e+06		530.358		
00:00:26:399		1.49199e+07		-0.664627		5.40186		531.911		6.97151e+06		530.363		
00:00:26:300		1.4922e+07		-0.660996		5.39561		531.898		6.97151e+06		530.368		
00:00:26:199		1.49242e+07		-0.657366		5.38935		531.885		6.97152e+06		530.373		
00:00:26:100		1.49263e+07		-0.653737		5.3831		531.872		6.97152e+06		530.376		
00:00:26:000		1.49284e+07		-0.650107		5.37679		531.86		6.97153e+06		530.384		
00:00:25:899		1.49305e+07		-0.646477		5.37047		531.845		6.97153e+06		530.389		
00:00:25:800		1.49326e+07		-0.642848		5.36413		531.832		6.97154e+06		530.394		
00:00:25:649		1.49358e+07		-0.637403		5.35456		531.814		6.97155e+06		530.416		
00:00:25:649		1.49358e+07		-0.637403		5.35456		531.814		6.97155e+06		530.416		
00:00:25:550		1.49379e+07		-0.633773		5.34824		531.799		6.97155e+06		530.396		
00:00:25:449		1.494e+07		-0.630144		5.34184		531.786		6.97156e+06		530.411		
00:00:25:350		1.49421e+07		-0.626514		5.33538		531.773		6.97156e+06		530.417		
00:00:25:250		1.49443e+07		-0.622886		5.32888		531.759		6.97157e+06		530.421		
00:00:25:050		1.49485e+07		-0.615629		5.31605		531.727		6.97157e+06		530.43		
00:00:25:050		1.49485e+07		-0.615629		5.31605		531.727		6.97157e+06		530.43		
00:00:24:850		1.49527e+07		-0.608374		5.30292		531.698		6.97158e+06		530.456		
00:00:24:850		1.49527e+07		-0.608374		5.30292		531.698		6.97158e+06		530.456		
00:00:24:750		1.49549e+07		-0.604747		5.29633		531.685		6.97158e+06		530.468		
00:00:24:649		1.4957e+07		-0.60112		5.28982		531.671		6.97159e+06		530.465		
00:00:24:550		1.49591e+07		-0.597494		5.28328		531.658		6.97159e+06		530.449		
00:00:24:449		1.49612e+07		-0.593868		5.27671		531.643		6.97159e+06		530.448		
00:00:24:350		1.49633e+07		-0.590243		5.27006		531.63		6.9716e+06		530.477		
00:00:24:250		1.49655e+07		-0.586618		5.26319		531.616		6.9716e+06		530.468		
00:00:24:149		1.49676e+07		-0.582994		5.25659		531.603		6.9716e+06		530.472		
00:00:24:050		1.49697e+07		-0.57937		5.24992		531.588		6.9716e+06		530.477		
00:00:23:850		1.49739e+07		-0.572123		5.23627		531.559		6.97161e+06		530.485		
00:00:23:850		1.49739e+07		-0.572123		5.23627		531.559		6.97161e+06		530.485		
00:00:23:699		1.49771e+07		-0.56669		5.22622		531.539		6.97161e+06		530.491		
00:00:23:600		1.49792e+07		-0.563071		5.2196		531.524		6.97161e+06		530.496		
00:00:23:500		1.49813e+07		-0.559452		5.21251		531.509		6.97161e+06		530.5		
00:00:23:399		1.49835e+07		-0.555832		5.2059		531.493		6.97161e+06		530.504		
00:00:23:300		1.49856e+07		-0.552214		5.19906		531.476		6.97162e+06		530.507		
00:00:23:199		1.49877e+07		-0.548596		5.19216		531.461		6.97162e+06		530.511		
00:00:23:100		1.49898e+07		-0.544979		5.18527		531.445		6.97162e+06		530.515		
00:00:23:000		1.49919e+07		-0.541362		5.17845		531.43		6.97162e+06		530.518		
00:00:22:850		1.49951e+07		-0.535939		5.16806		531.408		6.97162e+06		530.523		
00:00:22:850		1.49951e+07		-0.535939		5.16806		531.408		6.97162e+06		530.523		
00:00:22:750		1.49972e+07		-0.532324		5.16103		531.393		6.97162e+06		530.532		
00:00:22:600		1.50004e+07		-0.526904		5.15061		531.371		6.97161e+06		530.533		
00:00:22:500		1.50025e+07		-0.523291		5.1437		531.357		6.97161e+06		530.537		
00:00:22:399		1.50046e+07		-0.519679		5.13676		531.342		6.97161e+06		530.54		
00:00:22:300		1.50067e+07		-0.516068		5.1295		531.327		6.97161e+06		530.544		
00:00:22:199		1.50089e+07		-0.512457		5.12299		531.313		6.97161e+06		530.547		
00:00:22:100		1.5011e+07		-0.508848		5.1156		531.298		6.97161e+06		530.551		
00:00:22:000		1.50131e+07		-0.505239		5.10878		531.283		6.97161e+06		530.554		
00:00:21:850		1.50173e+07		-0.498026		5.09452		531.254		6.9716e+06		530.562		
00:00:21:850		1.50173e+07		-0.498026		5.09452		531.254		6.9716e+06		530.562		
00:00:21:699		1.50194e+07		-0.49442		5.08762		531.239		6.9716e+06		530.565		
00:00:21:600		1.50215e+07		-0.490815		5.08063		531.225		6.9716e+06		530.568		
00:00:21:500		1.50237e+07		-0.487211		5.07357		531.21		6.97159e+06		530.571		
00:00:21:399		1.50258e+07		-0.483608		5.06602		531.195		6.97159e+06		530.574		
00:00:21:300		1.50279e+07		-0.480007		5.05886		531.18		6.97159e+06		530.578		
00:00:21:199		1.503e+07		-0.476406		5.05225		531.164		6.97158e+06		530.581		
00:00:21:100		1.50321e+07		-0.472807		5.04561		531.147		6.97158e+06		530.583		
00:00:20:899		1.50364e+07		-0.465612		5.02966		531.118		6.97157e+06		530.587		
00:00:20:800		1.50385e+07		-0.462016		5.022		531.102		6.97156e+06		530.588		
00:00:20:800		1.50385e+07		-0.462016		5.022		531.102		6.97156e+06		530.588		
00:00:20:699		1.50406e+07		-0.458422		5.01659		531.087		6.97156e+06		530.593		
00:00:20:600		1.50427e+07		-0.454828		5.0113		531.072		6.97155e+06		530.596		
00:00:20:500		1.50448e+07		-0.451236		5.00323		531.057		6.97155e+06		530.598		
00:00:20:399		1.50469e+07		-0.447644		4.99197		531.043		6.97154e+06		530.6		
00:00:20:250		1.50501e+07		-0.442261		4.98013		531.021		6.97153e+06		530.602		
00:00:20:250		1.50501e+07		-0.442261		4.98013		531.021		6.97153e+06		530.602		
00:00:20:149		1.50522e+07		-0.438673		4.98058		531.006		6.97153e+06		530.599		
00:00:20:050		1.50543e+07		-0.435087		4.97938		530.99		6.97152e+06		530.608		
00:00:19:850		1.50585e+07		-0.427918		4.94077		530.96		6.97151e+06		530.612		
00:00:19:850		1.50585e+07		-0.427918		4.94077		530.96		6.97151e+06		530.612		
00:00:19:750		1.50606e+07		-0.424336		4.91925		530.945		6.9715e+06		530.613		
00:00:19:649		1.50627e+07		-0.420761		4.89783		530.931		6.97149e+06		530.616		
00:00:19:550		1.50648e+07		-0.417186		4.87661		530.916		6.97148e+06		530.612		
00:00:19:449		1.50669e+07		-0.413613		4.85517		530.899		6.97147e+06		530.621		
00:00:19:350		1.50691e+07		-0.410042		4.83386		530.885		6.97147e+06		530.623		
00:00:19:250		1.50712e+07		-0.406473		4.81251		530.87		6.97146e+06		530.625		
00:00:19:149		1.50733e+07		-0.402906		4.79133		530.854		6.97145e+06		530.624		
00:00:19:050		1.50754e+07		-0.399341		4.77009		530.839		6.97144e+06		530.628		
00:00:18:850		1.50796e+07		-0.392216		4.72793		530.808		6.97142e+06		530.631		
00:00:18:850		1.50796e+07		-0.392216		4.72793		530.808		6.97142e+06		530.631		
00:00:18:750		1.50817e+07		-0.388658		4.70698		530.793		6.97141e+06		530.633		
00:00:18:649		1.50838e+07		-0.385101		4.68591		530.778		6.9714e+06		530.634		
00:00:18:550		1.50859e+07		-0.381547		4.66492		530.763		6.97139e+06		530.634		
00:00:18:449		1.5088e+07		-0.377995		4.64413		530.749		6.97138e+06		530.635		
00:00:18:350		1.50901e+07		-0.374446		4.62326		530.736		6.97137e+06		530.635		
00:00:18:250		1.50922e+07		-0.370899		4.6026		530.719		6.97135e+06		530.635		
00:00:18:149		1.50943e+07		-0.367355		4.58189		530.705		6.97134e+06		530.637		
00:00:18:000		1.50974e+07		-0.362039		4.55074		530.683		6.97132e+06		530.639		
00:00:17:800		1.51016e+07		-0.354956		4.50971		530.653		6.9713e+06		530.64		
00:00:17:800		1.51016e+07		-0.354956		4.50971		530.653		6.9713e+06		530.64		
00:00:17:699		1.51038e+07		-0.351419		4.48902		530.637		6.97129e+06		530.64		
00:00:17:600		1.51059e+07		-0.347886		4.4688		530.622		6.97127e+06		530.639		
00:00:17:500		1.5108e+07		-0.344356		4.44838		530.607		6.97126e+06		530.643		
00:00:17:399		1.51101e+07		-0.340829		4.42815		530.594		6.97124e+06		530.642		
00:00:17:300		1.51122e+07		-0.337306		4.40794		530.581		6.97123e+06		530.644		
00:00:17:199		1.51143e+07		-0.333786		4.38772		530.567		6.97122e+06		530.644		
00:00:17:100		1.51164e+07		-0.33027		4.36754		530.554		6.9712e+06		530.644		
00:00:17:050		1.51174e+07		-0.328514		4.3574		530.547		6.97119e+06		530.643		
00:00:16:850		1.51216e+07		-0.321496		4.31757		530.519		6.97116e+06		530.643		
00:00:16:850		1.51216e+07		-0.321496		4.31757		530.519		6.97116e+06		530.643		
00:00:16:750		1.51237e+07		-0.317995		4.29785		530.502		6.97115e+06		530.636		
00:00:16:649		1.51258e+07		-0.3145		4.27802		530.49		6.97113e+06		530.628		
00:00:16:550		1.51279e+07		-0.31101		4.25824		530.475		6.97112e+06		530.639		
00:00:16:449		1.513e+07		-0.307526		4.23825		530.46		6.9711e+06		530.639		
00:00:16:300		1.51331e+07		-0.302307		4.20935		530.438		6.97107e+06		530.638		
00:00:16:199		1.51352e+07		-0.298833		4.1899		530.423		6.97106e+06		530.634		
00:00:16:100		1.51373e+07		-0.295364		4.17033		530.41		6.97104e+06		530.638		
00:00:16:000		1.51393e+07		-0.291899		4.15103		530.396		6.97102e+06		530.632		
00:00:15:800		1.51435e+07		-0.284982		4.11286		530.368		6.97099e+06		530.632		
00:00:15:800		1.51435e+07		-0.284982		4.11286		530.368		6.97099e+06		530.632		
00:00:15:699		1.51456e+07		-0.28153		4.0938		530.353		6.97097e+06		530.619		
00:00:15:599		1.51477e+07		-0.278082		4.07494		530.341		6.97095e+06		530.621		
00:00:15:500		1.51497e+07		-0.274639		4.05593		530.326		6.97093e+06		530.633		
00:00:15:400		1.51518e+07		-0.2712		4.03724		530.311		6.97091e+06		530.626		
00:00:15:300		1.51538e+07		-0.267766		4.0184		530.298		6.97089e+06		530.624		
00:00:15:199		1.51559e+07		-0.264336		3.99981		530.285		6.97087e+06		530.622		
00:00:15:099		1.5158e+07		-0.260908		3.98112		530.273		6.97085e+06		530.62		
00:00:14:900		1.51621e+07		-0.254063		3.94408		530.243		6.97081e+06		530.617		
00:00:14:800		1.51641e+07		-0.250647		3.92577		530.228		6.97079e+06		530.614		
00:00:14:800		1.51641e+07		-0.250647		3.92577		530.228		6.97079e+06		530.614		
00:00:14:699		1.51662e+07		-0.247233		3.90724		530.216		6.97077e+06		530.611		
00:00:14:550		1.51662e+07		-0.247233		3.90724		530.216		6.97077e+06		530.611		
00:00:14:550		1.51693e+07		-0.242115		3.87963		530.195		6.97074e+06		530.605		
00:00:14:449		1.51713e+07		-0.238706		3.86125		530.182		6.97071e+06		530.601		
00:00:14:250		1.51753e+07		-0.231898		3.82538		530.157		6.97067e+06		530.591		
00:00:14:250		1.51753e+07		-0.231898		3.82538		530.157		6.97067e+06		530.591		
00:00:14:050		1.51794e+07		-0.225102		3.78876		530.133		6.97063e+06		530.592		
00:00:14:050		1.51794e+07		-0.225102		3.78876		530.133		6.97063e+06		530.592		
00:00:13:849		1.51833e+07		-0.218319		3.75333		530.109		6.97058e+06		530.572		
00:00:13:849		1.51833e+07		-0.218319		3.75333		530.109		6.97058e+06		530.572		
00:00:13:750		1.51852e+07		-0.214938		3.73581		530.098		6.97056e+06		530.581		
00:00:13:650		1.51872e+07		-0.211567		3.71779		530.085		6.97053e+06		530.576		
00:00:13:550		1.51891e+07		-0.208202		3.70037		530.072		6.97051e+06		530.569		
00:00:13:449		1.5191e+07		-0.204845		3.68275		530.061		6.97049e+06		530.558		
00:00:13:349		1.51929e+07		-0.201496		3.66512		530.05		6.97046e+06		530.566		
00:00:13:250		1.51949e+07		-0.198153		3.64784		530.039		6.97044e+06		530.58		
00:00:13:150		1.51968e+07		-0.194818		3.63044		530.028		6.97041e+06		530.556		
00:00:13:050		1.51987e+07		-0.191491		3.61347		530.017		6.97039e+06		530.548		
00:00:12:949		1.52006e+07		-0.18817		3.5965		530.008		6.97036e+06		530.545		
00:00:12:849		1.52025e+07		-0.184858		3.57926		529.995		6.97034e+06		530.54		
00:00:12:750		1.52044e+07		-0.181556		3.56227		529.985		6.97031e+06		530.535		
00:00:12:650		1.52063e+07		-0.178261		3.5454		529.976		6.97029e+06		530.519		
00:00:12:550		1.52082e+07		-0.174974		3.52862		529.965		6.97026e+06		530.537		
00:00:12:400		1.52111e+07		-0.170059		3.50381		529.951		6.97022e+06		530.51		
00:00:12:300		1.52129e+07		-0.166793		3.48729		529.939		6.97019e+06		530.51		
00:00:12:199		1.52148e+07		-0.163534		3.47099		529.928		6.97017e+06		530.503		
00:00:12:099		1.52167e+07		-0.160283		3.45438		529.919		6.97014e+06		530.493		
00:00:12:000		1.52186e+07		-0.157038		3.43812		529.908		6.97011e+06		530.491		
00:00:11:900		1.52205e+07		-0.1538		3.42169		529.899		6.97009e+06		530.482		
00:00:11:849		1.52214e+07		-0.152183		3.41368		529.893		6.97007e+06		530.494		
00:00:11:750		1.52233e+07		-0.148952		3.39768		529.884		6.97004e+06		530.474		
00:00:11:650		1.52261e+07		-0.144118		3.37413		529.871		6.97e+06		530.451		
00:00:11:500		1.5228e+07		-0.140903		3.35766		529.862		6.96997e+06		530.454		
00:00:11:400		1.52298e+07		-0.137694		3.34158		529.851		6.96994e+06		530.447		
00:00:11:300		1.52317e+07		-0.13449		3.32618		529.842		6.96991e+06		530.438		
00:00:11:199		1.52336e+07		-0.131292		3.31163		529.835		6.96988e+06		530.43		
00:00:11:099		1.52354e+07		-0.128098		3.29686		529.825		6.96985e+06		530.421		
00:00:10:900		1.52392e+07		-0.121728		3.26308		529.812		6.96979e+06		530.405		
00:00:10:800		1.5241e+07		-0.118548		3.24784		529.805		6.96976e+06		530.397		
00:00:10:800		1.5241e+07		-0.118548		3.24784		529.805		6.96976e+06		530.397		
00:00:10:699		1.52429e+07		-0.115371		3.23618		529.8		6.96972e+06		530.385		
00:00:10:599		1.52448e+07		-0.112196		3.22388		529.792		6.96969e+06		530.374		
00:00:10:500		1.52466e+07		-0.109025		3.20545		529.787		6.96966e+06		530.379		
00:00:10:400		1.52485e+07		-0.105855		3.18484		529.781		6.96963e+06		530.354		
00:00:10:300		1.52504e+07		-0.102686		3.16777		529.774		6.96959e+06		530.344		
00:00:10:199		1.52522e+07		-0.0995183		3.16395		529.768		6.96956e+06		530.324		
00:00:10:199		1.52522e+07		-0.0995183		3.16395		529.768		6.96956e+06		530.324		
00:00:10:050		1.5255e+07		-0.094768		3.15831		529.761		6.9695e+06		530.313		
00:00:09:800		1.52578e+07		-0.0900173		3.15266		529.752		6.96945e+06		530.297		
00:00:09:800		1.52597e+07		-0.0868497		3.14883		529.748		6.96941e+06		530.272		
00:00:09:699		1.52615e+07		-0.0836811		3.14511		529.744		6.96938e+06		530.258		
00:00:09:599		1.52634e+07		-0.0805116		3.14142		529.741		6.96934e+06		530.254		
00:00:09:500		1.52653e+07		-0.0773401		3.13769		529.735		6.9693e+06		530.229		
00:00:09:400		1.52672e+07		-0.0741668		3.13403		529.733		6.96926e+06		530.226		
00:00:09:300		1.5269e+07		-0.070991		3.13034		529.73		6.96922e+06		530.21		
00:00:09:199		1.52709e+07		-0.0678124		3.12668		529.728		6.96918e+06		530.193		
00:00:09:099		1.52728e+07		-0.064631		3.12299		529.724		6.96914e+06		530.176		
00:00:08:949		1.52756e+07		-0.0598516		3.11751		529.72		6.96907e+06		530.158		
00:00:08:849		1.52775e+07		-0.0566597		3.11393		529.719		6.96903e+06		530.133		
00:00:08:849		1.52775e+07		-0.0566597		3.11393		529.719		6.96903e+06		530.133		
00:00:08:750		1.52794e+07		-0.0534639		3.11035		529.717		6.96899e+06		530.103		
00:00:08:650		1.52813e+07		-0.0502625		3.10667		529.715		6.96894e+06		530.086		
00:00:08:550		1.52832e+07		-0.0470557		3.10299		529.715		6.9689e+06		530.077		
00:00:08:449		1.52851e+07		-0.0438433		3.09948		529.713		6.96885e+06		530.054		
00:00:08:349		1.5287e+07		-0.0406256		3.09584		529.713		6.9688e+06		530.034		
00:00:08:250		1.52889e+07		-0.0374012		3.09236		529.713		6.96875e+06		530.01		
00:00:08:150		1.52908e+07		-0.0341711		3.08862		529.711		6.9687e+06		529.987		
00:00:08:050		1.52927e+07		-0.0309334		3.08502		529.713		6.96865e+06		529.954		
00:00:07:950		1.52946e+07		-0.0276895		3.08152		529.715		6.9686e+06		529.933		
00:00:07:849		1.52966e+07		-0.0244379		3.07798		529.715		6.96855e+06		529.904		
00:00:07:750		1.52985e+07		-0.0211787		3.07442		529.717		6.9685e+06		529.885		
00:00:07:650		1.53004e+07		-0.0179124		3.07088		529.719		6.96844e+06		529.846		
00:00:07:549		1.53024e+07		-0.0146375		3.06742		529.72		6.96839e+06		529.829		
00:00:07:450		1.53044e+07		-0.011353		3.06392		529.722		6.96833e+06		529.794		
00:00:07:349		1.53064e+07		-0.0080595		3.0604		529.726		6.96828e+06		529.77		
00:00:07:150		1.53103e+07		-0.00144768		3.05338		529.735		6.96816e+06		529.709		
00:00:07:150		1.53103e+07		-0.00144768		3.05338		529.735		6.96816e+06		529.709		
00:00:07:049		1.53124e+07		0.00187111		3.05003		529.741		6.9681e+06		529.674		
00:00:06:900		1.53154e+07		0.00686502		3.0449		529.75		6.96801e+06		529.624		
00:00:06:799		1.53174e+07		0.0102057		3.04151		529.755		6.96795e+06		529.588		
00:00:06:700		1.53195e+07		0.0135541		3.03795		529.765		6.96789e+06		529.551		
00:00:06:599		1.53215e+07		0.016911		3.03457		529.772		6.96782e+06		529.518		
00:00:06:500		1.53236e+07		0.0202761		3.03113		529.779		6.96776e+06		529.476		
00:00:06:400		1.53257e+07		0.0236459		3.02777		529.785		6.96769e+06		529.424		
00:00:06:299		1.53278e+07		0.0270171		3.02445		529.79		6.96762e+06		529.395		
00:00:06:200		1.53299e+07		0.0303893		3.02119		529.798		6.96755e+06		529.349		
00:00:06:099		1.5332e+07		0.0337629		3.01781		529.803		6.96749e+06		529.298		
00:00:06:000		1.53342e+07		0.037137		3.01452		529.811		6.96742e+06		529.264		
00:00:05:799		1.53384e+07		0.0438886		3.008		529.827		6.96727e+06		529.169		
00:00:05:799		1.53384e+07		0.0438886		3.008		529.827		6.96727e+06		529.169		
00:00:05:700		1.53406e+07		0.0472655		3.00468		529.836		6.9672e+06		529.113		
00:00:05:599		1.53427e+07		0.0506406		3.00146		529.847		6.96713e+06		529.067		
00:00:05:500		1.53449e+07		0.0540152		2.99849		529.858		6.96705e+06		529.019		
00:00:05:400		1.5347e+07		0.0570989		2.99557		529.868		6.96698e+06		528.962		
00:00:05:299		1.53493e+07		0.0601349		2.99269		529.877		6.9669e+06		528.897		
00:00:05:200		1.53516e+07		0.0631566		2.99004		529.886		6.96682e+06		528.848		
00:00:05:099		1.53539e+07		0.0661631		2.98713		529.897		6.96675e+06		528.79		
00:00:05:000		1.53562e+07		0.0691533		2.98443		529.908		6.96667e+06		528.732		
00:00:04:900		1.53585e+07		0.0721278		2.98147		529.919		6.96659e+06		528.664		
00:00:04:799		1.53609e+07		0.0750866		2.97878		529.93		6.96652e+06		528.608		
00:00:04:700		1.53632e+07		0.0780292		2.97616		529.941		6.96644e+06		528.546		
00:00:04:599		1.53655e+07		0.0809546		2.97333		529.951		6.96636e+06		528.484		
00:00:04:500		1.53679e+07		0.0838628		2.97064		529.962		6.96629e+06		528.416		
00:00:04:349		1.53714e+07		0.0881934		2.9664		529.976		6.96617e+06		528.314		
00:00:04:349		1.53714e+07		0.0881934		2.9664		529.976		6.96617e+06		528.314		
00:00:04:200		1.53749e+07		0.0924816		2.96225		529.995		6.96606e+06		528.213		
00:00:04:049		1.53785e+07		0.0967259		2.95812		530.013		6.96595e+06		528.111		
00:00:04:049		1.53785e+07		0.0967259		2.95812		530.013		6.96595e+06		528.111		
00:00:03:950		1.53809e+07		0.0995307		2.9554		530.024		6.96588e+06		528.042		
00:00:03:750		1.53857e+07		0.105079		2.94974		530.044		6.96574e+06		527.91		
00:00:03:750		1.53857e+07		0.105079		2.94974		530.044		6.96574e+06		527.91		
00:00:03:649		1.53881e+07		0.107821		2.94686		530.054		6.96568e+06		527.842		
00:00:03:549		1.53905e+07		0.110542		2.94393		530.065		6.96561e+06		527.775		
00:00:03:450		1.5393e+07		0.113242		2.94105		530.074		6.96555e+06		527.71		
00:00:03:350		1.53954e+07		0.11592		2.93792		530.083		6.9655e+06		527.648		
00:00:03:250		1.53979e+07		0.118577		2.93473		530.094		6.96544e+06		527.585		
00:00:03:149		1.54003e+07		0.121213		2.93154		530.101		6.96539e+06		527.525		
00:00:02:850		1.54079e+07		0.129006		2.92128		530.125		6.96525e+06		527.358		
00:00:02:850		1.54079e+07		0.129006		2.92128		530.125		6.96525e+06		527.358		
00:00:02:750		1.54104e+07		0.131567		2.91787		530.131		6.96521e+06		527.306		
00:00:02:750		1.54104e+07		0.131567		2.91787		530.131		6.96521e+06		527.306		
00:00:02:649		1.54131e+07		0.134108		2.91442		530.136		6.96517e+06		527.258		
00:00:02:450		1.54184e+07		0.139102		2.90658		530.146		6.9651e+06		527.169		
00:00:02:450		1.54184e+07		0.139102		2.90658		530.146		6.9651e+06		527.169		
00:00:02:350		1.54211e+07		0.141535		2.90249		530.149		6.96507e+06		527.128		
00:00:02:250		1.54238e+07		0.143909		2.89867		530.153		6.96505e+06		527.089		
00:00:02:149		1.54263e+07		0.14622		2.89487		530.159		6.96502e+06		527.052		
00:00:02:049		1.54286e+07		0.148473		2.89018		530.162		6.965e+06		527.017		
00:00:01:949		1.54308e+07		0.150696		2.88392		530.166		6.96498e+06		526.982		
00:00:01:850		1.54329e+07		0.15294		2.87706		530.169		6.96496e+06		526.948		
00:00:01:750		1.54352e+07		0.155276		2.87138		530.173		6.96494e+06		526.917		
00:00:01:649		1.54379e+07		0.157777		2.86572		530.177		6.96492e+06		526.888		
00:00:01:550		1.54416e+07		0.160478		2.85844		530.181		6.9649e+06		526.862		
00:00:01:399		1.54497e+07		0.164765		2.84436		530.184		6.96489e+06		526.834		
00:00:01:350		1.54532e+07		0.16617		2.84188		530.186		6.96488e+06		526.828		
00:00:01:199		1.54645e+07		0.16985		2.85508		530.192		6.96488e+06		526.813		
00:00:01:100		1.54711e+07		0.171539		2.87298		530.193		6.96487e+06		526.824		
00:00:01:000		1.54758e+07		0.172484		2.8768		530.197		6.96487e+06		526.821		
00:00:00:900		1.54781e+07		0.172816		2.87038		530.199		6.96487e+06		526.822		
00:00:00:800		1.54786e+07		0.172839		2.8357		530.203		6.96487e+06		526.822		
00:00:00:699		1.54786e+07		0.17284		2.8357		530.204		6.96486e+06		526.822		
00:00:00:599		1.54786e+07		0.172839		2.83569		530.208		6.96486e+06		526.822		
00:00:00:500		1.54786e+07		0.172839		2.83573		530.21		6.96485e+06		526.825		
00:00:00:400		1.54786e+07		0.17284		2.83568		530.214		6.96485e+06		526.835		
00:00:00:299		1.54786e+07		0.17284		2.83568		530.217		6.96485e+06		526.824		
00:00:00:200		1.54785e+07		0.17284		2.83572		530.219		6.96484e+06		526.817		
00:00:00:100		1.54785e+07		0.17284		2.83572		530.221		6.96484e+06		526.821		
00:00:00:000		1.54785e+07		0.17284		2.83571		530.225		6.96483e+06		526.826		
00:00:00:000		1.54785e+07		0.17284		2.83571		530.225		6.96483e+06		526.826		
00:00:00:000		1.54785e+07		0.17284		2.83571		530.225		6.96483e+06		526.826		
00:00:00:000		1.54785e+07		0.17284		2.83571		530.225		6.96483e+06		526.826		
00:00:00:000		1.54785e+07		0.17284		2.83571		530.225		6.96483e+06		526.826		
00:00:00:000		1.54785e+07		0.17284		2.83571		530.225		6.96483e+06		526.826		
