	time 		rcpppzr	rcp054rcp007mnzoyout	rcv501std0102fvol	fwfrcp001gv	rcppmssga	msfsg(1)	
00:01:04:700		7.93348e+06		-5.85184		0		0		7.17029e+06		-31.3963		
00:01:04:700		7.93348e+06		-5.85184		0		0		7.17029e+06		-31.3963		
00:01:04:650		7.93947e+06		-5.85176		0		0		7.17003e+06		-29.4709		
00:01:04:549		7.95768e+06		-5.85155		0		0		7.16994e+06		7.79052		
00:01:04:400		7.97001e+06		-5.85142		0		0		7.17009e+06		25.068		
00:01:04:299		7.98248e+06		-5.85131		0		0		7.17008e+06		32.8094		
00:01:04:200		7.99509e+06		-5.85121		0		0		7.16968e+06		21.9791		
00:01:04:099		8.00786e+06		-5.85112		0		0		7.16888e+06		0.755089		
00:01:04:000		8.02078e+06		-5.85103		0		0		7.16794e+06		-28.6621		
00:01:03:899		8.03387e+06		-5.85096		0		0		7.16731e+06		-29.9449		
00:01:03:799		8.0471e+06		-5.85089		0		0		7.16714e+06		-8.81916		
00:01:03:700		8.06047e+06		-5.85082		0		0		7.16727e+06		17.1754		
00:01:03:600		8.07398e+06		-5.85075		0		0		7.16739e+06		31.0941		
00:01:03:500		8.08763e+06		-5.85067		0		0		7.16721e+06		29.0368		
00:01:03:399		8.10141e+06		-5.85058		0		0		7.16661e+06		14.9494		
00:01:03:299		8.11532e+06		-5.85046		0		0		7.16567e+06		-17.3902		
00:01:03:200		8.12937e+06		-5.85031		0		0		7.16483e+06		-31.9005		
00:01:03:100		8.14355e+06		-5.85013		0		0		7.1644e+06		-23.5216		
00:01:03:000		8.15786e+06		-5.84992		0		0		7.16442e+06		6.9411		
00:01:02:899		8.1723e+06		-5.84965		0		0		7.16458e+06		24.7037		
00:01:02:799		8.18686e+06		-5.84933		0		0		7.16457e+06		33.7504		
00:01:02:700		8.20155e+06		-5.84896		0		0		7.16418e+06		23.1164		
00:01:02:600		8.21636e+06		-5.84852		0		0		7.16338e+06		2.34249		
00:01:02:500		8.23127e+06		-5.84802		0		0		7.16243e+06		-28.7265		
00:01:02:500		8.23127e+06		-5.84802		0		0		7.16243e+06		-28.7265		
00:01:02:299		8.26142e+06		-5.8468		0		0		7.16158e+06		-9.6411		
00:01:02:200		8.27666e+06		-5.84607		0		0		7.16171e+06		17.2217		
00:01:02:100		8.29203e+06		-5.84527		0		0		7.16182e+06		31.1925		
00:01:02:000		8.3075e+06		-5.8444		0		0		7.16164e+06		29.745		
00:01:01:899		8.32309e+06		-5.84346		0		0		7.16103e+06		15.2271		
00:01:01:799		8.33879e+06		-5.84246		0		0		7.16008e+06		-17.2839		
00:01:01:649		8.36257e+06		-5.84088		0		0		7.15895e+06		-31.2312		
00:01:01:649		8.36257e+06		-5.84088		0		0		7.15895e+06		-31.2312		
00:01:01:549		8.37861e+06		-5.83981		0		0		7.15878e+06		-9.24159		
00:01:01:450		8.39482e+06		-5.83874		0		0		7.15893e+06		17.8798		
00:01:01:350		8.41114e+06		-5.83772		0		0		7.15904e+06		31.9759		
00:01:01:250		8.42756e+06		-5.83679		0		0		7.15885e+06		30.0404		
00:01:01:149		8.44406e+06		-5.83596		0		0		7.15823e+06		15.1925		
00:01:01:049		8.46066e+06		-5.83527		0		0		7.15728e+06		-18.0212		
00:01:00:950		8.47735e+06		-5.83473		0		0		7.15644e+06		-32.6721		
00:01:00:750		8.51101e+06		-5.83413		0		0		7.15606e+06		7.48571		
00:01:00:649		8.52794e+06		-5.83406		0		0		7.15622e+06		25.5267		
00:01:00:649		8.52794e+06		-5.83406		0		0		7.15622e+06		25.5267		
00:01:00:549		8.54495e+06		-5.83411		0		0		7.15621e+06		34.5629		
00:01:00:450		8.562e+06		-5.83427		0		0		7.15581e+06		23.3657		
00:01:00:350		8.5791e+06		-5.83449		0		0		7.15501e+06		1.63972		
00:01:00:250		8.59622e+06		-5.83477		0		0		7.15405e+06		-29.4965		
00:01:00:149		8.61337e+06		-5.8351		0		0		7.1534e+06		-31.0433		
00:01:00:049		8.63054e+06		-5.83553		0		0		7.15324e+06		-9.0161		
00:01:00:000		8.63912e+06		-5.83581		0		0		7.1533e+06		7.33132		
00:00:59:799		8.67344e+06		-5.83732		0		0		7.15347e+06		34.9186		
00:00:59:700		8.6906e+06		-5.83827		0		0		7.15308e+06		23.648		
00:00:59:700		8.6906e+06		-5.83827		0		0		7.15308e+06		23.648		
00:00:59:600		8.70774e+06		-5.83932		0		0		7.15228e+06		2.01489		
00:00:59:500		8.72488e+06		-5.8404		0		0		7.15131e+06		-29.6413		
00:00:59:399		8.74207e+06		-5.84147		0		0		7.15065e+06		-31.5738		
00:00:59:299		8.75926e+06		-5.84244		0		0		7.15048e+06		-9.70666		
00:00:59:200		8.77642e+06		-5.84324		0		0		7.15063e+06		17.3814		
00:00:59:100		8.79358e+06		-5.84378		0		0		7.15077e+06		32.3664		
00:00:59:000		8.81072e+06		-5.84413		0		0		7.15061e+06		31.2215		
00:00:58:799		8.84493e+06		-5.84473		0		0		7.14907e+06		-16.7752		
00:00:58:649		8.87047e+06		-5.84511		0		0		7.1479e+06		-33.0176		
00:00:58:649		8.87047e+06		-5.84511		0		0		7.1479e+06		-33.0176		
00:00:58:549		8.88746e+06		-5.84532		0		0		7.14772e+06		-11.405		
00:00:58:450		8.90442e+06		-5.84552		0		0		7.14788e+06		16.9741		
00:00:58:350		8.92134e+06		-5.84569		0		0		7.14804e+06		32.5239		
00:00:58:250		8.93823e+06		-5.84586		0		0		7.14791e+06		32.8999		
00:00:58:149		8.95507e+06		-5.84603		0		0		7.14733e+06		17.2864		
00:00:58:049		8.97186e+06		-5.8462		0		0		7.14638e+06		-16.0166		
00:00:58:000		8.98023e+06		-5.84629		0		0		7.14589e+06		-29.7123		
00:00:57:799		9.01335e+06		-5.84671		0		0		7.14495e+06		-14.8945		
00:00:57:799		9.01335e+06		-5.84671		0		0		7.14495e+06		-14.8945		
00:00:57:700		9.02969e+06		-5.84698		0		0		7.14513e+06		16.2745		
00:00:57:600		9.04593e+06		-5.8473		0		0		7.14534e+06		33.0408		
00:00:57:500		9.06209e+06		-5.84766		0		0		7.14526e+06		35.3102		
00:00:57:399		9.07819e+06		-5.84807		0		0		7.14471e+06		19.485		
00:00:57:299		9.09428e+06		-5.84852		0		0		7.14376e+06		-13.487		
00:00:57:200		9.11038e+06		-5.84901		0		0		7.14283e+06		-35.7255		
00:00:57:100		9.12644e+06		-5.84951		0		0		7.1423e+06		-31.0407		
00:00:56:950		9.15041e+06		-5.85024		0		0		7.14239e+06		12.4288		
00:00:56:850		9.16629e+06		-5.8507		0		0		7.14261e+06		30.935		
00:00:56:750		9.18212e+06		-5.85113		0		0		7.14259e+06		36.3791		
00:00:56:649		9.19787e+06		-5.85156		0		0		7.1421e+06		21.8647		
00:00:56:549		9.21355e+06		-5.85196		0		0		7.14121e+06		-7.9279		
00:00:56:450		9.22915e+06		-5.85235		0		0		7.14025e+06		-33.4039		
00:00:56:350		9.24468e+06		-5.85272		0		0		7.13965e+06		-32.0475		
00:00:56:250		9.26011e+06		-5.85307		0		0		7.13955e+06		-7.01407		
00:00:56:149		9.27545e+06		-5.85339		0		0		7.13976e+06		20.0117		
00:00:56:049		9.2907e+06		-5.85369		0		0		7.13991e+06		35.4434		
00:00:55:950		9.30587e+06		-5.85396		0		0		7.1397e+06		29.8748		
00:00:55:850		9.32096e+06		-5.8542		0		0		7.13905e+06		12.0755		
00:00:55:750		9.33598e+06		-5.85441		0		0		7.13808e+06		-21.8545		
00:00:55:649		9.35093e+06		-5.85458		0		0		7.13724e+06		-35.6888		
00:00:55:549		9.36579e+06		-5.85472		0		0		7.13687e+06		-23.8631		
00:00:55:450		9.38058e+06		-5.85483		0		0		7.13695e+06		7.6709		
00:00:55:350		9.3953e+06		-5.8549		0		0		7.13718e+06		27.8883		
00:00:55:350		9.3953e+06		-5.8549		0		0		7.13718e+06		27.8883		
00:00:55:250		9.40994e+06		-5.85495		0		0		7.13721e+06		37.0904		
00:00:55:149		9.43176e+06		-5.85497		0		0		7.13645e+06		15.3069		
00:00:55:000		9.44621e+06		-5.85496		0		0		7.13548e+06		-19.8869		
00:00:54:899		9.4606e+06		-5.85494		0		0		7.13461e+06		-35.9866		
00:00:54:700		9.48924e+06		-5.85491		0		0		7.13428e+06		6.11448		
00:00:54:700		9.48924e+06		-5.85491		0		0		7.13428e+06		6.11448		
00:00:54:600		9.50346e+06		-5.85493		0		0		7.13451e+06		26.8548		
00:00:54:500		9.5176e+06		-5.85499		0		0		7.13456e+06		37.928		
00:00:54:399		9.53166e+06		-5.85511		0		0		7.13419e+06		25.5525		
00:00:54:350		9.54564e+06		-5.85528		0		0		7.13336e+06		2.03091		
00:00:54:200		9.55954e+06		-5.85548		0		0		7.13236e+06		-31.6015		
00:00:54:000		9.58708e+06		-5.85609		0		0		7.13148e+06		-14.5531		
00:00:54:000		9.58708e+06		-5.85609		0		0		7.13148e+06		-14.5531		
00:00:53:799		9.61433e+06		-5.85707		0		0		7.13189e+06		34.0524		
00:00:53:750		9.62109e+06		-5.85738		0		0		7.13189e+06		38.7267		
00:00:53:649		9.63456e+06		-5.85811		0		0		7.13156e+06		27.4358		
00:00:53:549		9.64796e+06		-5.85895		0		0		7.13075e+06		4.93288		
00:00:53:450		9.66127e+06		-5.85991		0		0		7.12973e+06		-30.4578		
00:00:53:350		9.67452e+06		-5.86093		0		0		7.12898e+06		-36.8576		
00:00:53:250		9.68778e+06		-5.86198		0		0		7.12875e+06		-17.9156		
00:00:53:149		9.70107e+06		-5.863		0		0		7.12893e+06		15.5344		
00:00:53:049		9.71437e+06		-5.86395		0		0		7.12916e+06		33.6639		
00:00:53:049		9.71437e+06		-5.86395		0		0		7.12916e+06		33.6639		
00:00:52:950		9.72766e+06		-5.86475		0		0		7.1291e+06		37.2557		
00:00:52:700		9.76101e+06		-5.86596		0		0		7.12704e+06		-29.5464		
00:00:52:700		9.76101e+06		-5.86596		0		0		7.12704e+06		-29.5464		
00:00:52:600		9.77443e+06		-5.86606		0		0		7.12624e+06		-37.8162		
00:00:52:399		9.80137e+06		-5.86539		0		0		7.12614e+06		12.8286		
00:00:52:399		9.80137e+06		-5.86539		0		0		7.12614e+06		12.8286		
00:00:52:299		9.8148e+06		-5.86454		0		0		7.12637e+06		32.4185		
00:00:52:200		9.8282e+06		-5.8633		0		0		7.12635e+06		38.7672		
00:00:52:100		9.84157e+06		-5.86163		0		0		7.12584e+06		22.4076		
00:00:52:000		9.85494e+06		-5.85951		0		0		7.12488e+06		-10.4441		
00:00:51:799		9.88169e+06		-5.85384		0		0		7.12326e+06		-34.1026		
00:00:51:700		9.89504e+06		-5.85034		0		0		7.12319e+06		-5.45712		
00:00:51:700		9.89504e+06		-5.85034		0		0		7.12319e+06		-5.45712		
00:00:51:600		9.90836e+06		-5.84648		0		0		7.12341e+06		22.2333		
00:00:51:500		9.92164e+06		-5.84233		0		0		7.12356e+06		38.4606		
00:00:51:399		9.93489e+06		-5.83803		0		0		7.12334e+06		31.7272		
00:00:51:299		9.94813e+06		-5.83369		0		0		7.1226e+06		13.5853		
00:00:51:200		9.96135e+06		-5.82944		0		0		7.12155e+06		-24.7685		
00:00:51:049		9.98117e+06		-5.82357		0		0		7.12042e+06		-34.376		
00:00:50:950		9.99436e+06		-5.82022		0		0		7.12031e+06		-7.88222		
00:00:50:750		1.00207e+07		-5.81405		0		0		7.12064e+06		38.0062		
00:00:50:649		1.00338e+07		-5.81079		0		0		7.12041e+06		31.7632		
00:00:50:649		1.00338e+07		-5.81079		0		0		7.12041e+06		31.7632		
00:00:50:549		1.00469e+07		-5.80742		0		0		7.11967e+06		11.3935		
00:00:50:450		1.006e+07		-5.80393		0		0		7.11861e+06		-24.9666		
00:00:50:350		1.00731e+07		-5.80033		0		0		7.11773e+06		-37.9409		
00:00:50:250		1.00861e+07		-5.79661		0		0		7.11736e+06		-22.9729		
00:00:50:149		1.00992e+07		-5.79279		0		0		7.11745e+06		11.824		
00:00:50:100		1.01057e+07		-5.79084		0		0		7.11755e+06		22.6527		
00:00:50:000		1.01187e+07		-5.78685		0		0		7.11765e+06		38.446		
00:00:49:899		1.01317e+07		-5.78276		0		0		7.11738e+06		31.0746		
00:00:49:799		1.01511e+07		-5.77645		0		0		7.11606e+06		-11.6331		
00:00:49:649		1.0164e+07		-5.77211		0		0		7.11503e+06		-37.1003		
00:00:49:600		1.01705e+07		-5.76991		0		0		7.11465e+06		-38.6929		
00:00:49:450		1.01898e+07		-5.76317		0		0		7.11434e+06		0		
00:00:49:350		1.02027e+07		-5.75856		0		0		7.11451e+06		23.6567		
00:00:49:250		1.02156e+07		-5.75386		0		0		7.11458e+06		38.8042		
00:00:49:149		1.02284e+07		-5.74907		0		0		7.11426e+06		30.0314		
00:00:49:049		1.02411e+07		-5.74419		0		0		7.11343e+06		7.73014		
00:00:48:950		1.02539e+07		-5.73922		0		0		7.11233e+06		-30.5124		
00:00:48:850		1.02667e+07		-5.73415		0		0		7.11149e+06		-37.7119		
00:00:48:750		1.02795e+07		-5.72899		0		0		7.11118e+06		-17.3198		
00:00:48:649		1.02923e+07		-5.72373		0		0		7.11125e+06		16.1049		
00:00:48:549		1.0305e+07		-5.71837		0		0		7.11134e+06		33.9073		
00:00:48:450		1.03178e+07		-5.71293		0		0		7.11114e+06		33.9527		
00:00:48:450		1.03178e+07		-5.71293		0		0		7.11114e+06		33.9527		
00:00:48:250		1.03432e+07		-5.70176		0		0		7.10938e+06		-21.6069		
00:00:48:149		1.03559e+07		-5.69604		0		0		7.1084e+06		-38.7278		
00:00:48:149		1.03559e+07		-5.69604		0		0		7.1084e+06		-38.7278		
00:00:48:000		1.03749e+07		-5.6873		0		0		7.10784e+06		-10.4495		
00:00:47:799		1.04001e+07		-5.67531		0.0690248		0		7.10789e+06		36.1273		
00:00:47:750		1.04064e+07		-5.67226		0.138206		0		7.10777e+06		33.7066		
00:00:47:649		1.0419e+07		-5.66608		0.276546		0		7.10719e+06		22.4995		
00:00:47:649		1.0419e+07		-5.66608		0.276546		0		7.10719e+06		22.4995		
00:00:47:500		1.04378e+07		-5.65664		0.483851		0		7.10563e+06		-29.1262		
00:00:47:399		1.04504e+07		-5.65023		0.621696		0		7.1048e+06		-35.0878		
00:00:47:200		1.04754e+07		-5.63713		0.896295		0		7.10446e+06		17.8768		
00:00:47:200		1.04754e+07		-5.63713		0.896295		0		7.10446e+06		17.8768		
00:00:47:100		1.04879e+07		-5.63043		1.03278		0		7.10438e+06		32.6878		
00:00:47:000		1.05003e+07		-5.62363		1.16857		0		7.10401e+06		26.394		
00:00:46:899		1.05128e+07		-5.61673		1.30351		0		7.1032e+06		8.47893		
00:00:46:750		1.05315e+07		-5.60619		1.50404		0		7.10165e+06		0		
00:00:46:750		1.05315e+07		-5.60619		1.50404		0		7.10165e+06		0		
00:00:46:600		1.05501e+07		-5.59543		1.70178		0		7.10094e+06		-8.92462		
00:00:46:500		1.05626e+07		-5.58813		1.83176		0		7.10086e+06		19.187		
00:00:46:399		1.0575e+07		-5.58074		1.95989		0		7.1007e+06		31.2814		
00:00:46:299		1.05876e+07		-5.57325		2.08589		0		7.10024e+06		24.5458		
00:00:46:200		1.06001e+07		-5.56567		2.20956		0		7.09935e+06		4.22332		
00:00:46:100		1.06127e+07		-5.55799		2.33073		0		7.09825e+06		-27.6537		
00:00:46:000		1.06252e+07		-5.55021		2.44957		0		7.09742e+06		-36.3473		
00:00:45:799		1.06503e+07		-5.53433		2.68105		0		7.09704e+06		23.0502		
00:00:45:700		1.06628e+07		-5.52622		2.80173		0		7.09684e+06		32.9434		
00:00:45:700		1.06628e+07		-5.52622		2.80173		0		7.09684e+06		32.9434		
00:00:45:600		1.06753e+07		-5.51798		2.92119		0		7.09629e+06		25.4756		
00:00:45:500		1.06877e+07		-5.50962		3.03986		0		7.09528e+06		0		
00:00:45:399		1.07001e+07		-5.50115		3.15405		0		7.09409e+06		-32.2528		
00:00:45:299		1.07125e+07		-5.49256		3.26893		0		7.09321e+06		-40.7995		
00:00:45:200		1.07248e+07		-5.48385		3.37124		0		7.09294e+06		0		
00:00:45:100		1.07372e+07		-5.47502		3.47048		0		7.09292e+06		26.4412		
00:00:45:000		1.07495e+07		-5.46608		3.56662		0		7.09275e+06		37.6939		
00:00:44:899		1.07619e+07		-5.45702		3.65962		0		7.0922e+06		33.1741		
00:00:44:700		1.07865e+07		-5.43856		3.83618		0		7.08976e+06		-36.1447		
00:00:44:700		1.07865e+07		-5.43856		3.83618		0		7.08976e+06		-36.1447		
00:00:44:600		1.07989e+07		-5.42918		3.91974		0		7.08876e+06		-40.1533		
00:00:44:500		1.08112e+07		-5.41972		4.00017		0		7.08836e+06		-19.0846		
00:00:44:399		1.08235e+07		-5.41018		4.07754		0		7.08836e+06		27.1786		
00:00:44:299		1.08358e+07		-5.40058		4.15186		0		7.08823e+06		40.4015		
00:00:44:200		1.08481e+07		-5.39092		4.22317		0		7.08767e+06		36.6171		
00:00:44:100		1.08604e+07		-5.38121		4.2916		0		7.08656e+06		0		
00:00:44:000		1.08726e+07		-5.37146		4.35716		0		7.08519e+06		-35.1104		
00:00:43:899		1.08849e+07		-5.36168		4.42001		0		7.08408e+06		-42.8743		
00:00:43:649		1.09154e+07		-5.3371		4.56541		0		7.08341e+06		34.2313		
00:00:43:649		1.09154e+07		-5.3371		4.56541		0		7.08341e+06		34.2313		
00:00:43:549		1.09276e+07		-5.32719		4.61915		0		7.08306e+06		38.7985		
00:00:43:450		1.09398e+07		-5.31725		4.67055		0		7.08221e+06		26.4955		
00:00:43:350		1.0952e+07		-5.30724		4.71948		0		7.08093e+06		-22.7357		
00:00:43:250		1.09641e+07		-5.29716		4.76638		0		7.07967e+06		-37.0598		
00:00:43:200		1.09701e+07		-5.2921		4.78894		0		7.07916e+06		-38.0242		
00:00:43:049		1.09883e+07		-5.2768		4.85367		0		7.07845e+06		5.09009		
00:00:42:950		1.10005e+07		-5.26651		4.89436		0		7.07826e+06		32.1839		
00:00:42:750		1.10248e+07		-5.24571		4.97007		0		7.0769e+06		16.9511		
00:00:42:649		1.10369e+07		-5.23521		5.00523		0		7.07563e+06		-24.0953		
00:00:42:649		1.10369e+07		-5.23521		5.00523		0		7.07563e+06		-24.0953		
00:00:42:549		1.10491e+07		-5.22464		5.03873		0		7.07447e+06		-33.697		
00:00:42:500		1.10552e+07		-5.21933		5.05485		0		7.07402e+06		-32.818		
00:00:42:350		1.10734e+07		-5.20332		5.10102		0		7.07331e+06		10.9496		
00:00:42:250		1.10856e+07		-5.19257		5.12994		0		7.07294e+06		29.1231		
00:00:42:149		1.10978e+07		-5.18176		5.15746		0		7.07228e+06		27.2241		
00:00:42:049		1.111e+07		-5.1709		5.18366		0		7.07123e+06		2.35653		
00:00:41:950		1.11223e+07		-5.16		5.20847		0		7.07004e+06		-22.5155		
00:00:41:850		1.11345e+07		-5.14906		5.2322		0		7.06904e+06		-22.994		
00:00:41:750		1.11468e+07		-5.1381		5.25471		0		7.06836e+06		0.0763263		
00:00:41:649		1.11591e+07		-5.12712		5.2761		0		7.06778e+06		16.6892		
00:00:41:549		1.11714e+07		-5.11612		5.29643		0		7.06706e+06		17.8177		
00:00:41:450		1.11837e+07		-5.10512		5.31571		0		7.06611e+06		2.09687		
00:00:41:350		1.1196e+07		-5.0941		5.33405		0		7.06505e+06		-17.3606		
00:00:41:250		1.12083e+07		-5.08307		5.3514		0		7.06414e+06		0		
00:00:41:149		1.12207e+07		-5.07203		5.36799		0		7.06328e+06		0		
00:00:41:149		1.12207e+07		-5.07203		5.36799		0		7.06328e+06		0		
00:00:41:049		1.12392e+07		-5.0554		5.39099		0		7.06204e+06		6.25419		
00:00:40:899		1.12516e+07		-5.04427		5.40541		0		7.06115e+06		4.41942		
00:00:40:700		1.12763e+07		-5.02182		5.43186		0		7.05928e+06		0		
00:00:40:600		1.12888e+07		-5.01051		5.4441		0		7.05836e+06		0		
00:00:40:600		1.12888e+07		-5.01051		5.4441		0		7.05836e+06		0		
00:00:40:500		1.13012e+07		-4.99915		5.45566		0		7.05746e+06		0		
00:00:40:399		1.13137e+07		-4.98775		5.46651		0		7.05658e+06		4.13884		
00:00:40:299		1.13262e+07		-4.97628		5.47679		0		7.0557e+06		5.32259		
00:00:40:200		1.13386e+07		-4.96477		5.48642		0		7.05479e+06		3.9967		
00:00:40:100		1.13511e+07		-4.95319		5.49547		0		7.05387e+06		2.0848		
00:00:40:000		1.13635e+07		-4.94156		5.50393		0		7.05297e+06		2.90491		
00:00:39:899		1.13759e+07		-4.92988		5.51187		0		7.05209e+06		4.4002		
00:00:39:700		1.14008e+07		-4.90637		5.52657		0		7.05039e+06		7.26128		
00:00:39:700		1.14008e+07		-4.90637		5.52657		0		7.05039e+06		7.26128		
00:00:39:500		1.14256e+07		-4.88268		5.53901		0		7.04869e+06		7.67273		
00:00:39:500		1.14256e+07		-4.88268		5.53901		0		7.04869e+06		7.67273		
00:00:39:399		1.1438e+07		-4.87076		5.54468		0		7.04786e+06		7.85979		
00:00:39:299		1.14505e+07		-4.85881		5.54998		0		7.04705e+06		8.87466		
00:00:39:200		1.14629e+07		-4.84681		5.55484		0		7.04627e+06		10.4137		
00:00:39:100		1.14753e+07		-4.83478		5.55919		0		7.04551e+06		11.951		
00:00:39:000		1.14877e+07		-4.82271		5.56301		0		7.04477e+06		13.1949		
00:00:38:899		1.15001e+07		-4.81061		5.5666		0		7.04403e+06		14.0756		
00:00:38:700		1.15249e+07		-4.78631		5.57323		0		7.04261e+06		15.5662		
00:00:38:700		1.15249e+07		-4.78631		5.57323		0		7.04261e+06		15.5662		
00:00:38:600		1.15373e+07		-4.77412		5.57583		0		7.04193e+06		16.5337		
00:00:38:500		1.15498e+07		-4.76189		5.5778		0		7.04127e+06		17.8166		
00:00:38:399		1.15623e+07		-4.74962		5.57946		0		7.04063e+06		19.2492		
00:00:38:299		1.15748e+07		-4.73733		5.58121		0		7.04001e+06		20.6315		
00:00:38:200		1.15873e+07		-4.72499		5.58295		0		7.0394e+06		21.7958		
00:00:38:100		1.15998e+07		-4.71262		5.58423		0		7.03881e+06		22.6906		
00:00:37:950		1.16185e+07		-4.694		5.58449		0		7.03793e+06		23.8554		
00:00:37:850		1.16309e+07		-4.68153		5.58422		0		7.03736e+06		24.6546		
00:00:37:649		1.16558e+07		-4.65648		5.58507		0		7.03629e+06		26.6946		
00:00:37:649		1.16558e+07		-4.65648		5.58507		0		7.03629e+06		26.6946		
00:00:37:549		1.16683e+07		-4.6439		5.58492		9.21007		7.03578e+06		27.8527		
00:00:37:450		1.16806e+07		-4.63128		5.58346		16.3783		7.03528e+06		29.2076		
00:00:37:350		1.16928e+07		-4.61861		5.58125		24.2427		7.0348e+06		30.6868		
00:00:37:250		1.1705e+07		-4.6059		5.57967		31.78		7.03433e+06		32.1322		
00:00:37:149		1.17173e+07		-4.59314		5.57833		37.5116		7.03387e+06		33.4478		
00:00:37:049		1.17295e+07		-4.58034		5.57684		44.8928		7.03342e+06		34.7715		
00:00:36:950		1.17416e+07		-4.56752		5.57472		51.9329		7.03297e+06		36.0209		
00:00:36:750		1.1766e+07		-4.54181		5.56996		64.6468		7.03206e+06		37.9044		
00:00:36:649		1.17781e+07		-4.52892		5.56806		71.08		7.03159e+06		38.6895		
00:00:36:649		1.17781e+07		-4.52892		5.56806		71.08		7.03159e+06		38.6895		
00:00:36:549		1.17902e+07		-4.51601		5.56593		77.4273		7.03112e+06		39.4066		
00:00:36:450		1.18023e+07		-4.50308		5.56295		83.0094		7.03065e+06		40.1516		
00:00:36:350		1.18144e+07		-4.49011		5.55926		88.126		7.03017e+06		40.8854		
00:00:36:250		1.18264e+07		-4.4771		5.55598		93.2463		7.02969e+06		41.6193		
00:00:36:149		1.18385e+07		-4.46405		5.55386		97.9462		7.0292e+06		42.3892		
00:00:36:049		1.18505e+07		-4.45098		5.55313		101.315		7.02872e+06		43.2333		
00:00:35:950		1.18505e+07		-4.45098		5.55313		101.315		7.02872e+06		43.2333		
00:00:35:850		1.18745e+07		-4.42479		5.56693		105.355		7.02777e+06		45.0479		
00:00:35:750		1.18865e+07		-4.41169		5.56005		106.988		7.0273e+06		46.1975		
00:00:35:750		1.18865e+07		-4.41169		5.56005		106.988		7.0273e+06		46.1975		
00:00:35:549		1.19106e+07		-4.38554		5.54486		110.254		7.02638e+06		47.9503		
00:00:35:450		1.19227e+07		-4.3725		5.53676		111.903		7.02593e+06		48.9159		
00:00:35:450		1.19227e+07		-4.3725		5.53676		111.903		7.02593e+06		48.9159		
00:00:35:350		1.19348e+07		-4.3595		5.52917		113.554		7.0255e+06		50.6464		
00:00:35:200		1.19529e+07		-4.34004		5.51862		116.053		7.02483e+06		50.7176		
00:00:35:100		1.1965e+07		-4.3271		5.51096		117.713		7.02438e+06		51.0762		
00:00:35:000		1.19771e+07		-4.31416		5.50242		119.405		7.0239e+06		51.2272		
00:00:34:799		1.20013e+07		-4.28821		5.48598		122.847		7.02293e+06		51.2713		
00:00:34:700		1.20134e+07		-4.27516		5.47914		124.579		7.02245e+06		51.3301		
00:00:34:700		1.20134e+07		-4.27516		5.47914		124.579		7.02245e+06		51.3301		
00:00:34:600		1.20256e+07		-4.26204		5.47185		126.311		7.02197e+06		51.605		
00:00:34:500		1.20378e+07		-4.24882		5.46306		128.065		7.02151e+06		52.1168		
00:00:34:399		1.20499e+07		-4.23548		5.45354		129.854		7.02107e+06		52.9168		
00:00:34:299		1.20621e+07		-4.22203		5.44496		131.686		7.02063e+06		53.7458		
00:00:34:200		1.20742e+07		-4.20845		5.43806		133.535		7.02017e+06		54.5581		
00:00:34:000		1.20983e+07		-4.18101		5.42276		137.287		7.01921e+06		56.2147		
00:00:34:000		1.20983e+07		-4.18101		5.42276		137.287		7.01921e+06		56.2147		
00:00:33:899		1.21102e+07		-4.16719		5.4123		139.243		7.0187e+06		57.0944		
00:00:33:700		1.21337e+07		-4.13964		5.39521		143.337		7.01762e+06		59.1819		
00:00:33:700		1.21337e+07		-4.13964		5.39521		143.337		7.01762e+06		59.1819		
00:00:33:600		1.21455e+07		-4.12607		5.38956		145.411		7.01707e+06		60.6561		
00:00:33:500		1.21572e+07		-4.11275		5.38205		147.502		7.01652e+06		62.1045		
00:00:33:399		1.2169e+07		-4.0997		5.37103		149.711		7.01594e+06		63.4763		
00:00:33:299		1.21807e+07		-4.08693		5.35919		152.123		7.01535e+06		64.9668		
00:00:33:200		1.21925e+07		-4.0744		5.35057		154.684		7.01474e+06		66.5437		
00:00:33:100		1.22042e+07		-4.06205		5.34572		157.314		7.0141e+06		68.2647		
00:00:33:000		1.22159e+07		-4.04971		5.34023		160.123		7.01344e+06		70.1756		
00:00:32:899		1.22275e+07		-4.03736		5.32947		163.555		7.01275e+06		72.1989		
00:00:32:799		1.22392e+07		-4.02502		5.31541		168.453		7.01203e+06		75.8677		
00:00:32:700		1.22509e+07		-4.01266		5.30384		176.225		7.01128e+06		78.1455		
00:00:32:549		1.22683e+07		-3.99411		5.29797		200.235		7.01008e+06		80.0196		
00:00:32:450		1.228e+07		-3.98173		5.27313		233.722		7.0092e+06		82.3427		
00:00:32:350		1.22916e+07		-3.96928		5.28336		281.321		7.00823e+06		84.5903		
00:00:32:250		1.23032e+07		-3.9567		5.26631		330.053		7.00716e+06		86.7387		
00:00:32:149		1.23149e+07		-3.94401		5.25468		374.398		7.00594e+06		88.7558		
00:00:32:049		1.23265e+07		-3.9312		5.25262		412.515		7.00462e+06		90.7685		
00:00:31:949		1.23381e+07		-3.91829		5.25169		444.182		7.00321e+06		92.7875		
00:00:31:850		1.23497e+07		-3.90528		5.2409		469.839		7.00171e+06		94.8418		
00:00:31:699		1.2367e+07		-3.88561		5.20936		497.782		6.99933e+06		98.3255		
00:00:31:699		1.2367e+07		-3.88561		5.20936		497.782		6.99933e+06		98.3255		
00:00:31:600		1.23786e+07		-3.8724		5.19772		508.382		6.99768e+06		104.555		
00:00:31:449		1.23958e+07		-3.85246		5.20306		512.077		6.99514e+06		106.889		
00:00:31:350		1.24072e+07		-3.8391		5.19879		512.773		6.99341e+06		110.046		
00:00:31:250		1.24186e+07		-3.8257		5.17397		513.456		6.99164e+06		113.269		
00:00:31:149		1.24299e+07		-3.81226		5.146		514.116		6.98984e+06		116.565		
00:00:31:050		1.24413e+07		-3.79881		5.13634		514.755		6.98801e+06		119.911		
00:00:30:949		1.24526e+07		-3.78535		5.14718		515.382		6.98616e+06		123.36		
00:00:30:750		1.24754e+07		-3.75841		5.12996		516.618		6.98235e+06		130.344		
00:00:30:649		1.24867e+07		-3.74493		5.09203		517.242		6.9804e+06		133.768		
00:00:30:649		1.24867e+07		-3.74493		5.09203		517.242		6.9804e+06		133.768		
00:00:30:550		1.2498e+07		-3.73145		5.06384		517.889		6.97839e+06		137.12		
00:00:30:449		1.25093e+07		-3.71797		5.08191		518.56		6.97633e+06		140.397		
00:00:30:350		1.25206e+07		-3.70448		5.1069		519.263		6.9742e+06		143.502		
00:00:30:250		1.25206e+07		-3.70448		5.1069		519.263		6.9742e+06		143.502		
00:00:30:250		1.25318e+07		-3.691		5.08731		520.001		6.972e+06		146.274		
00:00:30:050		1.25543e+07		-3.66402		4.92058		521.585		6.96727e+06		150.005		
00:00:29:899		1.25711e+07		-3.64378		4.73011		522.854		6.96339e+06		150.738		
00:00:29:899		1.25711e+07		-3.64378		4.73011		522.854		6.96339e+06		150.738		
00:00:29:699		1.25934e+07		-3.61678		4.62909		524.612		6.95779e+06		150.415		
00:00:29:699		1.25934e+07		-3.61678		4.62909		524.612		6.95779e+06		150.415		
00:00:29:600		1.26046e+07		-3.60328		4.58225		525.492		6.95483e+06		150.759		
00:00:29:500		1.26156e+07		-3.58977		4.42502		526.368		6.95178e+06		151.466		
00:00:29:399		1.26267e+07		-3.57625		4.3181		527.225		6.94865e+06		152.536		
00:00:29:300		1.26377e+07		-3.56272		4.22788		528.055		6.94548e+06		153.795		
00:00:29:199		1.26487e+07		-3.54919		4.18077		528.869		6.94227e+06		155.421		
00:00:29:100		1.26596e+07		-3.53565		4.12194		529.669		6.93904e+06		157.665		
00:00:29:000		1.26705e+07		-3.52211		4.00961		530.466		6.93588e+06		161.067		
00:00:28:899		1.26814e+07		-3.50859		3.90038		531.265		6.93287e+06		165.816		
00:00:28:699		1.2703e+07		-3.48159		3.7522		532.937		6.92681e+06		175.462		
00:00:28:699		1.2703e+07		-3.48159		3.7522		532.937		6.92681e+06		175.462		
00:00:28:600		1.27138e+07		-3.4681		3.69223		533.842		6.92347e+06		179.136		
00:00:28:500		1.27246e+07		-3.4546		3.62315		534.81		6.91991e+06		180.917		
00:00:28:399		1.27353e+07		-3.44112		3.5137		535.858		6.91612e+06		182.113		
00:00:28:300		1.2746e+07		-3.42763		3.43769		537.002		6.91208e+06		182.451		
00:00:28:199		1.27567e+07		-3.41415		3.33522		538.261		6.90778e+06		181.954		
00:00:28:100		1.27675e+07		-3.40068		3.2513		539.646		6.90319e+06		180.861		
00:00:28:000		1.27781e+07		-3.38721		3.19429		541.16		6.89831e+06		179.395		
00:00:27:899		1.27888e+07		-3.37375		3.16014		542.798		6.89314e+06		177.529		
00:00:27:800		1.27995e+07		-3.36029		3.03943		544.528		6.88766e+06		175.312		
00:00:27:699		1.28101e+07		-3.34684		2.92904		546.321		6.88187e+06		172.742		
00:00:27:600		1.28206e+07		-3.33338		2.85212		548.123		6.87576e+06		169.85		
00:00:27:500		1.28312e+07		-3.31993		2.80345		549.872		6.86933e+06		165.938		
00:00:27:399		1.28417e+07		-3.30648		2.80201		551.486		6.86255e+06		158.377		
00:00:27:300		1.28522e+07		-3.29304		2.68569		552.87		6.85547e+06		151.111		
00:00:27:199		1.28626e+07		-3.27962		2.58558		553.905		6.84814e+06		144.407		
00:00:27:100		1.2873e+07		-3.2662		2.45663		554.472		6.84058e+06		138.228		
00:00:27:000		1.28834e+07		-3.2528		2.43554		554.465		6.83279e+06		132.356		
00:00:26:899		1.28938e+07		-3.2394		2.43576		553.806		6.82481e+06		126.798		
00:00:26:800		1.29041e+07		-3.22601		2.43532		552.48		6.81675e+06		131.758		
00:00:26:649		1.29196e+07		-3.20593		2.43441		549.673		6.80487e+06		114.146		
00:00:26:550		1.29299e+07		-3.19254		2.43345		547.908		6.79744e+06		109.915		
00:00:26:449		1.29402e+07		-3.17916		2.43227		546.563		6.79084e+06		108.007		
00:00:26:350		1.29504e+07		-3.16577		2.43117		545.659		6.78584e+06		119.412		
00:00:26:250		1.29607e+07		-3.15238		2.4303		545.162		6.78315e+06		192.284		
00:00:26:149		1.29709e+07		-3.13898		2.42999		544.947		6.78279e+06		354.195		
00:00:26:050		1.29811e+07		-3.12557		2.43029		544.811		6.78368e+06		398.167		
00:00:25:949		1.29913e+07		-3.11215		2.43085		544.666		6.78549e+06		460.985		
00:00:25:850		1.30015e+07		-3.09871		2.4318		544.519		6.78779e+06		497.852		
00:00:25:649		1.30219e+07		-3.0718		2.43405		544.249		6.79255e+06		510.682		
00:00:25:649		1.30219e+07		-3.0718		2.43405		544.249		6.79255e+06		510.682		
00:00:25:550		1.30321e+07		-3.05834		2.43547		544.121		6.79488e+06		510.527		
00:00:25:449		1.30423e+07		-3.04486		2.43728		543.994		6.79719e+06		511.848		
00:00:25:350		1.30525e+07		-3.03138		2.43962		543.87		6.79948e+06		512.777		
00:00:25:250		1.30627e+07		-3.0179		2.44185		543.748		6.80175e+06		513.231		
00:00:25:149		1.30729e+07		-3.00442		2.4442		543.628		6.80399e+06		513.673		
00:00:25:050		1.30831e+07		-2.99092		2.44648		543.511		6.80621e+06		514.097		
00:00:24:949		1.30932e+07		-2.97742		2.4488		543.397		6.80841e+06		514.513		
00:00:24:750		1.31136e+07		-2.95039		2.45331		543.163		6.81274e+06		515.298		
00:00:24:750		1.31136e+07		-2.95039		2.45331		543.163		6.81274e+06		515.298		
00:00:24:649		1.31237e+07		-2.93685		2.45561		543.055		6.81487e+06		515.685		
00:00:24:550		1.31339e+07		-2.92331		2.45791		542.942		6.81698e+06		516.055		
00:00:24:449		1.3144e+07		-2.90976		2.46023		542.832		6.81908e+06		516.431		
00:00:24:350		1.31542e+07		-2.89619		2.46244		542.721		6.82115e+06		516.784		
00:00:24:350		1.31542e+07		-2.89619		2.46244		542.721		6.82115e+06		516.784		
00:00:24:250		1.31643e+07		-2.88262		2.46469		542.615		6.8232e+06		516.273		
00:00:24:050		1.31845e+07		-2.85543		2.46917		542.397		6.82726e+06		517.822		
00:00:24:050		1.31845e+07		-2.85543		2.46917		542.397		6.82726e+06		517.822		
00:00:23:899		1.31997e+07		-2.835		2.47258		542.237		6.83025e+06		518.32		
00:00:23:699		1.32199e+07		-2.80773		2.47704		542.027		6.83418e+06		518.953		
00:00:23:600		1.323e+07		-2.79408		2.47931		541.92		6.83612e+06		519.269		
00:00:23:600		1.323e+07		-2.79408		2.47931		541.92		6.83612e+06		519.269		
00:00:23:500		1.32401e+07		-2.78043		2.48153		541.816		6.83804e+06		519.579		
00:00:23:399		1.32502e+07		-2.76677		2.48378		541.712		6.83994e+06		519.881		
00:00:23:300		1.32603e+07		-2.75311		2.48599		541.609		6.84182e+06		520.169		
00:00:23:199		1.32704e+07		-2.73945		2.48823		541.504		6.84369e+06		520.472		
00:00:23:100		1.32805e+07		-2.72579		2.49048		541.4		6.84554e+06		520.759		
00:00:23:000		1.32906e+07		-2.71212		2.49269		541.295		6.84738e+06		521.036		
00:00:22:899		1.33007e+07		-2.69844		2.49494		541.191		6.8492e+06		521.32		
00:00:22:800		1.33108e+07		-2.68475		2.49725		541.09		6.851e+06		521.589		
00:00:22:699		1.33209e+07		-2.67105		2.49946		540.984		6.85278e+06		521.862		
00:00:22:600		1.3331e+07		-2.65734		2.50181		540.881		6.85455e+06		522.128		
00:00:22:500		1.33411e+07		-2.64362		2.50404		540.774		6.85631e+06		522.388		
00:00:22:399		1.33512e+07		-2.62989		2.50628		540.673		6.85805e+06		522.649		
00:00:22:300		1.33612e+07		-2.61614		2.50852		540.569		6.85977e+06		522.905		
00:00:22:199		1.33713e+07		-2.60238		2.51078		540.466		6.86147e+06		523.163		
00:00:22:100		1.33813e+07		-2.5886		2.51311		540.361		6.86317e+06		523.407		
00:00:22:000		1.33913e+07		-2.57481		2.51544		540.258		6.86484e+06		523.654		
00:00:21:899		1.34014e+07		-2.56102		2.51762		540.155		6.8665e+06		523.893		
00:00:21:699		1.34215e+07		-2.5334		2.52221		539.946		6.86977e+06		524.371		
00:00:21:699		1.34215e+07		-2.5334		2.52221		539.946		6.86977e+06		524.371		
00:00:21:600		1.34315e+07		-2.51958		2.52445		539.841		6.87139e+06		524.592		
00:00:21:500		1.34414e+07		-2.50577		2.52664		539.736		6.87298e+06		524.824		
00:00:21:399		1.34513e+07		-2.49196		2.52892		539.633		6.87457e+06		525.05		
00:00:21:300		1.34612e+07		-2.47814		2.53122		539.53		6.87614e+06		524.592		
00:00:21:149		1.3476e+07		-2.45741		2.53474		539.372		6.87846e+06		525.6		
00:00:21:050		1.34858e+07		-2.44358		2.53705		539.268		6.87999e+06		525.813		
00:00:20:949		1.34957e+07		-2.42973		2.53934		539.161		6.88151e+06		526.021		
00:00:20:850		1.35055e+07		-2.41587		2.54169		539.054		6.88301e+06		526.221		
00:00:20:800		1.35105e+07		-2.40893		2.54286		539.002		6.88376e+06		526.328		
00:00:20:699		1.35204e+07		-2.39505		2.54519		538.897		6.88524e+06		526.522		
00:00:20:600		1.35302e+07		-2.38116		2.54757		538.792		6.88671e+06		526.719		
00:00:20:500		1.35401e+07		-2.36726		2.54984		538.685		6.88816e+06		526.916		
00:00:20:399		1.355e+07		-2.35334		2.55224		538.576		6.88961e+06		526.503		
00:00:20:250		1.35648e+07		-2.33245		2.55592		538.417		6.89174e+06		527.405		
00:00:20:149		1.35747e+07		-2.31851		2.55826		538.306		6.89315e+06		527.596		
00:00:20:050		1.35846e+07		-2.30457		2.56065		538.201		6.89455e+06		527.79		
00:00:19:949		1.35944e+07		-2.29063		2.56303		538.089		6.89594e+06		527.977		
00:00:19:750		1.36141e+07		-2.26279		2.56774		537.869		6.89866e+06		528.345		
00:00:19:649		1.3624e+07		-2.24892		2.57015		537.759		6.9e+06		528.525		
00:00:19:649		1.3624e+07		-2.24892		2.57015		537.759		6.9e+06		528.525		
00:00:19:550		1.36338e+07		-2.23507		2.57258		537.65		6.90133e+06		528.699		
00:00:19:449		1.36435e+07		-2.22125		2.57521		537.537		6.90264e+06		528.866		
00:00:19:350		1.36533e+07		-2.20748		2.57758		537.426		6.90394e+06		529.039		
00:00:19:250		1.36631e+07		-2.19375		2.57992		537.318		6.90523e+06		529.2		
00:00:19:149		1.36729e+07		-2.18007		2.58235		537.207		6.9065e+06		529.355		
00:00:19:050		1.36826e+07		-2.16644		2.58491		537.092		6.90775e+06		529.517		
00:00:18:949		1.36924e+07		-2.15286		2.58747		536.983		6.90899e+06		529.669		
00:00:18:850		1.37021e+07		-2.13933		2.58989		536.871		6.91022e+06		529.809		
00:00:18:750		1.37119e+07		-2.12585		2.59237		536.76		6.91143e+06		529.95		
00:00:18:649		1.37216e+07		-2.11244		2.5948		536.647		6.91263e+06		530.097		
00:00:18:550		1.37313e+07		-2.09908		2.5973		536.534		6.91381e+06		530.221		
00:00:18:449		1.37411e+07		-2.08579		2.59969		536.424		6.91498e+06		530.348		
00:00:18:350		1.37508e+07		-2.07257		2.60235		536.311		6.91613e+06		530.468		
00:00:18:300		1.37557e+07		-2.06599		2.60354		536.254		6.9167e+06		530.531		
00:00:18:149		1.37703e+07		-2.04635		2.60726		536.085		6.91839e+06		530.696		
00:00:18:050		1.378e+07		-2.03336		2.60978		535.974		6.9195e+06		530.816		
00:00:17:949		1.37898e+07		-2.02045		2.61222		535.863		6.9206e+06		530.918		
00:00:17:949		1.37898e+07		-2.02045		2.61222		535.863		6.9206e+06		530.918		
00:00:17:850		1.37995e+07		-2.00762		2.61474		535.754		6.92167e+06		531.013		
00:00:17:649		1.38191e+07		-1.98223		2.61969		535.533		6.92379e+06		531.192		
00:00:17:550		1.38288e+07		-1.96965		2.62222		535.426		6.92482e+06		531.279		
00:00:17:449		1.38386e+07		-1.95716		2.6248		535.318		6.92585e+06		531.369		
00:00:17:350		1.38483e+07		-1.94476		2.62742		535.213		6.92685e+06		531.447		
00:00:17:250		1.3858e+07		-1.93243		2.63001		535.105		6.92785e+06		531.518		
00:00:17:149		1.38678e+07		-1.92017		2.63262		535.001		6.92882e+06		531.585		
00:00:17:050		1.38775e+07		-1.90798		2.63521		534.896		6.92979e+06		531.647		
00:00:16:949		1.38874e+07		-1.89586		2.63786		534.786		6.93073e+06		531.71		
00:00:16:699		1.3912e+07		-1.86578		2.64431		534.505		6.93307e+06		531.937		
00:00:16:699		1.3912e+07		-1.86578		2.64431		534.505		6.93307e+06		531.937		
00:00:16:600		1.3922e+07		-1.8538		2.64683		534.386		6.934e+06		532.073		
00:00:16:600		1.3922e+07		-1.8538		2.64683		534.386		6.934e+06		532.073		
00:00:16:500		1.39319e+07		-1.84182		2.64944		534.266		6.93497e+06		532.319		
00:00:16:399		1.3942e+07		-1.82985		2.65192		534.142		6.93598e+06		532.64		
00:00:16:300		1.39521e+07		-1.81785		2.6544		534.021		6.93701e+06		532.975		
00:00:16:199		1.39623e+07		-1.80584		2.6568		533.904		6.93802e+06		533.298		
00:00:16:100		1.39726e+07		-1.79378		2.65932		533.793		6.93899e+06		533.581		
00:00:16:000		1.3983e+07		-1.78169		2.66191		533.687		6.93994e+06		533.852		
00:00:15:750		1.40098e+07		-1.75123		2.66825		533.449		6.94219e+06		534.443		
00:00:15:750		1.40098e+07		-1.75123		2.66825		533.449		6.94219e+06		534.443		
00:00:15:650		1.40209e+07		-1.739		2.67088		533.367		6.94304e+06		534.629		
00:00:15:500		1.40379e+07		-1.72067		2.67484		533.25		6.94424e+06		534.819		
00:00:15:500		1.40379e+07		-1.72067		2.67484		533.25		6.94424e+06		534.819		
00:00:15:300		1.40607e+07		-1.69609		2.68006		533.1		6.9457e+06		534.896		
00:00:15:300		1.40607e+07		-1.69609		2.68006		533.1		6.9457e+06		534.896		
00:00:15:199		1.4072e+07		-1.68369		2.68267		533.021		6.94636e+06		534.825		
00:00:15:099		1.4083e+07		-1.67123		2.68538		532.937		6.94697e+06		534.685		
00:00:15:000		1.40938e+07		-1.6587		2.68804		532.849		6.94761e+06		534.757		
00:00:14:900		1.41046e+07		-1.64617		2.69075		532.765		6.94836e+06		534.91		
00:00:14:699		1.41264e+07		-1.62098		2.69614		532.591		6.94981e+06		535.203		
00:00:14:699		1.41264e+07		-1.62098		2.69614		532.591		6.94981e+06		535.203		
00:00:14:599		1.41371e+07		-1.60823		2.6989		532.508		6.95053e+06		535.35		
00:00:14:400		1.41569e+07		-1.5824		2.70431		532.344		6.95192e+06		535.656		
00:00:14:400		1.41569e+07		-1.5824		2.70431		532.344		6.95192e+06		535.656		
00:00:14:300		1.41664e+07		-1.56945		2.70697		532.263		6.95261e+06		535.816		
00:00:14:199		1.41759e+07		-1.55648		2.7097		532.184		6.95329e+06		536.015		
00:00:14:099		1.41854e+07		-1.5435		2.71253		532.107		6.95396e+06		536.218		
00:00:14:000		1.41949e+07		-1.5305		2.71534		532.032		6.95463e+06		536.449		
00:00:13:900		1.42043e+07		-1.51748		2.71809		531.959		6.95528e+06		536.667		
00:00:13:800		1.42137e+07		-1.50444		2.72082		531.883		6.95594e+06		536.842		
00:00:13:699		1.42231e+07		-1.49138		2.72366		531.808		6.95658e+06		536.953		
00:00:13:599		1.42325e+07		-1.47831		2.7265		531.735		6.95721e+06		537.05		
00:00:13:500		1.42418e+07		-1.46523		2.72939		531.66		6.95784e+06		537.139		
00:00:13:400		1.42511e+07		-1.45213		2.7323		531.584		6.95846e+06		537.226		
00:00:13:300		1.42604e+07		-1.43901		2.73512		531.509		6.95907e+06		537.312		
00:00:13:150		1.42744e+07		-1.41931		2.73942		531.397		6.95998e+06		537.455		
00:00:13:050		1.42836e+07		-1.40616		2.74237		531.318		6.96057e+06		537.544		
00:00:12:949		1.42929e+07		-1.39299		2.74532		531.239		6.96116e+06		537.652		
00:00:12:849		1.43021e+07		-1.37981		2.74828		531.153		6.96174e+06		537.751		
00:00:12:750		1.43112e+07		-1.36661		2.75123		531.067		6.96231e+06		537.852		
00:00:12:699		1.43158e+07		-1.36		2.75282		531.019		6.9626e+06		537.674		
00:00:12:550		1.43295e+07		-1.34014		2.75733		530.874		6.96344e+06		538.06		
00:00:12:449		1.43385e+07		-1.32686		2.76035		530.771		6.964e+06		538.17		
00:00:12:349		1.43476e+07		-1.31356		2.76331		530.666		6.96455e+06		538.279		
00:00:12:250		1.43565e+07		-1.30024		2.76636		530.569		6.9651e+06		538.39		
00:00:12:150		1.43655e+07		-1.28688		2.76936		530.479		6.96564e+06		538.513		
00:00:12:050		1.43744e+07		-1.27349		2.77245		530.416		6.96618e+06		538.661		
00:00:11:949		1.43832e+07		-1.26008		2.77546		530.387		6.96672e+06		538.826		
00:00:11:849		1.43921e+07		-1.24662		2.77859		530.41		6.96726e+06		539.039		
00:00:11:750		1.44008e+07		-1.23314		2.78178		530.493		6.9678e+06		539.308		
00:00:11:650		1.44095e+07		-1.21963		2.78493		530.637		6.96834e+06		539.688		
00:00:11:550		1.4418e+07		-1.20607		2.78802		530.826		6.96889e+06		540.185		
00:00:11:449		1.44265e+07		-1.19247		2.79113		531.023		6.96943e+06		540.869		
00:00:11:349		1.44348e+07		-1.17882		2.79439		531.169		6.96995e+06		541.722		
00:00:11:250		1.4443e+07		-1.16511		2.79778		531.201		6.97044e+06		542.66		
00:00:11:150		1.4451e+07		-1.15135		2.80099		531.1		6.97085e+06		543.335		
00:00:11:050		1.44587e+07		-1.13754		2.80425		530.923		6.97114e+06		542.772		
00:00:10:949		1.44661e+07		-1.12368		2.80752		530.732		6.97124e+06		538.172		
00:00:10:849		1.44733e+07		-1.10983		2.81085		530.554		6.97115e+06		526.437		
00:00:10:750		1.44804e+07		-1.09601		2.81409		530.383		6.97098e+06		516.7		
00:00:10:650		1.44876e+07		-1.08223		2.81744		530.223		6.97087e+06		519.674		
00:00:10:550		1.44876e+07		-1.08223		2.81744		530.223		6.97087e+06		519.674		
00:00:10:550		1.44948e+07		-1.0685		2.82081		530.089		6.97082e+06		522.562		
00:00:10:449		1.45022e+07		-1.05483		2.82407		529.98		6.97083e+06		525.371		
00:00:10:349		1.45097e+07		-1.04122		2.8274		529.895		6.97091e+06		528.514		
00:00:10:199		1.45214e+07		-1.02094		2.83255		529.8		6.97114e+06		532.16		
00:00:10:099		1.45296e+07		-1.0075		2.83588		529.741		6.97135e+06		534.806		
00:00:10:000		1.45382e+07		-0.994078		2.83916		529.684		6.9716e+06		537.278		
00:00:09:900		1.45467e+07		-0.980534		2.84255		529.628		6.97186e+06		539.23		
00:00:09:699		1.45621e+07		-0.953301		2.84946		529.52		6.97237e+06		539.823		
00:00:09:599		1.4569e+07		-0.939692		2.85282		529.464		6.97261e+06		539.882		
00:00:09:599		1.4569e+07		-0.939692		2.85282		529.464		6.97261e+06		539.882		
00:00:09:500		1.45762e+07		-0.92621		2.85624		529.416		6.97283e+06		539.937		
00:00:09:400		1.45838e+07		-0.912871		2.85969		529.365		6.97305e+06		539.976		
00:00:09:300		1.45919e+07		-0.899656		2.86315		529.315		6.97325e+06		540.033		
00:00:09:199		1.46006e+07		-0.886507		2.86676		529.267		6.97344e+06		540.077		
00:00:09:000		1.4618e+07		-0.860221		2.87377		529.171		6.97379e+06		540.167		
00:00:09:000		1.4618e+07		-0.860221		2.87377		529.171		6.97379e+06		540.167		
00:00:08:900		1.46266e+07		-0.847079		2.8774		529.127		6.97394e+06		540.204		
00:00:08:699		1.46439e+07		-0.820786		2.88447		529.042		6.97422e+06		540.269		
00:00:08:599		1.46526e+07		-0.807645		2.88803		529.002		6.97434e+06		540.279		
00:00:08:599		1.46526e+07		-0.807645		2.88803		529.002		6.97434e+06		540.279		
00:00:08:500		1.46612e+07		-0.79451		2.89167		528.961		6.97444e+06		540.317		
00:00:08:400		1.46698e+07		-0.781372		2.89532		528.922		6.97453e+06		540.34		
00:00:08:300		1.46785e+07		-0.768235		2.89902		528.886		6.97461e+06		540.363		
00:00:08:199		1.46871e+07		-0.7551		2.90266		528.851		6.97468e+06		540.382		
00:00:08:099		1.46956e+07		-0.74197		2.90636		528.819		6.97473e+06		540.398		
00:00:08:000		1.47042e+07		-0.728844		2.91006		528.786		6.97477e+06		540.411		
00:00:07:900		1.47128e+07		-0.715723		2.91375		528.755		6.9748e+06		540.402		
00:00:07:700		1.47298e+07		-0.689503		2.92108		528.699		6.97481e+06		540.404		
00:00:07:700		1.47298e+07		-0.689503		2.92108		528.699		6.97481e+06		540.404		
00:00:07:599		1.47384e+07		-0.676413		2.92486		528.675		6.9748e+06		540.413		
00:00:07:500		1.47511e+07		-0.656798		2.93052		528.642		6.97475e+06		540.373		
00:00:07:349		1.47596e+07		-0.643737		2.93438		528.624		6.9747e+06		540.367		
00:00:07:299		1.47639e+07		-0.637212		2.93639		528.614		6.97467e+06		540.351		
00:00:07:150		1.47766e+07		-0.617659		2.94189		528.594		6.97457e+06		540.321		
00:00:07:099		1.47808e+07		-0.611149		2.94382		528.589		6.97452e+06		540.305		
00:00:07:000		1.47893e+07		-0.598139		2.9477		528.577		6.97442e+06		540.26		
00:00:06:900		1.47977e+07		-0.585155		2.95168		528.568		6.97431e+06		540.232		
00:00:06:799		1.48062e+07		-0.572192		2.95542		528.561		6.97419e+06		540.183		
00:00:06:650		1.48188e+07		-0.552787		2.9614		528.555		6.97397e+06		540.099		
00:00:06:549		1.48272e+07		-0.539881		2.96539		528.555		6.97381e+06		540.023		
00:00:06:450		1.48357e+07		-0.526999		2.96969		528.559		6.97363e+06		539.953		
00:00:06:349		1.48441e+07		-0.514153		2.97367		528.565		6.97344e+06		539.866		
00:00:06:250		1.48525e+07		-0.501337		2.97716		528.574		6.97323e+06		539.764		
00:00:06:150		1.48609e+07		-0.488554		2.981		528.585		6.97302e+06		539.655		
00:00:06:049		1.48693e+07		-0.475806		2.98512		528.598		6.97278e+06		539.54		
00:00:05:950		1.48777e+07		-0.463088		2.98961		528.616		6.97254e+06		539.409		
00:00:05:849		1.48862e+07		-0.450409		2.99376		528.638		6.97228e+06		539.277		
00:00:05:750		1.48946e+07		-0.437772		2.99703		528.662		6.97201e+06		539.123		
00:00:05:650		1.4903e+07		-0.425174		3.00003		528.686		6.97173e+06		538.951		
00:00:05:549		1.49115e+07		-0.412618		3.00429		528.716		6.97144e+06		538.772		
00:00:05:450		1.49199e+07		-0.400096		3.00922		528.749		6.97114e+06		538.582		
00:00:05:349		1.49283e+07		-0.387621		3.01391		528.784		6.97083e+06		538.391		
00:00:05:250		1.49368e+07		-0.37519		3.01706		528.823		6.97052e+06		538.168		
00:00:05:150		1.49452e+07		-0.362804		3.01908		528.863		6.97019e+06		537.941		
00:00:05:049		1.49537e+07		-0.350469		3.02198		528.902		6.96987e+06		537.717		
00:00:04:950		1.49621e+07		-0.338198		3.02726		528.95		6.96954e+06		537.464		
00:00:04:849		1.49706e+07		-0.325974		3.03322		528.994		6.9692e+06		537.208		
00:00:04:750		1.49792e+07		-0.313798		3.03621		529.046		6.96887e+06		536.94		
00:00:04:650		1.49877e+07		-0.301648		3.03639		529.096		6.96854e+06		536.674		
00:00:04:549		1.49964e+07		-0.289536		3.03774		529.151		6.96821e+06		536.377		
00:00:04:450		1.50052e+07		-0.277462		3.04476		529.203		6.96789e+06		536.085		
00:00:04:349		1.5014e+07		-0.26545		3.05443		529.258		6.96757e+06		535.79		
00:00:04:250		1.5023e+07		-0.25347		3.05771		529.313		6.96726e+06		535.471		
00:00:04:150		1.50321e+07		-0.241518		3.05402		529.37		6.96695e+06		535.146		
00:00:04:049		1.50415e+07		-0.229584		3.05005		529.427		6.96666e+06		534.804		
00:00:03:950		1.5051e+07		-0.217655		3.06004		529.485		6.96638e+06		534.476		
00:00:03:850		1.50609e+07		-0.205697		3.07958		529.538		6.96611e+06		534.135		
00:00:03:750		1.50709e+07		-0.193669		3.08548		529.591		6.96586e+06		533.778		
00:00:03:649		1.50806e+07		-0.181441		3.07312		529.641		6.96562e+06		533.461		
00:00:03:649		1.50806e+07		-0.181441		3.07312		529.641		6.96562e+06		533.461		
00:00:03:500		1.50927e+07		-0.162791		3.05267		529.713		6.9653e+06		532.932		
00:00:03:399		1.51003e+07		-0.15037		3.0731		529.761		6.96512e+06		532.592		
00:00:03:299		1.51082e+07		-0.137983		3.11634		529.805		6.96496e+06		532.257		
00:00:03:200		1.51163e+07		-0.125651		3.11869		529.84		6.96482e+06		531.93		
00:00:03:049		1.51288e+07		-0.107343		3.07814		529.903		6.96465e+06		531.475		
00:00:02:950		1.51375e+07		-0.0953169		3.10046		529.936		6.96456e+06		531.184		
00:00:02:850		1.51464e+07		-0.0834408		3.16513		529.967		6.96448e+06		530.889		
00:00:02:750		1.51555e+07		-0.0717216		3.22325		529.995		6.96442e+06		530.619		
00:00:02:649		1.5165e+07		-0.0601444		3.25926		530.022		6.96438e+06		530.361		
00:00:02:549		1.51748e+07		-0.0486932		3.25587		530.046		6.96435e+06		530.095		
00:00:02:549		1.51748e+07		-0.0486932		3.25587		530.046		6.96435e+06		530.095		
00:00:02:399		1.51898e+07		-0.0317068		3.26336		530.078		6.96434e+06		529.744		
00:00:02:299		1.52e+07		-0.0204983		3.27136		530.094		6.96434e+06		529.516		
00:00:02:200		1.52102e+07		-0.00938749		3.26868		530.109		6.96437e+06		529.315		
00:00:02:100		1.52204e+07		0.00162458		3.24954		530.12		6.9644e+06		529.113		
00:00:02:000		1.52307e+07		0.0125093		3.2286		530.131		6.96445e+06		528.921		
00:00:01:899		1.52411e+07		0.0232792		3.2303		530.14		6.9645e+06		528.751		
00:00:01:800		1.52515e+07		0.0339203		3.22988		530.147		6.96456e+06		528.587		
00:00:01:600		1.52726e+07		0.0546761		3.18267		530.166		6.96467e+06		528.277		
00:00:01:600		1.52726e+07		0.0546761		3.18267		530.166		6.96467e+06		528.277		
00:00:01:500		1.52832e+07		0.0647693		3.1308		530.175		6.96473e+06		528.121		
00:00:01:300		1.53049e+07		0.0843186		2.91151		530.182		6.96481e+06		527.818		
00:00:01:300		1.53049e+07		0.0843186		2.91151		530.182		6.96481e+06		527.818		
00:00:01:199		1.53159e+07		0.0937805		2.89512		530.188		6.96484e+06		527.662		
00:00:01:100		1.5327e+07		0.1031		3.01042		530.193		6.96485e+06		527.513		
00:00:01:000		1.53386e+07		0.112381		3.12039		530.197		6.96486e+06		527.352		
00:00:00:900		1.53504e+07		0.121724		3.10696		530.201		6.96485e+06		527.201		
00:00:00:800		1.53644e+07		0.130884		3.01391		530.203		6.96484e+06		527.067		
00:00:00:599		1.5395e+07		0.149077		3.01809		530.208		6.96482e+06		526.88		
00:00:00:599		1.5395e+07		0.149077		3.01809		530.208		6.96482e+06		526.88		
00:00:00:500		1.54148e+07		0.158316		3.14997		530.21		6.96483e+06		526.837		
00:00:00:400		1.54433e+07		0.166814		3.18072		530.214		6.96484e+06		526.815		
00:00:00:299		1.54668e+07		0.171731		3.12149		530.216		6.96484e+06		526.824		
00:00:00:200		1.54777e+07		0.17284		2.83568		530.219		6.96484e+06		526.826		
00:00:00:100		1.54785e+07		0.17284		2.83572		530.221		6.96484e+06		526.821		
00:00:00:000		1.54785e+07		0.17284		2.83571		530.225		6.96483e+06		526.826		
00:00:00:000		1.54785e+07		0.17284		2.83571		530.225		6.96483e+06		526.826		
00:00:00:000		1.54785e+07		0.17284		2.83571		530.225		6.96483e+06		526.826		
00:00:00:000		1.54785e+07		0.17284		2.83571		530.225		6.96483e+06		526.826		
00:00:00:000		1.54785e+07		0.17284		2.83571		530.225		6.96483e+06		526.826		
00:00:00:000		1.54785e+07		0.17284		2.83571		530.225		6.96483e+06		526.826		
00:00:00:000		1.54785e+07		0.17284		2.83571		530.225		6.96483e+06		526.826		
