	time 		gpv001pnt10113ppntm	evf507ety101mpzoyout	chtcon(1)	chavg(1)	chlhsumpa	rcptavgn	
00:01:01:100		6.83394e+06		100.398		39.0111		67.7958		0.00880767		309.843		
00:01:01:000		6.83393e+06		100.397		39.0111		67.7958		0.00880767		309.843		
00:01:00:899		6.83392e+06		100.397		38.9988		67.2756		0.008771		309.843		
00:01:00:750		6.83391e+06		100.395		38.9988		67.2756		0.008771		309.843		
00:01:00:649		6.83391e+06		100.395		38.9865		67.0194		0.00873433		309.843		
00:01:00:549		6.8339e+06		100.395		38.9865		67.0194		0.00873433		309.843		
00:01:00:450		6.8339e+06		100.394		38.9742		66.2533		0.00869766		309.843		
00:01:00:350		6.83389e+06		100.394		38.9742		66.2533		0.00869766		309.843		
00:01:00:250		6.83388e+06		100.392		38.9742		66.2533		0.00869766		309.843		
00:01:00:149		6.83388e+06		100.392		38.9619		65.2378		0.00866099		309.843		
00:01:00:049		6.83387e+06		100.392		38.9619		65.2378		0.00866099		309.843		
00:01:00:000		6.83387e+06		100.391		38.9619		65.2378		0.00866099		309.843		
00:00:59:899		6.83386e+06		100.391		38.9495		64.7323		0.00862432		309.843		
00:00:59:799		6.83386e+06		100.391		38.9495		64.7323		0.00862432		309.843		
00:00:59:700		6.83385e+06		100.39		38.9372		63.9838		0.00858765		309.843		
00:00:59:600		6.83384e+06		100.39		38.9372		63.9838		0.00858765		309.843		
00:00:59:500		6.83384e+06		100.388		38.9372		63.9838		0.00858765		309.843		
00:00:59:399		6.83383e+06		100.388		38.9248		62.7406		0.00855098		309.843		
00:00:59:299		6.83383e+06		100.388		38.9248		62.7406		0.00855098		309.843		
00:00:59:200		6.83382e+06		100.387		38.9125		61.7541		0.00851431		309.843		
00:00:59:100		6.83381e+06		100.387		38.9125		61.7541		0.00851431		309.843		
00:00:59:000		6.83381e+06		100.386		38.9125		61.7541		0.00851431		309.843		
00:00:58:899		6.8338e+06		100.386		38.9001		61.0191		0.00847764		309.843		
00:00:58:799		6.8338e+06		100.386		38.9001		61.0191		0.00847764		309.843		
00:00:58:700		6.83379e+06		100.384		38.8878		60.7758		0.00844097		309.843		
00:00:58:600		6.83378e+06		100.384		38.8878		60.7758		0.00844097		309.843		
00:00:58:500		6.83378e+06		100.383		38.8878		60.7758		0.00844097		309.843		
00:00:58:399		6.83377e+06		100.383		38.8754		60.5358		0.0084043		309.843		
00:00:58:299		6.83376e+06		100.383		38.8754		60.5358		0.0084043		309.843		
00:00:58:200		6.83376e+06		100.382		38.863		60.0574		0.00836763		309.843		
00:00:58:200		6.83376e+06		100.382		38.863		60.0574		0.00836763		309.843		
00:00:58:049		6.83375e+06		100.382		38.863		60.0574		0.00836763		309.843		
00:00:57:950		6.83374e+06		100.38		38.8505		59.3455		0.00833096		309.843		
00:00:57:850		6.83374e+06		100.38		38.8505		59.3455		0.00833096		309.843		
00:00:57:750		6.83373e+06		100.379		38.8505		59.3455		0.00833096		309.843		
00:00:57:549		6.83372e+06		100.379		38.8381		58.402		0.00829429		309.843		
00:00:57:549		6.83372e+06		100.379		38.8381		58.402		0.00829429		309.843		
00:00:57:450		6.83371e+06		100.377		38.8257		57.4655		0.00825762		309.843		
00:00:57:250		6.8337e+06		100.376		38.8257		57.4655		0.00825762		309.843		
00:00:57:149		6.83369e+06		100.376		38.8132		56.768		0.00822095		309.843		
00:00:57:149		6.83369e+06		100.376		38.8132		56.768		0.00822095		309.843		
00:00:57:049		6.83368e+06		100.376		38.8132		56.768		0.00822095		309.843		
00:00:56:950		6.83368e+06		100.375		38.8007		56.0773		0.00818427		309.843		
00:00:56:850		6.83367e+06		100.375		38.8007		56.0773		0.00818427		309.843		
00:00:56:750		6.83366e+06		100.373		38.8007		56.0773		0.00818427		309.843		
00:00:56:649		6.83366e+06		100.373		38.7882		55.3903		0.0081476		309.843		
00:00:56:549		6.83365e+06		100.373		38.7882		55.3903		0.0081476		309.843		
00:00:56:450		6.83364e+06		100.372		38.7757		54.9367		0.00811093		309.843		
00:00:56:350		6.83364e+06		100.372		38.7757		54.9367		0.00811093		309.843		
00:00:56:250		6.83363e+06		100.37		38.7757		54.9367		0.00811093		309.843		
00:00:56:149		6.83363e+06		100.37		38.7632		54.2617		0.00807426		309.843		
00:00:56:049		6.83362e+06		100.37		38.7632		54.2617		0.00807426		309.843		
00:00:55:950		6.83361e+06		100.369		38.7506		53.5904		0.00803758		309.843		
00:00:55:850		6.83361e+06		100.369		38.7506		53.5904		0.00803758		309.843		
00:00:55:750		6.8336e+06		100.368		38.7506		53.5904		0.00803758		309.843		
00:00:55:649		6.83359e+06		100.368		38.738		52.9259		0.00800091		309.843		
00:00:55:500		6.83358e+06		100.366		38.738		52.9259		0.00800091		309.843		
00:00:55:399		6.83358e+06		100.366		38.7254		52.2651		0.00796424		309.843		
00:00:55:299		6.83357e+06		100.366		38.7254		52.2651		0.00796424		309.843		
00:00:55:200		6.83356e+06		100.365		38.7127		51.8288		0.00792756		309.843		
00:00:55:100		6.83356e+06		100.365		38.7127		51.8288		0.00792756		309.843		
00:00:55:000		6.83355e+06		100.364		38.7127		51.8288		0.00792756		309.843		
00:00:54:899		6.83354e+06		100.364		38.7001		51.6118		0.00789089		309.843		
00:00:54:799		6.83354e+06		100.364		38.7001		51.6118		0.00789089		309.843		
00:00:54:700		6.83353e+06		100.362		38.6874		50.9691		0.00785422		309.843		
00:00:54:600		6.83352e+06		100.362		38.6874		50.9691		0.00785422		309.843		
00:00:54:500		6.83352e+06		100.361		38.6874		50.9691		0.00785422		309.843		
00:00:54:399		6.83351e+06		100.361		38.6746		49.9019		0.00781754		309.843		
00:00:54:299		6.83351e+06		100.361		38.6746		49.9019		0.00781754		309.843		
00:00:54:200		6.8335e+06		100.359		38.6618		49.2668		0.00778087		309.843		
00:00:54:100		6.83349e+06		100.359		38.6618		49.2668		0.00778087		309.843		
00:00:54:000		6.83348e+06		100.358		38.6618		49.2668		0.00778087		309.843		
00:00:53:899		6.83348e+06		100.358		38.649		48.8473		0.00774419		309.843		
00:00:53:799		6.83347e+06		100.358		38.649		48.8473		0.00774419		309.843		
00:00:53:700		6.83347e+06		100.357		38.6362		48.2236		0.00770752		309.843		
00:00:53:600		6.83346e+06		100.357		38.6362		48.2236		0.00770752		309.843		
00:00:53:500		6.83345e+06		100.355		38.6362		48.2236		0.00770752		309.843		
00:00:53:399		6.83345e+06		100.355		38.6233		47.6034		0.00767084		309.843		
00:00:53:299		6.83344e+06		100.355		38.6233		47.6034		0.00767084		309.843		
00:00:53:200		6.83343e+06		100.354		38.6103		46.9894		0.00763417		309.843		
00:00:53:100		6.83343e+06		100.354		38.6103		46.9894		0.00763417		309.843		
00:00:53:000		6.83342e+06		100.352		38.6103		46.9894		0.00763417		309.843		
00:00:53:000		6.83342e+06		100.352		38.6103		46.9894		0.00763417		309.843		
00:00:52:750		6.83341e+06		100.351		38.5973		46.1765		0.00759749		309.843		
00:00:52:750		6.83341e+06		100.351		38.5973		46.1765		0.00759749		309.843		
00:00:52:649		6.8334e+06		100.351		38.5843		45.3702		0.00756082		309.843		
00:00:52:549		6.8334e+06		100.351		38.5843		45.3702		0.00756082		309.843		
00:00:52:450		6.83339e+06		100.35		38.5712		44.5706		0.00752414		309.843		
00:00:52:250		6.83338e+06		100.348		38.5712		44.5706		0.00752414		309.843		
00:00:52:200		6.83337e+06		100.348		38.5581		43.7777		0.00748746		309.843		
00:00:52:049		6.83336e+06		100.348		38.5581		43.7777		0.00748746		309.843		
00:00:52:049		6.83336e+06		100.348		38.5581		43.7777		0.00748746		309.843		
00:00:51:899		6.83336e+06		100.347		38.5448		42.9914		0.00745079		309.843		
00:00:51:799		6.83335e+06		100.347		38.5448		42.9914		0.00745079		309.843		
00:00:51:700		6.83334e+06		100.345		38.5316		42.406		0.00741411		309.843		
00:00:51:700		6.83334e+06		100.345		38.5316		42.406		0.00741411		309.843		
00:00:51:549		6.83334e+06		100.345		38.5316		42.406		0.00741411		309.843		
00:00:51:450		6.83333e+06		100.344		38.5182		42.0196		0.00737743		309.843		
00:00:51:350		6.83332e+06		100.344		38.5182		42.0196		0.00737743		309.843		
00:00:51:149		6.83331e+06		100.343		38.5048		41.4455		0.00734075		309.843		
00:00:51:149		6.83331e+06		100.343		38.5048		41.4455		0.00734075		309.843		
00:00:51:049		6.8333e+06		100.343		38.5048		41.4455		0.00734075		309.843		
00:00:50:950		6.8333e+06		100.341		38.4914		40.8749		0.00730408		309.843		
00:00:50:850		6.83329e+06		100.341		38.4914		40.8749		0.00730408		309.843		
00:00:50:750		6.83329e+06		100.34		38.4914		40.8749		0.00730408		309.843		
00:00:50:549		6.83327e+06		100.34		38.4778		40.4983		0.0072674		309.843		
00:00:50:549		6.83327e+06		100.34		38.4778		40.4983		0.0072674		309.843		
00:00:50:450		6.83327e+06		100.338		38.4642		40.125		0.00723072		309.843		
00:00:50:350		6.83326e+06		100.338		38.4642		40.125		0.00723072		309.843		
00:00:50:149		6.83325e+06		100.337		38.4504		39.7549		0.00719404		309.843		
00:00:50:149		6.83325e+06		100.337		38.4504		39.7549		0.00719404		309.843		
00:00:50:049		6.83325e+06		100.337		38.4504		39.7549		0.00719404		309.843		
00:00:49:950		6.83324e+06		100.336		38.4366		39.2052		0.00715736		309.843		
00:00:49:850		6.83324e+06		100.336		38.4366		39.2052		0.00715736		309.843		
00:00:49:750		6.83323e+06		100.334		38.4366		39.2052		0.00715736		309.843		
00:00:49:600		6.83322e+06		100.334		38.4227		38.4778		0.00712069		309.843		
00:00:49:500		6.83322e+06		100.333		38.4227		38.4778		0.00712069		309.843		
00:00:49:399		6.83321e+06		100.333		38.4087		37.9363		0.00708401		309.843		
00:00:49:299		6.8332e+06		100.333		38.4087		37.9363		0.00708401		309.843		
00:00:49:200		6.8332e+06		100.331		38.3947		37.4011		0.00704733		309.843		
00:00:49:100		6.83319e+06		100.331		38.3947		37.4011		0.00704733		309.843		
00:00:49:000		6.83319e+06		100.33		38.3947		37.4011		0.00704733		309.843		
00:00:48:899		6.83318e+06		100.33		38.3807		36.8692		0.00701065		309.843		
00:00:48:799		6.83317e+06		100.33		38.3807		36.8692		0.00701065		309.843		
00:00:48:700		6.83317e+06		100.329		38.3667		36.3436		0.00697397		309.843		
00:00:48:600		6.83316e+06		100.329		38.3667		36.3436		0.00697397		309.843		
00:00:48:500		6.83316e+06		100.327		38.3667		36.3436		0.00697397		309.843		
00:00:48:399		6.83315e+06		100.327		38.3527		35.8213		0.00693729		309.843		
00:00:48:299		6.83315e+06		100.327		38.3527		35.8213		0.00693729		309.843		
00:00:48:200		6.83314e+06		100.326		38.3386		35.4768		0.00690061		309.843		
00:00:48:100		6.83314e+06		100.326		38.3386		35.4768		0.00690061		309.843		
00:00:48:000		6.83313e+06		100.324		38.3386		35.4768		0.00690061		309.843		
00:00:47:899		6.83312e+06		100.324		38.3246		34.9653		0.00686393		309.843		
00:00:47:799		6.83312e+06		100.324		38.3246		34.9653		0.00686393		309.843		
00:00:47:700		6.83312e+06		100.323		38.3105		34.4572		0.00682725		309.843		
00:00:47:600		6.83311e+06		100.323		38.3105		34.4572		0.00682725		309.843		
00:00:47:500		6.8331e+06		100.321		38.3105		34.4572		0.00682725		309.843		
00:00:47:399		6.8331e+06		100.321		38.2964		33.9552		0.00679056		309.843		
00:00:47:299		6.8331e+06		100.321		38.2964		33.9552		0.00679056		309.843		
00:00:47:200		6.83309e+06		100.32		38.2822		33.4564		0.00675388		309.844		
00:00:47:100		6.83308e+06		100.32		38.2822		33.4564		0.00675388		309.844		
00:00:47:100		6.83308e+06		100.32		38.2822		33.4564		0.00675388		309.844		
00:00:46:899		6.83307e+06		100.319		38.2681		32.9637		0.0067172		309.844		
00:00:46:799		6.83307e+06		100.319		38.2681		32.9637		0.0067172		309.844		
00:00:46:700		6.83306e+06		100.317		38.2539		32.3119		0.00668052		309.844		
00:00:46:700		6.83306e+06		100.317		38.2539		32.3119		0.00668052		309.844		
00:00:46:549		6.83306e+06		100.317		38.2539		32.3119		0.00668052		309.844		
00:00:46:399		6.83305e+06		100.316		38.2397		31.9878		0.00664384		309.844		
00:00:46:250		6.83304e+06		100.314		38.2397		31.9878		0.00664384		309.844		
00:00:46:200		6.83304e+06		100.314		38.2255		31.8288		0.00660716		309.844		
00:00:46:100		6.83304e+06		100.314		38.2255		31.8288		0.00660716		309.844		
00:00:46:000		6.83303e+06		100.313		38.2255		31.8288		0.00660716		309.844		
00:00:45:850		6.83302e+06		100.313		38.2112		31.3546		0.00657047		309.844		
00:00:45:850		6.83302e+06		100.313		38.2112		31.3546		0.00657047		309.844		
00:00:45:750		6.83302e+06		100.312		38.2112		31.3546		0.00657047		309.844		
00:00:45:649		6.83301e+06		100.312		38.1969		30.8835		0.00653379		309.844		
00:00:45:549		6.83301e+06		100.312		38.1969		30.8835		0.00653379		309.844		
00:00:45:450		6.833e+06		100.31		38.1826		30.4185		0.00649711		309.844		
00:00:45:250		6.83299e+06		100.309		38.1826		30.4185		0.00649711		309.844		
00:00:45:149		6.83299e+06		100.309		38.1683		29.9565		0.00646043		309.844		
00:00:45:149		6.83299e+06		100.309		38.1683		29.9565		0.00646043		309.844		
00:00:45:049		6.83298e+06		100.309		38.1683		29.9565		0.00646043		309.844		
00:00:44:950		6.83298e+06		100.307		38.1539		29.6521		0.00642374		309.844		
00:00:44:850		6.83297e+06		100.307		38.1539		29.6521		0.00642374		309.844		
00:00:44:750		6.83297e+06		100.306		38.1539		29.6521		0.00642374		309.844		
00:00:44:649		6.83296e+06		100.306		38.1394		29.2006		0.00638706		309.844		
00:00:44:549		6.83296e+06		100.306		38.1394		29.2006		0.00638706		309.844		
00:00:44:450		6.83296e+06		100.304		38.125		28.4549		0.00635038		309.844		
00:00:44:350		6.83295e+06		100.304		38.125		28.4549		0.00635038		309.844		
00:00:44:149		6.83294e+06		100.303		38.1104		27.7154		0.00631369		309.844		
00:00:44:149		6.83294e+06		100.303		38.1104		27.7154		0.00631369		309.844		
00:00:44:049		6.83294e+06		100.303		38.1104		27.7154		0.00631369		309.844		
00:00:43:950		6.83293e+06		100.302		38.0959		27.1302		0.00627701		309.844		
00:00:43:850		6.83293e+06		100.302		38.0959		27.1302		0.00627701		309.844		
00:00:43:750		6.83292e+06		100.3		38.0959		27.1302		0.00627701		309.844		
00:00:43:649		6.83292e+06		100.3		38.0812		26.6952		0.00624032		309.844		
00:00:43:500		6.83291e+06		100.299		38.0812		26.6952		0.00624032		309.844		
00:00:43:399		6.83291e+06		100.299		38.0666		26.4086		0.00620364		309.844		
00:00:43:250		6.8329e+06		100.297		38.0518		25.9838		0.00616695		309.844		
00:00:43:100		6.83289e+06		100.297		38.0518		25.9838		0.00616695		309.844		
00:00:43:100		6.83289e+06		100.297		38.0518		25.9838		0.00616695		309.844		
00:00:43:000		6.83289e+06		100.296		38.0518		25.9838		0.00616695		309.844		
00:00:42:899		6.83289e+06		100.296		38.0371		25.4222		0.00613027		309.844		
00:00:42:799		6.83288e+06		100.296		38.0371		25.4222		0.00613027		309.844		
00:00:42:750		6.83288e+06		100.294		38.0371		25.4222		0.00613027		309.844		
00:00:42:600		6.83287e+06		100.294		38.0222		24.8664		0.00609358		309.844		
00:00:42:500		6.83287e+06		100.293		38.0222		24.8664		0.00609358		309.844		
00:00:42:399		6.83287e+06		100.293		38.0073		24.3165		0.0060569		309.844		
00:00:42:299		6.83286e+06		100.293		38.0073		24.3165		0.0060569		309.844		
00:00:42:200		6.83285e+06		100.291		37.9923		23.9077		0.00602021		309.844		
00:00:42:100		6.83285e+06		100.291		37.9923		23.9077		0.00602021		309.844		
00:00:42:000		6.83285e+06		100.29		37.9923		23.9077		0.00602021		309.844		
00:00:41:899		6.83284e+06		100.29		37.9773		23.5046		0.00598352		309.844		
00:00:41:799		6.83284e+06		100.29		37.9773		23.5046		0.00598352		309.844		
00:00:41:700		6.83283e+06		100.289		37.9621		23.237		0.00594684		309.844		
00:00:41:600		6.83283e+06		100.289		37.9621		23.237		0.00594684		309.844		
00:00:41:500		6.83282e+06		100.287		37.9621		23.237		0.00594684		309.844		
00:00:41:399		6.83282e+06		100.287		37.9469		22.9749		0.00591015		309.844		
00:00:41:299		6.83282e+06		100.287		37.9469		22.9749		0.00591015		309.844		
00:00:41:200		6.83282e+06		100.286		37.9316		22.4537		0.00587346		309.844		
00:00:41:100		6.83281e+06		100.286		37.9316		22.4537		0.00587346		309.844		
00:00:41:000		6.83281e+06		100.284		37.9316		22.4537		0.00587346		309.844		
00:00:40:899		6.8328e+06		100.284		37.9162		22.0664		0.00583678		309.844		
00:00:40:799		6.8328e+06		100.284		37.9162		22.0664		0.00583678		309.844		
00:00:40:799		6.8328e+06		100.284		37.9162		22.0664		0.00583678		309.844		
00:00:40:600		6.83279e+06		100.283		37.9007		21.8115		0.00580009		309.844		
00:00:40:500		6.83279e+06		100.281		37.8851		21.5594		0.0057634		309.844		
00:00:40:500		6.83279e+06		100.281		37.8851		21.5594		0.0057634		309.844		
00:00:40:299		6.83278e+06		100.281		37.8851		21.5594		0.0057634		309.844		
00:00:40:200		6.83278e+06		100.28		37.8694		21.186		0.00572671		309.844		
00:00:40:100		6.83277e+06		100.28		37.8694		21.186		0.00572671		309.844		
00:00:40:000		6.83277e+06		100.278		37.8694		21.186		0.00572671		309.844		
00:00:39:899		6.83276e+06		100.278		37.8536		20.8155		0.00569003		309.844		
00:00:39:799		6.83276e+06		100.278		37.8536		20.8155		0.00569003		309.844		
00:00:39:700		6.83276e+06		100.277		37.8377		20.4505		0.00565334		309.844		
00:00:39:600		6.83275e+06		100.277		37.8377		20.4505		0.00565334		309.845		
00:00:39:500		6.83275e+06		100.275		37.8377		20.4505		0.00565334		309.845		
00:00:39:399		6.83274e+06		100.275		37.8216		20.0883		0.00561665		309.845		
00:00:39:399		6.83274e+06		100.275		37.8216		20.0883		0.00561665		309.845		
00:00:39:149		6.83274e+06		100.274		37.8054		19.7315		0.00557996		309.845		
00:00:39:149		6.83274e+06		100.274		37.8054		19.7315		0.00557996		309.845		
00:00:39:049		6.83273e+06		100.274		37.8054		19.7315		0.00557996		309.845		
00:00:38:950		6.83273e+06		100.273		37.7892		19.3776		0.00554327		309.845		
00:00:38:850		6.83272e+06		100.273		37.7892		19.3776		0.00554327		309.845		
00:00:38:750		6.83272e+06		100.271		37.7892		19.3776		0.00554327		309.845		
00:00:38:649		6.83272e+06		100.271		37.7729		18.913		0.00550658		309.845		
00:00:38:549		6.83271e+06		100.271		37.7729		18.913		0.00550658		309.845		
00:00:38:350		6.83271e+06		100.27		37.7566		18.4513		0.00546989		309.845		
00:00:38:250		6.8327e+06		100.268		37.7566		18.4513		0.00546989		309.845		
00:00:38:149		6.8327e+06		100.268		37.7403		18.1107		0.0054332		309.845		
00:00:38:149		6.8327e+06		100.268		37.7403		18.1107		0.0054332		309.845		
00:00:38:049		6.8327e+06		100.268		37.7403		18.1107		0.0054332		309.845		
00:00:37:950		6.83269e+06		100.267		37.7239		17.7728		0.00539651		309.845		
00:00:37:850		6.83269e+06		100.267		37.7239		17.7728		0.00539651		309.845		
00:00:37:750		6.83268e+06		100.265		37.7239		17.7728		0.00539651		309.845		
00:00:37:649		6.83268e+06		100.265		37.7075		17.5508		0.00535982		309.845		
00:00:37:500		6.83268e+06		100.264		37.7075		17.5508		0.00535982		309.845		
00:00:37:399		6.83267e+06		100.264		37.6911		17.2222		0.00532313		309.845		
00:00:37:200		6.83267e+06		100.262		37.6746		16.7884		0.00528644		309.845		
00:00:37:100		6.83266e+06		100.262		37.6746		16.7884		0.00528644		309.845		
00:00:37:100		6.83266e+06		100.262		37.6746		16.7884		0.00528644		309.845		
00:00:37:000		6.83266e+06		100.261		37.6746		16.7884		0.00528644		309.845		
00:00:36:899		6.83266e+06		100.261		37.6581		16.4665		0.00524975		309.845		
00:00:36:799		6.83265e+06		100.261		37.6581		16.4665		0.00524975		309.845		
00:00:36:700		6.83265e+06		100.259		37.6415		16.2551		0.00521306		309.845		
00:00:36:600		6.83265e+06		100.259		37.6415		16.2551		0.00521306		309.845		
00:00:36:500		6.83264e+06		100.258		37.6415		16.2551		0.00521306		309.845		
00:00:36:399		6.83264e+06		100.258		37.6249		16.0464		0.00517637		309.845		
00:00:36:299		6.83264e+06		100.258		37.6249		16.0464		0.00517637		309.845		
00:00:36:200		6.83263e+06		100.256		37.6083		15.7375		0.00513967		309.845		
00:00:36:100		6.83263e+06		100.256		37.6083		15.7375		0.00513967		309.845		
00:00:36:000		6.83263e+06		100.255		37.6083		15.7375		0.00513967		309.845		
00:00:35:899		6.83262e+06		100.255		37.5916		15.3299		0.00510298		309.845		
00:00:35:799		6.83262e+06		100.255		37.5916		15.3299		0.00510298		309.845		
00:00:35:700		6.83262e+06		100.253		37.5748		14.9275		0.00506629		309.845		
00:00:35:600		6.83261e+06		100.253		37.5748		14.9275		0.00506629		309.845		
00:00:35:500		6.83261e+06		100.252		37.5748		14.9275		0.00506629		309.845		
00:00:35:399		6.83261e+06		100.252		37.558		14.6291		0.0050296		309.845		
00:00:35:299		6.8326e+06		100.252		37.558		14.6291		0.0050296		309.845		
00:00:35:200		6.8326e+06		100.25		37.5411		14.3357		0.0049929		309.845		
00:00:35:100		6.8326e+06		100.25		37.5411		14.3357		0.0049929		309.845		
00:00:35:000		6.8326e+06		100.249		37.5411		14.3357		0.0049929		309.845		
00:00:34:899		6.83259e+06		100.249		37.5241		14.0449		0.00495621		309.845		
00:00:34:899		6.83259e+06		100.249		37.5241		14.0449		0.00495621		309.845		
00:00:34:799		6.83259e+06		100.249		37.5241		14.0449		0.00495621		309.845		
00:00:34:649		6.83259e+06		100.247		37.5071		13.7591		0.00491952		309.845		
00:00:34:549		6.83258e+06		100.247		37.5071		13.7591		0.00491952		309.845		
00:00:34:450		6.83258e+06		100.246		37.49		13.3821		0.00488282		309.845		
00:00:34:350		6.83257e+06		100.246		37.49		13.3821		0.00488282		309.845		
00:00:34:149		6.83257e+06		100.244		37.4728		13.1026		0.00484613		309.846		
00:00:34:049		6.83257e+06		100.244		37.4728		13.1026		0.00484613		309.846		
00:00:34:049		6.83257e+06		100.244		37.4728		13.1026		0.00484613		309.846		
00:00:33:950		6.83257e+06		100.243		37.4555		12.8281		0.00480944		309.846		
00:00:33:850		6.83256e+06		100.243		37.4555		12.8281		0.00480944		309.846		
00:00:33:750		6.83256e+06		100.241		37.4555		12.8281		0.00480944		309.846		
00:00:33:649		6.83256e+06		100.241		37.4382		12.4661		0.00477274		309.846		
00:00:33:549		6.83256e+06		100.241		37.4382		12.4661		0.00477274		309.846		
00:00:33:450		6.83255e+06		100.24		37.4207		12.1978		0.00473605		309.846		
00:00:33:250		6.83254e+06		100.238		37.4207		12.1978		0.00473605		309.846		
00:00:33:149		6.83254e+06		100.238		37.4031		11.9344		0.00469935		309.846		
00:00:33:149		6.83254e+06		100.238		37.4031		11.9344		0.00469935		309.846		
00:00:33:049		6.83254e+06		100.238		37.4031		11.9344		0.00469935		309.846		
00:00:32:950		6.83254e+06		100.237		37.3854		11.6735		0.00466266		309.846		
00:00:32:850		6.83253e+06		100.237		37.3854		11.6735		0.00466266		309.846		
00:00:32:750		6.83253e+06		100.235		37.3854		11.6735		0.00466266		309.846		
00:00:32:649		6.83253e+06		100.235		37.3677		11.5024		0.00462596		309.846		
00:00:32:549		6.83252e+06		100.235		37.3677		11.5024		0.00462596		309.846		
00:00:32:450		6.83252e+06		100.234		37.3498		11.2499		0.00458927		309.846		
00:00:32:350		6.83252e+06		100.234		37.3498		11.2499		0.00458927		309.846		
00:00:32:149		6.83251e+06		100.232		37.3317		10.9172		0.00455257		309.846		
00:00:32:149		6.83251e+06		100.232		37.3317		10.9172		0.00455257		309.846		
00:00:32:049		6.83251e+06		100.232		37.3317		10.9172		0.00455257		309.846		
00:00:31:949		6.83251e+06		100.231		37.3136		10.6707		0.00451587		309.846		
00:00:31:850		6.8325e+06		100.231		37.3136		10.6707		0.00451587		309.846		
00:00:31:750		6.8325e+06		100.229		37.3136		10.6707		0.00451587		309.846		
00:00:31:649		6.8325e+06		100.229		37.2953		10.4289		0.00447918		309.846		
00:00:31:550		6.8325e+06		100.229		37.2953		10.4289		0.00447918		309.846		
00:00:31:449		6.8325e+06		100.228		37.2768		10.1896		0.00444248		309.846		
00:00:31:350		6.83249e+06		100.228		37.2768		10.1896		0.00444248		309.846		
00:00:31:100		6.83249e+06		100.226		37.2582		10.0328		0.00440578		309.846		
00:00:31:100		6.83249e+06		100.226		37.2582		10.0328		0.00440578		309.846		
00:00:31:050		6.83249e+06		100.226		37.2582		10.0328		0.00440578		309.846		
00:00:30:949		6.83248e+06		100.225		37.2394		9.87845		0.00436909		309.846		
00:00:30:850		6.83248e+06		100.225		37.2394		9.87845		0.00436909		309.846		
00:00:30:750		6.83248e+06		100.223		37.2394		9.87845		0.00436909		309.846		
00:00:30:600		6.83247e+06		100.223		37.2205		9.65074		0.00433239		309.846		
00:00:30:500		6.83247e+06		100.222		37.2205		9.65074		0.00433239		309.846		
00:00:30:399		6.83247e+06		100.222		37.2014		9.42538		0.00429569		309.846		
00:00:30:199		6.83246e+06		100.22		37.1824		9.20457		0.00425899		309.846		
00:00:30:100		6.83246e+06		100.22		37.1824		9.20457		0.00425899		309.846		
00:00:30:100		6.83246e+06		100.22		37.1824		9.20457		0.00425899		309.846		
00:00:30:000		6.83246e+06		100.219		37.1824		9.20457		0.00425899		309.846		
00:00:29:899		6.83246e+06		100.219		37.1633		8.84172		0.00422229		309.846		
00:00:29:800		6.83245e+06		100.219		37.1633		8.84172		0.00422229		309.846		
00:00:29:699		6.83245e+06		100.217		37.1442		8.5545		0.00418559		309.846		
00:00:29:600		6.83245e+06		100.217		37.1442		8.5545		0.00418559		309.846		
00:00:29:500		6.83245e+06		100.216		37.1442		8.5545		0.00418559		309.846		
00:00:29:399		6.83244e+06		100.216		37.125		8.41383		0.0041489		309.846		
00:00:29:300		6.83244e+06		100.216		37.125		8.41383		0.0041489		309.846		
00:00:29:199		6.83244e+06		100.214		37.1058		8.20661		0.0041122		309.847		
00:00:29:100		6.83244e+06		100.214		37.1058		8.20661		0.0041122		309.847		
00:00:29:000		6.83243e+06		100.213		37.1058		8.20661		0.0041122		309.847		
00:00:28:899		6.83243e+06		100.213		37.0865		8.06924		0.0040755		309.847		
00:00:28:800		6.83243e+06		100.213		37.0865		8.06924		0.0040755		309.847		
00:00:28:699		6.83243e+06		100.211		37.0671		8.00282		0.0040388		309.847		
00:00:28:600		6.83243e+06		100.211		37.0671		8.00282		0.0040388		309.847		
00:00:28:500		6.83242e+06		100.21		37.0671		8.00282		0.0040388		309.847		
00:00:28:399		6.83242e+06		100.21		37.0477		7.80558		0.0040021		309.847		
00:00:28:250		6.83242e+06		100.208		37.0477		7.80558		0.0040021		309.847		
00:00:28:149		6.83241e+06		100.208		37.0282		7.61056		0.0039654		309.847		
00:00:28:149		6.83241e+06		100.208		37.0282		7.61056		0.0039654		309.847		
00:00:28:050		6.83241e+06		100.208		37.0282		7.61056		0.0039654		309.847		
00:00:27:949		6.83241e+06		100.206		37.0087		7.48316		0.0039287		309.847		
00:00:27:850		6.83241e+06		100.206		37.0087		7.48316		0.0039287		309.847		
00:00:27:750		6.83241e+06		100.205		37.0087		7.48316		0.0039287		309.847		
00:00:27:649		6.8324e+06		100.205		36.9891		7.29571		0.003892		309.847		
00:00:27:550		6.8324e+06		100.205		36.9891		7.29571		0.003892		309.847		
00:00:27:350		6.8324e+06		100.203		36.9693		7.11044		0.0038553		309.847		
00:00:27:250		6.83239e+06		100.202		36.9693		7.11044		0.0038553		309.847		
00:00:27:149		6.83239e+06		100.202		36.9495		6.92942		0.00381859		309.847		
00:00:27:149		6.83239e+06		100.202		36.9495		6.92942		0.00381859		309.847		
00:00:27:050		6.83239e+06		100.202		36.9495		6.92942		0.00381859		309.847		
00:00:26:949		6.83239e+06		100.2		36.9297		6.63251		0.00378189		309.847		
00:00:26:850		6.83239e+06		100.2		36.9297		6.63251		0.00378189		309.847		
00:00:26:750		6.83238e+06		100.199		36.9297		6.63251		0.00378189		309.847		
00:00:26:649		6.83238e+06		100.199		36.9097		6.33984		0.00374519		309.847		
00:00:26:550		6.83238e+06		100.199		36.9097		6.33984		0.00374519		309.847		
00:00:26:449		6.83238e+06		100.197		36.8896		6.16727		0.00370849		309.847		
00:00:26:350		6.83237e+06		100.197		36.8896		6.16727		0.00370849		309.847		
00:00:26:149		6.83237e+06		100.196		36.8694		6.05472		0.00367179		309.847		
00:00:26:149		6.83237e+06		100.196		36.8694		6.05472		0.00367179		309.847		
00:00:26:050		6.83237e+06		100.196		36.8694		6.05472		0.00367179		309.847		
00:00:25:949		6.83236e+06		100.194		36.8491		5.94423		0.00363508		309.847		
00:00:25:850		6.83236e+06		100.194		36.8491		5.94423		0.00363508		309.847		
00:00:25:750		6.83236e+06		100.192		36.8491		5.94423		0.00363508		309.847		
00:00:25:649		6.83236e+06		100.192		36.8287		5.78196		0.00359838		309.847		
00:00:25:550		6.83235e+06		100.192		36.8287		5.78196		0.00359838		309.847		
00:00:25:449		6.83235e+06		100.191		36.8081		5.56894		0.00356168		309.847		
00:00:25:250		6.83235e+06		100.189		36.8081		5.56894		0.00356168		309.847		
00:00:25:149		6.83235e+06		100.189		36.7874		5.35996		0.00352497		309.847		
00:00:25:149		6.83235e+06		100.189		36.7874		5.35996		0.00352497		309.847		
00:00:25:000		6.83234e+06		100.188		36.7874		5.35996		0.00352497		309.847		
00:00:24:899		6.83234e+06		100.188		36.7666		5.20579		0.00348827		309.847		
00:00:24:800		6.83234e+06		100.188		36.7666		5.20579		0.00348827		309.847		
00:00:24:699		6.83234e+06		100.186		36.7456		5.1054		0.00345157		309.847		
00:00:24:600		6.83233e+06		100.186		36.7456		5.1054		0.00345157		309.847		
00:00:24:500		6.83233e+06		100.185		36.7456		5.1054		0.00345157		309.847		
00:00:24:399		6.83233e+06		100.185		36.7244		5.0069		0.00341486		309.847		
00:00:24:199		6.83232e+06		100.183		36.7031		4.86246		0.00337816		309.847		
00:00:24:100		6.83232e+06		100.183		36.7031		4.86246		0.00337816		309.847		
00:00:24:100		6.83232e+06		100.183		36.7031		4.86246		0.00337816		309.847		
00:00:24:000		6.83232e+06		100.181		36.7031		4.86246		0.00337816		309.847		
00:00:23:899		6.83232e+06		100.181		36.6816		4.71998		0.00334145		309.847		
00:00:23:800		6.83231e+06		100.181		36.6816		4.71998		0.00334145		309.847		
00:00:23:699		6.83231e+06		100.18		36.66		4.62726		0.00330475		309.847		
00:00:23:600		6.83231e+06		100.18		36.66		4.62726		0.00330475		309.847		
00:00:23:500		6.83231e+06		100.178		36.66		4.62726		0.00330475		309.847		
00:00:23:399		6.83231e+06		100.178		36.6383		4.49152		0.00326804		309.847		
00:00:23:300		6.8323e+06		100.178		36.6383		4.49152		0.00326804		309.847		
00:00:23:100		6.8323e+06		100.177		36.6166		4.3577		0.00323134		309.847		
00:00:23:100		6.8323e+06		100.177		36.6166		4.3577		0.00323134		309.847		
00:00:23:000		6.8323e+06		100.175		36.6166		4.3577		0.00323134		309.847		
00:00:22:899		6.83229e+06		100.175		36.5949		4.22765		0.00319463		309.847		
00:00:22:800		6.83229e+06		100.175		36.5949		4.22765		0.00319463		309.847		
00:00:22:699		6.83229e+06		100.173		36.5732		4.09949		0.00315792		309.847		
00:00:22:600		6.83229e+06		100.173		36.5732		4.09949		0.00315792		309.847		
00:00:22:500		6.83228e+06		100.172		36.5732		4.09949		0.00315792		309.847		
00:00:22:399		6.83228e+06		100.172		36.5515		4.01624		0.00312122		309.847		
00:00:22:199		6.83228e+06		100.17		36.5297		3.89456		0.00308451		309.847		
00:00:22:100		6.83227e+06		100.17		36.5297		3.89456		0.00308451		309.847		
00:00:22:100		6.83227e+06		100.17		36.5297		3.89456		0.00308451		309.847		
00:00:22:100		6.83227e+06		100.17		36.5297		3.89456		0.00308451		309.847		
00:00:22:000		6.83227e+06		100.169		36.5297		3.89456		0.00308451		309.847		
00:00:21:899		6.83227e+06		100.169		36.5079		3.73538		0.0030478		309.847		
00:00:21:800		6.83226e+06		100.169		36.5079		3.73538		0.0030478		309.847		
00:00:21:649		6.83226e+06		100.167		36.4861		3.57983		0.0030111		309.847		
00:00:21:500		6.83226e+06		100.165		36.4861		3.57983		0.0030111		309.847		
00:00:21:399		6.83225e+06		100.165		36.4643		3.42789		0.00297439		309.848		
00:00:21:300		6.83225e+06		100.165		36.4643		3.42789		0.00297439		309.848		
00:00:21:199		6.83225e+06		100.164		36.4424		3.27952		0.00293768		309.848		
00:00:21:100		6.83225e+06		100.164		36.4424		3.27952		0.00293768		309.848		
00:00:21:100		6.83225e+06		100.164		36.4424		3.27952		0.00293768		309.848		
00:00:20:949		6.83224e+06		100.162		36.4205		3.17046		0.00290097		309.848		
00:00:20:850		6.83224e+06		100.162		36.4205		3.17046		0.00290097		309.848		
00:00:20:750		6.83223e+06		100.16		36.4205		3.17046		0.00290097		309.848		
00:00:20:649		6.83223e+06		100.16		36.3986		3.06491		0.00286426		309.848		
00:00:20:550		6.83223e+06		100.16		36.3986		3.06491		0.00286426		309.848		
00:00:20:350		6.83222e+06		100.159		36.3766		2.9611		0.00282755		309.848		
00:00:20:350		6.83222e+06		100.159		36.3766		2.9611		0.00282755		309.848		
00:00:20:250		6.83222e+06		100.157		36.3766		2.9611		0.00282755		309.848		
00:00:20:149		6.83222e+06		100.157		36.3546		2.82755		0.00279085		309.848		
00:00:20:050		6.83221e+06		100.157		36.3546		2.82755		0.00279085		309.848		
00:00:19:949		6.83221e+06		100.156		36.3325		2.66339		0.00275414		309.848		
00:00:19:850		6.83221e+06		100.156		36.3325		2.66339		0.00275414		309.848		
00:00:19:750		6.8322e+06		100.154		36.3325		2.66339		0.00275414		309.848		
00:00:19:649		6.8322e+06		100.154		36.3104		2.56727		0.00271743		309.848		
00:00:19:550		6.8322e+06		100.154		36.3104		2.56727		0.00271743		309.848		
00:00:19:449		6.83219e+06		100.152		36.2882		2.47449		0.00268072		309.848		
00:00:19:350		6.83219e+06		100.152		36.2882		2.47449		0.00268072		309.848		
00:00:19:149		6.83218e+06		100.151		36.266		2.35354		0.00264401		309.848		
00:00:19:149		6.83218e+06		100.151		36.266		2.35354		0.00264401		309.848		
00:00:19:050		6.83218e+06		100.151		36.266		2.35354		0.00264401		309.848		
00:00:18:949		6.83217e+06		100.149		36.2437		2.23587		0.0026073		309.848		
00:00:18:850		6.83217e+06		100.149		36.2437		2.23587		0.0026073		309.848		
00:00:18:750		6.83217e+06		100.147		36.2437		2.23587		0.0026073		309.848		
00:00:18:649		6.83216e+06		100.147		36.2214		2.12145		0.00257059		309.848		
00:00:18:550		6.83216e+06		100.147		36.2214		2.12145		0.00257059		309.848		
00:00:18:449		6.83216e+06		100.146		36.1989		2.03765		0.00253387		309.848		
00:00:18:350		6.83215e+06		100.146		36.1989		2.03765		0.00253387		309.848		
00:00:18:199		6.83215e+06		100.144		36.1764		1.95703		0.00249716		309.848		
00:00:18:100		6.83214e+06		100.144		36.1764		1.95703		0.00249716		309.848		
00:00:18:000		6.83214e+06		100.142		36.1764		1.95703		0.00249716		309.848		
00:00:17:899		6.83214e+06		100.142		36.154		1.87799		0.00246045		309.848		
00:00:17:800		6.83213e+06		100.142		36.154		1.87799		0.00246045		309.848		
00:00:17:699		6.83213e+06		100.141		36.1316		1.777		0.00242374		309.848		
00:00:17:600		6.83212e+06		100.141		36.1316		1.777		0.00242374		309.848		
00:00:17:500		6.83212e+06		100.139		36.1316		1.777		0.00242374		309.848		
00:00:17:399		6.83212e+06		100.139		36.1095		1.67757		0.00238703		309.848		
00:00:17:250		6.83211e+06		100.137		36.1095		1.67757		0.00238703		309.848		
00:00:17:149		6.83210e+06		100.137		36.0875		1.60624		0.00235032		309.848		
00:00:17:149		6.83210e+06		100.137		36.0875		1.60624		0.00235032		309.848		
00:00:17:050		6.8321e+06		100.137		36.0875		1.60624		0.00235032		309.848		
00:00:16:949		6.8321e+06		100.136		36.0657		1.49086		0.0023136		309.848		
00:00:16:850		6.83209e+06		100.136		36.0657		1.49086		0.0023136		309.848		
00:00:16:699		6.83208e+06		100.134		36.044		1.40051		0.00227689		309.848		
00:00:16:600		6.83208e+06		100.134		36.044		1.40051		0.00227689		309.848		
00:00:16:500		6.83208e+06		100.132		36.044		1.40051		0.00227689		309.848		
00:00:16:399		6.83207e+06		100.132		36.0226		1.33588		0.00224018		309.848		
00:00:16:199		6.83206e+06		100.131		36.0014		1.25212		0.00220346		309.848		
00:00:16:100		6.83206e+06		100.131		36.0014		1.25212		0.00220346		309.848		
00:00:16:100		6.83206e+06		100.131		36.0014		1.25212		0.00220346		309.848		
00:00:16:000		6.83206e+06		100.129		36.0014		1.25212		0.00220346		309.848		
00:00:15:900		6.83205e+06		100.129		35.9803		1.15138		0.00216675		309.848		
00:00:15:800		6.83205e+06		100.129		35.9803		1.15138		0.00216675		309.848		
00:00:15:699		6.83204e+06		100.127		35.9595		1.07265		0.00213003		309.848		
00:00:15:599		6.83204e+06		100.127		35.9595		1.07265		0.00213003		309.848		
00:00:15:500		6.83203e+06		100.125		35.9595		1.07265		0.00213003		309.848		
00:00:15:400		6.83203e+06		100.125		35.9389		1.03504		0.00209332		309.848		
00:00:15:250		6.83202e+06		100.124		35.9389		1.03504		0.00209332		309.848		
00:00:15:150		6.83202e+06		100.124		35.9186		0.981041		0.0020566		309.848		
00:00:15:150		6.83202e+06		100.124		35.9186		0.981041		0.0020566		309.848		
00:00:15:050		6.83202e+06		100.124		35.9186		0.981041		0.0020566		309.848		
00:00:14:949		6.83201e+06		100.122		35.8985		0.928412		0.00201989		309.848		
00:00:14:849		6.832e+06		100.122		35.8985		0.928412		0.00201989		309.848		
00:00:14:750		6.832e+06		100.12		35.8985		0.928412		0.00201989		309.848		
00:00:14:650		6.83199e+06		100.12		35.8787		0.878474		0.00198317		309.848		
00:00:14:550		6.83199e+06		100.12		35.8787		0.878474		0.00198317		309.848		
00:00:14:349		6.83198e+06		100.118		35.8591		0.814101		0.00194646		309.848		
00:00:14:349		6.83198e+06		100.118		35.8591		0.814101		0.00194646		309.848		
00:00:14:150		6.83197e+06		100.117		35.8399		0.767462		0.00190974		309.848		
00:00:14:150		6.83197e+06		100.117		35.8399		0.767462		0.00190974		309.848		
00:00:14:050		6.83197e+06		100.117		35.8399		0.767462		0.00190974		309.848		
00:00:13:949		6.83196e+06		100.115		35.8209		0.708906		0.00187303		309.848		
00:00:13:849		6.83196e+06		100.115		35.8209		0.708906		0.00187303		309.848		
00:00:13:750		6.83195e+06		100.113		35.8209		0.708906		0.00187303		309.848		
00:00:13:650		6.83195e+06		100.113		35.8023		0.637784		0.00183631		309.848		
00:00:13:550		6.83194e+06		100.113		35.8023		0.637784		0.00183631		309.848		
00:00:13:449		6.83194e+06		100.111		35.784		0.583667		0.00179959		309.848		
00:00:13:349		6.83193e+06		100.111		35.784		0.583667		0.00179959		309.848		
00:00:13:250		6.83193e+06		100.11		35.784		0.583667		0.00179959		309.848		
00:00:13:150		6.83192e+06		100.11		35.7662		0.532021		0.00176287		309.848		
00:00:13:050		6.83192e+06		100.11		35.7662		0.532021		0.00176287		309.848		
00:00:12:949		6.83191e+06		100.108		35.7492		0.482808		0.00172616		309.848		
00:00:12:849		6.83191e+06		100.108		35.7492		0.482808		0.00172616		309.848		
00:00:12:750		6.8319e+06		100.106		35.7492		0.482808		0.00172616		309.848		
00:00:12:650		6.8319e+06		100.106		35.7328		0.43599		0.00168944		309.848		
00:00:12:550		6.83189e+06		100.106		35.7328		0.43599		0.00168944		309.848		
00:00:12:400		6.83188e+06		100.104		35.7171		0.391528		0.00165272		309.848		
00:00:12:349		6.83188e+06		100.104		35.7171		0.391528		0.00165272		309.848		
00:00:12:199		6.83187e+06		100.102		35.7023		0.359632		0.001616		309.848		
00:00:12:099		6.83187e+06		100.102		35.7023		0.359632		0.001616		309.848		
00:00:12:000		6.83186e+06		100.101		35.7023		0.359632		0.001616		309.848		
00:00:11:900		6.83186e+06		100.101		35.6882		0.330009		0.00157928		309.848		
00:00:11:800		6.83185e+06		100.101		35.6882		0.330009		0.00157928		309.848		
00:00:11:699		6.83185e+06		100.099		35.675		0.301504		0.00154256		309.848		
00:00:11:599		6.83184e+06		100.099		35.675		0.301504		0.00154256		309.848		
00:00:11:500		6.83183e+06		100.097		35.675		0.301504		0.00154256		309.847		
00:00:11:400		6.83183e+06		100.097		35.6627		0.283781		0.00150584		309.847		
00:00:11:300		6.83182e+06		100.097		35.6627		0.283781		0.00150584		309.847		
00:00:11:199		6.83182e+06		100.095		35.6513		0.267133		0.00146912		309.847		
00:00:11:099		6.83181e+06		100.095		35.6513		0.267133		0.00146912		309.847		
00:00:11:000		6.83181e+06		100.093		35.6513		0.267133		0.00146912		309.847		
00:00:10:900		6.8318e+06		100.093		35.6409		0.251537		0.0014324		309.847		
00:00:10:800		6.8318e+06		100.093		35.6409		0.251537		0.0014324		309.847		
00:00:10:699		6.83179e+06		100.091		35.6316		0.236971		0.00139568		309.847		
00:00:10:599		6.83178e+06		100.091		35.6316		0.236971		0.00139568		309.847		
00:00:10:599		6.83178e+06		100.091		35.6316		0.236971		0.00139568		309.847		
00:00:10:449		6.83178e+06		100.09		35.6234		0.216874		0.00135896		309.847		
00:00:10:349		6.83177e+06		100.09		35.6234		0.216874		0.00135896		309.847		
00:00:10:199		6.83176e+06		100.088		35.6163		0.191713		0.00132224		309.847		
00:00:10:050		6.83175e+06		100.088		35.6163		0.191713		0.00132224		309.847		
00:00:10:050		6.83175e+06		100.088		35.6163		0.191713		0.00132224		309.847		
00:00:09:949		6.83175e+06		100.086		35.6104		0.168485		0.00128552		309.847		
00:00:09:849		6.83174e+06		100.086		35.6104		0.168485		0.00128552		309.847		
00:00:09:750		6.83173e+06		100.084		35.6104		0.168485		0.00128552		309.847		
00:00:09:650		6.83173e+06		100.084		35.6058		0.14205		0.0012488		309.847		
00:00:09:550		6.83172e+06		100.084		35.6058		0.14205		0.0012488		309.847		
00:00:09:449		6.83172e+06		100.082		35.6026		0.122109		0.00121207		309.847		
00:00:09:349		6.83171e+06		100.082		35.6026		0.122109		0.00121207		309.847		
00:00:09:050		6.83169e+06		100.08		35.6011		0.104868		0.00117535		309.847		
00:00:09:050		6.83169e+06		100.08		35.6011		0.104868		0.00117535		309.847		
00:00:09:050		6.83169e+06		100.08		35.6011		0.104868		0.00117535		309.847		
00:00:08:949		6.83168e+06		100.078		35.6015		0.0809671		0.00113863		309.847		
00:00:08:849		6.83168e+06		100.078		35.6015		0.0809671		0.00113863		309.847		
00:00:08:750		6.83167e+06		100.076		35.6015		0.0809671		0.00113863		309.847		
00:00:08:650		6.83167e+06		100.076		35.6039		0.0629708		0.0011019		309.847		
00:00:08:550		6.83166e+06		100.076		35.6039		0.0629708		0.0011019		309.847		
00:00:08:449		6.83165e+06		100.074		35.6083		0.0533398		0.00106518		309.847		
00:00:08:349		6.83165e+06		100.074		35.6083		0.0533398		0.00106518		309.847		
00:00:08:150		6.83163e+06		100.072		35.6148		0.045318		0.00102846		309.847		
00:00:08:150		6.83163e+06		100.072		35.6148		0.045318		0.00102846		309.847		
00:00:08:050		6.83163e+06		100.072		35.6148		0.045318		0.00102846		309.847		
00:00:07:950		6.83162e+06		100.07		35.6236		0.0337559		0.000991732		309.847		
00:00:07:849		6.83161e+06		100.07		35.6236		0.0337559		0.000991732		309.847		
00:00:07:750		6.83161e+06		100.069		35.6236		0.0337559		0.000991732		309.847		
00:00:07:650		6.8316e+06		100.069		35.6348		0.0237009		0.000955007		309.847		
00:00:07:500		6.83159e+06		100.067		35.6348		0.0237009		0.000955007		309.847		
00:00:07:450		6.83159e+06		100.067		35.6485		0.0172573		0.000918281		309.847		
00:00:07:349		6.83158e+06		100.067		35.6485		0.0172573		0.000918281		309.847		
00:00:07:150		6.83157e+06		100.065		35.6648		0.0111245		0.000881556		309.847		
00:00:07:150		6.83157e+06		100.065		35.6648		0.0111245		0.000881556		309.847		
00:00:07:049		6.83156e+06		100.065		35.6648		0.0111245		0.000881556		309.847		
00:00:06:950		6.83155e+06		100.063		35.6838		0.00557349		0.000844829		309.847		
00:00:06:849		6.83155e+06		100.063		35.6838		0.00557349		0.000844829		309.847		
00:00:06:750		6.83154e+06		100.06		35.6838		0.00557349		0.000844829		309.847		
00:00:06:650		6.83153e+06		100.06		35.7058		0.00194285		0.000808103		309.847		
00:00:06:500		6.83152e+06		100.058		35.7058		0.00194285		0.000808103		309.847		
00:00:06:400		6.83151e+06		100.058		35.7308		0.000297726		0.000771375		309.847		
00:00:06:299		6.83151e+06		100.058		35.7308		0.000297726		0.000771375		309.847		
00:00:06:200		6.8315e+06		100.056		35.7592		0		0.000734648		309.847		
00:00:06:099		6.83149e+06		100.056		35.7592		0		0.000734648		309.847		
00:00:06:000		6.83149e+06		100.054		35.7592		0		0.000734648		309.847		
00:00:05:900		6.83148e+06		100.054		35.7913		0		0.00069792		309.847		
00:00:05:799		6.83147e+06		100.054		35.7913		0		0.00069792		309.847		
00:00:05:700		6.83146e+06		100.052		35.8275		0		0.000661192		309.847		
00:00:05:599		6.83146e+06		100.052		35.8275		0		0.000661192		309.847		
00:00:05:500		6.83145e+06		100.051		35.8275		0		0.000661192		309.847		
00:00:05:400		6.83144e+06		100.051		35.8677		0		0.000624463		309.848		
00:00:05:299		6.83143e+06		100.051		35.8677		0		0.000624463		309.848		
00:00:05:200		6.83143e+06		100.048		35.9135		0		0.000587734		309.848		
00:00:05:099		6.83142e+06		100.048		35.9135		0		0.000587734		309.848		
00:00:05:000		6.83141e+06		100.049		35.9135		0		0.000587734		309.848		
00:00:04:900		6.83141e+06		100.049		35.9608		0		0.000551004		309.848		
00:00:04:799		6.8314e+06		100.049		35.9608		0		0.000551004		309.848		
00:00:04:700		6.83139e+06		100.05		36.0065		0		0.000514274		309.848		
00:00:04:599		6.83139e+06		100.05		36.0065		0		0.000514274		309.848		
00:00:04:500		6.83138e+06		100.051		36.0065		0		0.000514274		309.848		
00:00:04:400		6.83137e+06		100.051		36.0505		0		0.000477544		309.848		
00:00:04:200		6.83136e+06		100.053		36.0925		0		0.000440812		309.848		
00:00:04:099		6.83135e+06		100.053		36.0925		0		0.000440812		309.848		
00:00:04:099		6.83135e+06		100.053		36.0925		0		0.000440812		309.848		
00:00:04:000		6.83134e+06		100.054		36.0925		0		0.000440812		309.848		
00:00:04:000		6.83134e+06		100.054		36.0925		0		0.000440812		309.848		
00:00:03:850		6.83133e+06		100.054		36.1325		0		0.000404081		309.848		
00:00:03:750		6.83133e+06		100.055		36.1325		0		0.000404081		309.848		
00:00:03:600		6.83132e+06		100.055		36.1703		0		0.000367348		309.848		
00:00:03:450		6.83131e+06		100.057		36.2056		0		0.000330616		309.848		
00:00:03:450		6.83131e+06		100.057		36.2056		0		0.000330616		309.848		
00:00:03:350		6.83130e+06		100.057		36.2056		0		0.000330616		309.848		
00:00:03:250		6.8313e+06		100.058		36.2056		0		0.000330616		309.848		
00:00:03:049		6.83129e+06		100.058		36.2384		0		0.000293883		309.848		
00:00:03:049		6.83129e+06		100.058		36.2384		0		0.000293883		309.848		
00:00:02:950		6.83128e+06		100.059		36.2684		0		0.00025715		309.848		
00:00:02:850		6.83128e+06		100.059		36.2684		0		0.00025715		309.848		
00:00:02:750		6.83127e+06		100.06		36.2684		0		0.00025715		309.847		
00:00:02:649		6.83126e+06		100.06		36.2954		0		0.000220416		309.848		
00:00:02:500		6.83126e+06		100.062		36.2954		0		0.000220416		309.848		
00:00:02:399		6.83125e+06		100.062		36.3193		0		0.000183681		309.848		
00:00:02:200		6.83124e+06		100.063		36.3397		0		0.000146945		309.848		
00:00:02:200		6.83124e+06		100.063		36.3397		0		0.000146945		309.848		
00:00:02:049		6.83123e+06		100.063		36.3397		0		0.000146945		309.848		
00:00:02:049		6.83123e+06		100.063		36.3397		0		0.000146945		309.848		
00:00:01:949		6.83123e+06		100.064		36.3565		0		0.000110208		309.848		
00:00:01:850		6.83122e+06		100.064		36.3565		0		0.000110208		309.848		
00:00:01:750		6.83122e+06		100.065		36.3565		0		0.000110208		309.847		
00:00:01:649		6.83122e+06		100.065		36.3693		0		7.34728e-05		309.847		
00:00:01:550		6.83121e+06		100.065		36.3693		0		7.34728e-05		309.846		
00:00:01:449		6.83121e+06		100.067		36.3781		0		3.67372e-05		309.846		
00:00:01:250		6.8312e+06		100.068		36.3781		0		3.67372e-05		309.845		
00:00:01:250		6.8312e+06		100.068		36.3781		0		3.67372e-05		309.845		
00:00:01:149		6.8312e+06		100.068		36.3825		0		0		309.845		
00:00:01:050		6.83119e+06		100.068		36.3825		0		0		309.845		
00:00:00:949		6.83119e+06		100.069		36.3828		0		0		309.845		
00:00:00:849		6.83118e+06		100.069		36.3828		0		0		309.846		
00:00:00:750		6.83118e+06		100.069		36.3828		0		0		309.846		
00:00:00:650		6.83118e+06		100.069		36.3831		0		0		309.846		
00:00:00:550		6.83117e+06		100.069		36.3831		0		0		309.846		
00:00:00:450		6.83117e+06		100.069		36.3834		0		0		309.846		
00:00:00:349		6.83116e+06		100.069		36.3834		0		0		309.846		
00:00:00:149		6.83116e+06		100.069		36.3837		0		0		309.846		
00:00:00:050		6.83115e+06		100.069		36.3837		0		0		309.846		
00:00:00:050		6.83115e+06		100.069		36.3837		0		0		309.846		
00:00:00:000		6.83115e+06		100.069		36.3837		0		0		309.846		
00:00:00:000		6.83115e+06		100.069		36.3837		0		0		309.846		
00:00:00:000		6.83115e+06		100.069		36.3837		0		0		309.846		
00:00:00:000		6.83115e+06		100.069		36.3837		0		0		309.846		
00:00:00:000		6.83115e+06		100.069		36.3837		0		0		309.846		
00:00:00:000		6.83115e+06		100.069		36.3837		0		0		309.846		
