	time 		gpv001pnt10113ppntm	evf507ety101mpzoyout	chtcon(1)	chavg(1)	chlhsumpa	rcptavgn	
00:01:01:350		6.83395e+06		100.226		37.4618		11.4853		0.00453076		309.852		
00:01:01:149		6.83393e+06		100.225		37.4516		11.2291		0.00451197		309.852		
00:01:01:149		6.83393e+06		100.225		37.4516		11.2291		0.00451197		309.852		
00:01:01:049		6.83393e+06		100.225		37.4516		11.2291		0.00451197		309.852		
00:01:01:049		6.83393e+06		100.225		37.4516		11.2291		0.00451197		309.852		
00:01:00:850		6.83391e+06		100.224		37.4412		11.0588		0.00449318		309.852		
00:01:00:850		6.83391e+06		100.224		37.4412		11.0588		0.00449318		309.852		
00:01:00:750		6.83391e+06		100.223		37.4412		11.0588		0.00449318		309.852		
00:01:00:649		6.8339e+06		100.223		37.4309		10.9749		0.00447439		309.852		
00:01:00:549		6.83389e+06		100.223		37.4309		10.9749		0.00447439		309.852		
00:01:00:450		6.83389e+06		100.222		37.4205		10.8911		0.00445559		309.852		
00:01:00:350		6.83388e+06		100.222		37.4205		10.8911		0.00445559		309.852		
00:01:00:149		6.83387e+06		100.222		37.4101		10.8085		0.0044368		309.852		
00:01:00:049		6.83386e+06		100.222		37.4101		10.8085		0.0044368		309.852		
00:01:00:049		6.83386e+06		100.222		37.4101		10.8085		0.0044368		309.852		
00:01:00:000		6.83386e+06		100.221		37.4101		10.8085		0.0044368		309.852		
00:00:59:899		6.83385e+06		100.221		37.3996		10.6438		0.00441801		309.852		
00:00:59:799		6.83384e+06		100.221		37.3996		10.6438		0.00441801		309.852		
00:00:59:700		6.83384e+06		100.22		37.389		10.4804		0.00439922		309.852		
00:00:59:600		6.83383e+06		100.22		37.389		10.4804		0.00439922		309.852		
00:00:59:500		6.83383e+06		100.219		37.389		10.4804		0.00439922		309.852		
00:00:59:399		6.83382e+06		100.219		37.3784		10.3182		0.00438042		309.852		
00:00:59:200		6.8338e+06		100.218		37.3678		10.2375		0.00436163		309.852		
00:00:59:049		6.83379e+06		100.218		37.3678		10.2375		0.00436163		309.852		
00:00:59:049		6.83379e+06		100.218		37.3678		10.2375		0.00436163		309.852		
00:00:58:950		6.83379e+06		100.217		37.3572		10.1579		0.00434284		309.852		
00:00:58:850		6.83378e+06		100.217		37.3572		10.1579		0.00434284		309.852		
00:00:58:750		6.83377e+06		100.216		37.3572		10.1579		0.00434284		309.851		
00:00:58:649		6.83377e+06		100.216		37.3465		9.99939		0.00432405		309.851		
00:00:58:549		6.83375e+06		100.216		37.3465		9.99939		0.00432405		309.851		
00:00:58:450		6.83375e+06		100.216		37.3359		9.84209		0.00430525		309.851		
00:00:58:350		6.83374e+06		100.216		37.3359		9.84209		0.00430525		309.851		
00:00:58:250		6.83374e+06		100.215		37.3359		9.84209		0.00430525		309.851		
00:00:58:149		6.83373e+06		100.215		37.3253		9.76378		0.00428646		309.851		
00:00:58:049		6.83372e+06		100.215		37.3253		9.76378		0.00428646		309.851		
00:00:57:950		6.83372e+06		100.214		37.3147		9.68665		0.00426767		309.851		
00:00:57:850		6.83371e+06		100.214		37.3147		9.68665		0.00426767		309.851		
00:00:57:750		6.8337e+06		100.213		37.3147		9.68665		0.00426767		309.851		
00:00:57:649		6.8337e+06		100.213		37.3042		9.60955		0.00424887		309.851		
00:00:57:549		6.83369e+06		100.213		37.3042		9.60955		0.00424887		309.851		
00:00:57:450		6.83368e+06		100.212		37.2936		9.53362		0.00423008		309.851		
00:00:57:350		6.83367e+06		100.212		37.2936		9.53362		0.00423008		309.851		
00:00:57:250		6.83367e+06		100.211		37.2936		9.53362		0.00423008		309.851		
00:00:57:149		6.83366e+06		100.211		37.283		9.38235		0.00421129		309.851		
00:00:57:049		6.83365e+06		100.211		37.283		9.38235		0.00421129		309.851		
00:00:56:899		6.83364e+06		100.211		37.2725		9.23227		0.00419249		309.851		
00:00:56:799		6.83364e+06		100.211		37.2725		9.23227		0.00419249		309.851		
00:00:56:799		6.83364e+06		100.211		37.2725		9.23227		0.00419249		309.851		
00:00:56:700		6.83363e+06		100.21		37.2619		9.08339		0.0041737		309.851		
00:00:56:600		6.83362e+06		100.21		37.2619		9.08339		0.0041737		309.851		
00:00:56:399		6.83361e+06		100.209		37.2514		9.00928		0.00415491		309.851		
00:00:56:399		6.83361e+06		100.209		37.2514		9.00928		0.00415491		309.851		
00:00:56:299		6.8336e+06		100.209		37.2514		9.00928		0.00415491		309.851		
00:00:56:100		6.83359e+06		100.208		37.2408		8.93632		0.00413612		309.851		
00:00:56:100		6.83359e+06		100.208		37.2408		8.93632		0.00413612		309.851		
00:00:56:000		6.83358e+06		100.207		37.2408		8.93632		0.00413612		309.851		
00:00:55:899		6.83357e+06		100.207		37.2303		8.8634		0.00411732		309.851		
00:00:55:799		6.83356e+06		100.207		37.2303		8.8634		0.00411732		309.851		
00:00:55:700		6.83356e+06		100.206		37.2197		8.79162		0.00409853		309.851		
00:00:55:600		6.83355e+06		100.206		37.2197		8.79162		0.00409853		309.851		
00:00:55:500		6.83354e+06		100.205		37.2197		8.79162		0.00409853		309.851		
00:00:55:350		6.83353e+06		100.205		37.2092		8.64864		0.00407974		309.851		
00:00:55:200		6.83352e+06		100.205		37.1987		8.57748		0.00406094		309.851		
00:00:55:100		6.83351e+06		100.205		37.1987		8.57748		0.00406094		309.851		
00:00:55:100		6.83351e+06		100.205		37.1987		8.57748		0.00406094		309.851		
00:00:55:000		6.83351e+06		100.204		37.1882		8.50746		0.00404215		309.851		
00:00:54:899		6.8335e+06		100.204		37.1882		8.50746		0.00404215		309.851		
00:00:54:799		6.83349e+06		100.204		37.1882		8.50746		0.00404215		309.851		
00:00:54:700		6.83349e+06		100.203		37.1776		8.43746		0.00402335		309.851		
00:00:54:600		6.83348e+06		100.203		37.1776		8.43746		0.00402335		309.851		
00:00:54:500		6.83347e+06		100.202		37.1776		8.43746		0.00402335		309.851		
00:00:54:399		6.83347e+06		100.202		37.1671		8.3686		0.00400456		309.851		
00:00:54:299		6.83346e+06		100.202		37.1671		8.3686		0.00400456		309.851		
00:00:54:100		6.83344e+06		100.201		37.1566		8.23144		0.00398577		309.85		
00:00:54:100		6.83344e+06		100.201		37.1566		8.23144		0.00398577		309.85		
00:00:54:000		6.83344e+06		100.2		37.1566		8.23144		0.00398577		309.85		
00:00:53:899		6.83343e+06		100.2		37.1461		8.16318		0.00396697		309.85		
00:00:53:799		6.83342e+06		100.2		37.1461		8.16318		0.00396697		309.85		
00:00:53:649		6.83342e+06		100.199		37.1356		8.09604		0.00394818		309.85		
00:00:53:549		6.83341e+06		100.199		37.1356		8.09604		0.00394818		309.85		
00:00:53:450		6.8334e+06		100.199		37.125		8.02893		0.00392939		309.85		
00:00:53:350		6.83339e+06		100.199		37.125		8.02893		0.00392939		309.85		
00:00:53:149		6.83338e+06		100.198		37.1145		7.96293		0.00391059		309.85		
00:00:53:049		6.83338e+06		100.198		37.1145		7.96293		0.00391059		309.85		
00:00:53:049		6.83338e+06		100.198		37.1145		7.96293		0.00391059		309.85		
00:00:52:950		6.83337e+06		100.197		37.104		7.89696		0.0038918		309.85		
00:00:52:850		6.83336e+06		100.197		37.104		7.89696		0.0038918		309.85		
00:00:52:750		6.83336e+06		100.196		37.104		7.89696		0.0038918		309.85		
00:00:52:649		6.83335e+06		100.196		37.0934		7.83209		0.003873		309.85		
00:00:52:549		6.83334e+06		100.196		37.0934		7.83209		0.003873		309.85		
00:00:52:450		6.83333e+06		100.195		37.0829		7.70293		0.00385421		309.85		
00:00:52:350		6.83333e+06		100.195		37.0829		7.70293		0.00385421		309.85		
00:00:52:250		6.83332e+06		100.194		37.0829		7.70293		0.00385421		309.85		
00:00:52:149		6.83331e+06		100.194		37.0723		7.63866		0.00383542		309.85		
00:00:52:049		6.83331e+06		100.194		37.0723		7.63866		0.00383542		309.85		
00:00:51:950		6.8333e+06		100.193		37.0618		7.57548		0.00381662		309.85		
00:00:51:850		6.83329e+06		100.193		37.0618		7.57548		0.00381662		309.85		
00:00:51:750		6.83329e+06		100.193		37.0618		7.57548		0.00381662		309.85		
00:00:51:649		6.83328e+06		100.193		37.0512		7.44968		0.00379783		309.85		
00:00:51:549		6.83327e+06		100.193		37.0512		7.44968		0.00379783		309.85		
00:00:51:450		6.83327e+06		100.192		37.0406		7.2628		0.00377903		309.85		
00:00:51:350		6.83326e+06		100.192		37.0406		7.2628		0.00377903		309.85		
00:00:51:250		6.83325e+06		100.191		37.0406		7.2628		0.00377903		309.85		
00:00:51:149		6.83325e+06		100.191		37.0301		7.1386		0.00376024		309.85		
00:00:51:000		6.83324e+06		100.19		37.0301		7.1386		0.00376024		309.85		
00:00:50:899		6.83323e+06		100.19		37.0194		7.07765		0.00374144		309.85		
00:00:50:899		6.83323e+06		100.19		37.0194		7.07765		0.00374144		309.85		
00:00:50:799		6.83323e+06		100.19		37.0194		7.07765		0.00374144		309.85		
00:00:50:700		6.83322e+06		100.189		37.0088		7.01672		0.00372265		309.85		
00:00:50:600		6.83321e+06		100.189		37.0088		7.01672		0.00372265		309.85		
00:00:50:500		6.83321e+06		100.188		37.0088		7.01672		0.00372265		309.85		
00:00:50:399		6.8332e+06		100.188		36.9982		6.95686		0.00370386		309.85		
00:00:50:200		6.83319e+06		100.188		36.9875		6.8377		0.00368506		309.85		
00:00:50:100		6.83319e+06		100.188		36.9875		6.8377		0.00368506		309.85		
00:00:50:100		6.83319e+06		100.188		36.9875		6.8377		0.00368506		309.85		
00:00:50:000		6.83318e+06		100.187		36.9875		6.8377		0.00368506		309.85		
00:00:49:899		6.83317e+06		100.187		36.9769		6.77842		0.00366627		309.85		
00:00:49:799		6.83316e+06		100.187		36.9769		6.77842		0.00366627		309.85		
00:00:49:700		6.83316e+06		100.186		36.9662		6.77844		0.00364747		309.85		
00:00:49:600		6.83315e+06		100.186		36.9662		6.77844		0.00364747		309.85		
00:00:49:500		6.83314e+06		100.185		36.9662		6.77844		0.00364747		309.85		
00:00:49:399		6.83314e+06		100.185		36.9555		6.72076		0.00362868		309.85		
00:00:49:299		6.83313e+06		100.185		36.9555		6.72076		0.00362868		309.85		
00:00:49:100		6.83312e+06		100.184		36.9447		6.54869		0.00360988		309.85		
00:00:49:100		6.83312e+06		100.184		36.9447		6.54869		0.00360988		309.85		
00:00:49:000		6.83312e+06		100.183		36.9447		6.54869		0.00360988		309.85		
00:00:48:799		6.8331e+06		100.183		36.934		6.43435		0.00359109		309.85		
00:00:48:700		6.8331e+06		100.182		36.9232		6.37829		0.00357229		309.85		
00:00:48:700		6.8331e+06		100.182		36.9232		6.37829		0.00357229		309.85		
00:00:48:549		6.83309e+06		100.182		36.9232		6.37829		0.00357229		309.85		
00:00:48:500		6.83309e+06		100.182		36.9232		6.37829		0.00357229		309.85		
00:00:48:399		6.83308e+06		100.182		36.9123		6.26669		0.0035535		309.85		
00:00:48:299		6.83307e+06		100.182		36.9123		6.26669		0.0035535		309.85		
00:00:48:100		6.83306e+06		100.181		36.9015		6.10105		0.0035347		309.85		
00:00:48:100		6.83306e+06		100.181		36.9015		6.10105		0.0035347		309.85		
00:00:48:000		6.83306e+06		100.18		36.9015		6.10105		0.0035347		309.85		
00:00:47:899		6.83305e+06		100.18		36.8905		5.99098		0.00351591		309.85		
00:00:47:799		6.83305e+06		100.18		36.8905		5.99098		0.00351591		309.85		
00:00:47:700		6.83304e+06		100.179		36.8796		5.88299		0.00349711		309.85		
00:00:47:600		6.83303e+06		100.179		36.8796		5.88299		0.00349711		309.85		
00:00:47:500		6.83303e+06		100.178		36.8796		5.88299		0.00349711		309.85		
00:00:47:399		6.83302e+06		100.178		36.8686		5.77504		0.00347832		309.85		
00:00:47:200		6.83301e+06		100.177		36.8576		5.72206		0.00345952		309.85		
00:00:47:100		6.83301e+06		100.177		36.8576		5.72206		0.00345952		309.85		
00:00:47:100		6.83301e+06		100.177		36.8576		5.72206		0.00345952		309.85		
00:00:47:000		6.833e+06		100.176		36.8465		5.61663		0.00344073		309.85		
00:00:46:850		6.83299e+06		100.176		36.8465		5.61663		0.00344073		309.85		
00:00:46:750		6.83299e+06		100.176		36.8465		5.61663		0.00344073		309.849		
00:00:46:649		6.83298e+06		100.176		36.8354		5.51225		0.00342193		309.849		
00:00:46:549		6.83298e+06		100.176		36.8354		5.51225		0.00342193		309.849		
00:00:46:450		6.83297e+06		100.175		36.8242		5.4089		0.00340313		309.849		
00:00:46:350		6.83297e+06		100.175		36.8242		5.4089		0.00340313		309.849		
00:00:46:250		6.83296e+06		100.174		36.8242		5.4089		0.00340313		309.849		
00:00:46:149		6.83295e+06		100.174		36.8129		5.30658		0.00338434		309.849		
00:00:46:049		6.83295e+06		100.174		36.8129		5.30658		0.00338434		309.849		
00:00:45:950		6.83294e+06		100.173		36.8016		5.2053		0.00336554		309.849		
00:00:45:850		6.83294e+06		100.173		36.8016		5.2053		0.00336554		309.849		
00:00:45:750		6.83294e+06		100.172		36.8016		5.2053		0.00336554		309.849		
00:00:45:649		6.83293e+06		100.172		36.7902		5.10505		0.00334675		309.849		
00:00:45:549		6.83292e+06		100.172		36.7902		5.10505		0.00334675		309.849		
00:00:45:450		6.83292e+06		100.171		36.7787		5.0552		0.00332795		309.849		
00:00:45:299		6.83291e+06		100.171		36.7787		5.0552		0.00332795		309.849		
00:00:45:200		6.8329e+06		100.17		36.7672		5.00635		0.00330916		309.849		
00:00:45:100		6.8329e+06		100.17		36.7672		5.00635		0.00330916		309.849		
00:00:45:000		6.83289e+06		100.17		36.7672		5.00635		0.00330916		309.849		
00:00:45:000		6.83289e+06		100.17		36.7672		5.00635		0.00330916		309.849		
00:00:44:799		6.83288e+06		100.17		36.7556		4.86079		0.00329036		309.849		
00:00:44:799		6.83288e+06		100.17		36.7556		4.86079		0.00329036		309.849		
00:00:44:649		6.83288e+06		100.169		36.7441		4.76413		0.00327156		309.849		
00:00:44:549		6.83287e+06		100.169		36.7441		4.76413		0.00327156		309.849		
00:00:44:450		6.83287e+06		100.168		36.7326		4.71679		0.00325277		309.849		
00:00:44:350		6.83286e+06		100.168		36.7326		4.71679		0.00325277		309.849		
00:00:44:250		6.83286e+06		100.167		36.7326		4.71679		0.00325277		309.849		
00:00:44:149		6.83285e+06		100.167		36.721		4.62263		0.00323397		309.849		
00:00:44:049		6.83285e+06		100.167		36.721		4.62263		0.00323397		309.849		
00:00:43:899		6.83284e+06		100.166		36.7095		4.52946		0.00321518		309.849		
00:00:43:799		6.83283e+06		100.166		36.7095		4.52946		0.00321518		309.849		
00:00:43:700		6.83283e+06		100.165		36.698		4.48315		0.00319638		309.849		
00:00:43:700		6.83283e+06		100.165		36.698		4.48315		0.00319638		309.849		
00:00:43:500		6.83282e+06		100.164		36.698		4.48315		0.00319638		309.849		
00:00:43:500		6.83282e+06		100.164		36.698		4.48315		0.00319638		309.849		
00:00:43:399		6.83282e+06		100.164		36.6865		4.39245		0.00317758		309.849		
00:00:43:299		6.83281e+06		100.164		36.6865		4.39245		0.00317758		309.849		
00:00:43:100		6.8328e+06		100.164		36.6749		4.25693		0.00315879		309.849		
00:00:43:100		6.8328e+06		100.164		36.6749		4.25693		0.00315879		309.849		
00:00:42:899		6.83279e+06		100.163		36.6634		4.21213		0.00313999		309.849		
00:00:42:899		6.83279e+06		100.163		36.6634		4.21213		0.00313999		309.849		
00:00:42:799		6.83279e+06		100.163		36.6634		4.21213		0.00313999		309.849		
00:00:42:700		6.83278e+06		100.162		36.6519		4.16828		0.00312119		309.849		
00:00:42:600		6.83278e+06		100.162		36.6519		4.16828		0.00312119		309.849		
00:00:42:500		6.83277e+06		100.161		36.6519		4.03765		0.00312119		309.849		
00:00:42:350		6.83277e+06		100.161		36.6404		4.03765		0.0031024		309.849		
00:00:42:149		6.83276e+06		100.16		36.6289		3.95092		0.0030836		309.849		
00:00:42:049		6.83275e+06		100.16		36.6289		3.95092		0.0030836		309.849		
00:00:42:049		6.83275e+06		100.16		36.6289		3.95092		0.0030836		309.849		
00:00:41:950		6.83275e+06		100.159		36.6173		3.86609		0.0030648		309.849		
00:00:41:850		6.83274e+06		100.159		36.6173		3.86609		0.0030648		309.849		
00:00:41:750		6.83274e+06		100.158		36.6173		3.86609		0.0030648		309.849		
00:00:41:700		6.83274e+06		100.158		36.6058		3.73935		0.00304601		309.849		
00:00:41:600		6.83273e+06		100.158		36.6058		3.73935		0.00304601		309.849		
00:00:41:500		6.83273e+06		100.158		36.6058		3.73935		0.00304601		309.849		
00:00:41:399		6.83272e+06		100.158		36.5943		3.65598		0.00302721		309.849		
00:00:41:200		6.83271e+06		100.157		36.5828		3.57357		0.00300841		309.849		
00:00:41:100		6.83271e+06		100.157		36.5828		3.57357		0.00300841		309.849		
00:00:41:100		6.83271e+06		100.157		36.5828		3.57357		0.00300841		309.849		
00:00:40:950		6.8327e+06		100.156		36.5712		3.45161		0.00298962		309.849		
00:00:40:850		6.8327e+06		100.156		36.5712		3.45161		0.00298962		309.849		
00:00:40:750		6.8327e+06		100.155		36.5712		3.45161		0.00298962		309.849		
00:00:40:649		6.83269e+06		100.155		36.5596		3.37064		0.00297082		309.849		
00:00:40:549		6.83268e+06		100.155		36.5596		3.37064		0.00297082		309.849		
00:00:40:450		6.83268e+06		100.154		36.5481		3.29154		0.00295202		309.849		
00:00:40:350		6.83268e+06		100.154		36.5481		3.29154		0.00295202		309.849		
00:00:40:250		6.83267e+06		100.153		36.5481		3.29154		0.00295202		309.849		
00:00:40:149		6.83267e+06		100.153		36.5365		3.17337		0.00293323		309.849		
00:00:40:049		6.83267e+06		100.153		36.5365		3.17337		0.00293323		309.849		
00:00:39:950		6.83266e+06		100.153		36.5249		3.05706		0.00291443		309.849		
00:00:39:850		6.83266e+06		100.153		36.5249		3.05706		0.00291443		309.849		
00:00:39:750		6.83265e+06		100.152		36.5249		3.05706		0.00291443		309.849		
00:00:39:649		6.83265e+06		100.152		36.5133		2.9417		0.00289563		309.849		
00:00:39:500		6.83264e+06		100.151		36.5133		2.9417		0.00289563		309.849		
00:00:39:500		6.83264e+06		100.151		36.5133		2.9417		0.00289563		309.849		
00:00:39:299		6.83264e+06		100.151		36.5017		2.86587		0.00287684		309.849		
00:00:39:299		6.83264e+06		100.151		36.5017		2.86587		0.00287684		309.849		
00:00:39:149		6.83263e+06		100.15		36.49		2.75375		0.00285804		309.849		
00:00:39:049		6.83263e+06		100.15		36.49		2.75375		0.00285804		309.849		
00:00:38:950		6.83262e+06		100.149		36.4783		2.67932		0.00283924		309.849		
00:00:38:850		6.83262e+06		100.149		36.4783		2.67932		0.00283924		309.849		
00:00:38:750		6.83261e+06		100.148		36.4783		2.67932		0.00283924		309.849		
00:00:38:649		6.83261e+06		100.148		36.4666		2.6067		0.00282044		309.849		
00:00:38:549		6.83261e+06		100.148		36.4666		2.6067		0.00282044		309.849		
00:00:38:450		6.8326e+06		100.147		36.4549		2.49825		0.00280165		309.849		
00:00:38:350		6.8326e+06		100.147		36.4549		2.49825		0.00280165		309.849		
00:00:38:200		6.83259e+06		100.147		36.4431		2.42701		0.00278285		309.849		
00:00:38:100		6.83259e+06		100.147		36.4431		2.42701		0.00278285		309.849		
00:00:38:100		6.83259e+06		100.147		36.4431		2.42701		0.00278285		309.849		
00:00:38:000		6.83259e+06		100.146		36.4431		2.42701		0.00278285		309.849		
00:00:37:899		6.83258e+06		100.146		36.4314		2.35667		0.00276405		309.849		
00:00:37:799		6.83258e+06		100.146		36.4314		2.35667		0.00276405		309.849		
00:00:37:700		6.83257e+06		100.145		36.4195		2.32174		0.00274525		309.849		
00:00:37:600		6.83257e+06		100.145		36.4195		2.32174		0.00274525		309.849		
00:00:37:399		6.83256e+06		100.144		36.4077		2.28769		0.00272646		309.849		
00:00:37:399		6.83256e+06		100.144		36.4077		2.28769		0.00272646		309.849		
00:00:37:299		6.83256e+06		100.144		36.4077		2.28769		0.00272646		309.849		
00:00:37:100		6.83255e+06		100.143		36.3958		2.25366		0.00270766		309.849		
00:00:37:100		6.83255e+06		100.143		36.3958		2.25366		0.00270766		309.849		
00:00:37:000		6.83255e+06		100.142		36.3958		2.25366		0.00270766		309.849		
00:00:36:899		6.83255e+06		100.142		36.3838		2.2205		0.00268886		309.849		
00:00:36:799		6.83254e+06		100.142		36.3838		2.2205		0.00268886		309.849		
00:00:36:649		6.83254e+06		100.141		36.3718		2.18735		0.00267006		309.849		
00:00:36:549		6.83253e+06		100.141		36.3718		2.18735		0.00267006		309.849		
00:00:36:450		6.83253e+06		100.141		36.3598		2.15507		0.00265126		309.849		
00:00:36:350		6.83253e+06		100.141		36.3598		2.15507		0.00265126		309.849		
00:00:36:149		6.83252e+06		100.14		36.3477		2.09095		0.00263247		309.849		
00:00:36:049		6.83252e+06		100.14		36.3477		2.09095		0.00263247		309.849		
00:00:36:049		6.83252e+06		100.14		36.3477		2.09095		0.00263247		309.849		
00:00:35:950		6.83251e+06		100.139		36.3356		2.02769		0.00261367		309.849		
00:00:35:850		6.83251e+06		100.139		36.3356		2.02769		0.00261367		309.849		
00:00:35:750		6.83251e+06		100.138		36.3356		2.02769		0.00261367		309.849		
00:00:35:700		6.8325e+06		100.138		36.3234		1.96531		0.00259487		309.849		
00:00:35:600		6.8325e+06		100.138		36.3234		1.96531		0.00259487		309.849		
00:00:35:500		6.8325e+06		100.137		36.3234		1.96531		0.00259487		309.849		
00:00:35:399		6.8325e+06		100.137		36.3111		1.93434		0.00257607		309.849		
00:00:35:200		6.83249e+06		100.136		36.2987		1.90422		0.00255727		309.849		
00:00:35:049		6.83248e+06		100.136		36.2987		1.90422		0.00255727		309.849		
00:00:35:049		6.83248e+06		100.136		36.2987		1.90422		0.00255727		309.849		
00:00:34:950		6.83248e+06		100.135		36.2863		1.8741		0.00253847		309.849		
00:00:34:850		6.83248e+06		100.135		36.2863		1.8741		0.00253847		309.849		
00:00:34:750		6.83247e+06		100.135		36.2863		1.8741		0.00253847		309.849		
00:00:34:649		6.83247e+06		100.135		36.2738		1.84483		0.00251968		309.849		
00:00:34:549		6.83247e+06		100.135		36.2738		1.84483		0.00251968		309.849		
00:00:34:450		6.83247e+06		100.134		36.2612		1.81557		0.00250088		309.849		
00:00:34:350		6.83246e+06		100.134		36.2612		1.81557		0.00250088		309.849		
00:00:34:149		6.83245e+06		100.133		36.2485		1.81557		0.00248208		309.849		
00:00:34:049		6.83245e+06		100.133		36.2485		1.81557		0.00248208		309.849		
00:00:34:049		6.83245e+06		100.133		36.2485		1.81557		0.00248208		309.849		
00:00:33:950		6.83245e+06		100.132		36.2358		1.81558		0.00246328		309.849		
00:00:33:799		6.83244e+06		100.132		36.2358		1.81558		0.00246328		309.849		
00:00:33:799		6.83244e+06		100.132		36.2358		1.81558		0.00246328		309.849		
00:00:33:600		6.83244e+06		100.131		36.2229		1.81559		0.00244448		309.849		
00:00:33:600		6.83244e+06		100.131		36.2229		1.81559		0.00244448		309.849		
00:00:33:500		6.83244e+06		100.13		36.2229		1.81559		0.00244448		309.849		
00:00:33:399		6.83243e+06		100.13		36.2101		1.8156		0.00242568		309.849		
00:00:33:299		6.83243e+06		100.13		36.2101		1.8156		0.00242568		309.849		
00:00:33:149		6.83243e+06		100.129		36.1972		1.8156		0.00240688		309.849		
00:00:33:000		6.83242e+06		100.129		36.1972		1.8156		0.00240688		309.849		
00:00:33:000		6.83242e+06		100.129		36.1972		1.8156		0.00240688		309.849		
00:00:32:899		6.83242e+06		100.129		36.1844		1.76286		0.00238809		309.849		
00:00:32:799		6.83241e+06		100.129		36.1844		1.76286		0.00238809		309.849		
00:00:32:700		6.83241e+06		100.128		36.1716		1.68416		0.00236929		309.849		
00:00:32:600		6.83241e+06		100.128		36.1716		1.68416		0.00236929		309.849		
00:00:32:399		6.8324e+06		100.127		36.1588		1.63264		0.00235049		309.849		
00:00:32:299		6.8324e+06		100.127		36.1588		1.63264		0.00235049		309.849		
00:00:32:299		6.8324e+06		100.127		36.1588		1.63264		0.00235049		309.849		
00:00:32:100		6.83239e+06		100.126		36.146		1.58192		0.00233169		309.849		
00:00:32:100		6.83239e+06		100.126		36.146		1.58192		0.00233169		309.849		
00:00:32:000		6.83239e+06		100.125		36.146		1.58192		0.00233169		309.849		
00:00:31:899		6.83239e+06		100.125		36.1332		1.55677		0.00231289		309.849		
00:00:31:800		6.83239e+06		100.125		36.1332		1.55677		0.00231289		309.849		
00:00:31:699		6.83238e+06		100.124		36.1204		1.50804		0.00229409		309.849		
00:00:31:600		6.83238e+06		100.124		36.1204		1.50804		0.00229409		309.849		
00:00:31:500		6.83238e+06		100.123		36.1204		1.50804		0.00229409		309.849		
00:00:31:399		6.83238e+06		100.123		36.1076		1.45933		0.00227529		309.849		
00:00:31:300		6.83237e+06		100.123		36.1076		1.45933		0.00227529		309.849		
00:00:31:100		6.83237e+06		100.123		36.0948		1.41218		0.00225649		309.849		
00:00:31:100		6.83237e+06		100.123		36.0948		1.41218		0.00225649		309.849		
00:00:31:000		6.83236e+06		100.122		36.0948		1.41218		0.00225649		309.849		
00:00:30:899		6.83236e+06		100.122		36.0821		1.36504		0.00223769		309.849		
00:00:30:750		6.83236e+06		100.121		36.0821		1.36504		0.00223769		309.849		
00:00:30:649		6.83236e+06		100.121		36.0693		1.34225		0.00221889		309.849		
00:00:30:600		6.83235e+06		100.121		36.0693		1.34225		0.00221889		309.849		
00:00:30:500		6.83235e+06		100.12		36.0693		1.34225		0.00221889		309.849		
00:00:30:399		6.83235e+06		100.12		36.0565		1.29704		0.00220009		309.849		
00:00:30:250		6.83235e+06		100.119		36.0565		1.29704		0.00220009		309.849		
00:00:30:050		6.83234e+06		100.119		36.0437		1.25261		0.00218129		309.849		
00:00:30:050		6.83234e+06		100.119		36.0437		1.25261		0.00218129		309.849		
00:00:30:000		6.83234e+06		100.118		36.0437		1.25261		0.00218129		309.849		
00:00:29:850		6.83234e+06		100.118		36.0309		1.23059		0.00216249		309.849		
00:00:29:750		6.83233e+06		100.117		36.0309		1.23059		0.00216249		309.849		
00:00:29:649		6.83233e+06		100.117		36.0181		1.18806		0.00214369		309.849		
00:00:29:550		6.83233e+06		100.117		36.0181		1.18806		0.00214369		309.849		
00:00:29:449		6.83233e+06		100.117		36.0053		1.14554		0.00212489		309.849		
00:00:29:350		6.83232e+06		100.117		36.0053		1.14554		0.00212489		309.849		
00:00:29:250		6.83232e+06		100.116		36.0053		1.14554		0.00212489		309.849		
00:00:29:149		6.83232e+06		100.116		35.9925		1.12503		0.00210609		309.849		
00:00:29:050		6.83232e+06		100.116		35.9925		1.12503		0.00210609		309.849		
00:00:28:949		6.83231e+06		100.115		35.9797		1.08438		0.00208729		309.849		
00:00:28:850		6.83231e+06		100.115		35.9797		1.08438		0.00208729		309.849		
00:00:28:750		6.83231e+06		100.114		35.9797		1.08438		0.00208729		309.849		
00:00:28:649		6.83231e+06		100.114		35.9668		1.04447		0.00206849		309.849		
00:00:28:550		6.8323e+06		100.114		35.9668		1.04447		0.00206849		309.849		
00:00:28:449		6.8323e+06		100.113		35.954		1.0247		0.00204969		309.849		
00:00:28:350		6.8323e+06		100.113		35.954		1.0247		0.00204969		309.849		
00:00:28:250		6.8323e+06		100.112		35.954		1.0247		0.00204969		309.849		
00:00:28:149		6.8323e+06		100.112		35.9411		1.00567		0.00203089		309.849		
00:00:28:050		6.83229e+06		100.112		35.9411		1.00567		0.00203089		309.849		
00:00:27:949		6.83229e+06		100.111		35.9283		0.986632		0.00201209		309.849		
00:00:27:850		6.83229e+06		100.111		35.9283		0.986632		0.00201209		309.849		
00:00:27:750		6.83229e+06		100.111		35.9283		0.986632		0.00201209		309.849		
00:00:27:649		6.83228e+06		100.111		35.9154		0.968318		0.00199329		309.849		
00:00:27:550		6.83228e+06		100.111		35.9154		0.968318		0.00199329		309.849		
00:00:27:449		6.83228e+06		100.11		35.9024		0.914088		0.00197449		309.849		
00:00:27:350		6.83228e+06		100.11		35.9024		0.914088		0.00197449		309.849		
00:00:27:149		6.83227e+06		100.109		35.8895		0.878179		0.00195569		309.849		
00:00:27:050		6.83227e+06		100.109		35.8895		0.878179		0.00195569		309.849		
00:00:27:050		6.83227e+06		100.109		35.8895		0.878179		0.00195569		309.849		
00:00:26:949		6.83227e+06		100.108		35.8765		0.878182		0.00193689		309.849		
00:00:26:850		6.83226e+06		100.108		35.8765		0.878182		0.00193689		309.849		
00:00:26:699		6.83226e+06		100.107		35.8635		0.861284		0.00191809		309.849		
00:00:26:600		6.83226e+06		100.107		35.8635		0.861284		0.00191809		309.849		
00:00:26:600		6.83226e+06		100.107		35.8635		0.861284		0.00191809		309.849		
00:00:26:500		6.83226e+06		100.106		35.8635		0.861284		0.00191809		309.849		
00:00:26:350		6.83226e+06		100.106		35.8505		0.811284		0.00189929		309.849		
00:00:26:250		6.83225e+06		100.105		35.8505		0.811284		0.00189929		309.849		
00:00:26:149		6.83225e+06		100.105		35.8374		0.778187		0.00188049		309.849		
00:00:26:050		6.83225e+06		100.105		35.8374		0.778187		0.00188049		309.849		
00:00:25:949		6.83224e+06		100.104		35.8243		0.74646		0.00186169		309.849		
00:00:25:850		6.83224e+06		100.104		35.8243		0.74646		0.00186169		309.849		
00:00:25:750		6.83224e+06		100.104		35.8243		0.74646		0.00186169		309.849		
00:00:25:600		6.83224e+06		100.104		35.8112		0.699215		0.00184289		309.849		
00:00:25:600		6.83224e+06		100.104		35.8112		0.699215		0.00184289		309.849		
00:00:25:500		6.83223e+06		100.103		35.8112		0.699215		0.00184289		309.849		
00:00:25:399		6.83223e+06		100.103		35.798		0.66851		0.00182409		309.849		
00:00:25:300		6.83223e+06		100.103		35.798		0.66851		0.00182409		309.849		
00:00:25:100		6.83223e+06		100.102		35.7848		0.638478		0.00180528		309.849		
00:00:25:000		6.83222e+06		100.101		35.7848		0.638478		0.00180528		309.849		
00:00:25:000		6.83222e+06		100.101		35.7848		0.638478		0.00180528		309.849		
00:00:24:800		6.83222e+06		100.101		35.7715		0.623632		0.00178648		309.849		
00:00:24:800		6.83222e+06		100.101		35.7715		0.623632		0.00178648		309.849		
00:00:24:699		6.83222e+06		100.1		35.7581		0.595261		0.00176768		309.849		
00:00:24:600		6.83222e+06		100.1		35.7581		0.595261		0.00176768		309.849		
00:00:24:500		6.83221e+06		100.099		35.7581		0.595261		0.00176768		309.849		
00:00:24:399		6.83221e+06		100.099		35.7448		0.553036		0.00174888		309.849		
00:00:24:300		6.83221e+06		100.099		35.7448		0.553036		0.00174888		309.849		
00:00:24:100		6.8322e+06		100.098		35.7316		0.539182		0.00173008		309.849		
00:00:24:100		6.8322e+06		100.098		35.7316		0.539182		0.00173008		309.849		
00:00:24:000		6.8322e+06		100.098		35.7316		0.539182		0.00173008		309.849		
00:00:23:899		6.8322e+06		100.098		35.7184		0.525975		0.00171128		309.849		
00:00:23:800		6.8322e+06		100.098		35.7184		0.525975		0.00171128		309.849		
00:00:23:699		6.8322e+06		100.097		35.7054		0.499883		0.00169248		309.849		
00:00:23:550		6.83219e+06		100.097		35.7054		0.499883		0.00169248		309.849		
00:00:23:500		6.83219e+06		100.096		35.7054		0.499883		0.00169248		309.849		
00:00:23:399		6.83219e+06		100.096		35.6925		0.487		0.00167368		309.849		
00:00:23:300		6.83219e+06		100.096		35.6925		0.487		0.00167368		309.849		
00:00:23:199		6.83219e+06		100.095		35.6796		0.474749		0.00165487		309.849		
00:00:23:100		6.83218e+06		100.095		35.6796		0.474749		0.00165487		309.849		
00:00:23:000		6.83218e+06		100.094		35.6796		0.474749		0.00165487		309.849		
00:00:22:899		6.83218e+06		100.094		35.6669		0.462501		0.00163607		309.849		
00:00:22:750		6.83217e+06		100.093		35.6669		0.462501		0.00163607		309.849		
00:00:22:649		6.83217e+06		100.093		35.6543		0.462502		0.00161727		309.849		
00:00:22:550		6.83217e+06		100.093		35.6543		0.462502		0.00161727		309.849		
00:00:22:449		6.83217e+06		100.092		35.6419		0.451185		0.00159847		309.849		
00:00:22:350		6.83216e+06		100.092		35.6419		0.451185		0.00159847		309.849		
00:00:22:250		6.83216e+06		100.091		35.6419		0.451185		0.00159847		309.849		
00:00:22:149		6.83216e+06		100.091		35.6295		0.417823		0.00157967		309.849		
00:00:22:050		6.83215e+06		100.091		35.6295		0.417823		0.00157967		309.849		
00:00:21:949		6.83215e+06		100.091		35.6173		0.395786		0.00156086		309.849		
00:00:21:850		6.83215e+06		100.091		35.6173		0.395786		0.00156086		309.849		
00:00:21:750		6.83215e+06		100.09		35.6173		0.395786		0.00156086		309.849		
00:00:21:649		6.83214e+06		100.09		35.6052		0.374952		0.00154206		309.849		
00:00:21:550		6.83214e+06		100.09		35.6052		0.374952		0.00154206		309.849		
00:00:21:449		6.83214e+06		100.089		35.5933		0.344007		0.00152326		309.849		
00:00:21:350		6.83214e+06		100.089		35.5933		0.344007		0.00152326		309.849		
00:00:21:149		6.83213e+06		100.088		35.5815		0.314247		0.00150446		309.849		
00:00:21:149		6.83213e+06		100.088		35.5815		0.314247		0.00150446		309.849		
00:00:21:050		6.83213e+06		100.088		35.5815		0.314247		0.00150446		309.849		
00:00:20:899		6.83213e+06		100.087		35.5699		0.285076		0.00148566		309.849		
00:00:20:800		6.83212e+06		100.087		35.5699		0.285076		0.00148566		309.849		
00:00:20:699		6.83212e+06		100.086		35.5584		0.275554		0.00146685		309.849		
00:00:20:699		6.83212e+06		100.086		35.5584		0.275554		0.00146685		309.849		
00:00:20:600		6.83212e+06		100.086		35.5584		0.275554		0.00146685		309.849		
00:00:20:399		6.83211e+06		100.085		35.5472		0.275555		0.00144805		309.849		
00:00:20:399		6.83211e+06		100.085		35.5472		0.275555		0.00144805		309.849		
00:00:20:300		6.83211e+06		100.085		35.5472		0.275555		0.00144805		309.849		
00:00:20:149		6.8321e+06		100.084		35.536		0.275556		0.00142925		309.849		
00:00:20:050		6.8321e+06		100.084		35.536		0.275556		0.00142925		309.849		
00:00:19:949		6.8321e+06		100.084		35.5251		0.267175		0.00141044		309.849		
00:00:19:850		6.83209e+06		100.084		35.5251		0.267175		0.00141044		309.849		
00:00:19:699		6.83209e+06		100.083		35.5144		0.250691		0.00139164		309.849		
00:00:19:699		6.83209e+06		100.083		35.5144		0.250691		0.00139164		309.849		
00:00:19:500		6.83208e+06		100.082		35.5144		0.250691		0.00139164		309.849		
00:00:19:500		6.83208e+06		100.082		35.5144		0.250691		0.00139164		309.849		
00:00:19:399		6.83208e+06		100.082		35.5039		0.234762		0.00137284		309.849		
00:00:19:300		6.83208e+06		100.082		35.5039		0.234762		0.00137284		309.849		
00:00:19:100		6.83207e+06		100.081		35.4936		0.226937		0.00135404		309.849		
00:00:19:000		6.83207e+06		100.08		35.4936		0.226937		0.00135404		309.849		
00:00:19:000		6.83207e+06		100.08		35.4936		0.226937		0.00135404		309.849		
00:00:18:899		6.83206e+06		100.08		35.4835		0.212357		0.00133523		309.849		
00:00:18:800		6.83206e+06		100.08		35.4835		0.212357		0.00133523		309.849		
00:00:18:699		6.83206e+06		100.079		35.4736		0.19076		0.00131643		309.849		
00:00:18:600		6.83205e+06		100.079		35.4736		0.19076		0.00131643		309.849		
00:00:18:500		6.83205e+06		100.078		35.4736		0.19076		0.00131643		309.849		
00:00:18:399		6.83205e+06		100.078		35.464		0.183743		0.00129763		309.849		
00:00:18:300		6.83204e+06		100.078		35.464		0.183743		0.00129763		309.849		
00:00:18:199		6.83204e+06		100.077		35.4547		0.170747		0.00127882		309.849		
00:00:18:050		6.83204e+06		100.077		35.4547		0.170747		0.00127882		309.849		
00:00:18:000		6.83203e+06		100.076		35.4547		0.170747		0.00127882		309.849		
00:00:17:899		6.83203e+06		100.076		35.4456		0.151518		0.00126002		309.849		
00:00:17:800		6.83203e+06		100.076		35.4456		0.151518		0.00126002		309.849		
00:00:17:699		6.83202e+06		100.076		35.4368		0.145285		0.00124122		309.849		
00:00:17:600		6.83202e+06		100.076		35.4368		0.145285		0.00124122		309.849		
00:00:17:500		6.83202e+06		100.075		35.4368		0.145285		0.00124122		309.849		
00:00:17:399		6.83201e+06		100.075		35.4284		0.145285		0.00122241		309.849		
00:00:17:300		6.83201e+06		100.075		35.4284		0.145285		0.00122241		309.849		
00:00:17:100		6.832e+06		100.074		35.4202		0.139809		0.00120361		309.849		
00:00:17:100		6.832e+06		100.074		35.4202		0.139809		0.00120361		309.849		
00:00:17:000		6.832e+06		100.073		35.4202		0.139809		0.00120361		309.849		
00:00:16:899		6.832e+06		100.073		35.4125		0.129105		0.00118481		309.849		
00:00:16:800		6.83199e+06		100.073		35.4125		0.129105		0.00118481		309.849		
00:00:16:649		6.83199e+06		100.072		35.4053		0.113898		0.001166		309.849		
00:00:16:550		6.83198e+06		100.072		35.4053		0.113898		0.001166		309.849		
00:00:16:449		6.83198e+06		100.071		35.3987		0.0991768		0.0011472		309.849		
00:00:16:350		6.83197e+06		100.071		35.3987		0.0991768		0.0011472		309.849		
00:00:16:250		6.83197e+06		100.07		35.3987		0.0991768		0.0011472		309.849		
00:00:16:149		6.83197e+06		100.07		35.3927		0.0854153		0.0011284		309.849		
00:00:16:050		6.83196e+06		100.07		35.3927		0.0854153		0.0011284		309.849		
00:00:15:949		6.83196e+06		100.069		35.3874		0.0721277		0.00110959		309.849		
00:00:15:849		6.83195e+06		100.069		35.3874		0.0721277		0.00110959		309.849		
00:00:15:750		6.83195e+06		100.068		35.3874		0.0721277		0.00110959		309.849		
00:00:15:650		6.83195e+06		100.068		35.3827		0.0638202		0.00109079		309.849		
00:00:15:550		6.83194e+06		100.068		35.3827		0.0638202		0.00109079		309.849		
00:00:15:449		6.83194e+06		100.068		35.3787		0.0559744		0.00107198		309.849		
00:00:15:349		6.83193e+06		100.068		35.3787		0.0559744		0.00107198		309.849		
00:00:15:250		6.83193e+06		100.067		35.3787		0.0559744		0.00107198		309.849		
00:00:15:150		6.83193e+06		100.067		35.3754		0.0521663		0.00105318		309.849		
00:00:15:050		6.83192e+06		100.067		35.3754		0.0521663		0.00105318		309.849		
00:00:14:900		6.83191e+06		100.066		35.3729		0.0488074		0.00103438		309.849		
00:00:14:800		6.83191e+06		100.066		35.3729		0.0488074		0.00103438		309.849		
00:00:14:800		6.83191e+06		100.066		35.3729		0.0488074		0.00103438		309.849		
00:00:14:650		6.8319e+06		100.065		35.3711		0.0454486		0.00101557		309.849		
00:00:14:550		6.8319e+06		100.065		35.3711		0.0454486		0.00101557		309.849		
00:00:14:449		6.8319e+06		100.064		35.3703		0.0425264		0.000996768		309.849		
00:00:14:349		6.83189e+06		100.064		35.3703		0.0425264		0.000996768		309.849		
00:00:14:199		6.83188e+06		100.063		35.3703		0.034182		0.000977963		309.848		
00:00:14:199		6.83188e+06		100.063		35.3703		0.034182		0.000977963		309.848		
00:00:14:000		6.83188e+06		100.062		35.3703		0.034182		0.000977963		309.848		
00:00:14:000		6.83188e+06		100.062		35.3703		0.034182		0.000977963		309.848		
00:00:13:900		6.83187e+06		100.062		35.3712		0.0262615		0.000959159		309.848		
00:00:13:699		6.83186e+06		100.061		35.3732		0.0214712		0.000940354		309.848		
00:00:13:699		6.83186e+06		100.061		35.3732		0.0214712		0.000940354		309.848		
00:00:13:599		6.83186e+06		100.061		35.3732		0.0214712		0.000940354		309.848		
00:00:13:500		6.83185e+06		100.06		35.3732		0.0214712		0.000940354		309.848		
00:00:13:400		6.83185e+06		100.06		35.3761		0.0170915		0.000921549		309.848		
00:00:13:300		6.83185e+06		100.06		35.3761		0.0170915		0.000921549		309.848		
00:00:13:099		6.83184e+06		100.059		35.3802		0.0150035		0.000902744		309.848		
00:00:13:000		6.83183e+06		100.059		35.3802		0.0150035		0.000902744		309.848		
00:00:13:000		6.83183e+06		100.059		35.3802		0.0150035		0.000902744		309.848		
00:00:12:800		6.83182e+06		100.059		35.3854		0.0133126		0.00088394		309.848		
00:00:12:800		6.83182e+06		100.059		35.3854		0.0133126		0.00088394		309.848		
00:00:12:699		6.83182e+06		100.058		35.3917		0.0101239		0.000865135		309.848		
00:00:12:599		6.83181e+06		100.058		35.3917		0.0101239		0.000865135		309.848		
00:00:12:500		6.83181e+06		100.057		35.3917		0.0101239		0.000865135		309.848		
00:00:12:400		6.8318e+06		100.057		35.3994		0.00862625		0.00084633		309.848		
00:00:12:300		6.8318e+06		100.057		35.3994		0.00862625		0.00084633		309.848		
00:00:12:199		6.8318e+06		100.056		35.4084		0.00750462		0.000827524		309.848		
00:00:12:099		6.83179e+06		100.056		35.4084		0.00750462		0.000827524		309.848		
00:00:11:949		6.83178e+06		100.055		35.4187		0.00544414		0.000808719		309.848		
00:00:11:900		6.83178e+06		100.055		35.4187		0.00544414		0.000808719		309.848		
00:00:11:750		6.83177e+06		100.054		35.4187		0.00544414		0.000808719		309.848		
00:00:11:650		6.83177e+06		100.054		35.4306		0.00374572		0.000789914		309.848		
00:00:11:550		6.83176e+06		100.054		35.4306		0.00374572		0.000789914		309.848		
00:00:11:449		6.83175e+06		100.053		35.444		0.00240201		0.000771109		309.848		
00:00:11:349		6.83175e+06		100.053		35.444		0.00240201		0.000771109		309.848		
00:00:11:250		6.83175e+06		100.052		35.444		0.00240201		0.000771109		309.848		
00:00:11:150		6.83174e+06		100.052		35.459		0.000991641		0.000752303		309.848		
00:00:11:050		6.83174e+06		100.052		35.459		0.000991641		0.000752303		309.848		
00:00:10:949		6.83173e+06		100.051		35.4759		0.00016538		0.000733498		309.848		
00:00:10:849		6.83173e+06		100.051		35.4759		0.00016538		0.000733498		309.848		
00:00:10:750		6.83172e+06		100.05		35.4759		0.00016538		0.000733498		309.848		
00:00:10:650		6.83172e+06		100.05		35.4948		8.26901e-05		0.000714692		309.848		
00:00:10:550		6.83171e+06		100.05		35.4948		8.26901e-05		0.000714692		309.848		
00:00:10:449		6.83171e+06		100.049		35.5158		0		0.000695886		309.848		
00:00:10:349		6.8317e+06		100.049		35.5158		0		0.000695886		309.848		
00:00:10:250		6.8317e+06		100.049		35.5158		0		0.000695886		309.848		
00:00:10:150		6.83169e+06		100.049		35.5392		0		0.00067708		309.848		
00:00:10:050		6.83169e+06		100.049		35.5392		0		0.00067708		309.848		
00:00:09:949		6.83168e+06		100.048		35.5649		0		0.000658274		309.848		
00:00:09:849		6.83168e+06		100.048		35.5649		0		0.000658274		309.848		
00:00:09:750		6.83167e+06		100.047		35.5649		0		0.000658274		309.848		
00:00:09:650		6.83167e+06		100.047		35.593		0		0.000639468		309.848		
00:00:09:550		6.83166e+06		100.047		35.593		0		0.000639468		309.848		
00:00:09:449		6.83166e+06		100.046		35.6244		0		0.000620662		309.848		
00:00:09:349		6.83165e+06		100.046		35.6244		0		0.000620662		309.848		
00:00:09:250		6.83164e+06		100.046		35.6244		0		0.000620662		309.848		
00:00:09:150		6.83164e+06		100.046		35.6571		0		0.000601856		309.848		
00:00:09:050		6.83163e+06		100.046		35.6571		0		0.000601856		309.848		
00:00:08:900		6.83163e+06		100.047		35.6897		0		0.00058305		309.848		
00:00:08:800		6.83162e+06		100.047		35.6897		0		0.00058305		309.848		
00:00:08:800		6.83162e+06		100.047		35.6897		0		0.00058305		309.848		
00:00:08:699		6.83161e+06		100.048		35.7221		0		0.000564243		309.848		
00:00:08:599		6.83161e+06		100.048		35.7221		0		0.000564243		309.848		
00:00:08:500		6.8316e+06		100.048		35.7221		0		0.000564243		309.848		
00:00:08:400		6.8316e+06		100.048		35.7543		0		0.000545437		309.847		
00:00:08:300		6.83159e+06		100.048		35.7543		0		0.000545437		309.847		
00:00:08:199		6.83159e+06		100.049		35.7863		0		0.00052663		309.847		
00:00:08:000		6.83158e+06		100.05		35.7863		0		0.00052663		309.847		
00:00:08:000		6.83158e+06		100.05		35.7863		0		0.00052663		309.847		
00:00:07:900		6.83157e+06		100.05		35.8179		0		0.000507824		309.847		
00:00:07:799		6.83156e+06		100.05		35.8179		0		0.000507824		309.847		
00:00:07:700		6.83156e+06		100.05		35.8492		0		0.000489017		309.847		
00:00:07:599		6.83155e+06		100.05		35.8492		0		0.000489017		309.847		
00:00:07:500		6.83155e+06		100.051		35.8492		0		0.000489017		309.847		
00:00:07:400		6.83154e+06		100.051		35.8802		0		0.00047021		309.847		
00:00:07:299		6.83154e+06		100.051		35.8802		0		0.00047021		309.847		
00:00:07:200		6.83153e+06		100.052		35.9108		0		0.000451403		309.847		
00:00:07:000		6.83152e+06		100.052		35.9108		0		0.000451403		309.847		
00:00:07:000		6.83152e+06		100.052		35.9108		0		0.000451403		309.847		
00:00:06:900		6.83151e+06		100.052		35.9409		0		0.000432596		309.847		
00:00:06:799		6.8315e+06		100.052		35.9409		0		0.000432596		309.847		
00:00:06:650		6.8315e+06		100.053		35.9706		0		0.000413789		309.847		
00:00:06:599		6.83149e+06		100.053		35.9706		0		0.000413789		309.847		
00:00:06:500		6.83149e+06		100.054		35.9706		0		0.000413789		309.847		
00:00:06:299		6.83147e+06		100.054		35.9998		0		0.000394981		309.847		
00:00:06:299		6.83147e+06		100.054		35.9998		0		0.000394981		309.847		
00:00:06:099		6.83146e+06		100.054		36.0284		0		0.000376174		309.847		
00:00:06:099		6.83146e+06		100.054		36.0284		0		0.000376174		309.847		
00:00:05:950		6.83146e+06		100.055		36.0564		0		0.000357366		309.847		
00:00:05:849		6.83145e+06		100.055		36.0564		0		0.000357366		309.847		
00:00:05:750		6.83144e+06		100.056		36.0564		0		0.000357366		309.847		
00:00:05:650		6.83144e+06		100.056		36.0837		0		0.000338559		309.847		
00:00:05:549		6.83143e+06		100.056		36.0837		0		0.000338559		309.847		
00:00:05:450		6.83142e+06		100.056		36.1103		0		0.000319751		309.847		
00:00:05:349		6.83142e+06		100.056		36.1103		0		0.000319751		309.847		
00:00:05:250		6.83141e+06		100.057		36.1103		0		0.000319751		309.847		
00:00:05:099		6.8314e+06		100.057		36.1361		0		0.000300943		309.847		
00:00:05:099		6.8314e+06		100.057		36.1361		0		0.000300943		309.847		
00:00:05:000		6.8314e+06		100.058		36.1361		0		0.000300943		309.847		
00:00:04:900		6.83139e+06		100.058		36.1611		0		0.000282135		309.847		
00:00:04:750		6.83138e+06		100.058		36.1611		0		0.000282135		309.847		
00:00:04:650		6.83137e+06		100.058		36.1852		0		0.000263327		309.847		
00:00:04:549		6.83136e+06		100.058		36.1852		0		0.000263327		309.847		
00:00:04:450		6.83136e+06		100.059		36.2084		0		0.000244519		309.847		
00:00:04:349		6.83136e+06		100.059		36.2084		0		0.000244519		309.847		
00:00:04:250		6.83135e+06		100.06		36.2084		0		0.000244519		309.847		
00:00:04:150		6.83135e+06		100.06		36.2305		0		0.00022571		309.847		
00:00:04:049		6.83134e+06		100.06		36.2305		0		0.00022571		309.847		
00:00:03:950		6.83133e+06		100.061		36.2514		0		0.000206902		309.847		
00:00:03:850		6.83133e+06		100.061		36.2514		0		0.000206902		309.847		
00:00:03:750		6.83132e+06		100.061		36.2514		0		0.000206902		309.847		
00:00:03:649		6.83132e+06		100.061		36.2713		0		0.000188093		309.848		
00:00:03:549		6.83131e+06		100.061		36.2713		0		0.000188093		309.848		
00:00:03:450		6.83131e+06		100.062		36.2898		0		0.000169284		309.848		
00:00:03:350		6.8313e+06		100.062		36.2898		0		0.000169284		309.847		
00:00:03:250		6.8313e+06		100.063		36.2898		0		0.000169284		309.847		
00:00:03:149		6.83129e+06		100.063		36.307		0		0.000150476		309.847		
00:00:03:049		6.83128e+06		100.063		36.307		0		0.000150476		309.847		
00:00:02:899		6.83128e+06		100.063		36.3227		0		0.000131667		309.847		
00:00:02:899		6.83128e+06		100.063		36.3227		0		0.000131667		309.847		
00:00:02:700		6.83127e+06		100.064		36.3368		0		0.000112858		309.847		
00:00:02:700		6.83127e+06		100.064		36.3368		0		0.000112858		309.847		
00:00:02:600		6.83126e+06		100.064		36.3368		0		0.000112858		309.847		
00:00:02:500		6.83126e+06		100.065		36.3368		0		0.000112858		309.847		
00:00:02:399		6.83125e+06		100.065		36.3493		0		9.40484e-05		309.847		
00:00:02:299		6.83125e+06		100.065		36.3493		0		9.40484e-05		309.847		
00:00:02:200		6.83124e+06		100.066		36.36		0		7.52387e-05		309.847		
00:00:02:000		6.83123e+06		100.066		36.36		0		7.52387e-05		309.847		
00:00:02:000		6.83123e+06		100.066		36.36		0		7.52387e-05		309.847		
00:00:01:899		6.83123e+06		100.066		36.3687		0		5.64289e-05		309.847		
00:00:01:800		6.83123e+06		100.066		36.3687		0		5.64289e-05		309.847		
00:00:01:699		6.83122e+06		100.067		36.3755		0		3.76193e-05		309.847		
00:00:01:600		6.83122e+06		100.067		36.3755		0		3.76193e-05		309.846		
00:00:01:500		6.83121e+06		100.068		36.3755		0		3.76193e-05		309.846		
00:00:01:399		6.83121e+06		100.068		36.3801		0		1.88098e-05		309.846		
00:00:01:300		6.8312e+06		100.068		36.3801		0		1.88098e-05		309.846		
00:00:01:100		6.8312e+06		100.068		36.3825		0		0		309.845		
00:00:01:000		6.83119e+06		100.069		36.3825		0		0		309.845		
00:00:01:000		6.83119e+06		100.069		36.3825		0		0		309.845		
00:00:00:900		6.83119e+06		100.069		36.3828		0		0		309.846		
00:00:00:800		6.83118e+06		100.069		36.3828		0		0		309.846		
00:00:00:699		6.83118e+06		100.069		36.3831		0		0		309.846		
00:00:00:599		6.83118e+06		100.069		36.3831		0		0		309.846		
00:00:00:500		6.83117e+06		100.069		36.3831		0		0		309.846		
00:00:00:349		6.83117e+06		100.069		36.3834		0		0		309.846		
00:00:00:250		6.83116e+06		100.069		36.3834		0		0		309.846		
00:00:00:149		6.83116e+06		100.069		36.3837		0		0		309.846		
00:00:00:000		6.83115e+06		100.069		36.3837		0		0		309.846		
00:00:00:000		6.83115e+06		100.069		36.3837		0		0		309.846		
00:00:00:000		6.83115e+06		100.069		36.3837		0		0		309.846		
00:00:00:000		6.83115e+06		100.069		36.3837		0		0		309.846		
00:00:00:000		6.83115e+06		100.069		36.3837		0		0		309.846		
00:00:00:000		6.83115e+06		100.069		36.3837		0		0		309.846		
