	time 		rcpppzr	rcp054rcp007mnzoyout	rcv501std0102fvol	fwfrcp001gv	rcppmssga	msfsg(1)	
00:01:01:899		1.48785e+07		-0.880373		6.31614		531.559		6.96679e+06		527.814		
00:01:01:799		1.48794e+07		-0.878656		6.31359		531.56		6.9668e+06		527.792		
00:01:01:700		1.48803e+07		-0.876938		6.31099		531.562		6.96681e+06		527.789		
00:01:01:600		1.48812e+07		-0.875219		6.30839		531.566		6.96683e+06		527.791		
00:01:01:500		1.48821e+07		-0.8735		6.30589		531.568		6.96684e+06		527.805		
00:01:01:399		1.4883e+07		-0.871782		6.30331		531.572		6.96686e+06		527.792		
00:01:01:299		1.48839e+07		-0.870063		6.30067		531.573		6.96687e+06		527.818		
00:01:01:200		1.48848e+07		-0.868343		6.29804		531.577		6.96689e+06		527.834		
00:01:01:100		1.48857e+07		-0.866624		6.29548		531.579		6.9669e+06		527.83		
00:01:01:000		1.48866e+07		-0.864904		6.29283		531.583		6.96691e+06		527.824		
00:01:00:899		1.48875e+07		-0.863184		6.29024		531.584		6.96693e+06		527.814		
00:01:00:899		1.48875e+07		-0.863184		6.29024		531.584		6.96693e+06		527.814		
00:01:00:700		1.48893e+07		-0.859743		6.28498		531.59		6.96696e+06		527.827		
00:01:00:700		1.48893e+07		-0.859743		6.28498		531.59		6.96696e+06		527.827		
00:01:00:500		1.48911e+07		-0.856302		6.27968		531.595		6.96698e+06		527.839		
00:01:00:500		1.48911e+07		-0.856302		6.27968		531.595		6.96698e+06		527.839		
00:01:00:200		1.48938e+07		-0.851139		6.27168		531.603		6.96702e+06		527.843		
00:01:00:200		1.48938e+07		-0.851139		6.27168		531.603		6.96702e+06		527.843		
00:01:00:200		1.48938e+07		-0.851139		6.27168		531.603		6.96702e+06		527.843		
00:01:00:100		1.48947e+07		-0.849418		6.26897		531.605		6.96704e+06		527.833		
00:01:00:000		1.48956e+07		-0.847696		6.26629		531.606		6.96705e+06		527.836		
00:00:59:899		1.48965e+07		-0.845975		6.26358		531.608		6.96707e+06		527.842		
00:00:59:700		1.48983e+07		-0.842531		6.25814		531.614		6.96709e+06		527.887		
00:00:59:700		1.48983e+07		-0.842531		6.25814		531.614		6.96709e+06		527.887		
00:00:59:600		1.48992e+07		-0.840808		6.25544		531.616		6.96711e+06		527.881		
00:00:59:500		1.49001e+07		-0.839087		6.25274		531.619		6.96712e+06		527.874		
00:00:59:350		1.49015e+07		-0.836503		6.24867		531.621		6.96714e+06		527.891		
00:00:59:250		1.49024e+07		-0.834781		6.24594		531.625		6.96715e+06		527.892		
00:00:59:250		1.49024e+07		-0.834781		6.24594		531.625		6.96715e+06		527.892		
00:00:59:149		1.49033e+07		-0.833057		6.24318		531.627		6.96717e+06		527.88		
00:00:59:049		1.49042e+07		-0.831335		6.24046		531.628		6.96718e+06		527.869		
00:00:58:950		1.49051e+07		-0.829612		6.23766		531.63		6.9672e+06		527.865		
00:00:58:799		1.49064e+07		-0.827027		6.23352		531.634		6.96722e+06		527.889		
00:00:58:600		1.49083e+07		-0.82358		6.22794		531.638		6.96724e+06		527.879		
00:00:58:600		1.49083e+07		-0.82358		6.22794		531.638		6.96724e+06		527.879		
00:00:58:500		1.49092e+07		-0.821856		6.2251		531.639		6.96726e+06		527.889		
00:00:58:299		1.4911e+07		-0.818409		6.21945		531.643		6.96728e+06		527.916		
00:00:58:299		1.4911e+07		-0.818409		6.21945		531.643		6.96728e+06		527.916		
00:00:58:200		1.49119e+07		-0.816685		6.21662		531.647		6.9673e+06		527.915		
00:00:58:100		1.49128e+07		-0.814961		6.2138		531.649		6.96731e+06		527.911		
00:00:58:000		1.49137e+07		-0.813236		6.21095		531.649		6.96732e+06		527.899		
00:00:57:899		1.49146e+07		-0.811512		6.20809		531.65		6.96734e+06		527.895		
00:00:57:799		1.49155e+07		-0.809788		6.2052		531.652		6.96735e+06		527.913		
00:00:57:700		1.49164e+07		-0.808064		6.20233		531.654		6.96736e+06		527.909		
00:00:57:600		1.49173e+07		-0.806338		6.19943		531.656		6.96738e+06		527.909		
00:00:57:500		1.49182e+07		-0.804613		6.19656		531.658		6.96739e+06		527.935		
00:00:57:299		1.492e+07		-0.801163		6.19076		531.66		6.96742e+06		527.948		
00:00:57:299		1.492e+07		-0.801163		6.19076		531.66		6.96742e+06		527.948		
00:00:57:200		1.49209e+07		-0.799437		6.1878		531.663		6.96743e+06		527.951		
00:00:57:100		1.49218e+07		-0.797712		6.18486		531.665		6.96744e+06		527.926		
00:00:57:000		1.49228e+07		-0.795986		6.18191		531.665		6.96745e+06		527.919		
00:00:56:899		1.49237e+07		-0.794261		6.17898		531.667		6.96747e+06		527.94		
00:00:56:799		1.49246e+07		-0.792534		6.17602		531.669		6.96748e+06		527.955		
00:00:56:700		1.49255e+07		-0.790808		6.173		531.671		6.96749e+06		527.974		
00:00:56:600		1.49264e+07		-0.789082		6.17004		531.672		6.96751e+06		527.969		
00:00:56:500		1.49273e+07		-0.787356		6.16709		531.674		6.96752e+06		527.965		
00:00:56:399		1.49282e+07		-0.78563		6.16407		531.676		6.96753e+06		527.948		
00:00:56:299		1.49291e+07		-0.783904		6.16104		531.676		6.96755e+06		527.942		
00:00:56:200		1.493e+07		-0.782177		6.15806		531.678		6.96756e+06		527.955		
00:00:56:100		1.49314e+07		-0.779587		6.15358		531.68		6.96758e+06		527.965		
00:00:55:950		1.49323e+07		-0.77786		6.15054		531.682		6.96759e+06		527.963		
00:00:55:850		1.49332e+07		-0.776133		6.14746		531.683		6.9676e+06		527.962		
00:00:55:799		1.49336e+07		-0.775269		6.14594		531.683		6.96761e+06		527.992		
00:00:55:700		1.49346e+07		-0.773541		6.14294		531.685		6.96762e+06		527.991		
00:00:55:600		1.49355e+07		-0.771814		6.13984		531.685		6.96764e+06		527.982		
00:00:55:500		1.49364e+07		-0.770086		6.13676		531.687		6.96765e+06		527.963		
00:00:55:399		1.49373e+07		-0.768358		6.13368		531.689		6.96766e+06		527.981		
00:00:55:299		1.49382e+07		-0.766629		6.13061		531.689		6.96767e+06		527.999		
00:00:55:200		1.49391e+07		-0.7649		6.12747		531.691		6.96769e+06		528.004		
00:00:55:100		1.494e+07		-0.763172		6.12436		531.693		6.9677e+06		528.011		
00:00:55:000		1.49409e+07		-0.761443		6.12124		531.693		6.96771e+06		528.027		
00:00:54:850		1.49423e+07		-0.758849		6.1165		531.694		6.96773e+06		528.014		
00:00:54:750		1.49432e+07		-0.757119		6.1134		531.696		6.96775e+06		528.032		
00:00:54:649		1.49441e+07		-0.755389		6.11026		531.696		6.96776e+06		528.034		
00:00:54:549		1.4945e+07		-0.753659		6.10706		531.698		6.96777e+06		528.024		
00:00:54:450		1.49459e+07		-0.751929		6.10391		531.698		6.96778e+06		528.017		
00:00:54:350		1.49468e+07		-0.750197		6.10073		531.7		6.9678e+06		528		
00:00:54:250		1.49477e+07		-0.748467		6.09752		531.7		6.96781e+06		528.006		
00:00:54:149		1.49486e+07		-0.746735		6.09429		531.702		6.96782e+06		528.036		
00:00:54:049		1.49496e+07		-0.745004		6.09109		531.702		6.96783e+06		528.045		
00:00:53:950		1.49505e+07		-0.743272		6.08788		531.704		6.96785e+06		528.04		
00:00:53:850		1.49514e+07		-0.74154		6.08466		531.704		6.96786e+06		528.03		
00:00:53:750		1.49523e+07		-0.739808		6.08143		531.705		6.96787e+06		528.028		
00:00:53:649		1.49532e+07		-0.738076		6.07817		531.705		6.96788e+06		528.039		
00:00:53:549		1.49532e+07		-0.738076		6.07817		531.705		6.96788e+06		528.039		
00:00:53:549		1.49541e+07		-0.736343		6.0749		531.707		6.9679e+06		528.057		
00:00:53:250		1.49568e+07		-0.731144		6.0651		531.707		6.96793e+06		528.063		
00:00:53:250		1.49568e+07		-0.731144		6.0651		531.707		6.96793e+06		528.063		
00:00:53:250		1.49568e+07		-0.731144		6.0651		531.707		6.96793e+06		528.063		
00:00:53:149		1.49577e+07		-0.729412		6.06182		531.707		6.96795e+06		528.053		
00:00:53:049		1.49586e+07		-0.727678		6.0585		531.709		6.96796e+06		528.048		
00:00:52:950		1.49596e+07		-0.725945		6.05516		531.709		6.96797e+06		528.059		
00:00:52:850		1.49605e+07		-0.724212		6.05183		531.709		6.96798e+06		528.076		
00:00:52:750		1.49614e+07		-0.722478		6.04843		531.711		6.968e+06		528.094		
00:00:52:600		1.49627e+07		-0.719879		6.04344		531.713		6.96801e+06		528.069		
00:00:52:350		1.4965e+07		-0.715544		6.03499		531.713		6.96804e+06		528.069		
00:00:52:350		1.4965e+07		-0.715544		6.03499		531.713		6.96804e+06		528.069		
00:00:52:250		1.49659e+07		-0.71381		6.03162		531.713		6.96806e+06		528.084		
00:00:52:149		1.49668e+07		-0.712077		6.02826		531.715		6.96807e+06		528.083		
00:00:52:049		1.49678e+07		-0.710342		6.02482		531.715		6.96808e+06		528.099		
00:00:51:950		1.49687e+07		-0.708609		6.02135		531.716		6.96809e+06		528.116		
00:00:51:850		1.49696e+07		-0.706874		6.01793		531.716		6.96811e+06		528.114		
00:00:51:750		1.49705e+07		-0.70514		6.01456		531.716		6.96812e+06		528.11		
00:00:51:649		1.49714e+07		-0.703405		6.01109		531.718		6.96813e+06		528.105		
00:00:51:549		1.49723e+07		-0.701671		6.00766		531.716		6.96814e+06		528.094		
00:00:51:350		1.49741e+07		-0.698202		6.00073		531.715		6.96817e+06		528.121		
00:00:51:250		1.49751e+07		-0.696467		5.99724		531.713		6.96818e+06		528.143		
00:00:51:250		1.49751e+07		-0.696467		5.99724		531.713		6.96818e+06		528.143		
00:00:51:250		1.49751e+07		-0.696467		5.99724		531.713		6.96818e+06		528.143		
00:00:51:049		1.49769e+07		-0.692997		5.99027		531.713		6.9682e+06		528.124		
00:00:51:049		1.49769e+07		-0.692997		5.99027		531.713		6.9682e+06		528.124		
00:00:50:950		1.49778e+07		-0.691262		5.98677		531.711		6.96821e+06		528.114		
00:00:50:799		1.49792e+07		-0.68866		5.98144		531.709		6.96823e+06		528.139		
00:00:50:700		1.49801e+07		-0.686925		5.97789		531.707		6.96824e+06		528.134		
00:00:50:600		1.4981e+07		-0.68519		5.97432		531.707		6.96825e+06		528.124		
00:00:50:500		1.49819e+07		-0.683455		5.97075		531.705		6.96827e+06		528.122		
00:00:50:299		1.49838e+07		-0.679986		5.9636		531.704		6.96829e+06		528.15		
00:00:50:299		1.49838e+07		-0.679986		5.9636		531.704		6.96829e+06		528.15		
00:00:50:200		1.49847e+07		-0.678251		5.96		531.704		6.9683e+06		528.157		
00:00:50:100		1.49856e+07		-0.676516		5.95637		531.702		6.96831e+06		528.16		
00:00:50:000		1.49865e+07		-0.674781		5.95274		531.702		6.96832e+06		528.155		
00:00:49:899		1.49874e+07		-0.673045		5.94907		531.7		6.96834e+06		528.15		
00:00:49:799		1.49883e+07		-0.671309		5.94542		531.7		6.96835e+06		528.133		
00:00:49:700		1.49892e+07		-0.669573		5.94174		531.698		6.96836e+06		528.15		
00:00:49:600		1.49902e+07		-0.667837		5.93806		531.696		6.96837e+06		528.17		
00:00:49:500		1.49911e+07		-0.666101		5.93437		531.696		6.96838e+06		528.188		
00:00:49:299		1.49929e+07		-0.662629		5.92701		531.694		6.96841e+06		528.181		
00:00:49:299		1.49929e+07		-0.662629		5.92701		531.694		6.96841e+06		528.181		
00:00:49:200		1.49938e+07		-0.660892		5.92325		531.693		6.96842e+06		528.169		
00:00:49:100		1.49947e+07		-0.659155		5.91949		531.693		6.96843e+06		528.15		
00:00:49:000		1.49957e+07		-0.657419		5.9158		531.691		6.96844e+06		528.156		
00:00:48:899		1.49966e+07		-0.655682		5.91203		531.691		6.96845e+06		528.167		
00:00:48:799		1.49975e+07		-0.653944		5.90832		531.689		6.96846e+06		528.194		
00:00:48:700		1.49984e+07		-0.652207		5.90452		531.689		6.96847e+06		528.214		
00:00:48:600		1.49993e+07		-0.65047		5.9007		531.687		6.96848e+06		528.196		
00:00:48:500		1.50002e+07		-0.648733		5.89691		531.687		6.9685e+06		528.208		
00:00:48:399		1.50012e+07		-0.646995		5.89312		531.687		6.96851e+06		528.203		
00:00:48:250		1.50025e+07		-0.644387		5.88748		531.685		6.96852e+06		528.225		
00:00:48:149		1.50035e+07		-0.642649		5.88365		531.683		6.96854e+06		528.211		
00:00:48:049		1.50044e+07		-0.640911		5.87972		531.683		6.96855e+06		528.211		
00:00:47:950		1.50053e+07		-0.639173		5.87583		531.682		6.96856e+06		528.194		
00:00:47:899		1.50058e+07		-0.638303		5.87391		531.682		6.96856e+06		528.225		
00:00:47:799		1.50067e+07		-0.636565		5.87006		531.68		6.96857e+06		528.224		
00:00:47:700		1.50076e+07		-0.634826		5.86617		531.68		6.96858e+06		528.224		
00:00:47:600		1.50085e+07		-0.633087		5.86227		531.678		6.9686e+06		528.218		
00:00:47:399		1.50103e+07		-0.629608		5.85439		531.676		6.96862e+06		528.204		
00:00:47:299		1.50113e+07		-0.627869		5.85045		531.676		6.96863e+06		528.208		
00:00:47:299		1.50113e+07		-0.627869		5.85045		531.676		6.96863e+06		528.208		
00:00:47:200		1.50122e+07		-0.62613		5.84649		531.674		6.96864e+06		528.211		
00:00:47:100		1.50131e+07		-0.62439		5.84254		531.672		6.96865e+06		528.214		
00:00:47:000		1.5014e+07		-0.62265		5.83854		531.672		6.96866e+06		528.231		
00:00:46:850		1.50154e+07		-0.62004		5.83252		531.671		6.96868e+06		528.207		
00:00:46:750		1.50163e+07		-0.6183		5.82849		531.671		6.96869e+06		528.222		
00:00:46:649		1.50172e+07		-0.61656		5.82445		531.669		6.9687e+06		528.241		
00:00:46:549		1.50181e+07		-0.61482		5.8204		531.667		6.96871e+06		528.254		
00:00:46:450		1.50191e+07		-0.61308		5.81635		531.667		6.96872e+06		528.252		
00:00:46:350		1.502e+07		-0.61134		5.81226		531.665		6.96873e+06		528.255		
00:00:46:250		1.50209e+07		-0.609599		5.8082		531.663		6.96874e+06		528.243		
00:00:46:149		1.50218e+07		-0.607859		5.8041		531.663		6.96875e+06		528.246		
00:00:46:049		1.50227e+07		-0.606118		5.80004		531.661		6.96876e+06		528.252		
00:00:46:049		1.50227e+07		-0.606118		5.80004		531.661		6.96876e+06		528.252		
00:00:45:950		1.50237e+07		-0.604378		5.79592		531.66		6.96877e+06		528.247		
00:00:45:850		1.50246e+07		-0.602637		5.79183		531.66		6.96878e+06		528.266		
00:00:45:750		1.50255e+07		-0.600896		5.78769		531.658		6.96879e+06		528.28		
00:00:45:649		1.50264e+07		-0.599155		5.78354		531.656		6.9688e+06		528.276		
00:00:45:549		1.50273e+07		-0.597414		5.77938		531.656		6.96881e+06		528.252		
00:00:45:299		1.50296e+07		-0.593062		5.76894		531.652		6.96884e+06		528.257		
00:00:45:250		1.50301e+07		-0.592191		5.76679		531.652		6.96884e+06		528.287		
00:00:45:250		1.50301e+07		-0.592191		5.76679		531.652		6.96884e+06		528.287		
00:00:45:149		1.5031e+07		-0.59045		5.76255		531.65		6.96885e+06		528.289		
00:00:45:049		1.50319e+07		-0.588709		5.75832		531.649		6.96886e+06		528.277		
00:00:44:950		1.50329e+07		-0.586967		5.75408		531.647		6.96887e+06		528.267		
00:00:44:850		1.50338e+07		-0.585226		5.74979		531.645		6.96888e+06		528.263		
00:00:44:750		1.50347e+07		-0.583485		5.74544		531.643		6.96889e+06		528.271		
00:00:44:649		1.50356e+07		-0.581743		5.74114		531.641		6.9689e+06		528.286		
00:00:44:500		1.5037e+07		-0.57913		5.73468		531.639		6.96892e+06		528.272		
00:00:44:299		1.50389e+07		-0.575645		5.72595		531.636		6.96894e+06		528.295		
00:00:44:200		1.50398e+07		-0.573903		5.7216		531.634		6.96895e+06		528.3		
00:00:44:200		1.50398e+07		-0.573903		5.7216		531.634		6.96895e+06		528.3		
00:00:44:100		1.50407e+07		-0.57216		5.7172		531.632		6.96896e+06		528.293		
00:00:44:000		1.50416e+07		-0.570418		5.71286		531.63		6.96897e+06		528.296		
00:00:43:899		1.50425e+07		-0.568675		5.70841		531.628		6.96898e+06		528.298		
00:00:43:799		1.50435e+07		-0.566932		5.70403		531.627		6.96899e+06		528.3		
00:00:43:700		1.50444e+07		-0.565188		5.69956		531.625		6.969e+06		528.302		
00:00:43:600		1.50453e+07		-0.563445		5.69518		531.623		6.96901e+06		528.304		
00:00:43:500		1.50462e+07		-0.561701		5.69071		531.621		6.96902e+06		528.305		
00:00:43:399		1.50472e+07		-0.559958		5.68614		531.619		6.96903e+06		528.307		
00:00:43:299		1.50481e+07		-0.558213		5.68169		531.617		6.96903e+06		528.31		
00:00:43:200		1.5049e+07		-0.556469		5.67724		531.616		6.96904e+06		528.311		
00:00:43:049		1.50504e+07		-0.553853		5.67046		531.612		6.96906e+06		528.314		
00:00:42:950		1.50513e+07		-0.552108		5.66593		531.61		6.96907e+06		528.316		
00:00:42:850		1.50522e+07		-0.550363		5.66143		531.608		6.96908e+06		528.317		
00:00:42:799		1.50527e+07		-0.54949		5.65922		531.606		6.96908e+06		528.318		
00:00:42:649		1.50541e+07		-0.546873		5.65226		531.603		6.96909e+06		528.322		
00:00:42:549		1.5055e+07		-0.545127		5.64762		531.601		6.9691e+06		528.323		
00:00:42:450		1.50559e+07		-0.543382		5.64304		531.599		6.96911e+06		528.325		
00:00:42:350		1.50568e+07		-0.541636		5.63841		531.597		6.96912e+06		528.327		
00:00:42:250		1.50578e+07		-0.539889		5.63374		531.595		6.96913e+06		528.329		
00:00:42:149		1.50587e+07		-0.538142		5.62906		531.594		6.96914e+06		528.33		
00:00:42:049		1.50596e+07		-0.536395		5.62441		531.59		6.96915e+06		528.331		
00:00:41:950		1.50605e+07		-0.534647		5.61974		531.588		6.96916e+06		528.334		
00:00:41:899		1.5061e+07		-0.533774		5.61741		531.586		6.96916e+06		528.334		
00:00:41:750		1.50624e+07		-0.531153		5.61021		531.583		6.96917e+06		528.337		
00:00:41:649		1.50633e+07		-0.529406		5.60543		531.581		6.96918e+06		528.339		
00:00:41:600		1.50638e+07		-0.528532		5.60321		531.581		6.96919e+06		528.339		
00:00:41:450		1.50652e+07		-0.52591		5.59589		531.577		6.9692e+06		528.341		
00:00:41:350		1.50661e+07		-0.524162		5.59114		531.573		6.96921e+06		528.343		
00:00:41:250		1.5067e+07		-0.522414		5.58636		531.572		6.96921e+06		528.344		
00:00:41:149		1.50679e+07		-0.520665		5.58153		531.57		6.96922e+06		528.346		
00:00:41:049		1.50688e+07		-0.518916		5.5767		531.566		6.96923e+06		528.347		
00:00:40:950		1.50698e+07		-0.517167		5.57193		531.564		6.96924e+06		528.349		
00:00:40:850		1.50707e+07		-0.515418		5.56701		531.562		6.96925e+06		528.35		
00:00:40:750		1.50716e+07		-0.513669		5.56221		531.559		6.96926e+06		528.352		
00:00:40:649		1.50725e+07		-0.511921		5.55727		531.557		6.96926e+06		528.353		
00:00:40:649		1.50725e+07		-0.511921		5.55727		531.557		6.96926e+06		528.353		
00:00:40:549		1.50735e+07		-0.510172		5.55235		531.555		6.96927e+06		528.355		
00:00:40:350		1.50753e+07		-0.506673		5.54253		531.549		6.96929e+06		528.358		
00:00:40:250		1.50762e+07		-0.504923		5.53758		531.546		6.96929e+06		528.359		
00:00:40:250		1.50762e+07		-0.504923		5.53758		531.546		6.96929e+06		528.359		
00:00:40:149		1.50772e+07		-0.503173		5.53268		531.544		6.9693e+06		528.361		
00:00:40:049		1.50781e+07		-0.501423		5.52761		531.54		6.96931e+06		528.362		
00:00:39:899		1.50795e+07		-0.498797		5.52006		531.535		6.96932e+06		528.361		
00:00:39:700		1.50813e+07		-0.495295		5.51006		531.531		6.96933e+06		528.374		
00:00:39:700		1.50813e+07		-0.495295		5.51006		531.531		6.96933e+06		528.374		
00:00:39:600		1.50822e+07		-0.493542		5.50497		531.527		6.96934e+06		528.388		
00:00:39:500		1.50832e+07		-0.49179		5.49992		531.526		6.96935e+06		528.382		
00:00:39:299		1.5085e+07		-0.488286		5.48968		531.52		6.96936e+06		528.383		
00:00:39:200		1.50859e+07		-0.486533		5.48443		531.518		6.96937e+06		528.37		
00:00:39:200		1.50859e+07		-0.486533		5.48443		531.518		6.96937e+06		528.37		
00:00:39:100		1.50869e+07		-0.48478		5.47934		531.515		6.96938e+06		528.367		
00:00:39:000		1.50878e+07		-0.483027		5.47422		531.513		6.96938e+06		528.374		
00:00:38:899		1.50887e+07		-0.481273		5.46903		531.509		6.96939e+06		528.38		
00:00:38:799		1.50896e+07		-0.479518		5.46388		531.505		6.9694e+06		528.381		
00:00:38:700		1.50905e+07		-0.477764		5.45864		531.498		6.9694e+06		528.384		
00:00:38:600		1.50915e+07		-0.476009		5.4534		531.496		6.96941e+06		528.385		
00:00:38:500		1.50924e+07		-0.474254		5.44815		531.493		6.96942e+06		528.398		
00:00:38:399		1.50933e+07		-0.472499		5.44289		531.487		6.96942e+06		528.413		
00:00:38:299		1.50942e+07		-0.470744		5.43761		531.483		6.96943e+06		528.403		
00:00:38:200		1.50952e+07		-0.468988		5.43226		531.48		6.96944e+06		528.406		
00:00:38:100		1.50961e+07		-0.467232		5.42699		531.476		6.96944e+06		528.42		
00:00:38:000		1.5097e+07		-0.465476		5.42165		531.472		6.96945e+06		528.409		
00:00:37:899		1.5098e+07		-0.463718		5.41627		531.467		6.96946e+06		528.392		
00:00:37:799		1.50989e+07		-0.461961		5.41091		531.461		6.96946e+06		528.381		
00:00:37:700		1.50998e+07		-0.460204		5.40554		531.458		6.96947e+06		528.391		
00:00:37:600		1.51007e+07		-0.458446		5.40013		531.454		6.96947e+06		528.402		
00:00:37:450		1.51021e+07		-0.455809		5.39202		531.447		6.96948e+06		528.403		
00:00:37:350		1.5103e+07		-0.454051		5.38661		531.443		6.96949e+06		528.403		
00:00:37:250		1.5104e+07		-0.452292		5.38125		531.438		6.96949e+06		528.405		
00:00:37:149		1.51049e+07		-0.450533		5.37573		531.434		6.9695e+06		528.407		
00:00:37:049		1.51058e+07		-0.448775		5.37031		531.43		6.96951e+06		528.408		
00:00:36:950		1.51068e+07		-0.447016		5.36486		531.427		6.96951e+06		528.41		
00:00:36:850		1.51077e+07		-0.445257		5.35931		531.423		6.96952e+06		528.412		
00:00:36:750		1.51086e+07		-0.443497		5.3538		531.419		6.96952e+06		528.413		
00:00:36:649		1.51095e+07		-0.441737		5.34827		531.414		6.96953e+06		528.414		
00:00:36:549		1.51105e+07		-0.439977		5.34284		531.408		6.96953e+06		528.424		
00:00:36:450		1.51114e+07		-0.438216		5.33725		531.403		6.96954e+06		528.426		
00:00:36:350		1.51123e+07		-0.436455		5.33168		531.399		6.96954e+06		528.438		
00:00:36:250		1.51132e+07		-0.434695		5.32608		531.395		6.96955e+06		528.437		
00:00:36:149		1.51142e+07		-0.432934		5.3205		531.39		6.96955e+06		528.437		
00:00:36:149		1.51142e+07		-0.432934		5.3205		531.39		6.96955e+06		528.437		
00:00:35:950		1.5116e+07		-0.429412		5.30924		531.381		6.96956e+06		528.442		
00:00:35:950		1.5116e+07		-0.429412		5.30924		531.381		6.96956e+06		528.442		
00:00:35:750		1.51179e+07		-0.425889		5.29792		531.373		6.96957e+06		528.44		
00:00:35:649		1.51188e+07		-0.424127		5.29224		531.37		6.96958e+06		528.442		
00:00:35:549		1.51198e+07		-0.422365		5.28653		531.366		6.96958e+06		528.443		
00:00:35:450		1.51207e+07		-0.420603		5.28084		531.362		6.96958e+06		528.445		
00:00:35:350		1.51216e+07		-0.41884		5.27512		531.357		6.96959e+06		528.445		
00:00:35:250		1.51226e+07		-0.417078		5.26937		531.351		6.96959e+06		528.446		
00:00:35:149		1.51235e+07		-0.415315		5.26361		531.344		6.9696e+06		528.449		
00:00:35:049		1.51244e+07		-0.413552		5.25769		531.338		6.9696e+06		528.445		
00:00:35:049		1.51244e+07		-0.413552		5.25769		531.338		6.9696e+06		528.445		
00:00:34:950		1.51254e+07		-0.411789		5.25192		531.333		6.9696e+06		528.454		
00:00:34:850		1.51263e+07		-0.410027		5.24614		531.327		6.96961e+06		528.456		
00:00:34:750		1.51272e+07		-0.408263		5.24052		531.324		6.96961e+06		528.458		
00:00:34:649		1.51281e+07		-0.406499		5.23469		531.318		6.96961e+06		528.46		
00:00:34:549		1.51291e+07		-0.404736		5.22836		531.315		6.96962e+06		528.462		
00:00:34:350		1.51309e+07		-0.401209		5.21638		531.307		6.96963e+06		528.466		
00:00:34:200		1.51323e+07		-0.398562		5.20891		531.3		6.96963e+06		528.469		
00:00:34:200		1.51323e+07		-0.398562		5.20891		531.3		6.96963e+06		528.469		
00:00:34:100		1.51333e+07		-0.396798		5.20282		531.296		6.96963e+06		528.478		
00:00:33:899		1.51351e+07		-0.393269		5.18752		531.287		6.96964e+06		528.485		
00:00:33:899		1.51351e+07		-0.393269		5.18752		531.287		6.96964e+06		528.485		
00:00:33:799		1.51361e+07		-0.391504		5.18467		531.283		6.96964e+06		528.467		
00:00:33:700		1.5137e+07		-0.389739		5.18221		531.28		6.96965e+06		528.462		
00:00:33:600		1.51379e+07		-0.387974		5.1772		531.274		6.96965e+06		528.478		
00:00:33:500		1.51389e+07		-0.386208		5.16281		531.27		6.96965e+06		528.482		
00:00:33:299		1.51407e+07		-0.382679		5.13721		531.261		6.96966e+06		528.486		
00:00:33:200		1.51417e+07		-0.380914		5.12456		531.256		6.96966e+06		528.486		
00:00:33:200		1.51417e+07		-0.380914		5.12456		531.256		6.96966e+06		528.486		
00:00:33:100		1.51426e+07		-0.379149		5.11184		531.252		6.96966e+06		528.488		
00:00:33:000		1.51435e+07		-0.377383		5.09907		531.248		6.96966e+06		528.495		
00:00:32:899		1.51445e+07		-0.375617		5.08624		531.243		6.96966e+06		528.492		
00:00:32:799		1.51454e+07		-0.37385		5.07374		531.237		6.96967e+06		528.493		
00:00:32:700		1.51463e+07		-0.372084		5.061		531.234		6.96967e+06		528.493		
00:00:32:600		1.51473e+07		-0.370317		5.04826		531.228		6.96967e+06		528.498		
00:00:32:500		1.51482e+07		-0.368549		5.03541		531.223		6.96967e+06		528.5		
00:00:32:299		1.51501e+07		-0.365014		5.01018		531.214		6.96967e+06		528.504		
00:00:32:200		1.5151e+07		-0.363246		4.99742		531.208		6.96968e+06		528.506		
00:00:32:200		1.5151e+07		-0.363246		4.99742		531.208		6.96968e+06		528.506		
00:00:32:100		1.51519e+07		-0.361478		4.9848		531.203		6.96968e+06		528.508		
00:00:32:000		1.51529e+07		-0.35971		4.97214		531.199		6.96968e+06		528.51		
00:00:31:899		1.51538e+07		-0.357942		4.95922		531.193		6.96968e+06		528.512		
00:00:31:800		1.51547e+07		-0.356173		4.94661		531.188		6.96968e+06		528.514		
00:00:31:699		1.51556e+07		-0.354403		4.93402		531.182		6.96968e+06		528.515		
00:00:31:600		1.51566e+07		-0.352634		4.9213		531.179		6.96968e+06		528.516		
00:00:31:500		1.51575e+07		-0.350865		4.90869		531.173		6.96968e+06		528.525		
00:00:31:399		1.51584e+07		-0.349096		4.89605		531.169		6.96968e+06		528.532		
00:00:31:300		1.51594e+07		-0.347326		4.8834		531.164		6.96969e+06		528.51		
00:00:31:199		1.51608e+07		-0.344673		4.86451		531.157		6.96969e+06		528.536		
00:00:31:050		1.51617e+07		-0.342903		4.8518		531.151		6.96969e+06		528.516		
00:00:30:949		1.51626e+07		-0.341133		4.83923		531.146		6.96969e+06		528.529		
00:00:30:850		1.51636e+07		-0.339363		4.82674		531.14		6.96969e+06		528.53		
00:00:30:750		1.51645e+07		-0.337593		4.81414		531.135		6.96969e+06		528.53		
00:00:30:649		1.51654e+07		-0.335823		4.8016		531.129		6.96969e+06		528.526		
00:00:30:550		1.51664e+07		-0.334053		4.78898		531.124		6.96969e+06		528.533		
00:00:30:449		1.51673e+07		-0.332283		4.77651		531.118		6.96969e+06		528.537		
00:00:30:350		1.51682e+07		-0.330513		4.76415		531.113		6.96969e+06		528.54		
00:00:30:250		1.51692e+07		-0.328743		4.75164		531.107		6.96969e+06		528.542		
00:00:30:250		1.51692e+07		-0.328743		4.75164		531.107		6.96969e+06		528.542		
00:00:30:149		1.51701e+07		-0.326973		4.73923		531.102		6.96969e+06		528.549		
00:00:29:949		1.5172e+07		-0.323432		4.7141		531.091		6.96968e+06		528.547		
00:00:29:949		1.5172e+07		-0.323432		4.7141		531.091		6.96968e+06		528.547		
00:00:29:850		1.51729e+07		-0.321662		4.70181		531.085		6.96968e+06		528.548		
00:00:29:750		1.51738e+07		-0.319892		4.68946		531.078		6.96968e+06		528.549		
00:00:29:649		1.51748e+07		-0.318121		4.67697		531.072		6.96968e+06		528.554		
00:00:29:550		1.51757e+07		-0.316351		4.66468		531.067		6.96968e+06		528.555		
00:00:29:350		1.51776e+07		-0.312811		4.63971		531.056		6.96968e+06		528.559		
00:00:29:250		1.51785e+07		-0.31104		4.62727		531.05		6.96968e+06		528.56		
00:00:29:250		1.51785e+07		-0.31104		4.62727		531.05		6.96968e+06		528.56		
00:00:29:050		1.51803e+07		-0.3075		4.60254		531.039		6.96967e+06		528.563		
00:00:28:949		1.51813e+07		-0.30573		4.59004		531.034		6.96967e+06		528.563		
00:00:28:949		1.51813e+07		-0.30573		4.59004		531.034		6.96967e+06		528.563		
00:00:28:850		1.51822e+07		-0.30396		4.57787		531.026		6.96967e+06		528.564		
00:00:28:750		1.51831e+07		-0.302191		4.5657		531.021		6.96967e+06		528.567		
00:00:28:649		1.51841e+07		-0.300421		4.55327		531.013		6.96967e+06		528.568		
00:00:28:550		1.5185e+07		-0.298652		4.54091		531.008		6.96967e+06		528.569		
00:00:28:449		1.51859e+07		-0.296883		4.52881		531		6.96966e+06		528.573		
00:00:28:250		1.51878e+07		-0.293345		4.5042		530.988		6.96966e+06		528.577		
00:00:28:149		1.51887e+07		-0.291576		4.49189		530.98		6.96966e+06		528.579		
00:00:28:149		1.51887e+07		-0.291576		4.49189		530.98		6.96966e+06		528.579		
00:00:28:050		1.51896e+07		-0.289808		4.47996		530.975		6.96965e+06		528.581		
00:00:27:899		1.5191e+07		-0.287155		4.46163		530.966		6.96965e+06		528.583		
00:00:27:800		1.5192e+07		-0.285385		4.44937		530.96		6.96965e+06		528.585		
00:00:27:699		1.51929e+07		-0.283615		4.43716		530.953		6.96964e+06		528.587		
00:00:27:600		1.51938e+07		-0.281846		4.42508		530.947		6.96964e+06		528.587		
00:00:27:500		1.51948e+07		-0.280077		4.41311		530.94		6.96964e+06		528.587		
00:00:27:399		1.51957e+07		-0.278307		4.40088		530.934		6.96964e+06		528.583		
00:00:27:199		1.51975e+07		-0.274769		4.37678		530.922		6.96963e+06		528.589		
00:00:27:199		1.51975e+07		-0.274769		4.37678		530.922		6.96963e+06		528.589		
00:00:27:100		1.51985e+07		-0.273001		4.36486		530.914		6.96963e+06		528.598		
00:00:27:000		1.51994e+07		-0.271232		4.35281		530.909		6.96962e+06		528.6		
00:00:26:899		1.52003e+07		-0.269464		4.34088		530.901		6.96962e+06		528.6		
00:00:26:800		1.52012e+07		-0.267696		4.32889		530.894		6.96962e+06		528.603		
00:00:26:699		1.52022e+07		-0.265928		4.31703		530.888		6.96961e+06		528.603		
00:00:26:600		1.52031e+07		-0.26416		4.30496		530.881		6.96961e+06		528.598		
00:00:26:500		1.5204e+07		-0.262393		4.29325		530.876		6.9696e+06		528.607		
00:00:26:399		1.52049e+07		-0.260626		4.28128		530.87		6.9696e+06		528.609		
00:00:26:199		1.52068e+07		-0.257091		4.25771		530.857		6.96959e+06		528.603		
00:00:26:199		1.52068e+07		-0.257091		4.25771		530.857		6.96959e+06		528.603		
00:00:26:100		1.52077e+07		-0.255322		4.24578		530.852		6.96959e+06		528.603		
00:00:26:000		1.52086e+07		-0.253554		4.23401		530.846		6.96958e+06		528.615		
00:00:25:899		1.52096e+07		-0.251785		4.2223		530.839		6.96958e+06		528.617		
00:00:25:750		1.52109e+07		-0.249134		4.20481		530.83		6.96957e+06		528.625		
00:00:25:649		1.52119e+07		-0.247366		4.19301		530.824		6.96956e+06		528.622		
00:00:25:550		1.52128e+07		-0.245599		4.18133		530.819		6.96956e+06		528.623		
00:00:25:449		1.52137e+07		-0.243832		4.16973		530.813		6.96955e+06		528.626		
00:00:25:350		1.52146e+07		-0.242064		4.15808		530.806		6.96955e+06		528.627		
00:00:25:250		1.52155e+07		-0.240296		4.14653		530.8		6.96954e+06		528.628		
00:00:25:149		1.52164e+07		-0.238529		4.13491		530.793		6.96954e+06		528.629		
00:00:25:050		1.52173e+07		-0.236763		4.12334		530.787		6.96953e+06		528.63		
00:00:24:949		1.52182e+07		-0.234999		4.11199		530.782		6.96953e+06		528.637		
00:00:24:850		1.52191e+07		-0.233235		4.10041		530.774		6.96952e+06		528.627		
00:00:24:750		1.522e+07		-0.231473		4.08906		530.769		6.96952e+06		528.635		
00:00:24:649		1.52209e+07		-0.229712		4.07746		530.762		6.96951e+06		528.635		
00:00:24:550		1.52218e+07		-0.227952		4.06613		530.754		6.9695e+06		528.642		
00:00:24:449		1.52227e+07		-0.226193		4.05475		530.747		6.9695e+06		528.639		
00:00:24:449		1.52227e+07		-0.226193		4.05475		530.747		6.9695e+06		528.639		
00:00:24:250		1.52244e+07		-0.22268		4.03215		530.736		6.96949e+06		528.645		
00:00:24:149		1.52253e+07		-0.220925		4.02085		530.729		6.96948e+06		528.646		
00:00:24:050		1.52262e+07		-0.219171		4.00961		530.723		6.96947e+06		528.647		
00:00:23:949		1.52271e+07		-0.217419		3.99829		530.716		6.96947e+06		528.655		
00:00:23:949		1.52271e+07		-0.217419		3.99829		530.716		6.96947e+06		528.655		
00:00:23:850		1.5228e+07		-0.215668		3.98722		530.708		6.96946e+06		528.665		
00:00:23:750		1.52289e+07		-0.213919		3.9761		530.703		6.96945e+06		528.653		
00:00:23:550		1.52307e+07		-0.210425		3.95375		530.69		6.96944e+06		528.654		
00:00:23:449		1.52316e+07		-0.208681		3.94292		530.684		6.96943e+06		528.658		
00:00:23:350		1.52324e+07		-0.206937		3.93175		530.679		6.96943e+06		528.659		
00:00:23:250		1.52333e+07		-0.205196		3.92078		530.672		6.96942e+06		528.661		
00:00:23:149		1.52342e+07		-0.203456		3.90998		530.666		6.96941e+06		528.662		
00:00:23:050		1.52351e+07		-0.201718		3.899		530.659		6.9694e+06		528.657		
00:00:22:949		1.5236e+07		-0.199982		3.88815		530.653		6.9694e+06		528.665		
00:00:22:850		1.52368e+07		-0.198247		3.87709		530.648		6.96939e+06		528.668		
00:00:22:750		1.52377e+07		-0.196515		3.86641		530.64		6.96938e+06		528.67		
00:00:22:649		1.52386e+07		-0.194785		3.85568		530.635		6.96937e+06		528.671		
00:00:22:649		1.52386e+07		-0.194785		3.85568		530.635		6.96937e+06		528.671		
00:00:22:550		1.52395e+07		-0.193056		3.84487		530.627		6.96937e+06		528.672		
00:00:22:350		1.52412e+07		-0.189606		3.82343		530.613		6.96935e+06		528.675		
00:00:22:250		1.52421e+07		-0.187884		3.813		530.607		6.96934e+06		528.677		
00:00:22:149		1.5243e+07		-0.186164		3.80239		530.6		6.96933e+06		528.677		
00:00:22:149		1.5243e+07		-0.186164		3.80239		530.6		6.96933e+06		528.677		
00:00:22:000		1.52443e+07		-0.183588		3.78628		530.589		6.96932e+06		528.682		
00:00:21:899		1.52452e+07		-0.181873		3.77587		530.581		6.96931e+06		528.682		
00:00:21:800		1.52461e+07		-0.18016		3.76546		530.576		6.96931e+06		528.682		
00:00:21:699		1.52469e+07		-0.17845		3.75508		530.569		6.9693e+06		528.686		
00:00:21:600		1.52478e+07		-0.176741		3.7446		530.561		6.96929e+06		528.688		
00:00:21:500		1.52487e+07		-0.175035		3.73441		530.556		6.96928e+06		528.689		
00:00:21:399		1.52495e+07		-0.17333		3.72397		530.548		6.96927e+06		528.69		
00:00:21:199		1.52513e+07		-0.169927		3.70346		530.536		6.96925e+06		528.692		
00:00:21:199		1.52513e+07		-0.169927		3.70346		530.536		6.96925e+06		528.692		
00:00:21:100		1.52521e+07		-0.168228		3.69328		530.53		6.96924e+06		528.693		
00:00:21:000		1.5253e+07		-0.166533		3.68318		530.524		6.96923e+06		528.692		
00:00:20:899		1.52539e+07		-0.16484		3.67297		530.517		6.96923e+06		528.694		
00:00:20:800		1.52547e+07		-0.163149		3.66298		530.512		6.96922e+06		528.689		
00:00:20:699		1.52556e+07		-0.16146		3.65278		530.504		6.96921e+06		528.697		
00:00:20:600		1.52564e+07		-0.159773		3.64296		530.495		6.9692e+06		528.696		
00:00:20:500		1.52573e+07		-0.158089		3.63299		530.488		6.96919e+06		528.689		
00:00:20:399		1.52582e+07		-0.156406		3.62303		530.48		6.96918e+06		528.7		
00:00:20:199		1.52599e+07		-0.153048		3.60316		530.467		6.96916e+06		528.694		
00:00:20:199		1.52599e+07		-0.153048		3.60316		530.467		6.96916e+06		528.694		
00:00:20:100		1.52607e+07		-0.151373		3.59337		530.46		6.96915e+06		528.702		
00:00:20:000		1.52616e+07		-0.149699		3.58384		530.453		6.96914e+06		528.703		
00:00:19:899		1.52624e+07		-0.148027		3.57413		530.447		6.96913e+06		528.705		
00:00:19:800		1.52633e+07		-0.146358		3.56447		530.44		6.96912e+06		528.706		
00:00:19:699		1.52642e+07		-0.14469		3.55476		530.433		6.96911e+06		528.706		
00:00:19:550		1.52654e+07		-0.142193		3.54032		530.422		6.96909e+06		528.707		
00:00:19:449		1.52663e+07		-0.140532		3.531		530.416		6.96908e+06		528.709		
00:00:19:300		1.52675e+07		-0.138043		3.51675		530.405		6.96906e+06		528.71		
00:00:19:149		1.52688e+07		-0.135559		3.5025		530.394		6.96905e+06		528.709		
00:00:19:149		1.52688e+07		-0.135559		3.5025		530.394		6.96905e+06		528.709		
00:00:19:050		1.52697e+07		-0.133905		3.49336		530.387		6.96904e+06		528.708		
00:00:18:949		1.52705e+07		-0.132251		3.48411		530.379		6.96902e+06		528.711		
00:00:18:850		1.52713e+07		-0.130598		3.47522		530.372		6.96901e+06		528.712		
00:00:18:750		1.52722e+07		-0.128947		3.46539		530.365		6.969e+06		528.712		
00:00:18:649		1.5273e+07		-0.127297		3.45589		530.357		6.96899e+06		528.712		
00:00:18:550		1.52739e+07		-0.125648		3.44721		530.352		6.96898e+06		528.712		
00:00:18:449		1.52747e+07		-0.124001		3.43823		530.344		6.96897e+06		528.712		
00:00:18:350		1.52755e+07		-0.122354		3.43121		530.337		6.96896e+06		528.713		
00:00:18:250		1.52764e+07		-0.120708		3.41973		530.33		6.96894e+06		528.713		
00:00:18:149		1.52772e+07		-0.119063		3.41011		530.324		6.96893e+06		528.713		
00:00:18:149		1.52772e+07		-0.119063		3.41011		530.324		6.96893e+06		528.713		
00:00:18:050		1.5278e+07		-0.11742		3.40194		530.317		6.96892e+06		528.711		
00:00:17:850		1.52797e+07		-0.114134		3.38413		530.304		6.96889e+06		528.702		
00:00:17:750		1.52805e+07		-0.112493		3.3752		530.298		6.96888e+06		528.71		
00:00:17:649		1.52814e+07		-0.110852		3.36647		530.291		6.96887e+06		528.716		
00:00:17:550		1.52822e+07		-0.10921		3.35756		530.284		6.96886e+06		528.713		
00:00:17:449		1.5283e+07		-0.10757		3.34878		530.278		6.96884e+06		528.713		
00:00:17:350		1.52839e+07		-0.10593		3.34019		530.271		6.96883e+06		528.712		
00:00:17:250		1.52847e+07		-0.10429		3.33153		530.265		6.96882e+06		528.712		
00:00:17:250		1.52847e+07		-0.10429		3.33153		530.265		6.96882e+06		528.712		
00:00:17:050		1.52868e+07		-0.100188		3.30981		530.249		6.96879e+06		528.716		
00:00:17:050		1.52868e+07		-0.100188		3.30981		530.249		6.96879e+06		528.716		
00:00:16:899		1.52876e+07		-0.098547		3.30138		530.241		6.96877e+06		528.71		
00:00:16:800		1.52884e+07		-0.0969057		3.29291		530.236		6.96876e+06		528.7		
00:00:16:600		1.529e+07		-0.0936198		3.27565		530.221		6.96873e+06		528.707		
00:00:16:600		1.529e+07		-0.0936198		3.27565		530.221		6.96873e+06		528.707		
00:00:16:500		1.52909e+07		-0.0919762		3.26719		530.216		6.96872e+06		528.709		
00:00:16:399		1.52917e+07		-0.0903306		3.2591		530.208		6.96871e+06		528.707		
00:00:16:199		1.52933e+07		-0.0870361		3.24213		530.195		6.96868e+06		528.692		
00:00:16:199		1.52933e+07		-0.0870361		3.24213		530.195		6.96868e+06		528.692		
00:00:16:100		1.52942e+07		-0.0853863		3.23353		530.188		6.96866e+06		528.704		
00:00:16:000		1.5295e+07		-0.0837355		3.2253		530.182		6.96865e+06		528.701		
00:00:15:900		1.52958e+07		-0.0820823		3.21754		530.177		6.96863e+06		528.703		
00:00:15:800		1.52966e+07		-0.0804272		3.20942		530.171		6.96862e+06		528.701		
00:00:15:699		1.52974e+07		-0.0787692		3.20082		530.164		6.96861e+06		528.7		
00:00:15:599		1.52983e+07		-0.0771093		3.19182		530.159		6.96859e+06		528.699		
00:00:15:500		1.52991e+07		-0.0754461		3.18303		530.153		6.96858e+06		528.696		
00:00:15:400		1.52999e+07		-0.0737805		3.17662		530.146		6.96856e+06		528.687		
00:00:15:199		1.53015e+07		-0.0704408		3.16057		530.135		6.96853e+06		528.693		
00:00:15:199		1.53015e+07		-0.0704408		3.16057		530.135		6.96853e+06		528.693		
00:00:15:099		1.53024e+07		-0.0687661		3.14936		530.129		6.96852e+06		528.683		
00:00:15:000		1.53032e+07		-0.0670891		3.13897		530.122		6.9685e+06		528.692		
00:00:14:900		1.5304e+07		-0.0654078		3.1366		530.116		6.96849e+06		528.687		
00:00:14:800		1.53048e+07		-0.0637231		3.1342		530.111		6.96847e+06		528.693		
00:00:14:699		1.53056e+07		-0.0620351		3.13187		530.105		6.96846e+06		528.691		
00:00:14:599		1.53065e+07		-0.0603418		3.12942		530.1		6.96844e+06		528.69		
00:00:14:500		1.53073e+07		-0.0586452		3.12716		530.096		6.96843e+06		528.688		
00:00:14:300		1.53089e+07		-0.0552378		3.12244		530.085		6.9684e+06		528.685		
00:00:14:199		1.53098e+07		-0.0535269		3.12006		530.079		6.96838e+06		528.683		
00:00:14:199		1.53098e+07		-0.0535269		3.12006		530.079		6.96838e+06		528.683		
00:00:14:099		1.53106e+07		-0.0518107		3.1176		530.074		6.96836e+06		528.681		
00:00:13:949		1.53118e+07		-0.0492268		3.11412		530.066		6.96834e+06		528.668		
00:00:13:849		1.53126e+07		-0.0474977		3.11182		530.061		6.96832e+06		528.679		
00:00:13:750		1.53135e+07		-0.045763		3.10943		530.055		6.96831e+06		528.676		
00:00:13:650		1.53143e+07		-0.0440221		3.10704		530.05		6.96829e+06		528.673		
00:00:13:550		1.53151e+07		-0.0422759		3.10469		530.044		6.96828e+06		528.674		
00:00:13:449		1.5316e+07		-0.0405231		3.10234		530.039		6.96826e+06		528.671		
00:00:13:250		1.53176e+07		-0.0369978		3.09763		530.03		6.96823e+06		528.668		
00:00:13:150		1.53185e+07		-0.0352254		3.09528		530.024		6.96821e+06		528.665		
00:00:13:150		1.53185e+07		-0.0352254		3.09528		530.024		6.96821e+06		528.665		
00:00:13:050		1.53193e+07		-0.0334458		3.09292		530.02		6.9682e+06		528.665		
00:00:12:949		1.53201e+07		-0.0316586		3.09052		530.015		6.96818e+06		528.675		
00:00:12:849		1.5321e+07		-0.0298653		3.0882		530.011		6.96816e+06		528.662		
00:00:12:849		1.5321e+07		-0.0298653		3.0882		530.011		6.96816e+06		528.662		
00:00:12:699		1.53222e+07		-0.0271597		3.08466		530.006		6.96814e+06		528.659		
00:00:12:599		1.53231e+07		-0.0253458		3.0823		529.998		6.96812e+06		528.648		
00:00:12:500		1.53239e+07		-0.0235248		3.0799		529.993		6.96811e+06		528.654		
00:00:12:400		1.53248e+07		-0.0216942		3.07754		529.989		6.96809e+06		528.651		
00:00:12:250		1.53261e+07		-0.0189333		3.07388		529.984		6.96806e+06		528.65		
00:00:12:150		1.53269e+07		-0.0170822		3.07148		529.98		6.96805e+06		528.647		
00:00:12:050		1.53278e+07		-0.015223		3.06923		529.974		6.96803e+06		528.645		
00:00:11:949		1.53287e+07		-0.0133548		3.06686		529.971		6.96801e+06		528.643		
00:00:11:849		1.53295e+07		-0.0114775		3.06446		529.967		6.968e+06		528.639		
00:00:11:750		1.53304e+07		-0.00959158		3.06201		529.962		6.96798e+06		528.626		
00:00:11:650		1.53313e+07		-0.00769615		3.05961		529.958		6.96796e+06		528.637		
00:00:11:550		1.53321e+07		-0.00579119		3.05722		529.954		6.96795e+06		528.635		
00:00:11:449		1.5333e+07		-0.00387621		3.05482		529.951		6.96793e+06		528.633		
00:00:11:449		1.5333e+07		-0.00387621		3.05482		529.951		6.96793e+06		528.633		
00:00:11:250		1.53348e+07		-1.66893e-05		3.04991		529.943		6.96789e+06		528.628		
00:00:11:250		1.53348e+07		-1.66893e-05		3.04991		529.943		6.96789e+06		528.628		
00:00:11:150		1.53357e+07		0.00192833		3.04751		529.941		6.96788e+06		528.625		
00:00:11:050		1.53366e+07		0.00388384		3.04514		529.939		6.96786e+06		528.623		
00:00:10:949		1.53375e+07		0.00584888		3.04282		529.934		6.96784e+06		528.62		
00:00:10:800		1.53388e+07		0.00881433		3.03917		529.93		6.96781e+06		528.614		
00:00:10:599		1.53406e+07		0.0127959		3.03426		529.925		6.96778e+06		528.611		
00:00:10:500		1.53414e+07		0.0147986		3.03211		529.921		6.96776e+06		528.606		
00:00:10:500		1.53414e+07		0.0147986		3.03211		529.921		6.96776e+06		528.606		
00:00:10:400		1.53423e+07		0.0165234		3.0298		529.917		6.96774e+06		528.597		
00:00:10:199		1.53444e+07		0.0199003		3.02564		529.908		6.9677e+06		528.598		
00:00:10:199		1.53444e+07		0.0199003		3.02564		529.908		6.9677e+06		528.598		
00:00:10:099		1.53454e+07		0.0215855		3.02355		529.904		6.96768e+06		528.592		
00:00:10:000		1.53464e+07		0.0232687		3.02146		529.899		6.96766e+06		528.584		
00:00:09:900		1.53474e+07		0.02495		3.01927		529.897		6.96764e+06		528.588		
00:00:09:800		1.53484e+07		0.0266294		3.0172		529.893		6.96762e+06		528.583		
00:00:09:699		1.53494e+07		0.028306		3.01526		529.89		6.9676e+06		528.58		
00:00:09:599		1.53504e+07		0.0299816		3.01295		529.888		6.96758e+06		528.575		
00:00:09:500		1.53514e+07		0.0316544		3.01088		529.884		6.96756e+06		528.57		
00:00:09:400		1.53525e+07		0.0333257		3.00902		529.882		6.96754e+06		528.565		
00:00:09:199		1.53545e+07		0.0366626		3.00479		529.879		6.9675e+06		528.556		
00:00:09:199		1.53545e+07		0.0366626		3.00479		529.879		6.9675e+06		528.556		
00:00:09:099		1.53555e+07		0.0383286		3.00277		529.877		6.96748e+06		528.55		
00:00:09:000		1.53566e+07		0.0399928		3.00062		529.875		6.96745e+06		528.545		
00:00:08:900		1.53576e+07		0.0416546		2.99866		529.873		6.96743e+06		528.539		
00:00:08:800		1.53587e+07		0.0433149		2.99667		529.873		6.96741e+06		528.535		
00:00:08:699		1.53597e+07		0.0449734		2.99461		529.87		6.96739e+06		528.529		
00:00:08:599		1.53607e+07		0.0466304		2.99265		529.87		6.96736e+06		528.522		
00:00:08:500		1.53618e+07		0.048285		2.99063		529.87		6.96734e+06		528.515		
00:00:08:400		1.53628e+07		0.0499387		2.98856		529.868		6.96732e+06		528.507		
00:00:08:300		1.53639e+07		0.05159		2.98671		529.868		6.96729e+06		528.499		
00:00:08:199		1.53649e+07		0.0532398		2.98474		529.868		6.96727e+06		528.494		
00:00:08:050		1.53665e+07		0.0557113		2.98155		529.868		6.96723e+06		528.482		
00:00:07:950		1.53676e+07		0.0573568		2.97972		529.87		6.9672e+06		528.475		
00:00:07:849		1.53686e+07		0.059001		2.97778		529.871		6.96718e+06		528.466		
00:00:07:750		1.53697e+07		0.0606427		2.97587		529.873		6.96715e+06		528.456		
00:00:07:650		1.53708e+07		0.062283		2.97391		529.875		6.96712e+06		528.447		
00:00:07:549		1.53719e+07		0.0639215		2.97183		529.877		6.9671e+06		528.438		
00:00:07:450		1.53729e+07		0.065558		2.96992		529.879		6.96707e+06		528.415		
00:00:07:250		1.53751e+07		0.0688257		2.96624		529.882		6.96701e+06		528.411		
00:00:07:150		1.53762e+07		0.070457		2.96421		529.886		6.96698e+06		528.395		
00:00:07:150		1.53762e+07		0.070457		2.96421		529.886		6.96698e+06		528.395		
00:00:07:049		1.53773e+07		0.0720859		2.96234		529.89		6.96695e+06		528.382		
00:00:06:950		1.53784e+07		0.0737133		2.96047		529.892		6.96692e+06		528.369		
00:00:06:900		1.53789e+07		0.0745263		2.95952		529.893		6.96691e+06		528.362		
00:00:06:799		1.53801e+07		0.0761509		2.95762		529.895		6.96688e+06		528.35		
00:00:06:700		1.53812e+07		0.0777736		2.95567		529.899		6.96684e+06		528.336		
00:00:06:599		1.53823e+07		0.0793943		2.95382		529.903		6.96681e+06		528.315		
00:00:06:450		1.5384e+07		0.0818224		2.95111		529.908		6.96676e+06		528.306		
00:00:06:250		1.53862e+07		0.0850525		2.94742		529.917		6.9667e+06		528.27		
00:00:06:250		1.53862e+07		0.0850525		2.94742		529.917		6.9667e+06		528.27		
00:00:06:150		1.53874e+07		0.0866647		2.94554		529.921		6.96666e+06		528.252		
00:00:06:049		1.53885e+07		0.0882754		2.94374		529.925		6.96663e+06		528.233		
00:00:05:950		1.53896e+07		0.0898833		2.94195		529.928		6.96659e+06		528.212		
00:00:05:849		1.53908e+07		0.0914893		2.94016		529.932		6.96656e+06		528.2		
00:00:05:750		1.5392e+07		0.0930934		2.93842		529.938		6.96652e+06		528.174		
00:00:05:650		1.5392e+07		0.0930934		2.93842		529.938		6.96652e+06		528.174		
00:00:05:650		1.53931e+07		0.0946941		2.93665		529.941		6.96648e+06		528.16		
00:00:05:549		1.53943e+07		0.096293		2.9348		529.945		6.96644e+06		528.133		
00:00:05:450		1.53955e+07		0.0978894		2.93308		529.949		6.96641e+06		528.122		
00:00:05:250		1.53979e+07		0.101073		2.92977		529.956		6.96633e+06		528.08		
00:00:05:250		1.53979e+07		0.101073		2.92977		529.956		6.96633e+06		528.08		
00:00:05:099		1.53997e+07		0.103454		2.92716		529.962		6.96627e+06		528.043		
00:00:04:900		1.54021e+07		0.106618		2.92384		529.976		6.96619e+06		527.995		
00:00:04:900		1.54021e+07		0.106618		2.92384		529.976		6.96619e+06		527.995		
00:00:04:799		1.54033e+07		0.108195		2.92212		529.984		6.96615e+06		527.971		
00:00:04:700		1.54046e+07		0.10977		2.9205		529.991		6.9661e+06		527.943		
00:00:04:599		1.54058e+07		0.111342		2.91891		529.998		6.96606e+06		527.922		
00:00:04:500		1.5407e+07		0.11291		2.91734		530.008		6.96602e+06		527.89		
00:00:04:400		1.54083e+07		0.114474		2.9157		530.015		6.96598e+06		527.863		
00:00:04:299		1.54096e+07		0.116035		2.91409		530.02		6.96593e+06		527.832		
00:00:04:200		1.54108e+07		0.117592		2.9126		530.026		6.96589e+06		527.801		
00:00:04:099		1.54121e+07		0.119145		2.91103		530.033		6.96585e+06		527.769		
00:00:04:049		1.54127e+07		0.119919		2.91021		530.035		6.96583e+06		527.748		
00:00:03:950		1.5414e+07		0.121465		2.90866		530.041		6.96578e+06		527.723		
00:00:03:799		1.5416e+07		0.123773		2.90631		530.05		6.96572e+06		527.674		
00:00:03:700		1.54173e+07		0.125305		2.90474		530.055		6.96568e+06		527.641		
00:00:03:600		1.54186e+07		0.126832		2.90326		530.063		6.96563e+06		527.607		
00:00:03:500		1.54199e+07		0.128354		2.90167		530.072		6.96559e+06		527.572		
00:00:03:399		1.54212e+07		0.129869		2.90012		530.079		6.96555e+06		527.538		
00:00:03:200		1.54239e+07		0.132879		2.897		530.096		6.96547e+06		527.469		
00:00:03:200		1.54239e+07		0.132879		2.897		530.096		6.96547e+06		527.469		
00:00:03:100		1.54252e+07		0.134374		2.89537		530.103		6.96543e+06		527.435		
00:00:03:000		1.54265e+07		0.135859		2.89392		530.111		6.96539e+06		527.4		
00:00:02:899		1.54279e+07		0.137336		2.89254		530.116		6.96535e+06		527.366		
00:00:02:799		1.54292e+07		0.138804		2.8908		530.124		6.96532e+06		527.332		
00:00:02:700		1.54306e+07		0.140263		2.88912		530.131		6.96528e+06		527.297		
00:00:02:600		1.54319e+07		0.141715		2.88675		530.136		6.96525e+06		527.263		
00:00:02:500		1.54333e+07		0.14316		2.88551		530.142		6.96521e+06		527.229		
00:00:02:399		1.54346e+07		0.144603		2.88371		530.146		6.96518e+06		527.201		
00:00:02:299		1.5436e+07		0.146045		2.88172		530.149		6.96515e+06		527.17		
00:00:02:149		1.54381e+07		0.148209		2.87875		530.155		6.96511e+06		527.127		
00:00:02:049		1.54397e+07		0.149649		2.87688		530.159		6.96508e+06		527.098		
00:00:01:949		1.54412e+07		0.151082		2.87514		530.162		6.96506e+06		527.071		
00:00:01:850		1.54428e+07		0.152495		2.87353		530.166		6.96504e+06		527.045		
00:00:01:750		1.54445e+07		0.153877		2.87182		530.169		6.96502e+06		527.02		
00:00:01:649		1.5446e+07		0.155215		2.87021		530.173		6.965e+06		527		
00:00:01:550		1.54475e+07		0.156501		2.86852		530.177		6.96498e+06		526.978		
00:00:01:449		1.54488e+07		0.157734		2.86684		530.181		6.96496e+06		526.963		
00:00:01:250		1.54508e+07		0.160113		2.86092		530.186		6.96493e+06		526.921		
00:00:01:149		1.54518e+07		0.161327		2.85665		530.19		6.96491e+06		526.906		
00:00:01:149		1.54518e+07		0.161327		2.85665		530.19		6.96491e+06		526.906		
00:00:01:050		1.54529e+07		0.162616		2.85231		530.193		6.9649e+06		526.875		
00:00:00:949		1.54544e+07		0.164013		2.84859		530.197		6.96489e+06		526.871		
00:00:00:849		1.54565e+07		0.165525		2.84504		530.201		6.96487e+06		526.856		
00:00:00:750		1.54595e+07		0.167117		2.84097		530.204		6.96487e+06		526.832		
00:00:00:650		1.54633e+07		0.168705		2.83837		530.206		6.96486e+06		526.839		
00:00:00:550		1.54674e+07		0.170166		2.84014		530.21		6.96485e+06		526.847		
00:00:00:450		1.54715e+07		0.171364		2.84727		530.212		6.96485e+06		526.824		
00:00:00:450		1.54715e+07		0.171364		2.84727		530.212		6.96485e+06		526.824		
00:00:00:250		1.54772e+07		0.172666		2.85542		530.219		6.96484e+06		526.825		
00:00:00:149		1.54783e+07		0.172828		2.84967		530.221		6.96484e+06		526.817		
00:00:00:149		1.54783e+07		0.172828		2.84967		530.221		6.96484e+06		526.817		
00:00:00:000		1.54785e+07		0.17284		2.83571		530.225		6.96483e+06		526.826		
00:00:00:000		1.54785e+07		0.17284		2.83571		530.225		6.96483e+06		526.826		
00:00:00:000		1.54785e+07		0.17284		2.83571		530.225		6.96483e+06		526.826		
00:00:00:000		1.54785e+07		0.17284		2.83571		530.225		6.96483e+06		526.826		
00:00:00:000		1.54785e+07		0.17284		2.83571		530.225		6.96483e+06		526.826		
00:00:00:000		1.54785e+07		0.17284		2.83571		530.225		6.96483e+06		526.826		
