	time 		rcpppzr	rcp054rcp007mnzoyout	rcv501std0102fvol	fwfrcp001gv	rcppmssga	msfsg(1)	
00:01:01:500		7.60145e+06		-5.85189		0		0		7.17982e+06		-15.6592		
00:01:01:399		7.60906e+06		-5.85223		0		0		7.17995e+06		3.82768		
00:01:01:299		7.61679e+06		-5.85256		0		0		7.18018e+06		17.2946		
00:01:01:100		7.63262e+06		-5.85317		0		0		7.18012e+06		15.8708		
00:01:01:000		7.64072e+06		-5.85343		0		0		7.17968e+06		0.369002		
00:01:01:000		7.64072e+06		-5.85343		0		0		7.17968e+06		0.369002		
00:01:00:899		7.64894e+06		-5.85367		0		0		7.17913e+06		-18.6559		
00:01:00:799		7.65726e+06		-5.85387		0		0		7.17877e+06		-22.4693		
00:01:00:700		7.66571e+06		-5.85402		0		0		7.17875e+06		-8.21931		
00:01:00:600		7.67429e+06		-5.85414		0		0		7.17895e+06		11.5411		
00:01:00:500		7.683e+06		-5.8542		0		0		7.17916e+06		22.2977		
00:01:00:399		7.69185e+06		-5.85421		0		0		7.17916e+06		22.819		
00:01:00:299		7.70085e+06		-5.8542		0		0		7.17884e+06		11.2244		
00:01:00:200		7.71e+06		-5.85416		0		0		7.17828e+06		-12.5035		
00:01:00:100		7.71927e+06		-5.85409		0		0		7.17775e+06		-23.3415		
00:01:00:000		7.72874e+06		-5.85401		0		0		7.17749e+06		-19.678		
00:00:59:899		7.7383e+06		-5.8539		0		0		7.17757e+06		0		
00:00:59:850		7.74312e+06		-5.85384		0		0		7.17767e+06		9.7967		
00:00:59:750		7.75287e+06		-5.8537		0		0		7.17788e+06		21.5602		
00:00:59:649		7.76275e+06		-5.85355		0		0		7.17788e+06		23.0904		
00:00:59:549		7.77275e+06		-5.8534		0		0		7.17757e+06		12.2178		
00:00:59:450		7.78304e+06		-5.85323		0		0		7.177e+06		-10.0153		
00:00:59:350		7.79337e+06		-5.85305		0		0		7.17644e+06		-23.4031		
00:00:59:250		7.80386e+06		-5.85285		0		0		7.17615e+06		-20.6047		
00:00:59:149		7.81451e+06		-5.85263		0		0		7.17619e+06		-3.10956		
00:00:59:000		7.83077e+06		-5.8523		0		0		7.1765e+06		21.3175		
00:00:58:899		7.8418e+06		-5.85207		0		0		7.17652e+06		24.0634		
00:00:58:799		7.85295e+06		-5.85184		0		0		7.17623e+06		13.6619		
00:00:58:700		7.86427e+06		-5.85161		0		0		7.17567e+06		-7.47788		
00:00:58:600		7.87573e+06		-5.85138		0		0		7.17507e+06		-23.1843		
00:00:58:500		7.88735e+06		-5.85117		0		0		7.17473e+06		-22.0024		
00:00:58:399		7.89913e+06		-5.85095		0		0		7.17473e+06		-5.32082		
00:00:58:299		7.91105e+06		-5.85075		0		0		7.17494e+06		14.5286		
00:00:58:200		7.92313e+06		-5.85056		0		0		7.1751e+06		25.0164		
00:00:58:100		7.93535e+06		-5.85038		0		0		7.17501e+06		20.6634		
00:00:58:100		7.93535e+06		-5.85038		0		0		7.17501e+06		20.6634		
00:00:58:000		7.94772e+06		-5.85022		0		0		7.17459e+06		7.99586		
00:00:57:899		7.96023e+06		-5.85006		0		0		7.17397e+06		-14.918		
00:00:57:799		7.97289e+06		-5.84992		0		0		7.17343e+06		-24.6462		
00:00:57:700		7.98568e+06		-5.84979		0		0		7.17322e+06		-16.9254		
00:00:57:600		7.99862e+06		-5.84966		0		0		7.17332e+06		4.13816		
00:00:57:500		8.01169e+06		-5.84953		0		0		7.17353e+06		18.8548		
00:00:57:399		8.02493e+06		-5.8494		0		0		7.17362e+06		25.895		
00:00:57:200		8.05184e+06		-5.8491		0		0		7.17288e+06		1.64926		
00:00:57:100		8.0655e+06		-5.84892		0		0		7.17225e+06		-20.4173		
00:00:57:000		8.07928e+06		-5.84872		0		0		7.17182e+06		-24.1045		
00:00:57:000		8.07928e+06		-5.84872		0		0		7.17182e+06		-24.1045		
00:00:56:899		8.0932e+06		-5.84848		0		0		7.17174e+06		-9.14604		
00:00:56:799		8.10723e+06		-5.84821		0		0		7.17191e+06		11.4476		
00:00:56:700		8.1214e+06		-5.8479		0		0		7.17209e+06		23.0031		
00:00:56:600		8.13568e+06		-5.84753		0		0		7.17207e+06		23.8104		
00:00:56:500		8.15009e+06		-5.84712		0		0		7.17171e+06		12.3034		
00:00:56:399		8.16461e+06		-5.84664		0		0		7.17109e+06		-11.3398		
00:00:56:299		8.17925e+06		-5.8461		0		0		7.17049e+06		-24.8696		
00:00:56:100		8.20886e+06		-5.84481		0		0		7.17024e+06		0		
00:00:56:000		8.22382e+06		-5.84407		0		0		7.17045e+06		17.2779		
00:00:56:000		8.22382e+06		-5.84407		0		0		7.17045e+06		17.2779		
00:00:55:799		8.25401e+06		-5.84242		0		0		7.17042e+06		19.7871		
00:00:55:799		8.25401e+06		-5.84242		0		0		7.17042e+06		19.7871		
00:00:55:649		8.27692e+06		-5.84106		0		0		7.1696e+06		-8.89799		
00:00:55:549		8.29233e+06		-5.84012		0		0		7.16897e+06		-24.7233		
00:00:55:450		8.30784e+06		-5.83918		0		0		7.16862e+06		-22.8286		
00:00:55:350		8.32345e+06		-5.83826		0		0		7.16863e+06		-4.4482		
00:00:55:149		8.35497e+06		-5.83662		0		0		7.16902e+06		27.068		
00:00:55:049		8.3709e+06		-5.83595		0		0		7.1689e+06		21.6784		
00:00:55:049		8.3709e+06		-5.83595		0		0		7.1689e+06		21.6784		
00:00:54:950		8.38699e+06		-5.8354		0		0		7.16844e+06		7.79004		
00:00:54:850		8.40317e+06		-5.83499		0		0		7.16776e+06		-17.0869		
00:00:54:750		8.41943e+06		-5.83474		0		0		7.1672e+06		-26.3894		
00:00:54:649		8.43574e+06		-5.83464		0		0		7.16698e+06		-17.4943		
00:00:54:549		8.4521e+06		-5.83468		0		0		7.1671e+06		5.31887		
00:00:54:450		8.46852e+06		-5.83482		0		0		7.16734e+06		20.9514		
00:00:54:350		8.48498e+06		-5.83503		0		0		7.16742e+06		27.3831		
00:00:54:250		8.50148e+06		-5.83528		0		0		7.16718e+06		17.6703		
00:00:54:049		8.53458e+06		-5.83593		0		0		7.16594e+06		-23.0816		
00:00:54:049		8.53458e+06		-5.83593		0		0		7.16594e+06		-23.0816		
00:00:53:950		8.55118e+06		-5.83635		0		0		7.16549e+06		-25.7804		
00:00:53:850		8.56779e+06		-5.8369		0		0		7.16542e+06		-9.69724		
00:00:53:750		8.58442e+06		-5.83757		0		0		7.16562e+06		12.5936		
00:00:53:649		8.60106e+06		-5.83834		0		0		7.16582e+06		25.0781		
00:00:53:549		8.6177e+06		-5.83918		0		0		7.16578e+06		24.6522		
00:00:53:450		8.63431e+06		-5.84006		0		0		7.16539e+06		12.3922		
00:00:53:299		8.65918e+06		-5.84135		0		0		7.16437e+06		-22.0442		
00:00:53:200		8.67573e+06		-5.8421		0		0		7.16387e+06		-27.2543		
00:00:53:149		8.68401e+06		-5.84243		0		0		7.16376e+06		-23.2216		
00:00:53:049		8.70057e+06		-5.84294		0		0		7.16383e+06		0		
00:00:52:950		8.71712e+06		-5.84337		0		0		7.16407e+06		17.9059		
00:00:52:850		8.73369e+06		-5.84376		0		0		7.16421e+06		28.1165		
00:00:52:750		8.75031e+06		-5.84411		0		0		7.16405e+06		20.5888		
00:00:52:649		8.76692e+06		-5.84442		0		0		7.16353e+06		5.24263		
00:00:52:500		8.79179e+06		-5.84482		0		0		7.16251e+06		-26.6201		
00:00:52:450		8.80007e+06		-5.84493		0		0		7.16227e+06		-27.8911		
00:00:52:299		8.82485e+06		-5.84524		0		0		7.16214e+06		-6.47677		
00:00:52:250		8.83308e+06		-5.84533		0		0		7.16225e+06		7.19672		
00:00:52:100		8.8577e+06		-5.84558		0		0		7.16257e+06		27.784		
00:00:52:000		8.87404e+06		-5.84573		0		0		7.16246e+06		22.5849		
00:00:52:000		8.87404e+06		-5.84573		0		0		7.16246e+06		22.5849		
00:00:51:899		8.89033e+06		-5.84588		0		0		7.162e+06		8.23425		
00:00:51:799		8.90657e+06		-5.84603		0		0		7.16131e+06		-17.638		
00:00:51:600		8.93888e+06		-5.84638		0		0		7.16048e+06		-19.6622		
00:00:51:600		8.93888e+06		-5.84638		0		0		7.16048e+06		-19.6622		
00:00:51:500		8.95496e+06		-5.8466		0		0		7.16061e+06		3.01527		
00:00:51:399		8.97097e+06		-5.84685		0		0		7.16086e+06		20.6932		
00:00:51:299		8.98692e+06		-5.84714		0		0		7.16098e+06		28.2808		
00:00:51:100		9.01844e+06		-5.84786		0		0		7.1602e+06		0.563221		
00:00:51:100		9.01844e+06		-5.84786		0		0		7.1602e+06		0.563221		
00:00:51:000		9.034e+06		-5.8483		0		0		7.15951e+06		-23.0448		
00:00:50:899		9.04948e+06		-5.84878		0		0		7.15905e+06		-27.1759		
00:00:50:799		9.06487e+06		-5.84928		0		0		7.15897e+06		-11.6236		
00:00:50:700		9.08021e+06		-5.84976		0		0		7.15919e+06		11.5164		
00:00:50:600		9.09551e+06		-5.85021		0		0		7.15942e+06		24.913		
00:00:50:500		9.11079e+06		-5.85065		0		0		7.15942e+06		25.4374		
00:00:50:399		9.12602e+06		-5.85107		0		0		7.15904e+06		12.5704		
00:00:50:250		9.14874e+06		-5.85168		0		0		7.15806e+06		-21.8958		
00:00:50:100		9.17129e+06		-5.85223		0		0		7.15746e+06		-23.6806		
00:00:50:100		9.17129e+06		-5.85223		0		0		7.15746e+06		-23.6806		
00:00:49:950		9.19367e+06		-5.85273		0		0		7.15768e+06		10.6677		
00:00:49:850		9.2085e+06		-5.85303		0		0		7.15794e+06		24.7866		
00:00:49:750		9.22325e+06		-5.8533		0		0		7.15796e+06		27.0843		
00:00:49:649		9.23793e+06		-5.85354		0		0		7.15761e+06		13.8265		
00:00:49:549		9.25252e+06		-5.85375		0		0		7.15695e+06		-12.1516		
00:00:49:450		9.26703e+06		-5.85392		0		0		7.15631e+06		-27.8959		
00:00:49:350		9.28144e+06		-5.85408		0		0		7.15597e+06		-25.5593		
00:00:49:250		9.29578e+06		-5.8542		0		0		7.15604e+06		-5.3061		
00:00:49:049		9.32425e+06		-5.85434		0		0		7.15654e+06		29.4816		
00:00:49:049		9.32425e+06		-5.85434		0		0		7.15654e+06		29.4816		
00:00:48:950		9.33837e+06		-5.85438		0		0		7.15642e+06		22.8983		
00:00:48:850		9.35242e+06		-5.8544		0		0		7.15592e+06		6.34604		
00:00:48:750		9.3664e+06		-5.8544		0		0		7.15521e+06		-20.3171		
00:00:48:649		9.38031e+06		-5.85441		0		0		7.15464e+06		-29.8931		
00:00:48:549		9.39414e+06		-5.85442		0		0		7.15446e+06		-19.9737		
00:00:48:450		9.40789e+06		-5.85446		0		0		7.15466e+06		5.78494		
00:00:48:350		9.42156e+06		-5.85453		0		0		7.15497e+06		23.5182		
00:00:48:250		9.43516e+06		-5.85465		0		0		7.1551e+06		30.2455		
00:00:48:049		9.46215e+06		-5.855		0		0		7.15423e+06		-5.38657		
00:00:48:049		9.46215e+06		-5.855		0		0		7.15423e+06		-5.38657		
00:00:47:950		9.47557e+06		-5.85523		0		0		7.15354e+06		-26.3529		
00:00:47:850		9.48895e+06		-5.85553		0		0		7.15311e+06		-28.2889		
00:00:47:750		9.50226e+06		-5.85592		0		0		7.15309e+06		-11.1739		
00:00:47:649		9.51551e+06		-5.85641		0		0		7.15337e+06		14.0762		
00:00:47:549		9.5287e+06		-5.85702		0		0		7.15364e+06		28.3467		
00:00:47:450		9.54181e+06		-5.85775		0		0		7.15363e+06		26.1373		
00:00:47:350		9.55485e+06		-5.8586		0		0		7.15322e+06		11.0928		
00:00:47:149		9.58072e+06		-5.8606		0		0		7.15192e+06		-29.9636		
00:00:47:049		9.59369e+06		-5.86164		0		0		7.15167e+06		-23.3018		
00:00:47:049		9.59369e+06		-5.86164		0		0		7.15167e+06		-23.3018		
00:00:46:950		9.60669e+06		-5.86266		0		0		7.15183e+06		0.649429		
00:00:46:850		9.61973e+06		-5.86358		0		0		7.15216e+06		22.1248		
00:00:46:750		9.63276e+06		-5.86436		0		0		7.15235e+06		31.1561		
00:00:46:649		9.64582e+06		-5.86496		0		0		7.15217e+06		20.7456		
00:00:46:549		9.65893e+06		-5.86536		0		0		7.15161e+06		1.23909		
00:00:46:399		9.6787e+06		-5.86551		0		0		7.15059e+06		-30.3404		
00:00:46:299		9.6919e+06		-5.86527		0		0		7.1503e+06		-25.0832		
00:00:46:200		9.70506e+06		-5.86471		0		0		7.15043e+06		-3.60902		
00:00:46:100		9.71817e+06		-5.86379		0		0		7.15076e+06		20.4841		
00:00:46:000		9.73126e+06		-5.86247		0		0		7.15099e+06		32.1613		
00:00:45:899		9.74432e+06		-5.86073		0		0		7.15084e+06		22.0617		
00:00:45:799		9.75736e+06		-5.85852		0		0		7.15032e+06		4.11761		
00:00:45:700		9.77036e+06		-5.85586		0		0		7.14959e+06		-23.132		
00:00:45:700		9.77036e+06		-5.85586		0		0		7.14959e+06		-23.132		
00:00:45:500		9.79625e+06		-5.84921		0		0		7.14893e+06		-18.042		
00:00:45:399		9.80915e+06		-5.84534		0		0		7.14919e+06		8.40355		
00:00:45:299		9.82202e+06		-5.84122		0		0		7.14954e+06		25.7991		
00:00:45:299		9.82202e+06		-5.84122		0		0		7.14954e+06		25.7991		
00:00:45:100		9.84773e+06		-5.8327		0		0		7.1494e+06		18.6344		
00:00:45:100		9.84773e+06		-5.8327		0		0		7.1494e+06		18.6344		
00:00:44:899		9.87347e+06		-5.8247		0		0		7.14806e+06		-27.9631		
00:00:44:899		9.87347e+06		-5.8247		0		0		7.14806e+06		-27.9631		
00:00:44:799		9.88638e+06		-5.82128		0		0		7.14762e+06		-29.9887		
00:00:44:700		9.89925e+06		-5.81827		0		0		7.14763e+06		-12.7738		
00:00:44:600		9.91212e+06		-5.81518		0		0		7.14795e+06		14.3088		
00:00:44:500		9.92496e+06		-5.81198		0		0		7.14827e+06		29.7285		
00:00:44:399		9.93777e+06		-5.80867		0		0		7.1483e+06		28.9692		
00:00:44:200		9.96334e+06		-5.80169		0		0		7.1472e+06		-16.6244		
00:00:44:100		9.9761e+06		-5.79804		0		0		7.14652e+06		-31.7701		
00:00:44:100		9.9761e+06		-5.79804		0		0		7.14652e+06		-31.7701		
00:00:44:000		9.98883e+06		-5.79427		0		0		7.1462e+06		-27.6731		
00:00:43:899		1.00016e+07		-5.7904		0		0		7.14632e+06		-6.11035		
00:00:43:799		1.00143e+07		-5.78641		0		0		7.14669e+06		19.9786		
00:00:43:700		1.00269e+07		-5.78232		0		0		7.14696e+06		33.0246		
00:00:43:600		1.00396e+07		-5.77813		0		0		7.14687e+06		25.0107		
00:00:43:500		1.00586e+07		-5.77166		0		0		7.146e+06		-9.40791		
00:00:43:350		1.00712e+07		-5.76722		0		0		7.14528e+06		-30.2775		
00:00:43:250		1.00839e+07		-5.76269		0		0		7.14485e+06		-30.1124		
00:00:43:049		1.01091e+07		-5.75335		0		0		7.14521e+06		15.5264		
00:00:43:049		1.01091e+07		-5.75335		0		0		7.14521e+06		15.5264		
00:00:42:950		1.01217e+07		-5.74854		0		0		7.14553e+06		31.0463		
00:00:42:850		1.01342e+07		-5.74364		0		0		7.14553e+06		27.4905		
00:00:42:750		1.01467e+07		-5.73866		0		0		7.14512e+06		12.6554		
00:00:42:649		1.01592e+07		-5.73358		0		0		7.14441e+06		-17.9857		
00:00:42:549		1.01717e+07		-5.72841		0		0		7.14377e+06		-32.1967		
00:00:42:450		1.01842e+07		-5.72315		0		0		7.1435e+06		-24.9464		
00:00:42:350		1.01966e+07		-5.7178		0		0		7.14366e+06		-2.74939		
00:00:42:149		1.02215e+07		-5.70683		0		0		7.14426e+06		33.6253		
00:00:42:049		1.02338e+07		-5.70121		0		0		7.1441e+06		22.7259		
00:00:42:049		1.02338e+07		-5.70121		0		0		7.1441e+06		22.7259		
00:00:41:950		1.02462e+07		-5.6955		0		0		7.14354e+06		3.28698		
00:00:41:850		1.02585e+07		-5.68969		0		0		7.14279e+06		-24.4609		
00:00:41:750		1.02709e+07		-5.68378		0		0		7.14225e+06		-32.9638		
00:00:41:649		1.02833e+07		-5.67776		0		0		7.14214e+06		-18.1952		
00:00:41:549		1.02957e+07		-5.67165		0		0		7.14242e+06		9.42365		
00:00:41:500		1.03018e+07		-5.66856		0		0		7.14262e+06		19.4506		
00:00:41:399		1.03142e+07		-5.6623		0		0		7.1429e+06		33.1303		
00:00:41:250		1.03326e+07		-5.65274		0		0		7.1426e+06		18.1665		
00:00:41:049		1.03572e+07		-5.63965		0		0		7.14121e+06		-29.927		
00:00:41:049		1.03572e+07		-5.63965		0		0		7.14121e+06		-29.927		
00:00:40:950		1.03695e+07		-5.63296		0		0		7.1408e+06		-31.0752		
00:00:40:850		1.03817e+07		-5.62617		0		0		7.14085e+06		-11.0078		
00:00:40:750		1.03939e+07		-5.61928		0		0		7.14121e+06		16.6445		
00:00:40:649		1.04061e+07		-5.61229		0		0		7.14154e+06		32.0341		
00:00:40:549		1.04184e+07		-5.6052		0		0		7.14154e+06		29.1717		
00:00:40:450		1.04306e+07		-5.598		0		0		7.1411e+06		11.0032		
00:00:40:350		1.04428e+07		-5.5907		0		0		7.14035e+06		-19.485		
00:00:40:149		1.04673e+07		-5.57582		0		0		7.13942e+06		-27.4285		
00:00:40:049		1.04796e+07		-5.56822		0		0		7.13962e+06		-2.28891		
00:00:40:049		1.04796e+07		-5.56822		0		0		7.13962e+06		-2.28891		
00:00:39:950		1.0492e+07		-5.56052		0		0		7.14002e+06		23.3051		
00:00:39:850		1.05043e+07		-5.55272		0		0		7.14028e+06		35.5346		
00:00:39:750		1.05166e+07		-5.54481		0		0		7.14013e+06		24.6318		
00:00:39:649		1.0529e+07		-5.53679		0		0		7.13953e+06		3.50883		
00:00:39:549		1.05413e+07		-5.52865		0		0		7.13873e+06		-26.2879		
00:00:39:450		1.05537e+07		-5.52039		0		0		7.13815e+06		-35.0511		
00:00:39:350		1.0566e+07		-5.512		0		0		7.13804e+06		-20.4695		
00:00:39:250		1.05783e+07		-5.50349		0		0		7.13835e+06		9.61683		
00:00:39:149		1.05907e+07		-5.49486		0		0		7.13876e+06		29.1116		
00:00:39:000		1.06091e+07		-5.48169		0		0		7.13883e+06		28.3156		
00:00:38:899		1.06215e+07		-5.47276		0		0		7.13831e+06		9.36805		
00:00:38:799		1.06338e+07		-5.46371		0		0		7.13751e+06		-22.3921		
00:00:38:700		1.06461e+07		-5.45453		0		0		7.13685e+06		-35.2912		
00:00:38:600		1.06585e+07		-5.44524		0		0		7.13662e+06		-25.122		
00:00:38:500		1.06708e+07		-5.43583		0		0		7.13685e+06		1.52705		
00:00:38:399		1.0683e+07		-5.42631		0		0		7.13726e+06		25.8035		
00:00:38:399		1.0683e+07		-5.42631		0		0		7.13726e+06		25.8035		
00:00:38:299		1.06952e+07		-5.4167		0		0		7.13748e+06		35.7656		
00:00:38:100		1.07197e+07		-5.39727		0		0		7.13664e+06		0		
00:00:38:100		1.07197e+07		-5.39727		0		0		7.13664e+06		0		
00:00:38:000		1.07319e+07		-5.38746		0		0		7.13584e+06		-28.2599		
00:00:37:899		1.07441e+07		-5.37761		0		0		7.13531e+06		-34.5339		
00:00:37:799		1.07562e+07		-5.36773		0		0		7.13525e+06		-16.1804		
00:00:37:700		1.07684e+07		-5.35781		0		0		7.13558e+06		13.2485		
00:00:37:600		1.07806e+07		-5.34787		0		0		7.13595e+06		31.0614		
00:00:37:500		1.07927e+07		-5.33789		0		0		7.13603e+06		33.411		
00:00:37:299		1.0817e+07		-5.31781		0		0		7.13488e+06		-14.6039		
00:00:37:299		1.0817e+07		-5.31781		0		0		7.13488e+06		-14.6039		
00:00:37:100		1.08412e+07		-5.2975		0		0		7.13372e+06		-31.6176		
00:00:37:100		1.08412e+07		-5.2975		0		0		7.13372e+06		-31.6176		
00:00:37:000		1.08531e+07		-5.28724		0		0		7.13383e+06		-7.97645		
00:00:36:850		1.08712e+07		-5.27168		0		0		7.1344e+06		29.0717		
00:00:36:750		1.08833e+07		-5.26121		0		0		7.13453e+06		35.4998		
00:00:36:649		1.08954e+07		-5.25067		0		0		7.13421e+06		20.5772		
00:00:36:549		1.09074e+07		-5.24005		0		0		7.13348e+06		-9.03171		
00:00:36:450		1.09195e+07		-5.22937		0		0		7.13267e+06		-31.9723		
00:00:36:350		1.09316e+07		-5.21861		0		0		7.13219e+06		-33.801		
00:00:36:250		1.09436e+07		-5.2078		0		0		7.13221e+06		-12.648		
00:00:36:049		1.09678e+07		-5.18601		0		0		7.1329e+06		33.8037		
00:00:36:049		1.09678e+07		-5.18601		0		0		7.1329e+06		33.8037		
00:00:35:950		1.09798e+07		-5.17506		0		0		7.13289e+06		31.443		
00:00:35:850		1.09919e+07		-5.16406		0		0		7.13241e+06		13.6537		
00:00:35:750		1.1004e+07		-5.15305		0		0		7.13159e+06		-20.9584		
00:00:35:649		1.10161e+07		-5.14201		0		0		7.13085e+06		-35.941		
00:00:35:549		1.10282e+07		-5.13096		0		0		7.13054e+06		-28.7996		
00:00:35:500		1.10343e+07		-5.12543		0		0		7.13057e+06		-16.1439		
00:00:35:350		1.10525e+07		-5.10884		0		0		7.13107e+06		24.3569		
00:00:35:250		1.10647e+07		-5.09778		0		0		7.13127e+06		36.484		
00:00:35:049		1.1089e+07		-5.0756		0		0		7.13038e+06		1.43152		
00:00:35:049		1.1089e+07		-5.0756		0		0		7.13038e+06		1.43152		
00:00:34:950		1.11012e+07		-5.06446		0		0		7.12952e+06		-29.1232		
00:00:34:850		1.11134e+07		-5.05326		0		0		7.12891e+06		-35.996		
00:00:34:750		1.11257e+07		-5.04201		0		0		7.1288e+06		-18.3133		
00:00:34:649		1.1138e+07		-5.0307		0		0		7.12909e+06		13.4468		
00:00:34:549		1.11502e+07		-5.01934		0.0690036		0		7.12941e+06		31.7623		
00:00:34:450		1.11625e+07		-5.00794		0.207317		0		7.12944e+06		33.8453		
00:00:34:350		1.11748e+07		-4.99648		0.345587		0		7.12899e+06		17.1879		
00:00:34:149		1.11994e+07		-4.9734		0.621477		0		7.12735e+06		-35.8862		
00:00:34:049		1.12117e+07		-4.96178		0.758912		0		7.12693e+06		-31.2575		
00:00:34:049		1.12117e+07		-4.96178		0.758912		0		7.12693e+06		-31.2575		
00:00:33:950		1.1224e+07		-4.95011		0.895891		0		7.12701e+06		-5.68538		
00:00:33:850		1.12363e+07		-4.93838		1.03227		0		7.12735e+06		22.698		
00:00:33:750		1.12486e+07		-4.92661		1.16793		0		7.12756e+06		36.5725		
00:00:33:649		1.12609e+07		-4.91479		1.30272		0		7.12736e+06		26.3537		
00:00:33:549		1.12733e+07		-4.90292		1.4365		0		7.1267e+06		5.19995		
00:00:33:450		1.12856e+07		-4.89101		1.56909		0		7.1258e+06		-27.8258		
00:00:33:299		1.13042e+07		-4.87308		1.76534		0		7.12497e+06		-31.6419		
00:00:33:149		1.13228e+07		-4.85505		1.95769		0		7.12516e+06		11.3064		
00:00:33:049		1.13353e+07		-4.84298		2.08324		0		7.12545e+06		30.5103		
00:00:33:049		1.13353e+07		-4.84298		2.08324		0		7.12545e+06		30.5103		
00:00:32:899		1.13539e+07		-4.82479		2.26702		0		7.12531e+06		26.3488		
00:00:32:850		1.13601e+07		-4.81871		2.32704		0		7.12503e+06		18.1516		
00:00:32:700		1.13787e+07		-4.80042		2.50378		0		7.12373e+06		-27.5673		
00:00:32:700		1.13787e+07		-4.80042		2.50378		0		7.12373e+06		-27.5673		
00:00:32:600		1.13911e+07		-4.78817		2.61877		0		7.12305e+06		-36.573		
00:00:32:500		1.14035e+07		-4.77589		2.73616		0		7.12284e+06		-19.9275		
00:00:32:299		1.14283e+07		-4.75118		2.97403		0		7.12332e+06		30.5831		
00:00:32:200		1.14407e+07		-4.73876		3.08993		0		7.12332e+06		34.7537		
00:00:32:100		1.14531e+07		-4.72628		3.19958		0		7.12284e+06		17.7051		
00:00:32:000		1.14655e+07		-4.71374		3.30952		0		7.12197e+06		-15.5483		
00:00:31:899		1.14779e+07		-4.70114		3.40898		0		7.12111e+06		-36.1751		
00:00:31:899		1.14779e+07		-4.70114		3.40898		0		7.12111e+06		-36.1751		
00:00:31:800		1.14903e+07		-4.68848		3.50531		0		7.12064e+06		-32.5131		
00:00:31:699		1.15027e+07		-4.67575		3.59846		0		7.12069e+06		-4.32613		
00:00:31:600		1.15151e+07		-4.66295		3.68841		0		7.12099e+06		23.5894		
00:00:31:399		1.15399e+07		-4.63719		3.8587		0		7.12091e+06		27.5941		
00:00:31:399		1.15399e+07		-4.63719		3.8587		0		7.12091e+06		27.5941		
00:00:31:300		1.15523e+07		-4.62422		3.93908		0		7.12016e+06		3.78075		
00:00:31:100		1.1577e+07		-4.59816		4.09051		0		7.11845e+06		-38.9884		
00:00:31:100		1.1577e+07		-4.59816		4.09051		0		7.11845e+06		-38.9884		
00:00:31:000		1.15893e+07		-4.58507		4.16166		0		7.11823e+06		-22.8255		
00:00:30:800		1.1614e+07		-4.55879		4.29518		0		7.11879e+06		33.5342		
00:00:30:699		1.16264e+07		-4.54562		4.3577		0		7.11882e+06		38.1845		
00:00:30:699		1.16264e+07		-4.54562		4.3577		0		7.11882e+06		38.1845		
00:00:30:600		1.16387e+07		-4.53244		4.4175		0		7.11833e+06		20.9772		
00:00:30:500		1.16511e+07		-4.51927		4.47465		0		7.11738e+06		-15.8757		
00:00:30:399		1.16634e+07		-4.50612		4.52924		0		7.11643e+06		-38.5561		
00:00:30:300		1.16758e+07		-4.49299		4.58138		0		7.11588e+06		-35.9436		
00:00:30:050		1.17068e+07		-4.4603		4.7016		0		7.11635e+06		33.2082		
00:00:30:050		1.17068e+07		-4.4603		4.7016		0		7.11635e+06		33.2082		
00:00:29:949		1.17193e+07		-4.44727		4.74584		0		7.11641e+06		38.2086		
00:00:29:899		1.17255e+07		-4.44075		4.76718		0		7.11626e+06		31.056		
00:00:29:750		1.17442e+07		-4.42116		4.82827		0		7.11505e+06		-11.664		
00:00:29:649		1.17567e+07		-4.40805		4.86647		0		7.11409e+06		-37.2544		
00:00:29:449		1.17816e+07		-4.38156		4.93747		0		7.11345e+06		-9.92021		
00:00:29:350		1.17941e+07		-4.36814		4.9705		0		7.11369e+06		20.2431		
00:00:29:350		1.17941e+07		-4.36814		4.9705		0		7.11369e+06		20.2431		
00:00:29:250		1.18065e+07		-4.35457		5.00192		0		7.11387e+06		36.3968		
00:00:29:050		1.18314e+07		-4.32694		5.06021		0		7.11302e+06		9.03494		
00:00:29:050		1.18314e+07		-4.32694		5.06021		0		7.11302e+06		9.03494		
00:00:28:949		1.18439e+07		-4.31289		5.08723		0		7.11208e+06		-26.2239		
00:00:28:850		1.18563e+07		-4.29873		5.11292		0		7.11135e+06		-35.0782		
00:00:28:750		1.18688e+07		-4.2845		5.13731		0		7.11106e+06		-18.397		
00:00:28:649		1.18812e+07		-4.2703		5.16045		0		7.11115e+06		9.58055		
00:00:28:550		1.18937e+07		-4.2562		5.18246		0		7.1113e+06		28.6071		
00:00:28:449		1.19062e+07		-4.24231		5.20335		0		7.11121e+06		29.1658		
00:00:28:350		1.19187e+07		-4.22869		5.22316		0		7.11069e+06		14.7407		
00:00:28:250		1.19313e+07		-4.21538		5.24194		0		7.10983e+06		-15.7741		
00:00:28:050		1.19565e+07		-4.18953		5.27668		0		7.10864e+06		-23.1526		
00:00:28:050		1.19565e+07		-4.18953		5.27668		0		7.10864e+06		-23.1526		
00:00:27:949		1.19691e+07		-4.17669		5.29269		0		7.10865e+06		5.76029		
00:00:27:850		1.19817e+07		-4.16382		5.30782		0		7.10876e+06		23.4482		
00:00:27:750		1.19943e+07		-4.15093		5.32208		0		7.10871e+06		32.2279		
00:00:27:649		1.2007e+07		-4.13802		5.33561		0		7.10823e+06		17.3031		
00:00:27:550		1.20197e+07		-4.12509		5.34846		0		7.10738e+06		-13.3914		
00:00:27:449		1.20324e+07		-4.11215		5.36056		0		7.10654e+06		-32.1739		
00:00:27:350		1.20452e+07		-4.09918		5.3719		0		7.10607e+06		-30.4949		
00:00:27:250		1.20579e+07		-4.08618		5.38254		0		7.10608e+06		4.77132		
00:00:27:050		1.20833e+07		-4.05997		5.40213		0		7.1062e+06		33.916		
00:00:27:050		1.20833e+07		-4.05997		5.40213		0		7.1062e+06		33.916		
00:00:26:899		1.21023e+07		-4.03992		5.41538		0		7.10532e+06		6.78788		
00:00:26:800		1.21149e+07		-4.02638		5.42336		0		7.10436e+06		-25.8741		
00:00:26:699		1.21275e+07		-4.01272		5.43067		0		7.1036e+06		-35.9434		
00:00:26:600		1.21401e+07		-3.99894		5.43756		0		7.10332e+06		-22.3898		
00:00:26:550		1.21463e+07		-3.99202		5.44092		0		7.10337e+06		1.97393		
00:00:26:449		1.21588e+07		-3.97809		5.44751		0		7.10352e+06		26.6555		
00:00:26:350		1.21712e+07		-3.96408		5.45361		0		7.10348e+06		35.8416		
00:00:26:149		1.21961e+07		-3.93584		5.46338		0		7.10204e+06		-17.8937		
00:00:26:050		1.22085e+07		-3.92162		5.46772		0		7.10113e+06		-35.1188		
00:00:26:050		1.22085e+07		-3.92162		5.46772		0		7.10113e+06		-35.1188		
00:00:25:899		1.22272e+07		-3.90021		5.47454		0		7.10056e+06		-16.4749		
00:00:25:800		1.22397e+07		-3.88589		5.47854		0		7.10063e+06		20.8729		
00:00:25:699		1.22522e+07		-3.87153		5.48138		0		7.10058e+06		32.2504		
00:00:25:600		1.22647e+07		-3.85715		5.48338		0		7.10017e+06		23.5072		
00:00:25:500		1.22773e+07		-3.84275		5.48558		0		7.09936e+06		-13.3907		
00:00:25:399		1.22898e+07		-3.82831		5.48857		0		7.09853e+06		-27.977		
00:00:25:300		1.23024e+07		-3.81384		5.4915		0		7.09805e+06		-22.8766		
00:00:25:300		1.23024e+07		-3.81384		5.4915		0		7.09805e+06		-22.8766		
00:00:25:199		1.23149e+07		-3.79935		5.49292		0		7.0979e+06		8.39217		
00:00:25:100		1.23275e+07		-3.78482		5.4927		0		7.09773e+06		20.5753		
00:00:25:000		1.234e+07		-3.77026		5.4924		0		7.09736e+06		15.4193		
00:00:24:800		1.23526e+07		-3.75567		5.49372		0		7.09678e+06		0		
00:00:24:800		1.23651e+07		-3.74104		5.49603		0		7.09621e+06		-13.7199		
00:00:24:699		1.23777e+07		-3.72638		5.49679		0		7.09581e+06		0		
00:00:24:600		1.23902e+07		-3.71168		5.49456		0		7.09549e+06		7.7912		
00:00:24:500		1.24028e+07		-3.69694		5.49098		0		7.09513e+06		8.62236		
00:00:24:399		1.24153e+07		-3.68217		5.48944		0		7.0947e+06		2.79182		
00:00:24:199		1.24404e+07		-3.65254		5.491		0		7.09385e+06		1.19283		
00:00:24:100		1.2453e+07		-3.63767		5.48965		0		7.09347e+06		4.2665		
00:00:24:000		1.24656e+07		-3.62276		5.48541		0		7.09311e+06		5.99467		
00:00:23:899		1.24782e+07		-3.60784		5.48121		0		7.09273e+06		5.53678		
00:00:23:800		1.24908e+07		-3.59289		5.48031		0		7.09235e+06		3.97089		
00:00:23:800		1.24908e+07		-3.59289		5.48031		0		7.09235e+06		3.97089		
00:00:23:699		1.25035e+07		-3.57791		5.48199		0		7.09198e+06		3.9989		
00:00:23:600		1.25162e+07		-3.56292		5.48167		0		7.09163e+06		5.13468		
00:00:23:500		1.25289e+07		-3.5479		5.47642		0		7.09131e+06		6.78983		
00:00:23:399		1.25416e+07		-3.53286		5.46894		9.43253		7.09099e+06		7.28361		
00:00:23:300		1.25543e+07		-3.51779		5.46518		16.4748		7.09066e+06		7.80136		
00:00:23:100		1.25797e+07		-3.48758		5.4696		30.0311		7.09004e+06		9.2421		
00:00:23:100		1.25797e+07		-3.48758		5.4696		30.0311		7.09004e+06		9.2421		
00:00:23:000		1.25924e+07		-3.47243		5.46545		36.2841		7.08974e+06		10.0993		
00:00:22:899		1.26051e+07		-3.45725		5.45504		42.4358		7.08944e+06		11.0029		
00:00:22:750		1.26242e+07		-3.43442		5.44903		49.2289		7.08901e+06		12.0969		
00:00:22:649		1.26369e+07		-3.41916		5.46292		50.4714		7.08873e+06		12.6742		
00:00:22:550		1.26496e+07		-3.40388		5.47722		50.7776		7.08845e+06		13.2762		
00:00:22:449		1.26623e+07		-3.38858		5.46759		50.9748		7.0882e+06		13.9191		
00:00:22:350		1.26749e+07		-3.37325		5.44721		51.1892		7.08796e+06		14.6975		
00:00:22:250		1.26876e+07		-3.35792		5.43094		51.4027		7.08773e+06		15.482		
00:00:22:050		1.2713e+07		-3.3272		5.44081		51.8097		7.08733e+06		16.9169		
00:00:22:050		1.2713e+07		-3.3272		5.44081		51.8097		7.08733e+06		16.9169		
00:00:21:949		1.27256e+07		-3.31181		5.43897		52.0208		7.08716e+06		17.7787		
00:00:21:850		1.27383e+07		-3.29639		5.41612		52.2487		7.08701e+06		18.8342		
00:00:21:750		1.2751e+07		-3.28095		5.38929		52.4582		7.08689e+06		19.8709		
00:00:21:649		1.27638e+07		-3.26549		5.38232		52.6843		7.08678e+06		20.9487		
00:00:21:550		1.27765e+07		-3.25001		5.39872		52.9095		7.08671e+06		22.0363		
00:00:21:449		1.27893e+07		-3.23452		5.41		53.1338		7.08665e+06		23.0825		
00:00:21:399		1.27957e+07		-3.22678		5.40486		53.2542		7.08663e+06		23.6144		
00:00:21:250		1.28148e+07		-3.20352		5.35144		53.5969		7.0866e+06		25.2067		
00:00:21:050		1.28402e+07		-3.17241		5.3472		54.124		7.08664e+06		27.3305		
00:00:21:050		1.28402e+07		-3.17241		5.3472		54.124		7.08664e+06		27.3305		
00:00:20:949		1.28529e+07		-3.15682		5.37705		54.4447		7.08669e+06		28.4111		
00:00:20:850		1.28656e+07		-3.1412		5.3731		54.9142		7.08676e+06		29.4812		
00:00:20:750		1.28783e+07		-3.12557		5.3222		55.7104		7.08685e+06		30.5571		
00:00:20:649		1.2891e+07		-3.10993		5.27586		57.0788		7.08696e+06		31.6109		
00:00:20:550		1.29037e+07		-3.09425		5.28145		58.9194		7.08709e+06		32.6747		
00:00:20:449		1.29164e+07		-3.07855		5.33205		60.7381		7.08724e+06		33.7242		
00:00:20:350		1.29292e+07		-3.06282		5.35708		62.5366		7.08741e+06		34.7611		
00:00:20:250		1.2942e+07		-3.04707		5.29723		64.3452		7.08759e+06		35.8026		
00:00:20:149		1.29548e+07		-3.03129		5.20312		66.1072		7.08779e+06		36.8579		
00:00:20:050		1.29675e+07		-3.01548		5.10065		67.8807		7.08801e+06		37.9355		
00:00:19:949		1.29803e+07		-2.99964		4.99026		69.6115		7.08824e+06		39.0353		
00:00:19:850		1.29931e+07		-2.98378		4.88404		71.3546		7.0885e+06		40.0721		
00:00:19:750		1.30059e+07		-2.96787		4.78844		73.0838		7.08877e+06		41.1046		
00:00:19:649		1.30187e+07		-2.95195		4.7015		74.7876		7.08906e+06		42.1413		
00:00:19:550		1.30316e+07		-2.93601		4.6049		76.4674		7.08936e+06		43.1722		
00:00:19:399		1.30508e+07		-2.91205		4.43569		78.9708		7.08985e+06		44.7021		
00:00:19:300		1.30636e+07		-2.89605		4.32869		80.6256		7.0902e+06		45.7532		
00:00:19:100		1.30892e+07		-2.86403		4.16204		83.909		7.09094e+06		47.8205		
00:00:19:000		1.3102e+07		-2.84798		4.06751		85.5164		7.09134e+06		48.8048		
00:00:19:000		1.3102e+07		-2.84798		4.06751		85.5164		7.09134e+06		48.8048		
00:00:18:899		1.31148e+07		-2.83191		3.9495		87.1386		7.09175e+06		49.8605		
00:00:18:800		1.31276e+07		-2.81581		3.83141		88.7325		7.09218e+06		50.8851		
00:00:18:699		1.31276e+07		-2.81581		3.83141		88.7325		7.09218e+06		50.8851		
00:00:18:699		1.31405e+07		-2.79968		3.74005		90.3202		7.09262e+06		51.8841		
00:00:18:600		1.31533e+07		-2.78352		3.67522		91.9227		7.09308e+06		52.8698		
00:00:18:500		1.31661e+07		-2.76733		3.59781		93.5089		7.09355e+06		53.8381		
00:00:18:399		1.31789e+07		-2.75111		3.4822		95.0796		7.09404e+06		54.7785		
00:00:18:300		1.31917e+07		-2.73486		3.34813		96.6551		7.09454e+06		55.7339		
00:00:18:100		1.32173e+07		-2.70227		3.19472		99.8101		7.09559e+06		57.6204		
00:00:18:000		1.32301e+07		-2.68594		3.14527		101.38		7.09613e+06		58.535		
00:00:18:000		1.32301e+07		-2.68594		3.14527		101.38		7.09613e+06		58.535		
00:00:17:899		1.32429e+07		-2.66958		3.04481		102.945		7.09668e+06		59.4483		
00:00:17:800		1.32557e+07		-2.65322		2.88582		104.515		7.09725e+06		60.3492		
00:00:17:699		1.32685e+07		-2.63685		2.75167		106.108		7.09782e+06		61.2425		
00:00:17:600		1.32814e+07		-2.62047		2.72101		107.695		7.09841e+06		62.1355		
00:00:17:500		1.32943e+07		-2.60407		2.72491		109.286		7.09901e+06		63.0442		
00:00:17:399		1.33071e+07		-2.58764		2.72856		110.872		7.09962e+06		63.8718		
00:00:17:300		1.332e+07		-2.57117		2.7324		112.478		7.10024e+06		64.7149		
00:00:17:100		1.33458e+07		-2.53815		2.74175		115.75		7.10151e+06		66.4028		
00:00:17:000		1.33586e+07		-2.52158		2.74624		117.389		7.10217e+06		67.2449		
00:00:17:000		1.33586e+07		-2.52158		2.74624		117.389		7.10217e+06		67.2449		
00:00:16:750		1.33907e+07		-2.48002		2.75503		121.585		7.10386e+06		69.4727		
00:00:16:750		1.33907e+07		-2.48002		2.75503		121.585		7.10386e+06		69.4727		
00:00:16:649		1.34036e+07		-2.46333		2.76059		123.304		7.10456e+06		70.4847		
00:00:16:550		1.34163e+07		-2.44662		2.76483		125.022		7.10528e+06		71.5268		
00:00:16:500		1.34227e+07		-2.43826		2.76697		125.88		7.10565e+06		72.0585		
00:00:16:399		1.34355e+07		-2.42152		2.77125		127.625		7.10639e+06		73.0973		
00:00:16:300		1.34482e+07		-2.40478		2.77562		129.435		7.10715e+06		74.1278		
00:00:16:050		1.34799e+07		-2.36279		2.78686		134.049		7.10913e+06		76.5673		
00:00:16:050		1.34799e+07		-2.36279		2.78686		134.049		7.10913e+06		76.5673		
00:00:15:949		1.34926e+07		-2.34593		2.79131		135.881		7.10997e+06		77.5139		
00:00:15:849		1.35053e+07		-2.32904		2.79591		137.815		7.11085e+06		79.0693		
00:00:15:750		1.3518e+07		-2.31211		2.80048		139.866		7.11178e+06		81.1276		
00:00:15:650		1.35307e+07		-2.29514		2.80509		141.915		7.11276e+06		83.2524		
00:00:15:550		1.35435e+07		-2.27814		2.80984		143.903		7.11378e+06		85.3849		
00:00:15:449		1.35562e+07		-2.26111		2.8145		145.91		7.11485e+06		87.5618		
00:00:15:349		1.3569e+07		-2.24405		2.81921		148.136		7.11596e+06		89.7494		
00:00:15:250		1.35817e+07		-2.22695		2.82398		150.592		7.11712e+06		91.9669		
00:00:15:150		1.35944e+07		-2.20982		2.82879		153.127		7.11832e+06		94.0468		
00:00:15:050		1.36072e+07		-2.19267		2.83366		155.66		7.11955e+06		95.7982		
00:00:14:949		1.36199e+07		-2.1755		2.83855		158.534		7.12082e+06		97.5584		
00:00:14:849		1.36326e+07		-2.15831		2.84348		162.419		7.12213e+06		99.3565		
00:00:14:750		1.36453e+07		-2.14109		2.84839		168.294		7.12348e+06		101.199		
00:00:14:650		1.36581e+07		-2.12384		2.85334		178.005		7.12485e+06		103.073		
00:00:14:550		1.36708e+07		-2.10656		2.85841		195.993		7.12625e+06		104.985		
00:00:14:449		1.36835e+07		-2.08926		2.86346		229.041		7.12765e+06		106.916		
00:00:14:349		1.36963e+07		-2.07197		2.86849		272.126		7.12902e+06		108.753		
00:00:14:250		1.3709e+07		-2.05469		2.87348		314.931		7.13036e+06		110.493		
00:00:14:150		1.37217e+07		-2.03746		2.87862		353.627		7.13167e+06		112.134		
00:00:14:000		1.37407e+07		-2.0117		2.88628		401.44		7.13356e+06		114.383		
00:00:13:900		1.37534e+07		-1.9946		2.89136		426.573		7.13479e+06		115.717		
00:00:13:800		1.3766e+07		-1.97759		2.8966		446.921		7.136e+06		116.948		
00:00:13:699		1.37787e+07		-1.96069		2.90172		462.974		7.13719e+06		118.047		
00:00:13:650		1.37851e+07		-1.95228		2.90429		469.389		7.13779e+06		118.506		
00:00:13:550		1.37978e+07		-1.93553		2.90933		478.307		7.13897e+06		119.179		
00:00:13:449		1.38105e+07		-1.91888		2.91449		481.251		7.14017e+06		119.853		
00:00:13:349		1.38233e+07		-1.90235		2.9199		481.915		7.1414e+06		120.619		
00:00:13:099		1.38552e+07		-1.86156		2.93279		483.43		7.1446e+06		122.911		
00:00:13:000		1.3868e+07		-1.84549		2.93799		484.022		7.14594e+06		123.939		
00:00:13:000		1.3868e+07		-1.84549		2.93799		484.022		7.14594e+06		123.939		
00:00:12:900		1.38809e+07		-1.82957		2.9431		484.604		7.14729e+06		124.945		
00:00:12:800		1.38938e+07		-1.81381		2.94839		485.177		7.14866e+06		125.949		
00:00:12:699		1.39067e+07		-1.79822		2.95358		485.739		7.15005e+06		126.971		
00:00:12:599		1.39197e+07		-1.78275		2.9587		486.292		7.15147e+06		128.121		
00:00:12:500		1.39327e+07		-1.7674		2.96398		486.841		7.15293e+06		129.446		
00:00:12:400		1.39457e+07		-1.75215		2.96914		487.386		7.15441e+06		130.834		
00:00:12:300		1.39589e+07		-1.73695		2.9747		487.919		7.15592e+06		132.308		
00:00:12:199		1.39722e+07		-1.72179		2.98005		488.445		7.15745e+06		133.855		
00:00:12:199		1.39722e+07		-1.72179		2.98005		488.445		7.15745e+06		133.855		
00:00:12:000		1.39993e+07		-1.69146		2.99041		489.469		7.16054e+06		136.917		
00:00:12:000		1.39993e+07		-1.69146		2.99041		489.469		7.16054e+06		136.917		
00:00:11:800		1.40273e+07		-1.66092		3.00085		490.456		7.16365e+06		139.45		
00:00:11:800		1.40273e+07		-1.66092		3.00085		490.456		7.16365e+06		139.45		
00:00:11:699		1.40417e+07		-1.64551		3.00638		490.935		7.16522e+06		140.836		
00:00:11:599		1.40565e+07		-1.62998		3.01179		491.398		7.16681e+06		142.339		
00:00:11:500		1.40718e+07		-1.61433		3.01683		491.848		7.16842e+06		144.123		
00:00:11:300		1.41036e+07		-1.58265		3.02622		492.713		7.17171e+06		147.931		
00:00:11:150		1.41275e+07		-1.55864		3.03368		493.324		7.17423e+06		150.958		
00:00:11:099		1.41354e+07		-1.55057		3.03612		493.522		7.17508e+06		151.979		
00:00:11:099		1.41354e+07		-1.55057		3.03612		493.522		7.17508e+06		151.979		
00:00:10:949		1.41588e+07		-1.52613		3.0437		494.086		7.17764e+06		155.093		
00:00:10:849		1.41738e+07		-1.50956		3.04834		494.445		7.17936e+06		157.225		
00:00:10:750		1.41879e+07		-1.49272		3.05359		494.784		7.1811e+06		159.362		
00:00:10:650		1.4201e+07		-1.47571		3.05892		495.104		7.18286e+06		161.556		
00:00:10:599		1.42074e+07		-1.46718		3.06129		495.259		7.18374e+06		162.678		
00:00:10:449		1.42266e+07		-1.44154		3.068		495.696		7.1864e+06		166.034		
00:00:10:349		1.42393e+07		-1.42441		3.07254		495.961		7.18819e+06		168.29		
00:00:10:300		1.42457e+07		-1.41583		3.07521		496.089		7.18908e+06		169.398		
00:00:10:150		1.42647e+07		-1.39003		3.0832		496.445		7.19175e+06		172.689		
00:00:10:050		1.42773e+07		-1.37279		3.08809		496.665		7.19352e+06		174.834		
00:00:10:000		1.42835e+07		-1.36415		3.08997		496.767		7.19441e+06		175.885		
00:00:09:849		1.43021e+07		-1.33812		3.09583		497.057		7.19703e+06		178.932		
00:00:09:750		1.43142e+07		-1.32064		3.10067		497.23		7.19875e+06		180.872		
00:00:09:650		1.43259e+07		-1.30306		3.10587		497.388		7.20044e+06		182.707		
00:00:09:550		1.43372e+07		-1.28542		3.11072		497.53		7.2021e+06		184.481		
00:00:09:449		1.43487e+07		-1.26776		3.11491		497.655		7.20372e+06		186.204		
00:00:09:349		1.43599e+07		-1.25004		3.11835		497.759		7.20531e+06		187.883		
00:00:09:250		1.43707e+07		-1.23229		3.12505		497.847		7.20685e+06		189.59		
00:00:09:150		1.43818e+07		-1.21454		3.13186		497.917		7.20835e+06		191.287		
00:00:09:050		1.4393e+07		-1.19678		3.13871		497.966		7.20981e+06		193.047		
00:00:08:949		1.44043e+07		-1.17901		3.14619		497.994		7.21123e+06		194.819		
00:00:08:849		1.44151e+07		-1.1612		3.1716		498.008		7.21258e+06		196.696		
00:00:08:750		1.44262e+07		-1.14331		3.01172		498.002		7.21388e+06		198.61		
00:00:08:650		1.4437e+07		-1.12542		3.02606		497.978		7.21511e+06		200.594		
00:00:08:550		1.44484e+07		-1.10746		3.17562		497.943		7.21625e+06		202.63		
00:00:08:449		1.44593e+07		-1.08949		3.18069		497.89		7.21731e+06		204.723		
00:00:08:349		1.44698e+07		-1.07147		3.18571		497.833		7.2183e+06		206.888		
00:00:08:250		1.44805e+07		-1.05331		3.19023		497.778		7.2192e+06		209.081		
00:00:08:050		1.44997e+07		-1.0167		3.20119		497.673		7.22075e+06		213.528		
00:00:08:050		1.44997e+07		-1.0167		3.20119		497.673		7.22075e+06		213.528		
00:00:07:950		1.45087e+07		-0.998291		3.20606		497.643		7.22137e+06		215.578		
00:00:07:849		1.45165e+07		-0.979884		3.21055		497.633		7.22185e+06		217.491		
00:00:07:750		1.45243e+07		-0.961623		3.21472		497.649		7.2222e+06		219.237		
00:00:07:650		1.45323e+07		-0.94354		3.21917		497.69		7.22243e+06		220.927		
00:00:07:549		1.45407e+07		-0.925676		3.2243		497.796		7.22254e+06		222.584		
00:00:07:400		1.45543e+07		-0.899338		3.23185		497.892		7.2225e+06		224.947		
00:00:07:349		1.45592e+07		-0.890689		3.234		497.941		7.22243e+06		225.655		
00:00:07:150		1.45815e+07		-0.856604		3.24228		498.137		7.2218e+06		227.602		
00:00:07:049		1.45933e+07		-0.839672		3.24702		498.217		7.22124e+06		227.789		
00:00:07:049		1.45933e+07		-0.839672		3.24702		498.217		7.22124e+06		227.789		
00:00:06:950		1.4605e+07		-0.822773		3.25272		498.278		7.22053e+06		227.917		
00:00:06:799		1.46225e+07		-0.797469		3.25867		498.344		7.21928e+06		229.402		
00:00:06:700		1.46341e+07		-0.780632		3.26085		498.383		7.21846e+06		231.736		
00:00:06:599		1.46456e+07		-0.763826		3.26321		498.42		7.21775e+06		235.112		
00:00:06:500		1.46571e+07		-0.747052		3.26633		498.485		7.21696e+06		238.507		
00:00:06:400		1.46686e+07		-0.730312		3.27218		498.587		7.21588e+06		241.722		
00:00:06:299		1.46801e+07		-0.713608		3.27725		498.729		7.21456e+06		244.982		
00:00:06:200		1.46915e+07		-0.696937		3.27934		498.917		7.213e+06		248.173		
00:00:06:099		1.47028e+07		-0.680319		3.2817		499.157		7.21122e+06		251.3		
00:00:06:000		1.47141e+07		-0.66376		3.28764		499.454		7.20922e+06		254.292		
00:00:06:000		1.47141e+07		-0.66376		3.28764		499.454		7.20922e+06		254.292		
00:00:05:900		1.47254e+07		-0.647254		3.29239		499.819		7.20701e+06		256.93		
00:00:05:799		1.47366e+07		-0.630803		3.2951		500.246		7.2046e+06		258.787		
00:00:05:700		1.47478e+07		-0.614407		3.29369		500.747		7.202e+06		260.439		
00:00:05:599		1.47589e+07		-0.59807		3.29272		501.315		7.1992e+06		261.717		
00:00:05:500		1.477e+07		-0.581803		3.29758		501.939		7.1962e+06		262.577		
00:00:05:400		1.47811e+07		-0.565602		3.30747		502.615		7.19298e+06		262.796		
00:00:05:299		1.47921e+07		-0.549471		3.31372		503.328		7.18951e+06		262.326		
00:00:05:099		1.4814e+07		-0.517427		3.30371		504.825		7.18195e+06		260.878		
00:00:05:000		1.4825e+07		-0.501527		3.30431		505.59		7.17801e+06		260.726		
00:00:05:000		1.4825e+07		-0.501527		3.30431		505.59		7.17801e+06		260.726		
00:00:04:900		1.48358e+07		-0.485717		3.31969		506.353		7.17405e+06		261.216		
00:00:04:799		1.48467e+07		-0.470006		3.33256		507.119		7.17002e+06		262.054		
00:00:04:700		1.48575e+07		-0.454402		3.32825		507.893		7.16586e+06		263.166		
00:00:04:599		1.48683e+07		-0.438911		3.31272		508.676		7.16155e+06		264.515		
00:00:04:500		1.48792e+07		-0.423522		3.30782		509.48		7.1571e+06		266.076		
00:00:04:400		1.489e+07		-0.408228		3.32607		510.32		7.15247e+06		267.668		
00:00:04:099		1.49227e+07		-0.363027		3.31831		513.235		7.13694e+06		270.886		
00:00:04:000		1.49337e+07		-0.34822		3.29874		514.431		7.13119e+06		271.385		
00:00:04:000		1.49337e+07		-0.34822		3.29874		514.431		7.13119e+06		271.385		
00:00:04:000		1.49337e+07		-0.34822		3.29874		514.431		7.13119e+06		271.385		
00:00:03:899		1.49448e+07		-0.333558		3.32459		515.779		7.12518e+06		271.668		
00:00:03:799		1.49559e+07		-0.319031		3.36867		517.303		7.11891e+06		271.746		
00:00:03:700		1.49672e+07		-0.304617		3.37531		519.019		7.11242e+06		271.749		
00:00:03:600		1.49786e+07		-0.290326		3.31486		520.919		7.10572e+06		271.666		
00:00:03:500		1.49903e+07		-0.276163		3.26128		522.973		7.09883e+06		271.483		
00:00:03:399		1.50022e+07		-0.262144		3.28987		525.149		7.09175e+06		271.006		
00:00:03:299		1.50143e+07		-0.248231		3.37784		527.386		7.08452e+06		269.494		
00:00:03:049		1.50461e+07		-0.2137		3.24634		532.692		7.06484e+06		248.546		
00:00:03:049		1.50461e+07		-0.2137		3.24634		532.692		7.06484e+06		248.546		
00:00:02:950		1.50587e+07		-0.199672		3.15807		534.414		7.05591e+06		238.094		
00:00:02:850		1.50692e+07		-0.185379		3.29323		535.688		7.04644e+06		227.754		
00:00:02:750		1.5078e+07		-0.171126		3.47647		536.383		7.03652e+06		217.819		
00:00:02:649		1.50866e+07		-0.156973		3.65957		536.4		7.02626e+06		208.341		
00:00:02:549		1.5095e+07		-0.142909		3.84257		535.697		7.01578e+06		199.31		
00:00:02:450		1.51033e+07		-0.128931		4.02473		534.361		7.00527e+06		190.577		
00:00:02:350		1.51114e+07		-0.115029		4.20688		532.73		6.99499e+06		181.841		
00:00:02:250		1.51195e+07		-0.101195		4.38849		531.307		6.98534e+06		174.28		
00:00:02:049		1.51355e+07		-0.0737329		4.62548		529.798		6.97053e+06		206.384		
00:00:02:049		1.51355e+07		-0.0737329		4.62548		529.798		6.97053e+06		206.384		
00:00:01:949		1.51436e+07		-0.0600595		4.40967		529.68		6.96667e+06		311.711		
00:00:01:850		1.51521e+07		-0.0463982		4.19293		529.818		6.96471e+06		422.468		
00:00:01:750		1.51609e+07		-0.0327463		3.9806		529.995		6.96385e+06		473.431		
00:00:01:649		1.51703e+07		-0.0190825		3.77378		530.109		6.96375e+06		517.697		
00:00:01:550		1.51803e+07		-0.00537682		3.56958		530.171		6.96393e+06		548.666		
00:00:01:449		1.51912e+07		0.00840521		3.37755		530.208		6.96406e+06		540.751		
00:00:01:350		1.52031e+07		0.0223131		3.23695		530.228		6.96411e+06		533.806		
00:00:01:250		1.52161e+07		0.0363979		3.11719		530.243		6.96414e+06		529.142		
00:00:01:149		1.52302e+07		0.0507073		3.06583		530.249		6.96419e+06		528.574		
00:00:01:050		1.52456e+07		0.0653572		3.24583		530.243		6.96428e+06		528.052		
00:00:00:949		1.52628e+07		0.0805297		3.43913		530.236		6.9644e+06		527.633		
00:00:00:849		1.52825e+07		0.0964975		3.77015		530.23		6.96453e+06		527.304		
00:00:00:750		1.53057e+07		0.11361		4.17306		530.217		6.96464e+06		527.037		
00:00:00:650		1.53353e+07		0.132089		4.16062		530.21		6.96471e+06		526.866		
00:00:00:550		1.53758e+07		0.14993		4.09607		530.21		6.96477e+06		526.787		
00:00:00:450		1.54222e+07		0.163449		4.13882		530.212		6.96481e+06		526.801		
00:00:00:349		1.54626e+07		0.172058		3.73435		530.216		6.96484e+06		526.825		
00:00:00:250		1.54786e+07		0.17284		2.83572		530.217		6.96484e+06		526.826		
00:00:00:100		1.54785e+07		0.17284		2.83572		530.221		6.96484e+06		526.821		
00:00:00:000		1.54785e+07		0.17284		2.83571		530.225		6.96483e+06		526.826		
00:00:00:000		1.54785e+07		0.17284		2.83571		530.225		6.96483e+06		526.826		
00:00:00:000		1.54785e+07		0.17284		2.83571		530.225		6.96483e+06		526.826		
00:00:00:000		1.54785e+07		0.17284		2.83571		530.225		6.96483e+06		526.826		
00:00:00:000		1.54785e+07		0.17284		2.83571		530.225		6.96483e+06		526.826		
00:00:00:000		1.54785e+07		0.17284		2.83571		530.225		6.96483e+06		526.826		
