	time 		rcpppzr	rcp054rcp007mnzoyout	rcv501std0102fvol	fwfrcp001gv	rcppmssga	msfsg(1)	
00:01:02:000		7.62618e+06		-5.85369		0		0		7.02736e+06		-27.9848		
00:01:01:899		7.63589e+06		-5.85364		0		0		7.02694e+06		-26.7899		
00:01:01:799		7.64568e+06		-5.85357		0		0		7.02692e+06		-8.08385		
00:01:01:700		7.6556e+06		-5.85349		0		0		7.02715e+06		15.2379		
00:01:01:600		7.66567e+06		-5.85341		0		0		7.02732e+06		27.5885		
00:01:01:500		7.67588e+06		-5.85333		0		0		7.02719e+06		22.9988		
00:01:01:399		7.68623e+06		-5.85324		0		0		7.02668e+06		8.15671		
00:01:01:299		7.69675e+06		-5.85315		0		0		7.02593e+06		-19.0086		
00:01:01:250		7.70208e+06		-5.8531		0		0		7.02557e+06		-26.3471		
00:01:01:100		7.71829e+06		-5.85293		0		0		7.02498e+06		-22.6332		
00:01:01:000		7.72928e+06		-5.85281		0		0		7.02507e+06		1.30947		
00:01:00:899		7.74041e+06		-5.85268		0		0		7.02529e+06		19.9151		
00:01:00:799		7.75169e+06		-5.85254		0		0		7.02538e+06		28.794		
00:01:00:700		7.76317e+06		-5.85242		0		0		7.02511e+06		18.7506		
00:01:00:600		7.77473e+06		-5.85228		0		0		7.02448e+06		0		
00:01:00:600		7.77473e+06		-5.85228		0		0		7.02448e+06		0		
00:01:00:500		7.78646e+06		-5.85216		0		0		7.02372e+06		-25.0399		
00:01:00:299		7.81039e+06		-5.85194		0		0		7.02304e+06		-14.4387		
00:01:00:200		7.82874e+06		-5.85181		0		0		7.02332e+06		18.5561		
00:01:00:200		7.82874e+06		-5.85181		0		0		7.02332e+06		18.5561		
00:01:00:049		7.84115e+06		-5.85174		0		0		7.02343e+06		28.663		
00:01:00:000		7.8474e+06		-5.85172		0		0		7.02336e+06		25.9512		
00:00:59:950		7.85369e+06		-5.8517		0		0		7.0232e+06		20.079		
00:00:59:850		7.86638e+06		-5.85167		0		0		7.0226e+06		3.01521		
00:00:59:750		7.87921e+06		-5.85165		0		0		7.02184e+06		-25.369		
00:00:59:600		7.89873e+06		-5.85166		0		0		7.0211e+06		-25.8856		
00:00:59:500		7.91191e+06		-5.85167		0		0		7.0211e+06		-5.23217		
00:00:59:399		7.92524e+06		-5.85169		0		0		7.02131e+06		17.7858		
00:00:59:200		7.95227e+06		-5.85174		0		0		7.02123e+06		21.6228		
00:00:59:200		7.95227e+06		-5.85174		0		0		7.02123e+06		21.6228		
00:00:59:100		7.96599e+06		-5.85176		0		0		7.02065e+06		5.11115		
00:00:59:000		7.97983e+06		-5.85177		0		0		7.01985e+06		-22.2584		
00:00:58:799		8.00791e+06		-5.85171		0		0		7.01897e+06		-19.6144		
00:00:58:799		8.00791e+06		-5.85171		0		0		7.01897e+06		-19.6144		
00:00:58:700		8.02216e+06		-5.85164		0		0		7.0191e+06		6.71205		
00:00:58:600		8.03656e+06		-5.85152		0		0		7.01933e+06		23.5947		
00:00:58:500		8.0511e+06		-5.85136		0		0		7.01935e+06		29.2269		
00:00:58:399		8.06576e+06		-5.85115		0		0		7.019e+06		17.5874		
00:00:58:200		8.09546e+06		-5.85055		0		0		7.01752e+06		-27.8441		
00:00:58:200		8.09546e+06		-5.85055		0		0		7.01752e+06		-27.8441		
00:00:58:100		8.1105e+06		-5.85015		0		0		7.01702e+06		-28.4929		
00:00:58:000		8.12567e+06		-5.84967		0		0		7.01694e+06		-9.70573		
00:00:57:899		8.14096e+06		-5.84911		0		0		7.01713e+06		14.1354		
00:00:57:799		8.15638e+06		-5.84846		0		0		7.01731e+06		27.754		
00:00:57:700		8.17192e+06		-5.84772		0		0		7.01719e+06		24.7742		
00:00:57:600		8.18759e+06		-5.84689		0		0		7.01669e+06		10.7764		
00:00:57:500		8.20338e+06		-5.84597		0		0		7.0159e+06		-20.5023		
00:00:57:399		8.2193e+06		-5.84497		0		0		7.01521e+06		-30.1999		
00:00:57:200		8.25143e+06		-5.84274		0		0		7.01493e+06		1.84957		
00:00:57:200		8.25143e+06		-5.84274		0		0		7.01493e+06		1.84957		
00:00:57:100		8.26768e+06		-5.84154		0		0		7.01514e+06		20.7301		
00:00:57:000		8.28406e+06		-5.8403		0		0		7.0152e+06		29.713		
00:00:56:899		8.30057e+06		-5.83906		0		0		7.0149e+06		19.4482		
00:00:56:799		8.31721e+06		-5.83784		0		0		7.01424e+06		0		
00:00:56:700		8.33396e+06		-5.83668		0		0		7.01344e+06		-26.5589		
00:00:56:549		8.35934e+06		-5.83512		0		0		7.01275e+06		-24.5415		
00:00:56:500		8.36787e+06		-5.83465		0		0		7.01273e+06		-13.5404		
00:00:56:250		8.41105e+06		-5.83292		0		0		7.01308e+06		29.9482		
00:00:56:149		8.42847e+06		-5.83253		0		0		7.01279e+06		20.0043		
00:00:56:149		8.42847e+06		-5.83253		0		0		7.01279e+06		20.0043		
00:00:56:049		8.44594e+06		-5.83231		0		0		7.01212e+06		0.0595584		
00:00:55:950		8.46347e+06		-5.83224		0		0		7.01132e+06		-26.4218		
00:00:55:850		8.48105e+06		-5.83229		0		0		7.01074e+06		-30.31		
00:00:55:750		8.49866e+06		-5.83246		0		0		7.01058e+06		-14.3892		
00:00:55:649		8.5163e+06		-5.83272		0		0		7.01075e+06		12.4333		
00:00:55:549		8.53396e+06		-5.83306		0		0		7.01093e+06		26.7584		
00:00:55:450		8.55164e+06		-5.83357		0		0		7.01085e+06		26.7943		
00:00:55:250		8.587e+06		-5.8352		0		0		7.00957e+06		-16.6468		
00:00:55:149		8.60465e+06		-5.83629		0		0		7.00883e+06		-31.0584		
00:00:55:149		8.60465e+06		-5.83629		0		0		7.00883e+06		-31.0584		
00:00:55:049		8.62228e+06		-5.8375		0		0		7.00844e+06		-26.2496		
00:00:54:950		8.63985e+06		-5.83878		0		0		7.00848e+06		0		
00:00:54:850		8.65736e+06		-5.84012		0		0		7.0087e+06		20.3897		
00:00:54:799		8.66609e+06		-5.84078		0		0		7.00878e+06		26.9339		
00:00:54:700		8.68353e+06		-5.84202		0		0		7.00871e+06		27.7456		
00:00:54:600		8.70093e+06		-5.84307		0		0		7.00824e+06		13.8822		
00:00:54:500		8.71829e+06		-5.84382		0		0		7.00744e+06		-16.0548		
00:00:54:350		8.74438e+06		-5.84432		0		0		7.00642e+06		-31.6245		
00:00:54:250		8.76178e+06		-5.84455		0		0		7.00624e+06		-16.8121		
00:00:54:149		8.77915e+06		-5.84476		0		0		7.00641e+06		10.9927		
00:00:54:049		8.79649e+06		-5.84495		0		0		7.00661e+06		26.6828		
00:00:53:950		8.8138e+06		-5.84514		0		0		7.00656e+06		28.2752		
00:00:53:850		8.83104e+06		-5.84533		0		0		7.0061e+06		14.8711		
00:00:53:750		8.84822e+06		-5.84553		0		0		7.00531e+06		-14.5207		
00:00:53:649		8.86533e+06		-5.84575		0		0		7.00453e+06		-31.2955		
00:00:53:549		8.88238e+06		-5.84598		0		0		7.0041e+06		-27.4387		
00:00:53:450		8.89938e+06		-5.84625		0		0		7.00411e+06		-4.64385		
00:00:53:350		8.91632e+06		-5.84655		0		0		7.00433e+06		19.7939		
00:00:53:250		8.9332e+06		-5.84689		0		0		7.00444e+06		31.4133		
00:00:53:250		8.9332e+06		-5.84689		0		0		7.00444e+06		31.4133		
00:00:53:049		8.96676e+06		-5.84771		0		0		7.00355e+06		3.6503		
00:00:52:950		8.98342e+06		-5.84819		0		0		7.0027e+06		-25.801		
00:00:52:950		8.98342e+06		-5.84819		0		0		7.0027e+06		-25.801		
00:00:52:850		8.99996e+06		-5.8487		0		0		7.00206e+06		-32.1987		
00:00:52:750		9.01633e+06		-5.84922		0		0		7.00184e+06		-17.9047		
00:00:52:649		9.03257e+06		-5.84974		0		0		7.002e+06		10.5698		
00:00:52:549		9.04871e+06		-5.85025		0		0		7.00222e+06		27.0242		
00:00:52:399		9.07275e+06		-5.85098		0		0		7.00201e+06		23.3933		
00:00:52:200		9.10464e+06		-5.85184		0		0		7.0005e+06		-25.6086		
00:00:52:200		9.10464e+06		-5.85184		0		0		7.0005e+06		-25.6086		
00:00:52:100		9.12054e+06		-5.85225		0		0		6.99983e+06		-32.8002		
00:00:52:000		9.13636e+06		-5.85263		0		0		6.9996e+06		-19.084		
00:00:51:899		9.1521e+06		-5.85299		0		0		6.99975e+06		10.1172		
00:00:51:799		9.16776e+06		-5.85333		0		0		6.99996e+06		27.0929		
00:00:51:700		9.18334e+06		-5.85363		0		0		6.99994e+06		30.7407		
00:00:51:600		9.19884e+06		-5.85391		0		0		6.99949e+06		16.3929		
00:00:51:450		9.22194e+06		-5.85427		0		0		6.99824e+06		-25.6098		
00:00:51:450		9.22194e+06		-5.85427		0		0		6.99824e+06		-25.6098		
00:00:51:200		9.26001e+06		-5.8547		0		0		6.99736e+06		-6.08389		
00:00:51:200		9.26001e+06		-5.8547		0		0		6.99736e+06		-6.08389		
00:00:51:100		9.27507e+06		-5.85482		0		0		6.99758e+06		19.7467		
00:00:51:000		9.29004e+06		-5.85491		0		0		6.99772e+06		32.5305		
00:00:50:899		9.30494e+06		-5.85496		0		0		6.99748e+06		24.2442		
00:00:50:799		9.31975e+06		-5.85497		0		0		6.99682e+06		4.95768		
00:00:50:700		9.33449e+06		-5.85497		0		0		6.99593e+06		-25.8497		
00:00:50:600		9.34915e+06		-5.85494		0		0		6.99524e+06		-33.8224		
00:00:50:500		9.36373e+06		-5.85491		0		0		6.99499e+06		-20.355		
00:00:50:399		9.37823e+06		-5.85487		0		0		6.99514e+06		9.86057		
00:00:50:200		9.40701e+06		-5.85483		0		0		6.99533e+06		31.8868		
00:00:50:200		9.40701e+06		-5.85483		0		0		6.99533e+06		31.8868		
00:00:50:100		9.42127e+06		-5.85486		0		0		6.99488e+06		17.3096		
00:00:50:000		9.43545e+06		-5.85494		0		0		6.99404e+06		-13.5738		
00:00:49:899		9.44955e+06		-5.85508		0		0		6.99318e+06		-33.1597		
00:00:49:799		9.46357e+06		-5.85529		0		0		6.99268e+06		-30.7745		
00:00:49:700		9.47754e+06		-5.85554		0		0		6.99264e+06		-6.6256		
00:00:49:600		9.49147e+06		-5.85586		0		0		6.99287e+06		19.719		
00:00:49:500		9.50532e+06		-5.85627		0		0		6.99301e+06		33.1754		
00:00:49:399		9.5191e+06		-5.85678		0		0		6.99278e+06		25.1788		
00:00:49:149		9.55316e+06		-5.85859		0		0		6.99079e+06		-33.2132		
00:00:49:149		9.55316e+06		-5.85859		0		0		6.99079e+06		-33.2132		
00:00:49:100		9.5599e+06		-5.85905		0		0		6.99047e+06		-34.3286		
00:00:48:950		9.57996e+06		-5.86055		0		0		6.99022e+06		-6.92565		
00:00:48:850		9.59325e+06		-5.86162		0		0		6.99044e+06		19.4568		
00:00:48:750		9.60658e+06		-5.86267		0		0		6.99056e+06		33.0217		
00:00:48:700		9.61326e+06		-5.86318		0		0		6.9905e+06		31.6432		
00:00:48:600		9.62663e+06		-5.86411		0		0		6.99004e+06		17.7417		
00:00:48:500		9.63996e+06		-5.86489		0		0		6.9892e+06		-12.8486		
00:00:48:399		9.65334e+06		-5.86551		0		0		6.98834e+06		-33.047		
00:00:48:299		9.66674e+06		-5.86593		0		0		6.98783e+06		-29.7994		
00:00:48:200		9.68018e+06		-5.86613		0		0		6.98778e+06		-5.73798		
00:00:48:100		9.69366e+06		-5.86607		0		0		6.98797e+06		19.9142		
00:00:47:950		9.71392e+06		-5.86542		0		0		6.98797e+06		29.8348		
00:00:47:850		9.72738e+06		-5.86454		0		0		6.98747e+06		15.8847		
00:00:47:750		9.74081e+06		-5.86327		0		0		6.9866e+06		-15.5448		
00:00:47:649		9.75421e+06		-5.86156		0		0		6.98576e+06		-33.5956		
00:00:47:549		9.76759e+06		-5.85938		0		0		6.9853e+06		-28.3793		
00:00:47:450		9.78094e+06		-5.85674		0		0		6.98528e+06		0		
00:00:47:250		9.80754e+06		-5.85005		0		0		6.9855e+06		32.4667		
00:00:47:149		9.8208e+06		-5.84611		0		0		6.98516e+06		21.8336		
00:00:47:149		9.8208e+06		-5.84611		0		0		6.98516e+06		21.8336		
00:00:47:049		9.83403e+06		-5.84189		0		0		6.9844e+06		0		
00:00:46:950		9.84725e+06		-5.8375		0		0		6.98348e+06		-30.7411		
00:00:46:950		9.84725e+06		-5.8375		0		0		6.98348e+06		-30.7411		
00:00:46:850		9.86046e+06		-5.83306		0		0		6.98283e+06		-33.7641		
00:00:46:750		9.87371e+06		-5.82872		0		0		6.98266e+06		-13.562		
00:00:46:549		9.90025e+06		-5.82097		0		0		6.98295e+06		30.8355		
00:00:46:450		9.91346e+06		-5.81781		0		0		6.98277e+06		28.3316		
00:00:46:450		9.91346e+06		-5.81781		0		0		6.98277e+06		28.3316		
00:00:46:250		9.93985e+06		-5.81136		0		0		6.98121e+06		-22.7935		
00:00:46:250		9.93985e+06		-5.81136		0		0		6.98121e+06		-22.7935		
00:00:46:149		9.95301e+06		-5.80797		0		0		6.9804e+06		-34.9921		
00:00:46:049		9.96615e+06		-5.80445		0		0		6.98003e+06		-24.7002		
00:00:45:950		9.97926e+06		-5.80082		0		0		6.9801e+06		7.58603		
00:00:45:799		9.99889e+06		-5.79516		0		0		6.98031e+06		33.0315		
00:00:45:700		1.0012e+07		-5.79125		0		0		6.98008e+06		27.2086		
00:00:45:600		1.0025e+07		-5.78723		0		0		6.97939e+06		8.02453		
00:00:45:500		1.0038e+07		-5.78309		0		0		6.97842e+06		-26.3451		
00:00:45:399		1.0051e+07		-5.77886		0		0		6.97762e+06		-35.8606		
00:00:45:299		1.0064e+07		-5.77452		0		0		6.97727e+06		-22.9637		
00:00:45:200		1.0077e+07		-5.77008		0		0		6.97735e+06		9.92513		
00:00:45:100		1.009e+07		-5.76555		0		0		6.97752e+06		28.4443		
00:00:45:000		1.01029e+07		-5.76092		0		0		6.97745e+06		33.5763		
00:00:44:899		1.01158e+07		-5.7562		0		0		6.97693e+06		18.4551		
00:00:44:799		1.01287e+07		-5.75139		0		0		6.976e+06		-14.6203		
00:00:44:700		1.01416e+07		-5.74649		0		0		6.97507e+06		-35.1307		
00:00:44:600		1.01545e+07		-5.74149		0		0		6.97452e+06		-31.7447		
00:00:44:500		1.01673e+07		-5.73641		0		0		6.97446e+06		0		
00:00:44:399		1.01801e+07		-5.73123		0		0		6.97461e+06		21.596		
00:00:44:200		1.02056e+07		-5.72059		0		0		6.9743e+06		24.7874		
00:00:44:200		1.02056e+07		-5.72059		0		0		6.9743e+06		24.7874		
00:00:44:100		1.02183e+07		-5.71514		0		0		6.97351e+06		2.27993		
00:00:44:000		1.0231e+07		-5.70959		0		0		6.9725e+06		-32.9538		
00:00:43:899		1.02437e+07		-5.70395		0		0		6.97176e+06		-35.4989		
00:00:43:799		1.02564e+07		-5.69822		0		0		6.97151e+06		-16.6329		
00:00:43:700		1.02691e+07		-5.69239		0		0		6.97162e+06		15.1788		
00:00:43:500		1.02945e+07		-5.68041		0		0		6.97151e+06		28.9047		
00:00:43:500		1.02945e+07		-5.68041		0		0		6.97151e+06		28.9047		
00:00:43:399		1.03071e+07		-5.67427		0		0		6.97087e+06		11.5471		
00:00:43:299		1.03197e+07		-5.66804		0		0		6.96989e+06		-23.3679		
00:00:43:200		1.03324e+07		-5.66171		0		0		6.96901e+06		-36.6476		
00:00:43:100		1.0345e+07		-5.65528		0		0		6.96858e+06		-24.4754		
00:00:43:000		1.03575e+07		-5.64876		0		0		6.96859e+06		7.9288		
00:00:42:899		1.03701e+07		-5.64215		0		0		6.96872e+06		27.4746		
00:00:42:799		1.03826e+07		-5.63543		0		0		6.96863e+06		33.2386		
00:00:42:700		1.03952e+07		-5.62862		0		0		6.96811e+06		19.9687		
00:00:42:600		1.04076e+07		-5.6217		0		0		6.96718e+06		-11.7173		
00:00:42:500		1.04201e+07		-5.61468		0		0		6.9662e+06		-35.7192		
00:00:42:350		1.04389e+07		-5.60395		0		0		6.96546e+06		-20.5375		
00:00:42:149		1.04639e+07		-5.58929		0		0		6.96551e+06		28.2093		
00:00:42:149		1.04639e+07		-5.58929		0		0		6.96551e+06		28.2093		
00:00:42:049		1.04764e+07		-5.58181		0		0		6.96529e+06		28.4965		
00:00:41:950		1.04889e+07		-5.57423		0		0		6.96466e+06		15.0993		
00:00:41:850		1.05015e+07		-5.56655		0		0		6.96366e+06		-19.8756		
00:00:41:750		1.05141e+07		-5.55877		0		0		6.96275e+06		-36.316		
00:00:41:649		1.05267e+07		-5.55087		0		0		6.96227e+06		-25.4292		
00:00:41:549		1.05393e+07		-5.54287		0		0		6.96223e+06		10.5552		
00:00:41:450		1.05519e+07		-5.53476		0		0		6.96227e+06		26.5194		
00:00:41:350		1.05645e+07		-5.52652		0		0		6.9621e+06		32.1075		
00:00:41:250		1.05771e+07		-5.51816		0		0		6.9615e+06		18.3425		
00:00:41:149		1.05897e+07		-5.50967		0		0		6.9605e+06		-14.9855		
00:00:41:149		1.05897e+07		-5.50967		0		0		6.9605e+06		-14.9855		
00:00:41:049		1.06023e+07		-5.50107		0		0		6.95949e+06		-38.1402		
00:00:40:950		1.06148e+07		-5.49235		0		0		6.95889e+06		-31.206		
00:00:40:850		1.06274e+07		-5.4835		0		0		6.95878e+06		4.18647		
00:00:40:750		1.064e+07		-5.47453		0		0		6.95883e+06		26.0661		
00:00:40:649		1.06526e+07		-5.46544		0		0		6.95867e+06		33.6575		
00:00:40:500		1.06713e+07		-5.45157		0		0		6.95764e+06		10.9481		
00:00:40:399		1.06838e+07		-5.44217		0		0		6.95653e+06		-27.6268		
00:00:40:299		1.06963e+07		-5.43267		0		0		6.95561e+06		-38.0282		
00:00:40:200		1.07087e+07		-5.42307		0		0		6.95518e+06		-21.3322		
00:00:40:100		1.07211e+07		-5.41338		0		0		6.95515e+06		14.7161		
00:00:40:000		1.07336e+07		-5.40362		0		0		6.95513e+06		31.4683		
00:00:39:899		1.0746e+07		-5.3938		0		0		6.95481e+06		29.3072		
00:00:39:799		1.07584e+07		-5.38393		0		0		6.95405e+06		14.3166		
00:00:39:700		1.07708e+07		-5.37402		0		0		6.95295e+06		-25.4279		
00:00:39:600		1.07832e+07		-5.36408		0		0		6.95196e+06		-38.9794		
00:00:39:500		1.07956e+07		-5.35411		0		0		6.95145e+06		-23.6494		
00:00:39:399		1.0808e+07		-5.34412		0		0		6.95135e+06		11.3239		
00:00:39:200		1.08327e+07		-5.32402		0		0		6.95096e+06		29.5045		
00:00:39:200		1.08327e+07		-5.32402		0		0		6.95096e+06		29.5045		
00:00:39:100		1.0845e+07		-5.31389		0		0		6.95021e+06		17.4243		
00:00:39:000		1.08572e+07		-5.3037		0		0		6.94909e+06		-20.994		
00:00:38:899		1.08695e+07		-5.29342		0		0		6.94804e+06		-36.5585		
00:00:38:799		1.08816e+07		-5.28307		0		0		6.94743e+06		-24.3037		
00:00:38:700		1.08939e+07		-5.27264		0		0		6.94723e+06		9.63887		
00:00:38:600		1.09061e+07		-5.26214		0		0		6.94712e+06		28.2441		
00:00:38:500		1.09184e+07		-5.25156		0		0		6.94676e+06		29.4496		
00:00:38:399		1.09307e+07		-5.24091		0		0		6.94598e+06		16.53		
00:00:38:299		1.09429e+07		-5.23018		0		0		6.94484e+06		-18.515		
00:00:38:200		1.09552e+07		-5.21939		0		0		6.94375e+06		-36.0299		
00:00:38:100		1.09674e+07		-5.20854		0		0		6.94307e+06		-26.1242		
00:00:37:950		1.09858e+07		-5.19216		0		0		6.94276e+06		19.772		
00:00:37:850		1.09981e+07		-5.18118		0		0		6.94252e+06		32.2035		
00:00:37:750		1.10103e+07		-5.17015		0		0		6.94193e+06		24.9886		
00:00:37:649		1.10226e+07		-5.1591		0		0		6.94091e+06		4.14835		
00:00:37:549		1.10349e+07		-5.14802		0		0		6.93966e+06		-29.5998		
00:00:37:450		1.10472e+07		-5.13693		0		0		6.93865e+06		-36.8288		
00:00:37:350		1.10595e+07		-5.12583		0		0		6.93813e+06		-12.7726		
00:00:37:250		1.10718e+07		-5.11473		0		0		6.93792e+06		18.6396		
00:00:37:149		1.10841e+07		-5.10362		0		0		6.93765e+06		32.0673		
00:00:37:049		1.10965e+07		-5.0925		0		0		6.93704e+06		27.1189		
00:00:36:950		1.11088e+07		-5.08135		0		0		6.93597e+06		6.358		
00:00:36:850		1.11213e+07		-5.07018		0		0		6.93466e+06		-28.843		
00:00:36:750		1.11337e+07		-5.05897		0		0		6.93354e+06		-37.8952		
00:00:36:649		1.11461e+07		-5.04771		0		0		6.93291e+06		-17.9979		
00:00:36:600		1.11524e+07		-5.04206		0		0		6.93277e+06		3.23108		
00:00:36:450		1.1171e+07		-5.02503		0		0		6.9324e+06		33.3475		
00:00:36:350		1.11835e+07		-5.01362		0		0		6.9318e+06		31.2547		
00:00:36:250		1.11959e+07		-5.00216		0		0		6.93073e+06		11.3889		
00:00:36:149		1.12083e+07		-4.99064		0		0		6.92935e+06		-26.9954		
00:00:36:049		1.12208e+07		-4.97907		0		0		6.92812e+06		-38.0791		
00:00:35:950		1.12332e+07		-4.96745		0		0		6.92735e+06		-24.296		
00:00:35:850		1.12457e+07		-4.95578		0		0		6.92699e+06		12.4962		
00:00:35:750		1.12581e+07		-4.94406		0		0		6.92668e+06		31.1144		
00:00:35:649		1.12706e+07		-4.93228		0		0		6.92611e+06		32.1629		
00:00:35:549		1.12831e+07		-4.92046		0		0		6.92508e+06		18.1624		
00:00:35:450		1.12956e+07		-4.9086		0		0		6.92367e+06		-21.3841		
00:00:35:250		1.13206e+07		-4.88474		0		0		6.92137e+06		-27.904		
00:00:35:149		1.13331e+07		-4.87273		0		0		6.92087e+06		7.58607		
00:00:35:149		1.13331e+07		-4.87273		0		0		6.92087e+06		7.58607		
00:00:35:149		1.13331e+07		-4.87273		0		0		6.92087e+06		7.58607		
00:00:35:049		1.13456e+07		-4.86066		0		0		6.92047e+06		28.0776		
00:00:34:950		1.13582e+07		-4.84855		0		0		6.91987e+06		32.1815		
00:00:34:799		1.1377e+07		-4.83031		0		0		6.91817e+06		7.50523		
00:00:34:700		1.13895e+07		-4.8181		0		0		6.91668e+06		-29.3677		
00:00:34:600		1.14021e+07		-4.80586		0		0		6.9154e+06		-34.881		
00:00:34:500		1.14146e+07		-4.79358		0		0		6.91456e+06		-15.3481		
00:00:34:200		1.14522e+07		-4.75652		0		0		6.91265e+06		25.494		
00:00:34:200		1.14522e+07		-4.75652		0		0		6.91265e+06		25.494		
00:00:34:100		1.14647e+07		-4.74408		0		0		6.91145e+06		9.90478		
00:00:34:100		1.14647e+07		-4.74408		0		0		6.91145e+06		9.90478		
00:00:34:000		1.14772e+07		-4.7316		0		0		6.90996e+06		-25.4963		
00:00:33:899		1.14898e+07		-4.71907		0		0		6.90861e+06		-34.3877		
00:00:33:799		1.15023e+07		-4.70649		0		0		6.90768e+06		-16.0254		
00:00:33:700		1.15148e+07		-4.69385		0		0		6.90706e+06		13.2229		
00:00:33:600		1.15273e+07		-4.68115		0		0		6.90643e+06		26.7574		
00:00:33:500		1.15399e+07		-4.66839		0		0		6.90558e+06		25.2603		
00:00:33:399		1.15525e+07		-4.65558		0		0		6.90437e+06		8.91356		
00:00:33:299		1.15651e+07		-4.64271		0		0		6.90288e+06		-24.4802		
00:00:33:200		1.15776e+07		-4.62978		0		0		6.90153e+06		-35.4526		
00:00:33:100		1.159e+07		-4.61679		0		0		6.9006e+06		-19.0904		
00:00:33:000		1.16025e+07		-4.60376		0		0		6.90002e+06		15.3974		
00:00:32:899		1.16149e+07		-4.59069		0		0		6.89942e+06		29.0522		
00:00:32:799		1.16274e+07		-4.57758		0		0		6.89854e+06		28.4387		
00:00:32:700		1.16398e+07		-4.56443		0		0		6.89725e+06		9.09851		
00:00:32:600		1.16585e+07		-4.54465		0		0		6.8949e+06		-34.3995		
00:00:32:450		1.16709e+07		-4.53143		0		0		6.89364e+06		-35.297		
00:00:32:350		1.16833e+07		-4.51819		0		0		6.89289e+06		0.13856		
00:00:32:299		1.16896e+07		-4.51157		0		0		6.89262e+06		15.6241		
00:00:32:200		1.1702e+07		-4.49833		0		0		6.89205e+06		31.3809		
00:00:32:100		1.17144e+07		-4.48511		0		0		6.89121e+06		35.0832		
00:00:32:000		1.17268e+07		-4.47191		0		0		6.88991e+06		15.6533		
00:00:31:850		1.17455e+07		-4.45217		0		0		6.88745e+06		-33.1948		
00:00:31:750		1.17579e+07		-4.43906		0		0		6.88607e+06		-36.3095		
00:00:31:649		1.17704e+07		-4.42596		0		0		6.88519e+06		0		
00:00:31:550		1.17829e+07		-4.41287		0		0		6.88454e+06		20.2572		
00:00:31:449		1.17954e+07		-4.39976		0		0		6.88379e+06		32.5661		
00:00:31:350		1.18079e+07		-4.38661		0		0		6.8827e+06		25.1755		
00:00:31:250		1.18204e+07		-4.37339		0		0		6.8812e+06		0		
00:00:31:149		1.18329e+07		-4.36008		0		0		6.87957e+06		-31.3434		
00:00:31:050		1.18453e+07		-4.34665		0		0		6.87825e+06		-30.5854		
00:00:30:949		1.18578e+07		-4.33309		0		0		6.87739e+06		3.04859		
00:00:30:850		1.18703e+07		-4.31938		0		0		6.87671e+06		25.5666		
00:00:30:750		1.18828e+07		-4.30552		0		0		6.87587e+06		32.2872		
00:00:30:649		1.18952e+07		-4.2915		0.138237		0		6.87467e+06		21.9066		
00:00:30:550		1.19077e+07		-4.27735		0.276573		0		6.87311e+06		0		
00:00:30:449		1.19201e+07		-4.26313		0.414752		0		6.87149e+06		-30.7316		
00:00:30:449		1.19201e+07		-4.26313		0.414752		0		6.87149e+06		-30.7316		
00:00:30:250		1.1945e+07		-4.23474		0.690204		0		6.86933e+06		3.96107		
00:00:30:149		1.19575e+07		-4.22075		0.827323		0		6.86853e+06		24.3083		
00:00:30:149		1.19575e+07		-4.22075		0.827323		0		6.86853e+06		24.3083		
00:00:30:050		1.197e+07		-4.207		0.963767		0		6.86756e+06		29.8672		
00:00:29:949		1.19826e+07		-4.19353		1.09942		0		6.86624e+06		18.6124		
00:00:29:850		1.19953e+07		-4.18037		1.23428		0		6.86461e+06		0		
00:00:29:750		1.20079e+07		-4.16747		1.36805		0		6.86293e+06		-29.0287		
00:00:29:600		1.20269e+07		-4.1482		1.56629		0		6.86105e+06		0		
00:00:29:550		1.20333e+07		-4.14178		1.63153		0		6.86056e+06		10.6444		
00:00:29:449		1.20459e+07		-4.12891		1.76104		0		6.85955e+06		23.5004		
00:00:29:350		1.20586e+07		-4.11602		1.88822		0		6.85834e+06		23.845		
00:00:29:100		1.20903e+07		-4.08373		2.19616		0		6.85422e+06		-26.1039		
00:00:29:100		1.20903e+07		-4.08373		2.19616		0		6.85422e+06		-26.1039		
00:00:29:000		1.21029e+07		-4.07077		2.31446		0		6.85281e+06		0		
00:00:28:949		1.21092e+07		-4.06427		2.37268		0		6.85217e+06		0		
00:00:28:800		1.21278e+07		-4.04471		2.5445		0		6.8503e+06		14.3649		
00:00:28:699		1.21402e+07		-4.03154		2.65677		0		6.84893e+06		12.1744		
00:00:28:600		1.21526e+07		-4.01821		2.77472		0		6.84743e+06		0		
00:00:28:550		1.21588e+07		-4.01149		2.83292		0		6.84667e+06		0		
00:00:28:399		1.21774e+07		-3.99114		3.00433		0		6.84442e+06		0		
00:00:28:199		1.22021e+07		-3.96363		3.21569		0		6.84158e+06		0		
00:00:28:199		1.22021e+07		-3.96363		3.21569		0		6.84158e+06		0		
00:00:28:100		1.22145e+07		-3.94974		3.31124		0		6.84029e+06		13.5863		
00:00:28:000		1.22269e+07		-3.93577		3.40343		0		6.83897e+06		19.2333		
00:00:27:899		1.22392e+07		-3.92173		3.49259		0		6.83749e+06		15.3344		
00:00:27:800		1.22516e+07		-3.90763		3.57784		0		6.83586e+06		2.14604		
00:00:27:699		1.22639e+07		-3.89347		3.65997		0		6.8342e+06		0		
00:00:27:600		1.22763e+07		-3.87927		3.73871		0		6.83258e+06		0		
00:00:27:500		1.22886e+07		-3.86504		3.81421		0		6.83103e+06		0		
00:00:27:399		1.23012e+07		-3.85077		3.88613		0		6.82963e+06		7.1771		
00:00:27:300		1.23136e+07		-3.83648		3.95515		0		6.82832e+06		21.0396		
00:00:27:199		1.2326e+07		-3.82216		4.02123		0		6.82694e+06		26.8581		
00:00:27:100		1.23384e+07		-3.80781		4.08394		0		6.82534e+06		21.5874		
00:00:27:000		1.23508e+07		-3.79343		4.14376		0		6.82353e+06		3.36306		
00:00:26:899		1.23632e+07		-3.77902		4.20117		0		6.82173e+06		0		
00:00:26:800		1.23755e+07		-3.76458		4.25514		0		6.82023e+06		5.62707		
00:00:26:699		1.23879e+07		-3.75011		4.30683		0		6.81873e+06		10.6919		
00:00:26:600		1.24003e+07		-3.7356		4.35575		0		6.8171e+06		13.4213		
00:00:26:500		1.24126e+07		-3.72106		4.40236		0		6.8154e+06		14.1857		
00:00:26:399		1.2425e+07		-3.7065		4.44713		0		6.81366e+06		14.3764		
00:00:26:199		1.24497e+07		-3.67733		4.52844		0		6.81014e+06		16.7089		
00:00:26:199		1.24497e+07		-3.67733		4.52844		0		6.81014e+06		16.7089		
00:00:26:100		1.24621e+07		-3.66271		4.56642		0		6.80836e+06		17.5639		
00:00:26:000		1.24745e+07		-3.64806		4.60176		0		6.80656e+06		18.1293		
00:00:25:899		1.24869e+07		-3.63339		4.63562		0		6.80473e+06		18.6225		
00:00:25:800		1.24994e+07		-3.61868		4.66758		0		6.80288e+06		19.2367		
00:00:25:649		1.2518e+07		-3.59657		4.71212		0		6.80007e+06		20.3403		
00:00:25:550		1.25305e+07		-3.58182		4.73976		0		6.79815e+06		21.0615		
00:00:25:449		1.2543e+07		-3.56705		4.7667		0		6.7962e+06		21.6167		
00:00:25:350		1.25554e+07		-3.55227		4.79115		0		6.79421e+06		22.2468		
00:00:25:250		1.25679e+07		-3.53749		4.81356		0		6.79219e+06		22.9309		
00:00:25:149		1.25803e+07		-3.52271		4.83534		0		6.79014e+06		23.7681		
00:00:25:050		1.25927e+07		-3.50791		4.8563		0		6.78806e+06		24.6551		
00:00:24:949		1.26051e+07		-3.49309		4.87641		0		6.78594e+06		25.4885		
00:00:24:899		1.26175e+07		-3.47823		4.89414		0		6.78379e+06		26.1913		
00:00:24:750		1.26298e+07		-3.46335		4.91002		0		6.78161e+06		26.7743		
00:00:24:649		1.26422e+07		-3.44845		4.92562		0		6.77938e+06		27.0706		
00:00:24:550		1.26545e+07		-3.43353		4.94153		0		6.77712e+06		27.4453		
00:00:24:449		1.26669e+07		-3.41859		4.95691		0		6.77481e+06		27.8244		
00:00:24:250		1.26915e+07		-3.38869		4.97878		0		6.77011e+06		29.0933		
00:00:24:149		1.27039e+07		-3.37372		4.98839		0		6.7677e+06		29.9549		
00:00:24:149		1.27039e+07		-3.37372		4.98839		0		6.7677e+06		29.9549		
00:00:24:050		1.27162e+07		-3.35873		5.00099		0		6.76525e+06		30.802		
00:00:23:949		1.27285e+07		-3.34373		5.01511		0		6.76276e+06		31.8519		
00:00:23:850		1.27408e+07		-3.32871		5.02342		0		6.7602e+06		32.5219		
00:00:23:750		1.27532e+07		-3.31366		5.02676		0		6.75756e+06		32.4923		
00:00:23:649		1.27655e+07		-3.2986		5.02798		0		6.75485e+06		32.0624		
00:00:23:550		1.27779e+07		-3.28352		5.03748		0		6.75206e+06		31.5737		
00:00:23:449		1.27903e+07		-3.26842		5.05235		0		6.7492e+06		31.1689		
00:00:23:449		1.27903e+07		-3.26842		5.05235		0		6.7492e+06		31.1689		
00:00:23:250		1.2815e+07		-3.23814		5.0588		0		6.7433e+06		31.43		
00:00:23:149		1.28273e+07		-3.22297		5.04948		0		6.74028e+06		32.2637		
00:00:23:149		1.28273e+07		-3.22297		5.04948		0		6.74028e+06		32.2637		
00:00:23:000		1.28459e+07		-3.20017		5.0628		0		6.73564e+06		34.0849		
00:00:22:949		1.2852e+07		-3.19255		5.07294		0		6.73406e+06		34.9103		
00:00:22:800		1.28705e+07		-3.1697		5.09158		0		6.7292e+06		36.1585		
00:00:22:699		1.28828e+07		-3.15446		5.07226		0		6.72581e+06		35.6156		
00:00:22:500		1.29075e+07		-3.12391		5.05396		0		6.71863e+06		30.5014		
00:00:22:500		1.29075e+07		-3.12391		5.05396		0		6.71863e+06		30.5014		
00:00:22:399		1.29198e+07		-3.1086		5.08937		0		6.7149e+06		27.9141		
00:00:22:199		1.29446e+07		-3.07793		5.07594		0		6.70741e+06		26.9955		
00:00:22:100		1.29569e+07		-3.06256		5.0008		0		6.70358e+06		27.6319		
00:00:22:000		1.29693e+07		-3.04718		4.92733		0		6.69969e+06		29.2912		
00:00:22:000		1.29693e+07		-3.04718		4.92733		0		6.69969e+06		29.2912		
00:00:21:899		1.29817e+07		-3.03177		4.85416		8.35997		6.69574e+06		31.7084		
00:00:21:800		1.2994e+07		-3.01634		4.78325		21.415		6.6917e+06		33.7513		
00:00:21:699		1.30064e+07		-3.00088		4.71047		32.136		6.68751e+06		34.3173		
00:00:21:600		1.30188e+07		-2.98541		4.6348		43.13		6.68317e+06		33.5739		
00:00:21:500		1.30312e+07		-2.96993		4.5534		53.4087		6.67867e+06		32.5279		
00:00:21:399		1.30435e+07		-2.95443		4.4721		63.1839		6.67402e+06		31.2234		
00:00:21:199		1.30682e+07		-2.92341		4.33		81.7799		6.66435e+06		29.857		
00:00:21:100		1.30806e+07		-2.90789		4.25591		90.6533		6.65932e+06		29.4512		
00:00:21:100		1.30806e+07		-2.90789		4.25591		90.6533		6.65932e+06		29.4512		
00:00:21:000		1.30929e+07		-2.89236		4.17123		99.2687		6.65416e+06		29.1093		
00:00:20:899		1.31052e+07		-2.87682		4.08188		107.906		6.64888e+06		29.0643		
00:00:20:800		1.31175e+07		-2.86126		4.00285		116.731		6.64353e+06		30.1352		
00:00:20:699		1.31299e+07		-2.84568		3.93434		125.683		6.63813e+06		33.1512		
00:00:20:600		1.31422e+07		-2.83009		3.86861		135.226		6.63271e+06		38.0989		
00:00:20:500		1.31544e+07		-2.81448		3.78565		146.845		6.62727e+06		44.287		
00:00:20:399		1.31667e+07		-2.79885		3.6858		163.115		6.62179e+06		50.3745		
00:00:20:300		1.3179e+07		-2.78321		3.59581		188.949		6.61621e+06		55.0327		
00:00:20:199		1.31912e+07		-2.76754		3.52966		231.061		6.61045e+06		56.9445		
00:00:20:100		1.32034e+07		-2.75185		3.47481		284.548		6.60438e+06		53.5934		
00:00:20:000		1.32217e+07		-2.72829		3.35555		360.393		6.59478e+06		33.0671		
00:00:19:850		1.32339e+07		-2.71257		3.24661		403.413		6.58869e+06		5.77254		
00:00:19:750		1.32461e+07		-2.69683		3.15341		440.013		6.58376e+06		0		
00:00:19:649		1.32583e+07		-2.68109		3.11047		470.726		6.58111e+06		38.4206		
00:00:19:550		1.32706e+07		-2.66535		3.07299		496.242		6.58139e+06		181.961		
00:00:19:500		1.32828e+07		-2.64959		3.01402		517.165		6.58376e+06		317.266		
00:00:19:350		1.32951e+07		-2.63382		2.87967		534.039		6.58732e+06		380.029		
00:00:19:250		1.33073e+07		-2.61803		2.72805		547.411		6.59172e+06		435.023		
00:00:19:149		1.33196e+07		-2.60222		2.68435		557.708		6.59651e+06		475.244		
00:00:19:050		1.33318e+07		-2.5864		2.68798		564.916		6.60131e+06		475.131		
00:00:18:949		1.3344e+07		-2.57056		2.69194		568.362		6.60608e+06		475.197		
00:00:18:850		1.33562e+07		-2.55471		2.6963		568.839		6.61084e+06		475.517		
00:00:18:750		1.33684e+07		-2.53883		2.70436		568.856		6.6156e+06		476.213		
00:00:18:649		1.33805e+07		-2.52293		2.70769		568.863		6.62034e+06		476.933		
00:00:18:550		1.33927e+07		-2.50701		2.71098		568.86		6.62507e+06		477.685		
00:00:18:449		1.34049e+07		-2.49107		2.7144		568.849		6.6298e+06		478.457		
00:00:18:350		1.3417e+07		-2.47512		2.71776		568.83		6.63452e+06		479.253		
00:00:18:250		1.3429e+07		-2.45915		2.72111		568.805		6.63922e+06		480.073		
00:00:18:149		1.34411e+07		-2.44319		2.72449		568.77		6.64392e+06		480.908		
00:00:18:050		1.34531e+07		-2.42721		2.72808		568.731		6.64858e+06		481.736		
00:00:17:949		1.3465e+07		-2.41123		2.73173		568.688		6.65321e+06		482.532		
00:00:17:850		1.3477e+07		-2.39522		2.73537		568.635		6.6578e+06		483.278		
00:00:17:750		1.34889e+07		-2.3792		2.73892		568.576		6.66234e+06		484		
00:00:17:649		1.35009e+07		-2.36315		2.74243		568.511		6.66685e+06		484.687		
00:00:17:550		1.35128e+07		-2.34707		2.74589		568.437		6.67131e+06		485.338		
00:00:17:449		1.35248e+07		-2.33098		2.74934		568.357		6.67574e+06		485.961		
00:00:17:449		1.35248e+07		-2.33098		2.74934		568.357		6.67574e+06		485.961		
00:00:17:350		1.35367e+07		-2.31487		2.75285		568.264		6.68014e+06		486.555		
00:00:17:149		1.35606e+07		-2.28259		2.75968		568.048		6.68883e+06		487.645		
00:00:17:050		1.35726e+07		-2.26643		2.76306		567.922		6.69313e+06		488.151		
00:00:17:050		1.35726e+07		-2.26643		2.76306		567.922		6.69313e+06		488.151		
00:00:16:949		1.35845e+07		-2.25024		2.76657		567.781		6.69741e+06		488.636		
00:00:16:850		1.35964e+07		-2.23405		2.77002		567.628		6.70166e+06		489.103		
00:00:16:649		1.36202e+07		-2.20164		2.7769		567.281		6.71011e+06		490.013		
00:00:16:550		1.36321e+07		-2.18544		2.78034		567.085		6.71431e+06		490.471		
00:00:16:449		1.3644e+07		-2.16923		2.78363		566.878		6.7185e+06		490.94		
00:00:16:250		1.36678e+07		-2.13682		2.78995		566.422		6.72685e+06		491.94		
00:00:16:250		1.36678e+07		-2.13682		2.78995		566.422		6.72685e+06		491.94		
00:00:16:149		1.36796e+07		-2.12065		2.79299		566.177		6.731e+06		492.484		
00:00:16:050		1.36914e+07		-2.10452		2.7961		565.917		6.73514e+06		493.057		
00:00:16:050		1.36914e+07		-2.10452		2.7961		565.917		6.73514e+06		493.057		
00:00:15:800		1.37208e+07		-2.06439		2.80469		565.221		6.74541e+06		494.657		
00:00:15:800		1.37208e+07		-2.06439		2.80469		565.221		6.74541e+06		494.657		
00:00:15:699		1.37326e+07		-2.04847		2.80819		564.928		6.7495e+06		495.336		
00:00:15:550		1.37502e+07		-2.02473		2.81366		564.47		6.75557e+06		496.349		
00:00:15:550		1.37502e+07		-2.02473		2.81366		564.47		6.75557e+06		496.349		
00:00:15:449		1.37619e+07		-2.00901		2.81751		564.151		6.75957e+06		496.962		
00:00:15:300		1.37796e+07		-1.98563		2.82317		563.667		6.76547e+06		497.809		
00:00:15:099		1.38032e+07		-1.95486		2.83057		562.988		6.77319e+06		498.816		
00:00:15:099		1.38032e+07		-1.95486		2.83057		562.988		6.77319e+06		498.816		
00:00:15:000		1.38149e+07		-1.93965		2.83421		562.638		6.77697e+06		499.256		
00:00:14:900		1.38267e+07		-1.92456		2.83777		562.278		6.78071e+06		499.654		
00:00:14:800		1.38385e+07		-1.9096		2.84129		561.909		6.78439e+06		500.004		
00:00:14:699		1.38502e+07		-1.89475		2.84474		561.532		6.78804e+06		500.325		
00:00:14:599		1.3862e+07		-1.88004		2.84823		561.144		6.79165e+06		500.605		
00:00:14:500		1.38737e+07		-1.86545		2.85172		560.747		6.79523e+06		500.862		
00:00:14:400		1.38856e+07		-1.851		2.85512		560.34		6.79878e+06		501.087		
00:00:14:199		1.39093e+07		-1.82247		2.86181		559.491		6.8058e+06		501.496		
00:00:14:199		1.39093e+07		-1.82247		2.86181		559.491		6.8058e+06		501.496		
00:00:14:099		1.39212e+07		-1.80835		2.8651		559.048		6.80928e+06		501.676		
00:00:14:000		1.39332e+07		-1.79431		2.86859		558.592		6.81274e+06		501.849		
00:00:13:900		1.39452e+07		-1.78031		2.87203		558.122		6.81618e+06		502.03		
00:00:13:800		1.39573e+07		-1.76635		2.87531		557.641		6.81962e+06		502.216		
00:00:13:699		1.39695e+07		-1.75239		2.87835		557.144		6.82304e+06		502.435		
00:00:13:550		1.39881e+07		-1.73143		2.88268		556.374		6.82818e+06		502.866		
00:00:13:449		1.40007e+07		-1.7174		2.88534		555.85		6.8316e+06		503.233		
00:00:13:349		1.40135e+07		-1.70332		2.88778		555.318		6.83502e+06		503.671		
00:00:13:250		1.40265e+07		-1.68915		2.89095		554.778		6.83842e+06		504.167		
00:00:13:150		1.40398e+07		-1.67489		2.89501		554.232		6.84179e+06		504.697		
00:00:13:050		1.40536e+07		-1.66055		2.8993		553.685		6.8451e+06		505.204		
00:00:12:949		1.40677e+07		-1.64616		2.90364		553.135		6.84833e+06		505.684		
00:00:12:849		1.4082e+07		-1.63172		2.9076		552.58		6.85151e+06		506.14		
00:00:12:750		1.40962e+07		-1.6172		2.91158		552.024		6.85463e+06		506.572		
00:00:12:650		1.41104e+07		-1.6026		2.91549		551.467		6.85769e+06		506.996		
00:00:12:550		1.41245e+07		-1.58788		2.91938		550.907		6.86071e+06		507.419		
00:00:12:449		1.41383e+07		-1.57302		2.92319		550.347		6.8637e+06		507.843		
00:00:12:349		1.41517e+07		-1.55797		2.92689		549.783		6.86666e+06		508.272		
00:00:12:250		1.41643e+07		-1.54269		2.93013		549.222		6.86958e+06		508.695		
00:00:12:150		1.41758e+07		-1.52721		2.9337		548.662		6.87248e+06		509.127		
00:00:12:050		1.41869e+07		-1.51169		2.93726		548.1		6.87536e+06		509.571		
00:00:11:949		1.41977e+07		-1.49615		2.94087		547.536		6.87821e+06		510.027		
00:00:11:849		1.42084e+07		-1.48059		2.94454		546.976		6.88105e+06		510.499		
00:00:11:849		1.42084e+07		-1.48059		2.94454		546.976		6.88105e+06		510.499		
00:00:11:650		1.42299e+07		-1.44946		2.95142		545.853		6.88669e+06		511.484		
00:00:11:550		1.42406e+07		-1.4339		2.95492		545.289		6.8895e+06		512.012		
00:00:11:449		1.42514e+07		-1.41834		2.95806		544.725		6.89231e+06		512.564		
00:00:11:349		1.42621e+07		-1.40276		2.96119		544.166		6.8951e+06		513.146		
00:00:11:250		1.42727e+07		-1.38721		2.96436		543.607		6.8979e+06		513.742		
00:00:11:150		1.42833e+07		-1.37162		2.96718		543.048		6.90068e+06		514.356		
00:00:11:050		1.4294e+07		-1.35612		2.96984		542.496		6.90345e+06		514.988		
00:00:10:949		1.43048e+07		-1.34059		2.97265		541.951		6.90619e+06		515.599		
00:00:10:849		1.43156e+07		-1.32504		2.97575		541.414		6.90889e+06		516.157		
00:00:10:849		1.43156e+07		-1.32504		2.97575		541.414		6.90889e+06		516.157		
00:00:10:750		1.43264e+07		-1.30947		2.97955		540.888		6.9115e+06		516.59		
00:00:10:650		1.43371e+07		-1.29387		2.98348		540.368		6.91402e+06		516.904		
00:00:10:550		1.43478e+07		-1.27824		2.98746		539.855		6.91644e+06		517.103		
00:00:10:400		1.43636e+07		-1.25473		2.99275		539.112		6.91993e+06		517.272		
00:00:10:300		1.43741e+07		-1.23902		2.99575		538.638		6.92218e+06		517.335		
00:00:10:099		1.43948e+07		-1.20749		3.00094		537.744		6.9265e+06		517.501		
00:00:10:099		1.43948e+07		-1.20749		3.00094		537.744		6.9265e+06		517.501		
00:00:10:000		1.44051e+07		-1.19166		3.00451		537.336		6.92858e+06		517.657		
00:00:09:900		1.44152e+07		-1.17579		3.0093		536.956		6.93059e+06		517.864		
00:00:09:800		1.44251e+07		-1.15988		3.01387		536.596		6.93253e+06		518.104		
00:00:09:699		1.44347e+07		-1.14392		3.01822		536.258		6.9344e+06		518.334		
00:00:09:599		1.44441e+07		-1.12791		3.02244		535.929		6.93616e+06		518.497		
00:00:09:400		1.44623e+07		-1.09601		3.03093		535.251		6.9393e+06		518.255		
00:00:09:400		1.44623e+07		-1.09601		3.03093		535.251		6.9393e+06		518.255		
00:00:09:300		1.44717e+07		-1.08018		3.03492		534.908		6.94083e+06		518.406		
00:00:09:099		1.4492e+07		-1.04868		3.04249		534.222		6.94459e+06		519.385		
00:00:09:099		1.4492e+07		-1.04868		3.04249		534.222		6.94459e+06		519.385		
00:00:09:000		1.4502e+07		-1.03276		3.04635		533.873		6.94653e+06		520.072		
00:00:08:900		1.45111e+07		-1.01684		3.04999		533.528		6.9485e+06		520.873		
00:00:08:800		1.45205e+07		-1.00082		3.05327		533.18		6.9505e+06		521.792		
00:00:08:699		1.45288e+07		-0.984699		3.056		532.836		6.95254e+06		522.833		
00:00:08:599		1.45365e+07		-0.968548		3.05829		532.501		6.9546e+06		523.987		
00:00:08:500		1.45438e+07		-0.952538		3.06068		532.175		6.95667e+06		525.222		
00:00:08:400		1.45515e+07		-0.936686		3.06381		531.858		6.95872e+06		526.492		
00:00:08:300		1.45595e+07		-0.921006		3.06778		531.555		6.96069e+06		527.682		
00:00:08:099		1.45773e+07		-0.890234		3.07661		530.997		6.96424e+06		529.68		
00:00:08:099		1.45773e+07		-0.890234		3.07661		530.997		6.96424e+06		529.68		
00:00:08:000		1.45873e+07		-0.87509		3.08057		530.74		6.96583e+06		530.523		
00:00:07:900		1.45977e+07		-0.859984		3.08453		530.499		6.96732e+06		531.285		
00:00:07:799		1.4608e+07		-0.844902		3.08854		530.276		6.96871e+06		531.971		
00:00:07:700		1.46183e+07		-0.829837		3.09218		530.087		6.97001e+06		532.63		
00:00:07:549		1.46336e+07		-0.807275		3.09699		529.871		6.97182e+06		533.523		
00:00:07:450		1.46438e+07		-0.792259		3.10019		529.794		6.97294e+06		534.102		
00:00:07:349		1.4654e+07		-0.777264		3.10371		529.774		6.97399e+06		534.681		
00:00:07:200		1.46692e+07		-0.754819		3.10889		529.864		6.97547e+06		535.587		
00:00:07:099		1.46793e+07		-0.739889		3.11118		529.98		6.97638e+06		536.259		
00:00:07:099		1.46793e+07		-0.739889		3.11118		529.98		6.97638e+06		536.259		
00:00:07:000		1.46894e+07		-0.724987		3.1132		530.105		6.97727e+06		537.063		
00:00:06:849		1.47044e+07		-0.702689		3.11835		530.181		6.97865e+06		538.788		
00:00:06:750		1.47144e+07		-0.687864		3.12248		530.068		6.97965e+06		540.264		
00:00:06:650		1.47243e+07		-0.673084		3.12524		529.864		6.9806e+06		541.132		
00:00:06:549		1.47342e+07		-0.658342		3.12656		529.63		6.98125e+06		539.671		
00:00:06:450		1.47441e+07		-0.64364		3.12784		529.404		6.98155e+06		532.682		
00:00:06:349		1.4754e+07		-0.628978		3.13086		529.195		6.98159e+06		520.29		
00:00:06:250		1.47638e+07		-0.61436		3.13542		529.007		6.98153e+06		517.424		
00:00:06:150		1.47736e+07		-0.599785		3.13889		528.847		6.98146e+06		520.636		
00:00:06:049		1.47833e+07		-0.585267		3.13935		528.72		6.98137e+06		523.702		
00:00:05:950		1.47931e+07		-0.5708		3.13895		528.624		6.98128e+06		526.663		
00:00:05:900		1.47979e+07		-0.563586		3.14012		528.59		6.98123e+06		528.118		
00:00:05:799		1.48076e+07		-0.549201		3.14527		528.537		6.98113e+06		530.988		
00:00:05:700		1.48173e+07		-0.53487		3.15214		528.502		6.98102e+06		533.764		
00:00:05:599		1.48269e+07		-0.520597		3.15516		528.476		6.9809e+06		536.445		
00:00:05:500		1.48365e+07		-0.506393		3.15212		528.456		6.98075e+06		538.789		
00:00:05:400		1.4846e+07		-0.492257		3.14946		528.441		6.98055e+06		540.177		
00:00:05:250		1.48603e+07		-0.471186		3.16007		528.435		6.98015e+06		540.235		
00:00:05:150		1.48698e+07		-0.457224		3.16948		528.439		6.97981e+06		540.231		
00:00:05:049		1.48793e+07		-0.443341		3.16805		528.445		6.97942e+06		540.219		
00:00:04:950		1.48888e+07		-0.429529		3.1562		528.458		6.97899e+06		540.173		
00:00:04:849		1.48983e+07		-0.41579		3.15112		528.478		6.97851e+06		540.101		
00:00:04:750		1.49077e+07		-0.402119		3.16566		528.502		6.97799e+06		540.007		
00:00:04:650		1.49172e+07		-0.388526		3.18514		528.529		6.97743e+06		539.888		
00:00:04:549		1.49266e+07		-0.375012		3.18665		528.565		6.97684e+06		539.749		
00:00:04:450		1.49361e+07		-0.361576		3.16088		528.603		6.97622e+06		539.587		
00:00:04:349		1.49455e+07		-0.348228		3.14396		528.644		6.97557e+06		539.409		
00:00:04:250		1.4955e+07		-0.334977		3.16507		528.692		6.97489e+06		539.195		
00:00:04:150		1.49645e+07		-0.321805		3.20616		528.74		6.9742e+06		538.967		
00:00:04:150		1.49645e+07		-0.321805		3.20616		528.74		6.9742e+06		538.967		
00:00:03:899		1.49887e+07		-0.289169		3.13925		528.887		6.9724e+06		538.317		
00:00:03:899		1.49887e+07		-0.289169		3.13925		528.887		6.9724e+06		538.317		
00:00:03:799		1.49985e+07		-0.276229		3.11669		528.954		6.97167e+06		538.018		
00:00:03:700		1.50085e+07		-0.263375		3.19266		529.018		6.97094e+06		537.696		
00:00:03:600		1.50187e+07		-0.250574		3.26981		529.092		6.97021e+06		537.359		
00:00:03:500		1.50292e+07		-0.237813		3.246		529.166		6.96949e+06		536.996		
00:00:03:450		1.50345e+07		-0.231442		3.18186		529.203		6.96914e+06		536.813		
00:00:03:350		1.50454e+07		-0.218696		3.06505		529.284		6.96844e+06		536.428		
00:00:03:100		1.50719e+07		-0.186112		3.36748		529.486		6.9668e+06		535.381		
00:00:03:100		1.50719e+07		-0.186112		3.36748		529.486		6.9668e+06		535.381		
00:00:03:000		1.508e+07		-0.172776		3.55954		529.566		6.9662e+06		534.938		
00:00:02:899		1.50878e+07		-0.159459		3.75284		529.649		6.96564e+06		534.49		
00:00:02:799		1.50955e+07		-0.146152		3.94717		529.726		6.96513e+06		534.021		
00:00:02:700		1.51033e+07		-0.132854		4.14207		529.803		6.96468e+06		533.548		
00:00:02:649		1.51071e+07		-0.126207		4.2395		529.844		6.96447e+06		533.322		
00:00:02:500		1.51186e+07		-0.106267		4.51961		529.943		6.96394e+06		532.607		
00:00:02:399		1.51263e+07		-0.0929813		4.59648		530.004		6.96367e+06		532.168		
00:00:02:299		1.51341e+07		-0.0797105		4.39118		530.059		6.96346e+06		531.723		
00:00:02:100		1.51504e+07		-0.0531421		3.98364		530.147		6.96324e+06		530.872		
00:00:02:100		1.51504e+07		-0.0531421		3.98364		530.147		6.96324e+06		530.872		
00:00:02:000		1.51591e+07		-0.039834		3.78312		530.181		6.96322e+06		530.482		
00:00:01:899		1.51684e+07		-0.0265045		3.58316		530.206		6.96325e+06		530.107		
00:00:01:800		1.51784e+07		-0.0131283		3.38853		530.221		6.96334e+06		529.735		
00:00:01:699		1.51892e+07		0.000314236		3.20702		530.23		6.96346e+06		529.385		
00:00:01:600		1.52009e+07		0.013865		3.16982		530.234		6.96361e+06		529.041		
00:00:01:500		1.52136e+07		0.0275812		3.21116		530.232		6.96378e+06		528.719		
00:00:01:399		1.52274e+07		0.0414853		3.23002		530.23		6.96398e+06		528.424		
00:00:01:300		1.52425e+07		0.0555301		3.16826		530.223		6.96419e+06		528.168		
00:00:01:100		1.52766e+07		0.0835567		3.36292		530.221		6.96454e+06		527.678		
00:00:01:100		1.52766e+07		0.0835567		3.36292		530.221		6.96454e+06		527.678		
00:00:01:000		1.52948e+07		0.0973444		3.5057		530.212		6.96465e+06		527.438		
00:00:00:900		1.53139e+07		0.111368		3.59025		530.206		6.96471e+06		527.201		
00:00:00:800		1.53355e+07		0.126004		3.64337		530.206		6.96475e+06		526.98		
00:00:00:699		1.5363e+07		0.141326		3.66879		530.208		6.96478e+06		526.857		
00:00:00:599		1.53978e+07		0.155025		3.67682		530.21		6.9648e+06		526.826		
00:00:00:500		1.54344e+07		0.166016		3.66057		530.21		6.96483e+06		526.81		
00:00:00:400		1.54679e+07		0.17234		3.54573		530.214		6.96485e+06		526.826		
00:00:00:200		1.54785e+07		0.17284		2.83572		530.219		6.96484e+06		526.827		
00:00:00:100		1.54785e+07		0.17284		2.83572		530.221		6.96484e+06		526.828		
00:00:00:100		1.54785e+07		0.17284		2.83572		530.221		6.96484e+06		526.828		
00:00:00:000		1.54785e+07		0.17284		2.83571		530.225		6.96483e+06		526.826		
00:00:00:000		1.54785e+07		0.17284		2.83571		530.225		6.96483e+06		526.826		
00:00:00:000		1.54785e+07		0.17284		2.83571		530.225		6.96483e+06		526.826		
00:00:00:000		1.54785e+07		0.17284		2.83571		530.225		6.96483e+06		526.826		
00:00:00:000		1.54785e+07		0.17284		2.83571		530.225		6.96483e+06		526.826		
