	time 		rcpppzr	rcp054rcp007mnzoyout	rcv501std0102fvol	fwfrcp001gv	rcppmssga	msfsg(1)	
00:01:02:000		8.7787e+06		-5.84168		0		0		7.15384e+06		32.9004		
00:01:01:899		8.79612e+06		-5.84271		0		0		7.15321e+06		17.8145		
00:01:01:799		8.81351e+06		-5.84354		0		0		7.15222e+06		-16.2255		
00:01:01:649		8.83954e+06		-5.84426		0		0		7.15099e+06		-33.3909		
00:01:01:600		8.8482e+06		-5.84442		0		0		7.15081e+06		-25.924		
00:01:01:450		8.87411e+06		-5.84484		0		0		7.15089e+06		17.8163		
00:01:01:350		8.89136e+06		-5.84509		0		0		7.15102e+06		33.4238		
00:01:01:250		8.90858e+06		-5.8453		0		0		7.15085e+06		32.6338		
00:01:01:149		8.92577e+06		-5.8455		0		0		7.15023e+06		17.5571		
00:01:01:049		8.94293e+06		-5.84569		0		0		7.14924e+06		-16.492		
00:01:00:950		8.96006e+06		-5.84587		0		0		7.14833e+06		-34.5574		
00:01:00:899		8.96861e+06		-5.84595		0		0		7.14802e+06		-33.4055		
00:01:00:799		8.98565e+06		-5.84613		0		0		7.14781e+06		-10.955		
00:01:00:700		9.00255e+06		-5.84633		0		0		7.14794e+06		17.9314		
00:01:00:600		9.01929e+06		-5.84655		0		0		7.14807e+06		33.6553		
00:01:00:500		9.03591e+06		-5.84681		0		0		7.1479e+06		32.6992		
00:01:00:399		9.05244e+06		-5.84711		0		0		7.14727e+06		17.0635		
00:01:00:299		9.07711e+06		-5.84764		0		0		7.14578e+06		-31.5097		
00:01:00:200		9.08531e+06		-5.84783		0		0		7.14536e+06		-35.4003		
00:01:00:100		9.1017e+06		-5.84826		0		0		7.14489e+06		-26.5557		
00:01:00:000		9.11809e+06		-5.84872		0		0		7.14491e+06		6.58937		
00:00:59:899		9.13445e+06		-5.84923		0		0		7.14511e+06		26.726		
00:00:59:799		9.15075e+06		-5.84974		0		0		7.14514e+06		37.8608		
00:00:59:799		9.15075e+06		-5.84974		0		0		7.14514e+06		37.8608		
00:00:59:700		9.16698e+06		-5.85024		0		0		7.14474e+06		25.9731		
00:00:59:600		9.18314e+06		-5.85072		0		0		7.14388e+06		2.97531		
00:00:59:399		9.21527e+06		-5.8516		0		0		7.14211e+06		-35.8439		
00:00:59:399		9.21527e+06		-5.8516		0		0		7.14211e+06		-35.8439		
00:00:59:299		9.23122e+06		-5.85202		0		0		7.1419e+06		-14.6712		
00:00:59:200		9.24709e+06		-5.85242		0		0		7.14207e+06		17.1884		
00:00:59:100		9.26288e+06		-5.8528		0		0		7.14227e+06		34.1869		
00:00:59:000		9.27856e+06		-5.85317		0		0		7.14217e+06		36.6267		
00:00:58:899		9.29417e+06		-5.85351		0		0		7.14157e+06		19.9948		
00:00:58:799		9.30969e+06		-5.85383		0		0		7.14057e+06		-14.6578		
00:00:58:700		9.32514e+06		-5.85412		0		0		7.13959e+06		-36.4859		
00:00:58:600		9.34051e+06		-5.85437		0		0		7.13904e+06		-31.8412		
00:00:58:350		9.3786e+06		-5.85487		0		0		7.13935e+06		33.153		
00:00:58:350		9.3786e+06		-5.85487		0		0		7.13935e+06		33.153		
00:00:58:299		9.38615e+06		-5.85495		0		0		7.13938e+06		39.1883		
00:00:58:200		9.40122e+06		-5.85507		0		0		7.13909e+06		30.5114		
00:00:58:100		9.4162e+06		-5.85516		0		0		7.13831e+06		9.88689		
00:00:58:000		9.43111e+06		-5.85522		0		0		7.13725e+06		-27.1913		
00:00:57:899		9.44594e+06		-5.85525		0		0		7.1364e+06		-37.77		
00:00:57:799		9.46071e+06		-5.85525		0		0		7.13606e+06		-22.9285		
00:00:57:600		9.49011e+06		-5.85519		0		0		7.13639e+06		30.7782		
00:00:57:600		9.49011e+06		-5.85519		0		0		7.13639e+06		30.7782		
00:00:57:350		9.52649e+06		-5.85512		0		0		7.13553e+06		12.7129		
00:00:57:350		9.52649e+06		-5.85512		0		0		7.13553e+06		12.7129		
00:00:57:250		9.5409e+06		-5.85514		0		0		7.1345e+06		-23.6064		
00:00:57:149		9.55523e+06		-5.8552		0		0		7.13361e+06		-37.5837		
00:00:57:049		9.56946e+06		-5.85531		0		0		7.13321e+06		-24.3837		
00:00:56:950		9.5836e+06		-5.85549		0		0		7.13329e+06		7.74794		
00:00:56:850		9.59767e+06		-5.85572		0		0		7.1335e+06		29.3118		
00:00:56:750		9.61166e+06		-5.85601		0		0		7.13352e+06		37.9679		
00:00:56:649		9.62558e+06		-5.85637		0		0		7.13309e+06		24.8008		
00:00:56:450		9.65318e+06		-5.8574		0		0		7.1312e+06		-33.8838		
00:00:56:350		9.66686e+06		-5.85809		0		0		7.13052e+06		-34.4726		
00:00:56:350		9.66686e+06		-5.85809		0		0		7.13052e+06		-34.4726		
00:00:56:250		9.68046e+06		-5.85891		0		0		7.13037e+06		-10.3564		
00:00:56:149		9.69398e+06		-5.85985		0		0		7.13054e+06		18.9621		
00:00:56:049		9.70737e+06		-5.86086		0		0		7.13069e+06		35.9172		
00:00:55:950		9.72074e+06		-5.86192		0		0		7.13051e+06		32.167		
00:00:55:850		9.73415e+06		-5.86296		0		0		7.12986e+06		15.6621		
00:00:55:750		9.74759e+06		-5.86394		0		0		7.12885e+06		-20.2798		
00:00:55:600		9.76774e+06		-5.86515		0		0		7.12768e+06		-34.4242		
00:00:55:500		9.7812e+06		-5.86575		0		0		7.12752e+06		-9.97904		
00:00:55:350		9.80146e+06		-5.86627		0		0		7.12778e+06		28.2007		
00:00:55:350		9.80146e+06		-5.86627		0		0		7.12778e+06		28.2007		
00:00:55:250		9.81502e+06		-5.86633		0		0		7.12779e+06		37.7453		
00:00:55:149		9.82865e+06		-5.8661		0		0		7.12736e+06		24.4321		
00:00:55:049		9.84226e+06		-5.86554		0		0		7.12647e+06		0		
00:00:54:950		9.85585e+06		-5.86463		0		0		7.12545e+06		-34.4046		
00:00:54:850		9.86944e+06		-5.8633		0		0		7.12478e+06		-34.7738		
00:00:54:750		9.88306e+06		-5.86154		0		0		7.12464e+06		-9.41774		
00:00:54:649		9.89667e+06		-5.85932		0		0		7.12483e+06		20.8325		
00:00:54:450		9.92376e+06		-5.85347		0		0		7.12475e+06		32.8102		
00:00:54:299		9.94398e+06		-5.84796		0		0		7.12353e+06		0		
00:00:54:299		9.94398e+06		-5.84796		0		0		7.12353e+06		0		
00:00:54:200		9.95742e+06		-5.84387		0		0		7.12247e+06		-36.1981		
00:00:54:100		9.97084e+06		-5.83957		0		0		7.12178e+06		-35.9484		
00:00:54:000		9.98424e+06		-5.83518		0		0		7.12165e+06		-10.089		
00:00:53:899		9.99762e+06		-5.83083		0		0		7.12185e+06		22.2846		
00:00:53:799		1.0011e+07		-5.82668		0		0		7.12198e+06		39.1924		
00:00:53:799		1.0011e+07		-5.82668		0		0		7.12198e+06		39.1924		
00:00:53:600		1.00377e+07		-5.81956		0		0		7.12098e+06		12.6135		
00:00:53:600		1.00377e+07		-5.81956		0		0		7.12098e+06		12.6135		
00:00:53:399		1.00643e+07		-5.8133		0		0		7.11896e+06		-38.9092		
00:00:53:399		1.00643e+07		-5.8133		0		0		7.11896e+06		-38.9092		
00:00:53:299		1.00776e+07		-5.81		0		0		7.11856e+06		-24.176		
00:00:53:200		1.00909e+07		-5.80658		0		0		7.11863e+06		12.4837		
00:00:53:100		1.01041e+07		-5.80305		0		0		7.1188e+06		32.7837		
00:00:53:000		1.01174e+07		-5.79941		0		0		7.11873e+06		38.7986		
00:00:52:750		1.01503e+07		-5.78982		0		0		7.1166e+06		-28.6496		
00:00:52:750		1.01503e+07		-5.78982		0		0		7.1166e+06		-28.6496		
00:00:52:700		1.01569e+07		-5.78783		0		0		7.11611e+06		-38.1081		
00:00:52:600		1.017e+07		-5.78375		0		0		7.11549e+06		-32.2492		
00:00:52:399		1.01962e+07		-5.77531		0		0		7.11551e+06		25.1591		
00:00:52:399		1.01962e+07		-5.77531		0		0		7.11551e+06		25.1591		
00:00:52:299		1.02093e+07		-5.77094		0		0		7.11549e+06		37.7807		
00:00:52:200		1.02223e+07		-5.76648		0		0		7.11509e+06		27.5801		
00:00:52:100		1.02353e+07		-5.76192		0		0		7.11418e+06		3.36874		
00:00:52:000		1.02483e+07		-5.75728		0		0		7.11307e+06		-33.2523		
00:00:51:899		1.02613e+07		-5.75254		0		0		7.1123e+06		-35.2882		
00:00:51:750		1.02808e+07		-5.74525		0		0		7.11206e+06		11.1553		
00:00:51:649		1.02938e+07		-5.74028		0		0		7.1121e+06		29.1951		
00:00:51:549		1.03068e+07		-5.73521		0		0		7.11193e+06		33.9503		
00:00:51:399		1.03262e+07		-5.72743		0		0		7.11086e+06		7.44427		
00:00:51:399		1.03262e+07		-5.72743		0		0		7.11086e+06		7.44427		
00:00:51:250		1.03456e+07		-5.71944		0		0		7.1093e+06		-36.0021		
00:00:51:149		1.03585e+07		-5.71401		0		0		7.10874e+06		-25.1864		
00:00:51:049		1.03714e+07		-5.70849		0		0		7.10863e+06		10.7147		
00:00:50:950		1.03842e+07		-5.70288		0		0		7.1086e+06		27.7666		
00:00:50:899		1.03906e+07		-5.70004		0.069015		0		7.10852e+06		33.8335		
00:00:50:750		1.04098e+07		-5.69139		0.276466		0		7.10774e+06		19.7719		
00:00:50:649		1.04226e+07		-5.68551		0.414642		0		7.1067e+06		-13.9227		
00:00:50:549		1.04354e+07		-5.67953		0.552611		0		7.10567e+06		-35.6391		
00:00:50:350		1.04608e+07		-5.66729		0.827341		0		7.10494e+06		9.8626		
00:00:50:350		1.04608e+07		-5.66729		0.827341		0		7.10494e+06		9.8626		
00:00:50:250		1.04735e+07		-5.66104		0.963969		0		7.10483e+06		27.2385		
00:00:50:149		1.04862e+07		-5.65469		1.09988		0		7.1045e+06		30.0645		
00:00:50:000		1.05052e+07		-5.64499		1.30211		0		7.10332e+06		5.77025		
00:00:49:950		1.05115e+07		-5.64171		1.369		0		7.10276e+06		-15.4011		
00:00:49:850		1.05241e+07		-5.63508		1.50186		0		7.10173e+06		-34.9935		
00:00:49:750		1.05367e+07		-5.62835		1.63334		0		7.10115e+06		-21.1425		
00:00:49:649		1.05493e+07		-5.62151		1.76323		0		7.10095e+06		13.0865		
00:00:49:549		1.05619e+07		-5.61458		1.89121		0		7.10077e+06		27.4973		
00:00:49:450		1.05745e+07		-5.60755		2.01696		0		7.10035e+06		31.4737		
00:00:49:350		1.05871e+07		-5.60043		2.14021		0		7.09956e+06		15.2498		
00:00:49:250		1.05997e+07		-5.5932		2.26085		0		7.09842e+06		-18.5988		
00:00:49:149		1.06122e+07		-5.58589		2.37903		0		7.09733e+06		-35.3724		
00:00:49:049		1.06248e+07		-5.57849		2.49545		0		7.09671e+06		-24.1566		
00:00:48:950		1.06375e+07		-5.57099		2.61026		0		7.0965e+06		16.0795		
00:00:48:799		1.06565e+07		-5.55955		2.78641		0		7.09611e+06		34.5961		
00:00:48:700		1.06691e+07		-5.55179		2.90502		0		7.0954e+06		24.8041		
00:00:48:600		1.06817e+07		-5.54393		3.02293		0		7.0943e+06		0		
00:00:48:399		1.07067e+07		-5.52788		3.24069		0		7.09209e+06		-35.7777		
00:00:48:299		1.07192e+07		-5.51969		3.33959		0		7.09167e+06		0.27939		
00:00:48:299		1.07192e+07		-5.51969		3.33959		0		7.09167e+06		0.27939		
00:00:48:200		1.07317e+07		-5.51137		3.43517		0		7.09147e+06		26.6365		
00:00:48:100		1.07442e+07		-5.50293		3.52747		0		7.0911e+06		36.9598		
00:00:48:100		1.07442e+07		-5.50293		3.52747		0		7.0911e+06		36.9598		
00:00:48:000		1.07567e+07		-5.49438		3.61649		0		7.0903e+06		25.4168		
00:00:47:799		1.07816e+07		-5.47694		3.78467		0		7.08783e+06		-31.7295		
00:00:47:799		1.07816e+07		-5.47694		3.78467		0		7.08783e+06		-31.7295		
00:00:47:700		1.0794e+07		-5.46804		3.86388		0		7.08693e+06		-28.8392		
00:00:47:600		1.08064e+07		-5.45904		3.93987		0		7.08647e+06		8.63793		
00:00:47:399		1.08312e+07		-5.44071		4.08251		0		7.08553e+06		28.0798		
00:00:47:399		1.08312e+07		-5.44071		4.08251		0		7.08553e+06		28.0798		
00:00:47:250		1.08498e+07		-5.42669		4.18156		0		7.08404e+06		0		
00:00:47:149		1.08622e+07		-5.41724		4.24404		0		7.08292e+06		-23.9565		
00:00:47:100		1.08684e+07		-5.41248		4.27413		0		7.08246e+06		-23.3381		
00:00:47:000		1.08807e+07		-5.40291		4.33236		0		7.08181e+06		0		
00:00:46:899		1.08931e+07		-5.39328		4.38788		0		7.0813e+06		17.4317		
00:00:46:750		1.09116e+07		-5.37876		4.4665		0		7.08032e+06		20.7859		
00:00:46:649		1.09239e+07		-5.36903		4.51572		0		7.07936e+06		4.47485		
00:00:46:549		1.09363e+07		-5.35928		4.56276		0		7.07828e+06		-17.2061		
00:00:46:350		1.09609e+07		-5.33968		4.64994		0		7.07654e+06		0		
00:00:46:350		1.09609e+07		-5.33968		4.64994		0		7.07654e+06		0		
00:00:46:250		1.09732e+07		-5.32983		4.69041		0		7.07575e+06		8.82939		
00:00:46:149		1.09854e+07		-5.31993		4.72882		0		7.07491e+06		10.2212		
00:00:46:049		1.09976e+07		-5.30998		4.76538		0		7.07398e+06		3.31857		
00:00:45:950		1.10099e+07		-5.29996		4.79952		0		7.07302e+06		0		
00:00:45:850		1.1022e+07		-5.28988		4.83309		0		7.07207e+06		0		
00:00:45:750		1.10342e+07		-5.27973		4.86424		0		7.07117e+06		1.39222		
00:00:45:649		1.10465e+07		-5.2695		4.89397		0		7.07031e+06		6.57916		
00:00:45:549		1.10587e+07		-5.25922		4.92207		0		7.06942e+06		7.75943		
00:00:45:450		1.10709e+07		-5.24887		4.94872		0		7.06849e+06		5.86738		
00:00:45:350		1.10832e+07		-5.23845		4.97402		0		7.06753e+06		3.23557		
00:00:45:250		1.10954e+07		-5.22795		4.99791		0		7.06658e+06		3.00911		
00:00:45:200		1.11016e+07		-5.22268		5.00949		0		7.06611e+06		3.79103		
00:00:45:049		1.112e+07		-5.20675		5.04202		0		7.06474e+06		6.9717		
00:00:44:950		1.11324e+07		-5.19606		5.06227		0		7.06382e+06		7.90359		
00:00:44:850		1.11447e+07		-5.18531		5.08133		0		7.06289e+06		7.50279		
00:00:44:750		1.1157e+07		-5.17451		5.09956		0		7.06194e+06		6.49816		
00:00:44:649		1.11693e+07		-5.16366		5.11697		0		7.06101e+06		6.56764		
00:00:44:549		1.11817e+07		-5.15277		5.13275		0		7.06009e+06		7.7108		
00:00:44:299		1.12125e+07		-5.12542		5.16877		0		7.05786e+06		11.1847		
00:00:44:299		1.12125e+07		-5.12542		5.16877		0		7.05786e+06		11.1847		
00:00:44:200		1.12249e+07		-5.11444		5.18208		0		7.05696e+06		11.7		
00:00:44:149		1.12311e+07		-5.10894		5.18862		0		7.05651e+06		11.6597		
00:00:44:049		1.12435e+07		-5.09794		5.20027		0		7.05562e+06		11.6994		
00:00:43:950		1.12559e+07		-5.08692		5.21107		0		7.05472e+06		11.9855		
00:00:43:850		1.12683e+07		-5.07589		5.2212		0		7.05385e+06		12.7747		
00:00:43:750		1.12807e+07		-5.06483		5.23127		0		7.05299e+06		14.0499		
00:00:43:649		1.12932e+07		-5.05374		5.24091		0		7.05215e+06		15.3896		
00:00:43:549		1.13057e+07		-5.04262		5.24948		0		7.05132e+06		16.5301		
00:00:43:450		1.13182e+07		-5.03144		5.25662		0		7.05049e+06		17.4605		
00:00:43:350		1.13307e+07		-5.0202		5.26319		0		7.04968e+06		18.2066		
00:00:43:250		1.13433e+07		-5.00891		5.27023		0		7.04887e+06		18.7426		
00:00:43:149		1.13558e+07		-4.99756		5.27757		0		7.04808e+06		19.3877		
00:00:43:049		1.13683e+07		-4.98616		5.28382		0		7.04732e+06		20.4708		
00:00:42:899		1.1387e+07		-4.96896		5.28947		0		7.04622e+06		22.8967		
00:00:42:799		1.13995e+07		-4.95743		5.29272		0		7.04553e+06		24.7902		
00:00:42:700		1.14119e+07		-4.94586		5.29773		0		7.04485e+06		26.5592		
00:00:42:600		1.14244e+07		-4.93423		5.30366		0		7.04419e+06		27.9378		
00:00:42:500		1.14369e+07		-4.92256		5.30759		0		7.04354e+06		28.8848		
00:00:42:399		1.14493e+07		-4.91084		5.30797		0		7.04289e+06		29.8507		
00:00:42:399		1.14493e+07		-4.91084		5.30797		0		7.04289e+06		29.8507		
00:00:42:200		1.14743e+07		-4.88728		5.30932		0		7.04165e+06		31.9477		
00:00:42:100		1.14867e+07		-4.87543		5.31495		0		7.04105e+06		33.1513		
00:00:42:100		1.14867e+07		-4.87543		5.31495		0		7.04105e+06		33.1513		
00:00:42:000		1.14991e+07		-4.86355		5.31948		0		7.04046e+06		34.4331		
00:00:41:899		1.15115e+07		-4.85163		5.31807		0		7.03989e+06		35.8468		
00:00:41:700		1.15364e+07		-4.82768		5.31002		0		7.03879e+06		38.5264		
00:00:41:700		1.15364e+07		-4.82768		5.31002		0		7.03879e+06		38.5264		
00:00:41:500		1.15614e+07		-4.8036		5.32265		0		7.03771e+06		40.5033		
00:00:41:350		1.15802e+07		-4.78546		5.31753		0		7.03692e+06		41.3101		
00:00:41:350		1.15802e+07		-4.78546		5.31753		0		7.03692e+06		41.3101		
00:00:41:250		1.15926e+07		-4.77334		5.30533		0		7.03641e+06		41.7714		
00:00:41:149		1.16051e+07		-4.76119		5.30046		0		7.03593e+06		42.369		
00:00:41:049		1.16176e+07		-4.74901		5.30902		8.98377		7.03549e+06		43.7792		
00:00:40:950		1.163e+07		-4.7368		5.31939		17.1383		7.0351e+06		46.0612		
00:00:40:899		1.16363e+07		-4.73069		5.31944		21.1029		7.03491e+06		47.1406		
00:00:40:799		1.16487e+07		-4.71843		5.30456		28.9131		7.03457e+06		49.3853		
00:00:40:700		1.16611e+07		-4.70615		5.28286		36.333		7.03426e+06		51.7493		
00:00:40:600		1.16735e+07		-4.69384		5.27874		43.6904		7.03399e+06		54.1411		
00:00:40:399		1.16983e+07		-4.66911		5.31465		57.7675		7.03353e+06		58.8101		
00:00:40:399		1.16983e+07		-4.66911		5.31465		57.7675		7.03353e+06		58.8101		
00:00:40:299		1.17107e+07		-4.6567		5.30249		64.1146		7.03335e+06		60.9514		
00:00:40:200		1.17231e+07		-4.64427		5.26645		70.3956		7.03319e+06		62.9785		
00:00:40:100		1.17353e+07		-4.63179		5.24486		76.9062		7.03306e+06		64.9337		
00:00:39:950		1.17535e+07		-4.61299		5.28394		85.8563		7.03291e+06		67.8782		
00:00:39:850		1.17656e+07		-4.60039		5.31013		91.3572		7.03285e+06		69.9033		
00:00:39:750		1.17777e+07		-4.58775		5.28638		97.1716		7.03283e+06		71.9949		
00:00:39:649		1.17897e+07		-4.57508		5.22718		103.056		7.03283e+06		74.0906		
00:00:39:549		1.18018e+07		-4.5624		5.19951		108.371		7.03286e+06		76.1478		
00:00:39:350		1.18258e+07		-4.53696		5.29949		118.18		7.03298e+06		80.2243		
00:00:39:350		1.18258e+07		-4.53696		5.29949		118.18		7.03298e+06		80.2243		
00:00:39:250		1.18378e+07		-4.52422		5.29729		122.855		7.03308e+06		82.198		
00:00:39:149		1.18498e+07		-4.51147		5.21542		126.658		7.03319e+06		84.1429		
00:00:39:049		1.18617e+07		-4.4987		5.13184		129.398		7.03334e+06		86.088		
00:00:38:950		1.18737e+07		-4.48592		5.12124		131.62		7.0335e+06		88.0119		
00:00:38:850		1.18856e+07		-4.47311		5.10367		133.414		7.03368e+06		89.9356		
00:00:38:799		1.18916e+07		-4.4667		5.09603		134.326		7.03378e+06		90.886		
00:00:38:700		1.19035e+07		-4.45385		5.07301		136.176		7.034e+06		92.839		
00:00:38:549		1.19213e+07		-4.43453		5.02869		138.934		7.03437e+06		95.7624		
00:00:38:350		1.19451e+07		-4.40867		4.99422		142.748		7.03492e+06		99.6563		
00:00:38:350		1.19451e+07		-4.40867		4.99422		142.748		7.03492e+06		99.6563		
00:00:38:250		1.1957e+07		-4.39571		4.97488		144.771		7.03523e+06		101.865		
00:00:38:149		1.19688e+07		-4.38276		4.95008		146.806		7.03556e+06		104.048		
00:00:38:049		1.19807e+07		-4.36982		4.91591		148.826		7.03592e+06		106.272		
00:00:37:950		1.19926e+07		-4.35693		4.88623		150.884		7.0363e+06		108.536		
00:00:37:850		1.20044e+07		-4.34405		4.8716		153.096		7.0367e+06		110.837		
00:00:37:750		1.20163e+07		-4.33119		4.86429		155.53		7.03713e+06		113.139		
00:00:37:649		1.20282e+07		-4.31837		4.84577		158.068		7.03757e+06		115.433		
00:00:37:549		1.20402e+07		-4.30558		4.8093		160.655		7.03803e+06		117.737		
00:00:37:350		1.20639e+07		-4.2801		4.75212		167.401		7.03901e+06		122.6		
00:00:37:350		1.20639e+07		-4.2801		4.75212		167.401		7.03901e+06		122.6		
00:00:37:200		1.20817e+07		-4.26104		4.75121		177.296		7.03978e+06		126.369		
00:00:37:100		1.20936e+07		-4.24832		4.7336		189.929		7.04031e+06		128.966		
00:00:37:000		1.21053e+07		-4.23556		4.69147		213.28		7.04083e+06		131.541		
00:00:36:899		1.2117e+07		-4.22275		4.6421		253.183		7.04131e+06		133.958		
00:00:36:799		1.21285e+07		-4.20987		4.63201		300.34		7.04172e+06		136.341		
00:00:36:750		1.21343e+07		-4.2034		4.63725		323.459		7.04191e+06		137.542		
00:00:36:600		1.21515e+07		-4.18384		4.64073		385.447		7.04236e+06		141.144		
00:00:36:549		1.21572e+07		-4.17728		4.62008		403.099		7.04249e+06		142.352		
00:00:36:450		1.21686e+07		-4.16407		4.55938		433.771		7.0427e+06		144.782		
00:00:36:350		1.218e+07		-4.15074		4.50489		458.639		7.04287e+06		147.056		
00:00:36:250		1.21914e+07		-4.13732		4.51434		478.097		7.043e+06		149.232		
00:00:36:149		1.22028e+07		-4.12384		4.54213		491.802		7.04309e+06		151.468		
00:00:36:049		1.22141e+07		-4.11034		4.53408		498.276		7.04316e+06		153.755		
00:00:35:899		1.22311e+07		-4.0902		4.40753		499.474		7.04324e+06		157.293		
00:00:35:799		1.22424e+07		-4.07695		4.32279		499.86		7.04327e+06		159.73		
00:00:35:700		1.22538e+07		-4.06391		4.25885		500.238		7.0433e+06		162.258		
00:00:35:600		1.22651e+07		-4.05112		4.19148		500.611		7.04331e+06		164.829		
00:00:35:500		1.22765e+07		-4.03861		4.09217		500.978		7.0433e+06		167.457		
00:00:35:399		1.22879e+07		-4.02633		4.02341		501.342		7.04327e+06		170.1		
00:00:35:299		1.22993e+07		-4.01425		3.95423		501.714		7.04321e+06		172.741		
00:00:35:299		1.22993e+07		-4.01425		3.95423		501.714		7.04321e+06		172.741		
00:00:35:200		1.23106e+07		-4.00225		3.87895		502.091		7.04312e+06		175.367		
00:00:35:000		1.23331e+07		-3.97826		3.71597		502.88		7.04281e+06		180.45		
00:00:35:000		1.23331e+07		-3.97826		3.71597		502.88		7.04281e+06		180.45		
00:00:34:899		1.23444e+07		-3.96627		3.64909		503.297		7.04258e+06		182.94		
00:00:34:799		1.23556e+07		-3.95427		3.58824		503.731		7.0423e+06		185.374		
00:00:34:700		1.23667e+07		-3.94225		3.52061		504.174		7.04197e+06		187.571		
00:00:34:600		1.23779e+07		-3.93013		3.42937		504.632		7.04159e+06		189.581		
00:00:34:500		1.2389e+07		-3.91791		3.34822		505.098		7.04114e+06		191.436		
00:00:34:299		1.24112e+07		-3.89312		3.22543		506.041		7.0401e+06		194.527		
00:00:34:299		1.24112e+07		-3.89312		3.22543		506.041		7.0401e+06		194.527		
00:00:34:100		1.24334e+07		-3.86796		3.06805		506.971		7.03886e+06		197.534		
00:00:34:100		1.24334e+07		-3.86796		3.06805		506.971		7.03886e+06		197.534		
00:00:34:000		1.245e+07		-3.84891		2.92819		507.639		7.0378e+06		200.459		
00:00:33:850		1.2461e+07		-3.83615		2.88208		508.068		7.03706e+06		202.759		
00:00:33:799		1.24665e+07		-3.82975		2.87353		508.279		7.03667e+06		204.004		
00:00:33:700		1.24775e+07		-3.81691		2.82084		508.693		7.03589e+06		206.775		
00:00:33:600		1.24884e+07		-3.80403		2.7493		509.113		7.03515e+06		210.112		
00:00:33:399		1.25102e+07		-3.77818		2.53018		509.97		7.03398e+06		218.339		
00:00:33:299		1.2521e+07		-3.76523		2.45947		510.436		7.03328e+06		221.964		
00:00:33:299		1.2521e+07		-3.76523		2.45947		510.436		7.03328e+06		221.964		
00:00:33:149		1.25372e+07		-3.74578		2.4616		511.187		7.03188e+06		226.603		
00:00:33:049		1.25481e+07		-3.73281		2.46292		511.728		7.03073e+06		229.207		
00:00:32:950		1.25589e+07		-3.71985		2.46426		512.301		7.02944e+06		231.425		
00:00:32:850		1.25697e+07		-3.70689		2.46566		512.912		7.02802e+06		233.314		
00:00:32:750		1.25804e+07		-3.69394		2.46686		513.556		7.02647e+06		234.984		
00:00:32:649		1.25911e+07		-3.68099		2.46816		514.234		7.02477e+06		236.427		
00:00:32:600		1.25964e+07		-3.67452		2.46868		514.583		7.02387e+06		237.055		
00:00:32:450		1.26123e+07		-3.65512		2.47041		515.673		7.02097e+06		238.664		
00:00:32:350		1.26229e+07		-3.64219		2.47152		516.425		7.01888e+06		239.52		
00:00:32:250		1.26334e+07		-3.62927		2.47234		517.186		7.01668e+06		240.259		
00:00:32:149		1.26438e+07		-3.61635		2.47283		517.953		7.01439e+06		240.955		
00:00:32:049		1.26543e+07		-3.60345		2.47296		518.717		7.01205e+06		241.731		
00:00:31:949		1.26647e+07		-3.59057		2.47377		519.479		7.00968e+06		242.684		
00:00:31:850		1.2675e+07		-3.5777		2.47429		520.237		7.00733e+06		243.994		
00:00:31:750		1.26853e+07		-3.56486		2.47523		520.989		7.00504e+06		245.797		
00:00:31:649		1.26956e+07		-3.55202		2.47586		521.735		7.00279e+06		247.848		
00:00:31:550		1.27058e+07		-3.5392		2.47671		522.482		7.00047e+06		249.868		
00:00:31:350		1.27261e+07		-3.51358		2.478		523.99		6.99552e+06		253.809		
00:00:31:350		1.27261e+07		-3.51358		2.478		523.99		6.99552e+06		253.809		
00:00:31:250		1.27362e+07		-3.50078		2.47806		524.766		6.99288e+06		255.656		
00:00:31:149		1.27463e+07		-3.488		2.47819		525.572		6.99011e+06		257.271		
00:00:31:050		1.27563e+07		-3.47523		2.47852		526.421		6.9872e+06		258.299		
00:00:30:949		1.27664e+07		-3.46249		2.47874		527.347		6.98414e+06		258.974		
00:00:30:850		1.27764e+07		-3.44977		2.47889		528.373		6.98092e+06		259.542		
00:00:30:699		1.27913e+07		-3.43072		2.47898		530.153		6.97579e+06		260.244		
00:00:30:600		1.28012e+07		-3.41804		2.47884		531.531		6.97214e+06		260.572		
00:00:30:500		1.2811e+07		-3.40539		2.47856		533.072		6.96831e+06		260.796		
00:00:30:399		1.28208e+07		-3.39275		2.47842		534.766		6.96427e+06		260.885		
00:00:30:300		1.28306e+07		-3.38013		2.47846		536.576		6.95998e+06		260.772		
00:00:30:199		1.28403e+07		-3.36754		2.47843		538.453		6.95541e+06		260.215		
00:00:30:100		1.28499e+07		-3.35497		2.47788		540.345		6.95049e+06		258.666		
00:00:30:000		1.28596e+07		-3.34242		2.47706		542.18		6.94515e+06		254.756		
00:00:29:899		1.28691e+07		-3.32991		2.47622		543.863		6.93933e+06		244.601		
00:00:29:899		1.28691e+07		-3.32991		2.47622		543.863		6.93933e+06		244.601		
00:00:29:699		1.28881e+07		-3.30497		2.4744		546.33		6.9263e+06		224.839		
00:00:29:600		1.28975e+07		-3.29253		2.4744		546.33		6.9263e+06		224.839		
00:00:29:600		1.28975e+07		-3.29253		2.47329		546.862		6.91916e+06		215.411		
00:00:29:399		1.29161e+07		-3.26773		2.46982		546.042		6.90385e+06		197.827		
00:00:29:300		1.29254e+07		-3.25536		2.46799		544.659		6.89588e+06		189.711		
00:00:29:300		1.29254e+07		-3.25536		2.46799		544.659		6.89588e+06		189.711		
00:00:29:199		1.29347e+07		-3.243		2.466		542.845		6.88789e+06		182.068		
00:00:29:100		1.29439e+07		-3.23067		2.46408		541.057		6.88012e+06		174.938		
00:00:29:000		1.29531e+07		-3.21834		2.46201		539.702		6.87289e+06		169.061		
00:00:28:899		1.29622e+07		-3.20603		2.45975		538.862		6.86668e+06		169.524		
00:00:28:800		1.29713e+07		-3.19372		2.45785		538.466		6.86228e+06		200.774		
00:00:28:699		1.29804e+07		-3.18142		2.4567		538.433		6.86021e+06		304.159		
00:00:28:500		1.29985e+07		-3.15681		2.45318		538.603		6.86046e+06		465.541		
00:00:28:399		1.30075e+07		-3.1445		2.45249		538.603		6.86173e+06		509.984		
00:00:28:300		1.30165e+07		-3.13218		2.4522		538.572		6.86323e+06		541.226		
00:00:28:300		1.30165e+07		-3.13218		2.4522		538.572		6.86323e+06		541.226		
00:00:28:199		1.30255e+07		-3.11986		2.45242		538.534		6.86464e+06		534.138		
00:00:28:050		1.3039e+07		-3.10137		2.45342		538.478		6.86656e+06		526.073		
00:00:27:899		1.30525e+07		-3.08287		2.45582		538.418		6.8684e+06		524.324		
00:00:27:899		1.30525e+07		-3.08287		2.45582		538.418		6.8684e+06		524.324		
00:00:27:699		1.30704e+07		-3.05819		2.46034		538.339		6.87083e+06		524.62		
00:00:27:699		1.30704e+07		-3.05819		2.46034		538.339		6.87083e+06		524.62		
00:00:27:600		1.30794e+07		-3.04585		2.46256		538.297		6.87203e+06		524.776		
00:00:27:399		1.30973e+07		-3.02114		2.46708		538.212		6.8744e+06		525.058		
00:00:27:250		1.31108e+07		-3.00258		2.47057		538.148		6.87616e+06		525.264		
00:00:27:250		1.31108e+07		-3.00258		2.47057		538.148		6.87616e+06		525.264		
00:00:27:149		1.31197e+07		-2.9902		2.47282		538.101		6.87732e+06		525.396		
00:00:27:050		1.31287e+07		-2.97781		2.47513		538.056		6.87847e+06		525.526		
00:00:26:949		1.31376e+07		-2.96541		2.47739		538.011		6.87961e+06		525.658		
00:00:26:850		1.31466e+07		-2.95301		2.47968		537.964		6.88075e+06		525.796		
00:00:26:750		1.31555e+07		-2.94059		2.48207		537.915		6.88187e+06		525.919		
00:00:26:649		1.31645e+07		-2.92817		2.48435		537.866		6.88299e+06		526.042		
00:00:26:550		1.31734e+07		-2.91573		2.48665		537.818		6.8841e+06		526.16		
00:00:26:350		1.31913e+07		-2.89083		2.49129		537.72		6.88629e+06		526.392		
00:00:26:350		1.31913e+07		-2.89083		2.49129		537.72		6.88629e+06		526.392		
00:00:26:250		1.32002e+07		-2.87836		2.49366		537.67		6.88738e+06		526.506		
00:00:26:149		1.32091e+07		-2.86589		2.49599		537.619		6.88845e+06		526.626		
00:00:26:050		1.3218e+07		-2.8534		2.49828		537.57		6.88952e+06		526.734		
00:00:25:949		1.32269e+07		-2.84091		2.50064		537.521		6.89057e+06		526.834		
00:00:25:850		1.32359e+07		-2.82841		2.50306		537.475		6.89162e+06		526.935		
00:00:25:750		1.32448e+07		-2.8159		2.50555		537.426		6.89266e+06		527.034		
00:00:25:649		1.32537e+07		-2.8034		2.50793		537.381		6.89369e+06		527.127		
00:00:25:550		1.32626e+07		-2.79089		2.51032		537.334		6.89472e+06		527.21		
00:00:25:449		1.32715e+07		-2.77837		2.51279		537.287		6.89573e+06		527.3		
00:00:25:350		1.32805e+07		-2.76586		2.51531		537.239		6.89673e+06		527.382		
00:00:25:250		1.32894e+07		-2.75333		2.51783		537.192		6.89773e+06		527.447		
00:00:25:149		1.32984e+07		-2.7408		2.52026		537.141		6.89872e+06		527.527		
00:00:25:050		1.33073e+07		-2.72825		2.52273		537.087		6.89971e+06		527.61		
00:00:24:949		1.33163e+07		-2.7157		2.52512		537.032		6.90071e+06		527.722		
00:00:24:850		1.33252e+07		-2.70314		2.52763		536.974		6.90174e+06		527.912		
00:00:24:750		1.33341e+07		-2.69056		2.53001		536.916		6.9028e+06		528.146		
00:00:24:649		1.33431e+07		-2.67798		2.53242		536.856		6.90385e+06		528.362		
00:00:24:550		1.3352e+07		-2.66538		2.53479		536.8		6.90489e+06		528.592		
00:00:24:449		1.33654e+07		-2.64647		2.53869		536.713		6.90642e+06		528.878		
00:00:24:300		1.33743e+07		-2.63384		2.5411		536.656		6.90742e+06		529.07		
00:00:24:199		1.33832e+07		-2.62119		2.54348		536.6		6.90841e+06		529.238		
00:00:24:100		1.33921e+07		-2.60854		2.54588		536.545		6.90938e+06		529.421		
00:00:24:000		1.34011e+07		-2.59588		2.54843		536.489		6.91034e+06		529.569		
00:00:23:899		1.341e+07		-2.58321		2.55094		536.434		6.91129e+06		529.746		
00:00:23:800		1.34189e+07		-2.57053		2.55348		536.376		6.91223e+06		529.889		
00:00:23:699		1.34278e+07		-2.55784		2.55595		536.323		6.91315e+06		530.034		
00:00:23:600		1.34367e+07		-2.54515		2.55849		536.267		6.91407e+06		530.176		
00:00:23:600		1.34367e+07		-2.54515		2.55849		536.267		6.91407e+06		530.176		
00:00:23:500		1.34455e+07		-2.53246		2.56112		536.214		6.91497e+06		530.316		
00:00:23:300		1.34631e+07		-2.50705		2.56633		536.103		6.91675e+06		530.624		
00:00:23:300		1.34631e+07		-2.50705		2.56633		536.103		6.91675e+06		530.624		
00:00:23:199		1.34719e+07		-2.49433		2.56893		536.049		6.91762e+06		530.779		
00:00:23:100		1.34807e+07		-2.48161		2.57151		535.998		6.91849e+06		530.939		
00:00:22:899		1.34983e+07		-2.45611		2.57682		535.889		6.92019e+06		531.259		
00:00:22:800		1.35071e+07		-2.44335		2.57952		535.834		6.92104e+06		531.417		
00:00:22:699		1.35159e+07		-2.43057		2.58217		535.781		6.92187e+06		531.573		
00:00:22:600		1.35247e+07		-2.41779		2.58485		535.727		6.9227e+06		531.738		
00:00:22:500		1.35335e+07		-2.40501		2.58754		535.672		6.92353e+06		531.895		
00:00:22:399		1.35423e+07		-2.39222		2.5903		535.617		6.92435e+06		532.054		
00:00:22:300		1.35512e+07		-2.37941		2.59304		535.564		6.92517e+06		532.209		
00:00:22:300		1.35512e+07		-2.37941		2.59304		535.564		6.92517e+06		532.209		
00:00:22:199		1.356e+07		-2.36659		2.59569		535.508		6.92598e+06		532.357		
00:00:22:100		1.35689e+07		-2.35377		2.59835		535.455		6.92678e+06		532.488		
00:00:22:000		1.35777e+07		-2.34094		2.60122		535.401		6.92757e+06		532.62		
00:00:21:899		1.35865e+07		-2.32812		2.60406		535.344		6.92835e+06		532.749		
00:00:21:800		1.35954e+07		-2.31531		2.60693		535.289		6.92913e+06		532.863		
00:00:21:699		1.36042e+07		-2.30252		2.60965		535.235		6.92989e+06		532.992		
00:00:21:600		1.3613e+07		-2.28975		2.61231		535.18		6.93065e+06		533.121		
00:00:21:500		1.36218e+07		-2.27702		2.61515		535.123		6.93141e+06		533.239		
00:00:21:250		1.36437e+07		-2.24535		2.62249		534.987		6.93326e+06		533.555		
00:00:21:250		1.36437e+07		-2.24535		2.62249		534.987		6.93326e+06		533.555		
00:00:21:149		1.36525e+07		-2.23275		2.62513		534.93		6.93399e+06		533.675		
00:00:21:050		1.36613e+07		-2.22019		2.62775		534.875		6.93471e+06		533.797		
00:00:20:949		1.36701e+07		-2.20766		2.63094		534.817		6.93542e+06		533.919		
00:00:20:850		1.36789e+07		-2.19518		2.63431		534.761		6.93613e+06		534.037		
00:00:20:750		1.36877e+07		-2.18273		2.6372		534.7		6.93683e+06		534.152		
00:00:20:649		1.36965e+07		-2.17032		2.63958		534.642		6.93753e+06		534.267		
00:00:20:550		1.37052e+07		-2.15795		2.64194		534.58		6.93822e+06		534.357		
00:00:20:350		1.37228e+07		-2.13334		2.64941		534.458		6.93957e+06		534.558		
00:00:20:250		1.37316e+07		-2.12111		2.65256		534.392		6.94024e+06		534.658		
00:00:20:250		1.37316e+07		-2.12111		2.65256		534.392		6.94024e+06		534.658		
00:00:20:149		1.37404e+07		-2.10893		2.65439		534.332		6.9409e+06		534.754		
00:00:20:050		1.37493e+07		-2.0968		2.656		534.268		6.94156e+06		534.862		
00:00:19:949		1.37581e+07		-2.08473		2.65973		534.206		6.9422e+06		534.968		
00:00:19:850		1.37669e+07		-2.07273		2.66504		534.14		6.94284e+06		535.071		
00:00:19:750		1.37757e+07		-2.06078		2.66909		534.08		6.94347e+06		535.168		
00:00:19:649		1.37845e+07		-2.0489		2.66983		534.021		6.94409e+06		535.266		
00:00:19:550		1.37933e+07		-2.03709		2.66942		533.965		6.9447e+06		535.371		
00:00:19:449		1.38022e+07		-2.02534		2.67366		533.91		6.9453e+06		535.45		
00:00:19:350		1.3811e+07		-2.01366		2.6814		533.86		6.94589e+06		535.526		
00:00:19:250		1.38198e+07		-2.00204		2.6875		533.813		6.94645e+06		535.571		
00:00:19:149		1.38287e+07		-1.99049		2.68626		533.769		6.947e+06		535.604		
00:00:19:050		1.38375e+07		-1.97899		2.68108		533.727		6.94752e+06		535.6		
00:00:18:949		1.38464e+07		-1.96756		2.68551		533.681		6.94801e+06		535.565		
00:00:18:850		1.38552e+07		-1.95619		2.69766		533.638		6.94846e+06		535.456		
00:00:18:699		1.38684e+07		-1.93923		2.70962		533.564		6.94909e+06		535.234		
00:00:18:600		1.38773e+07		-1.92797		2.70079		533.51		6.94953e+06		535.243		
00:00:18:500		1.38862e+07		-1.91675		2.68898		533.455		6.95006e+06		535.293		
00:00:18:399		1.38952e+07		-1.90557		2.70297		533.4		6.95058e+06		535.341		
00:00:18:350		1.38997e+07		-1.89998		2.71119		533.372		6.95083e+06		535.375		
00:00:18:199		1.39132e+07		-1.88325		2.74576		533.288		6.95159e+06		535.447		
00:00:18:149		1.39177e+07		-1.87767		2.75079		533.259		6.95184e+06		535.479		
00:00:18:050		1.39267e+07		-1.8665		2.76282		533.197		6.95234e+06		535.553		
00:00:17:949		1.39359e+07		-1.85531		2.77379		533.133		6.95284e+06		535.616		
00:00:17:850		1.39497e+07		-1.83848		2.78902		533.032		6.95357e+06		535.747		
00:00:17:699		1.3959e+07		-1.82721		2.80013		532.959		6.95406e+06		535.834		
00:00:17:600		1.39684e+07		-1.8159		2.80752		532.88		6.95454e+06		535.935		
00:00:17:500		1.39779e+07		-1.80453		2.82071		532.8		6.95503e+06		536.042		
00:00:17:399		1.39875e+07		-1.79312		2.83054		532.714		6.95551e+06		536.18		
00:00:17:300		1.39973e+07		-1.78168		2.83939		532.628		6.95599e+06		536.316		
00:00:17:199		1.40072e+07		-1.77025		2.85141		532.549		6.95648e+06		536.472		
00:00:17:100		1.40172e+07		-1.75883		2.8627		532.475		6.95697e+06		536.635		
00:00:17:000		1.40172e+07		-1.75883		2.8627		532.475		6.95697e+06		536.635		
00:00:17:000		1.40273e+07		-1.74742		2.87107		532.428		6.95746e+06		536.796		
00:00:16:800		1.40478e+07		-1.72458		2.88606		532.452		6.95845e+06		537.151		
00:00:16:800		1.40478e+07		-1.72458		2.88606		532.452		6.95845e+06		537.151		
00:00:16:699		1.40583e+07		-1.71316		2.90041		532.549		6.95895e+06		537.414		
00:00:16:600		1.40688e+07		-1.70168		2.91047		532.703		6.95947e+06		537.777		
00:00:16:500		1.40793e+07		-1.69015		2.91869		532.902		6.95999e+06		538.279		
00:00:16:300		1.41001e+07		-1.66691		2.93345		533.266		6.96103e+06		539.797		
00:00:16:300		1.41001e+07		-1.66691		2.93345		533.266		6.96103e+06		539.797		
00:00:16:199		1.41103e+07		-1.65518		2.94532		533.303		6.96151e+06		540.733		
00:00:16:000		1.41303e+07		-1.63144		2.96143		533.034		6.96222e+06		540.836		
00:00:16:000		1.41303e+07		-1.63144		2.96143		533.034		6.96222e+06		540.836		
00:00:15:900		1.41398e+07		-1.61939		2.96897		532.849		6.96233e+06		536.238		
00:00:15:699		1.41621e+07		-1.58906		2.9885		532.422		6.96204e+06		516.182		
00:00:15:699		1.41621e+07		-1.58906		2.9885		532.422		6.96204e+06		516.182		
00:00:15:550		1.4171e+07		-1.57691		2.99616		532.279		6.96198e+06		519.139		
00:00:15:349		1.41886e+07		-1.55255		3.01102		532.065		6.96206e+06		524.74		
00:00:15:250		1.41974e+07		-1.54033		3.0186		531.993		6.9622e+06		527.467		
00:00:15:250		1.41974e+07		-1.54033		3.0186		531.993		6.9622e+06		527.467		
00:00:15:150		1.42062e+07		-1.5281		3.02631		531.933		6.9624e+06		530.165		
00:00:15:050		1.4215e+07		-1.51584		3.0338		531.876		6.96266e+06		532.821		
00:00:14:949		1.42237e+07		-1.50355		3.04066		531.821		6.96295e+06		535.314		
00:00:14:849		1.42325e+07		-1.49125		3.0472		531.766		6.96327e+06		537.258		
00:00:14:750		1.42412e+07		-1.47893		3.05398		531.705		6.96359e+06		537.808		
00:00:14:650		1.42499e+07		-1.4666		3.06094		531.65		6.9639e+06		537.872		
00:00:14:550		1.42586e+07		-1.45424		3.06787		531.595		6.96421e+06		537.934		
00:00:14:349		1.4276e+07		-1.42947		3.08037		531.48		6.96481e+06		538.065		
00:00:14:250		1.42847e+07		-1.41706		3.08652		531.425		6.9651e+06		538.127		
00:00:14:250		1.42847e+07		-1.41706		3.08652		531.425		6.9651e+06		538.127		
00:00:14:150		1.42934e+07		-1.40463		3.09234		531.366		6.96539e+06		538.188		
00:00:14:050		1.4302e+07		-1.39218		3.09844		531.313		6.96568e+06		538.242		
00:00:13:949		1.43106e+07		-1.37971		3.10452		531.258		6.96596e+06		538.307		
00:00:13:849		1.43192e+07		-1.36722		3.11022		531.199		6.96623e+06		538.37		
00:00:13:750		1.43278e+07		-1.3547		3.11554		531.146		6.9665e+06		538.43		
00:00:13:650		1.43364e+07		-1.34215		3.1204		531.091		6.96677e+06		538.48		
00:00:13:550		1.43449e+07		-1.32956		3.12607		531.034		6.96703e+06		538.543		
00:00:13:449		1.43533e+07		-1.31695		3.13158		530.978		6.96728e+06		538.601		
00:00:13:349		1.43618e+07		-1.30431		3.13639		530.923		6.96753e+06		538.66		
00:00:13:250		1.43702e+07		-1.29164		3.14095		530.87		6.96778e+06		538.713		
00:00:13:150		1.43786e+07		-1.27893		3.14431		530.815		6.96802e+06		538.757		
00:00:13:050		1.4387e+07		-1.26619		3.14966		530.76		6.96826e+06		538.816		
00:00:12:949		1.43954e+07		-1.25341		3.15439		530.705		6.96849e+06		538.868		
00:00:12:800		1.44077e+07		-1.23418		3.16125		530.626		6.96883e+06		538.945		
00:00:12:699		1.44159e+07		-1.22132		3.16471		530.57		6.96905e+06		538.995		
00:00:12:650		1.442e+07		-1.21487		3.16649		530.543		6.96916e+06		539.018		
00:00:12:550		1.4428e+07		-1.20193		3.16932		530.488		6.96937e+06		539.067		
00:00:12:449		1.44359e+07		-1.18894		3.17333		530.436		6.96958e+06		539.108		
00:00:12:349		1.44438e+07		-1.17591		3.17664		530.385		6.96978e+06		539.157		
00:00:12:250		1.44515e+07		-1.16281		3.17966		530.333		6.96998e+06		539.206		
00:00:12:150		1.44589e+07		-1.14966		3.18261		530.282		6.97017e+06		539.247		
00:00:12:050		1.44662e+07		-1.13644		3.18532		530.228		6.97036e+06		539.292		
00:00:11:949		1.4473e+07		-1.12319		3.18801		530.177		6.97054e+06		539.328		
00:00:11:849		1.44798e+07		-1.10994		3.19011		530.127		6.97072e+06		539.369		
00:00:11:750		1.44865e+07		-1.09671		3.19266		530.078		6.97089e+06		539.41		
00:00:11:650		1.44932e+07		-1.0835		3.19496		530.028		6.97106e+06		539.448		
00:00:11:550		1.45e+07		-1.07034		3.19732		529.978		6.97122e+06		539.482		
00:00:11:400		1.45103e+07		-1.05068		3.19979		529.901		6.97145e+06		539.539		
00:00:11:300		1.45173e+07		-1.03763		3.20168		529.858		6.9716e+06		539.569		
00:00:11:199		1.45245e+07		-1.02465		3.20373		529.805		6.97174e+06		539.602		
00:00:11:099		1.45319e+07		-1.01171		3.20605		529.763		6.97188e+06		539.633		
00:00:11:000		1.45395e+07		-0.998838		3.20814		529.715		6.97201e+06		539.673		
00:00:11:000		1.45395e+07		-0.998838		3.20814		529.715		6.97201e+06		539.673		
00:00:10:900		1.45475e+07		-0.986005		3.20951		529.667		6.97214e+06		539.702		
00:00:10:699		1.45635e+07		-0.960198		3.21186		529.58		6.97238e+06		539.75		
00:00:10:599		1.4571e+07		-0.947161		3.21327		529.534		6.97249e+06		539.775		
00:00:10:500		1.45778e+07		-0.93418		3.21495		529.492		6.97259e+06		539.805		
00:00:10:500		1.45778e+07		-0.93418		3.21495		529.492		6.97259e+06		539.805		
00:00:10:300		1.45926e+07		-0.908583		3.21768		529.409		6.97278e+06		539.846		
00:00:10:300		1.45926e+07		-0.908583		3.21768		529.409		6.97278e+06		539.846		
00:00:10:199		1.46007e+07		-0.89592		3.2187		529.367		6.97287e+06		539.865		
00:00:10:099		1.4609e+07		-0.883267		3.21968		529.328		6.97295e+06		539.886		
00:00:10:000		1.46173e+07		-0.870608		3.22054		529.289		6.97302e+06		539.905		
00:00:09:900		1.46256e+07		-0.857944		3.22092		529.251		6.97309e+06		539.921		
00:00:09:800		1.46339e+07		-0.845273		3.22108		529.214		6.97315e+06		539.948		
00:00:09:599		1.46504e+07		-0.819917		3.22084		529.144		6.97326e+06		539.953		
00:00:09:599		1.46504e+07		-0.819917		3.22084		529.144		6.97326e+06		539.953		
00:00:09:500		1.46587e+07		-0.807238		3.22037		529.109		6.9733e+06		539.953		
00:00:09:300		1.46752e+07		-0.781878		3.2185		529.048		6.97336e+06		539.944		
00:00:09:300		1.46752e+07		-0.781878		3.2185		529.048		6.97336e+06		539.944		
00:00:09:199		1.46835e+07		-0.76919		3.21744		529.016		6.97337e+06		539.945		
00:00:09:099		1.46918e+07		-0.756502		3.21593		528.987		6.97338e+06		539.935		
00:00:09:000		1.47e+07		-0.743814		3.21434		528.959		6.97339e+06		539.922		
00:00:08:900		1.47082e+07		-0.731127		3.21229		528.933		6.97338e+06		539.906		
00:00:08:800		1.47165e+07		-0.718442		3.20989		528.91		6.97337e+06		539.885		
00:00:08:699		1.47247e+07		-0.705761		3.2079		528.889		6.97334e+06		539.86		
00:00:08:449		1.47452e+07		-0.674099		3.20361		528.838		6.97325e+06		539.771		
00:00:08:449		1.47452e+07		-0.674099		3.20361		528.838		6.97325e+06		539.771		
00:00:08:300		1.47575e+07		-0.655131		3.19999		528.814		6.97318e+06		539.712		
00:00:08:300		1.47575e+07		-0.655131		3.19999		528.814		6.97318e+06		539.712		
00:00:08:150		1.47697e+07		-0.636188		3.19637		528.793		6.97308e+06		539.639		
00:00:08:099		1.47738e+07		-0.629879		3.19532		528.788		6.97304e+06		539.614		
00:00:08:000		1.4782e+07		-0.617274		3.19504		528.777		6.97296e+06		539.554		
00:00:07:900		1.47901e+07		-0.604678		3.19281		528.764		6.97288e+06		539.483		
00:00:07:799		1.47983e+07		-0.592106		3.19041		528.756		6.97278e+06		539.417		
00:00:07:700		1.48064e+07		-0.579553		3.18804		528.753		6.97268e+06		539.351		
00:00:07:599		1.48146e+07		-0.567019		3.18556		528.749		6.97257e+06		539.273		
00:00:07:400		1.48309e+07		-0.542013		3.18626		528.749		6.97233e+06		539.098		
00:00:07:299		1.4839e+07		-0.529547		3.18756		528.751		6.9722e+06		538.997		
00:00:07:299		1.4839e+07		-0.529547		3.18756		528.751		6.9722e+06		538.997		
00:00:07:150		1.48512e+07		-0.510904		3.18063		528.758		6.972e+06		538.849		
00:00:07:049		1.48593e+07		-0.498511		3.17893		528.766		6.97185e+06		538.74		
00:00:06:950		1.48675e+07		-0.486148		3.18148		528.779		6.9717e+06		538.625		
00:00:06:849		1.48756e+07		-0.473814		3.18269		528.79		6.97155e+06		538.499		
00:00:06:750		1.48838e+07		-0.461512		3.17822		528.803		6.97138e+06		538.374		
00:00:06:650		1.4892e+07		-0.44925		3.17459		528.817		6.97122e+06		538.239		
00:00:06:549		1.49001e+07		-0.437027		3.17349		528.834		6.97105e+06		538.097		
00:00:06:349		1.49165e+07		-0.412699		3.17799		528.878		6.9707e+06		537.796		
00:00:06:250		1.49247e+07		-0.400589		3.17319		528.9		6.97052e+06		537.634		
00:00:06:250		1.49247e+07		-0.400589		3.17319		528.9		6.97052e+06		537.634		
00:00:06:150		1.49329e+07		-0.388521		3.16544		528.926		6.97033e+06		537.462		
00:00:06:049		1.49411e+07		-0.376494		3.16166		528.952		6.97015e+06		537.289		
00:00:05:950		1.49493e+07		-0.36451		3.16889		528.981		6.96996e+06		537.102		
00:00:05:849		1.49576e+07		-0.35257		3.17297		529.009		6.96978e+06		536.919		
00:00:05:750		1.49658e+07		-0.340692		3.16523		529.04		6.96959e+06		536.725		
00:00:05:650		1.49742e+07		-0.328857		3.14586		529.072		6.9694e+06		536.525		
00:00:05:500		1.49867e+07		-0.311185		3.14296		529.118		6.96912e+06		536.209		
00:00:05:349		1.49995e+07		-0.29357		3.17478		529.168		6.96885e+06		535.878		
00:00:05:200		1.50125e+07		-0.276035		3.1441		529.217		6.96858e+06		535.561		
00:00:05:200		1.50125e+07		-0.276035		3.1441		529.217		6.96858e+06		535.561		
00:00:05:150		1.50169e+07		-0.270218		3.12789		529.232		6.96849e+06		535.453		
00:00:05:000		1.50303e+07		-0.25283		3.11622		529.286		6.96822e+06		535.121		
00:00:04:900		1.50394e+07		-0.2413		3.14595		529.321		6.96805e+06		534.895		
00:00:04:799		1.50487e+07		-0.229827		3.18176		529.356		6.96788e+06		534.668		
00:00:04:700		1.5058e+07		-0.218418		3.19724		529.393		6.9677e+06		534.425		
00:00:04:599		1.50675e+07		-0.207062		3.20244		529.427		6.96752e+06		534.2		
00:00:04:500		1.5077e+07		-0.195752		3.20775		529.468		6.96735e+06		533.955		
00:00:04:400		1.50865e+07		-0.184453		3.20902		529.503		6.96717e+06		533.705		
00:00:04:299		1.50955e+07		-0.173082		3.21629		529.544		6.96699e+06		533.451		
00:00:04:299		1.50955e+07		-0.173082		3.21629		529.544		6.96699e+06		533.451		
00:00:04:200		1.51035e+07		-0.161738		3.22037		529.58		6.96681e+06		533.191		
00:00:04:099		1.51115e+07		-0.150492		3.22389		529.619		6.96663e+06		532.927		
00:00:04:000		1.51192e+07		-0.139345		3.22788		529.656		6.96646e+06		532.653		
00:00:03:899		1.5127e+07		-0.128307		3.23096		529.696		6.96629e+06		532.395		
00:00:03:799		1.51348e+07		-0.117384		3.23378		529.733		6.96613e+06		532.126		
00:00:03:700		1.51428e+07		-0.106583		3.23663		529.77		6.96597e+06		531.851		
00:00:03:600		1.51508e+07		-0.0959044		3.2382		529.805		6.96582e+06		531.604		
00:00:03:399		1.51673e+07		-0.0749273		3.24357		529.871		6.96554e+06		531.053		
00:00:03:299		1.51757e+07		-0.06462		3.24485		529.903		6.96542e+06		530.796		
00:00:03:299		1.51757e+07		-0.06462		3.24485		529.903		6.96542e+06		530.796		
00:00:03:200		1.51842e+07		-0.0543957		3.24468		529.93		6.96531e+06		530.541		
00:00:03:100		1.51928e+07		-0.0442419		3.24091		529.958		6.96521e+06		530.293		
00:00:02:899		1.52101e+07		-0.0241561		3.24246		530.008		6.96505e+06		529.823		
00:00:02:899		1.52101e+07		-0.0241561		3.24246		530.008		6.96505e+06		529.823		
00:00:02:799		1.52188e+07		-0.0142336		3.2392		530.03		6.96499e+06		529.601		
00:00:02:700		1.52275e+07		-0.00439358		3.23291		530.05		6.96494e+06		529.393		
00:00:02:549		1.52406e+07		0.0102081		3.22387		530.074		6.96489e+06		529.11		
00:00:02:500		1.5245e+07		0.0150328		3.22157		530.081		6.96488e+06		528.993		
00:00:02:299		1.52626e+07		0.034102		3.20664		530.103		6.96486e+06		528.65		
00:00:02:299		1.52626e+07		0.034102		3.20664		530.103		6.96486e+06		528.65		
00:00:02:200		1.52716e+07		0.0434566		3.18806		530.114		6.96486e+06		528.488		
00:00:02:049		1.52852e+07		0.0571995		3.16112		530.131		6.96487e+06		528.267		
00:00:01:949		1.52943e+07		0.066153		3.15174		530.14		6.96489e+06		528.127		
00:00:01:850		1.53035e+07		0.074924		3.13554		530.149		6.9649e+06		527.983		
00:00:01:750		1.53127e+07		0.083508		3.11275		530.159		6.96491e+06		527.859		
00:00:01:649		1.53219e+07		0.0919242		3.07613		530.168		6.96492e+06		527.716		
00:00:01:550		1.53312e+07		0.100223		3.0453		530.173		6.96492e+06		527.578		
00:00:01:449		1.53408e+07		0.108461		3.04605		530.181		6.96492e+06		527.446		
00:00:01:250		1.53618e+07		0.124768		3.06321		530.19		6.96489e+06		527.183		
00:00:01:250		1.53618e+07		0.124768		3.06321		530.19		6.96489e+06		527.183		
00:00:01:149		1.53729e+07		0.132504		3.0084		530.193		6.96487e+06		527.061		
00:00:01:050		1.53843e+07		0.140164		2.93753		530.195		6.96485e+06		526.954		
00:00:00:949		1.53962e+07		0.14807		2.9416		530.199		6.96484e+06		526.896		
00:00:00:849		1.54125e+07		0.156672		3.024		530.201		6.96484e+06		526.847		
00:00:00:750		1.54376e+07		0.164883		3.11333		530.203		6.96485e+06		526.817		
00:00:00:650		1.54606e+07		0.1705		3.09493		530.206		6.96485e+06		526.82		
00:00:00:550		1.54751e+07		0.172686		3.01256		530.208		6.96485e+06		526.826		
00:00:00:450		1.54786e+07		0.17284		2.83569		530.212		6.96485e+06		526.826		
00:00:00:250		1.54786e+07		0.17284		2.83572		530.217		6.96484e+06		526.837		
00:00:00:250		1.54786e+07		0.17284		2.83572		530.217		6.96484e+06		526.837		
00:00:00:149		1.54785e+07		0.17284		2.83572		530.221		6.96484e+06		526.815		
00:00:00:050		1.54785e+07		0.17284		2.83567		530.223		6.96484e+06		526.826		
00:00:00:000		1.54785e+07		0.17284		2.83571		530.225		6.96483e+06		526.826		
00:00:00:000		1.54785e+07		0.17284		2.83571		530.225		6.96483e+06		526.826		
00:00:00:000		1.54785e+07		0.17284		2.83571		530.225		6.96483e+06		526.826		
00:00:00:000		1.54785e+07		0.17284		2.83571		530.225		6.96483e+06		526.826		
00:00:00:000		1.54785e+07		0.17284		2.83571		530.225		6.96483e+06		526.826		
00:00:00:000		1.54785e+07		0.17284		2.83571		530.225		6.96483e+06		526.826		
