time 		gpv001pnt10113ppntm		evf507ety101mpzoyout		chtcon(1)		chavg(1)		chlhsumpa		rcptavgn
00:01:06:250		6.834230E+06		100.028		35.4203		0.00659108		0.000618367		309.862
00:01:06:250		6.834230E+06		100.028		35.4203		0.00659108		0.000618367		309.862
00:01:06:150		6.834230E+06		100.028		35.4232		0.00659108		0.000616016		309.862
00:01:06:049		6.834220E+06		100.028		35.4232		0.00659108		0.000616016		309.862
00:01:06:000		6.834220E+06		100.028		35.4232		0.00659108		0.000616016		309.862
00:01:05:849		6.834210E+06		100.028		35.426		0.00659108		0.000613664		309.862
00:01:05:650		6.834200E+06		100.028		35.4289		0.00659108		0.000611313		309.862
00:01:05:650		6.834200E+06		100.028		35.4289		0.00659108		0.000611313		309.862
00:01:05:549		6.834190E+06		100.028		35.4289		0.00659108		0.000611313		309.862
00:01:05:450		6.834180E+06		100.028		35.4318		0.00659108		0.000608962		309.862
00:01:05:250		6.834170E+06		100.029		35.4318		0.00659108		0.000608962		309.862
00:01:05:250		6.834170E+06		100.029		35.4318		0.00659108		0.000608962		309.862
00:01:05:049		6.834160E+06		100.029		35.4347		0.00659108		0.000606611		309.862
00:01:05:049		6.834160E+06		100.029		35.4347		0.00659108		0.000606611		309.862
00:01:04:950		6.834150E+06		100.029		35.4375		0.00659108		0.00060426		309.862
00:01:04:849		6.834150E+06		100.029		35.4375		0.00659108		0.00060426		309.862
00:01:04:750		6.834140E+06		100.029		35.4375		0.00659108		0.00060426		309.862
00:01:04:599		6.834130E+06		100.029		35.4404		0.00659108		0.000601908		309.862
00:01:04:549		6.834130E+06		100.029		35.4404		0.00659108		0.000601908		309.862
00:01:04:400		6.834120E+06		100.029		35.4433		0.00659108		0.000599557		309.861
00:01:04:299		6.834110E+06		100.029		35.4433		0.00659108		0.000599557		309.861
00:01:04:200		6.834110E+06		100.029		35.4462		0.00659108		0.000597206		309.861
00:01:04:099		6.834100E+06		100.029		35.4462		0.00659108		0.000597206		309.861
00:01:04:049		6.834100E+06		100.029		35.4462		0.00659108		0.000597206		309.861
00:01:03:950		6.834090E+06		100.029		35.4491		0.00659108		0.000594855		309.861
00:01:03:850		6.834090E+06		100.029		35.4491		0.00659108		0.000594855		309.861
00:01:03:750		6.834080E+06		100.029		35.4491		0.00659108		0.000594855		309.861
00:01:03:649		6.834070E+06		100.029		35.452		0.00659117		0.000592504		309.861
00:01:03:549		6.834060E+06		100.029		35.452		0.00659117		0.000592504		309.861
00:01:03:450		6.834060E+06		100.029		35.4549		0.00603729		0.000590153		309.861
00:01:03:350		6.834050E+06		100.029		35.4549		0.00603729		0.000590153		309.861
00:01:03:200		6.834040E+06		100.03		35.4578		0.00548341		0.000587801		309.861
00:01:03:100		6.834040E+06		100.03		35.4578		0.00548341		0.000587801		309.861
00:01:03:000		6.834030E+06		100.03		35.4578		0.00548341		0.000587801		309.861
00:01:02:899		6.834020E+06		100.03		35.4607		0.00548341		0.00058545		309.861
00:01:02:799		6.834020E+06		100.03		35.4607		0.00548341		0.00058545		309.861
00:01:02:700		6.834010E+06		100.03		35.4637		0.00548341		0.000583099		309.861
00:01:02:600		6.834000E+06		100.03		35.4637		0.00548341		0.000583099		309.861
00:01:02:500		6.834000E+06		100.03		35.4637		0.00548341		0.000583099		309.861
00:01:02:399		6.833990E+06		100.03		35.4666		0.00548341		0.000580748		309.861
00:01:02:299		6.833980E+06		100.03		35.4666		0.00548341		0.000580748		309.861
00:01:02:200		6.833980E+06		100.03		35.4695		0.00548341		0.000578397		309.86
00:01:02:100		6.833970E+06		100.03		35.4695		0.00548341		0.000578397		309.86
00:01:02:000		6.833960E+06		100.03		35.4695		0.00548341		0.000578397		309.86
00:01:01:899		6.833950E+06		100.03		35.4725		0.00548341		0.000576045		309.86
00:01:01:799		6.833950E+06		100.03		35.4725		0.00548341		0.000576045		309.86
00:01:01:700		6.833940E+06		100.03		35.4754		0.00548341		0.000573694		309.86
00:01:01:600		6.833940E+06		100.03		35.4754		0.00548341		0.000573694		309.86
00:01:01:500		6.833930E+06		100.031		35.4754		0.00548341		0.000573694		309.86
00:01:01:399		6.833920E+06		100.031		35.4784		0.00548341		0.000571343		309.86
00:01:01:299		6.833910E+06		100.031		35.4784		0.00548341		0.000571343		309.86
00:01:01:200		6.833910E+06		100.031		35.4814		0.00548345		0.000568992		309.86
00:01:01:100		6.833900E+06		100.031		35.4814		0.00548345		0.000568992		309.86
00:01:01:000		6.833890E+06		100.031		35.4814		0.00548345		0.000568992		309.86
00:01:00:899		6.833880E+06		100.031		35.4844		0.00499933		0.000566641		309.86
00:01:00:799		6.833880E+06		100.031		35.4844		0.00499933		0.000566641		309.86
00:01:00:700		6.833870E+06		100.031		35.4873		0.00451523		0.00056429		309.86
00:01:00:700		6.833870E+06		100.031		35.4873		0.00451523		0.00056429		309.86
00:01:00:600		6.833860E+06		100.031		35.4873		0.00451523		0.00056429		309.86
00:01:00:399		6.833850E+06		100.031		35.4903		0.00451526		0.000561938		309.86
00:01:00:299		6.833840E+06		100.031		35.4903		0.00451526		0.000561938		309.86
00:01:00:200		6.833840E+06		100.031		35.4933		0.00451528		0.000559587		309.86
00:01:00:200		6.833840E+06		100.031		35.4933		0.00451528		0.000559587		309.86
00:01:00:100		6.833830E+06		100.031		35.4933		0.00451528		0.000559587		309.86
00:00:59:950		6.833820E+06		100.031		35.4963		0.00451528		0.000557236		309.86
00:00:59:850		6.833810E+06		100.031		35.4963		0.00451528		0.000557236		309.859
00:00:59:750		6.833800E+06		100.032		35.4963		0.00451528		0.000557236		309.859
00:00:59:649		6.833800E+06		100.032		35.4993		0.00451528		0.000554885		309.859
00:00:59:549		6.833790E+06		100.032		35.4993		0.00451528		0.000554885		309.859
00:00:59:350		6.833780E+06		100.032		35.5023		0.00451528		0.000552534		309.859
00:00:59:250		6.833770E+06		100.032		35.5023		0.00451531		0.000552534		309.859
00:00:59:250		6.833770E+06		100.032		35.5023		0.00451531		0.000552534		309.859
00:00:59:100		6.833760E+06		100.032		35.5054		0.00451531		0.000550182		309.859
00:00:59:100		6.833760E+06		100.032		35.5054		0.00451531		0.000550182		309.859
00:00:59:000		6.833750E+06		100.032		35.5054		0.00451531		0.000550182		309.859
00:00:58:899		6.833740E+06		100.032		35.5084		0.00451533		0.000547831		309.859
00:00:58:799		6.833740E+06		100.032		35.5084		0.00451533		0.000547831		309.859
00:00:58:600		6.833720E+06		100.032		35.5114		0.00451533		0.00054548		309.859
00:00:58:600		6.833720E+06		100.032		35.5114		0.00451533		0.00054548		309.859
00:00:58:500		6.833710E+06		100.032		35.5114		0.00451533		0.00054548		309.859
00:00:58:299		6.833700E+06		100.032		35.5145		0.00451533		0.000543129		309.859
00:00:58:200		6.833690E+06		100.032		35.5175		0.00451533		0.000540778		309.859
00:00:58:200		6.833690E+06		100.032		35.5175		0.00451533		0.000540778		309.859
00:00:58:100		6.833680E+06		100.032		35.5175		0.00451533		0.000540778		309.859
00:00:58:000		6.833680E+06		100.033		35.5175		0.00451533		0.000540778		309.859
00:00:57:850		6.833670E+06		100.033		35.5205		0.00451533		0.000538427		309.859
00:00:57:750		6.833660E+06		100.033		35.5205		0.00451533		0.000538427		309.859
00:00:57:649		6.833650E+06		100.033		35.5236		0.00451536		0.000536075		309.859
00:00:57:549		6.833640E+06		100.033		35.5236		0.00451536		0.000536075		309.858
00:00:57:549		6.833640E+06		100.033		35.5236		0.00451536		0.000536075		309.858
00:00:57:299		6.833630E+06		100.033		35.5267		0.00451542		0.000533724		309.858
00:00:57:200		6.833620E+06		100.033		35.5298		0.00451543		0.000531373		309.858
00:00:57:200		6.833620E+06		100.033		35.5298		0.00451543		0.000531373		309.858
00:00:57:100		6.833610E+06		100.033		35.5298		0.00451543		0.000531373		309.858
00:00:57:000		6.833600E+06		100.033		35.5298		0.00451543		0.000531373		309.858
00:00:56:899		6.833600E+06		100.033		35.5328		0.00451543		0.000529022		309.858
00:00:56:799		6.833590E+06		100.033		35.5328		0.00451543		0.000529022		309.858
00:00:56:700		6.833580E+06		100.033		35.5359		0.00451543		0.000526671		309.858
00:00:56:600		6.833570E+06		100.033		35.5359		0.00451543		0.000526671		309.858
00:00:56:500		6.833560E+06		100.033		35.5359		0.00451543		0.000526671		309.858
00:00:56:399		6.833560E+06		100.033		35.539		0.00451547		0.00052432		309.858
00:00:56:299		6.833550E+06		100.033		35.539		0.00451547		0.00052432		309.858
00:00:56:200		6.833540E+06		100.034		35.5421		0.00451552		0.000521968		309.858
00:00:56:100		6.833530E+06		100.034		35.5421		0.00451552		0.000521968		309.858
00:00:56:000		6.833530E+06		100.034		35.5421		0.00451552		0.000521968		309.858
00:00:55:899		6.833520E+06		100.034		35.5452		0.00451554		0.000519617		309.858
00:00:55:799		6.833510E+06		100.034		35.5452		0.00451554		0.000519617		309.858
00:00:55:700		6.833510E+06		100.034		35.5483		0.00451553		0.000517266		309.858
00:00:55:600		6.833500E+06		100.034		35.5483		0.00451553		0.000517266		309.858
00:00:55:500		6.833490E+06		100.034		35.5483		0.00451553		0.000517266		309.858
00:00:55:399		6.833480E+06		100.034		35.5515		0.00451553		0.000514915		309.858
00:00:55:250		6.833470E+06		100.034		35.5515		0.00451553		0.000514915		309.858
00:00:55:149		6.833460E+06		100.034		35.5546		0.00451557		0.000512564		309.858
00:00:55:049		6.833460E+06		100.034		35.5546		0.00451557		0.000512564		309.858
00:00:54:950		6.833450E+06		100.034		35.5577		0.00451558		0.000510213		309.858
00:00:54:850		6.833440E+06		100.034		35.5577		0.00451558		0.000510213		309.858
00:00:54:750		6.833430E+06		100.034		35.5577		0.00451558		0.000510213		309.857
00:00:54:649		6.833430E+06		100.034		35.5609		0.00451558		0.000507862		309.857
00:00:54:549		6.833420E+06		100.034		35.5609		0.00451558		0.000507862		309.857
00:00:54:450		6.833410E+06		100.035		35.564		0.00451558		0.000505511		309.857
00:00:54:350		6.833400E+06		100.035		35.564		0.00451558		0.000505511		309.857
00:00:54:250		6.833400E+06		100.035		35.564		0.00451558		0.000505511		309.857
00:00:54:149		6.833390E+06		100.035		35.5672		0.00451558		0.000503159		309.857
00:00:54:049		6.833380E+06		100.035		35.5672		0.00451558		0.000503159		309.857
00:00:53:950		6.833370E+06		100.035		35.5704		0.00420008		0.000500808		309.857
00:00:53:850		6.833370E+06		100.035		35.5704		0.00420008		0.000500808		309.857
00:00:53:750		6.833360E+06		100.035		35.5704		0.00420008		0.000500808		309.857
00:00:53:700		6.833360E+06		100.035		35.5735		0.0038846		0.000498457		309.857
00:00:53:600		6.833350E+06		100.035		35.5735		0.0038846		0.000498457		309.857
00:00:53:500		6.833340E+06		100.035		35.5735		0.0038846		0.000498457		309.857
00:00:53:299		6.833330E+06		100.035		35.5767		0.0038846		0.000496106		309.857
00:00:53:299		6.833330E+06		100.035		35.5767		0.0038846		0.000496106		309.857
00:00:53:149		6.833320E+06		100.035		35.5799		0.0038846		0.000493755		309.857
00:00:53:049		6.833310E+06		100.035		35.5799		0.0038846		0.000493755		309.857
00:00:52:950		6.833310E+06		100.035		35.5831		0.0038846		0.000491404		309.857
00:00:52:850		6.833300E+06		100.035		35.5831		0.0038846		0.000491404		309.857
00:00:52:750		6.833290E+06		100.036		35.5831		0.0038846		0.000491404		309.857
00:00:52:649		6.833280E+06		100.036		35.5863		0.0038846		0.000489053		309.857
00:00:52:549		6.833280E+06		100.036		35.5863		0.0038846		0.000489053		309.857
00:00:52:450		6.833270E+06		100.036		35.5895		0.00388459		0.000486702		309.857
00:00:52:350		6.833260E+06		100.036		35.5895		0.00388459		0.000486702		309.857
00:00:52:250		6.833250E+06		100.036		35.5895		0.00388459		0.000486702		309.857
00:00:52:149		6.833250E+06		100.036		35.5927		0.00388459		0.00048435		309.857
00:00:52:049		6.833240E+06		100.036		35.5927		0.00388459		0.00048435		309.857
00:00:51:950		6.833230E+06		100.036		35.596		0.0036097		0.000481999		309.857
00:00:51:850		6.833230E+06		100.036		35.596		0.0036097		0.000481999		309.857
00:00:51:750		6.833220E+06		100.036		35.596		0.0036097		0.000481999		309.856
00:00:51:649		6.833210E+06		100.036		35.5992		0.00333482		0.000479648		309.856
00:00:51:549		6.833210E+06		100.036		35.5992		0.00333482		0.000479648		309.856
00:00:51:350		6.833190E+06		100.036		35.6025		0.00333485		0.000477297		309.856
00:00:51:350		6.833190E+06		100.036		35.6025		0.00333485		0.000477297		309.856
00:00:51:200		6.833180E+06		100.036		35.6057		0.00307433		0.000474946		309.856
00:00:51:200		6.833180E+06		100.036		35.6057		0.00307433		0.000474946		309.856
00:00:51:100		6.833170E+06		100.036		35.6057		0.00307433		0.000474946		309.856
00:00:51:000		6.833170E+06		100.037		35.6057		0.00307433		0.000474946		309.856
00:00:50:899		6.833160E+06		100.037		35.609		0.00281382		0.000472595		309.856
00:00:50:850		6.833160E+06		100.037		35.609		0.00281382		0.000472595		309.856
00:00:50:600		6.833140E+06		100.037		35.6122		0.00281382		0.000470243		309.856
00:00:50:500		6.833130E+06		100.037		35.6122		0.00281382		0.000470243		309.856
00:00:50:500		6.833130E+06		100.037		35.6122		0.00281382		0.000470243		309.856
00:00:50:399		6.833130E+06		100.037		35.6155		0.00281382		0.000467892		309.856
00:00:50:200		6.833120E+06		100.037		35.6188		0.00281384		0.000465541		309.856
00:00:50:200		6.833120E+06		100.037		35.6188		0.00281384		0.000465541		309.856
00:00:50:000		6.833100E+06		100.037		35.6188		0.00281384		0.000465541		309.856
00:00:50:000		6.833100E+06		100.037		35.6188		0.00281384		0.000465541		309.856
00:00:49:899		6.833100E+06		100.037		35.6221		0.00281385		0.00046319		309.856
00:00:49:799		6.833090E+06		100.037		35.6221		0.00281385		0.00046319		309.856
00:00:49:700		6.833080E+06		100.037		35.6254		0.00281387		0.000460839		309.856
00:00:49:500		6.833070E+06		100.037		35.6254		0.00281387		0.000460839		309.856
00:00:49:500		6.833070E+06		100.037		35.6254		0.00281387		0.000460839		309.856
00:00:49:299		6.833060E+06		100.037		35.6287		0.00258525		0.000458488		309.856
00:00:49:200		6.833050E+06		100.038		35.6321		0.00235663		0.000456137		309.856
00:00:49:200		6.833050E+06		100.038		35.6321		0.00235663		0.000456137		309.856
00:00:49:100		6.833040E+06		100.038		35.6321		0.00235663		0.000456137		309.856
00:00:49:000		6.833040E+06		100.038		35.6321		0.00235663		0.000456137		309.856
00:00:48:899		6.833030E+06		100.038		35.6354		0.00235664		0.000453785		309.856
00:00:48:799		6.833030E+06		100.038		35.6354		0.00235664		0.000453785		309.856
00:00:48:700		6.833020E+06		100.038		35.6387		0.0021409		0.000451434		309.856
00:00:48:600		6.833020E+06		100.038		35.6387		0.0021409		0.000451434		309.856
00:00:48:500		6.833010E+06		100.038		35.6387		0.0021409		0.000451434		309.856
00:00:48:299		6.833000E+06		100.038		35.6421		0.00192515		0.000449083		309.855
00:00:48:200		6.832990E+06		100.038		35.6455		0.00192516		0.000446732		309.855
00:00:48:200		6.832990E+06		100.038		35.6455		0.00192516		0.000446732		309.855
00:00:48:100		6.832990E+06		100.038		35.6455		0.00192516		0.000446732		309.855
00:00:48:000		6.832970E+06		100.038		35.6455		0.00192516		0.000446732		309.855
00:00:47:899		6.832970E+06		100.038		35.6488		0.00172184		0.000444381		309.855
00:00:47:799		6.832970E+06		100.038		35.6488		0.00172184		0.000444381		309.855
00:00:47:700		6.832960E+06		100.038		35.6522		0.00151852		0.00044203		309.855
00:00:47:549		6.832950E+06		100.038		35.6522		0.00151852		0.00044203		309.855
00:00:47:450		6.832940E+06		100.039		35.6556		0.00151853		0.000439678		309.855
00:00:47:399		6.832940E+06		100.039		35.6556		0.00151853		0.000439678		309.855
00:00:47:250		6.832930E+06		100.039		35.6556		0.00151853		0.000439678		309.855
00:00:47:149		6.832930E+06		100.039		35.659		0.00132714		0.000437327		309.855
00:00:47:049		6.832920E+06		100.039		35.659		0.00132714		0.000437327		309.855
00:00:46:950		6.832920E+06		100.039		35.6624		0.00113578		0.000434976		309.855
00:00:46:850		6.832910E+06		100.039		35.6624		0.00113578		0.000434976		309.855
00:00:46:750		6.832900E+06		100.039		35.6624		0.00113578		0.000434976		309.855
00:00:46:649		6.832900E+06		100.039		35.6658		0.00113578		0.000432625		309.855
00:00:46:600		6.832900E+06		100.039		35.6658		0.00113578		0.000432625		309.855
00:00:46:500		6.832890E+06		100.039		35.6658		0.00113578		0.000432625		309.855
00:00:46:399		6.832880E+06		100.039		35.6692		0.00113578		0.000430274		309.855
00:00:46:250		6.832880E+06		100.039		35.6692		0.00113578		0.000430274		309.855
00:00:46:149		6.832870E+06		100.039		35.6726		0.00113578		0.000427923		309.855
00:00:46:049		6.832860E+06		100.039		35.6726		0.00113578		0.000427923		309.855
00:00:45:950		6.832860E+06		100.039		35.6761		0.00113578		0.000425572		309.855
00:00:45:850		6.832850E+06		100.039		35.6761		0.00113578		0.000425572		309.855
00:00:45:750		6.832850E+06		100.04		35.6761		0.00113578		0.000425572		309.855
00:00:45:649		6.832840E+06		100.04		35.6795		0.00113578		0.00042322		309.855
00:00:45:549		6.832840E+06		100.04		35.6795		0.00113578		0.00042322		309.855
00:00:45:450		6.832830E+06		100.04		35.683		0.00113578		0.000420869		309.855
00:00:45:350		6.832830E+06		100.04		35.683		0.00113578		0.000420869		309.855
00:00:45:250		6.832820E+06		100.04		35.683		0.00113578		0.000420869		309.855
00:00:45:149		6.832820E+06		100.04		35.6865		0.00113578		0.000418518		309.855
00:00:45:049		6.832810E+06		100.04		35.6865		0.00113578		0.000418518		309.855
00:00:45:049		6.832810E+06		100.04		35.6865		0.00113578		0.000418518		309.855
00:00:44:950		6.832810E+06		100.04		35.6899		0.00113578		0.000416167		309.855
00:00:44:799		6.832800E+06		100.04		35.6899		0.00113578		0.000416167		309.855
00:00:44:700		6.832790E+06		100.04		35.6934		0.00113578		0.000413816		309.855
00:00:44:549		6.832790E+06		100.04		35.6934		0.00113578		0.000413816		309.855
00:00:44:299		6.832770E+06		100.04		35.6969		0.00113578		0.000411465		309.855
00:00:44:299		6.832770E+06		100.04		35.6969		0.00113578		0.000411465		309.855
00:00:44:200		6.832770E+06		100.041		35.7004		0.00113578		0.000409113		309.855
00:00:44:200		6.832770E+06		100.041		35.7004		0.00113578		0.000409113		309.855
00:00:44:000		6.832760E+06		100.041		35.7004		0.00113578		0.000409113		309.854
00:00:44:000		6.832760E+06		100.041		35.7004		0.00113578		0.000409113		309.854
00:00:43:899		6.832750E+06		100.041		35.7039		0.00113578		0.000406762		309.854
00:00:43:799		6.832750E+06		100.041		35.7039		0.00113578		0.000406762		309.854
00:00:43:700		6.832740E+06		100.041		35.7074		0.00113578		0.000404411		309.854
00:00:43:600		6.832740E+06		100.041		35.7074		0.00113578		0.000404411		309.854
00:00:43:500		6.832730E+06		100.041		35.7074		0.00113578		0.000404411		309.854
00:00:43:299		6.832720E+06		100.041		35.711		0.00113577		0.00040206		309.854
00:00:43:200		6.832720E+06		100.041		35.7145		0.00113577		0.000399709		309.854
00:00:43:200		6.832720E+06		100.041		35.7145		0.00113577		0.000399709		309.854
00:00:43:100		6.832710E+06		100.041		35.7145		0.00113577		0.000399709		309.854
00:00:43:000		6.832710E+06		100.041		35.7145		0.00113577		0.000399709		309.854
00:00:42:899		6.832700E+06		100.041		35.718		0.00113577		0.000397358		309.854
00:00:42:799		6.832700E+06		100.041		35.718		0.00113577		0.000397358		309.854
00:00:42:700		6.832690E+06		100.041		35.7216		0.00113577		0.000395007		309.854
00:00:42:600		6.832680E+06		100.041		35.7216		0.00113577		0.000395007		309.854
00:00:42:500		6.832680E+06		100.042		35.7216		0.00113577		0.000395007		309.854
00:00:42:399		6.832680E+06		100.042		35.7252		0.00113578		0.000392655		309.854
00:00:42:250		6.832670E+06		100.042		35.7252		0.00113578		0.000392655		309.854
00:00:42:149		6.832660E+06		100.042		35.7287		0.00113579		0.000390304		309.854
00:00:42:049		6.832660E+06		100.042		35.7287		0.00113579		0.000390304		309.854
00:00:41:950		6.832650E+06		100.042		35.7323		0.0011358		0.000387953		309.854
00:00:41:850		6.832650E+06		100.042		35.7323		0.0011358		0.000387953		309.854
00:00:41:750		6.832650E+06		100.042		35.7323		0.0011358		0.000387953		309.854
00:00:41:649		6.832640E+06		100.042		35.7359		0.0011358		0.000385602		309.854
00:00:41:549		6.832640E+06		100.042		35.7359		0.0011358		0.000385602		309.854
00:00:41:450		6.832630E+06		100.042		35.7395		0.0011358		0.000383251		309.854
00:00:41:350		6.832630E+06		100.042		35.7395		0.0011358		0.000383251		309.854
00:00:41:250		6.832620E+06		100.042		35.7395		0.0011358		0.000383251		309.854
00:00:41:149		6.832620E+06		100.042		35.7431		0.0011358		0.000380899		309.854
00:00:41:049		6.832620E+06		100.042		35.7431		0.0011358		0.000380899		309.854
00:00:40:950		6.832610E+06		100.043		35.7467		0.0011358		0.000378548		309.854
00:00:40:850		6.832600E+06		100.043		35.7467		0.0011358		0.000378548		309.854
00:00:40:750		6.832600E+06		100.043		35.7467		0.0011358		0.000378548		309.854
00:00:40:649		6.832590E+06		100.043		35.7503		0.00102954		0.000376197		309.854
00:00:40:549		6.832590E+06		100.043		35.7503		0.00102954		0.000376197		309.854
00:00:40:450		6.832590E+06		100.043		35.754		0.000923295		0.000373846		309.854
00:00:40:350		6.832580E+06		100.043		35.754		0.000923295		0.000373846		309.854
00:00:40:250		6.832580E+06		100.043		35.754		0.000923295		0.000373846		309.854
00:00:40:149		6.832570E+06		100.043		35.7576		0.000923294		0.000371495		309.854
00:00:40:049		6.832570E+06		100.043		35.7576		0.000923294		0.000371495		309.854
00:00:39:950		6.832560E+06		100.043		35.7613		0.000923294		0.000369143		309.854
00:00:39:850		6.832560E+06		100.043		35.7613		0.000923294		0.000369143		309.854
00:00:39:750		6.832560E+06		100.043		35.7613		0.000923294		0.000369143		309.854
00:00:39:649		6.832550E+06		100.043		35.7649		0.000827221		0.000366792		309.854
00:00:39:549		6.832550E+06		100.043		35.7649		0.000827221		0.000366792		309.854
00:00:39:450		6.832540E+06		100.043		35.7686		0.000731156		0.000364441		309.854
00:00:39:450		6.832540E+06		100.043		35.7686		0.000731156		0.000364441		309.854
00:00:39:200		6.832530E+06		100.044		35.7723		0.000731159		0.00036209		309.854
00:00:39:200		6.832530E+06		100.044		35.7723		0.000731159		0.00036209		309.854
00:00:39:100		6.832530E+06		100.044		35.7723		0.000731159		0.00036209		309.854
00:00:39:000		6.832520E+06		100.044		35.7723		0.000731159		0.00036209		309.854
00:00:38:899		6.832520E+06		100.044		35.776		0.000731159		0.000359739		309.854
00:00:38:700		6.832510E+06		100.044		35.7797		0.000731159		0.000357388		309.854
00:00:38:700		6.832510E+06		100.044		35.7797		0.000731159		0.000357388		309.854
00:00:38:600		6.832510E+06		100.044		35.7797		0.000731159		0.000357388		309.854
00:00:38:399		6.832500E+06		100.044		35.7834		0.000731158		0.000355036		309.853
00:00:38:399		6.832500E+06		100.044		35.7834		0.000731158		0.000355036		309.853
00:00:38:200		6.832490E+06		100.044		35.7871		0.000731158		0.000352685		309.853
00:00:38:200		6.832490E+06		100.044		35.7871		0.000731158		0.000352685		309.853
00:00:38:100		6.832490E+06		100.044		35.7871		0.000731158		0.000352685		309.853
00:00:38:000		6.832490E+06		100.044		35.7871		0.000731158		0.000352685		309.853
00:00:37:899		6.832480E+06		100.044		35.7908		0.000731158		0.000350334		309.853
00:00:37:799		6.832480E+06		100.044		35.7908		0.000731158		0.000350334		309.853
00:00:37:700		6.832470E+06		100.044		35.7945		0.000731158		0.000347983		309.853
00:00:37:600		6.832470E+06		100.044		35.7945		0.000731158		0.000347983		309.853
00:00:37:500		6.832470E+06		100.045		35.7945		0.000731158		0.000347983		309.853
00:00:37:399		6.832460E+06		100.045		35.7982		0.000731163		0.000345632		309.853
00:00:37:200		6.832460E+06		100.045		35.802		0.000731166		0.00034328		309.853
00:00:37:200		6.832460E+06		100.045		35.802		0.000731166		0.00034328		309.853
00:00:37:100		6.832450E+06		100.045		35.802		0.000731166		0.00034328		309.853
00:00:37:000		6.832450E+06		100.045		35.802		0.000731166		0.00034328		309.853
00:00:36:899		6.832440E+06		100.045		35.8057		0.000731166		0.000340929		309.853
00:00:36:799		6.832440E+06		100.045		35.8057		0.000731166		0.000340929		309.853
00:00:36:649		6.832440E+06		100.045		35.8095		0.000731165		0.000338578		309.853
00:00:36:549		6.832430E+06		100.045		35.8095		0.000731165		0.000338578		309.853
00:00:36:450		6.832430E+06		100.045		35.8132		0.000731165		0.000336227		309.853
00:00:36:350		6.832430E+06		100.045		35.8132		0.000731165		0.000336227		309.853
00:00:36:299		6.832420E+06		100.045		35.8132		0.000731165		0.000336227		309.853
00:00:36:149		6.832420E+06		100.045		35.817		0.00073117		0.000333876		309.853
00:00:36:049		6.832410E+06		100.045		35.817		0.00073117		0.000333876		309.853
00:00:35:950		6.832410E+06		100.046		35.8207		0.000666967		0.000331525		309.853
00:00:35:850		6.832410E+06		100.046		35.8207		0.000666967		0.000331525		309.853
00:00:35:750		6.832400E+06		100.046		35.8207		0.000666967		0.000331525		309.853
00:00:35:649		6.832400E+06		100.046		35.8245		0.000602769		0.000329173		309.853
00:00:35:549		6.832400E+06		100.046		35.8245		0.000602769		0.000329173		309.853
00:00:35:450		6.832390E+06		100.046		35.8283		0.000542188		0.000326822		309.853
00:00:35:350		6.832390E+06		100.046		35.8283		0.000542188		0.000326822		309.853
00:00:35:250		6.832390E+06		100.046		35.8283		0.000542188		0.000326822		309.853
00:00:35:149		6.832380E+06		100.046		35.8321		0.000481607		0.000324471		309.853
00:00:35:049		6.832380E+06		100.046		35.8321		0.000481607		0.000324471		309.853
00:00:34:950		6.832380E+06		100.046		35.8359		0.000481607		0.00032212		309.853
00:00:34:850		6.832370E+06		100.046		35.8359		0.000481607		0.00032212		309.853
00:00:34:750		6.832370E+06		100.046		35.8359		0.000481607		0.00032212		309.853
00:00:34:649		6.832370E+06		100.046		35.8397		0.000481606		0.000319769		309.853
00:00:34:549		6.832360E+06		100.046		35.8397		0.000481606		0.000319769		309.853
00:00:34:450		6.832360E+06		100.047		35.8435		0.000481606		0.000317417		309.853
00:00:34:350		6.832360E+06		100.047		35.8435		0.000481606		0.000317417		309.853
00:00:34:200		6.832350E+06		100.047		35.8473		0.000481609		0.000315066		309.853
00:00:34:200		6.832350E+06		100.047		35.8473		0.000481609		0.000315066		309.853
00:00:34:049		6.832350E+06		100.047		35.8473		0.000481609		0.000315066		309.853
00:00:33:950		6.832340E+06		100.047		35.8511		0.000481614		0.000312715		309.853
00:00:33:850		6.832340E+06		100.047		35.8511		0.000481614		0.000312715		309.853
00:00:33:750		6.832340E+06		100.047		35.8511		0.000481614		0.000312715		309.853
00:00:33:649		6.832330E+06		100.047		35.8549		0.000432758		0.000310364		309.853
00:00:33:549		6.832330E+06		100.047		35.8549		0.000432758		0.000310364		309.853
00:00:33:450		6.832330E+06		100.047		35.8587		0.000383904		0.000308013		309.853
00:00:33:350		6.832330E+06		100.047		35.8587		0.000383904		0.000308013		309.853
00:00:33:200		6.832320E+06		100.047		35.8626		0.000338155		0.000305662		309.853
00:00:33:200		6.832320E+06		100.047		35.8626		0.000338155		0.000305662		309.853
00:00:33:100		6.832320E+06		100.047		35.8626		0.000338155		0.000305662		309.853
00:00:33:000		6.832320E+06		100.047		35.8626		0.000338155		0.000305662		309.853
00:00:32:899		6.832310E+06		100.047		35.8664		0.000292408		0.00030331		309.853
00:00:32:799		6.832310E+06		100.047		35.8664		0.000292408		0.00030331		309.853
00:00:32:700		6.832310E+06		100.048		35.8702		0.000292409		0.000300959		309.853
00:00:32:600		6.832300E+06		100.048		35.8702		0.000292409		0.000300959		309.853
00:00:32:500		6.832300E+06		100.048		35.8702		0.000292409		0.000300959		309.853
00:00:32:299		6.832290E+06		100.048		35.8741		0.00025106		0.000298608		309.853
00:00:32:200		6.832290E+06		100.048		35.8779		0.000209713		0.000296257		309.853
00:00:32:200		6.832290E+06		100.048		35.8779		0.000209713		0.000296257		309.853
00:00:32:100		6.832290E+06		100.048		35.8779		0.000209713		0.000296257		309.853
00:00:32:000		6.832290E+06		100.048		35.8779		0.000209713		0.000296257		309.853
00:00:31:899		6.832280E+06		100.048		35.8818		0.000209714		0.000293906		309.853
00:00:31:800		6.832280E+06		100.048		35.8818		0.000209714		0.000293906		309.853
00:00:31:699		6.832280E+06		100.048		35.8857		0.000209715		0.000291554		309.853
00:00:31:600		6.832280E+06		100.048		35.8857		0.000209715		0.000291554		309.853
00:00:31:500		6.832270E+06		100.048		35.8857		0.000209715		0.000291554		309.853
00:00:31:300		6.832270E+06		100.048		35.8895		0.000173862		0.000289203		309.853
00:00:31:199		6.832270E+06		100.049		35.8934		0.000138011		0.000286852		309.853
00:00:31:199		6.832270E+06		100.049		35.8934		0.000138011		0.000286852		309.853
00:00:31:050		6.832260E+06		100.049		35.8934		0.000138011		0.000286852		309.853
00:00:30:949		6.832260E+06		100.049		35.8973		0.000138013		0.000284501		309.853
00:00:30:850		6.832260E+06		100.049		35.8973		0.000138013		0.000284501		309.853
00:00:30:750		6.832250E+06		100.049		35.8973		0.000138013		0.000284501		309.853
00:00:30:649		6.832250E+06		100.049		35.9012		0.000138013		0.00028215		309.853
00:00:30:550		6.832250E+06		100.049		35.9012		0.000138013		0.00028215		309.853
00:00:30:449		6.832250E+06		100.049		35.9051		0.000138014		0.000279799		309.853
00:00:30:350		6.832240E+06		100.049		35.9051		0.000138014		0.000279799		309.853
00:00:30:250		6.832240E+06		100.049		35.9051		0.000138014		0.000279799		309.853
00:00:30:149		6.832240E+06		100.049		35.909		0.000138015		0.000277447		309.853
00:00:30:050		6.832230E+06		100.049		35.909		0.000138015		0.000277447		309.852
00:00:29:949		6.832230E+06		100.049		35.9129		0.000138015		0.000275096		309.852
00:00:29:850		6.832230E+06		100.049		35.9129		0.000138015		0.000275096		309.852
00:00:29:750		6.832230E+06		100.05		35.9129		0.000138015		0.000275096		309.852
00:00:29:649		6.832230E+06		100.05		35.9168		0.000138016		0.000272745		309.852
00:00:29:550		6.832220E+06		100.05		35.9168		0.000138016		0.000272745		309.852
00:00:29:449		6.832220E+06		100.05		35.9208		0.000138016		0.000270394		309.852
00:00:29:350		6.832220E+06		100.05		35.9208		0.000138016		0.000270394		309.852
00:00:29:250		6.832210E+06		100.05		35.9208		0.000138016		0.000270394		309.852
00:00:29:149		6.832210E+06		100.05		35.9247		0.000138016		0.000268043		309.852
00:00:29:050		6.832210E+06		100.05		35.9247		0.000138016		0.000268043		309.852
00:00:28:949		6.832210E+06		100.05		35.9286		0.000138016		0.000265691		309.852
00:00:28:850		6.832210E+06		100.05		35.9286		0.000138016		0.000265691		309.852
00:00:28:750		6.832200E+06		100.05		35.9326		0.000138016		0.00026334		309.852
00:00:28:750		6.832200E+06		100.05		35.9326		0.000138016		0.00026334		309.852
00:00:28:600		6.832200E+06		100.05		35.9326		0.000138016		0.00026334		309.852
00:00:28:500		6.832200E+06		100.05		35.9326		0.000138016		0.00026334		309.852
00:00:28:399		6.832200E+06		100.05		35.9365		0.000138016		0.000260989		309.852
00:00:28:199		6.832190E+06		100.051		35.9404		0.000138016		0.000258638		309.852
00:00:28:199		6.832190E+06		100.051		35.9404		0.000138016		0.000258638		309.852
00:00:28:100		6.832190E+06		100.051		35.9404		0.000138016		0.000258638		309.852
00:00:28:000		6.832180E+06		100.051		35.9404		0.000138016		0.000258638		309.852
00:00:27:899		6.832180E+06		100.051		35.9444		0.000138016		0.000256286		309.852
00:00:27:800		6.832180E+06		100.051		35.9444		0.000138016		0.000256286		309.852
00:00:27:699		6.832180E+06		100.051		35.9484		0.000138016		0.000253935		309.852
00:00:27:600		6.832180E+06		100.051		35.9484		0.000138016		0.000253935		309.852
00:00:27:500		6.832170E+06		100.051		35.9484		0.000138016		0.000253935		309.852
00:00:27:300		6.832170E+06		100.051		35.9523		0.000138015		0.000251584		309.852
00:00:27:199		6.832170E+06		100.051		35.9563		0.000138015		0.000249233		309.852
00:00:27:199		6.832170E+06		100.051		35.9563		0.000138015		0.000249233		309.852
00:00:27:100		6.832160E+06		100.051		35.9563		0.000138015		0.000249233		309.852
00:00:27:000		6.832160E+06		100.051		35.9563		0.000138015		0.000249233		309.852
00:00:26:899		6.832160E+06		100.051		35.9603		0.000138015		0.000246882		309.852
00:00:26:800		6.832160E+06		100.051		35.9603		0.000138015		0.000246882		309.852
00:00:26:699		6.832160E+06		100.051		35.9643		0.000138015		0.00024453		309.852
00:00:26:600		6.832150E+06		100.051		35.9643		0.000138015		0.00024453		309.852
00:00:26:500		6.832150E+06		100.052		35.9643		0.000138015		0.00024453		309.852
00:00:26:399		6.832150E+06		100.052		35.9683		0.000138015		0.000242179		309.852
00:00:26:199		6.832140E+06		100.052		35.9723		0.000124293		0.000239828		309.852
00:00:26:199		6.832140E+06		100.052		35.9723		0.000124293		0.000239828		309.852
00:00:26:100		6.832140E+06		100.052		35.9723		0.000124293		0.000239828		309.852
00:00:26:000		6.832140E+06		100.052		35.9723		0.000124293		0.000239828		309.852
00:00:25:899		6.832140E+06		100.052		35.9763		0.000110572		0.000237477		309.852
00:00:25:800		6.832140E+06		100.052		35.9763		0.000110572		0.000237477		309.852
00:00:25:699		6.832140E+06		100.052		35.9804		0.000110572		0.000235126		309.852
00:00:25:600		6.832140E+06		100.052		35.9804		0.000110572		0.000235126		309.852
00:00:25:449		6.832130E+06		100.052		35.9844		9.92E-05		0.000232774		309.852
00:00:25:300		6.832120E+06		100.052		35.9844		9.92E-05		0.000232774		309.852
00:00:25:199		6.832120E+06		100.052		35.9884		8.78E-05		0.000230423		309.852
00:00:25:199		6.832120E+06		100.052		35.9884		8.78E-05		0.000230423		309.852
00:00:25:100		6.832120E+06		100.052		35.9884		8.78E-05		0.000230423		309.852
00:00:24:949		6.832120E+06		100.053		35.9925		7.78E-05		0.000228072		309.852
00:00:24:899		6.832120E+06		100.053		35.9925		7.78E-05		0.000228072		309.852
00:00:24:800		6.832110E+06		100.053		35.9925		7.78E-05		0.000228072		309.852
00:00:24:649		6.832110E+06		100.053		35.9966		5.85E-05		0.000225721		309.852
00:00:24:550		6.832110E+06		100.053		35.9966		5.85E-05		0.000225721		309.852
00:00:24:449		6.832110E+06		100.053		36.0006		4.93E-05		0.000223369		309.852
00:00:24:250		6.832100E+06		100.053		36.0006		4.93E-05		0.000223369		309.852
00:00:24:149		6.832100E+06		100.053		36.0047		4.13E-05		0.000221018		309.852
00:00:24:149		6.832100E+06		100.053		36.0047		4.13E-05		0.000221018		309.852
00:00:24:050		6.832100E+06		100.053		36.0047		4.13E-05		0.000221018		309.852
00:00:23:949		6.832100E+06		100.053		36.0088		2.59E-05		0.000218667		309.852
00:00:23:850		6.832090E+06		100.053		36.0088		2.59E-05		0.000218667		309.852
00:00:23:750		6.832090E+06		100.053		36.0088		2.59E-05		0.000218667		309.852
00:00:23:649		6.832090E+06		100.053		36.0129		1.86E-05		0.000216316		309.852
00:00:23:550		6.832090E+06		100.053		36.0129		1.86E-05		0.000216316		309.852
00:00:23:449		6.832080E+06		100.054		36.0171		1.86E-05		0.000213965		309.852
00:00:23:350		6.832080E+06		100.054		36.0171		1.86E-05		0.000213965		309.852
00:00:23:250		6.832080E+06		100.054		36.0171		1.86E-05		0.000213965		309.852
00:00:23:149		6.832080E+06		100.054		36.0212		1.86E-05		0.000211613		309.851
00:00:23:050		6.832080E+06		100.054		36.0212		1.86E-05		0.000211613		309.851
00:00:22:949		6.832080E+06		100.054		36.0253		1.35E-05		0.000209262		309.851
00:00:22:850		6.832070E+06		100.054		36.0253		1.35E-05		0.000209262		309.851
00:00:22:750		6.832070E+06		100.054		36.0253		1.35E-05		0.000209262		309.851
00:00:22:649		6.832070E+06		100.054		36.0295		8.45E-06		0.000206911		309.851
00:00:22:550		6.832070E+06		100.054		36.0295		8.45E-06		0.000206911		309.851
00:00:22:449		6.832060E+06		100.054		36.0337		8.45E-06		0.00020456		309.851
00:00:22:350		6.832060E+06		100.054		36.0337		8.45E-06		0.00020456		309.851
00:00:22:250		6.832060E+06		100.054		36.0337		8.45E-06		0.00020456		309.851
00:00:22:199		6.832060E+06		100.054		36.0337		8.45E-06		0.00020456		309.851
00:00:22:050		6.832060E+06		100.054		36.0378		8.45E-06		0.000202208		309.851
00:00:21:949		6.832050E+06		100.055		36.042		8.45E-06		0.000199857		309.851
00:00:21:850		6.832050E+06		100.055		36.042		8.45E-06		0.000199857		309.851
00:00:21:750		6.832050E+06		100.055		36.042		8.45E-06		0.000199857		309.851
00:00:21:649		6.832040E+06		100.055		36.0462		8.45E-06		0.000197506		309.851
00:00:21:550		6.832040E+06		100.055		36.0462		8.45E-06		0.000197506		309.851
00:00:21:449		6.832040E+06		100.055		36.0505		6.12E-06		0.000195155		309.851
00:00:21:350		6.832040E+06		100.055		36.0505		6.12E-06		0.000195155		309.851
00:00:21:250		6.832030E+06		100.055		36.0505		6.12E-06		0.000195155		309.851
00:00:21:149		6.832030E+06		100.055		36.0547		3.79E-06		0.000192804		309.851
00:00:21:050		6.832030E+06		100.055		36.0547		3.79E-06		0.000192804		309.851
00:00:20:949		6.832030E+06		100.055		36.059		3.79E-06		0.000190452		309.851
00:00:20:850		6.832020E+06		100.055		36.059		3.79E-06		0.000190452		309.851
00:00:20:750		6.832020E+06		100.055		36.0632		3.79E-06		0.000190452		309.851
00:00:20:750		6.832020E+06		100.055		36.0632		3.79E-06		0.000190452		309.851
00:00:20:600		6.832020E+06		100.055		36.0632		3.79E-06		0.000188101		309.851
00:00:20:399		6.832010E+06		100.056		36.0675		2.70E-06		0.00018575		309.851
00:00:20:399		6.832010E+06		100.056		36.0675		2.70E-06		0.00018575		309.851
00:00:20:199		6.832010E+06		100.056		36.0718		1.61E-06		0.000183399		309.851
00:00:20:199		6.832010E+06		100.056		36.0718		1.61E-06		0.000183399		309.851
00:00:20:149		6.832000E+06		100.056		36.0718		1.61E-06		0.000183399		309.851
00:00:20:000		6.832000E+06		100.056		36.0718		1.61E-06		0.000183399		309.851
00:00:19:899		6.832000E+06		100.056		36.0761		1.61E-06		0.000181047		309.851
00:00:19:699		6.831990E+06		100.056		36.0805		1.13E-06		0.000178696		309.851
00:00:19:699		6.831990E+06		100.056		36.0805		1.13E-06		0.000178696		309.851
00:00:19:600		6.831990E+06		100.056		36.0805		1.13E-06		0.000178696		309.851
00:00:19:500		6.831990E+06		100.056		36.0805		1.13E-06		0.000178696		309.851
00:00:19:399		6.831980E+06		100.056		36.0848		3.27E-07		0.000176345		309.851
00:00:19:199		6.831980E+06		100.056		36.0892		0		0.000173994		309.851
00:00:19:199		6.831980E+06		100.056		36.0892		0		0.000173994		309.851
00:00:19:100		6.831970E+06		100.056		36.0892		0		0.000173994		309.851
00:00:19:000		6.831970E+06		100.057		36.0892		0		0.000173994		309.851
00:00:18:899		6.831970E+06		100.057		36.0936		0		0.000171642		309.851
00:00:18:800		6.831970E+06		100.057		36.0936		0		0.000171642		309.851
00:00:18:699		6.831960E+06		100.057		36.0979		0		0.000169291		309.851
00:00:18:500		6.831960E+06		100.057		36.0979		0		0.000169291		309.851
00:00:18:500		6.831960E+06		100.057		36.0979		0		0.000169291		309.85
00:00:18:300		6.831950E+06		100.057		36.1024		0		0.00016694		309.85
00:00:18:149		6.831950E+06		100.057		36.1068		0		0.000164589		309.85
00:00:18:149		6.831950E+06		100.057		36.1068		0		0.000164589		309.85
00:00:18:050		6.831940E+06		100.057		36.1068		0		0.000164589		309.85
00:00:17:949		6.831940E+06		100.057		36.1112		0		0.000162237		309.85
00:00:17:850		6.831940E+06		100.057		36.1112		0		0.000162237		309.85
00:00:17:750		6.831930E+06		100.057		36.1112		0		0.000162237		309.85
00:00:17:649		6.831930E+06		100.057		36.1157		0		0.000159886		309.85
00:00:17:550		6.831930E+06		100.057		36.1157		0		0.000159886		309.85
00:00:17:449		6.831920E+06		100.057		36.1201		0		0.000157535		309.85
00:00:17:350		6.831920E+06		100.057		36.1201		0		0.000157535		309.85
00:00:17:149		6.831910E+06		100.058		36.1246		0		0.000155184		309.85
00:00:17:149		6.831910E+06		100.058		36.1246		0		0.000155184		309.85
00:00:17:050		6.831910E+06		100.058		36.1246		0		0.000155184		309.85
00:00:16:949		6.831910E+06		100.058		36.1291		0		0.000152832		309.85
00:00:16:850		6.831900E+06		100.058		36.1291		0		0.000152832		309.85
00:00:16:750		6.831900E+06		100.058		36.1291		0		0.000152832		309.85
00:00:16:649		6.831900E+06		100.058		36.1336		0		0.000150481		309.85
00:00:16:550		6.831890E+06		100.058		36.1336		0		0.000150481		309.85
00:00:16:449		6.831890E+06		100.058		36.1381		0		0.00014813		309.85
00:00:16:300		6.831880E+06		100.058		36.1381		0		0.00014813		309.85
00:00:16:149		6.831880E+06		100.058		36.1427		0		0.000145779		309.85
00:00:16:149		6.831880E+06		100.058		36.1427		0		0.000145779		309.85
00:00:16:050		6.831880E+06		100.058		36.1427		0		0.000145779		309.85
00:00:15:949		6.831870E+06		100.058		36.1472		0		0.000143428		309.85
00:00:15:849		6.831870E+06		100.058		36.1472		0		0.000143428		309.85
00:00:15:750		6.831860E+06		100.059		36.1472		0		0.000143428		309.85
00:00:15:599		6.831860E+06		100.059		36.1518		0		0.000141076		309.85
00:00:15:599		6.831860E+06		100.059		36.1518		0		0.000141076		309.85
00:00:15:500		6.831850E+06		100.059		36.1518		0		0.000141076		309.85
00:00:15:400		6.831850E+06		100.059		36.1563		0		0.000138725		309.85
00:00:15:250		6.831850E+06		100.059		36.1563		0		0.000138725		309.85
00:00:15:150		6.831840E+06		100.059		36.1609		0		0.000136374		309.85
00:00:15:050		6.831840E+06		100.059		36.1609		0		0.000136374		309.85
00:00:14:900		6.831830E+06		100.059		36.1655		0		0.000134023		309.85
00:00:14:900		6.831830E+06		100.059		36.1655		0		0.000134023		309.85
00:00:14:800		6.831830E+06		100.059		36.1655		0		0.000134023		309.85
00:00:14:699		6.831820E+06		100.059		36.1701		0		0.000131671		309.85
00:00:14:599		6.831820E+06		100.059		36.1701		0		0.000131671		309.849
00:00:14:500		6.831820E+06		100.059		36.1701		0		0.000131671		309.849
00:00:14:400		6.831810E+06		100.059		36.1747		0		0.00012932		309.849
00:00:14:199		6.831800E+06		100.06		36.1794		0		0.000126969		309.849
00:00:14:199		6.831800E+06		100.06		36.1794		0		0.000126969		309.849
00:00:14:099		6.831800E+06		100.06		36.1794		0		0.000126969		309.849
00:00:14:000		6.831800E+06		100.06		36.1794		0		0.000126969		309.849
00:00:13:900		6.831790E+06		100.06		36.184		0		0.000124618		309.849
00:00:13:800		6.831790E+06		100.06		36.184		0		0.000124618		309.849
00:00:13:699		6.831780E+06		100.06		36.1886		0		0.000122266		309.849
00:00:13:599		6.831780E+06		100.06		36.1886		0		0.000122266		309.849
00:00:13:500		6.831780E+06		100.06		36.1886		0		0.000122266		309.849
00:00:13:400		6.831770E+06		100.06		36.1933		0		0.000119915		309.849
00:00:13:199		6.831760E+06		100.06		36.1979		0		0.000117564		309.849
00:00:13:199		6.831760E+06		100.06		36.1979		0		0.000117564		309.849
00:00:13:099		6.831760E+06		100.06		36.1979		0		0.000117564		309.849
00:00:13:000		6.831760E+06		100.06		36.1979		0		0.000117564		309.849
00:00:12:900		6.831750E+06		100.06		36.2026		0		0.000115213		309.849
00:00:12:800		6.831750E+06		100.06		36.2026		0		0.000115213		309.849
00:00:12:699		6.831740E+06		100.061		36.2073		0		0.000112861		309.849
00:00:12:599		6.831740E+06		100.061		36.2073		0		0.000112861		309.849
00:00:12:500		6.831740E+06		100.061		36.2073		0		0.000112861		309.849
00:00:12:400		6.831730E+06		100.061		36.2119		0		0.00011051		309.849
00:00:12:150		6.831720E+06		100.061		36.2166		0		0.000108159		309.849
00:00:12:150		6.831720E+06		100.061		36.2166		0		0.000108159		309.849
00:00:12:050		6.831720E+06		100.061		36.2166		0		0.000108159		309.849
00:00:11:949		6.831710E+06		100.061		36.2213		0		0.000105808		309.849
00:00:11:849		6.831710E+06		100.061		36.2213		0		0.000105808		309.849
00:00:11:750		6.831700E+06		100.061		36.2213		0		0.000105808		309.849
00:00:11:650		6.831700E+06		100.061		36.226		0		0.000103456		309.849
00:00:11:550		6.831690E+06		100.061		36.226		0		0.000103456		309.849
00:00:11:449		6.831690E+06		100.061		36.2306		0		0.000101105		309.849
00:00:11:349		6.831690E+06		100.061		36.2306		0		0.000101105		309.849
00:00:11:150		6.831680E+06		100.062		36.2353		0		9.88E-05		309.849
00:00:11:150		6.831680E+06		100.062		36.2353		0		9.88E-05		309.849
00:00:11:050		6.831670E+06		100.062		36.2353		0		9.88E-05		309.849
00:00:10:949		6.831670E+06		100.062		36.24		0		9.64E-05		309.848
00:00:10:849		6.831660E+06		100.062		36.24		0		9.64E-05		309.848
00:00:10:750		6.831660E+06		100.062		36.24		0		9.64E-05		309.848
00:00:10:650		6.831650E+06		100.062		36.2446		0		9.41E-05		309.848
00:00:10:550		6.831650E+06		100.062		36.2446		0		9.41E-05		309.848
00:00:10:449		6.831650E+06		100.062		36.2493		0		9.17E-05		309.848
00:00:10:349		6.831640E+06		100.062		36.2493		0		9.17E-05		309.848
00:00:10:150		6.831640E+06		100.062		36.2539		0		8.93E-05		309.848
00:00:10:150		6.831640E+06		100.062		36.2539		0		8.93E-05		309.848
00:00:10:050		6.831630E+06		100.062		36.2539		0		8.93E-05		309.848
00:00:09:949		6.831620E+06		100.062		36.2586		0		8.70E-05		309.848
00:00:09:849		6.831620E+06		100.062		36.2586		0		8.70E-05		309.848
00:00:09:750		6.831620E+06		100.063		36.2586		0		8.70E-05		309.848
00:00:09:650		6.831610E+06		100.063		36.2632		0		8.46E-05		309.848
00:00:09:550		6.831600E+06		100.063		36.2632		0		8.46E-05		309.848
00:00:09:449		6.831600E+06		100.063		36.2678		0		8.23E-05		309.848
00:00:09:250		6.831590E+06		100.063		36.2678		0		8.23E-05		309.848
00:00:09:150		6.831580E+06		100.063		36.2724		0		7.99E-05		309.848
00:00:09:150		6.831580E+06		100.063		36.2724		0		7.99E-05		309.848
00:00:09:050		6.831580E+06		100.063		36.2724		0		7.99E-05		309.848
00:00:08:949		6.831580E+06		100.063		36.2769		0		7.76E-05		309.848
00:00:08:849		6.831570E+06		100.063		36.2769		0		7.76E-05		309.848
00:00:08:750		6.831560E+06		100.063		36.2769		0		7.76E-05		309.848
00:00:08:650		6.831560E+06		100.063		36.2815		0		7.52E-05		309.848
00:00:08:550		6.831560E+06		100.063		36.2815		0		7.52E-05		309.848
00:00:08:449		6.831550E+06		100.064		36.286		0		7.29E-05		309.848
00:00:08:199		6.831550E+06		100.064		36.286		0		7.29E-05		309.848
00:00:08:199		6.831540E+06		100.064		36.2905		0		7.05E-05		309.848
00:00:08:099		6.831530E+06		100.064		36.2905		0		7.05E-05		309.848
00:00:08:099		6.831530E+06		100.064		36.2905		0		7.05E-05		309.848
00:00:08:000		6.831530E+06		100.064		36.2905		0		7.05E-05		309.848
00:00:07:950		6.831520E+06		100.064		36.2949		0		6.82E-05		309.848
00:00:07:799		6.831520E+06		100.064		36.2949		0		6.82E-05		309.848
00:00:07:700		6.831520E+06		100.064		36.2994		0		6.58E-05		309.848
00:00:07:599		6.831510E+06		100.064		36.2994		0		6.58E-05		309.848
00:00:07:500		6.831500E+06		100.064		36.2994		0		6.58E-05		309.848
00:00:07:400		6.831500E+06		100.064		36.3037		0		6.35E-05		309.848
00:00:07:200		6.831490E+06		100.064		36.3081		0		6.11E-05		309.848
00:00:07:200		6.831490E+06		100.064		36.3081		0		6.11E-05		309.848
00:00:07:099		6.831480E+06		100.064		36.3081		0		6.11E-05		309.848
00:00:07:049		6.831480E+06		100.064		36.3081		0		6.11E-05		309.847
00:00:06:900		6.831470E+06		100.065		36.3123		0		5.88E-05		309.847
00:00:06:700		6.831460E+06		100.065		36.3165		0		5.64E-05		309.847
00:00:06:599		6.831460E+06		100.065		36.3165		0		5.64E-05		309.847
00:00:06:599		6.831460E+06		100.065		36.3165		0		5.64E-05		309.847
00:00:06:500		6.831450E+06		100.065		36.3165		0		5.64E-05		309.847
00:00:06:400		6.831450E+06		100.065		36.3207		0		5.41E-05		309.847
00:00:06:200		6.831440E+06		100.065		36.3248		0		5.17E-05		309.847
00:00:06:200		6.831440E+06		100.065		36.3248		0		5.17E-05		309.847
00:00:06:099		6.831430E+06		100.065		36.3248		0		5.17E-05		309.847
00:00:06:000		6.831430E+06		100.065		36.3248		0		5.17E-05		309.847
00:00:05:900		6.831420E+06		100.065		36.3288		0		4.94E-05		309.847
00:00:05:799		6.831420E+06		100.065		36.3288		0		4.94E-05		309.847
00:00:05:700		6.831410E+06		100.065		36.3328		0		4.70E-05		309.847
00:00:05:599		6.831410E+06		100.065		36.3328		0		4.70E-05		309.847
00:00:05:500		6.831400E+06		100.066		36.3328		0		4.70E-05		309.847
00:00:05:400		6.831400E+06		100.066		36.3366		0		4.47E-05		309.847
00:00:05:200		6.831390E+06		100.066		36.3404		0		4.23E-05		309.847
00:00:05:200		6.831390E+06		100.066		36.3404		0		4.23E-05		309.847
00:00:05:099		6.831380E+06		100.066		36.3404		0		4.23E-05		309.847
00:00:05:000		6.831380E+06		100.066		36.3404		0		4.23E-05		309.847
00:00:04:900		6.831370E+06		100.066		36.3441		0		4.00E-05		309.847
00:00:04:799		6.831370E+06		100.066		36.3441		0		4.00E-05		309.847
00:00:04:700		6.831370E+06		100.066		36.3477		0		3.76E-05		309.847
00:00:04:599		6.831360E+06		100.066		36.3477		0		3.76E-05		309.847
00:00:04:500		6.831350E+06		100.066		36.3477		0		3.76E-05		309.847
00:00:04:400		6.831350E+06		100.066		36.3511		0		3.53E-05		309.847
00:00:04:200		6.831340E+06		100.066		36.3545		0		3.29E-05		309.847
00:00:04:200		6.831340E+06		100.066		36.3545		0		3.29E-05		309.847
00:00:04:099		6.831340E+06		100.066		36.3545		0		3.29E-05		309.847
00:00:03:950		6.831330E+06		100.067		36.3577		0		3.06E-05		309.847
00:00:03:899		6.831320E+06		100.067		36.3577		0		3.06E-05		309.847
00:00:03:799		6.831320E+06		100.067		36.3577		0		3.06E-05		309.847
00:00:03:649		6.831310E+06		100.067		36.3608		0		2.82E-05		309.847
00:00:03:549		6.831310E+06		100.067		36.3608		0		2.82E-05		309.847
00:00:03:450		6.831300E+06		100.067		36.3637		0		2.59E-05		309.847
00:00:03:350		6.831300E+06		100.067		36.3637		0		2.59E-05		309.847
00:00:03:200		6.831290E+06		100.067		36.3665		0		2.35E-05		309.847
00:00:03:200		6.831290E+06		100.067		36.3665		0		2.35E-05		309.847
00:00:03:100		6.831290E+06		100.067		36.3665		0		2.35E-05		309.847
00:00:03:000		6.831280E+06		100.067		36.3665		0		2.35E-05		309.847
00:00:02:899		6.831280E+06		100.067		36.3691		0		2.12E-05		309.847
00:00:02:799		6.831280E+06		100.067		36.3691		0		2.12E-05		309.847
00:00:02:700		6.831270E+06		100.067		36.3716		0		1.88E-05		309.846
00:00:02:549		6.831260E+06		100.067		36.3716		0		1.88E-05		309.846
00:00:02:450		6.831260E+06		100.068		36.3738		0		1.65E-05		309.846
00:00:02:350		6.831250E+06		100.068		36.3738		0		1.65E-05		309.846
00:00:02:250		6.831250E+06		100.068		36.3738		0		1.65E-05		309.846
00:00:02:149		6.831240E+06		100.068		36.3759		0		1.41E-05		309.846
00:00:02:049		6.831240E+06		100.068		36.3759		0		1.41E-05		309.846
00:00:01:949		6.831240E+06		100.068		36.3777		0		1.18E-05		309.846
00:00:01:850		6.831230E+06		100.068		36.3777		0		1.18E-05		309.846
00:00:01:750		6.831230E+06		100.068		36.3777		0		1.18E-05		309.846
00:00:01:649		6.831220E+06		100.068		36.3793		0		9.41E-06		309.846
00:00:01:550		6.831220E+06		100.068		36.3793		0		9.41E-06		309.846
00:00:01:449		6.831210E+06		100.068		36.3806		0		7.05E-06		309.846
00:00:01:350		6.831210E+06		100.068		36.3806		0		7.05E-06		309.846
00:00:01:250		6.831200E+06		100.068		36.3806		0		7.05E-06		309.846
00:00:01:149		6.831200E+06		100.068		36.3817		0		4.70E-06		309.846
00:00:01:050		6.831200E+06		100.068		36.3817		0		4.70E-06		309.846
00:00:00:949		6.831190E+06		100.069		36.3826		0		2.35E-06		309.846
00:00:00:849		6.831190E+06		100.069		36.3826		0		2.35E-06		309.846
00:00:00:750		6.831180E+06		100.069		36.3826		0		2.35E-06		309.846
00:00:00:650		6.831180E+06		100.069		36.3831		0		0		309.846
00:00:00:550		6.831170E+06		100.069		36.3831		0		0		309.846
00:00:00:450		6.831170E+06		100.069		36.3834		0		0		309.846
00:00:00:250		6.831160E+06		100.069		36.3834		0		0		309.846
00:00:00:149		6.831160E+06		100.069		36.3837		0		0		309.846
00:00:00:149		6.831160E+06		100.069		36.3837		0		0		309.846
00:00:00:050		6.831150E+06		100.069		36.3837		0		0		309.846
00:00:00:000		6.831150E+06		100.069		36.3837		0		0		309.846
00:00:00:000		6.831150E+06		100.069		36.3837		0		0		309.846
00:00:00:000		6.831150E+06		100.069		36.3837		0		0		309.846
00:00:00:000		6.831150E+06		100.069		36.3837		0		0		309.846
00:00:00:000		6.831150E+06		100.069		36.3837		0		0		309.846
00:00:00:000		6.831150E+06		100.069		36.3837		0		0		309.846
