	time 		gpv001pnt10113ppntm	evf507ety101mpzoyout	chtcon(1)	chavg(1)	chlhsumpa	rcptavgn	
00:01:01:750		6.83404e+06		101.737		40.5033		4939.77		0.0521746		309.751		
00:01:01:750		6.83404e+06		101.737		40.5033		4939.77		0.0521746		309.751		
00:01:01:649		6.83405e+06		101.737		40.4789		4893.08		0.0519625		309.752		
00:01:01:450		6.83405e+06		101.73		40.4545		4851.76		0.0517504		309.752		
00:01:01:450		6.83405e+06		101.73		40.4545		4851.76		0.0517504		309.752		
00:01:01:299		6.83406e+06		101.73		40.4545		4851.76		0.0517504		309.752		
00:01:01:200		6.83406e+06		101.724		40.43		4813.16		0.0515384		309.753		
00:01:01:100		6.83406e+06		101.724		40.43		4813.16		0.0515384		309.753		
00:01:01:100		6.83406e+06		101.724		40.43		4813.16		0.0515384		309.753		
00:01:00:950		6.83406e+06		101.717		40.4055		4772.13		0.0513263		309.753		
00:01:00:850		6.83406e+06		101.717		40.4055		4772.13		0.0513263		309.753		
00:01:00:649		6.83407e+06		101.711		40.3809		4728.7		0.0511142		309.754		
00:01:00:649		6.83407e+06		101.711		40.3809		4728.7		0.0511142		309.754		
00:01:00:450		6.83407e+06		101.704		40.3563		4682.88		0.0509021		309.754		
00:01:00:450		6.83407e+06		101.704		40.3563		4682.88		0.0509021		309.754		
00:01:00:350		6.83407e+06		101.704		40.3563		4682.88		0.0509021		309.754		
00:01:00:250		6.83408e+06		101.698		40.3563		4682.88		0.0509021		309.755		
00:01:00:149		6.83408e+06		101.698		40.3317		4639.78		0.05069		309.755		
00:01:00:049		6.83408e+06		101.698		40.3317		4639.78		0.05069		309.755		
00:01:00:000		6.83408e+06		101.691		40.3317		4639.78		0.05069		309.755		
00:00:59:899		6.83408e+06		101.691		40.3069		4599.38		0.0504779		309.755		
00:00:59:799		6.83409e+06		101.691		40.3069		4599.38		0.0504779		309.756		
00:00:59:600		6.83409e+06		101.685		40.2822		4559.13		0.0502658		309.756		
00:00:59:500		6.83409e+06		101.678		40.2822		4559.13		0.0502658		309.756		
00:00:59:500		6.83409e+06		101.678		40.2822		4559.13		0.0502658		309.756		
00:00:59:399		6.83409e+06		101.678		40.2573		4516.51		0.0500537		309.756		
00:00:59:299		6.83409e+06		101.678		40.2573		4516.51		0.0500537		309.757		
00:00:59:149		6.83409e+06		101.672		40.2325		4469.05		0.0498416		309.757		
00:00:59:100		6.8341e+06		101.672		40.2325		4469.05		0.0498416		309.757		
00:00:59:000		6.8341e+06		101.665		40.2075		4424.28		0.0496295		309.757		
00:00:58:850		6.8341e+06		101.665		40.2075		4424.28		0.0496295		309.758		
00:00:58:750		6.8341e+06		101.658		40.2075		4424.28		0.0496295		309.758		
00:00:58:600		6.8341e+06		101.658		40.1825		4384.65		0.0494173		309.758		
00:00:58:600		6.8341e+06		101.658		40.1825		4384.65		0.0494173		309.758		
00:00:58:450		6.83410e+06		101.652		40.1574		4342.69		0.0492052		309.758		
00:00:58:350		6.83411e+06		101.652		40.1574		4342.69		0.0492052		309.759		
00:00:58:250		6.83411e+06		101.645		40.1574		4342.69		0.0492052		309.759		
00:00:58:149		6.83411e+06		101.645		40.1322		4303.38		0.048993		309.759		
00:00:58:049		6.83411e+06		101.645		40.1322		4303.38		0.048993		309.759		
00:00:57:950		6.83411e+06		101.639		40.107		4269.13		0.0487809		309.76		
00:00:57:850		6.83411e+06		101.639		40.107		4269.13		0.0487809		309.76		
00:00:57:750		6.83411e+06		101.632		40.107		4269.13		0.0487809		309.76		
00:00:57:600		6.83411e+06		101.632		40.0818		4232.57		0.0485687		309.76		
00:00:57:600		6.83411e+06		101.632		40.0818		4232.57		0.0485687		309.76		
00:00:57:500		6.83411e+06		101.625		40.0566		4193.71		0.0483566		309.761		
00:00:57:350		6.83411e+06		101.625		40.0566		4193.71		0.0483566		309.761		
00:00:57:250		6.83412e+06		101.619		40.0566		4193.71		0.0483566		309.761		
00:00:57:149		6.83412e+06		101.619		40.0315		4155.01		0.0481444		309.761		
00:00:57:049		6.83412e+06		101.619		40.0315		4155.01		0.0481444		309.762		
00:00:56:950		6.83412e+06		101.612		40.0064		4114.05		0.0479322		309.762		
00:00:56:850		6.83412e+06		101.612		40.0064		4114.05		0.0479322		309.762		
00:00:56:750		6.83412e+06		101.605		40.0064		4114.05		0.0479322		309.762		
00:00:56:649		6.83412e+06		101.605		39.9814		4070.84		0.04772		309.763		
00:00:56:549		6.83412e+06		101.605		39.9814		4070.84		0.04772		309.763		
00:00:56:450		6.83412e+06		101.599		39.9564		4027.82		0.0475078		309.763		
00:00:56:350		6.83412e+06		101.599		39.9564		4027.82		0.0475078		309.763		
00:00:56:250		6.83412e+06		101.592		39.9564		4027.82		0.0475078		309.764		
00:00:56:149		6.83412e+06		101.592		39.9314		3984.97		0.0472956		309.764		
00:00:56:049		6.83412e+06		101.592		39.9314		3984.97		0.0472956		309.764		
00:00:55:950		6.83412e+06		101.585		39.9065		3942.29		0.0470834		309.764		
00:00:55:950		6.83412e+06		101.585		39.9065		3942.29		0.0470834		309.764		
00:00:55:799		6.83412e+06		101.585		39.9065		3942.29		0.0470834		309.765		
00:00:55:700		6.83412e+06		101.579		39.8816		3902.16		0.0468712		309.765		
00:00:55:549		6.83412e+06		101.579		39.8816		3902.16		0.0468712		309.765		
00:00:55:450		6.83412e+06		101.572		39.8568		3866.91		0.046659		309.765		
00:00:55:350		6.83412e+06		101.572		39.8568		3866.91		0.046659		309.766		
00:00:55:250		6.83412e+06		101.565		39.8568		3866.91		0.046659		309.766		
00:00:55:149		6.83412e+06		101.565		39.832		3829.46		0.0464467		309.766		
00:00:55:049		6.83412e+06		101.565		39.832		3829.46		0.0464467		309.766		
00:00:54:950		6.83412e+06		101.558		39.8072		3789.82		0.0462345		309.767		
00:00:54:850		6.83412e+06		101.558		39.8072		3789.82		0.0462345		309.767		
00:00:54:700		6.83412e+06		101.552		39.7825		3752.68		0.0460222		309.767		
00:00:54:700		6.83412e+06		101.552		39.7825		3752.68		0.0460222		309.767		
00:00:54:500		6.83412e+06		101.545		39.7825		3752.68		0.0460222		309.768		
00:00:54:500		6.83412e+06		101.545		39.7825		3752.68		0.0460222		309.768		
00:00:54:399		6.83412e+06		101.545		39.7578		3715.7		0.04581		309.768		
00:00:54:299		6.83412e+06		101.545		39.7578		3715.7		0.04581		309.768		
00:00:54:200		6.83412e+06		101.538		39.7331		3678.88		0.0455977		309.768		
00:00:54:000		6.83412e+06		101.531		39.7331		3678.88		0.0455977		309.769		
00:00:54:000		6.83412e+06		101.531		39.7331		3678.88		0.0455977		309.769		
00:00:53:899		6.83412e+06		101.531		39.7085		3642.21		0.0453855		309.769		
00:00:53:799		6.83412e+06		101.531		39.7085		3642.21		0.0453855		309.769		
00:00:53:500		6.83412e+06		101.518		39.6838		3605.69		0.0451732		309.77		
00:00:53:500		6.83412e+06		101.518		39.6838		3605.69		0.0451732		309.77		
00:00:53:500		6.83412e+06		101.518		39.6838		3605.69		0.0451732		309.77		
00:00:53:399		6.83412e+06		101.518		39.6592		3567.06		0.0449609		309.77		
00:00:53:299		6.83412e+06		101.518		39.6592		3567.06		0.0449609		309.77		
00:00:53:200		6.83412e+06		101.511		39.6347		3528.59		0.0447486		309.771		
00:00:53:100		6.83411e+06		101.511		39.6347		3528.59		0.0447486		309.771		
00:00:53:000		6.83411e+06		101.504		39.6347		3528.59		0.0447486		309.771		
00:00:52:899		6.83411e+06		101.504		39.6101		3488.02		0.0445363		309.771		
00:00:52:799		6.83411e+06		101.504		39.6101		3488.02		0.0445363		309.772		
00:00:52:600		6.83411e+06		101.497		39.5856		3445.39		0.044324		309.772		
00:00:52:500		6.83411e+06		101.49		39.5856		3445.39		0.044324		309.772		
00:00:52:500		6.83411e+06		101.49		39.5856		3445.39		0.044324		309.772		
00:00:52:399		6.83411e+06		101.49		39.561		3407.43		0.0441117		309.772		
00:00:52:299		6.83411e+06		101.49		39.561		3407.43		0.0441117		309.773		
00:00:52:200		6.8341e+06		101.484		39.5365		3369.62		0.0438994		309.773		
00:00:52:049		6.8341e+06		101.484		39.5365		3369.62		0.0438994		309.773		
00:00:51:950		6.8341e+06		101.477		39.512		3331.99		0.0436871		309.773		
00:00:51:850		6.8341e+06		101.477		39.512		3331.99		0.0436871		309.774		
00:00:51:750		6.8341e+06		101.47		39.512		3331.99		0.0436871		309.774		
00:00:51:649		6.8341e+06		101.47		39.4875		3296.74		0.0434748		309.774		
00:00:51:549		6.8341e+06		101.47		39.4875		3296.74		0.0434748		309.774		
00:00:51:450		6.8341e+06		101.463		39.4631		3261.64		0.0432624		309.775		
00:00:51:350		6.8341e+06		101.463		39.4631		3261.64		0.0432624		309.775		
00:00:51:250		6.8341e+06		101.456		39.4631		3261.64		0.0432624		309.775		
00:00:51:149		6.8341e+06		101.456		39.4386		3224.51		0.0430501		309.775		
00:00:51:049		6.8341e+06		101.456		39.4386		3224.51		0.0430501		309.776		
00:00:50:950		6.8341e+06		101.449		39.4141		3185.38		0.0428378		309.776		
00:00:50:850		6.8341e+06		101.449		39.4141		3185.38		0.0428378		309.776		
00:00:50:750		6.8341e+06		101.442		39.4141		3185.38		0.0428378		309.776		
00:00:50:649		6.83409e+06		101.442		39.3897		3146.42		0.0426254		309.776		
00:00:50:549		6.83409e+06		101.442		39.3897		3146.42		0.0426254		309.777		
00:00:50:450		6.83409e+06		101.435		39.3652		3107.64		0.042413		309.777		
00:00:50:399		6.83409e+06		101.435		39.3652		3107.64		0.042413		309.777		
00:00:50:250		6.83409e+06		101.428		39.3652		3107.64		0.042413		309.777		
00:00:50:149		6.83409e+06		101.428		39.3407		3069.04		0.0422007		309.778		
00:00:50:049		6.83409e+06		101.428		39.3407		3069.04		0.0422007		309.778		
00:00:49:950		6.83409e+06		101.421		39.3163		3032.76		0.0419883		309.778		
00:00:49:850		6.83409e+06		101.421		39.3163		3032.76		0.0419883		309.778		
00:00:49:750		6.83409e+06		101.414		39.3163		3032.76		0.0419883		309.779		
00:00:49:649		6.83409e+06		101.414		39.2918		2996.65		0.0417759		309.779		
00:00:49:549		6.83408e+06		101.414		39.2918		2996.65		0.0417759		309.779		
00:00:49:450		6.83408e+06		101.407		39.2673		2958.59		0.0415635		309.779		
00:00:49:350		6.83408e+06		101.407		39.2673		2958.59		0.0415635		309.779		
00:00:49:250		6.83408e+06		101.4		39.2673		2958.59		0.0415635		309.78		
00:00:49:149		6.83408e+06		101.4		39.2427		2920.7		0.0413511		309.78		
00:00:49:049		6.83408e+06		101.4		39.2427		2920.7		0.0413511		309.78		
00:00:48:950		6.83408e+06		101.393		39.2182		2883		0.0411387		309.78		
00:00:48:850		6.83408e+06		101.393		39.2182		2883		0.0411387		309.781		
00:00:48:649		6.83408e+06		101.386		39.1937		2849.66		0.0409263		309.781		
00:00:48:649		6.83408e+06		101.386		39.1937		2849.66		0.0409263		309.781		
00:00:48:549		6.83408e+06		101.386		39.1937		2849.66		0.0409263		309.781		
00:00:48:549		6.83408e+06		101.386		39.1937		2849.66		0.0409263		309.781		
00:00:48:399		6.83407e+06		101.379		39.1694		2818.56		0.0407139		309.782		
00:00:48:299		6.83407e+06		101.379		39.1694		2818.56		0.0407139		309.782		
00:00:48:200		6.83407e+06		101.372		39.1452		2785.54		0.0405015		309.782		
00:00:48:100		6.83407e+06		101.372		39.1452		2785.54		0.0405015		309.782		
00:00:48:000		6.83407e+06		101.365		39.1452		2785.54		0.0405015		309.783		
00:00:47:799		6.83407e+06		101.365		39.1211		2750.62		0.040289		309.783		
00:00:47:799		6.83407e+06		101.365		39.1211		2750.62		0.040289		309.783		
00:00:47:649		6.83407e+06		101.358		39.0971		2717.93		0.0400766		309.783		
00:00:47:549		6.83406e+06		101.358		39.0971		2717.93		0.0400766		309.784		
00:00:47:450		6.83406e+06		101.351		39.0732		2685.39		0.0398641		309.784		
00:00:47:350		6.83406e+06		101.351		39.0732		2685.39		0.0398641		309.784		
00:00:47:350		6.83406e+06		101.351		39.0732		2685.39		0.0398641		309.784		
00:00:47:200		6.83406e+06		101.344		39.0494		2650.99		0.0396517		309.784		
00:00:47:100		6.83406e+06		101.344		39.0494		2650.99		0.0396517		309.785		
00:00:47:000		6.83406e+06		101.337		39.0494		2650.99		0.0396517		309.785		
00:00:46:899		6.83406e+06		101.337		39.0258		2618.78		0.0394392		309.785		
00:00:46:799		6.83406e+06		101.337		39.0258		2618.78		0.0394392		309.785		
00:00:46:500		6.83405e+06		101.323		39.0022		2586.74		0.0392268		309.786		
00:00:46:500		6.83405e+06		101.323		39.0022		2586.74		0.0392268		309.786		
00:00:46:500		6.83405e+06		101.323		39.0022		2586.74		0.0392268		309.786		
00:00:46:399		6.83405e+06		101.323		38.9788		2552.86		0.0390143		309.786		
00:00:46:299		6.83405e+06		101.323		38.9788		2552.86		0.0390143		309.786		
00:00:46:200		6.83405e+06		101.316		38.9555		2517.17		0.0388018		309.787		
00:00:46:100		6.83405e+06		101.316		38.9555		2517.17		0.0388018		309.787		
00:00:45:950		6.83405e+06		101.309		38.9323		2483.64		0.0385893		309.787		
00:00:45:850		6.83405e+06		101.309		38.9323		2483.64		0.0385893		309.787		
00:00:45:750		6.83405e+06		101.302		38.9323		2483.64		0.0385893		309.788		
00:00:45:649		6.83405e+06		101.302		38.9093		2450.29		0.0383768		309.788		
00:00:45:549		6.83404e+06		101.302		38.9093		2450.29		0.0383768		309.788		
00:00:45:450		6.83404e+06		101.294		38.8863		2417.11		0.0381643		309.788		
00:00:45:399		6.83404e+06		101.294		38.8863		2417.11		0.0381643		309.788		
00:00:45:299		6.83404e+06		101.294		38.8863		2417.11		0.0381643		309.789		
00:00:45:200		6.83404e+06		101.287		38.8635		2384.1		0.0379518		309.789		
00:00:45:100		6.83404e+06		101.287		38.8635		2384.1		0.0379518		309.789		
00:00:44:950		6.83404e+06		101.28		38.8407		2351.27		0.0377393		309.789		
00:00:44:850		6.83404e+06		101.28		38.8407		2351.27		0.0377393		309.79		
00:00:44:750		6.83404e+06		101.273		38.8407		2351.27		0.0377393		309.79		
00:00:44:649		6.83404e+06		101.273		38.8181		2320.54		0.0375267		309.79		
00:00:44:549		6.83403e+06		101.273		38.8181		2320.54		0.0375267		309.79		
00:00:44:450		6.83403e+06		101.266		38.7956		2288.07		0.0373142		309.79		
00:00:44:350		6.83403e+06		101.266		38.7956		2288.07		0.0373142		309.791		
00:00:44:250		6.83403e+06		101.259		38.7956		2288.07		0.0373142		309.791		
00:00:44:149		6.83403e+06		101.259		38.7732		2255.77		0.0371017		309.791		
00:00:44:049		6.83403e+06		101.259		38.7732		2255.77		0.0371017		309.791		
00:00:43:950		6.83403e+06		101.251		38.7509		2225.54		0.0368891		309.792		
00:00:43:850		6.83403e+06		101.251		38.7509		2225.54		0.0368891		309.792		
00:00:43:750		6.83402e+06		101.244		38.7509		2225.54		0.0368891		309.792		
00:00:43:649		6.83403e+06		101.244		38.7287		2193.6		0.0366766		309.792		
00:00:43:549		6.83402e+06		101.244		38.7287		2193.6		0.0366766		309.792		
00:00:43:450		6.83402e+06		101.237		38.7066		2159.96		0.036464		309.793		
00:00:43:350		6.83402e+06		101.237		38.7066		2159.96		0.036464		309.793		
00:00:43:250		6.83402e+06		101.23		38.7066		2159.96		0.036464		309.793		
00:00:43:100		6.83402e+06		101.23		38.6846		2126.51		0.0362514		309.793		
00:00:43:100		6.83402e+06		101.23		38.6846		2126.51		0.0362514		309.793		
00:00:43:000		6.83401e+06		101.222		38.6846		2126.51		0.0362514		309.794		
00:00:42:799		6.83401e+06		101.222		38.6627		2093.25		0.0360389		309.794		
00:00:42:700		6.83401e+06		101.215		38.641		2063.87		0.0358263		309.794		
00:00:42:600		6.83401e+06		101.215		38.641		2063.87		0.0358263		309.795		
00:00:42:500		6.83401e+06		101.208		38.641		2063.87		0.0358263		309.795		
00:00:42:500		6.83401e+06		101.208		38.641		2063.87		0.0358263		309.795		
00:00:42:399		6.83401e+06		101.208		38.6193		2034.65		0.0356137		309.795		
00:00:42:299		6.83401e+06		101.208		38.6193		2034.65		0.0356137		309.795		
00:00:42:100		6.83401e+06		101.201		38.5977		2001.97		0.0354011		309.796		
00:00:42:000		6.834e+06		101.193		38.5977		2001.97		0.0354011		309.796		
00:00:42:000		6.834e+06		101.193		38.5977		2001.97		0.0354011		309.796		
00:00:41:899		6.83400e+06		101.193		38.5763		1969.48		0.0351885		309.796		
00:00:41:799		6.834e+06		101.193		38.5763		1969.48		0.0351885		309.796		
00:00:41:700		6.834e+06		101.186		38.5549		1937.18		0.0349759		309.796		
00:00:41:500		6.834e+06		101.179		38.5549		1937.18		0.0349759		309.797		
00:00:41:500		6.834e+06		101.179		38.5549		1937.18		0.0349759		309.797		
00:00:41:399		6.834e+06		101.179		38.5337		1905.08		0.0347633		309.797		
00:00:41:299		6.83399e+06		101.179		38.5337		1905.08		0.0347633		309.797		
00:00:41:200		6.83399e+06		101.171		38.5125		1873.17		0.0345506		309.798		
00:00:41:100		6.83399e+06		101.171		38.5125		1873.17		0.0345506		309.798		
00:00:41:000		6.83399e+06		101.164		38.5125		1873.17		0.0345506		309.798		
00:00:40:899		6.83399e+06		101.164		38.4914		1841.45		0.034338		309.798		
00:00:40:799		6.83399e+06		101.164		38.4914		1841.45		0.034338		309.798		
00:00:40:600		6.83398e+06		101.157		38.4705		1809.94		0.0341254		309.799		
00:00:40:450		6.83398e+06		101.149		38.4498		1780.35		0.0339127		309.799		
00:00:40:450		6.83398e+06		101.149		38.4498		1780.35		0.0339127		309.799		
00:00:40:350		6.83398e+06		101.149		38.4498		1780.35		0.0339127		309.799		
00:00:40:299		6.83398e+06		101.149		38.4498		1780.35		0.0339127		309.799		
00:00:40:149		6.83398e+06		101.142		38.4294		1754.42		0.0337001		309.8		
00:00:40:049		6.83398e+06		101.142		38.4294		1754.42		0.0337001		309.8		
00:00:39:950		6.83397e+06		101.135		38.4093		1728.66		0.0334874		309.8		
00:00:39:850		6.83397e+06		101.135		38.4093		1728.66		0.0334874		309.8		
00:00:39:750		6.83397e+06		101.127		38.4093		1728.66		0.0334874		309.801		
00:00:39:549		6.83397e+06		101.127		38.3894		1701.35		0.0332747		309.801		
00:00:39:450		6.83397e+06		101.12		38.3698		1674.22		0.033062		309.801		
00:00:39:450		6.83397e+06		101.12		38.3698		1674.22		0.033062		309.801		
00:00:39:350		6.83397e+06		101.12		38.3698		1674.22		0.033062		309.801		
00:00:39:250		6.83396e+06		101.112		38.3698		1674.22		0.033062		309.802		
00:00:39:149		6.83396e+06		101.112		38.3505		1647.27		0.0328494		309.802		
00:00:39:049		6.83396e+06		101.112		38.3505		1647.27		0.0328494		309.802		
00:00:38:950		6.83396e+06		101.105		38.3314		1620.49		0.0326367		309.802		
00:00:38:850		6.83396e+06		101.105		38.3314		1620.49		0.0326367		309.802		
00:00:38:750		6.83396e+06		101.098		38.3314		1620.49		0.0326367		309.803		
00:00:38:649		6.83396e+06		101.098		38.3126		1592.23		0.032424		309.803		
00:00:38:549		6.83396e+06		101.098		38.3126		1592.23		0.032424		309.803		
00:00:38:450		6.83395e+06		101.09		38.2941		1560.86		0.0322113		309.803		
00:00:38:350		6.83395e+06		101.09		38.2941		1560.86		0.0322113		309.803		
00:00:38:250		6.83395e+06		101.083		38.2941		1560.86		0.0322113		309.804		
00:00:38:149		6.83395e+06		101.083		38.2758		1531.33		0.0319986		309.804		
00:00:38:049		6.83395e+06		101.083		38.2758		1531.33		0.0319986		309.804		
00:00:37:950		6.83394e+06		101.075		38.2579		1503.65		0.0317858		309.804		
00:00:37:850		6.83394e+06		101.075		38.2579		1503.65		0.0317858		309.804		
00:00:37:750		6.83394e+06		101.068		38.2579		1503.65		0.0317858		309.805		
00:00:37:649		6.83394e+06		101.068		38.2402		1476.16		0.0315731		309.805		
00:00:37:549		6.83394e+06		101.068		38.2402		1476.16		0.0315731		309.805		
00:00:37:450		6.83394e+06		101.06		38.2228		1450.47		0.0313604		309.805		
00:00:37:350		6.83393e+06		101.06		38.2228		1450.47		0.0313604		309.805		
00:00:37:250		6.83393e+06		101.053		38.2228		1450.47		0.0313604		309.806		
00:00:37:149		6.83393e+06		101.053		38.2056		1423.37		0.0311477		309.806		
00:00:37:049		6.83393e+06		101.053		38.2056		1423.37		0.0311477		309.806		
00:00:36:950		6.83393e+06		101.045		38.1888		1394.88		0.0309349		309.806		
00:00:36:850		6.83393e+06		101.045		38.1888		1394.88		0.0309349		309.806		
00:00:36:750		6.83392e+06		101.038		38.1888		1394.88		0.0309349		309.807		
00:00:36:649		6.83392e+06		101.038		38.1722		1366.6		0.0307222		309.807		
00:00:36:500		6.83392e+06		101.03		38.1722		1366.6		0.0307222		309.807		
00:00:36:500		6.83392e+06		101.03		38.1722		1366.6		0.0307222		309.807		
00:00:36:399		6.83392e+06		101.03		38.1559		1338.53		0.0305094		309.807		
00:00:36:250		6.83392e+06		101.023		38.1559		1338.53		0.0305094		309.808		
00:00:36:149		6.83391e+06		101.023		38.1399		1312.21		0.0302966		309.808		
00:00:36:049		6.83391e+06		101.023		38.1399		1312.21		0.0302966		309.808		
00:00:35:950		6.83391e+06		101.015		38.1242		1286.1		0.0300838		309.808		
00:00:35:799		6.83391e+06		101.015		38.1242		1286.1		0.0300838		309.808		
00:00:35:799		6.83391e+06		101.015		38.1242		1286.1		0.0300838		309.808		
00:00:35:600		6.8339e+06		101.008		38.1088		1260.19		0.0298711		309.809		
00:00:35:549		6.8339e+06		101.008		38.1088		1260.19		0.0298711		309.809		
00:00:35:549		6.8339e+06		101.008		38.1088		1260.19		0.0298711		309.809		
00:00:35:399		6.8339e+06		101		38.0937		1234.49		0.0296583		309.809		
00:00:35:299		6.8339e+06		101		38.0937		1234.49		0.0296583		309.809		
00:00:35:200		6.8339e+06		100.993		38.0788		1208.98		0.0294455		309.81		
00:00:35:100		6.83389e+06		100.993		38.0788		1208.98		0.0294455		309.81		
00:00:34:899		6.83389e+06		100.985		38.0643		1185.17		0.0292327		309.81		
00:00:34:899		6.83389e+06		100.985		38.0643		1185.17		0.0292327		309.81		
00:00:34:799		6.83389e+06		100.985		38.0643		1185.17		0.0292327		309.81		
00:00:34:700		6.83389e+06		100.978		38.0501		1161.55		0.0290199		309.81		
00:00:34:500		6.83388e+06		100.97		38.0501		1161.55		0.0290199		309.811		
00:00:34:500		6.83388e+06		100.97		38.0501		1161.55		0.0290199		309.811		
00:00:34:399		6.83388e+06		100.97		38.0361		1138.12		0.0288071		309.811		
00:00:34:299		6.83388e+06		100.97		38.0361		1138.12		0.0288071		309.811		
00:00:34:200		6.83388e+06		100.962		38.0225		1114.9		0.0285942		309.811		
00:00:34:100		6.83387e+06		100.962		38.0225		1114.9		0.0285942		309.812		
00:00:34:000		6.83387e+06		100.955		38.0225		1114.9		0.0285942		309.812		
00:00:33:899		6.83387e+06		100.955		38.0091		1090.43		0.0283814		309.812		
00:00:33:799		6.83387e+06		100.955		38.0091		1090.43		0.0283814		309.812		
00:00:33:700		6.83387e+06		100.947		37.9961		1066.16		0.0281686		309.812		
00:00:33:500		6.83386e+06		100.94		37.9961		1066.16		0.0281686		309.813		
00:00:33:500		6.83386e+06		100.94		37.9961		1066.16		0.0281686		309.813		
00:00:33:399		6.83386e+06		100.94		37.9833		1042.11		0.0279557		309.813		
00:00:33:200		6.83386e+06		100.932		37.971		1016.87		0.0277429		309.813		
00:00:33:200		6.83386e+06		100.932		37.971		1016.87		0.0277429		309.813		
00:00:33:100		6.83385e+06		100.932		37.971		1016.87		0.0277429		309.813		
00:00:33:000		6.83385e+06		100.924		37.9591		993.235		0.02753		309.814		
00:00:32:850		6.83385e+06		100.924		37.9591		993.235		0.02753		309.814		
00:00:32:750		6.83385e+06		100.917		37.9591		993.235		0.02753		309.814		
00:00:32:549		6.83384e+06		100.917		37.9477		971.202		0.0273171		309.814		
00:00:32:450		6.83384e+06		100.909		37.9368		948.009		0.0271043		309.814		
00:00:32:450		6.83384e+06		100.909		37.9368		948.009		0.0271043		309.814		
00:00:32:350		6.83384e+06		100.909		37.9368		948.009		0.0271043		309.815		
00:00:32:250		6.83383e+06		100.901		37.9368		948.009		0.0271043		309.815		
00:00:32:149		6.83383e+06		100.901		37.9265		923.677		0.0268914		309.815		
00:00:32:049		6.83383e+06		100.901		37.9265		923.677		0.0268914		309.815		
00:00:31:949		6.83383e+06		100.894		37.9166		899.576		0.0266785		309.815		
00:00:31:850		6.83383e+06		100.894		37.9166		899.576		0.0266785		309.816		
00:00:31:750		6.83382e+06		100.886		37.9166		899.576		0.0266785		309.816		
00:00:31:649		6.83382e+06		100.886		37.9073		877.031		0.0264656		309.816		
00:00:31:550		6.83382e+06		100.886		37.9073		877.031		0.0264656		309.816		
00:00:31:449		6.83382e+06		100.879		37.8985		854.719		0.0262527		309.816		
00:00:31:350		6.83381e+06		100.879		37.8985		854.719		0.0262527		309.816		
00:00:31:250		6.83381e+06		100.871		37.8985		854.719		0.0262527		309.817		
00:00:31:149		6.83381e+06		100.871		37.8902		831.324		0.0260398		309.817		
00:00:31:050		6.83381e+06		100.871		37.8902		831.324		0.0260398		309.817		
00:00:30:949		6.8338e+06		100.863		37.8825		809.449		0.0258269		309.817		
00:00:30:850		6.8338e+06		100.863		37.8825		809.449		0.0258269		309.817		
00:00:30:750		6.8338e+06		100.856		37.8825		809.449		0.0258269		309.817		
00:00:30:649		6.8338e+06		100.856		37.8753		789.08		0.025614		309.818		
00:00:30:500		6.83379e+06		100.848		37.8753		789.08		0.025614		309.818		
00:00:30:500		6.83379e+06		100.848		37.8753		789.08		0.025614		309.818		
00:00:30:399		6.83379e+06		100.848		37.8687		768.925		0.0254011		309.818		
00:00:30:300		6.83379e+06		100.848		37.8687		768.925		0.0254011		309.818		
00:00:30:199		6.83378e+06		100.84		37.8626		748.987		0.0251881		309.818		
00:00:30:100		6.83378e+06		100.84		37.8626		748.987		0.0251881		309.818		
00:00:30:000		6.83378e+06		100.832		37.8626		748.987		0.0251881		309.819		
00:00:29:899		6.83378e+06		100.832		37.8571		729.267		0.0249752		309.819		
00:00:29:800		6.83377e+06		100.832		37.8571		729.267		0.0249752		309.819		
00:00:29:699		6.83377e+06		100.825		37.8522		709.766		0.0247622		309.819		
00:00:29:500		6.83376e+06		100.817		37.8522		709.766		0.0247622		309.819		
00:00:29:500		6.83376e+06		100.817		37.8522		709.766		0.0247622		309.819		
00:00:29:399		6.83376e+06		100.817		37.8479		691.688		0.0245493		309.819		
00:00:29:300		6.83376e+06		100.817		37.8479		691.688		0.0245493		309.82		
00:00:29:199		6.83376e+06		100.809		37.8442		673.829		0.0243363		309.82		
00:00:29:100		6.83375e+06		100.809		37.8442		673.829		0.0243363		309.82		
00:00:29:000		6.83375e+06		100.802		37.8442		673.829		0.0243363		309.82		
00:00:28:899		6.83375e+06		100.802		37.841		654.996		0.0241234		309.82		
00:00:28:800		6.83375e+06		100.802		37.841		654.996		0.0241234		309.82		
00:00:28:699		6.83374e+06		100.794		37.8385		636.392		0.0239104		309.821		
00:00:28:500		6.83374e+06		100.786		37.8385		636.392		0.0239104		309.821		
00:00:28:399		6.83373e+06		100.786		37.8366		618.014		0.0236974		309.821		
00:00:28:399		6.83373e+06		100.786		37.8366		618.014		0.0236974		309.821		
00:00:28:300		6.83373e+06		100.786		37.8366		618.014		0.0236974		309.821		
00:00:28:199		6.83372e+06		100.778		37.8353		599.866		0.0234844		309.821		
00:00:28:100		6.83372e+06		100.778		37.8353		599.866		0.0234844		309.821		
00:00:28:000		6.83372e+06		100.771		37.8353		599.866		0.0234844		309.822		
00:00:27:899		6.83372e+06		100.771		37.8347		581.951		0.0232714		309.822		
00:00:27:800		6.83372e+06		100.771		37.8347		581.951		0.0232714		309.822		
00:00:27:649		6.83371e+06		100.763		37.8347		563.17		0.0230584		309.822		
00:00:27:449		6.83371e+06		100.755		37.8354		543.54		0.0228454		309.822		
00:00:27:449		6.83371e+06		100.755		37.8354		543.54		0.0228454		309.822		
00:00:27:350		6.8337e+06		100.755		37.8354		543.54		0.0228454		309.822		
00:00:27:250		6.8337e+06		100.747		37.8354		543.54		0.0228454		309.823		
00:00:27:149		6.8337e+06		100.747		37.8367		525.246		0.0226324		309.823		
00:00:27:050		6.83369e+06		100.747		37.8367		525.246		0.0226324		309.823		
00:00:26:949		6.83369e+06		100.74		37.8387		508.275		0.0224194		309.823		
00:00:26:850		6.83369e+06		100.74		37.8387		508.275		0.0224194		309.823		
00:00:26:750		6.83368e+06		100.732		37.8387		508.275		0.0224194		309.823		
00:00:26:550		6.83368e+06		100.732		37.8414		490.507		0.0222064		309.824		
00:00:26:449		6.83367e+06		100.724		37.8449		472.983		0.0219933		309.824		
00:00:26:449		6.83367e+06		100.724		37.8449		472.983		0.0219933		309.824		
00:00:26:350		6.83367e+06		100.724		37.8449		472.983		0.0219933		309.824		
00:00:26:250		6.83367e+06		100.716		37.8449		472.983		0.0219933		309.824		
00:00:26:149		6.83366e+06		100.716		37.8491		456.744		0.0217803		309.824		
00:00:26:050		6.83366e+06		100.716		37.8491		456.744		0.0217803		309.824		
00:00:25:949		6.83366e+06		100.709		37.8543		440.753		0.0215672		309.824		
00:00:25:850		6.83365e+06		100.709		37.8543		440.753		0.0215672		309.824		
00:00:25:750		6.83365e+06		100.701		37.8543		440.753		0.0215672		309.825		
00:00:25:649		6.83365e+06		100.701		37.8604		425.013		0.0213542		309.825		
00:00:25:550		6.83364e+06		100.701		37.8604		425.013		0.0213542		309.825		
00:00:25:399		6.83364e+06		100.693		37.8675		409.526		0.0211411		309.825		
00:00:25:399		6.83364e+06		100.693		37.8675		409.526		0.0211411		309.825		
00:00:25:250		6.83363e+06		100.685		37.8675		409.526		0.0211411		309.825		
00:00:25:149		6.83363e+06		100.685		37.8755		394.295		0.020928		309.825		
00:00:25:000		6.83362e+06		100.677		37.8755		394.295		0.020928		309.825		
00:00:24:899		6.83362e+06		100.677		37.8845		379.321		0.020715		309.826		
00:00:24:899		6.83362e+06		100.677		37.8845		379.321		0.020715		309.826		
00:00:24:800		6.83362e+06		100.677		37.8845		379.321		0.020715		309.826		
00:00:24:699		6.83361e+06		100.67		37.8945		365.519		0.0205019		309.826		
00:00:24:500		6.8336e+06		100.662		37.8945		365.519		0.0205019		309.826		
00:00:24:500		6.8336e+06		100.662		37.8945		365.519		0.0205019		309.826		
00:00:24:399		6.8336e+06		100.662		37.9055		351.978		0.0202888		309.826		
00:00:24:300		6.8336e+06		100.662		37.9055		351.978		0.0202888		309.826		
00:00:24:199		6.83359e+06		100.654		37.9175		336.912		0.0200757		309.826		
00:00:24:100		6.83359e+06		100.654		37.9175		336.912		0.0200757		309.827		
00:00:24:000		6.83358e+06		100.646		37.9175		336.912		0.0200757		309.827		
00:00:23:800		6.83358e+06		100.646		37.9305		322.115		0.0198626		309.827		
00:00:23:800		6.83358e+06		100.646		37.9305		322.115		0.0198626		309.827		
00:00:23:699		6.83357e+06		100.639		37.9446		308.466		0.0196495		309.827		
00:00:23:500		6.83356e+06		100.631		37.9446		308.466		0.0196495		309.827		
00:00:23:500		6.83356e+06		100.631		37.9446		308.466		0.0196495		309.827		
00:00:23:399		6.83356e+06		100.631		37.9598		295.915		0.0194363		309.827		
00:00:23:300		6.83356e+06		100.631		37.9598		295.915		0.0194363		309.828		
00:00:23:199		6.83355e+06		100.623		37.976		283.63		0.0192232		309.828		
00:00:23:100		6.83355e+06		100.623		37.976		283.63		0.0192232		309.828		
00:00:23:000		6.83354e+06		100.615		37.9934		269.984		0.0190101		309.828		
00:00:22:850		6.83354e+06		100.615		37.9934		269.984		0.0190101		309.828		
00:00:22:750		6.83353e+06		100.607		37.9934		269.984		0.0190101		309.828		
00:00:22:649		6.83353e+06		100.607		38.0118		256.589		0.0187969		309.828		
00:00:22:449		6.83352e+06		100.6		38.0314		244.991		0.0185838		309.829		
00:00:22:449		6.83352e+06		100.6		38.0314		244.991		0.0185838		309.829		
00:00:22:350		6.83352e+06		100.6		38.0314		244.991		0.0185838		309.829		
00:00:22:250		6.83351e+06		100.592		38.0314		244.991		0.0185838		309.829		
00:00:22:149		6.83351e+06		100.592		38.0522		236.633		0.0183706		309.829		
00:00:22:050		6.8335e+06		100.592		38.0522		236.633		0.0183706		309.829		
00:00:21:949		6.8335e+06		100.584		38.0743		230.688		0.0181574		309.829		
00:00:21:850		6.83349e+06		100.584		38.0743		230.688		0.0181574		309.829		
00:00:21:750		6.83349e+06		100.576		38.0743		230.688		0.0181574		309.829		
00:00:21:649		6.83349e+06		100.576		38.0986		224.131		0.0179442		309.829		
00:00:21:449		6.83347e+06		100.572		38.1237		216.979		0.0177311		309.83		
00:00:21:449		6.83347e+06		100.572		38.1237		216.979		0.0177311		309.83		
00:00:21:350		6.83347e+06		100.572		38.1237		216.979		0.0177311		309.83		
00:00:21:250		6.83346e+06		100.568		38.1237		216.979		0.0177311		309.83		
00:00:21:149		6.83346e+06		100.568		38.148		210.664		0.0175179		309.83		
00:00:21:050		6.83345e+06		100.568		38.148		210.664		0.0175179		309.83		
00:00:20:949		6.83345e+06		100.565		38.1714		205.169		0.0173046		309.83		
00:00:20:850		6.83345e+06		100.565		38.1714		205.169		0.0173046		309.83		
00:00:20:750		6.83344e+06		100.561		38.1714		205.169		0.0173046		309.831		
00:00:20:550		6.83343e+06		100.561		38.1939		199.786		0.0170914		309.831		
00:00:20:449		6.83342e+06		100.557		38.2155		194.515		0.0168782		309.831		
00:00:20:449		6.83342e+06		100.557		38.2155		194.515		0.0168782		309.831		
00:00:20:350		6.83342e+06		100.557		38.2155		194.515		0.0168782		309.831		
00:00:20:250		6.83341e+06		100.553		38.2155		194.515		0.0168782		309.831		
00:00:20:149		6.83340e+06		100.553		38.2362		188.716		0.016665		309.832		
00:00:20:050		6.8334e+06		100.549		38.2362		188.716		0.016665		309.832		
00:00:20:050		6.8334e+06		100.549		38.2362		188.716		0.016665		309.832		
00:00:19:899		6.83339e+06		100.549		38.2559		183.027		0.0164517		309.832		
00:00:19:800		6.83338e+06		100.549		38.2559		183.027		0.0164517		309.832		
00:00:19:649		6.83338e+06		100.545		38.2746		178.087		0.0162385		309.832		
00:00:19:550		6.83337e+06		100.545		38.2746		178.087		0.0162385		309.832		
00:00:19:399		6.83336e+06		100.541		38.2922		172.656		0.0160252		309.833		
00:00:19:399		6.83336e+06		100.541		38.2922		172.656		0.0160252		309.833		
00:00:19:300		6.83335e+06		100.541		38.2922		172.656		0.0160252		309.833		
00:00:19:100		6.83334e+06		100.537		38.3088		166.75		0.0158119		309.833		
00:00:19:100		6.83334e+06		100.537		38.3088		166.75		0.0158119		309.833		
00:00:18:899		6.83333e+06		100.533		38.3242		161.547		0.0155986		309.833		
00:00:18:899		6.83333e+06		100.533		38.3242		161.547		0.0155986		309.833		
00:00:18:800		6.83332e+06		100.533		38.3242		161.547		0.0155986		309.833		
00:00:18:699		6.83332e+06		100.529		38.3385		156.476		0.0153853		309.834		
00:00:18:500		6.8333e+06		100.525		38.3385		156.476		0.0153853		309.834		
00:00:18:500		6.8333e+06		100.525		38.3385		156.476		0.0153853		309.834		
00:00:18:399		6.8333e+06		100.525		38.3517		150.966		0.015172		309.834		
00:00:18:300		6.83329e+06		100.525		38.3517		150.966		0.015172		309.834		
00:00:18:199		6.83328e+06		100.521		38.3635		146.119		0.0149587		309.834		
00:00:18:100		6.83327e+06		100.521		38.3635		146.119		0.0149587		309.834		
00:00:18:000		6.83327e+06		100.517		38.3635		146.119		0.0149587		309.835		
00:00:17:899		6.83326e+06		100.517		38.3742		141.401		0.0147454		309.835		
00:00:17:800		6.83325e+06		100.517		38.3742		141.401		0.0147454		309.835		
00:00:17:699		6.83325e+06		100.513		38.3835		136.787		0.0145321		309.835		
00:00:17:500		6.83323e+06		100.508		38.3835		136.787		0.0145321		309.835		
00:00:17:500		6.83323e+06		100.508		38.3835		136.787		0.0145321		309.835		
00:00:17:399		6.83322e+06		100.508		38.3914		132.299		0.0143187		309.835		
00:00:17:300		6.83321e+06		100.508		38.3914		132.299		0.0143187		309.836		
00:00:17:199		6.8332e+06		100.504		38.3979		127.433		0.0141054		309.836		
00:00:17:050		6.83319e+06		100.504		38.3979		127.433		0.0141054		309.836		
00:00:17:000		6.83319e+06		100.5		38.3979		127.433		0.0141054		309.836		
00:00:16:899		6.83318e+06		100.5		38.403		122.691		0.013892		309.836		
00:00:16:750		6.83317e+06		100.495		38.403		122.691		0.013892		309.836		
00:00:16:649		6.83316e+06		100.495		38.4065		118.073		0.0136786		309.836		
00:00:16:449		6.83314e+06		100.491		38.4085		113.579		0.0134653		309.837		
00:00:16:449		6.83314e+06		100.491		38.4085		113.579		0.0134653		309.837		
00:00:16:350		6.83314e+06		100.491		38.4085		113.579		0.0134653		309.837		
00:00:16:300		6.83313e+06		100.491		38.4085		113.579		0.0134653		309.837		
00:00:16:149		6.83312e+06		100.486		38.4088		108.775		0.0132519		309.837		
00:00:16:050		6.83311e+06		100.486		38.4088		108.775		0.0132519		309.837		
00:00:15:949		6.8331e+06		100.482		38.4075		104.092		0.0130385		309.837		
00:00:15:849		6.83309e+06		100.482		38.4075		104.092		0.0130385		309.838		
00:00:15:800		6.83309e+06		100.482		38.4075		104.092		0.0130385		309.838		
00:00:15:650		6.83308e+06		100.477		38.4044		99.9603		0.0128251		309.838		
00:00:15:449		6.83306e+06		100.472		38.3994		95.9474		0.0126116		309.838		
00:00:15:449		6.83306e+06		100.472		38.3994		95.9474		0.0126116		309.838		
00:00:15:349		6.83305e+06		100.472		38.3994		95.9474		0.0126116		309.838		
00:00:15:250		6.83304e+06		100.468		38.3994		95.9474		0.0126116		309.838		
00:00:15:150		6.83303e+06		100.468		38.3926		92.0521		0.0123982		309.838		
00:00:15:050		6.83302e+06		100.468		38.3926		92.0521		0.0123982		309.839		
00:00:14:949		6.83301e+06		100.463		38.3838		88.2726		0.0121848		309.839		
00:00:14:849		6.833e+06		100.463		38.3838		88.2726		0.0121848		309.839		
00:00:14:750		6.83299e+06		100.458		38.3838		88.2726		0.0121848		309.839		
00:00:14:650		6.83298e+06		100.458		38.3729		84.6076		0.0119713		309.839		
00:00:14:449		6.83296e+06		100.453		38.3599		80.707		0.0117579		309.839		
00:00:14:449		6.83296e+06		100.453		38.3599		80.707		0.0117579		309.839		
00:00:14:349		6.83295e+06		100.453		38.3599		80.707		0.0117579		309.839		
00:00:14:250		6.83294e+06		100.448		38.3599		80.707		0.0117579		309.84		
00:00:14:150		6.83293e+06		100.448		38.3447		76.9193		0.0115444		309.84		
00:00:14:050		6.83292e+06		100.448		38.3447		76.9193		0.0115444		309.84		
00:00:13:949		6.83291e+06		100.443		38.3272		73.2645		0.0113309		309.84		
00:00:13:849		6.8329e+06		100.443		38.3272		73.2645		0.0113309		309.84		
00:00:13:699		6.83289e+06		100.443		38.3272		73.2645		0.0113309		309.84		
00:00:13:699		6.83289e+06		100.438		38.3072		69.4033		0.0111174		309.84		
00:00:13:500		6.83287e+06		100.433		38.3072		69.4033		0.0111174		309.84		
00:00:13:500		6.83287e+06		100.433		38.3072		69.4033		0.0111174		309.84		
00:00:13:300		6.83285e+06		100.433		38.2848		65.9787		0.0109039		309.841		
00:00:13:300		6.83285e+06		100.433		38.2848		65.9787		0.0109039		309.841		
00:00:13:199		6.83284e+06		100.428		38.2597		62.6829		0.0106904		309.841		
00:00:13:099		6.83283e+06		100.428		38.2597		62.6829		0.0106904		309.841		
00:00:13:000		6.83282e+06		100.423		38.2597		62.6829		0.0106904		309.841		
00:00:12:900		6.83281e+06		100.423		38.2319		59.493		0.0104769		309.841		
00:00:12:800		6.8328e+06		100.423		38.2319		59.493		0.0104769		309.841		
00:00:12:699		6.83278e+06		100.418		38.2012		56.7026		0.0102634		309.841		
00:00:12:599		6.83278e+06		100.418		38.2012		56.7026		0.0102634		309.841		
00:00:12:500		6.83276e+06		100.412		38.2012		56.7026		0.0102634		309.841		
00:00:12:400		6.83275e+06		100.412		38.1675		54.0156		0.0100498		309.841		
00:00:12:300		6.83274e+06		100.412		38.1675		54.0156		0.0100498		309.841		
00:00:12:199		6.83273e+06		100.407		38.1308		51.177		0.00983629		309.842		
00:00:12:099		6.83272e+06		100.407		38.1308		51.177		0.00983629		309.842		
00:00:12:000		6.83271e+06		100.401		38.1308		51.177		0.00983629		309.842		
00:00:11:900		6.8327e+06		100.401		38.0908		48.1954		0.00962273		309.842		
00:00:11:800		6.83269e+06		100.401		38.0908		48.1954		0.00962273		309.842		
00:00:11:699		6.83268e+06		100.396		38.0474		45.5665		0.00940916		309.842		
00:00:11:500		6.83266e+06		100.39		38.0474		45.5665		0.00940916		309.842		
00:00:11:500		6.83266e+06		100.39		38.0474		45.5665		0.00940916		309.842		
00:00:11:400		6.83264e+06		100.39		38.0004		43.0542		0.00919558		309.842		
00:00:11:300		6.83263e+06		100.39		38.0004		43.0542		0.00919558		309.842		
00:00:11:199		6.83262e+06		100.384		37.9498		40.2094		0.00898199		309.842		
00:00:11:099		6.83261e+06		100.384		37.9498		40.2094		0.00898199		309.842		
00:00:11:000		6.8326e+06		100.379		37.9498		40.2094		0.00898199		309.842		
00:00:10:900		6.83258e+06		100.379		37.8956		37.4785		0.00876839		309.842		
00:00:10:750		6.83257e+06		100.373		37.8956		37.4785		0.00876839		309.842		
00:00:10:650		6.83255e+06		100.373		37.8399		35.0737		0.00855479		309.843		
00:00:10:449		6.83253e+06		100.367		37.783		32.9658		0.00834117		309.843		
00:00:10:449		6.83253e+06		100.367		37.783		32.9658		0.00834117		309.843		
00:00:10:349		6.83252e+06		100.367		37.783		32.9658		0.00834117		309.843		
00:00:10:250		6.83251e+06		100.361		37.783		32.9658		0.00834117		309.843		
00:00:10:150		6.83249e+06		100.361		37.7254		30.788		0.00812753		309.843		
00:00:10:050		6.83248e+06		100.361		37.7254		30.788		0.00812753		309.843		
00:00:09:949		6.83247e+06		100.355		37.6671		28.6988		0.00791389		309.843		
00:00:09:849		6.83245e+06		100.355		37.6671		28.6988		0.00791389		309.843		
00:00:09:750		6.83244e+06		100.348		37.6671		28.6988		0.00791389		309.843		
00:00:09:650		6.83243e+06		100.348		37.608		26.7308		0.00770024		309.843		
00:00:09:449		6.8324e+06		100.342		37.5482		24.544		0.00748658		309.843		
00:00:09:449		6.8324e+06		100.342		37.5482		24.544		0.00748658		309.843		
00:00:09:349		6.83239e+06		100.342		37.5482		24.544		0.00748658		309.843		
00:00:09:250		6.83238e+06		100.336		37.5482		24.544		0.00748658		309.843		
00:00:09:150		6.83236e+06		100.336		37.4876		22.6181		0.00727291		309.843		
00:00:09:050		6.83235e+06		100.336		37.4876		22.6181		0.00727291		309.843		
00:00:08:949		6.83233e+06		100.329		37.4263		20.9422		0.00705922		309.843		
00:00:08:849		6.83232e+06		100.329		37.4263		20.9422		0.00705922		309.843		
00:00:08:750		6.83231e+06		100.323		37.4263		20.9422		0.00705922		309.843		
00:00:08:550		6.83228e+06		100.323		37.3642		19.1068		0.00684553		309.843		
00:00:08:449		6.83226e+06		100.316		37.3015		17.2457		0.00663182		309.844		
00:00:08:449		6.83226e+06		100.316		37.3015		17.2457		0.00663182		309.844		
00:00:08:449		6.83226e+06		100.316		37.3015		17.2457		0.00663182		309.844		
00:00:08:250		6.83223e+06		100.309		37.3015		17.2457		0.00663182		309.844		
00:00:08:150		6.83222e+06		100.309		37.2386		15.6192		0.0064181		309.844		
00:00:08:050		6.83220e+06		100.309		37.2386		15.6192		0.0064181		309.844		
00:00:07:950		6.83219e+06		100.303		37.1756		13.9921		0.00620437		309.844		
00:00:07:849		6.83217e+06		100.303		37.1756		13.9921		0.00620437		309.844		
00:00:07:700		6.83215e+06		100.296		37.1125		12.5649		0.00599063		309.844		
00:00:07:700		6.83215e+06		100.296		37.1125		12.5649		0.00599063		309.844		
00:00:07:400		6.8321e+06		100.289		37.0493		11.342		0.00577688		309.844		
00:00:07:400		6.8321e+06		100.289		37.0493		11.342		0.00577688		309.844		
00:00:07:400		6.8321e+06		100.289		37.0493		11.342		0.00577688		309.844		
00:00:07:299		6.83209e+06		100.289		37.0493		11.342		0.00577688		309.844		
00:00:07:200		6.83207e+06		100.281		36.9862		10.1178		0.00556311		309.844		
00:00:07:099		6.83205e+06		100.281		36.9862		10.1178		0.00556311		309.844		
00:00:07:000		6.83204e+06		100.274		36.9862		10.1178		0.00556311		309.845		
00:00:06:900		6.83202e+06		100.274		36.9231		8.98732		0.00534933		309.845		
00:00:06:799		6.83201e+06		100.274		36.9231		8.98732		0.00534933		309.845		
00:00:06:700		6.83199e+06		100.267		36.8604		8.01888		0.00513554		309.845		
00:00:06:599		6.83197e+06		100.267		36.8604		8.01888		0.00513554		309.845		
00:00:06:500		6.83195e+06		100.259		36.8604		8.01888		0.00513554		309.845		
00:00:06:299		6.83193e+06		100.259		36.7986		7.1384		0.00492174		309.845		
00:00:06:299		6.83191e+06		100.259		36.7986		7.1384		0.00492174		309.845		
00:00:06:200		6.8319e+06		100.252		36.7378		6.21308		0.00470792		309.846		
00:00:06:099		6.83188e+06		100.252		36.7378		6.21308		0.00470792		309.846		
00:00:06:000		6.83186e+06		100.244		36.7378		6.21308		0.00470792		309.846		
00:00:05:900		6.83184e+06		100.244		36.6781		5.31671		0.0044941		309.846		
00:00:05:799		6.83183e+06		100.244		36.6781		5.31671		0.0044941		309.846		
00:00:05:700		6.83181e+06		100.236		36.6195		4.51057		0.00428025		309.846		
00:00:05:450		6.83176e+06		100.228		36.5622		3.791		0.0040664		309.847		
00:00:05:450		6.83176e+06		100.228		36.5622		3.791		0.0040664		309.847		
00:00:05:349		6.83174e+06		100.228		36.5622		3.791		0.0040664		309.847		
00:00:05:250		6.83172e+06		100.22		36.5622		3.791		0.0040664		309.847		
00:00:05:150		6.83171e+06		100.22		36.5072		3.15425		0.00385253		309.848		
00:00:05:049		6.83169e+06		100.22		36.5072		3.15425		0.00385253		309.848		
00:00:04:950		6.83167e+06		100.211		36.4546		2.56407		0.00363864		309.848		
00:00:04:849		6.83165e+06		100.211		36.4546		2.56407		0.00363864		309.848		
00:00:04:750		6.83163e+06		100.203		36.4546		2.56407		0.00363864		309.849		
00:00:04:650		6.83161e+06		100.203		36.4046		2.04889		0.00342474		309.849		
00:00:04:549		6.83159e+06		100.203		36.4046		2.04889		0.00342474		309.849		
00:00:04:450		6.83157e+06		100.194		36.3573		1.61339		0.00321083		309.849		
00:00:04:349		6.83156e+06		100.194		36.3573		1.61339		0.00321083		309.85		
00:00:04:250		6.83154e+06		100.185		36.3573		1.61339		0.00321083		309.85		
00:00:04:150		6.83152e+06		100.185		36.3136		1.20531		0.0029969		309.85		
00:00:04:049		6.8315e+06		100.185		36.3136		1.20531		0.0029969		309.851		
00:00:03:950		6.83148e+06		100.175		36.274		0.86706		0.00278295		309.851		
00:00:03:850		6.83147e+06		100.175		36.274		0.86706		0.00278295		309.851		
00:00:03:750		6.83145e+06		100.166		36.274		0.86706		0.00278295		309.852		
00:00:03:649		6.83144e+06		100.166		36.239		0.600476		0.00256899		309.852		
00:00:03:549		6.83142e+06		100.166		36.239		0.600476		0.00256899		309.852		
00:00:03:450		6.83141e+06		100.156		36.2088		0.3742		0.00235502		309.852		
00:00:03:350		6.83139e+06		100.156		36.2088		0.3742		0.00235502		309.853		
00:00:03:250		6.83138e+06		100.146		36.2088		0.3742		0.00235502		309.853		
00:00:03:149		6.83136e+06		100.146		36.1844		0.206698		0.00214102		309.853		
00:00:03:049		6.83135e+06		100.146		36.1844		0.206698		0.00214102		309.854		
00:00:02:950		6.83133e+06		100.136		36.1668		0.100097		0.001927		309.854		
00:00:02:850		6.83132e+06		100.136		36.1668		0.100097		0.001927		309.854		
00:00:02:750		6.83131e+06		100.125		36.1668		0.100097		0.001927		309.855		
00:00:02:549		6.83129e+06		100.125		36.1563		0.0351019		0.00171297		309.855		
00:00:02:549		6.83129e+06		100.125		36.1563		0.0351019		0.00171297		309.855		
00:00:02:399		6.83127e+06		100.114		36.1539		0.00571761		0.00149893		309.854		
00:00:02:399		6.83127e+06		100.114		36.1539		0.00571761		0.00149893		309.854		
00:00:02:299		6.83126e+06		100.114		36.1539		0.00571761		0.00149893		309.854		
00:00:02:200		6.83125e+06		100.103		36.161		0		0.00128487		309.854		
00:00:02:100		6.83125e+06		100.103		36.161		0		0.00128487		309.853		
00:00:02:000		6.83124e+06		100.091		36.161		0		0.00128487		309.853		
00:00:01:899		6.83123e+06		100.091		36.1779		0		0.00107078		309.853		
00:00:01:800		6.83123e+06		100.091		36.1779		0		0.00107078		309.853		
00:00:01:600		6.83122e+06		100.079		36.2064		0		0.000856652		309.854		
00:00:01:600		6.83122e+06		100.079		36.2064		0		0.000856652		309.854		
00:00:01:500		6.83121e+06		100.067		36.2064		0		0.000856652		309.854		
00:00:01:399		6.8312e+06		100.067		36.2476		0		0.000642498		309.854		
00:00:01:300		6.8312e+06		100.067		36.2476		0		0.000642498		309.853		
00:00:01:199		6.8312e+06		100.052		36.3099		0		0.000428343		309.851		
00:00:01:100		6.83119e+06		100.052		36.3099		0		0.000428343		309.849		
00:00:01:000		6.83119e+06		100.058		36.3099		0		0.000428343		309.846		
00:00:00:900		6.83118e+06		100.058		36.3584		0		0.000214194		309.843		
00:00:00:800		6.83118e+06		100.058		36.3584		0		0.000214194		309.841		
00:00:00:699		6.83118e+06		100.064		36.3831		0		0		309.839		
00:00:00:500		6.83117e+06		100.069		36.3831		0		0		309.84		
00:00:00:500		6.83117e+06		100.069		36.3831		0		0		309.84		
00:00:00:400		6.83117e+06		100.069		36.3834		0		0		309.843		
00:00:00:299		6.83116e+06		100.069		36.3834		0		0		309.846		
00:00:00:200		6.83116e+06		100.069		36.3837		0		0		309.846		
00:00:00:100		6.83116e+06		100.069		36.3837		0		0		309.846		
00:00:00:000		6.83115e+06		100.069		36.3837		0		0		309.846		
00:00:00:000		6.83115e+06		100.069		36.3837		0		0		309.846		
00:00:00:000		6.83115e+06		100.069		36.3837		0		0		309.846		
00:00:00:000		6.83115e+06		100.069		36.3837		0		0		309.846		
00:00:00:000		6.83115e+06		100.069		36.3837		0		0		309.846		
