	time 		rcpppzr	rcp054rcp007mnzoyout	rcv501std0102fvol	fwfrcp001gv	rcppmssga	msfsg(1)	
00:01:00:950		1.47957e+07		-1.00258		6.37485		531.827		6.96647e+06		528.052		
00:01:00:850		1.47968e+07		-1.00061		6.37238		531.828		6.96649e+06		528.073		
00:01:00:750		1.47978e+07		-0.998641		6.36987		531.832		6.96651e+06		528.065		
00:01:00:649		1.47989e+07		-0.99667		6.36733		531.834		6.96653e+06		528.057		
00:01:00:549		1.47999e+07		-0.994699		6.36479		531.836		6.96655e+06		528.071		
00:01:00:450		1.4801e+07		-0.992727		6.36227		531.838		6.96657e+06		528.079		
00:01:00:350		1.4802e+07		-0.990755		6.35975		531.839		6.96659e+06		528.072		
00:01:00:250		1.48031e+07		-0.988782		6.3572		531.841		6.96661e+06		528.083		
00:01:00:149		1.48041e+07		-0.98681		6.35464		531.845		6.96663e+06		528.092		
00:01:00:049		1.48052e+07		-0.984838		6.35205		531.847		6.96665e+06		528.1		
00:01:00:000		1.48057e+07		-0.983851		6.35078		531.847		6.96666e+06		528.095		
00:00:59:899		1.48067e+07		-0.981877		6.34819		531.85		6.96667e+06		528.086		
00:00:59:899		1.48067e+07		-0.981877		6.34819		531.85		6.96667e+06		528.086		
00:00:59:799		1.48078e+07		-0.979904		6.34566		531.85		6.96669e+06		528.095		
00:00:59:600		1.48099e+07		-0.975956		6.34049		531.854		6.96673e+06		528.086		
00:00:59:600		1.48099e+07		-0.975956		6.34049		531.854		6.96673e+06		528.086		
00:00:59:500		1.4811e+07		-0.973983		6.33789		531.856		6.96675e+06		528.107		
00:00:59:399		1.4812e+07		-0.972008		6.33528		531.858		6.96677e+06		528.088		
00:00:59:299		1.48131e+07		-0.970034		6.33272		531.86		6.96679e+06		528.11		
00:00:59:200		1.48141e+07		-0.968059		6.33007		531.861		6.96681e+06		528.094		
00:00:59:100		1.48152e+07		-0.966084		6.32746		531.863		6.96683e+06		528.106		
00:00:58:950		1.48168e+07		-0.963121		6.32352		531.865		6.96685e+06		528.126		
00:00:58:850		1.48178e+07		-0.961145		6.32087		531.867		6.96687e+06		528.137		
00:00:58:750		1.48189e+07		-0.959169		6.31821		531.869		6.96689e+06		528.109		
00:00:58:549		1.4821e+07		-0.955216		6.31289		531.872		6.96693e+06		528.112		
00:00:58:450		1.4822e+07		-0.95324		6.31022		531.874		6.96695e+06		528.113		
00:00:58:450		1.4822e+07		-0.95324		6.31022		531.874		6.96695e+06		528.113		
00:00:58:350		1.48231e+07		-0.951263		6.30756		531.876		6.96697e+06		528.124		
00:00:58:250		1.48241e+07		-0.949286		6.30489		531.878		6.96698e+06		528.128		
00:00:58:149		1.48252e+07		-0.947309		6.30221		531.88		6.967e+06		528.139		
00:00:58:049		1.48262e+07		-0.945331		6.29955		531.882		6.96702e+06		528.13		
00:00:57:950		1.48273e+07		-0.943354		6.29684		531.883		6.96704e+06		528.14		
00:00:57:850		1.48284e+07		-0.941375		6.29414		531.885		6.96706e+06		528.138		
00:00:57:750		1.48294e+07		-0.939397		6.2914		531.885		6.96708e+06		528.14		
00:00:57:549		1.48315e+07		-0.93544		6.28597		531.889		6.96711e+06		528.156		
00:00:57:549		1.48315e+07		-0.93544		6.28597		531.889		6.96711e+06		528.156		
00:00:57:450		1.48326e+07		-0.933462		6.28321		531.891		6.96713e+06		528.147		
00:00:57:350		1.48336e+07		-0.931482		6.28045		531.891		6.96715e+06		528.158		
00:00:57:250		1.48347e+07		-0.929503		6.27767		531.894		6.96717e+06		528.154		
00:00:57:149		1.48357e+07		-0.927525		6.27488		531.894		6.96719e+06		528.155		
00:00:57:049		1.48368e+07		-0.925546		6.27212		531.896		6.96721e+06		528.165		
00:00:56:950		1.48379e+07		-0.923567		6.26932		531.898		6.96722e+06		528.179		
00:00:56:850		1.48389e+07		-0.921588		6.26651		531.9		6.96724e+06		528.184		
00:00:56:750		1.484e+07		-0.919609		6.26372		531.902		6.96726e+06		528.206		
00:00:56:549		1.48421e+07		-0.915651		6.25808		531.904		6.9673e+06		528.189		
00:00:56:549		1.48421e+07		-0.915651		6.25808		531.904		6.9673e+06		528.189		
00:00:56:450		1.48432e+07		-0.913672		6.25523		531.905		6.96731e+06		528.193		
00:00:56:350		1.48442e+07		-0.911694		6.25237		531.907		6.96733e+06		528.188		
00:00:56:250		1.48453e+07		-0.909714		6.24953		531.907		6.96735e+06		528.2		
00:00:56:149		1.48464e+07		-0.907735		6.24664		531.911		6.96737e+06		528.212		
00:00:56:049		1.48474e+07		-0.905756		6.2438		531.911		6.96739e+06		528.193		
00:00:55:950		1.48485e+07		-0.903777		6.24088		531.913		6.9674e+06		528.195		
00:00:55:850		1.48495e+07		-0.901798		6.238		531.913		6.96742e+06		528.181		
00:00:55:649		1.48522e+07		-0.89685		6.23069		531.918		6.96747e+06		528.202		
00:00:55:500		1.48533e+07		-0.894871		6.22777		531.918		6.96748e+06		528.216		
00:00:55:500		1.48533e+07		-0.894871		6.22777		531.918		6.96748e+06		528.216		
00:00:55:399		1.48543e+07		-0.892891		6.22487		531.92		6.9675e+06		528.226		
00:00:55:299		1.48554e+07		-0.890913		6.22195		531.92		6.96752e+06		528.21		
00:00:55:200		1.48565e+07		-0.888933		6.21896		531.922		6.96754e+06		528.214		
00:00:55:100		1.48575e+07		-0.886954		6.21602		531.924		6.96755e+06		528.216		
00:00:55:000		1.48586e+07		-0.884974		6.21308		531.924		6.96757e+06		528.224		
00:00:54:899		1.48597e+07		-0.882995		6.21009		531.926		6.96759e+06		528.221		
00:00:54:799		1.48607e+07		-0.881016		6.2071		531.926		6.96761e+06		528.239		
00:00:54:700		1.48618e+07		-0.879036		6.20418		531.927		6.96762e+06		528.247		
00:00:54:600		1.48629e+07		-0.877057		6.20113		531.927		6.96764e+06		528.225		
00:00:54:600		1.48629e+07		-0.877057		6.20113		531.927		6.96764e+06		528.225		
00:00:54:500		1.48639e+07		-0.875078		6.1981		531.929		6.96766e+06		528.236		
00:00:54:399		1.4865e+07		-0.873099		6.19512		531.931		6.96768e+06		528.23		
00:00:54:200		1.48671e+07		-0.86914		6.18907		531.933		6.96771e+06		528.244		
00:00:54:100		1.48682e+07		-0.867161		6.18602		531.933		6.96773e+06		528.228		
00:00:54:100		1.48682e+07		-0.867161		6.18602		531.933		6.96773e+06		528.228		
00:00:54:000		1.48693e+07		-0.865181		6.18298		531.933		6.96774e+06		528.235		
00:00:53:899		1.48703e+07		-0.863202		6.17988		531.935		6.96776e+06		528.231		
00:00:53:799		1.48714e+07		-0.861222		6.17682		531.935		6.96778e+06		528.231		
00:00:53:600		1.48735e+07		-0.857261		6.17062		531.937		6.96781e+06		528.228		
00:00:53:500		1.48746e+07		-0.85528		6.16758		531.938		6.96783e+06		528.246		
00:00:53:399		1.48756e+07		-0.853298		6.16447		531.938		6.96785e+06		528.232		
00:00:53:299		1.48767e+07		-0.851316		6.16129		531.938		6.96786e+06		528.244		
00:00:53:299		1.48767e+07		-0.851316		6.16129		531.938		6.96786e+06		528.244		
00:00:53:200		1.48778e+07		-0.849333		6.15817		531.938		6.96788e+06		528.267		
00:00:53:100		1.48788e+07		-0.847351		6.15504		531.94		6.9679e+06		528.286		
00:00:53:000		1.48799e+07		-0.845366		6.15188		531.94		6.96791e+06		528.264		
00:00:52:899		1.4881e+07		-0.843383		6.14878		531.94		6.96793e+06		528.277		
00:00:52:799		1.4882e+07		-0.8414		6.14561		531.942		6.96795e+06		528.276		
00:00:52:600		1.48842e+07		-0.837432		6.1392		531.942		6.96798e+06		528.275		
00:00:52:600		1.48842e+07		-0.837432		6.1392		531.942		6.96798e+06		528.275		
00:00:52:450		1.48858e+07		-0.834455		6.13443		531.942		6.968e+06		528.273		
00:00:52:350		1.48869e+07		-0.832471		6.13121		531.942		6.96802e+06		528.283		
00:00:52:250		1.48879e+07		-0.830486		6.12802		531.944		6.96804e+06		528.293		
00:00:52:149		1.4889e+07		-0.828501		6.12477		531.944		6.96805e+06		528.295		
00:00:52:049		1.48901e+07		-0.826516		6.12152		531.946		6.96807e+06		528.295		
00:00:51:950		1.48911e+07		-0.824531		6.11827		531.946		6.96809e+06		528.295		
00:00:51:750		1.48933e+07		-0.82056		6.11174		531.946		6.96812e+06		528.299		
00:00:51:750		1.48933e+07		-0.82056		6.11174		531.946		6.96812e+06		528.299		
00:00:51:649		1.48944e+07		-0.818574		6.10849		531.946		6.96813e+06		528.28		
00:00:51:549		1.48954e+07		-0.816588		6.10516		531.948		6.96815e+06		528.269		
00:00:51:450		1.48965e+07		-0.814603		6.10186		531.948		6.96817e+06		528.293		
00:00:51:350		1.48976e+07		-0.812616		6.09851		531.948		6.96818e+06		528.279		
00:00:51:250		1.48987e+07		-0.81063		6.0952		531.948		6.9682e+06		528.302		
00:00:51:149		1.48997e+07		-0.808644		6.09185		531.946		6.96821e+06		528.31		
00:00:51:049		1.49008e+07		-0.806657		6.08852		531.946		6.96823e+06		528.302		
00:00:50:950		1.49019e+07		-0.804671		6.08523		531.946		6.96825e+06		528.307		
00:00:50:850		1.4903e+07		-0.802685		6.08184		531.946		6.96826e+06		528.302		
00:00:50:649		1.49051e+07		-0.798711		6.07507		531.946		6.96829e+06		528.283		
00:00:50:549		1.49062e+07		-0.796724		6.07173		531.948		6.96831e+06		528.291		
00:00:50:549		1.49062e+07		-0.796724		6.07173		531.948		6.96831e+06		528.291		
00:00:50:450		1.49073e+07		-0.794737		6.06831		531.948		6.96832e+06		528.311		
00:00:50:350		1.49083e+07		-0.79275		6.06493		531.948		6.96834e+06		528.31		
00:00:50:250		1.49094e+07		-0.790763		6.06149		531.948		6.96835e+06		528.324		
00:00:50:149		1.49105e+07		-0.788775		6.0581		531.948		6.96837e+06		528.309		
00:00:50:049		1.49116e+07		-0.786788		6.05469		531.946		6.96838e+06		528.312		
00:00:49:950		1.49127e+07		-0.784801		6.05125		531.946		6.9684e+06		528.309		
00:00:49:850		1.49137e+07		-0.782813		6.0478		531.946		6.96841e+06		528.294		
00:00:49:700		1.49154e+07		-0.779831		6.04261		531.946		6.96843e+06		528.317		
00:00:49:600		1.49164e+07		-0.777843		6.0391		531.944		6.96845e+06		528.31		
00:00:49:500		1.49175e+07		-0.775856		6.03565		531.944		6.96846e+06		528.294		
00:00:49:399		1.49186e+07		-0.773868		6.03215		531.944		6.96848e+06		528.316		
00:00:49:350		1.49191e+07		-0.772873		6.03037		531.944		6.96849e+06		528.329		
00:00:49:250		1.49202e+07		-0.770885		6.02685		531.944		6.9685e+06		528.327		
00:00:49:149		1.49213e+07		-0.768897		6.02331		531.944		6.96852e+06		528.317		
00:00:49:000		1.49229e+07		-0.765914		6.01798		531.944		6.96854e+06		528.338		
00:00:48:899		1.4924e+07		-0.763925		6.01442		531.944		6.96855e+06		528.319		
00:00:48:799		1.49251e+07		-0.761937		6.01085		531.946		6.96857e+06		528.315		
00:00:48:700		1.49261e+07		-0.759948		6.00727		531.944		6.96858e+06		528.322		
00:00:48:600		1.49272e+07		-0.757959		6.00369		531.944		6.96859e+06		528.341		
00:00:48:500		1.49283e+07		-0.75597		6.00009		531.942		6.96861e+06		528.35		
00:00:48:399		1.49294e+07		-0.753981		5.99645		531.94		6.96862e+06		528.356		
00:00:48:299		1.49305e+07		-0.751992		5.99281		531.938		6.96864e+06		528.335		
00:00:48:299		1.49305e+07		-0.751992		5.99281		531.938		6.96864e+06		528.335		
00:00:48:100		1.49326e+07		-0.748013		5.98548		531.935		6.96866e+06		528.328		
00:00:48:000		1.49337e+07		-0.746023		5.98183		531.933		6.96868e+06		528.355		
00:00:47:899		1.49348e+07		-0.744033		5.97815		531.931		6.96869e+06		528.366		
00:00:47:799		1.49358e+07		-0.742043		5.97452		531.929		6.96871e+06		528.358		
00:00:47:700		1.49369e+07		-0.740052		5.97079		531.927		6.96872e+06		528.356		
00:00:47:600		1.4938e+07		-0.738061		5.96707		531.926		6.96873e+06		528.359		
00:00:47:500		1.49391e+07		-0.736071		5.96336		531.922		6.96875e+06		528.347		
00:00:47:399		1.49402e+07		-0.73408		5.95962		531.92		6.96876e+06		528.353		
00:00:47:399		1.49402e+07		-0.73408		5.95962		531.92		6.96876e+06		528.353		
00:00:47:299		1.49412e+07		-0.732088		5.95591		531.918		6.96877e+06		528.347		
00:00:47:200		1.49423e+07		-0.730096		5.95219		531.916		6.96879e+06		528.361		
00:00:47:100		1.49434e+07		-0.728104		5.9484		531.915		6.9688e+06		528.385		
00:00:47:000		1.49445e+07		-0.726111		5.94464		531.915		6.96881e+06		528.388		
00:00:46:899		1.49456e+07		-0.724119		5.94084		531.911		6.96883e+06		528.374		
00:00:46:799		1.49466e+07		-0.722126		5.93704		531.909		6.96884e+06		528.361		
00:00:46:549		1.49493e+07		-0.717144		5.92754		531.904		6.96887e+06		528.384		
00:00:46:549		1.49493e+07		-0.717144		5.92754		531.904		6.96887e+06		528.384		
00:00:46:450		1.49504e+07		-0.71515		5.92372		531.902		6.96888e+06		528.386		
00:00:46:350		1.49515e+07		-0.713157		5.91984		531.9		6.9689e+06		528.377		
00:00:46:250		1.49526e+07		-0.711164		5.91603		531.898		6.96891e+06		528.369		
00:00:46:149		1.49536e+07		-0.70917		5.91214		531.896		6.96892e+06		528.367		
00:00:46:049		1.49547e+07		-0.707176		5.90824		531.896		6.96893e+06		528.39		
00:00:45:950		1.49558e+07		-0.705182		5.90435		531.894		6.96895e+06		528.4		
00:00:45:850		1.49569e+07		-0.703188		5.90042		531.893		6.96896e+06		528.399		
00:00:45:750		1.4958e+07		-0.701194		5.8965		531.893		6.96897e+06		528.395		
00:00:45:649		1.4959e+07		-0.6992		5.89257		531.891		6.96898e+06		528.374		
00:00:45:549		1.49601e+07		-0.697206		5.8886		531.889		6.969e+06		528.384		
00:00:45:450		1.49612e+07		-0.695212		5.88463		531.889		6.96901e+06		528.385		
00:00:45:350		1.49623e+07		-0.693218		5.88066		531.885		6.96902e+06		528.404		
00:00:45:250		1.49634e+07		-0.691224		5.87666		531.883		6.96903e+06		528.419		
00:00:45:149		1.49644e+07		-0.689229		5.87269		531.883		6.96905e+06		528.408		
00:00:45:100		1.4965e+07		-0.688232		5.87069		531.882		6.96905e+06		528.4		
00:00:44:950		1.49666e+07		-0.68524		5.86462		531.882		6.96907e+06		528.405		
00:00:44:850		1.49677e+07		-0.683246		5.86058		531.878		6.96908e+06		528.393		
00:00:44:750		1.49688e+07		-0.681252		5.85656		531.878		6.96909e+06		528.399		
00:00:44:549		1.49709e+07		-0.677262		5.84848		531.874		6.96912e+06		528.404		
00:00:44:549		1.49709e+07		-0.677262		5.84848		531.874		6.96912e+06		528.404		
00:00:44:450		1.4972e+07		-0.675268		5.84439		531.872		6.96913e+06		528.413		
00:00:44:350		1.49731e+07		-0.673273		5.84031		531.871		6.96914e+06		528.436		
00:00:44:250		1.49742e+07		-0.671278		5.83624		531.869		6.96915e+06		528.429		
00:00:44:149		1.49753e+07		-0.669283		5.83211		531.867		6.96916e+06		528.417		
00:00:44:049		1.49764e+07		-0.667288		5.82797		531.865		6.96917e+06		528.404		
00:00:43:950		1.49774e+07		-0.665293		5.82383		531.863		6.96918e+06		528.402		
00:00:43:850		1.49785e+07		-0.663298		5.81969		531.861		6.96919e+06		528.42		
00:00:43:750		1.49796e+07		-0.661303		5.81549		531.86		6.96921e+06		528.43		
00:00:43:649		1.49807e+07		-0.659308		5.81135		531.858		6.96922e+06		528.441		
00:00:43:549		1.49818e+07		-0.657314		5.80714		531.856		6.96923e+06		528.448		
00:00:43:450		1.49829e+07		-0.65532		5.80294		531.852		6.96924e+06		528.447		
00:00:43:299		1.49845e+07		-0.652328		5.7965		531.85		6.96925e+06		528.425		
00:00:43:200		1.49856e+07		-0.650333		5.79225		531.849		6.96927e+06		528.441		
00:00:43:100		1.49867e+07		-0.648338		5.7879		531.847		6.96928e+06		528.445		
00:00:43:000		1.49877e+07		-0.646342		5.78362		531.845		6.96929e+06		528.452		
00:00:42:899		1.49888e+07		-0.644347		5.77938		531.843		6.9693e+06		528.452		
00:00:42:799		1.49899e+07		-0.642352		5.77502		531.839		6.96931e+06		528.437		
00:00:42:750		1.49905e+07		-0.641354		5.77283		531.839		6.96931e+06		528.474		
00:00:42:549		1.49926e+07		-0.637362		5.76414		531.834		6.96933e+06		528.463		
00:00:42:549		1.49926e+07		-0.637362		5.76414		531.834		6.96933e+06		528.463		
00:00:42:450		1.49937e+07		-0.635366		5.75979		531.832		6.96934e+06		528.444		
00:00:42:350		1.49948e+07		-0.63337		5.75536		531.828		6.96935e+06		528.45		
00:00:42:250		1.49959e+07		-0.631374		5.75091		531.827		6.96936e+06		528.451		
00:00:42:149		1.4997e+07		-0.629377		5.74651		531.825		6.96937e+06		528.448		
00:00:42:049		1.49986e+07		-0.626383		5.74		531.821		6.96939e+06		528.469		
00:00:41:899		1.49997e+07		-0.624386		5.73555		531.817		6.9694e+06		528.459		
00:00:41:799		1.50008e+07		-0.622389		5.73106		531.815		6.96941e+06		528.462		
00:00:41:649		1.50024e+07		-0.619393		5.72434		531.812		6.96942e+06		528.459		
00:00:41:500		1.5004e+07		-0.616397		5.71753		531.808		6.96944e+06		528.491		
00:00:41:500		1.5004e+07		-0.616397		5.71753		531.808		6.96944e+06		528.491		
00:00:41:399		1.50051e+07		-0.614399		5.71301		531.805		6.96945e+06		528.489		
00:00:41:299		1.50062e+07		-0.612402		5.70854		531.803		6.96946e+06		528.463		
00:00:41:299		1.50062e+07		-0.612402		5.70854		531.803		6.96946e+06		528.463		
00:00:41:200		1.50073e+07		-0.610404		5.70396		531.799		6.96947e+06		528.472		
00:00:41:000		1.50095e+07		-0.606408		5.69485		531.794		6.96948e+06		528.502		
00:00:41:000		1.50095e+07		-0.606408		5.69485		531.794		6.96948e+06		528.502		
00:00:40:899		1.50105e+07		-0.60441		5.69024		531.792		6.96949e+06		528.506		
00:00:40:799		1.50116e+07		-0.602412		5.68565		531.788		6.9695e+06		528.5		
00:00:40:600		1.50138e+07		-0.598416		5.67638		531.782		6.96952e+06		528.482		
00:00:40:500		1.50149e+07		-0.596417		5.67172		531.779		6.96953e+06		528.484		
00:00:40:399		1.5016e+07		-0.594419		5.66703		531.777		6.96954e+06		528.498		
00:00:40:399		1.5016e+07		-0.594419		5.66703		531.777		6.96954e+06		528.498		
00:00:40:299		1.50171e+07		-0.59242		5.66235		531.773		6.96955e+06		528.514		
00:00:40:200		1.50181e+07		-0.590422		5.65761		531.77		6.96956e+06		528.526		
00:00:40:000		1.50203e+07		-0.586424		5.64816		531.764		6.96957e+06		528.5		
00:00:40:000		1.50203e+07		-0.586424		5.64816		531.764		6.96957e+06		528.5		
00:00:39:899		1.50214e+07		-0.584425		5.64342		531.76		6.96958e+06		528.495		
00:00:39:799		1.50225e+07		-0.582426		5.63864		531.759		6.96959e+06		528.512		
00:00:39:600		1.50247e+07		-0.578428		5.62909		531.753		6.96961e+06		528.542		
00:00:39:600		1.50247e+07		-0.578428		5.62909		531.753		6.96961e+06		528.542		
00:00:39:500		1.50258e+07		-0.576429		5.6243		531.748		6.96962e+06		528.538		
00:00:39:350		1.50274e+07		-0.573431		5.6172		531.744		6.96963e+06		528.544		
00:00:39:149		1.50296e+07		-0.569432		5.60746		531.738		6.96964e+06		528.523		
00:00:39:149		1.50296e+07		-0.569432		5.60746		531.738		6.96964e+06		528.523		
00:00:39:049		1.50307e+07		-0.567433		5.60261		531.735		6.96965e+06		528.518		
00:00:38:950		1.50317e+07		-0.565434		5.59767		531.733		6.96966e+06		528.522		
00:00:38:850		1.50328e+07		-0.563434		5.59277		531.729		6.96967e+06		528.533		
00:00:38:750		1.50339e+07		-0.561434		5.58785		531.726		6.96968e+06		528.535		
00:00:38:549		1.50361e+07		-0.557435		5.57789		531.718		6.96969e+06		528.54		
00:00:38:549		1.50361e+07		-0.557435		5.57789		531.718		6.96969e+06		528.54		
00:00:38:450		1.50372e+07		-0.555434		5.57287		531.715		6.9697e+06		528.538		
00:00:38:350		1.50383e+07		-0.553433		5.56791		531.711		6.9697e+06		528.544		
00:00:38:250		1.50394e+07		-0.551432		5.56289		531.705		6.96971e+06		528.545		
00:00:38:149		1.50404e+07		-0.549431		5.55791		531.702		6.96972e+06		528.544		
00:00:38:049		1.50415e+07		-0.547431		5.55283		531.696		6.96973e+06		528.55		
00:00:37:950		1.50426e+07		-0.545429		5.5478		531.693		6.96973e+06		528.548		
00:00:37:850		1.50437e+07		-0.543427		5.54272		531.687		6.96974e+06		528.553		
00:00:37:750		1.50448e+07		-0.541425		5.53764		531.683		6.96975e+06		528.551		
00:00:37:649		1.50459e+07		-0.539423		5.53255		531.68		6.96975e+06		528.553		
00:00:37:549		1.5047e+07		-0.537421		5.52736		531.674		6.96976e+06		528.542		
00:00:37:450		1.50481e+07		-0.535419		5.52217		531.671		6.96977e+06		528.556		
00:00:37:350		1.50492e+07		-0.533415		5.517		531.665		6.96977e+06		528.576		
00:00:37:250		1.50503e+07		-0.531412		5.5118		531.66		6.96978e+06		528.575		
00:00:37:149		1.50513e+07		-0.529408		5.50661		531.654		6.96979e+06		528.58		
00:00:37:049		1.50524e+07		-0.527405		5.50138		531.65		6.96979e+06		528.583		
00:00:36:950		1.50535e+07		-0.525401		5.49609		531.645		6.9698e+06		528.587		
00:00:36:850		1.50546e+07		-0.523396		5.49082		531.639		6.96981e+06		528.6		
00:00:36:750		1.50557e+07		-0.52139		5.48556		531.636		6.96981e+06		528.593		
00:00:36:549		1.50579e+07		-0.51738		5.47496		531.627		6.96983e+06		528.592		
00:00:36:549		1.50579e+07		-0.51738		5.47496		531.627		6.96983e+06		528.592		
00:00:36:450		1.5059e+07		-0.515375		5.46976		531.621		6.96983e+06		528.591		
00:00:36:350		1.50601e+07		-0.513369		5.46441		531.617		6.96984e+06		528.595		
00:00:36:250		1.50611e+07		-0.511363		5.45904		531.612		6.96984e+06		528.598		
00:00:36:149		1.50622e+07		-0.509356		5.45371		531.608		6.96985e+06		528.6		
00:00:36:049		1.50633e+07		-0.50735		5.44834		531.601		6.96985e+06		528.601		
00:00:35:950		1.50644e+07		-0.505344		5.44288		531.595		6.96986e+06		528.603		
00:00:35:850		1.50655e+07		-0.503337		5.43749		531.59		6.96987e+06		528.605		
00:00:35:750		1.50666e+07		-0.501329		5.43209		531.586		6.96987e+06		528.607		
00:00:35:600		1.50682e+07		-0.498318		5.42387		531.577		6.96988e+06		528.606		
00:00:35:549		1.50688e+07		-0.497314		5.42113		531.575		6.96988e+06		528.616		
00:00:35:399		1.50704e+07		-0.494302		5.41295		531.568		6.96989e+06		528.608		
00:00:35:299		1.50715e+07		-0.492295		5.40743		531.562		6.96989e+06		528.629		
00:00:35:200		1.50726e+07		-0.490288		5.40191		531.559		6.9699e+06		528.642		
00:00:35:100		1.50737e+07		-0.48828		5.39639		531.553		6.9699e+06		528.635		
00:00:35:000		1.50748e+07		-0.486272		5.39082		531.549		6.96991e+06		528.633		
00:00:35:000		1.50748e+07		-0.486272		5.39082		531.549		6.96991e+06		528.633		
00:00:34:899		1.50758e+07		-0.484263		5.38527		531.544		6.96991e+06		528.632		
00:00:34:799		1.50769e+07		-0.482254		5.37963		531.539		6.96992e+06		528.632		
00:00:34:600		1.50791e+07		-0.478235		5.36855		531.529		6.96993e+06		528.637		
00:00:34:500		1.50802e+07		-0.476224		5.36285		531.524		6.96993e+06		528.639		
00:00:34:500		1.50802e+07		-0.476224		5.36285		531.524		6.96993e+06		528.639		
00:00:34:299		1.50824e+07		-0.472203		5.35156		531.511		6.96994e+06		528.64		
00:00:34:299		1.50824e+07		-0.472203		5.35156		531.511		6.96994e+06		528.64		
00:00:34:200		1.50835e+07		-0.470192		5.34595		531.505		6.96994e+06		528.643		
00:00:34:100		1.50846e+07		-0.468182		5.34022		531.498		6.96995e+06		528.643		
00:00:34:000		1.50857e+07		-0.46617		5.33448		531.493		6.96995e+06		528.648		
00:00:33:899		1.50867e+07		-0.464158		5.32876		531.489		6.96996e+06		528.651		
00:00:33:750		1.50884e+07		-0.46114		5.32017		531.48		6.96996e+06		528.655		
00:00:33:600		1.509e+07		-0.45812		5.31157		531.472		6.96997e+06		528.66		
00:00:33:600		1.509e+07		-0.45812		5.31157		531.472		6.96997e+06		528.66		
00:00:33:500		1.50911e+07		-0.456107		5.30576		531.469		6.96997e+06		528.662		
00:00:33:399		1.50922e+07		-0.454094		5.29995		531.463		6.96997e+06		528.662		
00:00:33:250		1.50938e+07		-0.451073		5.29116		531.456		6.96998e+06		528.668		
00:00:33:149		1.50949e+07		-0.449059		5.28533		531.45		6.96998e+06		528.67		
00:00:33:049		1.5096e+07		-0.447045		5.2795		531.445		6.96998e+06		528.67		
00:00:32:950		1.50971e+07		-0.44503		5.27358		531.439		6.96999e+06		528.673		
00:00:32:850		1.50982e+07		-0.443014		5.26771		531.436		6.96999e+06		528.682		
00:00:32:750		1.50993e+07		-0.440999		5.26173		531.43		6.96999e+06		528.68		
00:00:32:649		1.51004e+07		-0.438983		5.25581		531.425		6.97e+06		528.683		
00:00:32:549		1.51015e+07		-0.436967		5.24995		531.419		6.97e+06		528.685		
00:00:32:450		1.51026e+07		-0.434951		5.24391		531.414		6.97e+06		528.688		
00:00:32:350		1.51037e+07		-0.432936		5.23789		531.408		6.97e+06		528.689		
00:00:32:250		1.51048e+07		-0.43092		5.23188		531.403		6.97001e+06		528.694		
00:00:32:149		1.51058e+07		-0.428904		5.22583		531.397		6.97001e+06		528.695		
00:00:32:049		1.51069e+07		-0.426888		5.21987		531.392		6.97001e+06		528.7		
00:00:31:949		1.5108e+07		-0.424871		5.21389		531.386		6.97001e+06		528.702		
00:00:31:850		1.51091e+07		-0.422854		5.20765		531.381		6.97001e+06		528.704		
00:00:31:750		1.51102e+07		-0.420837		5.20139		531.375		6.97001e+06		528.706		
00:00:31:649		1.51113e+07		-0.41882		5.19529		531.37		6.97002e+06		528.708		
00:00:31:550		1.51124e+07		-0.416803		5.1893		531.364		6.97002e+06		528.712		
00:00:31:449		1.51135e+07		-0.414786		5.18333		531.359		6.97002e+06		528.714		
00:00:31:350		1.51146e+07		-0.412769		5.17694		531.353		6.97002e+06		528.716		
00:00:31:250		1.51157e+07		-0.410751		5.17035		531.346		6.97002e+06		528.719		
00:00:31:100		1.51173e+07		-0.407725		5.16145		531.337		6.97002e+06		528.732		
00:00:31:000		1.51184e+07		-0.405707		5.15618		531.331		6.97003e+06		528.748		
00:00:30:899		1.51195e+07		-0.40369		5.1502		531.326		6.97003e+06		528.744		
00:00:30:850		1.51201e+07		-0.402681		5.14635		531.322		6.97003e+06		528.726		
00:00:30:699		1.51217e+07		-0.399653		5.13452		531.313		6.97003e+06		528.724		
00:00:30:600		1.51228e+07		-0.397636		5.12986		531.307		6.97003e+06		528.737		
00:00:30:500		1.51239e+07		-0.395618		5.12714		531.302		6.97003e+06		528.739		
00:00:30:399		1.5125e+07		-0.3936		5.12335		531.294		6.97003e+06		528.74		
00:00:30:300		1.51261e+07		-0.391581		5.11108		531.287		6.97003e+06		528.745		
00:00:30:199		1.51272e+07		-0.389563		5.09714		531.281		6.97003e+06		528.748		
00:00:30:100		1.51283e+07		-0.387544		5.08497		531.274		6.97003e+06		528.763		
00:00:30:000		1.51294e+07		-0.385525		5.06885		531.267		6.97003e+06		528.754		
00:00:29:899		1.51305e+07		-0.383507		5.05371		531.261		6.97003e+06		528.757		
00:00:29:800		1.51316e+07		-0.381488		5.04074		531.254		6.97003e+06		528.759		
00:00:29:600		1.51338e+07		-0.37745		5.01275		531.241		6.97003e+06		528.765		
00:00:29:600		1.51338e+07		-0.37745		5.01275		531.241		6.97003e+06		528.765		
00:00:29:500		1.51349e+07		-0.375431		4.99865		531.234		6.97003e+06		528.768		
00:00:29:500		1.51349e+07		-0.375431		4.99865		531.234		6.97003e+06		528.768		
00:00:29:399		1.51359e+07		-0.373411		4.9846		531.226		6.97003e+06		528.77		
00:00:29:300		1.5137e+07		-0.371391		4.97064		531.219		6.97003e+06		528.773		
00:00:29:199		1.51381e+07		-0.36937		4.95677		531.214		6.97003e+06		528.775		
00:00:29:100		1.51392e+07		-0.367351		4.94282		531.204		6.97003e+06		528.777		
00:00:28:899		1.51414e+07		-0.363314		4.91479		531.19		6.97003e+06		528.78		
00:00:28:899		1.51414e+07		-0.363314		4.91479		531.19		6.97003e+06		528.78		
00:00:28:800		1.51425e+07		-0.361296		4.90088		531.182		6.97002e+06		528.777		
00:00:28:600		1.51447e+07		-0.357257		4.87313		531.169		6.97002e+06		528.789		
00:00:28:500		1.51458e+07		-0.355238		4.85923		531.162		6.97002e+06		528.792		
00:00:28:500		1.51458e+07		-0.355238		4.85923		531.162		6.97002e+06		528.792		
00:00:28:399		1.51469e+07		-0.353219		4.84536		531.155		6.97002e+06		528.794		
00:00:28:300		1.5148e+07		-0.3512		4.83142		531.147		6.97002e+06		528.796		
00:00:28:199		1.51491e+07		-0.349181		4.81755		531.142		6.97002e+06		528.796		
00:00:28:100		1.51502e+07		-0.347161		4.80371		531.135		6.97001e+06		528.802		
00:00:28:000		1.51513e+07		-0.345141		4.78994		531.127		6.97001e+06		528.804		
00:00:27:850		1.51529e+07		-0.342112		4.76926		531.116		6.97001e+06		528.805		
00:00:27:750		1.5154e+07		-0.340093		4.7554		531.111		6.97001e+06		528.791		
00:00:27:649		1.51551e+07		-0.338073		4.74165		531.103		6.97e+06		528.813		
00:00:27:550		1.51562e+07		-0.336054		4.7279		531.096		6.97e+06		528.815		
00:00:27:449		1.51573e+07		-0.334035		4.71418		531.089		6.97e+06		528.816		
00:00:27:350		1.51584e+07		-0.332016		4.70036		531.081		6.97e+06		528.82		
00:00:27:250		1.51595e+07		-0.329997		4.68667		531.072		6.96999e+06		528.818		
00:00:27:149		1.51606e+07		-0.327978		4.673		531.065		6.96999e+06		528.829		
00:00:27:050		1.51617e+07		-0.325959		4.65938		531.057		6.96999e+06		528.831		
00:00:26:949		1.51628e+07		-0.32394		4.64568		531.05		6.96998e+06		528.831		
00:00:26:850		1.51639e+07		-0.321922		4.63192		531.041		6.96998e+06		528.834		
00:00:26:750		1.5165e+07		-0.319904		4.61831		531.035		6.96998e+06		528.837		
00:00:26:649		1.51661e+07		-0.317886		4.60469		531.028		6.96997e+06		528.839		
00:00:26:550		1.51672e+07		-0.315868		4.59109		531.021		6.96997e+06		528.843		
00:00:26:449		1.51683e+07		-0.31385		4.57744		531.013		6.96997e+06		528.834		
00:00:26:350		1.51693e+07		-0.311833		4.56382		531.008		6.96996e+06		528.851		
00:00:26:250		1.51704e+07		-0.309815		4.55027		530.999		6.96996e+06		528.851		
00:00:26:149		1.51715e+07		-0.307799		4.53679		530.993		6.96996e+06		528.859		
00:00:26:050		1.51726e+07		-0.305783		4.52331		530.984		6.96995e+06		528.858		
00:00:25:949		1.51737e+07		-0.303768		4.50999		530.977		6.96995e+06		528.857		
00:00:25:850		1.51748e+07		-0.301753		4.49648		530.969		6.96994e+06		528.882		
00:00:25:750		1.51759e+07		-0.299736		4.48302		530.964		6.96994e+06		528.859		
00:00:25:649		1.5177e+07		-0.297721		4.46954		530.956		6.96994e+06		528.872		
00:00:25:550		1.51781e+07		-0.295706		4.45619		530.949		6.96993e+06		528.868		
00:00:25:449		1.51792e+07		-0.293691		4.4429		530.942		6.96993e+06		528.883		
00:00:25:350		1.51802e+07		-0.291677		4.42971		530.934		6.96992e+06		528.878		
00:00:25:250		1.51813e+07		-0.289663		4.41648		530.927		6.96992e+06		528.886		
00:00:25:100		1.5183e+07		-0.286642		4.39644		530.914		6.96991e+06		528.884		
00:00:25:050		1.51835e+07		-0.285636		4.38983		530.91		6.96991e+06		528.885		
00:00:24:949		1.51846e+07		-0.283623		4.37648		530.901		6.9699e+06		528.886		
00:00:24:850		1.51857e+07		-0.28161		4.36326		530.894		6.9699e+06		528.881		
00:00:24:750		1.51873e+07		-0.278593		4.34368		530.883		6.96989e+06		528.897		
00:00:24:600		1.51884e+07		-0.276581		4.33043		530.876		6.96989e+06		528.897		
00:00:24:500		1.51895e+07		-0.274568		4.31723		530.868		6.96988e+06		528.899		
00:00:24:399		1.51906e+07		-0.272556		4.30418		530.861		6.96987e+06		528.901		
00:00:24:300		1.51917e+07		-0.270545		4.29103		530.854		6.96987e+06		528.903		
00:00:24:199		1.51927e+07		-0.268533		4.27808		530.846		6.96986e+06		528.911		
00:00:24:100		1.51938e+07		-0.266521		4.26486		530.839		6.96986e+06		528.911		
00:00:24:000		1.51949e+07		-0.26451		4.25187		530.831		6.96985e+06		528.913		
00:00:23:899		1.5196e+07		-0.2625		4.23875		530.824		6.96985e+06		528.915		
00:00:23:800		1.51971e+07		-0.260489		4.22601		530.817		6.96984e+06		528.919		
00:00:23:699		1.51982e+07		-0.25848		4.21287		530.811		6.96983e+06		528.922		
00:00:23:600		1.51992e+07		-0.25647		4.20002		530.804		6.96983e+06		528.924		
00:00:23:500		1.52003e+07		-0.25446		4.18713		530.797		6.96982e+06		528.925		
00:00:23:399		1.52014e+07		-0.252449		4.17422		530.789		6.96981e+06		528.927		
00:00:23:300		1.52025e+07		-0.250438		4.16139		530.78		6.96981e+06		528.928		
00:00:23:300		1.52025e+07		-0.250438		4.16139		530.78		6.96981e+06		528.928		
00:00:23:199		1.52035e+07		-0.248427		4.14862		530.773		6.9698e+06		528.93		
00:00:23:100		1.52046e+07		-0.246416		4.1357		530.767		6.96979e+06		528.932		
00:00:23:000		1.52057e+07		-0.244405		4.12297		530.76		6.96979e+06		528.933		
00:00:22:899		1.52067e+07		-0.242393		4.11022		530.749		6.96978e+06		528.938		
00:00:22:800		1.52078e+07		-0.240383		4.09747		530.743		6.96977e+06		528.931		
00:00:22:600		1.52099e+07		-0.236368		4.07217		530.727		6.96976e+06		528.94		
00:00:22:500		1.52109e+07		-0.234362		4.05962		530.718		6.96975e+06		528.935		
00:00:22:500		1.52109e+07		-0.234362		4.05962		530.718		6.96975e+06		528.935		
00:00:22:399		1.5212e+07		-0.232358		4.04715		530.708		6.96974e+06		528.948		
00:00:22:300		1.5213e+07		-0.230354		4.03449		530.699		6.96973e+06		528.948		
00:00:22:199		1.52141e+07		-0.228353		4.02196		530.692		6.96973e+06		528.944		
00:00:22:000		1.52161e+07		-0.224356		3.99714		530.675		6.96971e+06		528.953		
00:00:21:899		1.52172e+07		-0.22236		3.98484		530.668		6.9697e+06		528.958		
00:00:21:800		1.52182e+07		-0.220366		3.9725		530.659		6.96969e+06		528.956		
00:00:21:699		1.52192e+07		-0.218374		3.9602		530.651		6.96969e+06		528.958		
00:00:21:600		1.52203e+07		-0.216383		3.94804		530.642		6.96968e+06		528.958		
00:00:21:500		1.52213e+07		-0.214395		3.93579		530.635		6.96967e+06		528.965		
00:00:21:500		1.52213e+07		-0.214395		3.93579		530.635		6.96967e+06		528.965		
00:00:21:399		1.52223e+07		-0.212409		3.92365		530.626		6.96966e+06		528.966		
00:00:21:300		1.52234e+07		-0.210423		3.91149		530.618		6.96965e+06		528.963		
00:00:21:199		1.52244e+07		-0.208441		3.89939		530.609		6.96964e+06		528.968		
00:00:21:100		1.52254e+07		-0.20646		3.88748		530.602		6.96963e+06		528.965		
00:00:21:000		1.52265e+07		-0.204482		3.87556		530.593		6.96962e+06		528.967		
00:00:20:899		1.52275e+07		-0.202506		3.86342		530.583		6.96962e+06		528.967		
00:00:20:800		1.5229e+07		-0.199545		3.85154		530.574		6.96961e+06		528.968		
00:00:20:550		1.52311e+07		-0.195607		3.82214		530.554		6.96958e+06		528.973		
00:00:20:550		1.52311e+07		-0.195607		3.82214		530.554		6.96958e+06		528.973		
00:00:20:449		1.52321e+07		-0.193641		3.81025		530.545		6.96957e+06		528.98		
00:00:20:350		1.52331e+07		-0.191678		3.7985		530.537		6.96956e+06		528.98		
00:00:20:250		1.52341e+07		-0.189717		3.78704		530.528		6.96955e+06		528.981		
00:00:20:149		1.52352e+07		-0.187758		3.7753		530.521		6.96954e+06		528.976		
00:00:20:050		1.52362e+07		-0.185803		3.76373		530.513		6.96953e+06		528.976		
00:00:20:000		1.52367e+07		-0.184827		3.75797		530.51		6.96953e+06		528.982		
00:00:19:899		1.52377e+07		-0.182877		3.74649		530.501		6.96952e+06		528.98		
00:00:19:750		1.52392e+07		-0.179955		3.72914		530.488		6.9695e+06		528.981		
00:00:19:550		1.52413e+07		-0.176069		3.70658		530.471		6.96948e+06		528.987		
00:00:19:550		1.52413e+07		-0.176069		3.70658		530.471		6.96948e+06		528.987		
00:00:19:449		1.52423e+07		-0.174131		3.69522		530.464		6.96947e+06		528.987		
00:00:19:350		1.52433e+07		-0.172194		3.68386		530.456		6.96946e+06		528.987		
00:00:19:250		1.52443e+07		-0.170261		3.67271		530.447		6.96945e+06		528.982		
00:00:19:149		1.52453e+07		-0.168332		3.66182		530.44		6.96943e+06		528.987		
00:00:19:050		1.52463e+07		-0.166405		3.65059		530.431		6.96942e+06		528.982		
00:00:18:949		1.52473e+07		-0.164481		3.63919		530.423		6.96941e+06		528.989		
00:00:18:850		1.52483e+07		-0.16256		3.628		530.414		6.9694e+06		528.977		
00:00:18:750		1.52493e+07		-0.16064		3.61743		530.407		6.96939e+06		528.983		
00:00:18:649		1.52503e+07		-0.158724		3.60679		530.398		6.96937e+06		528.97		
00:00:18:550		1.52513e+07		-0.15681		3.59563		530.388		6.96936e+06		528.984		
00:00:18:449		1.52523e+07		-0.154899		3.58458		530.381		6.96935e+06		528.981		
00:00:18:350		1.52533e+07		-0.152991		3.57282		530.374		6.96934e+06		528.983		
00:00:18:250		1.52543e+07		-0.151084		3.56323		530.366		6.96932e+06		528.994		
00:00:18:149		1.52553e+07		-0.149182		3.55337		530.357		6.96931e+06		528.988		
00:00:18:050		1.52563e+07		-0.147282		3.54184		530.352		6.9693e+06		528.994		
00:00:17:949		1.52573e+07		-0.145384		3.53116		530.344		6.96929e+06		528.987		
00:00:17:850		1.52583e+07		-0.143489		3.51559		530.337		6.96927e+06		528.994		
00:00:17:750		1.52593e+07		-0.141596		3.51017		530.328		6.96926e+06		528.994		
00:00:17:550		1.52612e+07		-0.137819		3.48945		530.313		6.96923e+06		528.985		
00:00:17:550		1.52612e+07		-0.137819		3.48945		530.313		6.96923e+06		528.985		
00:00:17:449		1.52622e+07		-0.135935		3.47917		530.307		6.96922e+06		528.986		
00:00:17:350		1.52632e+07		-0.134053		3.46898		530.298		6.96921e+06		528.983		
00:00:17:250		1.52642e+07		-0.132172		3.45858		530.291		6.96919e+06		528.981		
00:00:17:149		1.52652e+07		-0.130293		3.44852		530.284		6.96918e+06		529.005		
00:00:17:050		1.52662e+07		-0.128417		3.43844		530.276		6.96916e+06		528.985		
00:00:16:949		1.52671e+07		-0.126541		3.42834		530.271		6.96915e+06		528.991		
00:00:16:850		1.52681e+07		-0.124668		3.41829		530.263		6.96914e+06		528.987		
00:00:16:750		1.52691e+07		-0.122796		3.4083		530.256		6.96912e+06		528.982		
00:00:16:649		1.52701e+07		-0.120926		3.39836		530.247		6.96911e+06		528.982		
00:00:16:550		1.52711e+07		-0.119057		3.38845		530.239		6.96909e+06		528.98		
00:00:16:449		1.5272e+07		-0.117189		3.37857		530.234		6.96908e+06		528.989		
00:00:16:350		1.5273e+07		-0.115323		3.36883		530.227		6.96906e+06		528.981		
00:00:16:199		1.52745e+07		-0.112525		3.35405		530.217		6.96904e+06		528.98		
00:00:16:100		1.52754e+07		-0.110661		3.34436		530.21		6.96903e+06		528.986		
00:00:16:000		1.52764e+07		-0.108798		3.33475		530.203		6.96901e+06		528.976		
00:00:15:900		1.52774e+07		-0.106936		3.32514		530.195		6.96899e+06		528.982		
00:00:15:800		1.52783e+07		-0.105074		3.31558		530.188		6.96898e+06		528.98		
00:00:15:699		1.52793e+07		-0.103213		3.30604		530.182		6.96896e+06		528.97		
00:00:15:699		1.52793e+07		-0.103213		3.30604		530.182		6.96896e+06		528.97		
00:00:15:500		1.52812e+07		-0.0994921		3.28696		530.168		6.96893e+06		528.963		
00:00:15:500		1.52812e+07		-0.0994921		3.28696		530.168		6.96893e+06		528.963		
00:00:15:400		1.52822e+07		-0.0976315		3.27759		530.16		6.96892e+06		528.977		
00:00:15:199		1.52841e+07		-0.0939097		3.25893		530.147		6.96888e+06		528.966		
00:00:15:199		1.52841e+07		-0.0939097		3.25893		530.147		6.96888e+06		528.966		
00:00:15:050		1.52855e+07		-0.0911174		3.24452		530.136		6.96886e+06		528.962		
00:00:14:949		1.52865e+07		-0.0892553		3.23531		530.131		6.96884e+06		528.974		
00:00:14:849		1.52875e+07		-0.0873919		3.22657		530.124		6.96883e+06		528.96		
00:00:14:750		1.52884e+07		-0.0855274		3.21779		530.116		6.96881e+06		528.944		
00:00:14:650		1.52894e+07		-0.083662		3.20793		530.111		6.96879e+06		528.964		
00:00:14:500		1.52908e+07		-0.0808601		3.19287		530.101		6.96877e+06		528.953		
00:00:14:500		1.52908e+07		-0.0808601		3.19287		530.101		6.96877e+06		528.953		
00:00:14:349		1.52923e+07		-0.078054		3.18104		530.09		6.96874e+06		528.951		
00:00:14:250		1.52932e+07		-0.0761809		3.17378		530.085		6.96872e+06		528.957		
00:00:14:150		1.52942e+07		-0.0743051		3.16294		530.079		6.96871e+06		528.954		
00:00:14:099		1.52947e+07		-0.0733666		3.15666		530.076		6.9687e+06		528.953		
00:00:13:949		1.52961e+07		-0.0705471		3.13948		530.066		6.96867e+06		528.95		
00:00:13:900		1.52966e+07		-0.0696058		3.13824		530.063		6.96866e+06		528.943		
00:00:13:750		1.5298e+07		-0.0667777		3.13436		530.055		6.96864e+06		528.949		
00:00:13:550		1.52999e+07		-0.0629959		3.12919		530.043		6.9686e+06		528.937		
00:00:13:550		1.52999e+07		-0.0629959		3.12919		530.043		6.9686e+06		528.937		
00:00:13:449		1.53009e+07		-0.0611005		3.12666		530.037		6.96859e+06		528.935		
00:00:13:349		1.53018e+07		-0.0592008		3.12405		530.031		6.96857e+06		528.932		
00:00:13:250		1.53028e+07		-0.0572968		3.12154		530.026		6.96855e+06		528.928		
00:00:13:150		1.53037e+07		-0.0553889		3.11894		530.02		6.96853e+06		528.918		
00:00:13:050		1.53047e+07		-0.0534763		3.11635		530.015		6.96851e+06		528.925		
00:00:12:949		1.53057e+07		-0.051559		3.11385		530.009		6.9685e+06		528.932		
00:00:12:849		1.53066e+07		-0.0496373		3.11127		530.002		6.96848e+06		528.919		
00:00:12:750		1.53076e+07		-0.0477099		3.10874		529.995		6.96846e+06		528.915		
00:00:12:550		1.53095e+07		-0.043839		3.10352		529.984		6.96842e+06		528.911		
00:00:12:550		1.53095e+07		-0.043839		3.10352		529.984		6.96842e+06		528.911		
00:00:12:449		1.53105e+07		-0.0418944		3.10098		529.978		6.9684e+06		528.907		
00:00:12:349		1.53114e+07		-0.0399437		3.09844		529.973		6.96838e+06		528.917		
00:00:12:250		1.53124e+07		-0.0379868		3.09587		529.965		6.96837e+06		528.904		
00:00:12:150		1.53139e+07		-0.0350394		3.09201		529.958		6.96834e+06		528.899		
00:00:12:000		1.53148e+07		-0.0330663		3.08943		529.952		6.96832e+06		528.896		
00:00:11:900		1.53158e+07		-0.031085		3.08688		529.947		6.9683e+06		528.901		
00:00:11:800		1.53168e+07		-0.0290976		3.08437		529.941		6.96828e+06		528.887		
00:00:11:750		1.53173e+07		-0.028101		3.0831		529.938		6.96827e+06		528.885		
00:00:11:650		1.53183e+07		-0.0261006		3.08051		529.932		6.96825e+06		528.893		
00:00:11:550		1.53192e+07		-0.0240922		3.07792		529.927		6.96823e+06		528.897		
00:00:11:449		1.53207e+07		-0.0210638		3.07409		529.921		6.9682e+06		528.876		
00:00:11:300		1.53217e+07		-0.0190349		3.07158		529.917		6.96818e+06		528.878		
00:00:11:199		1.53227e+07		-0.0169973		3.06898		529.912		6.96816e+06		528.879		
00:00:11:099		1.53237e+07		-0.0149508		3.06639		529.908		6.96814e+06		528.859		
00:00:11:000		1.53247e+07		-0.0128956		3.0638		529.903		6.96812e+06		528.871		
00:00:10:900		1.53257e+07		-0.0108309		3.06124		529.899		6.9681e+06		528.85		
00:00:10:800		1.53267e+07		-0.00875759		3.05879		529.895		6.96808e+06		528.847		
00:00:10:699		1.53277e+07		-0.00667429		3.05616		529.892		6.96806e+06		528.848		
00:00:10:599		1.53288e+07		-0.00458193		3.05356		529.886		6.96804e+06		528.856		
00:00:10:500		1.53298e+07		-0.00247908		3.05097		529.882		6.96802e+06		528.853		
00:00:10:400		1.53308e+07		-0.000367165		3.04842		529.879		6.968e+06		528.87		
00:00:10:400		1.53308e+07		-0.000367165		3.04842		529.879		6.968e+06		528.87		
00:00:10:300		1.53318e+07		0.00175571		3.04579		529.875		6.96797e+06		528.842		
00:00:10:199		1.53329e+07		0.00388908		3.04328		529.873		6.96795e+06		528.833		
00:00:10:099		1.53339e+07		0.00603294		3.04064		529.87		6.96793e+06		528.825		
00:00:10:000		1.5335e+07		0.00818777		3.0378		529.868		6.96791e+06		528.812		
00:00:09:900		1.5336e+07		0.0103531		3.03549		529.864		6.96788e+06		528.804		
00:00:09:800		1.53371e+07		0.0125294		3.03305		529.862		6.96786e+06		528.8		
00:00:09:699		1.53381e+07		0.0147142		3.03032		529.86		6.96784e+06		528.814		
00:00:09:500		1.53403e+07		0.0191092		3.02492		529.857		6.96779e+06		528.786		
00:00:09:500		1.53403e+07		0.0191092		3.02492		529.857		6.96779e+06		528.786		
00:00:09:400		1.53413e+07		0.0213175		3.0227		529.855		6.96777e+06		528.785		
00:00:09:300		1.53423e+07		0.0234089		3.02017		529.853		6.96774e+06		528.777		
00:00:09:199		1.5344e+07		0.026258		3.01685		529.851		6.96771e+06		528.779		
00:00:09:050		1.53452e+07		0.0281539		3.01448		529.849		6.96768e+06		528.768		
00:00:08:949		1.53464e+07		0.0300479		3.01233		529.849		6.96765e+06		528.772		
00:00:08:800		1.53482e+07		0.0328841		3.00882		529.847		6.96762e+06		528.757		
00:00:08:800		1.53482e+07		0.0328841		3.00882		529.847		6.96762e+06		528.757		
00:00:08:599		1.53506e+07		0.0366569		3.00452		529.846		6.96756e+06		528.728		
00:00:08:500		1.53517e+07		0.0385399		3.00211		529.846		6.96753e+06		528.719		
00:00:08:500		1.53517e+07		0.0385399		3.00211		529.846		6.96753e+06		528.719		
00:00:08:349		1.53535e+07		0.0413604		2.99886		529.846		6.96749e+06		528.718		
00:00:08:250		1.53548e+07		0.0432377		2.99669		529.846		6.96746e+06		528.693		
00:00:08:050		1.53572e+07		0.0469861		2.99237		529.847		6.9674e+06		528.668		
00:00:08:050		1.53572e+07		0.0469861		2.99237		529.847		6.9674e+06		528.668		
00:00:07:950		1.53584e+07		0.0488563		2.99014		529.849		6.96737e+06		528.663		
00:00:07:849		1.53596e+07		0.0507245		2.98788		529.849		6.96734e+06		528.65		
00:00:07:750		1.53608e+07		0.0525904		2.98582		529.851		6.96731e+06		528.637		
00:00:07:549		1.53633e+07		0.056314		2.98145		529.855		6.96725e+06		528.632		
00:00:07:450		1.53645e+07		0.0581727		2.9794		529.855		6.96722e+06		528.6		
00:00:07:450		1.53645e+07		0.0581727		2.9794		529.855		6.96722e+06		528.6		
00:00:07:349		1.53658e+07		0.060029		2.97728		529.857		6.96718e+06		528.583		
00:00:07:250		1.5367e+07		0.0618825		2.97508		529.858		6.96715e+06		528.567		
00:00:07:150		1.53683e+07		0.0637336		2.973		529.858		6.96711e+06		528.551		
00:00:07:049		1.53695e+07		0.0655818		2.97108		529.86		6.96708e+06		528.549		
00:00:06:950		1.53708e+07		0.0674276		2.96881		529.862		6.96704e+06		528.54		
00:00:06:849		1.5372e+07		0.0692706		2.96675		529.866		6.96701e+06		528.507		
00:00:06:750		1.53733e+07		0.0711112		2.96473		529.87		6.96697e+06		528.508		
00:00:06:650		1.53746e+07		0.0729485		2.96275		529.873		6.96693e+06		528.491		
00:00:06:549		1.53759e+07		0.0747833		2.96063		529.879		6.9669e+06		528.454		
00:00:06:450		1.53772e+07		0.0766144		2.95859		529.882		6.96686e+06		528.454		
00:00:06:349		1.53785e+07		0.0784435		2.95667		529.89		6.96682e+06		528.434		
00:00:06:250		1.53804e+07		0.081181		2.95355		529.897		6.96676e+06		528.402		
00:00:06:099		1.53817e+07		0.0830016		2.95158		529.903		6.96672e+06		528.375		
00:00:06:000		1.5383e+07		0.0848188		2.94962		529.908		6.96668e+06		528.362		
00:00:05:900		1.53843e+07		0.0866332		2.94761		529.916		6.96663e+06		528.316		
00:00:05:799		1.53857e+07		0.0884452		2.94562		529.921		6.96659e+06		528.314		
00:00:05:700		1.5387e+07		0.0902529		2.94375		529.927		6.96655e+06		528.28		
00:00:05:650		1.53877e+07		0.0911551		2.94284		529.93		6.96653e+06		528.267		
00:00:05:500		1.53897e+07		0.0938563		2.93996		529.939		6.96646e+06		528.211		
00:00:05:400		1.5391e+07		0.0956521		2.93804		529.943		6.96641e+06		528.191		
00:00:05:299		1.53924e+07		0.0974436		2.93616		529.949		6.96637e+06		528.163		
00:00:05:200		1.53938e+07		0.0992303		2.93429		529.954		6.96632e+06		528.134		
00:00:05:099		1.53951e+07		0.101013		2.9324		529.96		6.96628e+06		528.126		
00:00:05:000		1.53965e+07		0.10279		2.93056		529.965		6.96623e+06		528.072		
00:00:04:900		1.53979e+07		0.104563		2.92876		529.974		6.96618e+06		528.038		
00:00:04:900		1.53979e+07		0.104563		2.92876		529.974		6.96618e+06		528.038		
00:00:04:700		1.54007e+07		0.108094		2.92525		529.991		6.96609e+06		527.997		
00:00:04:599		1.54021e+07		0.109851		2.92337		529.998		6.96604e+06		527.939		
00:00:04:500		1.54036e+07		0.111603		2.92154		530.008		6.96599e+06		527.927		
00:00:04:400		1.5405e+07		0.11335		2.91991		530.013		6.96594e+06		527.893		
00:00:04:299		1.54064e+07		0.115092		2.91822		530.02		6.9659e+06		527.847		
00:00:04:299		1.54064e+07		0.115092		2.91822		530.02		6.9659e+06		527.847		
00:00:04:200		1.54079e+07		0.116827		2.91642		530.028		6.96585e+06		527.818		
00:00:04:099		1.54093e+07		0.118557		2.91468		530.033		6.9658e+06		527.772		
00:00:04:000		1.54108e+07		0.12028		2.9129		530.041		6.96575e+06		527.719		
00:00:03:799		1.54137e+07		0.123707		2.90947		530.054		6.96566e+06		527.667		
00:00:03:700		1.54152e+07		0.125409		2.90781		530.063		6.96561e+06		527.625		
00:00:03:700		1.54152e+07		0.125409		2.90781		530.063		6.96561e+06		527.625		
00:00:03:500		1.54182e+07		0.128788		2.90424		530.081		6.96552e+06		527.524		
00:00:03:500		1.54182e+07		0.128788		2.90424		530.081		6.96552e+06		527.524		
00:00:03:399		1.54197e+07		0.130464		2.9025		530.089		6.96548e+06		527.483		
00:00:03:299		1.54212e+07		0.13213		2.90084		530.096		6.96544e+06		527.437		
00:00:03:149		1.54234e+07		0.13461		2.89813		530.107		6.96537e+06		527.38		
00:00:03:100		1.54242e+07		0.135432		2.89721		530.111		6.96535e+06		527.369		
00:00:03:000		1.54257e+07		0.137068		2.89534		530.118		6.96532e+06		527.351		
00:00:02:850		1.5428e+07		0.139506		2.89233		530.127		6.96526e+06		527.276		
00:00:02:750		1.54295e+07		0.141124		2.8903		530.133		6.96523e+06		527.241		
00:00:02:600		1.54318e+07		0.143545		2.88704		530.14		6.96518e+06		527.203		
00:00:02:500		1.54334e+07		0.145156		2.88487		530.144		6.96515e+06		527.154		
00:00:02:500		1.54334e+07		0.145156		2.88487		530.144		6.96515e+06		527.154		
00:00:02:399		1.54351e+07		0.146763		2.88268		530.147		6.96512e+06		527.116		
00:00:02:299		1.54368e+07		0.148362		2.88069		530.151		6.96509e+06		527.106		
00:00:02:149		1.54395e+07		0.150723		2.8778		530.157		6.96505e+06		527.044		
00:00:02:049		1.54412e+07		0.152254		2.87579		530.16		6.96503e+06		527.038		
00:00:01:949		1.54429e+07		0.153735		2.8738		530.164		6.96501e+06		527.013		
00:00:01:850		1.54445e+07		0.155161		2.8719		530.168		6.96499e+06		526.989		
00:00:01:750		1.54459e+07		0.156536		2.86968		530.171		6.96497e+06		526.965		
00:00:01:550		1.54482e+07		0.159226		2.8621		530.179		6.96494e+06		526.908		
00:00:01:449		1.54494e+07		0.160622		2.85723		530.182		6.96492e+06		526.915		
00:00:01:449		1.54494e+07		0.160622		2.85723		530.182		6.96492e+06		526.915		
00:00:01:350		1.54508e+07		0.162115		2.85294		530.186		6.96491e+06		526.877		
00:00:01:250		1.54527e+07		0.163735		2.84891		530.188		6.96489e+06		526.861		
00:00:01:149		1.54554e+07		0.165473		2.84453		530.192		6.96488e+06		526.847		
00:00:01:050		1.54591e+07		0.167267		2.84015		530.195		6.96488e+06		526.838		
00:00:00:949		1.54636e+07		0.169		2.83891		530.197		6.96487e+06		526.828		
00:00:00:849		1.54683e+07		0.170522		2.84451		530.201		6.96486e+06		526.824		
00:00:00:750		1.54726e+07		0.17169		2.85353		530.204		6.96486e+06		526.823		
00:00:00:599		1.5477e+07		0.172641		2.85819		530.208		6.96486e+06		526.824		
00:00:00:450		1.54785e+07		0.17284		2.83569		530.214		6.96485e+06		526.827		
00:00:00:450		1.54785e+07		0.17284		2.83569		530.214		6.96485e+06		526.827		
00:00:00:349		1.54786e+07		0.17284		2.83573		530.216		6.96485e+06		526.825		
00:00:00:250		1.54786e+07		0.17284		2.83572		530.217		6.96484e+06		526.838		
00:00:00:149		1.54785e+07		0.17284		2.83572		530.221		6.96484e+06		526.817		
00:00:00:050		1.54785e+07		0.17284		2.83567		530.223		6.96484e+06		526.826		
00:00:00:000		1.54785e+07		0.17284		2.83571		530.225		6.96483e+06		526.826		
00:00:00:000		1.54785e+07		0.17284		2.83571		530.225		6.96483e+06		526.826		
00:00:00:000		1.54785e+07		0.17284		2.83571		530.225		6.96483e+06		526.826		
00:00:00:000		1.54785e+07		0.17284		2.83571		530.225		6.96483e+06		526.826		
00:00:00:000		1.54785e+07		0.17284		2.83571		530.225		6.96483e+06		526.826		
00:00:00:000		1.54785e+07		0.17284		2.83571		530.225		6.96483e+06		526.826		
