	time 		gpv001pnt10113ppntm	evf507ety101mpzoyout	chtcon(1)	chavg(1)	chlhsumpa	rcptavgn	
00:01:01:200		6.83002e+06		104.374		44.3798		40188.7		0.152979		309.457		
00:01:01:100		6.83005e+06		104.374		44.3798		40188.7		0.152979		309.458		
00:01:01:000		6.83008e+06		104.359		44.3798		40188.7		0.152979		309.458		
00:01:00:799		6.83015e+06		104.359		44.326		39821.6		0.152358		309.46		
00:01:00:799		6.83015e+06		104.359		44.326		39821.6		0.152358		309.46		
00:01:00:700		6.83018e+06		104.344		44.2725		39455.9		0.151736		309.461		
00:01:00:500		6.83025e+06		104.328		44.2725		39455.9		0.151736		309.463		
00:01:00:500		6.83025e+06		104.328		44.2725		39455.9		0.151736		309.463		
00:01:00:399		6.83028e+06		104.328		44.2194		39106.5		0.151114		309.464		
00:01:00:299		6.83031e+06		104.328		44.2194		39106.5		0.151114		309.464		
00:01:00:100		6.83038e+06		104.313		44.1668		38758.2		0.150493		309.466		
00:01:00:100		6.83038e+06		104.313		44.1668		38758.2		0.150493		309.466		
00:01:00:000		6.83041e+06		104.297		44.1668		38758.2		0.150493		309.467		
00:00:59:950		6.83042e+06		104.297		44.1145		38411.3		0.149871		309.467		
00:00:59:799		6.83047e+06		104.297		44.1145		38411.3		0.149871		309.469		
00:00:59:750		6.83049e+06		104.282		44.1145		38411.3		0.149871		309.469		
00:00:59:549		6.83055e+06		104.282		44.0627		38065.4		0.149249		309.471		
00:00:59:549		6.83055e+06		104.282		44.0627		38065.4		0.149249		309.471		
00:00:59:450		6.83058e+06		104.266		44.0112		37728.4		0.148627		309.472		
00:00:59:350		6.83062e+06		104.266		44.0112		37728.4		0.148627		309.473		
00:00:59:200		6.83066e+06		104.25		43.9602		37399.8		0.148005		309.474		
00:00:59:100		6.8307e+06		104.25		43.9602		37399.8		0.148005		309.475		
00:00:59:000		6.83073e+06		104.235		43.9602		37399.8		0.148005		309.476		
00:00:58:899		6.83076e+06		104.235		43.9094		37072.6		0.147383		309.477		
00:00:58:850		6.83077e+06		104.235		43.9094		37072.6		0.147383		309.477		
00:00:58:750		6.83081e+06		104.219		43.9094		37072.6		0.147383		309.478		
00:00:58:600		6.83085e+06		104.219		43.8589		36746.4		0.14676		309.479		
00:00:58:549		6.83088e+06		104.204		43.8589		36746.4		0.14676		309.48		
00:00:58:399		6.83091e+06		104.204		43.8084		36406.9		0.146138		309.481		
00:00:58:299		6.83094e+06		104.204		43.8084		36406.9		0.146138		309.482		
00:00:58:200		6.83098e+06		104.188		43.758		36061.4		0.145515		309.482		
00:00:58:100		6.83100e+06		104.188		43.758		36061.4		0.145515		309.483		
00:00:58:000		6.83104e+06		104.172		43.758		36061.4		0.145515		309.484		
00:00:57:899		6.83107e+06		104.172		43.7077		35724.5		0.144893		309.485		
00:00:57:799		6.8311e+06		104.172		43.7077		35724.5		0.144893		309.486		
00:00:57:700		6.83113e+06		104.157		43.6574		35388.8		0.14427		309.487		
00:00:57:600		6.83116e+06		104.157		43.6574		35388.8		0.14427		309.487		
00:00:57:500		6.83119e+06		104.141		43.6574		35388.8		0.14427		309.488		
00:00:57:399		6.83121e+06		104.141		43.6073		35047.2		0.143648		309.489		
00:00:57:299		6.83125e+06		104.141		43.6073		35047.2		0.143648		309.49		
00:00:57:200		6.83128e+06		104.125		43.5575		34714.2		0.143025		309.491		
00:00:57:100		6.83131e+06		104.125		43.5575		34714.2		0.143025		309.492		
00:00:56:950		6.83135e+06		104.11		43.5079		34389.5		0.142402		309.493		
00:00:56:850		6.83138e+06		104.11		43.5079		34389.5		0.142402		309.494		
00:00:56:750		6.83141e+06		104.094		43.5079		34389.5		0.142402		309.494		
00:00:56:750		6.83141e+06		104.094		43.5079		34389.5		0.142402		309.494		
00:00:56:649		6.83144e+06		104.094		43.4587		34066.1		0.141779		309.495		
00:00:56:450		6.8315e+06		104.078		43.4098		33751.1		0.141156		309.497		
00:00:56:450		6.8315e+06		104.078		43.4098		33751.1		0.141156		309.497		
00:00:56:350		6.83153e+06		104.078		43.4098		33751.1		0.141156		309.498		
00:00:56:250		6.83156e+06		104.062		43.4098		33751.1		0.141156		309.498		
00:00:56:049		6.83161e+06		104.062		43.3612		33430.1		0.140533		309.5		
00:00:56:049		6.83161e+06		104.062		43.3612		33430.1		0.140533		309.5		
00:00:55:950		6.83164e+06		104.046		43.3129		33117.7		0.13991		309.501		
00:00:55:850		6.83167e+06		104.046		43.3129		33117.7		0.13991		309.502		
00:00:55:750		6.8317e+06		104.031		43.3129		33117.7		0.13991		309.503		
00:00:55:549		6.83175e+06		104.031		43.2647		32813.2		0.139286		309.504		
00:00:55:450		6.83178e+06		104.015		43.2168		32503.2		0.138663		309.505		
00:00:55:450		6.83178e+06		104.015		43.2168		32503.2		0.138663		309.505		
00:00:55:350		6.83181e+06		104.015		43.2168		32503.2		0.138663		309.506		
00:00:55:250		6.83184e+06		103.999		43.2168		32503.2		0.138663		309.507		
00:00:55:149		6.83187e+06		103.999		43.169		32201.3		0.138039		309.508		
00:00:55:049		6.8319e+06		103.999		43.169		32201.3		0.138039		309.508		
00:00:54:950		6.83192e+06		103.983		43.1215		31893.7		0.137416		309.509		
00:00:54:850		6.83195e+06		103.983		43.1215		31893.7		0.137416		309.51		
00:00:54:700		6.83199e+06		103.967		43.0741		31580.6		0.136792		309.511		
00:00:54:549		6.83204e+06		103.967		43.0741		31580.6		0.136792		309.513		
00:00:54:549		6.83204e+06		103.967		43.0741		31580.6		0.136792		309.513		
00:00:54:399		6.83208e+06		103.952		43.027		31275.7		0.136168		309.514		
00:00:54:299		6.8321e+06		103.952		43.027		31275.7		0.136168		309.515		
00:00:54:200		6.83213e+06		103.936		42.98		30972		0.135544		309.515		
00:00:54:100		6.83216e+06		103.936		42.98		30972		0.135544		309.516		
00:00:54:000		6.83219e+06		103.92		42.98		30972		0.135544		309.517		
00:00:53:899		6.83222e+06		103.92		42.9332		30662.8		0.13492		309.518		
00:00:53:799		6.83224e+06		103.92		42.9332		30662.8		0.13492		309.519		
00:00:53:700		6.83227e+06		103.904		42.8866		30355		0.134296		309.52		
00:00:53:600		6.8323e+06		103.904		42.8866		30355		0.134296		309.52		
00:00:53:500		6.83232e+06		103.888		42.8866		30355		0.134296		309.521		
00:00:53:399		6.83235e+06		103.888		42.8402		30048.5		0.133672		309.522		
00:00:53:299		6.83238e+06		103.888		42.8402		30048.5		0.133672		309.523		
00:00:53:200		6.8324e+06		103.872		42.794		29750		0.133048		309.524		
00:00:53:100		6.83243e+06		103.872		42.794		29750		0.133048		309.525		
00:00:53:000		6.83245e+06		103.856		42.794		29750		0.133048		309.525		
00:00:52:899		6.83248e+06		103.856		42.7479		29452.8		0.132424		309.526		
00:00:52:799		6.83251e+06		103.856		42.7479		29452.8		0.132424		309.527		
00:00:52:700		6.83253e+06		103.84		42.702		29150.4		0.131799		309.528		
00:00:52:600		6.83256e+06		103.84		42.702		29150.4		0.131799		309.529		
00:00:52:500		6.83258e+06		103.824		42.702		29150.4		0.131799		309.529		
00:00:52:399		6.83261e+06		103.824		42.6563		28855.9		0.131175		309.53		
00:00:52:299		6.83264e+06		103.824		42.6563		28855.9		0.131175		309.531		
00:00:52:149		6.83267e+06		103.808		42.6108		28562.6		0.13055		309.532		
00:00:52:100		6.83269e+06		103.808		42.6108		28562.6		0.13055		309.533		
00:00:52:000		6.83271e+06		103.792		42.6108		28562.6		0.13055		309.534		
00:00:51:899		6.83274e+06		103.792		42.5655		28264.2		0.129926		309.534		
00:00:51:750		6.83277e+06		103.776		42.5655		28264.2		0.129926		309.536		
00:00:51:649		6.8328e+06		103.776		42.5203		27967.2		0.129301		309.536		
00:00:51:549		6.83283e+06		103.776		42.5203		27967.2		0.129301		309.537		
00:00:51:450		6.83285e+06		103.76		42.4753		27671.5		0.128676		309.538		
00:00:51:450		6.83285e+06		103.76		42.4753		27671.5		0.128676		309.538		
00:00:51:350		6.83288e+06		103.76		42.4753		27671.5		0.128676		309.539		
00:00:51:250		6.8329e+06		103.744		42.4753		27671.5		0.128676		309.54		
00:00:51:049		6.83295e+06		103.744		42.4305		27383.7		0.128051		309.541		
00:00:50:950		6.83297e+06		103.727		42.3861		27103.6		0.127426		309.542		
00:00:50:950		6.83297e+06		103.727		42.3861		27103.6		0.127426		309.542		
00:00:50:850		6.83299e+06		103.727		42.3861		27103.6		0.127426		309.543		
00:00:50:750		6.83302e+06		103.711		42.3861		27103.6		0.127426		309.544		
00:00:50:649		6.83304e+06		103.711		42.3421		26818.4		0.126801		309.544		
00:00:50:450		6.8331e+06		103.695		42.2985		26534.7		0.126176		309.546		
00:00:50:450		6.8331e+06		103.695		42.2985		26534.7		0.126176		309.546		
00:00:50:250		6.83314e+06		103.679		42.2985		26534.7		0.126176		309.548		
00:00:50:250		6.83314e+06		103.679		42.2985		26534.7		0.126176		309.548		
00:00:50:149		6.83316e+06		103.679		42.2554		26264.9		0.125551		309.548		
00:00:50:049		6.83319e+06		103.679		42.2554		26264.9		0.125551		309.549		
00:00:49:950		6.83321e+06		103.663		42.2128		25996.4		0.124925		309.55		
00:00:49:850		6.83324e+06		103.663		42.2128		25996.4		0.124925		309.551		
00:00:49:750		6.83326e+06		103.646		42.2128		25996.4		0.124925		309.552		
00:00:49:649		6.83328e+06		103.646		42.1706		25723		0.1243		309.552		
00:00:49:450		6.83333e+06		103.63		42.129		25444.6		0.123675		309.554		
00:00:49:450		6.83333e+06		103.63		42.129		25444.6		0.123675		309.554		
00:00:49:350		6.83335e+06		103.63		42.129		25444.6		0.123675		309.555		
00:00:49:250		6.83338e+06		103.614		42.129		25444.6		0.123675		309.556		
00:00:49:149		6.8334e+06		103.614		42.0878		25174		0.123049		309.556		
00:00:49:049		6.83342e+06		103.614		42.0878		25174		0.123049		309.557		
00:00:48:950		6.83344e+06		103.597		42.0472		24904.5		0.122423		309.558		
00:00:48:850		6.83346e+06		103.597		42.0472		24904.5		0.122423		309.559		
00:00:48:700		6.83349e+06		103.581		42.0071		24624.2		0.121797		309.56		
00:00:48:500		6.83354e+06		103.565		42.0071		24624.2		0.121797		309.561		
00:00:48:399		6.83356e+06		103.565		41.9675		24351.4		0.121172		309.562		
00:00:48:399		6.83356e+06		103.565		41.9675		24351.4		0.121172		309.562		
00:00:48:299		6.83358e+06		103.565		41.9675		24351.4		0.121172		309.563		
00:00:48:200		6.8336e+06		103.548		41.9285		24086.1		0.120546		309.564		
00:00:48:100		6.83362e+06		103.548		41.9285		24086.1		0.120546		309.564		
00:00:48:000		6.83364e+06		103.532		41.9285		24086.1		0.120546		309.565		
00:00:47:899		6.83367e+06		103.532		41.8901		23816.1		0.11992		309.566		
00:00:47:799		6.83369e+06		103.532		41.8901		23816.1		0.11992		309.567		
00:00:47:700		6.83371e+06		103.515		41.8522		23541.5		0.119294		309.568		
00:00:47:600		6.83373e+06		103.515		41.8522		23541.5		0.119294		309.568		
00:00:47:500		6.83375e+06		103.499		41.8522		23541.5		0.119294		309.569		
00:00:47:399		6.83377e+06		103.499		41.815		23268.3		0.118667		309.57		
00:00:47:299		6.8338e+06		103.499		41.815		23268.3		0.118667		309.571		
00:00:47:200		6.83382e+06		103.482		41.7783		23002.5		0.118041		309.571		
00:00:47:100		6.83384e+06		103.482		41.7783		23002.5		0.118041		309.572		
00:00:47:000		6.83386e+06		103.466		41.7783		23002.5		0.118041		309.573		
00:00:46:899		6.83388e+06		103.466		41.7423		22744.1		0.117415		309.574		
00:00:46:799		6.8339e+06		103.466		41.7423		22744.1		0.117415		309.574		
00:00:46:700		6.83392e+06		103.449		41.707		22487		0.116788		309.575		
00:00:46:600		6.83394e+06		103.449		41.707		22487		0.116788		309.576		
00:00:46:500		6.83396e+06		103.433		41.707		22487		0.116788		309.577		
00:00:46:399		6.83398e+06		103.433		41.6723		22231.3		0.116162		309.578		
00:00:46:299		6.834e+06		103.433		41.6723		22231.3		0.116162		309.578		
00:00:46:200		6.83402e+06		103.416		41.6384		21971.1		0.115535		309.579		
00:00:46:100		6.83404e+06		103.416		41.6384		21971.1		0.115535		309.58		
00:00:45:950		6.83407e+06		103.4		41.6051		21712.5		0.114908		309.581		
00:00:45:850		6.83409e+06		103.4		41.6051		21712.5		0.114908		309.582		
00:00:45:799		6.8341e+06		103.4		41.6051		21712.5		0.114908		309.582		
00:00:45:700		6.83412e+06		103.383		41.5727		21461		0.114282		309.583		
00:00:45:600		6.83414e+06		103.383		41.5727		21461		0.114282		309.584		
00:00:45:500		6.83416e+06		103.366		41.5727		21461		0.114282		309.584		
00:00:45:350		6.83419e+06		103.366		41.5412		21205.1		0.113655		309.586		
00:00:45:250		6.83421e+06		103.35		41.5412		21205.1		0.113655		309.586		
00:00:45:149		6.83421e+06		103.35		41.5412		21205.1		0.113655		309.586		
00:00:45:149		6.83423e+06		103.35		41.5109		20950.7		0.113028		309.587		
00:00:45:049		6.83424e+06		103.35		41.5109		20950.7		0.113028		309.588		
00:00:44:950		6.83426e+06		103.333		41.4819		20703.4		0.112401		309.589		
00:00:44:850		6.83428e+06		103.333		41.4819		20703.4		0.112401		309.589		
00:00:44:549		6.83434e+06		103.316		41.4541		20457.5		0.111774		309.592		
00:00:44:549		6.83434e+06		103.316		41.4541		20457.5		0.111774		309.592		
00:00:44:450		6.83436e+06		103.299		41.4273		20213		0.111146		309.592		
00:00:44:450		6.83436e+06		103.299		41.4273		20213		0.111146		309.592		
00:00:44:350		6.83437e+06		103.299		41.4273		20213		0.111146		309.593		
00:00:44:250		6.83439e+06		103.283		41.4273		20213		0.111146		309.594		
00:00:44:149		6.83441e+06		103.283		41.4013		19964.3		0.110519		309.595		
00:00:44:049		6.83443e+06		103.283		41.4013		19964.3		0.110519		309.595		
00:00:43:950		6.83445e+06		103.266		41.3761		19711.6		0.109892		309.596		
00:00:43:750		6.83449e+06		103.249		41.3761		19711.6		0.109892		309.598		
00:00:43:750		6.83449e+06		103.249		41.3761		19711.6		0.109892		309.598		
00:00:43:649		6.83450e+06		103.249		41.3519		19465.9		0.109264		309.598		
00:00:43:450		6.83454e+06		103.232		41.3287		19232.6		0.108637		309.6		
00:00:43:450		6.83454e+06		103.232		41.3287		19232.6		0.108637		309.6		
00:00:43:350		6.83456e+06		103.232		41.3287		19232.6		0.108637		309.601		
00:00:43:250		6.83458e+06		103.215		41.3287		19232.6		0.108637		309.602		
00:00:43:149		6.83459e+06		103.215		41.3065		18995.1		0.108009		309.602		
00:00:43:049		6.83461e+06		103.215		41.3065		18995.1		0.108009		309.603		
00:00:42:950		6.83463e+06		103.198		41.2852		18753.8		0.107381		309.604		
00:00:42:850		6.83465e+06		103.198		41.2852		18753.8		0.107381		309.605		
00:00:42:700		6.83467e+06		103.181		41.2651		18519.3		0.106753		309.606		
00:00:42:500		6.8347e+06		103.164		41.2651		18519.3		0.106753		309.607		
00:00:42:399		6.83472e+06		103.164		41.2461		18280.8		0.106125		309.608		
00:00:42:399		6.83472e+06		103.164		41.2461		18280.8		0.106125		309.608		
00:00:42:299		6.83474e+06		103.164		41.2461		18280.8		0.106125		309.609		
00:00:42:200		6.83475e+06		103.148		41.2283		18038.5		0.105497		309.61		
00:00:42:100		6.83477e+06		103.148		41.2283		18038.5		0.105497		309.61		
00:00:42:000		6.83478e+06		103.131		41.2283		18038.5		0.105497		309.611		
00:00:41:899		6.8348e+06		103.131		41.2117		17808.3		0.104869		309.612		
00:00:41:799		6.83482e+06		103.131		41.2117		17808.3		0.104869		309.613		
00:00:41:700		6.83483e+06		103.114		41.1964		17584.6		0.104241		309.613		
00:00:41:600		6.83485e+06		103.114		41.1964		17584.6		0.104241		309.614		
00:00:41:500		6.83487e+06		103.097		41.1964		17584.6		0.104241		309.615		
00:00:41:399		6.83488e+06		103.097		41.1824		17362.3		0.103613		309.616		
00:00:41:299		6.8349e+06		103.097		41.1824		17362.3		0.103613		309.616		
00:00:41:200		6.83491e+06		103.08		41.17		17146.5		0.102984		309.617		
00:00:41:100		6.83493e+06		103.08		41.17		17146.5		0.102984		309.618		
00:00:41:000		6.83494e+06		103.062		41.17		17146.5		0.102984		309.619		
00:00:40:899		6.83495e+06		103.062		41.1594		16937		0.102356		309.619		
00:00:40:799		6.83497e+06		103.062		41.1594		16937		0.102356		309.62		
00:00:40:700		6.83499e+06		103.048		41.1502		16739.1		0.101727		309.621		
00:00:40:600		6.835e+06		103.048		41.1502		16739.1		0.101727		309.622		
00:00:40:500		6.83502e+06		103.034		41.1502		16739.1		0.101727		309.622		
00:00:40:399		6.83504e+06		103.034		41.1403		16547.4		0.101099		309.623		
00:00:40:299		6.83505e+06		103.034		41.1403		16547.4		0.101099		309.624		
00:00:40:200		6.83506e+06		103.019		41.1297		16351.9		0.10047		309.625		
00:00:40:100		6.83508e+06		103.019		41.1297		16351.9		0.10047		309.625		
00:00:40:000		6.83509e+06		103.005		41.1297		16351.9		0.10047		309.626		
00:00:39:899		6.8351e+06		103.005		41.1185		16152.7		0.0998413		309.627		
00:00:39:799		6.83512e+06		103.005		41.1185		16152.7		0.0998413		309.628		
00:00:39:700		6.83514e+06		102.99		41.1068		15954.7		0.0992124		309.628		
00:00:39:600		6.83515e+06		102.99		41.1068		15954.7		0.0992124		309.629		
00:00:39:500		6.83516e+06		102.976		41.1068		15954.7		0.0992124		309.63		
00:00:39:399		6.83517e+06		102.976		41.0945		15763		0.0985834		309.631		
00:00:39:299		6.83519e+06		102.976		41.0945		15763		0.0985834		309.631		
00:00:39:200		6.8352e+06		102.961		41.0816		15572.5		0.0979543		309.632		
00:00:39:049		6.83522e+06		102.961		41.0816		15572.5		0.0979543		309.633		
00:00:38:950		6.83523e+06		102.946		41.068		15373.5		0.0973252		309.634		
00:00:38:899		6.83525e+06		102.946		41.068		15373.5		0.0973252		309.634		
00:00:38:750		6.83527e+06		102.932		41.068		15373.5		0.0973252		309.636		
00:00:38:750		6.83527e+06		102.932		41.068		15373.5		0.0973252		309.636		
00:00:38:549		6.83529e+06		102.932		41.0538		15175.9		0.0966959		309.637		
00:00:38:450		6.8353e+06		102.917		41.0387		14979.5		0.0960666		309.638		
00:00:38:350		6.83531e+06		102.917		41.0387		14979.5		0.0960666		309.638		
00:00:38:250		6.83532e+06		102.902		41.0387		14979.5		0.0960666		309.639		
00:00:38:250		6.83532e+06		102.902		41.0387		14979.5		0.0960666		309.639		
00:00:38:149		6.83534e+06		102.902		41.0229		14779.7		0.0954372		309.64		
00:00:38:049		6.83535e+06		102.902		41.0229		14779.7		0.0954372		309.641		
00:00:37:950		6.83537e+06		102.887		41.0063		14586.1		0.0948077		309.641		
00:00:37:850		6.83538e+06		102.887		41.0063		14586.1		0.0948077		309.642		
00:00:37:750		6.83539e+06		102.872		41.0063		14586.1		0.0948077		309.643		
00:00:37:649		6.8354e+06		102.872		40.9888		14393.7		0.0941781		309.644		
00:00:37:450		6.83542e+06		102.857		40.9704		14202.7		0.0935484		309.645		
00:00:37:350		6.83543e+06		102.857		40.9704		14202.7		0.0935484		309.646		
00:00:37:250		6.83545e+06		102.842		40.9704		14202.7		0.0935484		309.647		
00:00:37:250		6.83545e+06		102.842		40.9704		14202.7		0.0935484		309.647		
00:00:37:149		6.83546e+06		102.842		40.9509		14013		0.0929186		309.647		
00:00:37:049		6.83547e+06		102.842		40.9509		14013		0.0929186		309.648		
00:00:36:950		6.83549e+06		102.827		40.9305		13820		0.0922888		309.649		
00:00:36:850		6.83549e+06		102.827		40.9305		13820		0.0922888		309.65		
00:00:36:750		6.8355e+06		102.812		40.9305		13820		0.0922888		309.65		
00:00:36:649		6.83551e+06		102.812		40.909		13633		0.0916588		309.651		
00:00:36:450		6.83553e+06		102.796		40.8863		13447.3		0.0910288		309.653		
00:00:36:450		6.83553e+06		102.796		40.8863		13447.3		0.0910288		309.653		
00:00:36:299		6.83554e+06		102.796		40.8863		13447.3		0.0910288		309.654		
00:00:36:200		6.83556e+06		102.781		40.8624		13253.9		0.0903987		309.654		
00:00:36:100		6.83557e+06		102.781		40.8624		13253.9		0.0903987		309.655		
00:00:36:000		6.83559e+06		102.766		40.8624		13253.9		0.0903987		309.656		
00:00:35:899		6.83559e+06		102.766		40.8373		13066.4		0.0897685		309.657		
00:00:35:799		6.8356e+06		102.766		40.8373		13066.4		0.0897685		309.657		
00:00:35:750		6.83560e+06		102.75		40.8373		12884.8		0.0897685		309.658		
00:00:35:500		6.83562e+06		102.735		40.8108		12884.8		0.0891382		309.66		
00:00:35:399		6.83564e+06		102.735		40.7829		12700		0.0885078		309.66		
00:00:35:399		6.83564e+06		102.735		40.7829		12700		0.0885078		309.66		
00:00:35:299		6.83565e+06		102.735		40.7829		12700		0.0885078		309.661		
00:00:35:200		6.83566e+06		102.719		40.7536		12516.6		0.0878773		309.662		
00:00:35:100		6.83567e+06		102.719		40.7536		12516.6		0.0878773		309.662		
00:00:35:000		6.83568e+06		102.703		40.7536		12516.6		0.0878773		309.663		
00:00:34:899		6.83569e+06		102.703		40.723		12339		0.0872468		309.664		
00:00:34:799		6.8357e+06		102.703		40.723		12339		0.0872468		309.665		
00:00:34:700		6.83571e+06		102.688		40.691		12162.7		0.0866161		309.665		
00:00:34:500		6.83572e+06		102.672		40.691		12162.7		0.0866161		309.667		
00:00:34:399		6.83573e+06		102.672		40.6577		11983.4		0.0859854		309.668		
00:00:34:399		6.83573e+06		102.672		40.6577		11983.4		0.0859854		309.668		
00:00:34:299		6.83574e+06		102.672		40.6577		11983.4		0.0859854		309.668		
00:00:34:200		6.83575e+06		102.656		40.623		11805.6		0.0853545		309.669		
00:00:34:100		6.83576e+06		102.656		40.623		11805.6		0.0853545		309.67		
00:00:34:000		6.83577e+06		102.64		40.623		11805.6		0.0853545		309.671		
00:00:33:899		6.83577e+06		102.64		40.5871		11624.9		0.0847236		309.671		
00:00:33:799		6.83578e+06		102.64		40.5871		11624.9		0.0847236		309.672		
00:00:33:700		6.83578e+06		102.624		40.5511		11441.4		0.0840926		309.673		
00:00:33:600		6.8358e+06		102.624		40.5511		11441.4		0.0840926		309.673		
00:00:33:500		6.8358e+06		102.608		40.5511		11441.4		0.0840926		309.674		
00:00:33:399		6.83581e+06		102.608		40.515		11263.5		0.0834615		309.675		
00:00:33:299		6.83582e+06		102.608		40.515		11263.5		0.0834615		309.676		
00:00:33:200		6.83583e+06		102.592		40.4788		11087		0.0828303		309.676		
00:00:33:100		6.83583e+06		102.592		40.4788		11087		0.0828303		309.677		
00:00:32:950		6.83585e+06		102.576		40.4425		10907.9		0.0821991		309.678		
00:00:32:850		6.83585e+06		102.576		40.4425		10907.9		0.0821991		309.679		
00:00:32:799		6.83585e+06		102.576		40.4425		10907.9		0.0821991		309.679		
00:00:32:700		6.83586e+06		102.56		40.4062		10730.2		0.0815677		309.68		
00:00:32:549		6.83586e+06		102.56		40.4062		10730.2		0.0815677		309.681		
00:00:32:450		6.83587e+06		102.543		40.3697		10554		0.0809363		309.682		
00:00:32:450		6.83587e+06		102.543		40.3697		10554		0.0809363		309.682		
00:00:32:350		6.83588e+06		102.543		40.3697		10554		0.0809363		309.683		
00:00:32:250		6.83589e+06		102.527		40.3697		10554		0.0809363		309.683		
00:00:32:149		6.8359e+06		102.527		40.3331		10379.2		0.0803047		309.684		
00:00:32:049		6.8359e+06		102.527		40.3331		10379.2		0.0803047		309.685		
00:00:31:949		6.83591e+06		102.511		40.2965		10205.8		0.0796731		309.685		
00:00:31:850		6.83591e+06		102.511		40.2965		10205.8		0.0796731		309.686		
00:00:31:750		6.83592e+06		102.494		40.2965		10205.8		0.0796731		309.687		
00:00:31:649		6.83592e+06		102.494		40.2597		10030		0.0790414		309.688		
00:00:31:449		6.83593e+06		102.477		40.2228		9855.67		0.0784096		309.689		
00:00:31:449		6.83593e+06		102.477		40.2228		9855.67		0.0784096		309.689		
00:00:31:350		6.83594e+06		102.477		40.2228		9855.67		0.0784096		309.69		
00:00:31:250		6.83594e+06		102.461		40.2228		9855.67		0.0784096		309.69		
00:00:31:149		6.83595e+06		102.461		40.1857		9686.66		0.0777777		309.691		
00:00:31:050		6.83595e+06		102.461		40.1857		9686.66		0.0777777		309.692		
00:00:30:949		6.83595e+06		102.444		40.1485		9519.11		0.0771457		309.693		
00:00:30:850		6.83596e+06		102.444		40.1485		9519.11		0.0771457		309.693		
00:00:30:699		6.83597e+06		102.427		40.1111		9353		0.0765136		309.694		
00:00:30:600		6.83597e+06		102.427		40.1111		9353		0.0765136		309.695		
00:00:30:449		6.83598e+06		102.41		40.0738		9188.34		0.0758815		309.696		
00:00:30:449		6.83598e+06		102.41		40.0738		9188.34		0.0758815		309.696		
00:00:30:300		6.83598e+06		102.41		40.0738		9188.34		0.0758815		309.697		
00:00:30:250		6.83598e+06		102.393		40.0738		9188.34		0.0758815		309.698		
00:00:30:100		6.83599e+06		102.393		40.0368		9025.13		0.0752492		309.699		
00:00:30:000		6.83599e+06		102.376		40.0368		9025.13		0.0752492		309.699		
00:00:29:899		6.836e+06		102.376		40.0001		8863.37		0.0746169		309.7		
00:00:29:800		6.836e+06		102.376		40.0001		8863.37		0.0746169		309.701		
00:00:29:699		6.836e+06		102.359		39.9638		8706.71		0.0739844		309.701		
00:00:29:600		6.83601e+06		102.359		39.9638		8706.71		0.0739844		309.702		
00:00:29:399		6.83601e+06		102.342		39.9279		8547.85		0.0733519		309.703		
00:00:29:399		6.83601e+06		102.342		39.9279		8547.85		0.0733519		309.703		
00:00:29:300		6.83602e+06		102.342		39.9279		8547.85		0.0733519		309.704		
00:00:29:199		6.83602e+06		102.325		39.8923		8386.84		0.0727193		309.705		
00:00:29:100		6.83602e+06		102.325		39.8923		8386.84		0.0727193		309.706		
00:00:29:000		6.83602e+06		102.308		39.8923		8386.84		0.0727193		309.706		
00:00:28:899		6.83603e+06		102.308		39.8572		8230.87		0.0720866		309.707		
00:00:28:800		6.83603e+06		102.308		39.8572		8230.87		0.0720866		309.708		
00:00:28:699		6.83603e+06		102.29		39.8224		8076.34		0.0714538		309.708		
00:00:28:600		6.83603e+06		102.29		39.8224		8076.34		0.0714538		309.709		
00:00:28:399		6.83604e+06		102.273		39.788		7919.76		0.070821		309.71		
00:00:28:399		6.83604e+06		102.273		39.788		7919.76		0.070821		309.71		
00:00:28:300		6.83604e+06		102.273		39.788		7919.76		0.070821		309.711		
00:00:28:199		6.83604e+06		102.255		39.7541		7768.12		0.070188		309.712		
00:00:28:100		6.83604e+06		102.255		39.7541		7768.12		0.070188		309.712		
00:00:28:000		6.83604e+06		102.238		39.7541		7768.12		0.070188		309.713		
00:00:27:899		6.83604e+06		102.238		39.7205		7617.93		0.069555		309.714		
00:00:27:800		6.83604e+06		102.238		39.7205		7617.93		0.069555		309.715		
00:00:27:699		6.83604e+06		102.22		39.6874		7462.4		0.0689218		309.715		
00:00:27:500		6.83604e+06		102.202		39.6874		7462.4		0.0689218		309.717		
00:00:27:350		6.83605e+06		102.202		39.6547		7311.73		0.0682886		309.718		
00:00:27:350		6.83605e+06		102.202		39.6547		7311.73		0.0682886		309.718		
00:00:27:300		6.83605e+06		102.202		39.6547		7311.73		0.0682886		309.718		
00:00:27:199		6.83605e+06		102.184		39.6224		7169.19		0.0676553		309.719		
00:00:27:100		6.83605e+06		102.184		39.6224		7169.19		0.0676553		309.719		
00:00:27:000		6.83605e+06		102.166		39.6224		7169.19		0.0676553		309.72		
00:00:26:899		6.83604e+06		102.166		39.5907		7031.35		0.0670219		309.721		
00:00:26:800		6.83604e+06		102.166		39.5907		7031.35		0.0670219		309.721		
00:00:26:699		6.83605e+06		102.148		39.5593		6891.64		0.0663884		309.722		
00:00:26:550		6.83605e+06		102.148		39.5593		6891.64		0.0663884		309.723		
00:00:26:449		6.83605e+06		102.13		39.5287		6753.33		0.0657548		309.724		
00:00:26:350		6.83605e+06		102.13		39.5287		6753.33		0.0657548		309.725		
00:00:26:250		6.83605e+06		102.13		39.5287		6753.33		0.0657548		309.725		
00:00:26:149		6.83605e+06		102.112		39.4988		6616.43		0.0651212		309.726		
00:00:26:149		6.83605e+06		102.112		39.4988		6616.43		0.0651212		309.726		
00:00:26:050		6.83605e+06		102.112		39.4988		6616.43		0.0651212		309.727		
00:00:25:949		6.83605e+06		102.094		39.4697		6477.78		0.0644874		309.727		
00:00:25:850		6.83604e+06		102.094		39.4697		6477.78		0.0644874		309.728		
00:00:25:750		6.83604e+06		102.076		39.4697		6477.78		0.0644874		309.729		
00:00:25:550		6.83604e+06		102.076		39.4418		6337.44		0.0638536		309.73		
00:00:25:449		6.83604e+06		102.057		39.415		6198.56		0.0632196		309.731		
00:00:25:449		6.83604e+06		102.057		39.415		6198.56		0.0632196		309.731		
00:00:25:350		6.83603e+06		102.057		39.415		6198.56		0.0632196		309.732		
00:00:25:250		6.83603e+06		102.039		39.415		6198.56		0.0632196		309.732		
00:00:25:149		6.83603e+06		102.039		39.3896		6064.22		0.0625856		309.733		
00:00:25:050		6.83603e+06		102.039		39.3896		6064.22		0.0625856		309.734		
00:00:24:949		6.83602e+06		102.02		39.3654		5931.26		0.0619515		309.734		
00:00:24:850		6.83602e+06		102.02		39.3654		5931.26		0.0619515		309.735		
00:00:24:750		6.83602e+06		102.002		39.3654		5931.26		0.0619515		309.736		
00:00:24:649		6.83602e+06		102.002		39.3427		5796.63		0.0613173		309.736		
00:00:24:399		6.83601e+06		101.983		39.3214		5666.25		0.060683		309.738		
00:00:24:399		6.83601e+06		101.983		39.3214		5666.25		0.060683		309.738		
00:00:24:300		6.83601e+06		101.983		39.3214		5666.25		0.060683		309.739		
00:00:24:199		6.836e+06		101.964		39.3017		5546.02		0.0600486		309.74		
00:00:24:100		6.836e+06		101.964		39.3017		5546.02		0.0600486		309.74		
00:00:24:000		6.836e+06		101.944		39.3017		5546.02		0.0600486		309.741		
00:00:23:899		6.83599e+06		101.944		39.2838		5426.93		0.0594142		309.742		
00:00:23:800		6.83599e+06		101.944		39.2838		5426.93		0.0594142		309.742		
00:00:23:699		6.83598e+06		101.927		39.2662		5306.15		0.0587796		309.743		
00:00:23:500		6.83598e+06		101.91		39.2662		5306.15		0.0587796		309.744		
00:00:23:399		6.83597e+06		101.91		39.2479		5189.45		0.058145		309.745		
00:00:23:399		6.83597e+06		101.91		39.2479		5189.45		0.058145		309.745		
00:00:23:300		6.83596e+06		101.91		39.2479		5189.45		0.058145		309.746		
00:00:23:199		6.83596e+06		101.893		39.2291		5076.77		0.0575103		309.747		
00:00:23:100		6.83596e+06		101.893		39.2291		5076.77		0.0575103		309.747		
00:00:23:000		6.83595e+06		101.876		39.2291		5076.77		0.0575103		309.748		
00:00:22:899		6.83594e+06		101.876		39.2097		4959.68		0.0568754		309.749		
00:00:22:800		6.83594e+06		101.876		39.2097		4959.68		0.0568754		309.749		
00:00:22:699		6.83593e+06		101.858		39.1899		4843.79		0.0562405		309.75		
00:00:22:500		6.83592e+06		101.841		39.1899		4843.79		0.0562405		309.752		
00:00:22:399		6.83592e+06		101.841		39.1698		4731.88		0.0556055		309.752		
00:00:22:399		6.83592e+06		101.841		39.1698		4731.88		0.0556055		309.752		
00:00:22:300		6.83591e+06		101.841		39.1698		4731.88		0.0556055		309.753		
00:00:22:199		6.8359e+06		101.824		39.1494		4618.45		0.0549705		309.754		
00:00:22:050		6.83589e+06		101.824		39.1494		4618.45		0.0549705		309.755		
00:00:22:000		6.83589e+06		101.806		39.1494		4618.45		0.0549705		309.755		
00:00:21:899		6.83588e+06		101.806		39.1287		4508.91		0.0543353		309.756		
00:00:21:800		6.83588e+06		101.806		39.1287		4508.91		0.0543353		309.757		
00:00:21:699		6.83587e+06		101.788		39.1076		4400.59		0.0537001		309.757		
00:00:21:600		6.83586e+06		101.788		39.1076		4400.59		0.0537001		309.758		
00:00:21:500		6.83585e+06		101.771		39.0861		4288.22		0.0530647		309.759		
00:00:21:350		6.83584e+06		101.771		39.0861		4288.22		0.0530647		309.76		
00:00:21:250		6.83583e+06		101.753		39.0861		4288.22		0.0530647		309.76		
00:00:21:149		6.83583e+06		101.753		39.0642		4177.1		0.0524293		309.761		
00:00:21:050		6.83583e+06		101.753		39.0642		4177.1		0.0524293		309.761		
00:00:21:050		6.83582e+06		101.753		39.0642		4177.1		0.0524293		309.762		
00:00:20:949		6.83581e+06		101.735		39.0418		4069.8		0.0517938		309.763		
00:00:20:850		6.8358e+06		101.735		39.0418		4069.8		0.0517938		309.763		
00:00:20:649		6.83578e+06		101.717		39.0191		3961.2		0.0511582		309.765		
00:00:20:550		6.83577e+06		101.717		39.0191		3961.2		0.0511582		309.765		
00:00:20:449		6.83576e+06		101.698		38.9959		3853.86		0.0505225		309.766		
00:00:20:449		6.83576e+06		101.698		38.9959		3853.86		0.0505225		309.766		
00:00:20:350		6.83575e+06		101.698		38.9959		3853.86		0.0505225		309.767		
00:00:20:250		6.83574e+06		101.68		38.9959		3853.86		0.0505225		309.767		
00:00:20:149		6.83573e+06		101.68		38.9722		3747.78		0.0498867		309.768		
00:00:20:050		6.83572e+06		101.68		38.9722		3747.78		0.0498867		309.769		
00:00:19:850		6.8357e+06		101.662		38.948		3642.96		0.0492508		309.77		
00:00:19:850		6.8357e+06		101.662		38.948		3642.96		0.0492508		309.77		
00:00:19:649		6.83568e+06		101.643		38.9234		3539.41		0.0486149		309.771		
00:00:19:649		6.83568e+06		101.643		38.9234		3539.41		0.0486149		309.771		
00:00:19:449		6.83566e+06		101.625		38.8986		3434.75		0.0479788		309.773		
00:00:19:449		6.83566e+06		101.625		38.8986		3434.75		0.0479788		309.773		
00:00:19:350		6.83565e+06		101.625		38.8986		3434.75		0.0479788		309.773		
00:00:19:250		6.83564e+06		101.606		38.8986		3434.75		0.0479788		309.774		
00:00:19:149		6.83562e+06		101.606		38.8736		3331.38		0.0473427		309.775		
00:00:19:050		6.83561e+06		101.606		38.8736		3331.38		0.0473427		309.775		
00:00:18:949		6.8356e+06		101.587		38.8485		3231.64		0.0467065		309.776		
00:00:18:850		6.83559e+06		101.587		38.8485		3231.64		0.0467065		309.777		
00:00:18:750		6.83558e+06		101.568		38.8485		3231.64		0.0467065		309.777		
00:00:18:649		6.83557e+06		101.568		38.8231		3130.9		0.0460702		309.778		
00:00:18:399		6.83553e+06		101.549		38.7976		3031.45		0.0454338		309.78		
00:00:18:399		6.83553e+06		101.549		38.7976		3031.45		0.0454338		309.78		
00:00:18:300		6.83552e+06		101.549		38.7976		3031.45		0.0454338		309.78		
00:00:18:199		6.83551e+06		101.53		38.7718		2937.8		0.0447973		309.781		
00:00:18:149		6.8355e+06		101.53		38.7718		2937.8		0.0447973		309.781		
00:00:18:000		6.83548e+06		101.511		38.7718		2937.8		0.0447973		309.782		
00:00:17:899		6.83546e+06		101.511		38.7458		2845.41		0.0441607		309.783		
00:00:17:800		6.83545e+06		101.511		38.7458		2845.41		0.0441607		309.783		
00:00:17:699		6.83544e+06		101.492		38.7195		2752.14		0.0435241		309.784		
00:00:17:600		6.83542e+06		101.492		38.7195		2752.14		0.0435241		309.785		
00:00:17:399		6.83539e+06		101.472		38.6929		2658.01		0.0428874		309.786		
00:00:17:399		6.83539e+06		101.472		38.6929		2658.01		0.0428874		309.786		
00:00:17:300		6.83538e+06		101.472		38.6929		2658.01		0.0428874		309.787		
00:00:17:199		6.83536e+06		101.453		38.666		2567.33		0.0422505		309.787		
00:00:17:100		6.83535e+06		101.453		38.666		2567.33		0.0422505		309.788		
00:00:17:000		6.83533e+06		101.433		38.666		2567.33		0.0422505		309.788		
00:00:16:899		6.83532e+06		101.433		38.6388		2475.92		0.0416136		309.789		
00:00:16:800		6.8353e+06		101.433		38.6388		2475.92		0.0416136		309.79		
00:00:16:750		6.83529e+06		101.413		38.6388		2475.92		0.0416136		309.79		
00:00:16:550		6.83526e+06		101.413		38.6115		2385.83		0.0409766		309.791		
00:00:16:399		6.83523e+06		101.393		38.5844		2299.16		0.0403396		309.792		
00:00:16:399		6.83523e+06		101.393		38.5844		2299.16		0.0403396		309.792		
00:00:16:300		6.83522e+06		101.393		38.5844		2299.16		0.0403396		309.793		
00:00:16:199		6.8352e+06		101.373		38.5572		2209.87		0.0397024		309.793		
00:00:16:100		6.83518e+06		101.373		38.5572		2209.87		0.0397024		309.794		
00:00:16:000		6.83516e+06		101.353		38.5572		2209.87		0.0397024		309.794		
00:00:15:900		6.83515e+06		101.353		38.5302		2120.03		0.0390651		309.795		
00:00:15:800		6.83513e+06		101.353		38.5302		2120.03		0.0390651		309.795		
00:00:15:699		6.83511e+06		101.333		38.5031		2031.66		0.0384278		309.796		
00:00:15:599		6.83509e+06		101.333		38.5031		2031.66		0.0384278		309.796		
00:00:15:500		6.83508e+06		101.312		38.5031		2031.66		0.0384278		309.797		
00:00:15:400		6.83506e+06		101.312		38.4761		1946.66		0.0377904		309.798		
00:00:15:300		6.83504e+06		101.312		38.4761		1946.66		0.0377904		309.798		
00:00:15:199		6.83502e+06		101.292		38.4491		1863.14		0.0371529		309.799		
00:00:15:099		6.835e+06		101.292		38.4491		1863.14		0.0371529		309.799		
00:00:15:000		6.83498e+06		101.271		38.4491		1863.14		0.0371529		309.8		
00:00:14:849		6.83495e+06		101.271		38.422		1781.08		0.0365153		309.8		
00:00:14:750		6.83493e+06		101.25		38.422		1781.08		0.0365153		309.801		
00:00:14:650		6.83492e+06		101.25		38.3949		1702.33		0.0358776		309.801		
00:00:14:449		6.83487e+06		101.229		38.3678		1621.57		0.0352398		309.802		
00:00:14:349		6.83486e+06		101.229		38.3678		1621.57		0.0352398		309.803		
00:00:14:349		6.83486e+06		101.229		38.3678		1621.57		0.0352398		309.803		
00:00:14:349		6.83486e+06		101.229		38.3678		1621.57		0.0352398		309.803		
00:00:14:250		6.83484e+06		101.208		38.3678		1621.57		0.0352398		309.803		
00:00:14:150		6.83481e+06		101.208		38.3407		1540.62		0.034602		309.804		
00:00:14:050		6.8348e+06		101.208		38.3407		1540.62		0.034602		309.804		
00:00:13:949		6.83477e+06		101.187		38.314		1464.68		0.0339641		309.805		
00:00:13:849		6.83475e+06		101.187		38.314		1464.68		0.0339641		309.805		
00:00:13:750		6.83473e+06		101.166		38.314		1464.68		0.0339641		309.806		
00:00:13:650		6.83471e+06		101.166		38.2877		1390.35		0.033326		309.806		
00:00:13:449		6.83467e+06		101.144		38.2618		1317.6		0.0326879		309.807		
00:00:13:449		6.83467e+06		101.144		38.2618		1317.6		0.0326879		309.807		
00:00:13:250		6.83463e+06		101.123		38.2618		1317.6		0.0326879		309.808		
00:00:13:250		6.83463e+06		101.123		38.2618		1317.6		0.0326879		309.808		
00:00:13:150		6.83461e+06		101.123		38.2362		1248.07		0.0320497		309.808		
00:00:13:050		6.83459e+06		101.123		38.2362		1248.07		0.0320497		309.809		
00:00:12:949		6.83457e+06		101.101		38.211		1178.65		0.0314115		309.809		
00:00:12:800		6.83453e+06		101.101		38.211		1178.65		0.0314115		309.81		
00:00:12:699		6.83451e+06		101.079		38.186		1109.41		0.0307731		309.81		
00:00:12:599		6.83449e+06		101.079		38.186		1109.41		0.0307731		309.81		
00:00:12:449		6.83446e+06		101.057		38.1614		1043.38		0.0301347		309.811		
00:00:12:449		6.83446e+06		101.057		38.1614		1043.38		0.0301347		309.811		
00:00:12:349		6.83443e+06		101.057		38.1614		1043.38		0.0301347		309.811		
00:00:12:250		6.83441e+06		101.035		38.1614		1043.38		0.0301347		309.811		
00:00:12:150		6.83439e+06		101.035		38.137		979.148		0.0294961		309.812		
00:00:12:000		6.83436e+06		101.013		38.137		979.148		0.0294961		309.812		
00:00:11:900		6.83433e+06		101.013		38.1128		913.948		0.0288575		309.813		
00:00:11:800		6.83431e+06		101.013		38.1128		913.948		0.0288575		309.813		
00:00:11:699		6.83429e+06		100.991		38.0892		851.966		0.0282188		309.813		
00:00:11:599		6.83426e+06		100.991		38.0892		851.966		0.0282188		309.813		
00:00:11:400		6.83424e+06		100.968		38.0892		851.966		0.0282188		309.814		
00:00:11:400		6.83421e+06		100.968		38.0663		793.277		0.02758		309.814		
00:00:11:250		6.83418e+06		100.946		38.0663		735.242		0.02758		309.814		
00:00:11:250		6.83418e+06		100.946		38.0663		735.242		0.02758		309.814		
00:00:11:099		6.83414e+06		100.946		38.044		735.242		0.0269411		309.814		
00:00:11:050		6.83413e+06		100.946		38.044		735.242		0.0269411		309.815		
00:00:10:949		6.83411e+06		100.923		38.0225		679.238		0.0263022		309.815		
00:00:10:800		6.83407e+06		100.923		38.0225		679.238		0.0263022		309.815		
00:00:10:699		6.83404e+06		100.9		38.0016		624.171		0.0256631		309.815		
00:00:10:599		6.83402e+06		100.9		38.0016		624.171		0.0256631		309.815		
00:00:10:500		6.83399e+06		100.877		38.0016		624.171		0.0256631		309.816		
00:00:10:400		6.83397e+06		100.877		37.9813		571.251		0.025024		309.816		
00:00:10:300		6.83394e+06		100.877		37.9813		571.251		0.025024		309.816		
00:00:10:199		6.83392e+06		100.854		37.9615		519.578		0.0243847		309.816		
00:00:10:099		6.83389e+06		100.854		37.9615		519.578		0.0243847		309.816		
00:00:10:000		6.83387e+06		100.83		37.9615		519.578		0.0243847		309.816		
00:00:09:900		6.83384e+06		100.83		37.9423		469.179		0.0237454		309.817		
00:00:09:800		6.83381e+06		100.83		37.9423		469.179		0.0237454		309.817		
00:00:09:699		6.83378e+06		100.807		37.9235		422.259		0.023106		309.817		
00:00:09:599		6.83376e+06		100.807		37.9235		422.259		0.023106		309.817		
00:00:09:400		6.8337e+06		100.784		37.9055		377.776		0.0224665		309.817		
00:00:09:400		6.8337e+06		100.784		37.9055		377.776		0.0224665		309.817		
00:00:09:300		6.83367e+06		100.784		37.9055		377.776		0.0224665		309.817		
00:00:09:199		6.83364e+06		100.76		37.8885		336.547		0.0218269		309.818		
00:00:09:050		6.8336e+06		100.76		37.8885		336.547		0.0218269		309.818		
00:00:09:000		6.83359e+06		100.736		37.8885		336.547		0.0218269		309.818		
00:00:08:900		6.83355e+06		100.736		37.8723		298.466		0.0211872		309.818		
00:00:08:800		6.83352e+06		100.736		37.8723		298.466		0.0211872		309.818		
00:00:08:699		6.83349e+06		100.712		37.857		262.577		0.0205474		309.818		
00:00:08:500		6.83343e+06		100.688		37.857		262.577		0.0205474		309.819		
00:00:08:500		6.83343e+06		100.688		37.857		262.577		0.0205474		309.819		
00:00:08:400		6.8334e+06		100.688		37.8425		228.818		0.0199075		309.819		
00:00:08:300		6.83337e+06		100.688		37.8425		228.818		0.0199075		309.819		
00:00:08:150		6.83332e+06		100.664		37.8287		197.111		0.0192675		309.819		
00:00:08:050		6.83329e+06		100.664		37.8287		197.111		0.0192675		309.819		
00:00:07:950		6.83326e+06		100.64		37.8154		168.612		0.0186274		309.82		
00:00:07:900		6.83324e+06		100.64		37.8154		168.612		0.0186274		309.82		
00:00:07:750		6.83319e+06		100.616		37.8154		168.612		0.0186274		309.82		
00:00:07:750		6.83319e+06		100.616		37.8154		168.612		0.0186274		309.82		
00:00:07:450		6.83308e+06		100.592		37.7907		124.812		0.0173468		309.821		
00:00:07:450		6.83308e+06		100.592		37.7907		124.812		0.0173468		309.821		
00:00:07:349		6.83305e+06		100.592		37.7907		124.812		0.0173468		309.821		
00:00:07:349		6.83305e+06		100.592		37.7907		124.812		0.0173468		309.821		
00:00:07:250		6.83301e+06		100.568		37.7907		124.812		0.0173468		309.821		
00:00:07:150		6.83298e+06		100.568		37.7803		113.189		0.0167064		309.822		
00:00:07:049		6.83294e+06		100.568		37.7803		113.189		0.0167064		309.822		
00:00:06:950		6.8329e+06		100.541		37.7742		102.39		0.0160658		309.822		
00:00:06:849		6.83286e+06		100.541		37.7742		102.39		0.0160658		309.823		
00:00:06:750		6.83282e+06		100.531		37.7742		102.39		0.0160658		309.823		
00:00:06:450		6.83271e+06		100.52		37.7417		81.9268		0.0147844		309.824		
00:00:06:450		6.83271e+06		100.52		37.7417		81.9268		0.0147844		309.824		
00:00:06:349		6.83267e+06		100.52		37.7417		81.9268		0.0147844		309.825		
00:00:06:250		6.83263e+06		100.509		37.7417		81.9268		0.0147844		309.826		
00:00:06:250		6.83263e+06		100.509		37.7417		81.9268		0.0147844		309.826		
00:00:06:150		6.83259e+06		100.509		37.7147		73.0937		0.0141434		309.826		
00:00:05:950		6.83251e+06		100.498		37.6804		64.7395		0.0135024		309.827		
00:00:05:950		6.83251e+06		100.498		37.6804		64.7395		0.0135024		309.827		
00:00:05:849		6.83246e+06		100.498		37.6804		64.7395		0.0135024		309.828		
00:00:05:750		6.83242e+06		100.486		37.6804		64.7395		0.0135024		309.829		
00:00:05:650		6.83238e+06		100.486		37.6386		56.505		0.0128612		309.829		
00:00:05:450		6.83229e+06		100.473		37.5891		48.8235		0.0122198		309.831		
00:00:05:349		6.83225e+06		100.473		37.5891		48.8235		0.0122198		309.832		
00:00:05:349		6.83225e+06		100.473		37.5891		48.8235		0.0122198		309.832		
00:00:05:250		6.83221e+06		100.46		37.5891		48.8235		0.0122198		309.833		
00:00:05:150		6.83216e+06		100.46		37.5317		41.4542		0.0115784		309.833		
00:00:05:049		6.83212e+06		100.46		37.5317		41.4542		0.0115784		309.834		
00:00:04:950		6.83208e+06		100.447		37.4663		34.6919		0.0109367		309.835		
00:00:04:849		6.83203e+06		100.447		37.4663		34.6919		0.0109367		309.836		
00:00:04:750		6.83199e+06		100.432		37.4663		34.6919		0.0109367		309.837		
00:00:04:650		6.83195e+06		100.432		37.3926		28.7678		0.0102949		309.838		
00:00:04:450		6.83187e+06		100.417		37.3105		23.1679		0.00965297		309.84		
00:00:04:450		6.83187e+06		100.417		37.3105		23.1679		0.00965297		309.84		
00:00:04:299		6.83180e+06		100.417		37.3105		23.1679		0.00965297		309.842		
00:00:04:200		6.83177e+06		100.402		37.2198		18.057		0.00901085		309.843		
00:00:04:099		6.83172e+06		100.402		37.2198		18.057		0.00901085		309.844		
00:00:04:000		6.83169e+06		100.385		37.2198		18.057		0.00901085		309.846		
00:00:03:899		6.83165e+06		100.385		37.1208		13.7998		0.00836856		309.847		
00:00:03:799		6.83162e+06		100.385		37.1208		13.7998		0.00836856		309.848		
00:00:03:700		6.83158e+06		100.368		37.0189		10.1175		0.00772609		309.849		
00:00:03:600		6.83155e+06		100.368		37.0189		10.1175		0.00772609		309.851		
00:00:03:500		6.83151e+06		100.35		37.0189		10.1175		0.00772609		309.852		
00:00:03:399		6.83148e+06		100.35		36.9185		7.10372		0.00708344		309.853		
00:00:03:299		6.83145e+06		100.35		36.9185		7.10372		0.00708344		309.854		
00:00:03:200		6.83143e+06		100.331		36.8202		4.64632		0.0064406		309.855		
00:00:03:100		6.8314e+06		100.331		36.8202		4.64632		0.0064406		309.856		
00:00:03:000		6.83138e+06		100.311		36.8202		4.64632		0.0064406		309.857		
00:00:02:899		6.83135e+06		100.311		36.7251		2.75471		0.00579756		309.858		
00:00:02:799		6.83133e+06		100.311		36.7251		2.75471		0.00579756		309.859		
00:00:02:700		6.83131e+06		100.29		36.6349		1.43796		0.00515432		309.86		
00:00:02:600		6.83129e+06		100.29		36.6349		1.43796		0.00515432		309.86		
00:00:02:500		6.83128e+06		100.267		36.6349		1.43796		0.00515432		309.86		
00:00:02:399		6.83126e+06		100.267		36.5507		0.580539		0.00451088		309.861		
00:00:02:299		6.83125e+06		100.267		36.5507		0.580539		0.00451088		309.861		
00:00:02:200		6.83124e+06		100.243		36.4748		0.165717		0.00386723		309.86		
00:00:02:100		6.83123e+06		100.243		36.4748		0.165717		0.00386723		309.86		
00:00:02:000		6.83122e+06		100.217		36.4748		0.165717		0.00386723		309.859		
00:00:01:850		6.83121e+06		100.217		36.4092		0.0230343		0.00322333		309.859		
00:00:01:750		6.8312e+06		100.189		36.4092		0.0230343		0.00322333		309.859		
00:00:01:649		6.8312e+06		100.189		36.3561		0		0.00257912		309.858		
00:00:01:449		6.83119e+06		100.16		36.3199		0		0.00193462		309.857		
00:00:01:350		6.83118e+06		100.16		36.3199		0		0.00193462		309.855		
00:00:01:350		6.83118e+06		100.16		36.3199		0		0.00193462		309.855		
00:00:01:350		6.83118e+06		100.16		36.3199		0		0.00193462		309.855		
00:00:01:250		6.83118e+06		100.128		36.3199		0		0.00193462		309.852		
00:00:01:149		6.83118e+06		100.128		36.3048		0		0.00128998		309.848		
00:00:01:050		6.83118e+06		100.128		36.3048		0		0.00128998		309.842		
00:00:00:949		6.83118e+06		100.095		36.3183		0		0.000645262		309.835		
00:00:00:849		6.83118e+06		100.095		36.3183		0		0.000645262		309.83		
00:00:00:650		6.83118e+06		100.054		36.3831		0		0		309.826		
00:00:00:550		6.83117e+06		100.054		36.3831		0		0		309.829		
00:00:00:550		6.83117e+06		100.054		36.3831		0		0		309.829		
00:00:00:349		6.83116e+06		100.069		36.3834		0		0		309.846		
00:00:00:349		6.83116e+06		100.069		36.3834		0		0		309.846		
00:00:00:250		6.83116e+06		100.069		36.3834		0		0		309.846		
00:00:00:050		6.83115e+06		100.069		36.3837		0		0		309.846		
00:00:00:050		6.83115e+06		100.069		36.3837		0		0		309.846		
00:00:00:000		6.83115e+06		100.069		36.3837		0		0		309.846		
00:00:00:000		6.83115e+06		100.069		36.3837		0		0		309.846		
00:00:00:000		6.83115e+06		100.069		36.3837		0		0		309.846		
00:00:00:000		6.83115e+06		100.069		36.3837		0		0		309.846		
00:00:00:000		6.83115e+06		100.069		36.3837		0		0		309.846		
00:00:00:000		6.83115e+06		100.069		36.3837		0		0		309.846		
