	time 		gpv001pnt10113ppntm	evf507ety101mpzoyout	chtcon(1)	chavg(1)	chlhsumpa	rcptavgn	
00:01:01:950		7.16802e+06		121.624		77.2198		836767		0.727675		289.595		
00:01:01:799		7.16724e+06		121.624		77.2198		836767		0.727675		289.594		
00:01:01:700		7.16712e+06		121.583		77.1726		835640		0.726554		289.594		
00:01:01:600		7.16679e+06		121.583		77.1726		835640		0.726554		289.594		
00:01:01:600		7.16679e+06		121.583		77.1726		835640		0.726554		289.594		
00:01:01:500		7.16645e+06		121.542		77.1726		835640		0.726554		289.593		
00:01:01:399		7.1662e+06		121.542		77.1251		834529		0.725433		289.593		
00:01:01:250		7.16562e+06		121.501		77.1251		834529		0.725433		289.593		
00:01:01:149		7.1654e+06		121.501		77.0774		833437		0.724313		289.593		
00:01:01:049		7.1649e+06		121.501		77.0774		833437		0.724313		289.593		
00:01:00:950		7.16462e+06		121.46		77.0294		832361		0.723192		289.593		
00:01:00:750		7.16403e+06		121.419		77.0294		832361		0.723192		289.594		
00:01:00:649		7.16377e+06		121.419		76.9811		831264		0.722071		289.595		
00:01:00:649		7.16377e+06		121.419		76.9811		831264		0.722071		289.595		
00:01:00:549		7.16341e+06		121.419		76.9811		831264		0.722071		289.596		
00:01:00:450		7.16297e+06		121.378		76.9326		830151		0.720951		289.597		
00:01:00:350		7.16281e+06		121.378		76.9326		830151		0.720951		289.598		
00:01:00:250		7.16233e+06		121.336		76.9326		830151		0.720951		289.599		
00:01:00:149		7.16212e+06		121.336		76.8837		829037		0.71983		289.6		
00:01:00:049		7.16187e+06		121.336		76.8837		829037		0.71983		289.602		
00:01:00:000		7.16168e+06		121.295		76.8837		829037		0.71983		289.602		
00:00:59:899		7.16134e+06		121.295		76.8346		827922		0.718709		289.604		
00:00:59:750		7.16072e+06		121.254		76.8346		827922		0.718709		289.607		
00:00:59:700		7.16049e+06		121.254		76.7852		826807		0.717589		289.608		
00:00:59:549		7.16009e+06		121.254		76.7852		826807		0.717589		289.611		
00:00:59:450		7.15976e+06		121.213		76.7355		825671		0.716468		289.613		
00:00:59:350		7.15952e+06		121.213		76.7355		825671		0.716468		289.615		
00:00:59:299		7.15938e+06		121.213		76.7355		825671		0.716468		289.616		
00:00:59:149		7.15887e+06		121.172		76.6856		824518		0.715348		289.62		
00:00:59:049		7.15848e+06		121.172		76.6856		824518		0.715348		289.623		
00:00:58:950		7.15801e+06		121.131		76.6353		823365		0.714227		289.626		
00:00:58:850		7.15765e+06		121.131		76.6353		823365		0.714227		289.629		
00:00:58:750		7.15749e+06		121.09		76.6353		823365		0.714227		289.632		
00:00:58:649		7.15717e+06		121.09		76.5847		822231		0.713106		289.635		
00:00:58:549		7.15694e+06		121.09		76.5847		822231		0.713106		289.638		
00:00:58:450		7.15662e+06		121.049		76.5337		821092		0.711985		289.641		
00:00:58:350		7.15635e+06		121.049		76.5337		821092		0.711985		289.645		
00:00:58:250		7.15590e+06		121.008		76.5337		821092		0.711985		289.649		
00:00:58:149		7.1554e+06		121.008		76.4825		819976		0.710864		289.652		
00:00:58:049		7.15515e+06		121.008		76.4825		819976		0.710864		289.656		
00:00:57:950		7.15495e+06		120.967		76.4308		818854		0.709743		289.66		
00:00:57:850		7.15467e+06		120.967		76.4308		818854		0.709743		289.664		
00:00:57:750		7.1544e+06		120.925		76.4308		818854		0.709743		289.668		
00:00:57:649		7.1541e+06		120.925		76.3787		817697		0.708622		289.672		
00:00:57:549		7.15381e+06		120.925		76.3787		817697		0.708622		289.675		
00:00:57:450		7.15333e+06		120.884		76.3263		816560		0.7075		289.679		
00:00:57:350		7.1529e+06		120.884		76.3263		816560		0.7075		289.683		
00:00:57:250		7.15271e+06		120.843		76.3263		816560		0.7075		289.687		
00:00:57:250		7.15271e+06		120.843		76.3263		816560		0.7075		289.687		
00:00:57:149		7.15247e+06		120.843		76.2734		815458		0.706378		289.691		
00:00:56:950		7.15185e+06		120.802		76.22		814332		0.705256		289.699		
00:00:56:850		7.15155e+06		120.802		76.22		814332		0.705256		289.703		
00:00:56:750		7.15125e+06		120.76		76.22		814332		0.705256		289.707		
00:00:56:649		7.15076e+06		120.76		76.1662		813193		0.704134		289.711		
00:00:56:549		7.15045e+06		120.76		76.1662		813193		0.704134		289.715		
00:00:56:450		7.15027e+06		120.719		76.1119		812070		0.703011		289.719		
00:00:56:350		7.14992e+06		120.719		76.1119		812070		0.703011		289.723		
00:00:56:250		7.14963e+06		120.677		76.1119		812070		0.703011		289.727		
00:00:56:149		7.14929e+06		120.677		76.0571		810906		0.701888		289.731		
00:00:56:049		7.14902e+06		120.677		76.0571		810906		0.701888		289.735		
00:00:55:950		7.14859e+06		120.636		76.0018		809748		0.700764		289.739		
00:00:55:850		7.1483e+06		120.636		76.0018		809748		0.700764		289.743		
00:00:55:750		7.14812e+06		120.595		76.0018		809748		0.700764		289.747		
00:00:55:750		7.14812e+06		120.595		76.0018		809748		0.700764		289.747		
00:00:55:649		7.14774e+06		120.595		75.9458		808603		0.69964		289.751		
00:00:55:549		7.14738e+06		120.595		75.9458		808603		0.69964		289.756		
00:00:55:450		7.14705e+06		120.553		75.8893		807441		0.698516		289.76		
00:00:55:350		7.14672e+06		120.553		75.8893		807441		0.698516		289.764		
00:00:55:200		7.1462e+06		120.512		75.8322		806298		0.697391		289.771		
00:00:55:100		7.14595e+06		120.512		75.8322		806298		0.697391		289.775		
00:00:54:799		7.14510e+06		120.471		75.7744		805151		0.696265		289.789		
00:00:54:799		7.14510e+06		120.471		75.7744		805151		0.696265		289.789		
00:00:54:700		7.1447e+06		120.429		75.716		803987		0.695139		289.794		
00:00:54:700		7.1447e+06		120.429		75.716		803987		0.695139		289.794		
00:00:54:500		7.14403e+06		120.388		75.716		803987		0.695139		289.804		
00:00:54:500		7.14403e+06		120.388		75.716		803987		0.695139		289.804		
00:00:54:399		7.14374e+06		120.388		75.6569		802842		0.694012		289.809		
00:00:54:299		7.14348e+06		120.388		75.6569		802842		0.694012		289.814		
00:00:54:200		7.14311e+06		120.346		75.5971		801713		0.692885		289.82		
00:00:54:100		7.14285e+06		120.346		75.5971		801713		0.692885		289.825		
00:00:54:000		7.14256e+06		120.305		75.5971		801713		0.692885		289.831		
00:00:53:799		7.14187e+06		120.305		75.5367		800564		0.691757		289.842		
00:00:53:700		7.14149e+06		120.263		75.4756		799378		0.690628		289.848		
00:00:53:700		7.14149e+06		120.263		75.4756		799378		0.690628		289.848		
00:00:53:600		7.14119e+06		120.263		75.4756		799378		0.690628		289.854		
00:00:53:500		7.14079e+06		120.221		75.4756		799378		0.690628		289.861		
00:00:53:399		7.14038e+06		120.221		75.4139		798194		0.689498		289.867		
00:00:53:299		7.14013e+06		120.221		75.4139		798194		0.689498		289.873		
00:00:53:200		7.13975e+06		120.18		75.3516		797007		0.688368		289.88		
00:00:53:100		7.13939e+06		120.18		75.3516		797007		0.688368		289.887		
00:00:53:000		7.1391e+06		120.138		75.3516		797007		0.688368		289.894		
00:00:52:799		7.13831e+06		120.138		75.2887		795822		0.687237		289.909		
00:00:52:700		7.13796e+06		120.096		75.2251		794634		0.686105		289.917		
00:00:52:700		7.13796e+06		120.096		75.2251		794634		0.686105		289.917		
00:00:52:600		7.13752e+06		120.096		75.2251		794634		0.686105		289.926		
00:00:52:500		7.13717e+06		120.054		75.2251		794634		0.686105		289.934		
00:00:52:399		7.13677e+06		120.054		75.1608		793429		0.684972		289.943		
00:00:52:299		7.13633e+06		120.054		75.1608		793429		0.684972		289.952		
00:00:52:200		7.13599e+06		120.013		75.0958		792223		0.683838		289.962		
00:00:52:100		7.13555e+06		120.013		75.0958		792223		0.683838		289.971		
00:00:52:000		7.13507e+06		119.971		75.0958		792223		0.683838		289.98		
00:00:51:799		7.13421e+06		119.971		75.0299		791016		0.682704		290		
00:00:51:700		7.13377e+06		119.929		74.9633		789790		0.681568		290.01		
00:00:51:700		7.13377e+06		119.929		74.9633		789790		0.681568		290.01		
00:00:51:600		7.13337e+06		119.929		74.9633		789790		0.681568		290.02		
00:00:51:500		7.13285e+06		119.887		74.9633		789790		0.681568		290.03		
00:00:51:399		7.13236e+06		119.887		74.8958		788565		0.680431		290.04		
00:00:51:299		7.13191e+06		119.887		74.8958		788565		0.680431		290.051		
00:00:51:200		7.13135e+06		119.845		74.8274		787358		0.679294		290.061		
00:00:51:100		7.13083e+06		119.845		74.8274		787358		0.679294		290.072		
00:00:51:000		7.13032e+06		119.803		74.8274		787358		0.679294		290.083		
00:00:50:899		7.12974e+06		119.803		74.7581		786110		0.678155		290.094		
00:00:50:799		7.12927e+06		119.803		74.7581		786110		0.678155		290.105		
00:00:50:700		7.12868e+06		119.761		74.6878		784847		0.677016		290.116		
00:00:50:549		7.12776e+06		119.761		74.6878		784847		0.677016		290.133		
00:00:50:450		7.1272e+06		119.72		74.6165		783600		0.675875		290.145		
00:00:50:350		7.12657e+06		119.72		74.6165		783600		0.675875		290.156		
00:00:50:250		7.12599e+06		119.678		74.6165		783600		0.675875		290.168		
00:00:50:149		7.12538e+06		119.678		74.544		782373		0.674735		290.18		
00:00:50:049		7.12474e+06		119.678		74.544		782373		0.674735		290.192		
00:00:49:950		7.12414e+06		119.636		74.4704		781142		0.673594		290.204		
00:00:49:850		7.12347e+06		119.636		74.4704		781142		0.673594		290.216		
00:00:49:750		7.12277e+06		119.594		74.4704		781142		0.673594		290.229		
00:00:49:649		7.12212e+06		119.594		74.3956		779874		0.672453		290.242		
00:00:49:549		7.12146e+06		119.594		74.3956		779874		0.672453		290.255		
00:00:49:450		7.12079e+06		119.552		74.3196		778628		0.671312		290.268		
00:00:49:350		7.12009e+06		119.552		74.3196		778628		0.671312		290.282		
00:00:49:299		7.11973e+06		119.552		74.3196		778628		0.671312		290.289		
00:00:49:200		7.11903e+06		119.51		74.2422		777396		0.67017		290.303		
00:00:49:100		7.11829e+06		119.51		74.2422		777396		0.67017		290.318		
00:00:49:000		7.11752e+06		119.468		74.2422		777396		0.67017		290.334		
00:00:48:850		7.11642e+06		119.468		74.1634		776146		0.669028		290.358		
00:00:48:750		7.11567e+06		119.425		74.1634		776146		0.669028		290.375		
00:00:48:649		7.1149e+06		119.425		74.0831		774875		0.667886		290.392		
00:00:48:549		7.11415e+06		119.425		74.0831		774875		0.667886		290.409		
00:00:48:450		7.11342e+06		119.383		74.0013		773607		0.666743		290.426		
00:00:48:350		7.11266e+06		119.383		74.0013		773607		0.666743		290.443		
00:00:48:250		7.1119e+06		119.341		74.0013		773607		0.666743		290.461		
00:00:48:149		7.11116e+06		119.341		73.9178		772335		0.6656		290.48		
00:00:48:049		7.11042e+06		119.341		73.9178		772335		0.6656		290.499		
00:00:47:950		7.10969e+06		119.299		73.8326		771046		0.664456		290.518		
00:00:47:850		7.10897e+06		119.299		73.8326		771046		0.664456		290.538		
00:00:47:750		7.10826e+06		119.257		73.8326		771046		0.664456		290.558		
00:00:47:750		7.10826e+06		119.257		73.8326		771046		0.664456		290.558		
00:00:47:649		7.10755e+06		119.257		73.7456		769756		0.663312		290.579		
00:00:47:450		7.10616e+06		119.215		73.6567		768465		0.662168		290.621		
00:00:47:450		7.10616e+06		119.215		73.6567		768465		0.662168		290.621		
00:00:47:299		7.10514e+06		119.215		73.6567		768465		0.662168		290.655		
00:00:47:200		7.10446e+06		119.173		73.5659		767194		0.661023		290.677		
00:00:47:100		7.1038e+06		119.173		73.5659		767194		0.661023		290.7		
00:00:46:899		7.1025e+06		119.13		73.4729		765899		0.659877		290.748		
00:00:46:899		7.1025e+06		119.13		73.4729		765899		0.659877		290.748		
00:00:46:700		7.10124e+06		119.088		73.3777		764589		0.658731		290.796		
00:00:46:700		7.10124e+06		119.088		73.3777		764589		0.658731		290.796		
00:00:46:600		7.10064e+06		119.088		73.3777		764589		0.658731		290.822		
00:00:46:500		7.10004e+06		119.046		73.3777		764589		0.658731		290.848		
00:00:46:399		7.09947e+06		119.046		73.2802		763276		0.657584		290.874		
00:00:46:299		7.09891e+06		119.046		73.2802		763276		0.657584		290.901		
00:00:46:200		7.09836e+06		119.003		73.1802		761966		0.656437		290.929		
00:00:46:100		7.09783e+06		119.003		73.1802		761966		0.656437		290.957		
00:00:46:000		7.09732e+06		118.961		73.1802		761966		0.656437		290.986		
00:00:45:899		7.09682e+06		118.961		73.0777		760671		0.655289		291.015		
00:00:45:700		7.09585e+06		118.919		72.9725		759357		0.65414		291.075		
00:00:45:700		7.09585e+06		118.919		72.9725		759357		0.65414		291.075		
00:00:45:600		7.0954e+06		118.919		72.9725		759357		0.65414		291.105		
00:00:45:500		7.09494e+06		118.876		72.9725		759357		0.65414		291.136		
00:00:45:399		7.09451e+06		118.876		72.8644		758024		0.65299		291.168		
00:00:45:299		7.09409e+06		118.876		72.8644		758024		0.65299		291.2		
00:00:45:200		7.09367e+06		118.834		72.7534		756691		0.651839		291.233		
00:00:45:100		7.09328e+06		118.834		72.7534		756691		0.651839		291.266		
00:00:45:000		7.09289e+06		118.791		72.7534		756691		0.651839		291.3		
00:00:44:799		7.09214e+06		118.791		72.6392		755337		0.650687		291.369		
00:00:44:700		7.09179e+06		118.748		72.5218		753966		0.649535		291.405		
00:00:44:700		7.09179e+06		118.748		72.5218		753966		0.649535		291.405		
00:00:44:600		7.09147e+06		118.748		72.5218		753966		0.649535		291.441		
00:00:44:500		7.09116e+06		118.706		72.5218		753966		0.649535		291.478		
00:00:44:399		7.09087e+06		118.706		72.4008		752574		0.648381		291.534		
00:00:44:250		7.09047e+06		118.663		72.4008		752574		0.648381		291.572		
00:00:44:149		7.09023e+06		118.663		72.2763		751125		0.647226		291.611		
00:00:44:049		7.09001e+06		118.663		72.2763		751125		0.647226		291.65		
00:00:43:950		7.08982e+06		118.62		72.1479		749602		0.64607		291.69		
00:00:43:850		7.08966e+06		118.62		72.1479		749602		0.64607		291.731		
00:00:43:750		7.08948e+06		118.577		72.1479		749602		0.64607		291.772		
00:00:43:649		7.08933e+06		118.577		72.0155		747964		0.644912		291.814		
00:00:43:549		7.08921e+06		118.577		72.0155		747964		0.644912		291.856		
00:00:43:450		7.08911e+06		118.533		71.879		746159		0.643753		291.899		
00:00:43:350		7.08905e+06		118.533		71.879		746159		0.643753		291.943		
00:00:43:350		7.08905e+06		118.533		71.879		746159		0.643753		291.943		
00:00:43:149		7.08901e+06		118.488		71.7382		744130		0.642593		292.032		
00:00:43:149		7.08901e+06		118.488		71.7382		744130		0.642593		292.032		
00:00:43:049		7.08903e+06		118.488		71.7382		744130		0.642593		292.078		
00:00:42:950		7.08907e+06		118.442		71.5929		741767		0.641431		292.124		
00:00:42:700		7.08932e+06		118.393		71.4432		738982		0.640267		292.241		
00:00:42:600		7.08946e+06		118.393		71.4432		738982		0.640267		292.289		
00:00:42:600		7.08946e+06		118.393		71.4432		738982		0.640267		292.289		
00:00:42:500		7.08965e+06		118.338		71.4432		738982		0.640267		292.338		
00:00:42:399		7.08985e+06		118.338		71.289		735745		0.639101		292.386		
00:00:42:299		7.09009e+06		118.338		71.289		735745		0.639101		292.436		
00:00:42:200		7.09034e+06		118.276		71.1306		732063		0.637934		292.485		
00:00:42:100		7.0906e+06		118.276		71.1306		732063		0.637934		292.536		
00:00:42:000		7.09094e+06		118.201		71.1306		732063		0.637934		292.587		
00:00:41:950		7.0911e+06		118.201		70.9684		728016		0.636764		292.612		
00:00:41:700		7.09196e+06		118.112		70.8032		723774		0.635592		292.743		
00:00:41:700		7.09196e+06		118.112		70.8032		723774		0.635592		292.743		
00:00:41:549		7.09257e+06		118.112		70.8032		723774		0.635592		292.823		
00:00:41:549		7.09257e+06		118.112		70.8032		723774		0.635592		292.823		
00:00:41:399		7.09321e+06		118.009		70.6357		719473		0.634417		292.903		
00:00:41:299		7.09365e+06		118.009		70.6357		719473		0.634417		292.957		
00:00:41:200		7.0941e+06		117.894		70.4668		715157		0.631099		293.012		
00:00:41:100		7.09458e+06		117.894		70.4668		715157		0.631099		293.065		
00:00:41:000		7.09507e+06		117.774		70.4668		715157		0.631099		293.114		
00:00:40:899		7.09556e+06		117.774		70.297		710833		0.627794		293.177		
00:00:40:700		7.0966e+06		117.653		70.1262		706462		0.624484		293.297		
00:00:40:700		7.0966e+06		117.653		70.1262		706462		0.624484		293.297		
00:00:40:600		7.09711e+06		117.653		70.1262		706462		0.624484		293.358		
00:00:40:500		7.09763e+06		117.532		70.1262		706462		0.624484		293.42		
00:00:40:399		7.09814e+06		117.532		69.9545		702028		0.621169		293.482		
00:00:40:299		7.09861e+06		117.532		69.9545		702028		0.621169		293.545		
00:00:40:200		7.09902e+06		117.411		69.7819		697548		0.617847		293.609		
00:00:40:100		7.09936e+06		117.411		69.7819		697548		0.617847		293.673		
00:00:40:000		7.09966e+06		117.289		69.7819		697548		0.617847		293.738		
00:00:39:899		7.09994e+06		117.289		69.6082		693023		0.614519		293.803		
00:00:39:700		7.10039e+06		117.167		69.4335		688492		0.611184		293.935		
00:00:39:700		7.10039e+06		117.167		69.4335		688492		0.611184		293.935		
00:00:39:600		7.10055e+06		117.167		69.4335		688492		0.611184		294.002		
00:00:39:500		7.10069e+06		117.045		69.4335		688492		0.611184		294.071		
00:00:39:399		7.10081e+06		117.045		69.2576		683931		0.607842		294.141		
00:00:39:299		7.10094e+06		117.045		69.2576		683931		0.607842		294.211		
00:00:39:200		7.10104e+06		116.923		69.0804		679326		0.604492		294.283		
00:00:39:100		7.10111e+06		116.923		69.0804		679326		0.604492		294.355		
00:00:39:000		7.10116e+06		116.8		69.0804		679326		0.604492		294.428		
00:00:38:850		7.10119e+06		116.8		68.902		674692		0.601134		294.539		
00:00:38:750		7.10117e+06		116.677		68.902		674692		0.601134		294.614		
00:00:38:649		7.10113e+06		116.677		68.7225		670013		0.597768		294.69		
00:00:38:549		7.10105e+06		116.677		68.7225		670013		0.597768		294.767		
00:00:38:450		7.10095e+06		116.553		68.542		665267		0.594393		294.845		
00:00:38:350		7.10081e+06		116.553		68.542		665267		0.594393		294.924		
00:00:38:250		7.10065e+06		116.429		68.542		665267		0.594393		295.005		
00:00:38:149		7.10048e+06		116.429		68.3603		660478		0.591008		295.087		
00:00:38:049		7.10028e+06		116.429		68.3603		660478		0.591008		295.169		
00:00:37:950		7.10004e+06		116.305		68.1776		655619		0.587614		295.253		
00:00:37:850		7.09977e+06		116.305		68.1776		655619		0.587614		295.337		
00:00:37:750		7.09945e+06		116.181		68.1776		655619		0.587614		295.422		
00:00:37:649		7.09908e+06		116.181		67.9936		650698		0.584208		295.508		
00:00:37:649		7.09908e+06		116.181		67.9936		650698		0.584208		295.508		
00:00:37:450		7.09822e+06		116.056		67.8084		645727		0.580792		295.684		
00:00:37:350		7.0977e+06		116.056		67.8084		645727		0.580792		295.773		
00:00:37:350		7.0977e+06		116.056		67.8084		645727		0.580792		295.773		
00:00:37:250		7.09715e+06		115.931		67.8084		645727		0.580792		295.865		
00:00:37:149		7.09654e+06		115.931		67.6219		640692		0.577363		295.957		
00:00:37:049		7.0959e+06		115.931		67.6219		640692		0.577363		296.051		
00:00:36:899		7.09490e+06		115.805		67.4341		635610		0.573923		296.193		
00:00:36:750		7.09383e+06		115.679		67.4341		635610		0.573923		296.338		
00:00:36:649		7.09305e+06		115.679		67.2449		630480		0.570469		296.436		
00:00:36:549		7.09217e+06		115.679		67.2449		630480		0.570469		296.535		
00:00:36:450		7.09114e+06		115.553		67.0542		625304		0.567002		296.637		
00:00:36:350		7.09e+06		115.553		67.0542		625304		0.567002		296.741		
00:00:36:250		7.08875e+06		115.425		67.0542		625304		0.567002		296.845		
00:00:36:250		7.08875e+06		115.425		67.0542		625304		0.567002		296.845		
00:00:36:149		7.08739e+06		115.425		66.8621		620058		0.56352		296.948		
00:00:36:049		7.08594e+06		115.425		66.8621		620058		0.56352		297.053		
00:00:35:950		7.08445e+06		115.298		66.6685		614747		0.560025		297.16		
00:00:35:700		7.08044e+06		115.169		66.4734		609388		0.556514		297.435		
00:00:35:700		7.08044e+06		115.169		66.4734		609388		0.556514		297.435		
00:00:35:600		7.07872e+06		115.169		66.4734		609388		0.556514		297.549		
00:00:35:549		7.07785e+06		115.169		66.4734		609388		0.556514		297.606		
00:00:35:399		7.07513e+06		115.04		66.2767		603980		0.552987		297.781		
00:00:35:299		7.07317e+06		115.04		66.2767		603980		0.552987		297.9		
00:00:35:200		7.07117e+06		114.911		66.0785		598503		0.549443		298.022		
00:00:35:100		7.06914e+06		114.911		66.0785		598503		0.549443		298.145		
00:00:35:000		7.06708e+06		114.78		66.0785		598503		0.549443		298.272		
00:00:34:899		7.06486e+06		114.78		65.879		592938		0.545883		298.4		
00:00:34:700		7.0602e+06		114.649		65.678		587264		0.542305		298.663		
00:00:34:700		7.0602e+06		114.649		65.678		587264		0.542305		298.663		
00:00:34:600		7.05779e+06		114.649		65.678		587264		0.542305		298.798		
00:00:34:500		7.05531e+06		114.518		65.678		587264		0.542305		298.935		
00:00:34:399		7.05271e+06		114.518		65.4757		581544		0.538709		299.075		
00:00:34:299		7.05005e+06		114.518		65.4757		581544		0.538709		299.217		
00:00:34:200		7.04726e+06		114.386		65.2719		575751		0.535095		299.361		
00:00:34:100		7.04439e+06		114.386		65.2719		575751		0.535095		299.508		
00:00:34:000		7.04143e+06		114.253		65.2719		575751		0.535095		299.659		
00:00:33:899		7.03841e+06		114.253		65.0669		569892		0.531461		299.809		
00:00:33:700		7.03229e+06		114.12		64.8608		564001		0.527809		300.113		
00:00:33:700		7.03229e+06		114.12		64.8608		564001		0.527809		300.113		
00:00:33:600		7.02905e+06		114.12		64.8608		564001		0.527809		300.268		
00:00:33:500		7.02569e+06		113.985		64.8608		564001		0.527809		300.425		
00:00:33:399		7.02222e+06		113.985		64.6536		557978		0.524137		300.584		
00:00:33:299		7.01855e+06		113.985		64.6536		557978		0.524137		300.746		
00:00:33:200		7.0148e+06		113.851		64.4455		551868		0.520445		300.909		
00:00:33:100		7.01092e+06		113.851		64.4455		551868		0.520445		301.072		
00:00:33:000		7.00692e+06		113.716		64.4455		551868		0.520445		301.237		
00:00:32:899		7.00282e+06		113.716		64.2365		545726		0.516733		301.403		
00:00:32:649		6.99184e+06		113.58		64.0266		539533		0.513002		301.82		
00:00:32:649		6.99184e+06		113.58		64.0266		539533		0.513002		301.82		
00:00:32:549		6.98721e+06		113.58		64.0266		539533		0.513002		301.986		
00:00:32:450		6.98241e+06		113.443		63.8158		533268		0.509251		302.153		
00:00:32:350		6.97743e+06		113.443		63.8158		533268		0.509251		302.321		
00:00:32:250		6.97226e+06		113.307		63.8158		533268		0.509251		302.485		
00:00:32:149		6.96684e+06		113.307		63.6041		526911		0.505482		302.648		
00:00:32:049		6.96142e+06		113.307		63.6041		526911		0.505482		302.809		
00:00:31:949		6.95635e+06		113.169		63.3916		520504		0.501695		302.967		
00:00:31:850		6.95195e+06		113.169		63.3916		520504		0.501695		303.122		
00:00:31:750		6.94699e+06		113.032		63.3916		520504		0.501695		303.276		
00:00:31:649		6.9415e+06		113.032		63.1782		514002		0.49789		303.426		
00:00:31:550		6.9355e+06		113.032		63.1782		514002		0.49789		303.572		
00:00:31:449		6.92906e+06		112.894		62.964		507433		0.494069		303.713		
00:00:31:449		6.92906e+06		112.894		62.964		507433		0.494069		303.713		
00:00:31:350		6.92232e+06		112.894		62.964		507433		0.494069		303.85		
00:00:31:250		6.9155e+06		112.756		62.964		507433		0.494069		303.981		
00:00:31:100		6.90521e+06		112.756		62.749		500828		0.490234		304.165		
00:00:31:050		6.89905e+06		112.617		62.749		500828		0.490234		304.278		
00:00:30:949		6.89604e+06		112.617		62.5332		494173		0.486387		304.331		
00:00:30:699		6.86386e+06		112.479		62.3168		487422		0.48253		304.563		
00:00:30:699		6.86386e+06		112.479		62.3168		487422		0.48253		304.563		
00:00:30:550		6.81148e+06		112.479		62.3168		487422		0.48253		304.674		
00:00:30:449		6.78945e+06		112.34		62.0998		480559		0.478667		304.735		
00:00:30:350		6.77098e+06		112.34		62.0998		480559		0.478667		304.788		
00:00:30:250		6.76023e+06		112.201		62.0998		480559		0.478667		304.834		
00:00:30:250		6.76023e+06		112.201		62.0998		480559		0.478667		304.834		
00:00:30:050		6.76856e+06		112.201		61.8822		473623		0.474799		304.91		
00:00:30:050		6.76856e+06		112.201		61.8822		473623		0.474799		304.91		
00:00:29:949		6.77102e+06		112.063		61.6641		466592		0.470928		304.941		
00:00:29:699		6.77285e+06		111.924		61.4457		459509		0.467054		305.011		
00:00:29:699		6.77285e+06		111.924		61.4457		459509		0.467054		305.011		
00:00:29:600		6.77357e+06		111.924		61.4457		459509		0.467054		305.039		
00:00:29:500		6.77427e+06		111.785		61.4457		459509		0.467054		305.067		
00:00:29:399		6.775e+06		111.785		61.227		452372		0.463177		305.095		
00:00:29:300		6.7757e+06		111.785		61.227		452372		0.463177		305.123		
00:00:29:199		6.7764e+06		111.647		61.0079		445161		0.459298		305.15		
00:00:29:100		6.77709e+06		111.647		61.0079		445161		0.459298		305.177		
00:00:29:000		6.77777e+06		111.508		61.0079		445161		0.459298		305.205		
00:00:28:899		6.77845e+06		111.508		60.7883		437875		0.455415		305.232		
00:00:28:699		6.77979e+06		111.369		60.5683		430495		0.451529		305.285		
00:00:28:699		6.77979e+06		111.369		60.5683		430495		0.451529		305.285		
00:00:28:600		6.78045e+06		111.369		60.5683		430495		0.451529		305.312		
00:00:28:500		6.78111e+06		111.23		60.5683		430495		0.451529		305.338		
00:00:28:399		6.78176e+06		111.23		60.3478		423041		0.447641		305.364		
00:00:28:300		6.78241e+06		111.23		60.3478		423041		0.447641		305.391		
00:00:28:199		6.78305e+06		111.091		60.1271		415533		0.44375		305.417		
00:00:28:050		6.784e+06		111.091		60.1271		415533		0.44375		305.456		
00:00:28:000		6.78431e+06		110.952		60.1271		415533		0.44375		305.468		
00:00:27:899		6.78493e+06		110.952		59.9062		407929		0.439856		305.494		
00:00:27:699		6.78618e+06		110.812		59.6851		400231		0.43596		305.545		
00:00:27:699		6.78618e+06		110.812		59.6851		400231		0.43596		305.545		
00:00:27:600		6.78679e+06		110.812		59.6851		400231		0.43596		305.57		
00:00:27:500		6.78739e+06		110.673		59.6851		400231		0.43596		305.596		
00:00:27:399		6.788e+06		110.673		59.4638		392436		0.43206		305.621		
00:00:27:300		6.7886e+06		110.673		59.4638		392436		0.43206		305.646		
00:00:27:199		6.78919e+06		110.534		59.2425		384527		0.428158		305.67		
00:00:27:100		6.78978e+06		110.534		59.2425		384527		0.428158		305.695		
00:00:26:949		6.79065e+06		110.395		59.0214		376522		0.424254		305.732		
00:00:26:750		6.7918e+06		110.256		59.0214		376522		0.424254		305.781		
00:00:26:649		6.79237e+06		110.256		58.8006		368402		0.420347		305.805		
00:00:26:649		6.79237e+06		110.256		58.8006		368402		0.420347		305.805		
00:00:26:550		6.79293e+06		110.256		58.8006		368402		0.420347		305.829		
00:00:26:449		6.7935e+06		110.116		58.5804		360146		0.416437		305.854		
00:00:26:350		6.79405e+06		110.116		58.5804		360146		0.416437		305.877		
00:00:26:250		6.7946e+06		109.977		58.5804		360146		0.416437		305.901		
00:00:26:149		6.79516e+06		109.977		58.3609		351775		0.412525		305.925		
00:00:26:050		6.79571e+06		109.977		58.3609		351775		0.412525		305.949		
00:00:25:949		6.79625e+06		109.837		58.1422		343269		0.40861		305.972		
00:00:25:850		6.79679e+06		109.837		58.1422		343269		0.40861		305.995		
00:00:25:750		6.79732e+06		109.697		58.1422		343269		0.40861		306.019		
00:00:25:649		6.79785e+06		109.697		57.9241		334588		0.404692		306.042		
00:00:25:550		6.79838e+06		109.697		57.9241		334588		0.404692		306.065		
00:00:25:550		6.79838e+06		109.697		57.9241		334588		0.404692		306.065		
00:00:25:449		6.7989e+06		109.555		57.7065		325799		0.400772		306.088		
00:00:25:350		6.79942e+06		109.555		57.7065		325799		0.400772		306.11		
00:00:25:250		6.79994e+06		109.413		57.7065		325799		0.400772		306.133		
00:00:25:100		6.8007e+06		109.413		57.4894		317223		0.39685		306.167		
00:00:25:000		6.8012e+06		109.268		57.4894		317223		0.39685		306.189		
00:00:24:899		6.80171e+06		109.268		57.2724		310263		0.392925		306.211		
00:00:24:750		6.80246e+06		109.116		57.055		304653		0.388998		306.244		
00:00:24:750		6.80246e+06		109.116		57.055		304653		0.388998		306.244		
00:00:24:600		6.8032e+06		109.116		57.055		304653		0.388998		306.277		
00:00:24:399		6.80417e+06		108.943		56.8351		298946		0.385068		306.321		
00:00:24:399		6.80417e+06		108.943		56.8351		298946		0.385068		306.321		
00:00:24:300		6.80465e+06		108.943		56.8351		298946		0.385068		306.342		
00:00:24:199		6.80512e+06		108.883		56.6119		293247		0.381136		306.364		
00:00:24:100		6.8056e+06		108.883		56.6119		293247		0.381136		306.386		
00:00:24:000		6.80606e+06		108.823		56.6119		293247		0.381136		306.408		
00:00:23:899		6.80653e+06		108.823		56.3856		287576		0.377201		306.429		
00:00:23:699		6.80744e+06		108.762		56.1563		281935		0.373264		306.473		
00:00:23:699		6.80744e+06		108.762		56.1563		281935		0.373264		306.473		
00:00:23:600		6.8079e+06		108.762		56.1563		281935		0.373264		306.494		
00:00:23:500		6.80835e+06		108.7		56.1563		281935		0.373264		306.515		
00:00:23:399		6.80879e+06		108.7		55.9243		276345		0.369325		306.536		
00:00:23:300		6.80924e+06		108.7		55.9243		276345		0.369325		306.558		
00:00:23:199		6.80968e+06		108.638		55.6898		270764		0.365383		306.579		
00:00:23:100		6.81012e+06		108.638		55.6898		270764		0.365383		306.6		
00:00:23:000		6.81055e+06		108.575		55.6898		270764		0.365383		306.621		
00:00:22:899		6.81097e+06		108.575		55.4526		265153		0.361439		306.642		
00:00:22:699		6.81181e+06		108.511		55.2127		259575		0.357493		306.684		
00:00:22:699		6.81181e+06		108.511		55.2127		259575		0.357493		306.684		
00:00:22:600		6.81223e+06		108.511		55.2127		259575		0.357493		306.705		
00:00:22:500		6.81264e+06		108.446		55.2127		259575		0.357493		306.726		
00:00:22:350		6.81325e+06		108.446		54.9699		254051		0.353544		306.758		
00:00:22:250		6.81365e+06		108.38		54.9699		254051		0.353544		306.779		
00:00:22:149		6.81404e+06		108.38		54.724		248581		0.349592		306.8		
00:00:22:100		6.81423e+06		108.38		54.724		248581		0.349592		306.81		
00:00:22:000		6.81457e+06		108.314		54.724		248581		0.349592		306.831		
00:00:21:899		6.81485e+06		108.314		54.4751		243166		0.345639		306.852		
00:00:21:699		6.81515e+06		108.246		54.2229		237766		0.341683		306.894		
00:00:21:699		6.81515e+06		108.246		54.2229		237766		0.341683		306.894		
00:00:21:600		6.81514e+06		108.246		54.2229		237766		0.341683		306.915		
00:00:21:500		6.81513e+06		108.178		54.2229		237766		0.341683		306.935		
00:00:21:350		6.81614e+06		108.178		53.9675		232382		0.337724		306.966		
00:00:21:250		6.81922e+06		108.109		53.9675		232382		0.337724		306.987		
00:00:21:149		6.825e+06		108.109		53.7089		227037		0.333764		307.008		
00:00:21:050		6.82841e+06		108.109		53.7089		227037		0.333764		307.028		
00:00:20:949		6.82690e+06		108.039		53.4473		221729		0.329801		307.049		
00:00:20:750		6.8242e+06		107.969		53.4473		221729		0.329801		307.09		
00:00:20:649		6.82298e+06		107.969		53.1826		216421		0.325835		307.11		
00:00:20:649		6.82298e+06		107.969		53.1826		216421		0.325835		307.11		
00:00:20:550		6.82182e+06		107.969		53.1826		216421		0.325835		307.13		
00:00:20:449		6.82072e+06		107.897		52.9149		211134		0.321867		307.151		
00:00:20:449		6.82072e+06		107.897		52.9149		211134		0.321867		307.151		
00:00:20:250		6.81893e+06		107.824		52.9149		211134		0.321867		307.191		
00:00:20:149		6.81869e+06		107.824		52.6444		205888		0.317897		307.211		
00:00:20:050		6.81896e+06		107.824		52.6444		205888		0.317897		307.231		
00:00:20:050		6.81896e+06		107.824		52.6444		205888		0.317897		307.231		
00:00:19:750		6.8198e+06		107.676		52.371		200666		0.313925		307.292		
00:00:19:600		6.82022e+06		107.676		52.0944		195468		0.30995		307.322		
00:00:19:600		6.82022e+06		107.676		52.0944		195468		0.30995		307.322		
00:00:19:600		6.82022e+06		107.676		52.0944		195468		0.30995		307.322		
00:00:19:500		6.8205e+06		107.6		52.0944		195468		0.30995		307.342		
00:00:19:399		6.82078e+06		107.6		51.8148		190295		0.305972		307.362		
00:00:19:199		6.82132e+06		107.524		51.5321		185169		0.301993		307.401		
00:00:19:100		6.82158e+06		107.524		51.5321		185169		0.301993		307.421		
00:00:19:100		6.82158e+06		107.524		51.5321		185169		0.301993		307.421		
00:00:19:000		6.82185e+06		107.446		51.5321		185169		0.301993		307.441		
00:00:18:899		6.8221e+06		107.446		51.2465		180052		0.298011		307.46		
00:00:18:699		6.82261e+06		107.367		50.9582		174926		0.294027		307.499		
00:00:18:699		6.82261e+06		107.367		50.9582		174926		0.294027		307.499		
00:00:18:600		6.82285e+06		107.367		50.9582		174926		0.294027		307.519		
00:00:18:500		6.8231e+06		107.287		50.9582		174926		0.294027		307.539		
00:00:18:399		6.82333e+06		107.287		50.6674		169852		0.29004		307.558		
00:00:18:300		6.82357e+06		107.287		50.6674		169852		0.29004		307.577		
00:00:18:199		6.82380e+06		107.206		50.3739		164830		0.286051		307.597		
00:00:18:100		6.82403e+06		107.206		50.3739		164830		0.286051		307.616		
00:00:18:000		6.82425e+06		107.124		50.3739		164830		0.286051		307.635		
00:00:17:899		6.82448e+06		107.124		50.0779		159842		0.28206		307.654		
00:00:17:699		6.82491e+06		107.041		49.7795		154871		0.278066		307.693		
00:00:17:699		6.82491e+06		107.041		49.7795		154871		0.278066		307.693		
00:00:17:600		6.82512e+06		107.041		49.7795		154871		0.278066		307.712		
00:00:17:500		6.82532e+06		106.957		49.7795		154871		0.278066		307.731		
00:00:17:399		6.82553e+06		106.957		49.4787		149920		0.274071		307.749		
00:00:17:300		6.82574e+06		106.957		49.4787		149920		0.274071		307.768		
00:00:17:199		6.82594e+06		106.872		49.1753		144991		0.270073		307.786		
00:00:17:100		6.82613e+06		106.872		49.1753		144991		0.270073		307.805		
00:00:17:000		6.82632e+06		106.785		49.1753		144991		0.270073		307.823		
00:00:16:899		6.82651e+06		106.785		48.8693		140103		0.266072		307.842		
00:00:16:699		6.82687e+06		106.698		48.5607		135259		0.26207		307.878		
00:00:16:699		6.82687e+06		106.698		48.5607		135259		0.26207		307.878		
00:00:16:600		6.82705e+06		106.698		48.5607		135259		0.26207		307.896		
00:00:16:500		6.82723e+06		106.609		48.5607		135259		0.26207		307.913		
00:00:16:399		6.82749e+06		106.609		48.2497		130425		0.258065		307.94		
00:00:16:250		6.82765e+06		106.519		48.2497		130425		0.258065		307.957		
00:00:16:149		6.82782e+06		106.519		47.9364		125638		0.254058		307.975		
00:00:16:050		6.82798e+06		106.519		47.9364		125638		0.254058		307.992		
00:00:16:000		6.82806e+06		106.427		47.9364		125638		0.254058		308.001		
00:00:15:900		6.82822e+06		106.427		47.6209		120919		0.250049		308.018		
00:00:15:800		6.82837e+06		106.427		47.6209		120919		0.250049		308.034		
00:00:15:650		6.8286e+06		106.335		47.3032		116251		0.246037		308.059		
00:00:15:550		6.82874e+06		106.335		47.3032		116251		0.246037		308.076		
00:00:15:449		6.82889e+06		106.241		46.9837		111654		0.242024		308.092		
00:00:15:349		6.82903e+06		106.241		46.9837		111654		0.242024		308.108		
00:00:15:250		6.82917e+06		106.146		46.9837		111654		0.242024		308.124		
00:00:15:150		6.8293e+06		106.146		46.6629		107113		0.238008		308.14		
00:00:15:050		6.82944e+06		106.146		46.6629		107113		0.238008		308.156		
00:00:14:949		6.82956e+06		106.05		46.3412		102612		0.23399		308.172		
00:00:14:849		6.82969e+06		106.05		46.3412		102612		0.23399		308.188		
00:00:14:650		6.82993e+06		105.952		46.0196		98172.8		0.22997		308.219		
00:00:14:650		6.82993e+06		105.952		46.0196		98172.8		0.22997		308.219		
00:00:14:550		6.83005e+06		105.952		46.0196		98172.8		0.22997		308.235		
00:00:14:500		6.83011e+06		105.853		45.6996		93795.8		0.22997		308.243		
00:00:14:349		6.83028e+06		105.853		45.6996		93795.8		0.225948		308.266		
00:00:14:250		6.8304e+06		105.753		45.6996		93795.8		0.225948		308.281		
00:00:14:150		6.8305e+06		105.753		45.3839		89468.2		0.221924		308.296		
00:00:14:050		6.83062e+06		105.753		45.3839		89468.2		0.221924		308.311		
00:00:13:949		6.83072e+06		105.652		45.0727		85208.4		0.217897		308.326		
00:00:13:849		6.83082e+06		105.652		45.0727		85208.4		0.217897		308.341		
00:00:13:750		6.83092e+06		105.549		45.0727		85208.4		0.217897		308.356		
00:00:13:650		6.83102e+06		105.549		44.7663		81049.5		0.213868		308.37		
00:00:13:550		6.83111e+06		105.549		44.7663		81049.5		0.213868		308.385		
00:00:13:449		6.8312e+06		105.445		44.4654		76977.9		0.209837		308.399		
00:00:13:349		6.83129e+06		105.445		44.4654		76977.9		0.209837		308.413		
00:00:13:250		6.83138e+06		105.34		44.4654		76977.9		0.209837		308.427		
00:00:13:150		6.83146e+06		105.34		44.1711		73010.1		0.205804		308.441		
00:00:13:050		6.83154e+06		105.34		44.1711		73010.1		0.205804		308.454		
00:00:12:949		6.83162e+06		105.233		43.8841		69118.4		0.201768		308.467		
00:00:12:849		6.8317e+06		105.233		43.8841		69118.4		0.201768		308.48		
00:00:12:750		6.83178e+06		105.125		43.8841		69118.4		0.201768		308.493		
00:00:12:650		6.83185e+06		105.125		43.6049		65290.7		0.19773		308.506		
00:00:12:650		6.83185e+06		105.125		43.6049		65290.7		0.19773		308.506		
00:00:12:550		6.83192e+06		105.125		43.6049		65290.7		0.19773		308.519		
00:00:12:449		6.83198e+06		105.017		43.3344		61585.2		0.193689		308.531		
00:00:12:349		6.83205e+06		105.017		43.3344		61585.2		0.193689		308.543		
00:00:12:199		6.83214e+06		104.907		43.0733		58029.3		0.189646		308.561		
00:00:12:099		6.8322e+06		104.907		43.0733		58029.3		0.189646		308.572		
00:00:12:000		6.83225e+06		104.796		43.0733		58029.3		0.189646		308.584		
00:00:11:900		6.83231e+06		104.796		42.8225		54648.1		0.1856		308.595		
00:00:11:750		6.83238e+06		104.685		42.8225		54648.1		0.1856		308.612		
00:00:11:599		6.83245e+06		104.685		42.583		51543		0.181552		308.628		
00:00:11:599		6.83245e+06		104.685		42.583		51543		0.181552		308.628		
00:00:11:500		6.83249e+06		104.575		42.583		51543		0.181552		308.639		
00:00:11:400		6.83253e+06		104.575		42.3557		48657.6		0.177501		308.649		
00:00:11:300		6.83257e+06		104.575		42.3557		48657.6		0.177501		308.66		
00:00:11:199		6.8326e+06		104.464		42.1409		45848.5		0.173447		308.67		
00:00:11:099		6.83264e+06		104.464		42.1409		45848.5		0.173447		308.68		
00:00:11:000		6.83267e+06		104.37		42.1409		45848.5		0.173447		308.69		
00:00:10:900		6.83269e+06		104.37		41.9372		43109.1		0.16939		308.7		
00:00:10:699		6.83274e+06		104.275		41.7412		40430.6		0.16533		308.719		
00:00:10:699		6.83274e+06		104.275		41.7412		40430.6		0.16533		308.719		
00:00:10:599		6.83276e+06		104.275		41.7412		40430.6		0.16533		308.728		
00:00:10:500		6.83278e+06		104.179		41.7412		40430.6		0.16533		308.738		
00:00:10:400		6.83279e+06		104.179		41.5528		37849.6		0.161267		308.747		
00:00:10:300		6.8328e+06		104.179		41.5528		37849.6		0.161267		308.756		
00:00:10:199		6.8328e+06		104.081		41.3717		35357.3		0.157202		308.764		
00:00:10:099		6.83281e+06		104.081		41.3717		35357.3		0.157202		308.773		
00:00:10:000		6.83281e+06		103.981		41.3717		35357.3		0.157202		308.781		
00:00:09:900		6.83280e+06		103.981		41.1973		32933.9		0.153133		308.789		
00:00:09:800		6.8328e+06		103.981		41.1973		32933.9		0.153133		308.797		
00:00:09:650		6.83279e+06		103.88		41.0308		30602.7		0.14906		308.808		
00:00:09:550		6.83278e+06		103.88		41.0308		30602.7		0.14906		308.816		
00:00:09:500		6.83277e+06		103.777		41.0308		30602.7		0.14906		308.819		
00:00:09:400		6.83275e+06		103.777		40.8734		28355.7		0.144985		308.826		
00:00:09:300		6.83273e+06		103.673		40.8734		28355.7		0.144985		308.836		
00:00:09:150		6.83271e+06		103.673		40.726		26194.3		0.140905		308.843		
00:00:09:050		6.83269e+06		103.673		40.726		26194.3		0.140905		308.849		
00:00:08:949		6.83266e+06		103.567		40.5889		24128.9		0.136822		308.855		
00:00:08:849		6.83263e+06		103.567		40.5889		24128.9		0.136822		308.861		
00:00:08:750		6.8326e+06		103.459		40.5889		24128.9		0.136822		308.867		
00:00:08:650		6.83258e+06		103.459		40.4627		22151.5		0.132735		308.873		
00:00:08:550		6.83254e+06		103.459		40.4627		22151.5		0.132735		308.879		
00:00:08:449		6.83252e+06		103.351		40.3464		20278		0.128644		308.884		
00:00:08:349		6.83248e+06		103.351		40.3464		20278		0.128644		308.89		
00:00:08:250		6.83244e+06		103.241		40.3464		20278		0.128644		308.896		
00:00:08:150		6.83241e+06		103.241		40.239		18604.4		0.124548		308.902		
00:00:08:050		6.83238e+06		103.241		40.239		18604.4		0.124548		308.908		
00:00:07:950		6.83234e+06		103.131		40.1418		17094.7		0.120447		308.913		
00:00:07:849		6.83231e+06		103.131		40.1418		17094.7		0.120447		308.919		
00:00:07:849		6.83231e+06		103.131		40.1418		17094.7		0.120447		308.919		
00:00:07:650		6.83224e+06		103.016		40.0558		15641.8		0.116342		308.929		
00:00:07:650		6.83224e+06		103.016		40.0558		15641.8		0.116342		308.929		
00:00:07:549		6.8322e+06		103.016		40.0558		15641.8		0.116342		308.935		
00:00:07:450		6.83217e+06		102.919		39.9671		14248.3		0.112231		308.94		
00:00:07:349		6.83213e+06		102.919		39.9671		14248.3		0.112231		308.945		
00:00:07:200		6.83209e+06		102.819		39.8745		12926.8		0.108113		308.952		
00:00:07:099		6.83206e+06		102.819		39.8745		12926.8		0.108113		308.957		
00:00:07:000		6.83202e+06		102.717		39.8745		12926.8		0.108113		308.962		
00:00:06:700		6.83192e+06		102.612		39.6813		10491.8		0.0998556		308.979		
00:00:06:700		6.83192e+06		102.612		39.6813		10491.8		0.0998556		308.979		
00:00:06:599		6.83188e+06		102.612		39.6813		10491.8		0.0998556		308.985		
00:00:06:599		6.83188e+06		102.612		39.6813		10491.8		0.0998556		308.985		
00:00:06:500		6.83184e+06		102.506		39.6813		10491.8		0.0998556		308.993		
00:00:06:400		6.8318e+06		102.506		39.5814		9364.9		0.0957093		309.002		
00:00:06:299		6.83175e+06		102.506		39.5814		9364.9		0.0957093		309.015		
00:00:06:200		6.8317e+06		102.399		39.4784		8293.29		0.0915489		309.028		
00:00:06:099		6.83165e+06		102.399		39.4784		8293.29		0.0915489		309.042		
00:00:06:000		6.83159e+06		102.288		39.4784		8293.29		0.0915489		309.056		
00:00:05:900		6.83153e+06		102.288		39.3627		7276.29		0.0873735		309.071		
00:00:05:700		6.8314e+06		102.174		39.2364		6298.7		0.0831825		309.101		
00:00:05:700		6.8314e+06		102.174		39.2364		6298.7		0.0831825		309.101		
00:00:05:599		6.83134e+06		102.174		39.2364		6298.7		0.0831825		309.116		
00:00:05:500		6.83127e+06		102.057		39.2364		6298.7		0.0831825		309.132		
00:00:05:400		6.8312e+06		102.057		39.1091		5413.03		0.0789754		309.149		
00:00:05:299		6.83113e+06		102.057		39.1091		5413.03		0.0789754		309.165		
00:00:05:200		6.83106e+06		101.936		38.9836		4616.92		0.0747517		309.182		
00:00:05:099		6.83099e+06		101.936		38.9836		4616.92		0.0747517		309.2		
00:00:05:000		6.83092e+06		101.806		38.9836		4616.92		0.0747517		309.217		
00:00:04:900		6.83084e+06		101.806		38.8607		3844.61		0.0705111		309.235		
00:00:04:799		6.83077e+06		101.806		38.8607		3844.61		0.0705111		309.253		
00:00:04:700		6.8307e+06		101.696		38.7224		3100.82		0.0662532		309.272		
00:00:04:599		6.83063e+06		101.696		38.7224		3100.82		0.0662532		309.29		
00:00:04:450		6.83054e+06		101.581		38.5683		2403.77		0.0619773		309.319		
00:00:04:349		6.83048e+06		101.581		38.5683		2403.77		0.0619773		309.339		
00:00:04:250		6.83042e+06		101.461		38.5683		2403.77		0.0619773		309.358		
00:00:04:150		6.83037e+06		101.461		38.4013		1774.41		0.0576832		309.378		
00:00:04:049		6.83033e+06		101.461		38.4013		1774.41		0.0576832		309.398		
00:00:03:950		6.83028e+06		101.335		38.2238		1232.49		0.0533703		309.418		
00:00:03:899		6.83027e+06		101.335		38.2238		1232.49		0.0533703		309.428		
00:00:03:799		6.83024e+06		101.335		38.2238		1232.49		0.0533703		309.448		
00:00:03:700		6.83021e+06		101.205		38.04		792.715		0.0490385		309.468		
00:00:03:600		6.8302e+06		101.205		38.04		792.715		0.0490385		309.487		
00:00:03:500		6.83019e+06		101.071		38.04		792.715		0.0490385		309.507		
00:00:03:399		6.83019e+06		101.071		37.8534		458.088		0.0446872		309.526		
00:00:03:250		6.8302e+06		100.934		37.8534		458.088		0.0446872		309.555		
00:00:03:149		6.83022e+06		100.934		37.669		225.453		0.0403162		309.573		
00:00:03:049		6.83024e+06		100.934		37.669		225.453		0.0403162		309.591		
00:00:02:950		6.83028e+06		100.797		37.4944		98.5519		0.0359249		309.609		
00:00:02:850		6.83032e+06		100.797		37.4944		98.5519		0.0359249		309.625		
00:00:02:750		6.83037e+06		100.66		37.4944		98.5519		0.0359249		309.641		
00:00:02:649		6.83042e+06		100.66		37.3415		41.3443		0.0315129		309.656		
00:00:02:549		6.83048e+06		100.66		37.3415		41.3443		0.0315129		309.67		
00:00:02:450		6.83053e+06		100.519		37.2289		11.6616		0.0270798		309.682		
00:00:02:350		6.8306e+06		100.519		37.2289		11.6616		0.0270798		309.692		
00:00:02:250		6.83066e+06		100.447		37.2289		11.6616		0.0270798		309.699		
00:00:02:149		6.83072e+06		100.447		37.1275		1.58552		0.022625		309.704		
00:00:02:049		6.83078e+06		100.447		37.1275		1.58552		0.022625		309.706		
00:00:01:949		6.83083e+06		100.361		36.9916		0		0.0181475		309.706		
00:00:01:750		6.83094e+06		100.265		36.9916		0		0.0181475		309.701		
00:00:01:649		6.83098e+06		100.265		36.8308		0		0.0136456		309.7		
00:00:01:649		6.83098e+06		100.265		36.8308		0		0.0136456		309.7		
00:00:01:649		6.83098e+06		100.265		36.8308		0		0.0136456		309.7		
00:00:01:550		6.83102e+06		100.265		36.8308		0		0.0136456		309.7		
00:00:01:449		6.83106e+06		100.161		36.6585		0		0.00912025		309.702		
00:00:01:350		6.83109e+06		100.161		36.6585		0		0.00912025		309.704		
00:00:01:250		6.83114e+06		100.053		36.4945		0		0.00457652		309.701		
00:00:01:100		6.83116e+06		100.053		36.4945		0		0.00457652		309.697		
00:00:01:050		6.83117e+06		100.053		36.4945		0		0.00457652		309.696		
00:00:00:949		6.83118e+06		99.9656		36.3828		0		0		309.703		
00:00:00:849		6.83118e+06		99.9656		36.3828		0		0		309.73		
00:00:00:599		6.83118e+06		100.069		36.3831		0		0		309.846		
00:00:00:599		6.83118e+06		100.069		36.3831		0		0		309.846		
00:00:00:500		6.83117e+06		100.069		36.3831		0		0		309.846		
00:00:00:400		6.83117e+06		100.069		36.3834		0		0		309.846		
00:00:00:299		6.83116e+06		100.069		36.3834		0		0		309.846		
00:00:00:200		6.83116e+06		100.069		36.3837		0		0		309.846		
00:00:00:100		6.83116e+06		100.069		36.3837		0		0		309.846		
00:00:00:000		6.83115e+06		100.069		36.3837		0		0		309.846		
00:00:00:000		6.83115e+06		100.069		36.3837		0		0		309.846		
00:00:00:000		6.83115e+06		100.069		36.3837		0		0		309.846		
00:00:00:000		6.83115e+06		100.069		36.3837		0		0		309.846		
00:00:00:000		6.83115e+06		100.069		36.3837		0		0		309.846		
00:00:00:000		6.83115e+06		100.069		36.3837		0		0		309.846		
