	time 		gpv001pnt10113ppntm	evf507ety101mpzoyout	chtcon(1)	chavg(1)	chlhsumpa	rcptavgn	
00:01:01:799		6.83402e+06		100.495		39.3171		143.35		0.0119627		309.838		
00:01:01:700		6.83401e+06		100.493		39.3149		141.652		0.0119139		309.838		
00:01:01:600		6.83401e+06		100.493		39.3149		141.652		0.0119139		309.838		
00:01:01:500		6.834e+06		100.492		39.3149		141.652		0.0119139		309.838		
00:01:01:399		6.834e+06		100.492		39.3126		139.54		0.0118651		309.838		
00:01:01:200		6.83399e+06		100.49		39.3103		138.282		0.0118164		309.838		
00:01:01:200		6.83399e+06		100.49		39.3103		138.282		0.0118164		309.838		
00:01:01:100		6.83398e+06		100.49		39.3103		138.282		0.0118164		309.838		
00:01:01:000		6.83398e+06		100.489		39.3103		138.282		0.0118164		309.838		
00:01:00:799		6.83397e+06		100.489		39.308		137.034		0.0117676		309.838		
00:01:00:799		6.83397e+06		100.489		39.308		137.034		0.0117676		309.838		
00:01:00:700		6.83397e+06		100.487		39.3056		134.967		0.0117188		309.838		
00:01:00:600		6.83396e+06		100.487		39.3056		134.967		0.0117188		309.838		
00:01:00:500		6.83396e+06		100.486		39.3056		134.967		0.0117188		309.838		
00:01:00:399		6.83395e+06		100.486		39.3031		133.323		0.01167		309.838		
00:01:00:299		6.83394e+06		100.486		39.3031		133.323		0.01167		309.838		
00:01:00:200		6.83394e+06		100.484		39.3006		132.101		0.0116213		309.838		
00:01:00:100		6.83393e+06		100.484		39.3006		132.101		0.0116213		309.838		
00:01:00:000		6.83393e+06		100.483		39.3006		132.101		0.0116213		309.838		
00:00:59:950		6.83393e+06		100.483		39.298		130.885		0.0115725		309.838		
00:00:59:799		6.83392e+06		100.483		39.298		130.885		0.0115725		309.838		
00:00:59:700		6.83391e+06		100.481		39.2953		129.68		0.0115237		309.838		
00:00:59:600		6.83391e+06		100.481		39.2953		129.68		0.0115237		309.838		
00:00:59:500		6.8339e+06		100.479		39.2953		129.68		0.0115237		309.838		
00:00:59:399		6.8339e+06		100.479		39.2926		128.083		0.0114749		309.838		
00:00:59:299		6.83389e+06		100.479		39.2926		128.083		0.0114749		309.838		
00:00:59:200		6.83388e+06		100.478		39.2898		126.893		0.0114262		309.838		
00:00:59:100		6.83388e+06		100.478		39.2898		126.893		0.0114262		309.838		
00:00:59:000		6.83388e+06		100.476		39.2898		126.893		0.0114262		309.838		
00:00:58:899		6.83387e+06		100.476		39.2869		126.106		0.0113774		309.838		
00:00:58:799		6.83386e+06		100.476		39.2869		126.106		0.0113774		309.838		
00:00:58:700		6.83386e+06		100.475		39.2839		124.935		0.0113286		309.838		
00:00:58:600		6.83385e+06		100.475		39.2839		124.935		0.0113286		309.838		
00:00:58:500		6.83385e+06		100.473		39.2839		124.935		0.0113286		309.838		
00:00:58:399		6.83384e+06		100.473		39.2809		122.996		0.0112798		309.838		
00:00:58:299		6.83384e+06		100.473		39.2809		122.996		0.0112798		309.838		
00:00:58:200		6.83383e+06		100.472		39.2777		121.068		0.011231		309.838		
00:00:58:100		6.83382e+06		100.472		39.2777		121.068		0.011231		309.838		
00:00:57:899		6.83381e+06		100.47		39.2745		119.539		0.0111823		309.838		
00:00:57:799		6.83381e+06		100.47		39.2745		119.539		0.0111823		309.838		
00:00:57:799		6.83381e+06		100.47		39.2745		119.539		0.0111823		309.838		
00:00:57:700		6.8338e+06		100.469		39.2711		117.641		0.0111335		309.838		
00:00:57:600		6.83379e+06		100.469		39.2711		117.641		0.0111335		309.838		
00:00:57:600		6.83379e+06		100.469		39.2711		117.641		0.0111335		309.838		
00:00:57:500		6.83379e+06		100.467		39.2711		117.641		0.0111335		309.838		
00:00:57:299		6.83378e+06		100.467		39.2677		116.13		0.0110847		309.838		
00:00:57:299		6.83378e+06		100.467		39.2677		116.13		0.0110847		309.838		
00:00:57:200		6.83377e+06		100.465		39.2641		115.009		0.0110359		309.838		
00:00:57:100		6.83377e+06		100.465		39.2641		115.009		0.0110359		309.838		
00:00:57:000		6.83376e+06		100.464		39.2641		115.009		0.0110359		309.838		
00:00:56:750		6.83375e+06		100.462		39.2605		113.524		0.0109872		309.838		
00:00:56:750		6.83375e+06		100.462		39.2605		113.524		0.0109872		309.838		
00:00:56:649		6.83374e+06		100.462		39.2567		111.681		0.0109384		309.838		
00:00:56:549		6.83374e+06		100.462		39.2567		111.681		0.0109384		309.838		
00:00:56:399		6.83373e+06		100.461		39.2528		110.215		0.0108896		309.838		
00:00:56:399		6.83373e+06		100.461		39.2528		110.215		0.0108896		309.838		
00:00:56:299		6.83372e+06		100.461		39.2528		110.215		0.0108896		309.838		
00:00:56:049		6.83371e+06		100.459		39.2487		109.489		0.0108408		309.838		
00:00:56:049		6.83371e+06		100.459		39.2487		109.489		0.0108408		309.838		
00:00:55:850		6.8337e+06		100.457		39.2445		108.05		0.010792		309.838		
00:00:55:750		6.83369e+06		100.456		39.2445		108.05		0.010792		309.838		
00:00:55:750		6.83369e+06		100.456		39.2445		108.05		0.010792		309.838		
00:00:55:649		6.83368e+06		100.456		39.2402		106.259		0.0107432		309.838		
00:00:55:549		6.83368e+06		100.456		39.2402		106.259		0.0107432		309.838		
00:00:55:350		6.83366e+06		100.454		39.2356		105.194		0.0106945		309.838		
00:00:55:350		6.83366e+06		100.454		39.2356		105.194		0.0106945		309.838		
00:00:55:250		6.83366e+06		100.453		39.2356		105.194		0.0106945		309.838		
00:00:55:149		6.83365e+06		100.453		39.231		104.138		0.0106457		309.838		
00:00:55:049		6.83365e+06		100.453		39.231		104.138		0.0106457		309.838		
00:00:54:950		6.83364e+06		100.451		39.2261		103.089		0.0105969		309.838		
00:00:54:850		6.83364e+06		100.451		39.2261		103.089		0.0105969		309.838		
00:00:54:750		6.83363e+06		100.45		39.2261		103.089		0.0105969		309.838		
00:00:54:649		6.83362e+06		100.45		39.2211		102.05		0.0105481		309.838		
00:00:54:549		6.83362e+06		100.45		39.2211		102.05		0.0105481		309.838		
00:00:54:450		6.83361e+06		100.448		39.2158		100.673		0.0104993		309.838		
00:00:54:350		6.83360e+06		100.448		39.2158		100.673		0.0104993		309.838		
00:00:54:250		6.8336e+06		100.446		39.2158		100.673		0.0104993		309.838		
00:00:54:100		6.83359e+06		100.446		39.2104		98.9661		0.0104505		309.839		
00:00:54:049		6.83359e+06		100.446		39.2104		98.9661		0.0104505		309.839		
00:00:53:850		6.83357e+06		100.445		39.2048		97.2702		0.0104018		309.839		
00:00:53:850		6.83357e+06		100.445		39.2048		97.2702		0.0104018		309.839		
00:00:53:750		6.83357e+06		100.443		39.2048		97.2702		0.0104018		309.839		
00:00:53:649		6.83356e+06		100.443		39.1989		95.9251		0.010353		309.839		
00:00:53:549		6.83356e+06		100.443		39.1989		95.9251		0.010353		309.839		
00:00:53:450		6.83355e+06		100.441		39.1928		94.5901		0.0103042		309.839		
00:00:53:350		6.83354e+06		100.441		39.1928		94.5901		0.0103042		309.839		
00:00:53:250		6.83354e+06		100.44		39.1928		94.5901		0.0103042		309.839		
00:00:53:100		6.83353e+06		100.44		39.1864		92.9359		0.0102554		309.839		
00:00:53:000		6.83352e+06		100.438		39.1864		92.9359		0.0102554		309.839		
00:00:52:899		6.83352e+06		100.438		39.1797		91.2925		0.0102066		309.839		
00:00:52:799		6.83351e+06		100.438		39.1797		91.2925		0.0102066		309.839		
00:00:52:700		6.8335e+06		100.437		39.1728		90.3143		0.0101578		309.839		
00:00:52:600		6.8335e+06		100.437		39.1728		90.3143		0.0101578		309.839		
00:00:52:500		6.83349e+06		100.435		39.1728		90.3143		0.0101578		309.839		
00:00:52:399		6.83348e+06		100.435		39.1656		89.3463		0.010109		309.839		
00:00:52:299		6.83348e+06		100.435		39.1656		89.3463		0.010109		309.839		
00:00:52:200		6.83347e+06		100.433		39.1581		88.0641		0.0100603		309.839		
00:00:52:100		6.83346e+06		100.433		39.1581		88.0641		0.0100603		309.839		
00:00:52:000		6.83346e+06		100.432		39.1581		88.0641		0.0100603		309.839		
00:00:51:899		6.83346e+06		100.432		39.1502		86.7922		0.0100115		309.839		
00:00:51:799		6.83345e+06		100.432		39.1502		86.7922		0.0100115		309.839		
00:00:51:700		6.83345e+06		100.43		39.142		85.8454		0.00996268		309.839		
00:00:51:600		6.83344e+06		100.43		39.142		85.8454		0.00996268		309.839		
00:00:51:500		6.83344e+06		100.429		39.142		85.8454		0.00996268		309.839		
00:00:51:500		6.83344e+06		100.429		39.142		85.8454		0.00996268		309.839		
00:00:51:399		6.83343e+06		100.429		39.1335		84.9087		0.00991389		309.839		
00:00:51:299		6.83342e+06		100.429		39.1335		84.9087		0.00991389		309.839		
00:00:51:200		6.83342e+06		100.427		39.1245		83.9775		0.0098651		309.839		
00:00:51:100		6.83341e+06		100.427		39.1245		83.9775		0.0098651		309.839		
00:00:50:899		6.8334e+06		100.425		39.1152		83.0562		0.00981631		309.839		
00:00:50:799		6.8334e+06		100.425		39.1152		83.0562		0.00981631		309.839		
00:00:50:700		6.83339e+06		100.424		39.1054		81.5324		0.00976752		309.839		
00:00:50:600		6.83338e+06		100.424		39.1054		81.5324		0.00976752		309.839		
00:00:50:600		6.83338e+06		100.424		39.1054		81.5324		0.00976752		309.839		
00:00:50:500		6.83338e+06		100.422		39.1054		81.5324		0.00976752		309.839		
00:00:50:399		6.83337e+06		100.422		39.0952		80.0191		0.00971873		309.839		
00:00:50:149		6.83336e+06		100.42		39.0845		78.8196		0.00966994		309.839		
00:00:50:149		6.83336e+06		100.42		39.0845		78.8196		0.00966994		309.839		
00:00:50:049		6.83335e+06		100.42		39.0845		78.8196		0.00966994		309.839		
00:00:49:950		6.83335e+06		100.419		39.0733		77.3341		0.00962115		309.839		
00:00:49:750		6.83334e+06		100.417		39.0733		77.3341		0.00962115		309.839		
00:00:49:750		6.83334e+06		100.417		39.0733		77.3341		0.00962115		309.839		
00:00:49:700		6.83334e+06		100.417		39.0616		75.859		0.00957235		309.839		
00:00:49:500		6.83332e+06		100.415		39.0616		75.859		0.00957235		309.839		
00:00:49:500		6.83332e+06		100.415		39.0616		75.859		0.00957235		309.839		
00:00:49:350		6.83332e+06		100.415		39.0493		74.69		0.00952356		309.839		
00:00:49:250		6.83331e+06		100.414		39.0493		74.69		0.00952356		309.839		
00:00:49:149		6.83330e+06		100.414		39.0365		73.82		0.00947477		309.839		
00:00:49:049		6.8333e+06		100.414		39.0365		73.82		0.00947477		309.839		
00:00:48:850		6.83329e+06		100.412		39.0231		73.2463		0.00942597		309.839		
00:00:48:850		6.83329e+06		100.412		39.0231		73.2463		0.00942597		309.839		
00:00:48:750		6.83329e+06		100.41		39.0231		73.2463		0.00942597		309.839		
00:00:48:649		6.83328e+06		100.41		39.0096		72.6776		0.00937718		309.839		
00:00:48:549		6.83327e+06		100.41		39.0096		72.6776		0.00937718		309.839		
00:00:48:450		6.83327e+06		100.409		38.9961		71.8325		0.00932839		309.839		
00:00:48:350		6.83326e+06		100.409		38.9961		71.8325		0.00932839		309.839		
00:00:48:250		6.83326e+06		100.407		38.9961		71.8325		0.00932839		309.839		
00:00:48:100		6.83325e+06		100.407		38.9824		70.9926		0.00927959		309.839		
00:00:48:000		6.83325e+06		100.405		38.9824		70.9926		0.00927959		309.839		
00:00:47:899		6.83324e+06		100.405		38.9687		70.4389		0.0092308		309.839		
00:00:47:850		6.83324e+06		100.405		38.9687		70.4389		0.0092308		309.84		
00:00:47:700		6.83323e+06		100.404		38.9549		69.3422		0.009182		309.84		
00:00:47:600		6.83322e+06		100.404		38.9549		69.3422		0.009182		309.84		
00:00:47:500		6.83322e+06		100.402		38.9549		69.3422		0.009182		309.84		
00:00:47:399		6.83321e+06		100.402		38.941		68.2509		0.00913321		309.84		
00:00:47:299		6.83321e+06		100.402		38.941		68.2509		0.00913321		309.84		
00:00:47:200		6.8332e+06		100.4		38.927		67.1739		0.00908441		309.84		
00:00:47:100		6.8332e+06		100.4		38.927		67.1739		0.00908441		309.84		
00:00:47:000		6.83319e+06		100.399		38.927		67.1739		0.00908441		309.84		
00:00:46:899		6.83319e+06		100.399		38.9129		66.1023		0.00903561		309.84		
00:00:46:799		6.83318e+06		100.399		38.9129		66.1023		0.00903561		309.84		
00:00:46:700		6.83318e+06		100.397		38.8987		65.309		0.00898681		309.84		
00:00:46:600		6.83318e+06		100.397		38.8987		65.309		0.00898681		309.84		
00:00:46:500		6.83317e+06		100.395		38.8987		65.309		0.00898681		309.84		
00:00:46:399		6.83317e+06		100.395		38.8845		63.9974		0.00893802		309.84		
00:00:46:299		6.83316e+06		100.395		38.8845		63.9974		0.00893802		309.84		
00:00:46:200		6.83315e+06		100.394		38.8701		62.6958		0.00888922		309.84		
00:00:46:100		6.83315e+06		100.394		38.8701		62.6958		0.00888922		309.84		
00:00:46:000		6.83314e+06		100.392		38.8701		62.6958		0.00888922		309.84		
00:00:45:899		6.83314e+06		100.392		38.8555		61.6653		0.00884042		309.84		
00:00:45:799		6.83314e+06		100.392		38.8555		61.6653		0.00884042		309.84		
00:00:45:700		6.83313e+06		100.39		38.841		60.8989		0.00879162		309.84		
00:00:45:700		6.83313e+06		100.39		38.841		60.8989		0.00879162		309.84		
00:00:45:500		6.83312e+06		100.389		38.841		60.8989		0.00879162		309.84		
00:00:45:399		6.83312e+06		100.389		38.8264		60.394		0.00874282		309.84		
00:00:45:399		6.83312e+06		100.389		38.8264		60.394		0.00874282		309.84		
00:00:45:299		6.83311e+06		100.389		38.8264		60.394		0.00874282		309.84		
00:00:45:200		6.83311e+06		100.387		38.8118		59.3945		0.00869402		309.84		
00:00:45:100		6.8331e+06		100.387		38.8118		59.3945		0.00869402		309.84		
00:00:44:950		6.8331e+06		100.385		38.7972		58.4003		0.00864522		309.84		
00:00:44:799		6.83309e+06		100.385		38.7972		58.4003		0.00864522		309.84		
00:00:44:799		6.83309e+06		100.385		38.7972		58.4003		0.00864522		309.84		
00:00:44:649		6.83308e+06		100.383		38.7825		57.6648		0.00859642		309.84		
00:00:44:549		6.83308e+06		100.383		38.7825		57.6648		0.00859642		309.84		
00:00:44:450		6.83307e+06		100.382		38.7678		56.9343		0.00854762		309.84		
00:00:44:350		6.83307e+06		100.382		38.7678		56.9343		0.00854762		309.84		
00:00:44:250		6.83306e+06		100.38		38.7678		56.9343		0.00854762		309.84		
00:00:44:149		6.83306e+06		100.38		38.753		56.2129		0.00849882		309.84		
00:00:44:049		6.83305e+06		100.38		38.753		56.2129		0.00849882		309.84		
00:00:43:950		6.83305e+06		100.378		38.7383		55.2588		0.00845002		309.84		
00:00:43:750		6.83304e+06		100.377		38.7383		55.2588		0.00845002		309.84		
00:00:43:750		6.83304e+06		100.377		38.7383		55.2588		0.00845002		309.84		
00:00:43:649		6.83304e+06		100.377		38.7234		54.5494		0.00840122		309.84		
00:00:43:600		6.83303e+06		100.377		38.7234		54.5494		0.00840122		309.84		
00:00:43:500		6.83303e+06		100.375		38.7234		54.5494		0.00840122		309.84		
00:00:43:350		6.83302e+06		100.375		38.7086		53.8492		0.00835241		309.841		
00:00:43:250		6.83302e+06		100.373		38.7086		53.8492		0.00835241		309.841		
00:00:43:149		6.83302e+06		100.373		38.6936		52.9232		0.00830361		309.841		
00:00:43:049		6.83301e+06		100.373		38.6936		52.9232		0.00830361		309.841		
00:00:42:950		6.83301e+06		100.372		38.6787		52.0064		0.0082548		309.841		
00:00:42:750		6.833e+06		100.37		38.6787		52.0064		0.0082548		309.841		
00:00:42:649		6.83299e+06		100.37		38.6637		51.0988		0.008206		309.841		
00:00:42:649		6.83299e+06		100.37		38.6637		51.0988		0.008206		309.841		
00:00:42:549		6.83299e+06		100.37		38.6637		51.0988		0.008206		309.841		
00:00:42:450		6.83299e+06		100.368		38.6486		50.4243		0.0081572		309.841		
00:00:42:350		6.83298e+06		100.368		38.6486		50.4243		0.0081572		309.841		
00:00:42:250		6.83298e+06		100.366		38.6486		50.4243		0.0081572		309.841		
00:00:42:149		6.83297e+06		100.366		38.6335		49.7587		0.00810839		309.841		
00:00:42:049		6.83297e+06		100.366		38.6335		49.7587		0.00810839		309.841		
00:00:41:850		6.83296e+06		100.365		38.6183		48.8787		0.00805959		309.841		
00:00:41:700		6.83296e+06		100.363		38.603		47.7909		0.00801078		309.841		
00:00:41:700		6.83296e+06		100.363		38.603		47.7909		0.00801078		309.841		
00:00:41:600		6.83295e+06		100.363		38.603		47.7909		0.00801078		309.841		
00:00:41:500		6.83295e+06		100.361		38.603		47.7909		0.00801078		309.841		
00:00:41:399		6.83294e+06		100.361		38.5877		46.7123		0.00796197		309.841		
00:00:41:350		6.83294e+06		100.361		38.5877		46.7123		0.00796197		309.841		
00:00:41:250		6.83294e+06		100.359		38.5723		46.0716		0.00791317		309.841		
00:00:41:100		6.83293e+06		100.359		38.5723		46.0716		0.00791317		309.841		
00:00:41:000		6.83293e+06		100.358		38.5723		46.0716		0.00791317		309.841		
00:00:40:899		6.83292e+06		100.358		38.5569		45.4394		0.00786436		309.841		
00:00:40:799		6.83292e+06		100.358		38.5569		45.4394		0.00786436		309.841		
00:00:40:700		6.83292e+06		100.356		38.5414		44.6039		0.00781555		309.841		
00:00:40:600		6.83291e+06		100.356		38.5414		44.6039		0.00781555		309.841		
00:00:40:500		6.83291e+06		100.354		38.5414		44.6039		0.00781555		309.841		
00:00:40:399		6.83291e+06		100.354		38.5257		43.5717		0.00776674		309.841		
00:00:40:299		6.8329e+06		100.354		38.5257		43.5717		0.00776674		309.841		
00:00:40:200		6.8329e+06		100.352		38.51		42.752		0.00771794		309.841		
00:00:40:100		6.83289e+06		100.352		38.51		42.752		0.00771794		309.841		
00:00:40:000		6.83289e+06		100.351		38.51		42.752		0.00771794		309.841		
00:00:39:899		6.83289e+06		100.351		38.4943		42.3478		0.00766913		309.841		
00:00:39:799		6.83288e+06		100.351		38.4943		42.3478		0.00766913		309.841		
00:00:39:700		6.83288e+06		100.349		38.4784		41.9479		0.00762032		309.841		
00:00:39:600		6.83288e+06		100.349		38.4784		41.9479		0.00762032		309.841		
00:00:39:500		6.83287e+06		100.347		38.4784		41.9479		0.00762032		309.842		
00:00:39:399		6.83287e+06		100.347		38.4624		41.3557		0.00757151		309.842		
00:00:39:399		6.83287e+06		100.347		38.4624		41.3557		0.00757151		309.842		
00:00:39:299		6.83286e+06		100.347		38.4624		41.3557		0.00757151		309.842		
00:00:39:200		6.83286e+06		100.345		38.4463		40.5733		0.0075227		309.842		
00:00:39:000		6.83285e+06		100.344		38.4463		40.5733		0.0075227		309.842		
00:00:38:850		6.83285e+06		100.344		38.4301		39.7997		0.00747389		309.842		
00:00:38:750		6.83285e+06		100.342		38.4301		39.7997		0.00747389		309.842		
00:00:38:750		6.83285e+06		100.342		38.4301		39.7997		0.00747389		309.842		
00:00:38:649		6.83284e+06		100.342		38.4138		39.0347		0.00742507		309.842		
00:00:38:549		6.83284e+06		100.342		38.4138		39.0347		0.00742507		309.842		
00:00:38:450		6.83283e+06		100.34		38.3974		38.4666		0.00737626		309.842		
00:00:38:350		6.83283e+06		100.34		38.3974		38.4666		0.00737626		309.842		
00:00:38:250		6.83282e+06		100.338		38.3974		38.4666		0.00737626		309.842		
00:00:38:149		6.83282e+06		100.338		38.3809		37.9069		0.00732745		309.842		
00:00:38:049		6.83282e+06		100.338		38.3809		37.9069		0.00732745		309.842		
00:00:37:850		6.83281e+06		100.337		38.3642		37.3516		0.00727864		309.842		
00:00:37:799		6.83281e+06		100.337		38.3642		37.3516		0.00727864		309.842		
00:00:37:649		6.8328e+06		100.335		38.3474		36.623		0.00722982		309.842		
00:00:37:649		6.8328e+06		100.335		38.3474		36.623		0.00722982		309.842		
00:00:37:549		6.8328e+06		100.335		38.3474		36.623		0.00722982		309.842		
00:00:37:450		6.8328e+06		100.333		38.3304		35.5398		0.00718101		309.842		
00:00:37:350		6.83279e+06		100.333		38.3304		35.5398		0.00718101		309.842		
00:00:37:250		6.83279e+06		100.331		38.3304		35.5398		0.00718101		309.842		
00:00:37:149		6.83279e+06		100.331		38.3133		34.8242		0.00713219		309.842		
00:00:37:049		6.83278e+06		100.331		38.3133		34.8242		0.00713219		309.842		
00:00:36:850		6.83278e+06		100.33		38.2961		34.2963		0.00708338		309.842		
00:00:36:750		6.83277e+06		100.328		38.2961		34.2963		0.00708338		309.842		
00:00:36:750		6.83277e+06		100.328		38.2961		34.2963		0.00708338		309.842		
00:00:36:649		6.83277e+06		100.328		38.2786		33.5995		0.00703457		309.842		
00:00:36:549		6.83277e+06		100.328		38.2786		33.5995		0.00703457		309.842		
00:00:36:450		6.83276e+06		100.326		38.2611		33.0822		0.00698575		309.842		
00:00:36:350		6.83276e+06		100.326		38.2611		33.0822		0.00698575		309.842		
00:00:36:250		6.83276e+06		100.324		38.2611		33.0822		0.00698575		309.842		
00:00:36:149		6.83275e+06		100.324		38.2435		32.5732		0.00693693		309.842		
00:00:36:049		6.83275e+06		100.324		38.2435		32.5732		0.00693693		309.843		
00:00:35:799		6.83274e+06		100.323		38.2259		31.9013		0.00688812		309.843		
00:00:35:700		6.83274e+06		100.321		38.2081		31.2377		0.0068393		309.843		
00:00:35:700		6.83274e+06		100.321		38.2081		31.2377		0.0068393		309.843		
00:00:35:649		6.83274e+06		100.321		38.2081		31.2377		0.0068393		309.843		
00:00:35:549		6.83274e+06		100.321		38.2081		31.2377		0.0068393		309.843		
00:00:35:450		6.83273e+06		100.319		38.1904		30.5823		0.00679048		309.843		
00:00:35:350		6.83273e+06		100.319		38.1904		30.5823		0.00679048		309.843		
00:00:35:200		6.83273e+06		100.317		38.1725		29.935		0.00674167		309.843		
00:00:35:100		6.83272e+06		100.317		38.1725		29.935		0.00674167		309.843		
00:00:35:000		6.83272e+06		100.315		38.1725		29.935		0.00674167		309.843		
00:00:34:899		6.83272e+06		100.315		38.1546		29.4548		0.00669285		309.843		
00:00:34:799		6.83271e+06		100.315		38.1546		29.4548		0.00669285		309.843		
00:00:34:700		6.83271e+06		100.314		38.1366		28.8257		0.00664403		309.843		
00:00:34:600		6.83271e+06		100.314		38.1366		28.8257		0.00664403		309.843		
00:00:34:500		6.8327e+06		100.312		38.1366		28.8257		0.00664403		309.843		
00:00:34:399		6.8327e+06		100.312		38.1185		28.0459		0.00659521		309.843		
00:00:34:299		6.8327e+06		100.312		38.1185		28.0459		0.00659521		309.843		
00:00:34:200		6.83269e+06		100.31		38.1004		27.4309		0.00654639		309.843		
00:00:34:100		6.83269e+06		100.31		38.1004		27.4309		0.00654639		309.843		
00:00:34:000		6.83269e+06		100.308		38.1004		27.4309		0.00654639		309.843		
00:00:33:899		6.83268e+06		100.308		38.0822		26.9748		0.00649757		309.843		
00:00:33:799		6.83268e+06		100.308		38.0822		26.9748		0.00649757		309.843		
00:00:33:700		6.83268e+06		100.306		38.0639		26.5265		0.00644875		309.843		
00:00:33:700		6.83268e+06		100.306		38.0639		26.5265		0.00644875		309.843		
00:00:33:600		6.83268e+06		100.306		38.0639		26.5265		0.00644875		309.843		
00:00:33:500		6.83267e+06		100.305		38.0639		26.5265		0.00644875		309.843		
00:00:33:399		6.83267e+06		100.305		38.0454		26.0822		0.00639993		309.843		
00:00:33:299		6.83267e+06		100.305		38.0454		26.0822		0.00639993		309.843		
00:00:33:200		6.83266e+06		100.303		38.0269		25.6457		0.00635111		309.843		
00:00:33:100		6.83266e+06		100.303		38.0269		25.6457		0.00635111		309.843		
00:00:32:950		6.83266e+06		100.301		38.0083		25.2132		0.00630229		309.843		
00:00:32:750		6.83265e+06		100.299		38.0083		25.2132		0.00630229		309.844		
00:00:32:750		6.83265e+06		100.299		38.0083		25.2132		0.00630229		309.844		
00:00:32:600		6.83265e+06		100.299		37.9896		24.7884		0.00625347		309.844		
00:00:32:500		6.83264e+06		100.297		37.9896		24.7884		0.00625347		309.844		
00:00:32:500		6.83264e+06		100.297		37.9896		24.7884		0.00625347		309.844		
00:00:32:399		6.83264e+06		100.297		37.9708		24.2284		0.00620464		309.844		
00:00:32:200		6.83264e+06		100.295		37.9518		23.8134		0.00615582		309.844		
00:00:32:200		6.83264e+06		100.295		37.9518		23.8134		0.00615582		309.844		
00:00:32:049		6.83263e+06		100.295		37.9518		23.8134		0.00615582		309.844		
00:00:31:850		6.83263e+06		100.294		37.9328		23.4059		0.006107		309.844		
00:00:31:750		6.83263e+06		100.292		37.9328		23.4059		0.006107		309.844		
00:00:31:750		6.83263e+06		100.292		37.9328		23.4059		0.006107		309.844		
00:00:31:550		6.83262e+06		100.292		37.9136		22.8689		0.00605817		309.844		
00:00:31:550		6.83262e+06		100.292		37.9136		22.8689		0.00605817		309.844		
00:00:31:449		6.83262e+06		100.29		37.8942		22.3394		0.00600935		309.844		
00:00:31:350		6.83261e+06		100.29		37.8942		22.3394		0.00600935		309.844		
00:00:31:250		6.83261e+06		100.288		37.8942		22.3394		0.00600935		309.844		
00:00:31:149		6.83261e+06		100.288		37.8747		21.9472		0.00596052		309.844		
00:00:31:050		6.83261e+06		100.288		37.8747		21.9472		0.00596052		309.844		
00:00:30:850		6.8326e+06		100.286		37.8551		21.5623		0.0059117		309.844		
00:00:30:750		6.8326e+06		100.284		37.8551		21.5623		0.0059117		309.844		
00:00:30:750		6.8326e+06		100.284		37.8551		21.5623		0.0059117		309.844		
00:00:30:649		6.8326e+06		100.284		37.8353		21.0554		0.00586287		309.844		
00:00:30:550		6.83259e+06		100.284		37.8353		21.0554		0.00586287		309.844		
00:00:30:449		6.83259e+06		100.283		37.8153		20.6799		0.00581404		309.844		
00:00:30:350		6.83259e+06		100.283		37.8153		20.6799		0.00581404		309.844		
00:00:30:250		6.83258e+06		100.281		37.8153		20.6799		0.00581404		309.844		
00:00:30:149		6.83258e+06		100.281		37.7952		20.1893		0.00576522		309.844		
00:00:30:000		6.83258e+06		100.279		37.7952		20.1893		0.00576522		309.844		
00:00:29:800		6.83257e+06		100.279		37.7749		19.5821		0.00571639		309.844		
00:00:29:750		6.83257e+06		100.277		37.7749		19.5821		0.00571639		309.844		
00:00:29:750		6.83257e+06		100.277		37.7749		19.5821		0.00571639		309.844		
00:00:29:649		6.83257e+06		100.277		37.7544		19.2231		0.00566756		309.844		
00:00:29:550		6.83257e+06		100.277		37.7544		19.2231		0.00566756		309.844		
00:00:29:449		6.83256e+06		100.275		37.7337		18.8713		0.00561873		309.845		
00:00:29:350		6.83256e+06		100.275		37.7337		18.8713		0.00561873		309.845		
00:00:29:250		6.83256e+06		100.273		37.7337		18.8713		0.00561873		309.845		
00:00:29:149		6.83256e+06		100.273		37.7127		18.4082		0.00556991		309.845		
00:00:29:050		6.83256e+06		100.273		37.7127		18.4082		0.00556991		309.845		
00:00:28:899		6.83255e+06		100.271		37.6916		18.0654		0.00552108		309.845		
00:00:28:800		6.83255e+06		100.271		37.6916		18.0654		0.00552108		309.845		
00:00:28:699		6.83255e+06		100.27		37.6704		17.6181		0.00547225		309.845		
00:00:28:600		6.83255e+06		100.27		37.6704		17.6181		0.00547225		309.845		
00:00:28:500		6.83254e+06		100.268		37.6704		17.6181		0.00547225		309.845		
00:00:28:399		6.83254e+06		100.268		37.649		17.1745		0.00542342		309.845		
00:00:28:300		6.83254e+06		100.268		37.649		17.1745		0.00542342		309.845		
00:00:28:199		6.83253e+06		100.266		37.6277		16.8492		0.00537459		309.845		
00:00:28:100		6.83253e+06		100.266		37.6277		16.8492		0.00537459		309.845		
00:00:28:000		6.83253e+06		100.264		37.6277		16.8492		0.00537459		309.845		
00:00:27:899		6.83253e+06		100.264		37.6062		16.3151		0.00532575		309.845		
00:00:27:800		6.83253e+06		100.264		37.6062		16.3151		0.00532575		309.845		
00:00:27:699		6.83252e+06		100.262		37.5846		15.8925		0.00527692		309.845		
00:00:27:699		6.83252e+06		100.262		37.5846		15.8925		0.00527692		309.845		
00:00:27:600		6.83252e+06		100.262		37.5846		15.8925		0.00527692		309.845		
00:00:27:399		6.83251e+06		100.26		37.5629		15.6856		0.00522809		309.845		
00:00:27:399		6.83251e+06		100.26		37.5629		15.6856		0.00522809		309.845		
00:00:27:300		6.83251e+06		100.26		37.5629		15.6856		0.00522809		309.845		
00:00:27:199		6.83251e+06		100.258		37.5411		15.2801		0.00517926		309.845		
00:00:27:100		6.83251e+06		100.258		37.5411		15.2801		0.00517926		309.845		
00:00:26:949		6.8325e+06		100.256		37.5192		14.8782		0.00513043		309.845		
00:00:26:750		6.8325e+06		100.254		37.5192		14.8782		0.00513043		309.845		
00:00:26:750		6.8325e+06		100.254		37.5192		14.8782		0.00513043		309.845		
00:00:26:649		6.8325e+06		100.254		37.4972		14.5839		0.00508159		309.845		
00:00:26:550		6.83249e+06		100.254		37.4972		14.5839		0.00508159		309.845		
00:00:26:449		6.83249e+06		100.252		37.4751		14.101		0.00503276		309.845		
00:00:26:399		6.83249e+06		100.252		37.4751		14.101		0.00503276		309.845		
00:00:26:300		6.83249e+06		100.252		37.4751		14.101		0.00503276		309.845		
00:00:26:100		6.83248e+06		100.251		37.4528		13.5308		0.00498392		309.845		
00:00:26:100		6.83248e+06		100.251		37.4528		13.5308		0.00498392		309.845		
00:00:25:850		6.83248e+06		100.249		37.4305		13.1557		0.00493509		309.845		
00:00:25:750		6.83248e+06		100.247		37.4305		13.1557		0.00493509		309.845		
00:00:25:750		6.83248e+06		100.247		37.4305		13.1557		0.00493509		309.845		
00:00:25:649		6.83247e+06		100.247		37.4079		12.7905		0.00488625		309.845		
00:00:25:550		6.83247e+06		100.247		37.4079		12.7905		0.00488625		309.846		
00:00:25:449		6.83247e+06		100.245		37.3853		12.3392		0.00483742		309.846		
00:00:25:350		6.83246e+06		100.245		37.3853		12.3392		0.00483742		309.846		
00:00:25:250		6.83246e+06		100.243		37.3853		12.3392		0.00483742		309.846		
00:00:25:149		6.83246e+06		100.243		37.3624		11.9853		0.00478858		309.846		
00:00:25:050		6.83246e+06		100.243		37.3624		11.9853		0.00478858		309.846		
00:00:24:949		6.83246e+06		100.241		37.3394		11.7241		0.00473974		309.846		
00:00:24:750		6.83245e+06		100.239		37.3394		11.7241		0.00473974		309.846		
00:00:24:750		6.83245e+06		100.239		37.3394		11.7241		0.00473974		309.846		
00:00:24:649		6.83245e+06		100.239		37.3163		11.4692		0.00469091		309.846		
00:00:24:550		6.83244e+06		100.239		37.3163		11.4692		0.00469091		309.846		
00:00:24:449		6.83245e+06		100.237		37.2929		11.1346		0.00464207		309.846		
00:00:24:350		6.83244e+06		100.237		37.2929		11.1346		0.00464207		309.846		
00:00:24:250		6.83244e+06		100.235		37.2929		11.1346		0.00464207		309.846		
00:00:24:149		6.83243e+06		100.235		37.2694		10.7249		0.00459323		309.846		
00:00:24:050		6.83243e+06		100.235		37.2694		10.7249		0.00459323		309.846		
00:00:23:949		6.83243e+06		100.233		37.2456		10.3216		0.00454439		309.846		
00:00:23:750		6.83242e+06		100.231		37.2456		10.3216		0.00454439		309.846		
00:00:23:750		6.83242e+06		100.231		37.2456		10.3216		0.00454439		309.846		
00:00:23:600		6.83242e+06		100.231		37.2217		10.0058		0.00449555		309.846		
00:00:23:500		6.83242e+06		100.229		37.2217		10.0058		0.00449555		309.846		
00:00:23:399		6.83241e+06		100.229		37.1975		9.61954		0.00444671		309.846		
00:00:23:300		6.83241e+06		100.229		37.1975		9.61954		0.00444671		309.846		
00:00:23:199		6.83241e+06		100.227		37.1731		9.23945		0.00439787		309.846		
00:00:23:100		6.83241e+06		100.227		37.1731		9.23945		0.00439787		309.846		
00:00:23:000		6.83240e+06		100.225		37.1731		9.23945		0.00439787		309.846		
00:00:22:899		6.8324e+06		100.225		37.1485		8.94215		0.00434903		309.846		
00:00:22:800		6.8324e+06		100.225		37.1485		8.94215		0.00434903		309.846		
00:00:22:699		6.8324e+06		100.223		37.1236		8.6509		0.00430019		309.846		
00:00:22:600		6.83239e+06		100.223		37.1236		8.6509		0.00430019		309.846		
00:00:22:500		6.83239e+06		100.221		37.1236		8.6509		0.00430019		309.846		
00:00:22:399		6.83239e+06		100.221		37.0986		8.36568		0.00425135		309.846		
00:00:22:300		6.83239e+06		100.221		37.0986		8.36568		0.00425135		309.846		
00:00:22:199		6.83238e+06		100.219		37.0736		8.15558		0.00420251		309.846		
00:00:22:100		6.83238e+06		100.219		37.0736		8.15558		0.00420251		309.846		
00:00:22:000		6.83238e+06		100.217		37.0736		8.15558		0.00420251		309.846		
00:00:21:899		6.83238e+06		100.217		37.0485		8.01905		0.00415367		309.846		
00:00:21:800		6.83237e+06		100.217		37.0485		8.01905		0.00415367		309.846		
00:00:21:699		6.83237e+06		100.215		37.0233		7.75303		0.00410483		309.846		
00:00:21:699		6.83237e+06		100.215		37.0233		7.75303		0.00410483		309.846		
00:00:21:600		6.83237e+06		100.215		37.0233		7.75303		0.00410483		309.846		
00:00:21:449		6.83236e+06		100.213		36.998		7.42522		0.00405598		309.846		
00:00:21:350		6.83236e+06		100.213		36.998		7.42522		0.00405598		309.846		
00:00:21:250		6.83235e+06		100.211		36.998		7.42522		0.00405598		309.846		
00:00:21:149		6.83235e+06		100.211		36.9726		7.16937		0.00400714		309.846		
00:00:21:100		6.83235e+06		100.211		36.9726		7.16937		0.00400714		309.846		
00:00:21:000		6.83235e+06		100.209		36.9726		7.16937		0.00400714		309.846		
00:00:20:800		6.83234e+06		100.209		36.9471		6.91925		0.00395829		309.846		
00:00:20:699		6.83234e+06		100.207		36.9216		6.61434		0.00390945		309.846		
00:00:20:699		6.83234e+06		100.207		36.9216		6.61434		0.00390945		309.846		
00:00:20:550		6.83233e+06		100.207		36.9216		6.61434		0.00390945		309.846		
00:00:20:449		6.83233e+06		100.205		36.8959		6.31509		0.0038606		309.846		
00:00:20:350		6.83232e+06		100.205		36.8959		6.31509		0.0038606		309.846		
00:00:20:250		6.83232e+06		100.203		36.8959		6.31509		0.0038606		309.846		
00:00:20:149		6.83232e+06		100.203		36.8701		6.08187		0.00381176		309.846		
00:00:20:050		6.83231e+06		100.203		36.8701		6.08187		0.00381176		309.847		
00:00:19:949		6.83231e+06		100.201		36.8442		5.85419		0.00376291		309.847		
00:00:19:750		6.83231e+06		100.199		36.8442		5.85419		0.00376291		309.847		
00:00:19:750		6.83231e+06		100.199		36.8442		5.85419		0.00376291		309.847		
00:00:19:649		6.8323e+06		100.199		36.8181		5.632		0.00371406		309.847		
00:00:19:550		6.8323e+06		100.199		36.8181		5.632		0.00371406		309.847		
00:00:19:449		6.83229e+06		100.197		36.792		5.46882		0.00366522		309.847		
00:00:19:350		6.83229e+06		100.197		36.792		5.46882		0.00366522		309.847		
00:00:19:250		6.83229e+06		100.195		36.792		5.46882		0.00366522		309.847		
00:00:19:149		6.83228e+06		100.195		36.7657		5.311		0.00361637		309.847		
00:00:19:050		6.83228e+06		100.195		36.7657		5.311		0.00361637		309.847		
00:00:18:949		6.83227e+06		100.193		36.7393		5.15587		0.00356752		309.847		
00:00:18:750		6.83227e+06		100.191		36.7393		5.15587		0.00356752		309.847		
00:00:18:750		6.83227e+06		100.191		36.7393		5.15587		0.00356752		309.847		
00:00:18:649		6.83226e+06		100.191		36.7127		5.00599		0.00351867		309.847		
00:00:18:550		6.83226e+06		100.191		36.7127		5.00599		0.00351867		309.847		
00:00:18:449		6.83225e+06		100.189		36.6859		4.81046		0.00346982		309.847		
00:00:18:350		6.83225e+06		100.189		36.6859		4.81046		0.00346982		309.847		
00:00:18:199		6.83224e+06		100.187		36.659		4.62011		0.00342097		309.847		
00:00:18:100		6.83224e+06		100.187		36.659		4.62011		0.00342097		309.847		
00:00:18:000		6.83224e+06		100.185		36.659		4.62011		0.00342097		309.847		
00:00:17:850		6.83223e+06		100.185		36.6319		4.43481		0.00337212		309.847		
00:00:17:699		6.83222e+06		100.183		36.6046		4.21013		0.00332327		309.847		
00:00:17:699		6.83222e+06		100.183		36.6046		4.21013		0.00332327		309.847		
00:00:17:600		6.83222e+06		100.183		36.6046		4.21013		0.00332327		309.847		
00:00:17:500		6.83222e+06		100.181		36.6046		4.21013		0.00332327		309.847		
00:00:17:399		6.83221e+06		100.181		36.5772		3.99049		0.00327442		309.847		
00:00:17:300		6.83221e+06		100.181		36.5772		3.99049		0.00327442		309.847		
00:00:17:199		6.8322e+06		100.179		36.5499		3.82021		0.00322557		309.847		
00:00:17:100		6.8322e+06		100.179		36.5499		3.82021		0.00322557		309.847		
00:00:17:000		6.83219e+06		100.176		36.5499		3.82021		0.00322557		309.847		
00:00:16:800		6.83219e+06		100.176		36.5226		3.73633		0.00317671		309.847		
00:00:16:699		6.83218e+06		100.174		36.4954		3.65731		0.00312786		309.847		
00:00:16:699		6.83218e+06		100.174		36.4954		3.65731		0.00312786		309.847		
00:00:16:600		6.83217e+06		100.174		36.4954		3.65731		0.00312786		309.847		
00:00:16:500		6.83217e+06		100.172		36.4954		3.65731		0.00312786		309.847		
00:00:16:399		6.83217e+06		100.172		36.4682		3.50165		0.00307901		309.847		
00:00:16:399		6.83217e+06		100.172		36.4682		3.50165		0.00307901		309.847		
00:00:16:300		6.83216e+06		100.172		36.4682		3.50165		0.00307901		309.847		
00:00:16:199		6.83216e+06		100.17		36.4411		3.35075		0.00303015		309.847		
00:00:16:000		6.83215e+06		100.168		36.4411		3.35075		0.00303015		309.847		
00:00:15:900		6.83214e+06		100.168		36.4141		3.20457		0.0029813		309.847		
00:00:15:800		6.83214e+06		100.168		36.4141		3.20457		0.0029813		309.847		
00:00:15:699		6.83213e+06		100.166		36.3871		3.06304		0.00293244		309.847		
00:00:15:599		6.83213e+06		100.166		36.3871		3.06304		0.00293244		309.847		
00:00:15:599		6.83213e+06		100.166		36.3871		3.06304		0.00293244		309.847		
00:00:15:500		6.83212e+06		100.164		36.3871		3.06304		0.00293244		309.847		
00:00:15:400		6.83212e+06		100.164		36.3601		2.9261		0.00288359		309.847		
00:00:15:250		6.83211e+06		100.162		36.3601		2.9261		0.00288359		309.847		
00:00:15:150		6.83210e+06		100.162		36.3333		2.76117		0.00283473		309.847		
00:00:15:050		6.8321e+06		100.162		36.3333		2.76117		0.00283473		309.847		
00:00:14:949		6.8321e+06		100.159		36.3065		2.5693		0.00278587		309.847		
00:00:14:750		6.83208e+06		100.157		36.3065		2.5693		0.00278587		309.847		
00:00:14:750		6.83208e+06		100.157		36.3065		2.5693		0.00278587		309.847		
00:00:14:650		6.83208e+06		100.157		36.2797		2.44473		0.00273702		309.847		
00:00:14:550		6.83207e+06		100.157		36.2797		2.44473		0.00273702		309.847		
00:00:14:449		6.83207e+06		100.155		36.2531		2.35594		0.00268816		309.847		
00:00:14:349		6.83206e+06		100.155		36.2531		2.35594		0.00268816		309.847		
00:00:14:250		6.83206e+06		100.153		36.2531		2.35594		0.00268816		309.847		
00:00:14:150		6.83205e+06		100.153		36.2265		2.21296		0.0026393		309.847		
00:00:14:050		6.83205e+06		100.153		36.2265		2.21296		0.0026393		309.847		
00:00:14:000		6.83205e+06		100.151		36.2265		2.21296		0.0026393		309.847		
00:00:13:849		6.83204e+06		100.151		36.2001		2.07424		0.00259044		309.847		
00:00:13:750		6.83203e+06		100.148		36.2001		2.07424		0.00259044		309.847		
00:00:13:650		6.83203e+06		100.148		36.1737		1.94182		0.00254158		309.847		
00:00:13:550		6.83202e+06		100.148		36.1737		1.94182		0.00254158		309.847		
00:00:13:449		6.83202e+06		100.146		36.1474		1.83858		0.00249272		309.847		
00:00:13:349		6.83201e+06		100.146		36.1474		1.83858		0.00249272		309.847		
00:00:13:250		6.83201e+06		100.144		36.1474		1.83858		0.00249272		309.847		
00:00:13:150		6.832e+06		100.144		36.1213		1.74146		0.00244386		309.847		
00:00:13:050		6.832e+06		100.144		36.1213		1.74146		0.00244386		309.847		
00:00:12:949		6.83199e+06		100.142		36.0956		1.62333		0.002395		309.847		
00:00:12:750		6.83198e+06		100.139		36.0956		1.62333		0.002395		309.847		
00:00:12:750		6.83198e+06		100.139		36.0956		1.62333		0.002395		309.847		
00:00:12:650		6.83197e+06		100.139		36.0704		1.51113		0.00234614		309.847		
00:00:12:550		6.83197e+06		100.139		36.0704		1.51113		0.00234614		309.847		
00:00:12:449		6.83196e+06		100.137		36.0457		1.40285		0.00229728		309.847		
00:00:12:300		6.83195e+06		100.137		36.0457		1.40285		0.00229728		309.847		
00:00:12:250		6.83195e+06		100.135		36.0457		1.40285		0.00229728		309.847		
00:00:12:099		6.83194e+06		100.135		36.0214		1.30031		0.00224841		309.847		
00:00:12:000		6.83194e+06		100.133		36.0214		1.30031		0.00224841		309.847		
00:00:11:900		6.83193e+06		100.133		35.9976		1.20157		0.00219955		309.847		
00:00:11:800		6.83192e+06		100.133		35.9976		1.20157		0.00219955		309.847		
00:00:11:699		6.83192e+06		100.13		35.9744		1.12666		0.00215069		309.847		
00:00:11:599		6.83191e+06		100.13		35.9744		1.12666		0.00215069		309.847		
00:00:11:500		6.83191e+06		100.128		35.9744		1.12666		0.00215069		309.847		
00:00:11:400		6.8319e+06		100.128		35.9517		1.0554		0.00210182		309.847		
00:00:11:300		6.83189e+06		100.128		35.9517		1.0554		0.00210182		309.847		
00:00:11:199		6.83189e+06		100.126		35.9296		0.95474		0.00205296		309.847		
00:00:11:099		6.83188e+06		100.126		35.9296		0.95474		0.00205296		309.847		
00:00:11:000		6.83188e+06		100.123		35.9296		0.95474		0.00205296		309.847		
00:00:10:900		6.83187e+06		100.123		35.9082		0.857604		0.00200409		309.847		
00:00:10:800		6.83186e+06		100.123		35.9082		0.857604		0.00200409		309.847		
00:00:10:699		6.83186e+06		100.121		35.8874		0.796896		0.00195522		309.847		
00:00:10:599		6.83185e+06		100.121		35.8874		0.796896		0.00195522		309.847		
00:00:10:599		6.83185e+06		100.121		35.8874		0.796896		0.00195522		309.847		
00:00:10:500		6.83184e+06		100.119		35.8874		0.796896		0.00195522		309.847		
00:00:10:400		6.83184e+06		100.119		35.8673		0.72564		0.00190636		309.847		
00:00:10:150		6.83182e+06		100.116		35.8479		0.644595		0.00185749		309.847		
00:00:10:150		6.83182e+06		100.116		35.8479		0.644595		0.00185749		309.847		
00:00:10:050		6.83182e+06		100.116		35.8479		0.644595		0.00185749		309.847		
00:00:09:900		6.83181e+06		100.114		35.8292		0.580741		0.00180862		309.847		
00:00:09:800		6.8318e+06		100.114		35.8292		0.580741		0.00180862		309.847		
00:00:09:800		6.8318e+06		100.114		35.8292		0.580741		0.00180862		309.847		
00:00:09:650		6.83179e+06		100.112		35.8115		0.521671		0.00175975		309.847		
00:00:09:550		6.83178e+06		100.112		35.8115		0.521671		0.00175975		309.847		
00:00:09:449		6.83178e+06		100.109		35.795		0.454979		0.00171088		309.847		
00:00:09:349		6.83177e+06		100.109		35.795		0.454979		0.00171088		309.847		
00:00:09:250		6.83176e+06		100.107		35.795		0.454979		0.00171088		309.847		
00:00:09:150		6.83176e+06		100.107		35.7797		0.392862		0.00166201		309.847		
00:00:09:050		6.83174e+06		100.107		35.7797		0.392862		0.00166201		309.847		
00:00:08:949		6.83174e+06		100.104		35.7659		0.335214		0.00161314		309.847		
00:00:08:750		6.83173e+06		100.102		35.7659		0.335214		0.00161314		309.847		
00:00:08:750		6.83173e+06		100.102		35.7659		0.335214		0.00161314		309.847		
00:00:08:650		6.83172e+06		100.102		35.7534		0.290457		0.00156427		309.847		
00:00:08:550		6.83171e+06		100.102		35.7534		0.290457		0.00156427		309.847		
00:00:08:449		6.83171e+06		100.099		35.7425		0.249947		0.0015154		309.847		
00:00:08:349		6.8317e+06		100.099		35.7425		0.249947		0.0015154		309.847		
00:00:08:250		6.83169e+06		100.097		35.7425		0.249947		0.0015154		309.847		
00:00:08:150		6.83169e+06		100.097		35.7331		0.21219		0.00146653		309.847		
00:00:08:050		6.83168e+06		100.097		35.7331		0.21219		0.00146653		309.847		
00:00:07:950		6.83167e+06		100.094		35.7254		0.191425		0.00141765		309.847		
00:00:07:849		6.83166e+06		100.094		35.7254		0.191425		0.00141765		309.847		
00:00:07:750		6.83166e+06		100.092		35.7254		0.191425		0.00141765		309.847		
00:00:07:650		6.83165e+06		100.092		35.7194		0.167408		0.00136878		309.847		
00:00:07:549		6.83164e+06		100.092		35.7194		0.167408		0.00136878		309.847		
00:00:07:450		6.83164e+06		100.089		35.7152		0.139424		0.00131991		309.847		
00:00:07:299		6.83162e+06		100.089		35.7152		0.139424		0.00131991		309.847		
00:00:07:250		6.83162e+06		100.087		35.7152		0.139424		0.00131991		309.847		
00:00:07:150		6.83161e+06		100.087		35.713		0.115111		0.00127103		309.847		
00:00:07:000		6.8316e+06		100.084		35.713		0.115111		0.00127103		309.847		
00:00:06:900		6.83159e+06		100.084		35.7128		0.0891299		0.00122215		309.847		
00:00:06:799		6.83158e+06		100.084		35.7128		0.0891299		0.00122215		309.847		
00:00:06:700		6.83158e+06		100.082		35.7149		0.0665785		0.00117328		309.847		
00:00:06:599		6.83157e+06		100.082		35.7149		0.0665785		0.00117328		309.847		
00:00:06:500		6.83156e+06		100.079		35.7149		0.0665785		0.00117328		309.847		
00:00:06:400		6.83155e+06		100.079		35.7198		0.0473305		0.0011244		309.847		
00:00:06:299		6.83155e+06		100.079		35.7198		0.0473305		0.0011244		309.847		
00:00:06:200		6.83154e+06		100.076		35.7276		0.0312558		0.00107552		309.847		
00:00:06:099		6.83153e+06		100.076		35.7276		0.0312558		0.00107552		309.847		
00:00:06:000		6.83152e+06		100.074		35.7276		0.0312558		0.00107552		309.847		
00:00:05:900		6.83151e+06		100.074		35.7383		0.0201436		0.00102664		309.847		
00:00:05:799		6.83151e+06		100.074		35.7383		0.0201436		0.00102664		309.847		
00:00:05:700		6.8315e+06		100.071		35.7522		0.0119289		0.000977764		309.847		
00:00:05:599		6.83149e+06		100.071		35.7522		0.0119289		0.000977764		309.847		
00:00:05:500		6.83148e+06		100.068		35.7522		0.0119289		0.000977764		309.847		
00:00:05:400		6.83148e+06		100.068		35.7694		0.00554799		0.000928884		309.847		
00:00:05:299		6.83147e+06		100.068		35.7694		0.00554799		0.000928884		309.847		
00:00:05:299		6.83147e+06		100.068		35.7694		0.00554799		0.000928884		309.847		
00:00:05:099		6.83145e+06		100.066		35.79		0.0023489		0.000880003		309.847		
00:00:05:000		6.83144e+06		100.063		35.79		0.0023489		0.000880003		309.847		
00:00:04:900		6.83143e+06		100.063		35.8143		0.000583774		0.000831122		309.848		
00:00:04:900		6.83143e+06		100.063		35.8143		0.000583774		0.000831122		309.848		
00:00:04:700		6.83142e+06		100.06		35.8425		0		0.000782239		309.848		
00:00:04:700		6.83142e+06		100.06		35.8425		0		0.000782239		309.848		
00:00:04:500		6.8314e+06		100.057		35.8425		0		0.000782239		309.848		
00:00:04:400		6.8314e+06		100.057		35.8746		0		0.000733355		309.848		
00:00:04:400		6.8314e+06		100.057		35.8746		0		0.000733355		309.848		
00:00:04:299		6.83139e+06		100.057		35.8746		0		0.000733355		309.848		
00:00:04:200		6.83138e+06		100.055		35.9114		0		0.000684471		309.848		
00:00:03:950		6.83136e+06		100.052		35.9531		0		0.000635586		309.848		
00:00:03:950		6.83136e+06		100.052		35.9531		0		0.000635586		309.848		
00:00:03:750		6.83135e+06		100.048		35.9531		0		0.000635586		309.848		
00:00:03:750		6.83135e+06		100.048		35.9531		0		0.000635586		309.848		
00:00:03:649		6.83134e+06		100.048		36.0016		0		0.000586701		309.848		
00:00:03:450		6.83132e+06		100.05		36.054		0		0.000537814		309.848		
00:00:03:450		6.83132e+06		100.05		36.054		0		0.000537814		309.848		
00:00:03:350		6.83132e+06		100.05		36.054		0		0.000537814		309.848		
00:00:03:250		6.83132e+06		100.051		36.054		0		0.000537814		309.848		
00:00:03:149		6.83131e+06		100.051		36.1036		0		0.000488926		309.849		
00:00:03:049		6.8313e+06		100.051		36.1036		0		0.000488926		309.849		
00:00:02:950		6.83129e+06		100.053		36.1501		0		0.000440037		309.849		
00:00:02:850		6.83129e+06		100.053		36.1501		0		0.000440037		309.849		
00:00:02:750		6.83128e+06		100.055		36.1501		0		0.000440037		309.849		
00:00:02:649		6.83127e+06		100.055		36.1932		0		0.000391148		309.849		
00:00:02:549		6.83127e+06		100.055		36.1932		0		0.000391148		309.848		
00:00:02:500		6.83126e+06		100.056		36.1932		0		0.000391148		309.848		
00:00:02:350		6.83126e+06		100.056		36.2327		0		0.000342258		309.848		
00:00:02:250		6.83125e+06		100.058		36.2327		0		0.000342258		309.848		
00:00:02:149		6.83124e+06		100.058		36.2683		0		0.000293368		309.848		
00:00:02:049		6.83124e+06		100.058		36.2683		0		0.000293368		309.848		
00:00:01:949		6.83124e+06		100.06		36.2997		0		0.000244475		309.848		
00:00:01:750		6.83122e+06		100.061		36.2997		0		0.000244475		309.848		
00:00:01:649		6.83122e+06		100.061		36.3266		0		0.00019558		309.848		
00:00:01:649		6.83122e+06		100.061		36.3266		0		0.00019558		309.848		
00:00:01:550		6.83121e+06		100.061		36.3266		0		0.00019558		309.848		
00:00:01:449		6.83121e+06		100.063		36.3488		0		0.000146685		309.848		
00:00:01:350		6.83121e+06		100.063		36.3488		0		0.000146685		309.848		
00:00:01:250		6.8312e+06		100.065		36.3488		0		0.000146685		309.847		
00:00:01:149		6.8312e+06		100.065		36.3657		0		9.77906e-05		309.846		
00:00:01:050		6.83119e+06		100.065		36.3657		0		9.77906e-05		309.845		
00:00:00:900		6.83119e+06		100.066		36.3773		0		4.88958e-05		309.845		
00:00:00:800		6.83118e+06		100.066		36.3773		0		4.88958e-05		309.844		
00:00:00:699		6.83118e+06		100.068		36.3831		0		0		309.844		
00:00:00:599		6.83118e+06		100.068		36.3831		0		0		309.845		
00:00:00:500		6.83117e+06		100.069		36.3831		0		0		309.845		
00:00:00:400		6.83117e+06		100.069		36.3834		0		0		309.846		
00:00:00:299		6.83116e+06		100.069		36.3834		0		0		309.846		
00:00:00:200		6.83116e+06		100.069		36.3837		0		0		309.846		
00:00:00:100		6.83115e+06		100.069		36.3837		0		0		309.846		
00:00:00:000		6.83115e+06		100.069		36.3837		0		0		309.846		
00:00:00:000		6.83115e+06		100.069		36.3837		0		0		309.846		
00:00:00:000		6.83115e+06		100.069		36.3837		0		0		309.846		
00:00:00:000		6.83115e+06		100.069		36.3837		0		0		309.846		
00:00:00:000		6.83115e+06		100.069		36.3837		0		0		309.846		
00:00:00:000		6.83115e+06		100.069		36.3837		0		0		309.846		
00:00:00:000		6.83115e+06		100.069		36.3837		0		0		309.846		
