	time 		rcpppzr	rcp054rcp007mnzoyout	rcv501std0102fvol	fwfrcp001gv	rcppmssga	msfsg(1)	
00:01:02:000		1.52312e+07		-0.318492		5.13872		530.618		6.96803e+06		527.188		
00:01:02:000		1.52312e+07		-0.318492		5.13872		530.618		6.96803e+06		527.188		
00:01:01:899		1.52315e+07		-0.317694		5.13134		530.618		6.96803e+06		527.2		
00:01:01:799		1.52318e+07		-0.316895		5.12413		530.618		6.96803e+06		527.201		
00:01:01:700		1.52321e+07		-0.316096		5.11688		530.618		6.96803e+06		527.202		
00:01:01:600		1.52324e+07		-0.315298		5.10941		530.618		6.96803e+06		527.204		
00:01:01:500		1.52327e+07		-0.314498		5.10203		530.618		6.96803e+06		527.205		
00:01:01:350		1.52331e+07		-0.313298		5.09102		530.618		6.96804e+06		527.206		
00:01:01:250		1.52334e+07		-0.312498		5.08358		530.62		6.96804e+06		527.207		
00:01:01:200		1.52336e+07		-0.312098		5.0801		530.62		6.96804e+06		527.208		
00:01:01:100		1.52339e+07		-0.311297		5.07274		530.62		6.96804e+06		527.21		
00:01:01:000		1.52342e+07		-0.310496		5.06548		530.62		6.96804e+06		527.21		
00:01:00:899		1.52345e+07		-0.309694		5.05809		530.62		6.96804e+06		527.214		
00:01:00:750		1.52349e+07		-0.308492		5.04704		530.62		6.96804e+06		527.215		
00:01:00:649		1.52352e+07		-0.30769		5.03982		530.622		6.96804e+06		527.217		
00:01:00:549		1.52355e+07		-0.306887		5.03258		530.622		6.96804e+06		527.218		
00:01:00:450		1.52358e+07		-0.306084		5.0253		530.622		6.96804e+06		527.22		
00:01:00:450		1.52358e+07		-0.306084		5.0253		530.622		6.96804e+06		527.22		
00:01:00:350		1.52361e+07		-0.305281		5.01796		530.624		6.96804e+06		527.22		
00:01:00:250		1.52364e+07		-0.304478		5.01067		530.624		6.96804e+06		527.222		
00:01:00:049		1.5237e+07		-0.30287		4.99604		530.624		6.96804e+06		527.224		
00:01:00:049		1.5237e+07		-0.30287		4.99604		530.624		6.96804e+06		527.224		
00:01:00:000		1.52372e+07		-0.302468		4.99246		530.624		6.96804e+06		527.223		
00:00:59:899		1.52375e+07		-0.301663		4.98508		530.626		6.96804e+06		527.222		
00:00:59:700		1.52381e+07		-0.300054		4.97063		530.626		6.96804e+06		527.235		
00:00:59:700		1.52381e+07		-0.300054		4.97063		530.626		6.96804e+06		527.235		
00:00:59:600		1.52384e+07		-0.299248		4.96327		530.626		6.96804e+06		527.233		
00:00:59:399		1.5239e+07		-0.297637		4.94861		530.627		6.96804e+06		527.235		
00:00:59:399		1.5239e+07		-0.297637		4.94861		530.627		6.96804e+06		527.235		
00:00:59:299		1.52393e+07		-0.29683		4.9413		530.627		6.96804e+06		527.236		
00:00:59:100		1.52399e+07		-0.295217		4.92682		530.629		6.96804e+06		527.24		
00:00:59:100		1.52399e+07		-0.295217		4.92682		530.629		6.96804e+06		527.24		
00:00:59:000		1.52402e+07		-0.294409		4.91941		530.629		6.96804e+06		527.241		
00:00:58:899		1.52405e+07		-0.293602		4.91221		530.629		6.96804e+06		527.24		
00:00:58:799		1.52408e+07		-0.292794		4.90473		530.631		6.96804e+06		527.251		
00:00:58:700		1.52411e+07		-0.291985		4.89755		530.631		6.96804e+06		527.245		
00:00:58:600		1.52414e+07		-0.291177		4.89026		530.631		6.96804e+06		527.241		
00:00:58:399		1.5242e+07		-0.289559		4.87557		530.633		6.96804e+06		527.251		
00:00:58:399		1.5242e+07		-0.289559		4.87557		530.633		6.96804e+06		527.251		
00:00:58:299		1.52423e+07		-0.288749		4.86838		530.633		6.96804e+06		527.252		
00:00:58:100		1.52429e+07		-0.287129		4.85377		530.635		6.96804e+06		527.255		
00:00:58:100		1.52429e+07		-0.287129		4.85377		530.635		6.96804e+06		527.255		
00:00:58:000		1.52432e+07		-0.286319		4.84639		530.635		6.96804e+06		527.255		
00:00:57:899		1.52435e+07		-0.285508		4.83929		530.637		6.96804e+06		527.259		
00:00:57:799		1.52438e+07		-0.284697		4.83193		530.637		6.96804e+06		527.273		
00:00:57:700		1.52441e+07		-0.283885		4.82472		530.637		6.96804e+06		527.263		
00:00:57:600		1.52445e+07		-0.283074		4.81733		530.638		6.96804e+06		527.264		
00:00:57:500		1.52448e+07		-0.282262		4.81003		530.638		6.96804e+06		527.264		
00:00:57:399		1.52451e+07		-0.28145		4.80274		530.64		6.96803e+06		527.252		
00:00:57:299		1.52454e+07		-0.280637		4.79559		530.64		6.96803e+06		527.27		
00:00:57:049		1.52461e+07		-0.278604		4.77729		530.642		6.96803e+06		527.274		
00:00:57:049		1.52461e+07		-0.278604		4.77729		530.642		6.96803e+06		527.274		
00:00:56:950		1.52464e+07		-0.277791		4.7701		530.642		6.96803e+06		527.276		
00:00:56:850		1.52467e+07		-0.276977		4.76285		530.642		6.96803e+06		527.278		
00:00:56:799		1.52469e+07		-0.27657		4.75916		530.644		6.96803e+06		527.28		
00:00:56:700		1.52472e+07		-0.275755		4.75202		530.644		6.96803e+06		527.281		
00:00:56:549		1.52477e+07		-0.274533		4.74123		530.644		6.96803e+06		527.283		
00:00:56:450		1.5248e+07		-0.273718		4.73389		530.646		6.96803e+06		527.286		
00:00:56:350		1.52483e+07		-0.272903		4.72679		530.646		6.96803e+06		527.288		
00:00:56:250		1.52486e+07		-0.272087		4.71958		530.646		6.96803e+06		527.291		
00:00:56:049		1.52492e+07		-0.270455		4.70509		530.648		6.96803e+06		527.295		
00:00:56:049		1.52492e+07		-0.270455		4.70509		530.648		6.96803e+06		527.295		
00:00:55:950		1.52495e+07		-0.269638		4.69803		530.648		6.96802e+06		527.297		
00:00:55:850		1.52498e+07		-0.268821		4.69072		530.648		6.96802e+06		527.3		
00:00:55:750		1.52501e+07		-0.268004		4.68367		530.65		6.96802e+06		527.302		
00:00:55:649		1.52504e+07		-0.267187		4.6764		530.65		6.96802e+06		527.304		
00:00:55:549		1.52507e+07		-0.266369		4.66935		530.65		6.96802e+06		527.306		
00:00:55:450		1.5251e+07		-0.265551		4.66206		530.65		6.96802e+06		527.308		
00:00:55:350		1.52514e+07		-0.264733		4.65497		530.65		6.96802e+06		527.311		
00:00:55:149		1.5252e+07		-0.263095		4.64068		530.651		6.96802e+06		527.315		
00:00:55:049		1.52523e+07		-0.262276		4.63342		530.651		6.96802e+06		527.317		
00:00:55:049		1.52523e+07		-0.262276		4.63342		530.651		6.96802e+06		527.317		
00:00:55:000		1.52524e+07		-0.261867		4.62991		530.651		6.96802e+06		527.318		
00:00:54:899		1.52527e+07		-0.261047		4.62273		530.653		6.96801e+06		527.32		
00:00:54:750		1.52532e+07		-0.259818		4.61207		530.653		6.96801e+06		527.322		
00:00:54:649		1.52535e+07		-0.258998		4.60493		530.653		6.96801e+06		527.338		
00:00:54:549		1.52538e+07		-0.258178		4.5978		530.653		6.96801e+06		527.304		
00:00:54:450		1.52541e+07		-0.257358		4.59064		530.653		6.96801e+06		527.33		
00:00:54:350		1.52544e+07		-0.256537		4.58363		530.653		6.96801e+06		527.326		
00:00:54:250		1.52548e+07		-0.255716		4.57635		530.655		6.96801e+06		527.336		
00:00:54:149		1.52551e+07		-0.254894		4.56933		530.655		6.96801e+06		527.339		
00:00:54:049		1.52554e+07		-0.254073		4.56212		530.655		6.96801e+06		527.34		
00:00:53:950		1.52557e+07		-0.253251		4.55517		530.655		6.968e+06		527.342		
00:00:53:850		1.5256e+07		-0.252429		4.54793		530.655		6.968e+06		527.339		
00:00:53:750		1.52563e+07		-0.251606		4.54087		530.655		6.968e+06		527.348		
00:00:53:649		1.52566e+07		-0.250784		4.53383		530.655		6.968e+06		527.351		
00:00:53:549		1.52569e+07		-0.249961		4.52667		530.655		6.968e+06		527.353		
00:00:53:450		1.52572e+07		-0.249138		4.51962		530.655		6.968e+06		527.354		
00:00:53:350		1.52575e+07		-0.248314		4.51267		530.655		6.968e+06		527.363		
00:00:53:250		1.52579e+07		-0.247491		4.50537		530.655		6.968e+06		527.355		
00:00:53:049		1.52585e+07		-0.245843		4.49131		530.655		6.96799e+06		527.369		
00:00:53:049		1.52585e+07		-0.245843		4.49131		530.655		6.96799e+06		527.369		
00:00:52:950		1.52588e+07		-0.245019		4.48448		530.655		6.96799e+06		527.371		
00:00:52:850		1.52591e+07		-0.244195		4.47723		530.655		6.96799e+06		527.374		
00:00:52:750		1.52594e+07		-0.243371		4.47024		530.655		6.96799e+06		527.375		
00:00:52:649		1.52597e+07		-0.242547		4.46328		530.655		6.96799e+06		527.378		
00:00:52:500		1.52602e+07		-0.241309		4.45275		530.655		6.96799e+06		527.384		
00:00:52:450		1.52604e+07		-0.240897		4.44925		530.655		6.96799e+06		527.385		
00:00:52:350		1.52607e+07		-0.240072		4.44222		530.655		6.96798e+06		527.388		
00:00:52:149		1.52613e+07		-0.238421		4.42833		530.655		6.96798e+06		527.392		
00:00:52:049		1.52616e+07		-0.237596		4.42126		530.655		6.96798e+06		527.389		
00:00:52:049		1.52616e+07		-0.237596		4.42126		530.655		6.96798e+06		527.389		
00:00:51:950		1.52619e+07		-0.23677		4.41447		530.655		6.96798e+06		527.399		
00:00:51:850		1.52622e+07		-0.235944		4.4073		530.655		6.96798e+06		527.4		
00:00:51:700		1.52627e+07		-0.234705		4.39684		530.655		6.96798e+06		527.42		
00:00:51:600		1.5263e+07		-0.233879		4.39		530.655		6.96798e+06		527.398		
00:00:51:500		1.52633e+07		-0.233879		4.39		530.655		6.96798e+06		527.398		
00:00:51:500		1.52633e+07		-0.233053		4.38299		530.655		6.96797e+06		527.412		
00:00:51:299		1.5264e+07		-0.2314		4.36909		530.653		6.96797e+06		527.416		
00:00:51:299		1.5264e+07		-0.2314		4.36909		530.653		6.96797e+06		527.416		
00:00:51:149		1.52644e+07		-0.230159		4.35893		530.653		6.96797e+06		527.422		
00:00:51:000		1.52649e+07		-0.228919		4.34871		530.653		6.96797e+06		527.425		
00:00:50:899		1.52652e+07		-0.228091		4.34183		530.653		6.96797e+06		527.427		
00:00:50:899		1.52652e+07		-0.228091		4.34183		530.653		6.96797e+06		527.427		
00:00:50:799		1.52655e+07		-0.227263		4.33517		530.653		6.96797e+06		527.424		
00:00:50:700		1.52658e+07		-0.226435		4.32824		530.651		6.96796e+06		527.433		
00:00:50:600		1.52662e+07		-0.225607		4.32159		530.651		6.96796e+06		527.436		
00:00:50:450		1.52666e+07		-0.224365		4.31141		530.651		6.96796e+06		527.439		
00:00:50:350		1.52671e+07		-0.223122		4.30119		530.651		6.96796e+06		527.437		
00:00:50:200		1.52674e+07		-0.222294		4.29435		530.651		6.96796e+06		527.447		
00:00:50:100		1.52677e+07		-0.221466		4.28771		530.65		6.96796e+06		527.45		
00:00:50:100		1.52677e+07		-0.221466		4.28771		530.65		6.96796e+06		527.45		
00:00:50:000		1.5268e+07		-0.220638		4.28088		530.65		6.96796e+06		527.453		
00:00:49:799		1.52686e+07		-0.218982		4.2674		530.65		6.96795e+06		527.467		
00:00:49:799		1.52686e+07		-0.218982		4.2674		530.65		6.96795e+06		527.467		
00:00:49:700		1.5269e+07		-0.218153		4.26078		530.648		6.96795e+06		527.461		
00:00:49:600		1.52693e+07		-0.217326		4.25403		530.648		6.96795e+06		527.464		
00:00:49:500		1.52696e+07		-0.216498		4.24733		530.648		6.96795e+06		527.466		
00:00:49:299		1.52702e+07		-0.214843		4.23396		530.648		6.96795e+06		527.471		
00:00:49:299		1.52702e+07		-0.214843		4.23396		530.648		6.96795e+06		527.471		
00:00:49:100		1.52708e+07		-0.213188		4.22064		530.646		6.96794e+06		527.476		
00:00:49:100		1.52708e+07		-0.213188		4.22064		530.646		6.96794e+06		527.476		
00:00:49:000		1.52711e+07		-0.212361		4.21398		530.646		6.96794e+06		527.478		
00:00:48:899		1.52715e+07		-0.211534		4.2073		530.644		6.96794e+06		527.481		
00:00:48:799		1.52718e+07		-0.210707		4.2008		530.642		6.96794e+06		527.482		
00:00:48:700		1.52721e+07		-0.20988		4.19416		530.642		6.96794e+06		527.483		
00:00:48:600		1.52724e+07		-0.209054		4.18753		530.642		6.96794e+06		527.496		
00:00:48:500		1.52727e+07		-0.208228		4.1809		530.64		6.96794e+06		527.494		
00:00:48:399		1.5273e+07		-0.207401		4.17432		530.64		6.96793e+06		527.497		
00:00:48:299		1.52733e+07		-0.206575		4.16777		530.638		6.96793e+06		527.498		
00:00:48:200		1.52736e+07		-0.20575		4.16109		530.638		6.96793e+06		527.501		
00:00:48:100		1.5274e+07		-0.204924		4.15464		530.638		6.96793e+06		527.503		
00:00:48:000		1.52743e+07		-0.204099		4.14802		530.637		6.96793e+06		527.506		
00:00:47:899		1.52746e+07		-0.203274		4.14162		530.637		6.96793e+06		527.502		
00:00:47:799		1.52749e+07		-0.202449		4.13504		530.637		6.96793e+06		527.507		
00:00:47:649		1.52754e+07		-0.201213		4.12519		530.635		6.96793e+06		527.524		
00:00:47:549		1.52757e+07		-0.200389		4.11877		530.635		6.96792e+06		527.519		
00:00:47:500		1.52758e+07		-0.199977		4.1155		530.635		6.96792e+06		527.52		
00:00:47:350		1.52763e+07		-0.198742		4.10575		530.633		6.96792e+06		527.524		
00:00:47:250		1.52766e+07		-0.197919		4.09941		530.631		6.96792e+06		527.527		
00:00:47:049		1.52772e+07		-0.196275		4.08651		530.629		6.96792e+06		527.533		
00:00:47:049		1.52772e+07		-0.196275		4.08651		530.629		6.96792e+06		527.533		
00:00:46:950		1.52776e+07		-0.195453		4.0801		530.629		6.96792e+06		527.534		
00:00:46:850		1.52779e+07		-0.194632		4.07362		530.627		6.96792e+06		527.537		
00:00:46:750		1.52782e+07		-0.193811		4.06726		530.627		6.96791e+06		527.54		
00:00:46:649		1.52785e+07		-0.192991		4.06081		530.626		6.96791e+06		527.543		
00:00:46:549		1.52788e+07		-0.192171		4.05447		530.626		6.96791e+06		527.545		
00:00:46:450		1.52791e+07		-0.191351		4.04804		530.624		6.96791e+06		527.548		
00:00:46:350		1.52794e+07		-0.190532		4.04166		530.624		6.96791e+06		527.55		
00:00:46:250		1.52798e+07		-0.189714		4.03536		530.622		6.96791e+06		527.552		
00:00:46:049		1.52804e+07		-0.188078		4.02264		530.622		6.96791e+06		527.557		
00:00:46:049		1.52804e+07		-0.188078		4.02264		530.622		6.96791e+06		527.557		
00:00:45:950		1.52807e+07		-0.187262		4.01633		530.62		6.9679e+06		527.559		
00:00:45:850		1.5281e+07		-0.186445		4.01011		530.618		6.9679e+06		527.562		
00:00:45:750		1.52813e+07		-0.18563		4.00369		530.618		6.9679e+06		527.563		
00:00:45:649		1.52816e+07		-0.184815		3.99745		530.618		6.9679e+06		527.566		
00:00:45:549		1.52819e+07		-0.184001		3.99113		530.616		6.9679e+06		527.562		
00:00:45:500		1.52823e+07		-0.183187		3.98503		530.615		6.9679e+06		527.573		
00:00:45:350		1.52826e+07		-0.182374		3.97872		530.615		6.9679e+06		527.574		
00:00:45:250		1.52829e+07		-0.181562		3.97239		530.613		6.9679e+06		527.576		
00:00:45:149		1.52832e+07		-0.18075		3.96635		530.613		6.96789e+06		527.579		
00:00:45:049		1.52835e+07		-0.179939		3.96008		530.611		6.96789e+06		527.582		
00:00:44:950		1.52838e+07		-0.179129		3.95383		530.611		6.96789e+06		527.584		
00:00:44:850		1.52841e+07		-0.178319		3.9478		530.609		6.96789e+06		527.586		
00:00:44:750		1.52844e+07		-0.177511		3.94154		530.607		6.96789e+06		527.587		
00:00:44:649		1.52848e+07		-0.176702		3.93537		530.607		6.96789e+06		527.588		
00:00:44:549		1.52851e+07		-0.175896		3.92935		530.605		6.96789e+06		527.589		
00:00:44:450		1.52854e+07		-0.17509		3.92329		530.605		6.96789e+06		527.592		
00:00:44:350		1.52857e+07		-0.174285		3.91705		530.604		6.96788e+06		527.587		
00:00:44:250		1.5286e+07		-0.173481		3.91104		530.602		6.96788e+06		527.602		
00:00:44:100		1.52865e+07		-0.172276		3.902		530.6		6.96788e+06		527.596		
00:00:44:049		1.52866e+07		-0.171875		3.89886		530.6		6.96788e+06		527.604		
00:00:43:950		1.52869e+07		-0.171074		3.89296		530.598		6.96788e+06		527.607		
00:00:43:850		1.52872e+07		-0.170273		3.88703		530.596		6.96788e+06		527.608		
00:00:43:750		1.52876e+07		-0.169473		3.88088		530.594		6.96788e+06		527.604		
00:00:43:649		1.52879e+07		-0.168674		3.875		530.593		6.96787e+06		527.615		
00:00:43:549		1.52882e+07		-0.167876		3.86902		530.593		6.96787e+06		527.617		
00:00:43:450		1.52885e+07		-0.167079		3.86314		530.591		6.96787e+06		527.618		
00:00:43:299		1.52889e+07		-0.165886		3.85423		530.589		6.96787e+06		527.622		
00:00:43:149		1.52894e+07		-0.164694		3.84535		530.587		6.96787e+06		527.625		
00:00:43:000		1.52899e+07		-0.163505		3.83648		530.585		6.96787e+06		527.628		
00:00:43:000		1.52899e+07		-0.163505		3.83648		530.585		6.96787e+06		527.628		
00:00:42:899		1.52902e+07		-0.162714		3.83049		530.583		6.96786e+06		527.633		
00:00:42:899		1.52902e+07		-0.162714		3.83049		530.583		6.96786e+06		527.633		
00:00:42:799		1.52905e+07		-0.161923		3.8247		530.581		6.96786e+06		527.641		
00:00:42:700		1.52908e+07		-0.161134		3.81893		530.58		6.96786e+06		527.625		
00:00:42:600		1.52911e+07		-0.160345		3.81297		530.58		6.96786e+06		527.645		
00:00:42:500		1.52914e+07		-0.159557		3.80715		530.578		6.96786e+06		527.64		
00:00:42:399		1.52917e+07		-0.158772		3.8014		530.576		6.96786e+06		527.642		
00:00:42:299		1.5292e+07		-0.157986		3.79554		530.576		6.96786e+06		527.643		
00:00:42:200		1.52923e+07		-0.157202		3.78981		530.574		6.96785e+06		527.645		
00:00:42:100		1.52927e+07		-0.156419		3.78404		530.572		6.96785e+06		527.645		
00:00:42:000		1.5293e+07		-0.155637		3.77845		530.57		6.96785e+06		527.648		
00:00:41:899		1.52933e+07		-0.154857		3.7726		530.569		6.96785e+06		527.653		
00:00:41:799		1.52936e+07		-0.154077		3.76688		530.569		6.96785e+06		527.655		
00:00:41:700		1.52939e+07		-0.153299		3.76121		530.567		6.96785e+06		527.657		
00:00:41:600		1.52942e+07		-0.152522		3.75554		530.565		6.96785e+06		527.658		
00:00:41:500		1.52945e+07		-0.151746		3.74995		530.563		6.96784e+06		527.659		
00:00:41:399		1.5295e+07		-0.150584		3.7414		530.559		6.96784e+06		527.657		
00:00:41:250		1.52953e+07		-0.149811		3.73584		530.559		6.96784e+06		527.667		
00:00:41:049		1.52959e+07		-0.148269		3.72458		530.556		6.96784e+06		527.67		
00:00:41:049		1.52959e+07		-0.148269		3.72458		530.556		6.96784e+06		527.67		
00:00:40:950		1.52962e+07		-0.1475		3.71916		530.554		6.96784e+06		527.672		
00:00:40:850		1.52965e+07		-0.146731		3.71352		530.552		6.96784e+06		527.674		
00:00:40:750		1.52968e+07		-0.145964		3.7079		530.55		6.96783e+06		527.676		
00:00:40:700		1.52969e+07		-0.145582		3.70523		530.55		6.96783e+06		527.677		
00:00:40:600		1.52972e+07		-0.144817		3.69969		530.548		6.96783e+06		527.679		
00:00:40:500		1.52977e+07		-0.143672		3.69149		530.547		6.96783e+06		527.681		
00:00:40:350		1.5298e+07		-0.14291		3.68614		530.543		6.96783e+06		527.684		
00:00:40:250		1.52983e+07		-0.142149		3.6807		530.541		6.96783e+06		527.685		
00:00:40:049		1.52989e+07		-0.140631		3.66993		530.539		6.96782e+06		527.69		
00:00:40:049		1.52989e+07		-0.140631		3.66993		530.539		6.96782e+06		527.69		
00:00:39:950		1.52992e+07		-0.139874		3.66436		530.537		6.96782e+06		527.691		
00:00:39:850		1.52995e+07		-0.139119		3.65906		530.536		6.96782e+06		527.694		
00:00:39:750		1.52998e+07		-0.138364		3.65361		530.534		6.96782e+06		527.695		
00:00:39:649		1.53001e+07		-0.137611		3.64832		530.532		6.96782e+06		527.697		
00:00:39:549		1.53004e+07		-0.136859		3.64316		530.53		6.96782e+06		527.699		
00:00:39:450		1.53007e+07		-0.136108		3.63764		530.528		6.96781e+06		527.701		
00:00:39:350		1.5301e+07		-0.135358		3.6324		530.526		6.96781e+06		527.703		
00:00:39:200		1.53015e+07		-0.134235		3.62465		530.524		6.96781e+06		527.705		
00:00:39:149		1.53016e+07		-0.133862		3.62184		530.523		6.96781e+06		527.706		
00:00:39:049		1.53019e+07		-0.133115		3.61669		530.521		6.96781e+06		527.708		
00:00:38:950		1.53022e+07		-0.13237		3.6114		530.519		6.96781e+06		527.71		
00:00:38:850		1.53025e+07		-0.131625		3.60627		530.517		6.96781e+06		527.698		
00:00:38:750		1.53028e+07		-0.130882		3.6011		530.515		6.9678e+06		527.721		
00:00:38:600		1.53033e+07		-0.129769		3.59334		530.513		6.9678e+06		527.716		
00:00:38:500		1.53036e+07		-0.129029		3.58819		530.512		6.9678e+06		527.718		
00:00:38:399		1.53039e+07		-0.128289		3.58317		530.508		6.9678e+06		527.718		
00:00:38:399		1.53039e+07		-0.128289		3.58317		530.508		6.9678e+06		527.718		
00:00:38:149		1.53046e+07		-0.126444		3.57023		530.504		6.96779e+06		527.724		
00:00:38:149		1.53046e+07		-0.126444		3.57023		530.504		6.96779e+06		527.724		
00:00:38:049		1.53049e+07		-0.125708		3.56537		530.502		6.96779e+06		527.726		
00:00:37:950		1.53052e+07		-0.124972		3.56021		530.501		6.96779e+06		527.727		
00:00:37:850		1.53055e+07		-0.124238		3.55519		530.499		6.96779e+06		527.729		
00:00:37:750		1.53058e+07		-0.123504		3.5501		530.495		6.96779e+06		527.731		
00:00:37:600		1.53062e+07		-0.122405		3.54261		530.493		6.96778e+06		527.733		
00:00:37:500		1.53065e+07		-0.121673		3.5377		530.491		6.96778e+06		527.734		
00:00:37:399		1.53068e+07		-0.120942		3.53272		530.49		6.96778e+06		527.736		
00:00:37:399		1.53068e+07		-0.120942		3.53272		530.49		6.96778e+06		527.736		
00:00:37:299		1.53071e+07		-0.120211		3.52763		530.488		6.96778e+06		527.737		
00:00:37:100		1.53077e+07		-0.118752		3.51774		530.484		6.96778e+06		527.739		
00:00:37:000		1.5308e+07		-0.118022		3.51296		530.48		6.96777e+06		527.74		
00:00:37:000		1.5308e+07		-0.118022		3.51296		530.48		6.96777e+06		527.74		
00:00:36:899		1.53083e+07		-0.117294		3.50796		530.479		6.96777e+06		527.736		
00:00:36:799		1.53086e+07		-0.116566		3.50305		530.477		6.96777e+06		527.744		
00:00:36:700		1.53089e+07		-0.115839		3.49807		530.475		6.96777e+06		527.745		
00:00:36:500		1.53095e+07		-0.114384		3.48857		530.471		6.96776e+06		527.747		
00:00:36:500		1.53095e+07		-0.114384		3.48857		530.471		6.96776e+06		527.747		
00:00:36:399		1.53098e+07		-0.113657		3.48375		530.469		6.96776e+06		527.741		
00:00:36:299		1.53101e+07		-0.11293		3.47882		530.466		6.96776e+06		527.749		
00:00:36:100		1.53106e+07		-0.111476		3.46935		530.462		6.96776e+06		527.747		
00:00:36:100		1.53106e+07		-0.111476		3.46935		530.462		6.96776e+06		527.747		
00:00:36:000		1.53109e+07		-0.11075		3.46447		530.46		6.96776e+06		527.755		
00:00:35:899		1.53112e+07		-0.110023		3.45974		530.458		6.96775e+06		527.757		
00:00:35:799		1.53115e+07		-0.109295		3.45487		530.456		6.96775e+06		527.747		
00:00:35:700		1.53118e+07		-0.108568		3.45023		530.455		6.96775e+06		527.757		
00:00:35:600		1.53121e+07		-0.10784		3.44547		530.451		6.96775e+06		527.757		
00:00:35:500		1.53124e+07		-0.107111		3.44082		530.449		6.96775e+06		527.758		
00:00:35:399		1.53127e+07		-0.106382		3.43595		530.447		6.96774e+06		527.763		
00:00:35:299		1.5313e+07		-0.105653		3.43118		530.445		6.96774e+06		527.764		
00:00:35:100		1.53135e+07		-0.104192		3.422		530.442		6.96774e+06		527.766		
00:00:35:100		1.53135e+07		-0.104192		3.422		530.442		6.96774e+06		527.766		
00:00:35:000		1.53138e+07		-0.10346		3.41736		530.44		6.96774e+06		527.766		
00:00:34:899		1.53141e+07		-0.102727		3.41261		530.436		6.96773e+06		527.766		
00:00:34:799		1.53144e+07		-0.101994		3.40803		530.434		6.96773e+06		527.761		
00:00:34:649		1.53148e+07		-0.100891		3.40104		530.431		6.96773e+06		527.76		
00:00:34:549		1.53151e+07		-0.100154		3.39636		530.429		6.96773e+06		527.771		
00:00:34:500		1.53153e+07		-0.0997853		3.39398		530.429		6.96773e+06		527.771		
00:00:34:399		1.53156e+07		-0.0990467		3.38949		530.425		6.96772e+06		527.772		
00:00:34:250		1.5316e+07		-0.0979357		3.38264		530.422		6.96772e+06		527.773		
00:00:34:149		1.53163e+07		-0.0971932		3.37803		530.42		6.96772e+06		527.773		
00:00:34:049		1.53166e+07		-0.0964489		3.37342		530.418		6.96772e+06		527.767		
00:00:33:950		1.53169e+07		-0.0957022		3.36884		530.416		6.96771e+06		527.776		
00:00:33:850		1.53172e+07		-0.0949545		3.36421		530.414		6.96771e+06		527.776		
00:00:33:750		1.53175e+07		-0.0942039		3.35968		530.41		6.96771e+06		527.776		
00:00:33:649		1.53178e+07		-0.093452		3.35508		530.409		6.96771e+06		527.779		
00:00:33:549		1.5318e+07		-0.0926976		3.35048		530.407		6.96771e+06		527.779		
00:00:33:450		1.53183e+07		-0.0919409		3.34586		530.405		6.9677e+06		527.78		
00:00:33:350		1.53186e+07		-0.0911818		3.34131		530.401		6.9677e+06		527.779		
00:00:33:250		1.53189e+07		-0.0904202		3.33674		530.399		6.9677e+06		527.78		
00:00:33:200		1.53191e+07		-0.0900383		3.33435		530.398		6.9677e+06		527.775		
00:00:33:049		1.53195e+07		-0.0888886		3.32757		530.396		6.96769e+06		527.784		
00:00:32:950		1.53198e+07		-0.0881186		3.32304		530.392		6.96769e+06		527.784		
00:00:32:850		1.53201e+07		-0.0873456		3.31844		530.39		6.96769e+06		527.788		
00:00:32:750		1.53204e+07		-0.0865698		3.3139		530.388		6.96769e+06		527.775		
00:00:32:649		1.53207e+07		-0.0857911		3.30932		530.385		6.96769e+06		527.786		
00:00:32:549		1.5321e+07		-0.0850086		3.30469		530.383		6.96768e+06		527.786		
00:00:32:450		1.53213e+07		-0.0842233		3.30017		530.381		6.96768e+06		527.787		
00:00:32:350		1.53216e+07		-0.0834346		3.29561		530.379		6.96768e+06		527.786		
00:00:32:250		1.53219e+07		-0.0826411		3.29114		530.377		6.96768e+06		527.781		
00:00:32:149		1.53222e+07		-0.0818453		3.28649		530.374		6.96767e+06		527.789		
00:00:32:049		1.53225e+07		-0.0810452		3.28189		530.372		6.96767e+06		527.79		
00:00:31:949		1.53228e+07		-0.0802412		3.27737		530.37		6.96767e+06		527.789		
00:00:31:850		1.53231e+07		-0.079433		3.27274		530.366		6.96767e+06		527.789		
00:00:31:750		1.53234e+07		-0.0786209		3.26811		530.365		6.96767e+06		527.784		
00:00:31:649		1.53237e+07		-0.0778046		3.26361		530.363		6.96766e+06		527.793		
00:00:31:550		1.5324e+07		-0.0769839		3.25901		530.361		6.96766e+06		527.792		
00:00:31:449		1.53243e+07		-0.076159		3.25439		530.357		6.96766e+06		527.792		
00:00:31:350		1.53246e+07		-0.0753288		3.24981		530.355		6.96766e+06		527.793		
00:00:31:250		1.53249e+07		-0.0744953		3.24518		530.353		6.96765e+06		527.792		
00:00:31:149		1.53252e+07		-0.0736556		3.24047		530.35		6.96765e+06		527.787		
00:00:31:050		1.53255e+07		-0.0728121		3.23601		530.348		6.96765e+06		527.794		
00:00:30:949		1.53259e+07		-0.0719633		3.23141		530.346		6.96765e+06		527.795		
00:00:30:850		1.53262e+07		-0.0711098		3.22667		530.342		6.96764e+06		527.794		
00:00:30:750		1.53265e+07		-0.070251		3.22217		530.341		6.96764e+06		527.794		
00:00:30:649		1.53268e+07		-0.0693874		3.21724		530.339		6.96764e+06		527.793		
00:00:30:550		1.53271e+07		-0.0685186		3.2127		530.335		6.96764e+06		527.796		
00:00:30:449		1.53274e+07		-0.0676441		3.20851		530.333		6.96763e+06		527.787		
00:00:30:350		1.53278e+07		-0.0667634		3.2039		530.331		6.96763e+06		527.797		
00:00:30:100		1.53286e+07		-0.064539		3.19138		530.326		6.96763e+06		527.795		
00:00:30:000		1.53289e+07		-0.0636396		3.18726		530.322		6.96762e+06		527.794		
00:00:30:000		1.53289e+07		-0.0636396		3.18726		530.322		6.96762e+06		527.794		
00:00:30:000		1.53289e+07		-0.0636396		3.18726		530.322		6.96762e+06		527.794		
00:00:29:899		1.53292e+07		-0.0627351		3.1835		530.32		6.96762e+06		527.781		
00:00:29:800		1.53295e+07		-0.0618267		3.1786		530.318		6.96762e+06		527.795		
00:00:29:699		1.53299e+07		-0.0609136		3.17237		530.315		6.96762e+06		527.797		
00:00:29:600		1.53302e+07		-0.0599952		3.16611		530.313		6.96761e+06		527.8		
00:00:29:500		1.53305e+07		-0.059073		3.16353		530.311		6.96761e+06		527.787		
00:00:29:399		1.53309e+07		-0.0581455		3.16204		530.307		6.96761e+06		527.797		
00:00:29:300		1.53312e+07		-0.0572128		3.16053		530.306		6.96761e+06		527.795		
00:00:29:100		1.53319e+07		-0.0553327		3.15745		530.3		6.9676e+06		527.805		
00:00:29:000		1.53322e+07		-0.0543852		3.15584		530.298		6.9676e+06		527.798		
00:00:28:899		1.53326e+07		-0.0534315		3.15433		530.295		6.9676e+06		527.797		
00:00:28:899		1.53326e+07		-0.0534315		3.15433		530.295		6.9676e+06		527.797		
00:00:28:800		1.53329e+07		-0.0524726		3.15276		530.293		6.96759e+06		527.796		
00:00:28:699		1.53332e+07		-0.0515075		3.15119		530.291		6.96759e+06		527.796		
00:00:28:600		1.53336e+07		-0.0505366		3.14966		530.287		6.96759e+06		527.79		
00:00:28:500		1.53339e+07		-0.0495596		3.14809		530.285		6.96758e+06		527.796		
00:00:28:399		1.53343e+07		-0.0485764		3.1466		530.284		6.96758e+06		527.796		
00:00:28:300		1.53346e+07		-0.0475864		3.14496		530.28		6.96758e+06		527.789		
00:00:28:100		1.53353e+07		-0.045588		3.14186		530.274		6.96757e+06		527.795		
00:00:28:100		1.53353e+07		-0.045588		3.14186		530.274		6.96757e+06		527.795		
00:00:28:000		1.53357e+07		-0.0445795		3.14044		530.273		6.96757e+06		527.801		
00:00:27:899		1.5336e+07		-0.0435634		3.13887		530.271		6.96757e+06		527.787		
00:00:27:800		1.53364e+07		-0.0425406		3.13712		530.267		6.96757e+06		527.797		
00:00:27:649		1.53369e+07		-0.0409937		3.13492		530.263		6.96756e+06		527.795		
00:00:27:550		1.53373e+07		-0.0399528		3.13332		530.26		6.96756e+06		527.8		
00:00:27:500		1.53374e+07		-0.0394297		3.13245		530.258		6.96756e+06		527.801		
00:00:27:350		1.5338e+07		-0.037848		3.13001		530.256		6.96755e+06		527.796		
00:00:27:250		1.53383e+07		-0.0367827		3.12844		530.252		6.96755e+06		527.796		
00:00:27:149		1.53387e+07		-0.0357089		3.12679		530.252		6.96755e+06		527.793		
00:00:27:050		1.5339e+07		-0.034626		3.12522		530.249		6.96755e+06		527.801		
00:00:26:949		1.53394e+07		-0.0335336		3.12356		530.245		6.96754e+06		527.797		
00:00:26:850		1.53398e+07		-0.0324321		3.12197		530.243		6.96754e+06		527.797		
00:00:26:750		1.53401e+07		-0.031321		3.12039		530.239		6.96754e+06		527.795		
00:00:26:649		1.53405e+07		-0.0302024		3.1188		530.238		6.96754e+06		527.794		
00:00:26:550		1.53409e+07		-0.0290756		3.11715		530.236		6.96753e+06		527.796		
00:00:26:449		1.53412e+07		-0.0279417		3.11555		530.232		6.96753e+06		527.796		
00:00:26:350		1.53416e+07		-0.0268011		3.11388		530.23		6.96753e+06		527.794		
00:00:26:250		1.53419e+07		-0.0256524		3.11251		530.227		6.96753e+06		527.796		
00:00:26:149		1.53422e+07		-0.0246201		3.11102		530.225		6.96752e+06		527.797		
00:00:26:050		1.53427e+07		-0.0237756		3.10973		530.223		6.96752e+06		527.796		
00:00:25:949		1.53431e+07		-0.0229311		3.10845		530.219		6.96752e+06		527.796		
00:00:25:850		1.53436e+07		-0.0220871		3.10707		530.216		6.96751e+06		527.796		
00:00:25:750		1.5344e+07		-0.0212426		3.10572		530.214		6.96751e+06		527.794		
00:00:25:649		1.53445e+07		-0.0203986		3.10428		530.212		6.96751e+06		527.788		
00:00:25:550		1.53449e+07		-0.0195551		3.10302		530.208		6.96751e+06		527.794		
00:00:25:449		1.53454e+07		-0.0187111		3.10163		530.206		6.9675e+06		527.788		
00:00:25:350		1.53459e+07		-0.0178676		3.10029		530.203		6.9675e+06		527.808		
00:00:25:250		1.53463e+07		-0.0170245		3.09901		530.199		6.9675e+06		527.796		
00:00:25:149		1.53468e+07		-0.016181		3.09767		530.197		6.96749e+06		527.794		
00:00:25:050		1.53472e+07		-0.0153379		3.09625		530.195		6.96749e+06		527.794		
00:00:24:949		1.53479e+07		-0.0140734		3.09419		530.192		6.96749e+06		527.794		
00:00:24:800		1.53484e+07		-0.0132303		3.09298		530.19		6.96748e+06		527.792		
00:00:24:699		1.53488e+07		-0.0123878		3.0916		530.188		6.96748e+06		527.79		
00:00:24:600		1.53488e+07		-0.0123878		3.0916		530.188		6.96748e+06		527.79		
00:00:24:500		1.53497e+07		-0.0107036		3.08885		530.181		6.96747e+06		527.791		
00:00:24:500		1.53497e+07		-0.0107036		3.08885		530.181		6.96747e+06		527.791		
00:00:24:300		1.53506e+07		-0.00901937		3.08628		530.177		6.96747e+06		527.79		
00:00:24:300		1.53506e+07		-0.00901937		3.08628		530.177		6.96747e+06		527.79		
00:00:24:100		1.53515e+07		-0.00733614		3.08359		530.171		6.96746e+06		527.79		
00:00:24:000		1.5352e+07		-0.006495		3.08227		530.169		6.96746e+06		527.79		
00:00:24:000		1.5352e+07		-0.006495		3.08227		530.169		6.96746e+06		527.79		
00:00:23:899		1.53524e+07		-0.00565386		3.08094		530.168		6.96745e+06		527.788		
00:00:23:800		1.53529e+07		-0.00481272		3.07967		530.164		6.96745e+06		527.786		
00:00:23:699		1.53533e+07		-0.00397158		3.07841		530.162		6.96744e+06		527.779		
00:00:23:600		1.53538e+07		-0.00313139		3.0771		530.159		6.96744e+06		527.781		
00:00:23:500		1.53542e+07		-0.00229073		3.07578		530.157		6.96744e+06		527.799		
00:00:23:399		1.53547e+07		-0.00145054		3.07451		530.155		6.96743e+06		527.786		
00:00:23:100		1.5356e+07		0.00106907		3.07065		530.146		6.96742e+06		527.784		
00:00:23:100		1.5356e+07		0.00106907		3.07065		530.146		6.96742e+06		527.784		
00:00:23:000		1.53565e+07		0.00190878		3.06937		530.144		6.96742e+06		527.783		
00:00:23:000		1.53565e+07		0.00190878		3.06937		530.144		6.96742e+06		527.783		
00:00:22:899		1.53569e+07		0.00274801		3.06794		530.142		6.96741e+06		527.783		
00:00:22:800		1.53574e+07		0.00358725		3.06662		530.14		6.96741e+06		527.781		
00:00:22:600		1.53583e+07		0.00526476		3.06397		530.135		6.9674e+06		527.78		
00:00:22:600		1.53583e+07		0.00526476		3.06397		530.135		6.9674e+06		527.78		
00:00:22:500		1.53587e+07		0.00610304		3.06279		530.133		6.9674e+06		527.778		
00:00:22:399		1.53592e+07		0.00694084		3.0614		530.131		6.96739e+06		527.778		
00:00:22:300		1.53596e+07		0.00777912		3.06011		530.129		6.96739e+06		527.777		
00:00:22:100		1.53605e+07		0.0094533		3.05758		530.124		6.96738e+06		527.775		
00:00:21:949		1.53612e+07		0.0107088		3.05581		530.12		6.96737e+06		527.772		
00:00:21:949		1.53612e+07		0.0107088		3.05581		530.12		6.96737e+06		527.772		
00:00:21:850		1.53617e+07		0.0115452		3.05466		530.116		6.96737e+06		527.77		
00:00:21:750		1.53621e+07		0.0123811		3.05324		530.114		6.96736e+06		527.761		
00:00:21:649		1.53626e+07		0.0132165		3.05191		530.111		6.96736e+06		527.762		
00:00:21:600		1.53628e+07		0.0136347		3.05116		530.109		6.96735e+06		527.769		
00:00:21:449		1.53634e+07		0.0148873		3.04929		530.105		6.96735e+06		527.767		
00:00:21:350		1.53639e+07		0.0157223		3.04818		530.101		6.96734e+06		527.77		
00:00:21:250		1.53643e+07		0.0165567		3.04679		530.1		6.96734e+06		527.765		
00:00:21:149		1.53648e+07		0.0173907		3.04552		530.096		6.96733e+06		527.759		
00:00:21:050		1.53652e+07		0.0182247		3.04423		530.094		6.96733e+06		527.764		
00:00:20:949		1.53657e+07		0.0190582		3.0431		530.09		6.96732e+06		527.762		
00:00:20:850		1.53661e+07		0.0198913		3.04192		530.089		6.96732e+06		527.762		
00:00:20:750		1.53666e+07		0.0207238		3.04056		530.085		6.96731e+06		527.761		
00:00:20:649		1.5367e+07		0.0215564		3.0393		530.081		6.9673e+06		527.759		
00:00:20:550		1.53675e+07		0.0223885		3.03812		530.079		6.9673e+06		527.758		
00:00:20:449		1.53679e+07		0.0232205		3.03695		530.076		6.96729e+06		527.756		
00:00:20:350		1.53684e+07		0.0240512		3.03565		530.074		6.96729e+06		527.756		
00:00:20:250		1.53688e+07		0.0248828		3.0343		530.07		6.96728e+06		527.754		
00:00:20:149		1.53693e+07		0.025713		3.0331		530.066		6.96728e+06		527.753		
00:00:20:050		1.53697e+07		0.0265436		3.03188		530.065		6.96727e+06		527.75		
00:00:19:949		1.53702e+07		0.0273728		3.03077		530.061		6.96726e+06		527.751		
00:00:19:850		1.53706e+07		0.0282021		3.02939		530.057		6.96726e+06		527.749		
00:00:19:750		1.53711e+07		0.0290318		3.0282		530.055		6.96725e+06		527.749		
00:00:19:649		1.53715e+07		0.02986		3.02698		530.052		6.96725e+06		527.748		
00:00:19:550		1.5372e+07		0.0306883		3.02573		530.05		6.96724e+06		527.746		
00:00:19:449		1.53724e+07		0.0315161		3.02462		530.048		6.96723e+06		527.746		
00:00:19:350		1.53729e+07		0.0323434		3.02343		530.046		6.96723e+06		527.744		
00:00:19:250		1.53733e+07		0.0331702		3.02228		530.043		6.96722e+06		527.743		
00:00:19:149		1.53738e+07		0.0339966		3.02097		530.039		6.96722e+06		527.742		
00:00:19:050		1.53742e+07		0.034822		3.0197		530.037		6.96721e+06		527.74		
00:00:18:949		1.53747e+07		0.0356479		3.01855		530.033		6.9672e+06		527.739		
00:00:18:850		1.53751e+07		0.0364728		3.01744		530.031		6.9672e+06		527.738		
00:00:18:750		1.53758e+07		0.0377092		3.01576		530.026		6.96719e+06		527.735		
00:00:18:649		1.5376e+07		0.0381212		3.01495		530.026		6.96718e+06		527.733		
00:00:18:500		1.53767e+07		0.0393562		3.01337		530.02		6.96717e+06		527.735		
00:00:18:399		1.53767e+07		0.0393562		3.01337		530.02		6.96717e+06		527.735		
00:00:18:399		1.53771e+07		0.0401793		3.01217		530.019		6.96717e+06		527.733		
00:00:18:100		1.53785e+07		0.0426445		3.00857		530.013		6.96714e+06		527.729		
00:00:18:100		1.53785e+07		0.0426445		3.00857		530.013		6.96714e+06		527.729		
00:00:18:000		1.53789e+07		0.0434651		3.00742		530.011		6.96714e+06		527.721		
00:00:18:000		1.53789e+07		0.0434651		3.00742		530.011		6.96714e+06		527.721		
00:00:17:899		1.53794e+07		0.0442853		3.00626		530.008		6.96713e+06		527.727		
00:00:17:800		1.53798e+07		0.045105		3.0051		530.006		6.96712e+06		527.726		
00:00:17:699		1.53802e+07		0.0459232		3.00394		530.004		6.96712e+06		527.724		
00:00:17:600		1.53807e+07		0.046742		3.0028		530.004		6.96711e+06		527.722		
00:00:17:500		1.53811e+07		0.0475597		3.00172		530		6.9671e+06		527.721		
00:00:17:399		1.53816e+07		0.0483766		3.00052		529.998		6.96709e+06		527.719		
00:00:17:300		1.5382e+07		0.0491929		2.99931		529.995		6.96709e+06		527.718		
00:00:17:199		1.53825e+07		0.0500088		2.99819		529.993		6.96708e+06		527.717		
00:00:17:000		1.53834e+07		0.0516386		2.99583		529.989		6.96706e+06		527.715		
00:00:17:000		1.53834e+07		0.0516386		2.99583		529.989		6.96706e+06		527.715		
00:00:16:899		1.53838e+07		0.052453		2.99466		529.987		6.96705e+06		527.713		
00:00:16:800		1.53843e+07		0.0532665		2.9935		529.985		6.96705e+06		527.709		
00:00:16:699		1.53847e+07		0.0540795		2.99237		529.984		6.96704e+06		527.709		
00:00:16:500		1.53856e+07		0.0557027		2.99004		529.98		6.96702e+06		527.705		
00:00:16:500		1.53856e+07		0.0557027		2.99004		529.98		6.96702e+06		527.705		
00:00:16:350		1.53863e+07		0.0569196		2.98834		529.976		6.96701e+06		527.705		
00:00:16:250		1.53868e+07		0.0577292		2.98713		529.974		6.967e+06		527.702		
00:00:16:100		1.53874e+07		0.0589433		2.98542		529.973		6.96699e+06		527.703		
00:00:16:000		1.53879e+07		0.059752		2.98432		529.971		6.96698e+06		527.701		
00:00:16:000		1.53879e+07		0.059752		2.98432		529.971		6.96698e+06		527.701		
00:00:15:900		1.53883e+07		0.0605597		2.98332		529.969		6.96697e+06		527.7		
00:00:15:800		1.53888e+07		0.0613666		2.98215		529.967		6.96696e+06		527.698		
00:00:15:699		1.53893e+07		0.0621734		2.98089		529.965		6.96695e+06		527.696		
00:00:15:599		1.53897e+07		0.0629792		2.9798		529.963		6.96695e+06		527.695		
00:00:15:500		1.53902e+07		0.0637841		2.97867		529.962		6.96694e+06		527.697		
00:00:15:400		1.53906e+07		0.064589		2.97758		529.96		6.96693e+06		527.685		
00:00:15:300		1.53913e+07		0.065794		2.97581		529.958		6.96691e+06		527.689		
00:00:15:150		1.53917e+07		0.066597		2.97468		529.956		6.96691e+06		527.681		
00:00:15:050		1.53922e+07		0.067399		2.9735		529.954		6.9669e+06		527.687		
00:00:15:000		1.53924e+07		0.0677996		2.97303		529.954		6.96689e+06		527.685		
00:00:14:849		1.53931e+07		0.0690007		2.9714		529.952		6.96688e+06		527.678		
00:00:14:750		1.53936e+07		0.0698004		2.97035		529.951		6.96687e+06		527.683		
00:00:14:650		1.5394e+07		0.0705996		2.96917		529.949		6.96686e+06		527.682		
00:00:14:550		1.53945e+07		0.0713978		2.96798		529.947		6.96685e+06		527.68		
00:00:14:449		1.53949e+07		0.072196		2.96693		529.945		6.96684e+06		527.68		
00:00:14:349		1.53954e+07		0.0729933		2.96582		529.945		6.96683e+06		527.678		
00:00:14:250		1.53958e+07		0.0737896		2.96464		529.943		6.96682e+06		527.676		
00:00:14:150		1.53963e+07		0.0745854		2.96346		529.941		6.96681e+06		527.675		
00:00:14:050		1.53967e+07		0.0753803		2.96235		529.939		6.9668e+06		527.673		
00:00:13:949		1.53972e+07		0.0761747		2.96125		529.939		6.96679e+06		527.672		
00:00:13:849		1.53977e+07		0.0769687		2.96019		529.938		6.96679e+06		527.67		
00:00:13:699		1.53983e+07		0.0781574		2.95837		529.936		6.96677e+06		527.668		
00:00:13:599		1.53988e+07		0.0789495		2.95727		529.934		6.96676e+06		527.665		
00:00:13:550		1.5399e+07		0.0793452		2.95676		529.934		6.96676e+06		527.664		
00:00:13:449		1.53995e+07		0.0801363		2.95561		529.932		6.96675e+06		527.662		
00:00:13:349		1.54e+07		0.0809264		2.95455		529.932		6.96674e+06		527.654		
00:00:13:250		1.54004e+07		0.0817156		2.95344		529.932		6.96673e+06		527.662		
00:00:13:150		1.54009e+07		0.0825043		2.95234		529.93		6.96672e+06		527.661		
00:00:13:050		1.54013e+07		0.0832925		2.95119		529.93		6.96671e+06		527.66		
00:00:12:949		1.54018e+07		0.0840797		2.95009		529.928		6.9667e+06		527.657		
00:00:12:849		1.54023e+07		0.0848665		2.94899		529.928		6.96669e+06		527.656		
00:00:12:750		1.54027e+07		0.0856524		2.94793		529.927		6.96668e+06		527.641		
00:00:12:650		1.54032e+07		0.0864377		2.94686		529.927		6.96667e+06		527.653		
00:00:12:500		1.54039e+07		0.087615		2.94519		529.925		6.96665e+06		527.651		
00:00:12:400		1.54044e+07		0.0883989		2.94408		529.923		6.96664e+06		527.65		
00:00:12:400		1.54044e+07		0.0883989		2.94408		529.923		6.96664e+06		527.65		
00:00:12:300		1.54048e+07		0.0891829		2.94306		529.923		6.96663e+06		527.648		
00:00:12:099		1.54058e+07		0.0907478		2.94088		529.921		6.96661e+06		527.645		
00:00:12:000		1.54063e+07		0.0915298		2.93977		529.921		6.9666e+06		527.643		
00:00:12:000		1.54063e+07		0.0915298		2.93977		529.921		6.9666e+06		527.643		
00:00:11:900		1.54067e+07		0.0923114		2.93872		529.919		6.96659e+06		527.64		
00:00:11:800		1.54072e+07		0.0930924		2.93765		529.919		6.96658e+06		527.637		
00:00:11:699		1.54077e+07		0.093873		2.93658		529.917		6.96657e+06		527.637		
00:00:11:599		1.54082e+07		0.0946531		2.9355		529.917		6.96655e+06		527.633		
00:00:11:500		1.54086e+07		0.0954323		2.93443		529.917		6.96654e+06		527.628		
00:00:11:300		1.54091e+07		0.0962119		2.93336		529.917		6.96653e+06		527.634		
00:00:11:300		1.54096e+07		0.0969906		2.93233		529.916		6.96652e+06		527.633		
00:00:11:000		1.5411e+07		0.0993228		2.92921		529.916		6.96649e+06		527.628		
00:00:11:000		1.5411e+07		0.0993228		2.92921		529.916		6.96649e+06		527.628		
00:00:11:000		1.5411e+07		0.0993228		2.92921		529.916		6.96649e+06		527.628		
00:00:10:900		1.54115e+07		0.100099		2.9281		529.916		6.96648e+06		527.626		
00:00:10:800		1.5412e+07		0.100874		2.92703		529.917		6.96646e+06		527.624		
00:00:10:650		1.54127e+07		0.102036		2.9255		529.917		6.96645e+06		527.621		
00:00:10:550		1.54132e+07		0.10281		2.92447		529.917		6.96644e+06		527.618		
00:00:10:449		1.54137e+07		0.103584		2.92348		529.917		6.96642e+06		527.615		
00:00:10:349		1.54142e+07		0.104357		2.92245		529.917		6.96641e+06		527.613		
00:00:10:250		1.54147e+07		0.105129		2.92138		529.919		6.9664e+06		527.61		
00:00:10:150		1.54152e+07		0.105901		2.92036		529.919		6.96639e+06		527.614		
00:00:10:050		1.54157e+07		0.106673		2.91937		529.921		6.96637e+06		527.606		
00:00:09:949		1.54162e+07		0.107444		2.91839		529.921		6.96636e+06		527.603		
00:00:09:849		1.54167e+07		0.108214		2.91728		529.921		6.96635e+06		527.6		
00:00:09:750		1.54172e+07		0.108984		2.91626		529.921		6.96634e+06		527.599		
00:00:09:650		1.54177e+07		0.109754		2.91532		529.923		6.96632e+06		527.601		
00:00:09:550		1.54182e+07		0.110524		2.91438		529.923		6.96631e+06		527.589		
00:00:09:449		1.54187e+07		0.111293		2.91335		529.925		6.9663e+06		527.61		
00:00:09:349		1.54192e+07		0.112061		2.91241		529.925		6.96628e+06		527.581		
00:00:09:250		1.54197e+07		0.112829		2.91131		529.927		6.96627e+06		527.587		
00:00:09:150		1.54202e+07		0.113597		2.91037		529.928		6.96626e+06		527.584		
00:00:09:050		1.54207e+07		0.114365		2.90943		529.928		6.96624e+06		527.581		
00:00:08:949		1.54213e+07		0.115133		2.90841		529.93		6.96623e+06		527.577		
00:00:08:849		1.54218e+07		0.1159		2.90743		529.932		6.96621e+06		527.573		
00:00:08:750		1.54223e+07		0.116667		2.90646		529.932		6.9662e+06		527.569		
00:00:08:650		1.54228e+07		0.117433		2.90553		529.934		6.96618e+06		527.564		
00:00:08:500		1.54236e+07		0.118583		2.90404		529.938		6.96616e+06		527.561		
00:00:08:400		1.54241e+07		0.119349		2.90311		529.939		6.96615e+06		527.556		
00:00:08:300		1.54247e+07		0.120116		2.90211		529.941		6.96613e+06		527.551		
00:00:08:300		1.54247e+07		0.120116		2.90211		529.941		6.96613e+06		527.551		
00:00:08:099		1.54257e+07		0.121647		2.90034		529.945		6.9661e+06		527.533		
00:00:08:000		1.54263e+07		0.122413		2.89941		529.947		6.96608e+06		527.539		
00:00:08:000		1.54263e+07		0.122413		2.89941		529.947		6.96608e+06		527.539		
00:00:07:900		1.54268e+07		0.123179		2.8984		529.949		6.96607e+06		527.535		
00:00:07:700		1.54279e+07		0.12471		2.89659		529.954		6.96603e+06		527.525		
00:00:07:700		1.54279e+07		0.12471		2.89659		529.954		6.96603e+06		527.525		
00:00:07:599		1.54285e+07		0.125475		2.89563		529.956		6.96602e+06		527.521		
00:00:07:500		1.5429e+07		0.126241		2.8947		529.96		6.966e+06		527.515		
00:00:07:400		1.54296e+07		0.127006		2.89383		529.962		6.96598e+06		527.508		
00:00:07:299		1.54301e+07		0.127771		2.89287		529.963		6.96596e+06		527.5		
00:00:07:200		1.54307e+07		0.128537		2.89195		529.967		6.96595e+06		527.494		
00:00:07:000		1.54318e+07		0.130067		2.89017		529.973		6.96591e+06		527.477		
00:00:07:000		1.54318e+07		0.130067		2.89017		529.973		6.96591e+06		527.477		
00:00:06:900		1.54324e+07		0.130832		2.88926		529.976		6.96589e+06		527.474		
00:00:06:799		1.5433e+07		0.131597		2.88835		529.978		6.96587e+06		527.467		
00:00:06:700		1.54335e+07		0.132362		2.88745		529.982		6.96585e+06		527.458		
00:00:06:599		1.54341e+07		0.133127		2.88659		529.984		6.96583e+06		527.452		
00:00:06:500		1.54347e+07		0.133891		2.88565		529.987		6.96581e+06		527.442		
00:00:06:400		1.54353e+07		0.134655		2.88483		529.991		6.96579e+06		527.434		
00:00:06:299		1.54359e+07		0.135419		2.88403		529.993		6.96577e+06		527.425		
00:00:06:200		1.54365e+07		0.136184		2.88313		529.995		6.96575e+06		527.414		
00:00:06:000		1.54377e+07		0.137711		2.8814		530		6.96571e+06		527.389		
00:00:06:000		1.54377e+07		0.137711		2.8814		530		6.96571e+06		527.389		
00:00:05:900		1.54383e+07		0.138474		2.88052		530.008		6.96569e+06		527.385		
00:00:05:799		1.54389e+07		0.139238		2.87976		530.013		6.96567e+06		527.376		
00:00:05:700		1.54395e+07		0.140001		2.87888		530.017		6.96565e+06		527.364		
00:00:05:599		1.54401e+07		0.140763		2.87805		530.022		6.96563e+06		527.346		
00:00:05:500		1.54408e+07		0.141525		2.87726		530.028		6.9656e+06		527.34		
00:00:05:400		1.54414e+07		0.142286		2.87648		530.033		6.96558e+06		527.319		
00:00:05:299		1.5442e+07		0.143046		2.87565		530.039		6.96556e+06		527.317		
00:00:05:200		1.54427e+07		0.143805		2.87488		530.044		6.96554e+06		527.31		
00:00:05:000		1.54439e+07		0.145319		2.87331		530.055		6.96549e+06		527.276		
00:00:05:000		1.54439e+07		0.145319		2.87331		530.055		6.96549e+06		527.276		
00:00:04:849		1.54449e+07		0.14645		2.87213		530.065		6.96546e+06		527.259		
00:00:04:750		1.54455e+07		0.147203		2.87129		530.07		6.96543e+06		527.244		
00:00:04:650		1.54462e+07		0.147955		2.87054		530.076		6.96541e+06		527.227		
00:00:04:549		1.54468e+07		0.148706		2.8697		530.083		6.96539e+06		527.211		
00:00:04:450		1.54475e+07		0.149458		2.86891		530.087		6.96536e+06		527.196		
00:00:04:349		1.54482e+07		0.150209		2.86815		530.092		6.96534e+06		527.18		
00:00:04:250		1.54488e+07		0.150959		2.8673		530.096		6.96532e+06		527.157		
00:00:04:150		1.54495e+07		0.151708		2.86654		530.1		6.9653e+06		527.148		
00:00:04:049		1.54502e+07		0.152452		2.86583		530.103		6.96527e+06		527.13		
00:00:03:950		1.54509e+07		0.153193		2.86509		530.107		6.96525e+06		527.112		
00:00:03:850		1.54516e+07		0.153927		2.86437		530.111		6.96523e+06		527.098		
00:00:03:750		1.54523e+07		0.154655		2.86363		530.114		6.96521e+06		527.084		
00:00:03:649		1.5453e+07		0.155376		2.86296		530.116		6.96519e+06		527.068		
00:00:03:549		1.54536e+07		0.15609		2.86219		530.12		6.96517e+06		527.05		
00:00:03:450		1.54542e+07		0.156802		2.86138		530.124		6.96515e+06		527.027		
00:00:03:350		1.54549e+07		0.157512		2.8604		530.127		6.96513e+06		527.018		
00:00:03:250		1.54555e+07		0.158226		2.8593		530.129		6.96511e+06		527.005		
00:00:03:149		1.54562e+07		0.158947		2.85828		530.133		6.96509e+06		526.991		
00:00:03:049		1.54569e+07		0.159677		2.85716		530.136		6.96507e+06		526.976		
00:00:02:950		1.54576e+07		0.160413		2.85607		530.138		6.96506e+06		526.963		
00:00:02:799		1.54589e+07		0.161521		2.85458		530.142		6.96503e+06		526.942		
00:00:02:700		1.54598e+07		0.162248		2.85384		530.146		6.96502e+06		526.929		
00:00:02:649		1.54603e+07		0.162604		2.85352		530.147		6.96501e+06		526.923		
00:00:02:549		1.54612e+07		0.163294		2.85305		530.149		6.965e+06		526.912		
00:00:02:450		1.5462e+07		0.163949		2.85256		530.153		6.96499e+06		526.902		
00:00:02:350		1.54627e+07		0.164563		2.85209		530.155		6.96498e+06		526.892		
00:00:02:200		1.54635e+07		0.16542		2.85111		530.16		6.96496e+06		526.877		
00:00:02:100		1.54639e+07		0.165969		2.84998		530.164		6.96495e+06		526.868		
00:00:02:049		1.54641e+07		0.166246		2.84913		530.166		6.96494e+06		526.863		
00:00:01:899		1.54647e+07		0.167124		2.84578		530.169		6.96493e+06		526.854		
00:00:01:899		1.54647e+07		0.167124		2.84578		530.169		6.96493e+06		526.854		
00:00:01:800		1.54653e+07		0.167776		2.84323		530.173		6.96492e+06		526.841		
00:00:01:699		1.54662e+07		0.168495		2.84108		530.175		6.96491e+06		526.834		
00:00:01:600		1.54675e+07		0.169274		2.83929		530.179		6.9649e+06		526.83		
00:00:01:500		1.54692e+07		0.170084		2.83745		530.182		6.96489e+06		526.826		
00:00:01:399		1.54712e+07		0.170875		2.83624		530.184		6.96489e+06		526.822		
00:00:01:300		1.54733e+07		0.171583		2.8366		530.188		6.96488e+06		526.821		
00:00:01:199		1.54753e+07		0.172151		2.8399		530.19		6.96488e+06		526.821		
00:00:01:000		1.5478e+07		0.172757		2.84503		530.197		6.96487e+06		526.822		
00:00:01:000		1.5478e+07		0.172757		2.84503		530.197		6.96487e+06		526.822		
00:00:00:900		1.54785e+07		0.172833		2.84364		530.199		6.96487e+06		526.822		
00:00:00:800		1.54786e+07		0.172839		2.8357		530.203		6.96486e+06		526.822		
00:00:00:699		1.54786e+07		0.17284		2.8357		530.204		6.96486e+06		526.823		
00:00:00:599		1.54786e+07		0.172839		2.83569		530.208		6.96486e+06		526.824		
00:00:00:400		1.54786e+07		0.17284		2.83568		530.214		6.96485e+06		526.823		
00:00:00:400		1.54786e+07		0.17284		2.83568		530.214		6.96485e+06		526.823		
00:00:00:299		1.54786e+07		0.17284		2.83568		530.217		6.96485e+06		526.824		
00:00:00:200		1.54785e+07		0.17284		2.83572		530.219		6.96484e+06		526.833		
00:00:00:000		1.54785e+07		0.17284		2.83571		530.225		6.96483e+06		526.826		
00:00:00:000		1.54785e+07		0.17284		2.83571		530.225		6.96483e+06		526.826		
00:00:00:000		1.54785e+07		0.17284		2.83571		530.225		6.96483e+06		526.826		
00:00:00:000		1.54785e+07		0.17284		2.83571		530.225		6.96483e+06		526.826		
00:00:00:000		1.54785e+07		0.17284		2.83571		530.225		6.96483e+06		526.826		
