	time 		gpv001pnt10113ppntm	evf507ety101mpzoyout	chtcon(1)	chavg(1)	chlhsumpa	rcptavgn	
00:01:15:450		7.20657e+06		114.444		68.3068		482327		0.523893		289.415		
00:01:15:349		7.20618e+06		114.444		68.3068		482327		0.523893		289.416		
00:01:15:250		7.20575e+06		114.422		68.3068		482327		0.523893		289.416		
00:01:15:150		7.20529e+06		114.422		68.2735		481729		0.523308		289.417		
00:01:15:150		7.20529e+06		114.422		68.2735		481729		0.523308		289.417		
00:01:15:049		7.20488e+06		114.422		68.2735		481729		0.523308		289.418		
00:01:14:849		7.20407e+06		114.4		68.2399		481133		0.522724		289.419		
00:01:14:849		7.20407e+06		114.4		68.2399		481133		0.522724		289.419		
00:01:14:700		7.2034e+06		114.379		68.2061		480552		0.52214		289.42		
00:01:14:599		7.20302e+06		114.379		68.2061		480552		0.52214		289.421		
00:01:14:500		7.2026e+06		114.357		68.2061		480552		0.52214		289.422		
00:01:14:400		7.20214e+06		114.357		68.172		479954		0.521556		289.423		
00:01:14:299		7.20173e+06		114.357		68.172		479954		0.521556		289.425		
00:01:14:200		7.2013e+06		114.335		68.1376		479358		0.520971		289.426		
00:01:14:099		7.20092e+06		114.335		68.1376		479358		0.520971		289.427		
00:01:14:000		7.20046e+06		114.314		68.1376		479358		0.520971		289.428		
00:01:13:799		7.19968e+06		114.314		68.103		478776		0.520387		289.431		
00:01:13:799		7.19968e+06		114.314		68.103		478776		0.520387		289.431		
00:01:13:700		7.19925e+06		114.292		68.0682		478194		0.519803		289.433		
00:01:13:599		7.19879e+06		114.292		68.0682		478194		0.519803		289.435		
00:01:13:500		7.1984e+06		114.27		68.0682		478194		0.519803		289.437		
00:01:13:400		7.19799e+06		114.27		68.033		477612		0.519219		289.439		
00:01:13:299		7.1976e+06		114.27		68.033		477612		0.519219		289.442		
00:01:13:250		7.19738e+06		114.248		68.033		477612		0.519219		289.443		
00:01:13:150		7.19697e+06		114.248		67.9976		477046		0.518635		289.445		
00:01:13:049		7.19638e+06		114.227		67.9976		477046		0.518635		289.449		
00:01:12:799		7.19551e+06		114.227		67.962		476494		0.518051		289.455		
00:01:12:799		7.19551e+06		114.227		67.962		476494		0.518051		289.455		
00:01:12:700		7.19509e+06		114.205		67.926		475926		0.517467		289.458		
00:01:12:599		7.19472e+06		114.205		67.926		475926		0.517467		289.461		
00:01:12:400		7.19388e+06		114.183		67.8897		475344		0.516883		289.467		
00:01:12:400		7.19388e+06		114.183		67.8897		475344		0.516883		289.467		
00:01:12:200		7.19312e+06		114.161		67.8531		474761		0.516299		289.472		
00:01:12:200		7.19312e+06		114.161		67.8531		474761		0.516299		289.472		
00:01:12:099		7.19269e+06		114.161		67.8531		474761		0.516299		289.475		
00:01:12:000		7.19227e+06		114.139		67.8531		474761		0.516299		289.479		
00:01:11:799		7.19146e+06		114.139		67.8161		474162		0.515715		289.485		
00:01:11:799		7.19146e+06		114.139		67.8161		474162		0.515715		289.485		
00:01:11:700		7.19105e+06		114.117		67.7787		473549		0.515132		289.488		
00:01:11:549		7.19043e+06		114.117		67.7787		473549		0.515132		289.493		
00:01:11:450		7.19007e+06		114.096		67.741		472951		0.514548		289.497		
00:01:11:349		7.18966e+06		114.096		67.741		472951		0.514548		289.501		
00:01:11:250		7.18922e+06		114.074		67.741		472951		0.514548		289.504		
00:01:11:200		7.18903e+06		114.074		67.7028		472352		0.513965		289.506		
00:01:11:099		7.1886e+06		114.074		67.7028		472352		0.513965		289.51		
00:01:11:000		7.1882e+06		114.052		67.7028		472352		0.513965		289.514		
00:01:10:900		7.18775e+06		114.052		67.6642		471755		0.513381		289.518		
00:01:10:750		7.18713e+06		114.031		67.6642		471755		0.513381		289.524		
00:01:10:650		7.18674e+06		114.031		67.6251		471155		0.512798		289.528		
00:01:10:549		7.1863e+06		114.031		67.6251		471155		0.512798		289.533		
00:01:10:450		7.18588e+06		114.009		67.5855		470558		0.512214		289.537		
00:01:10:349		7.18543e+06		114.009		67.5855		470558		0.512214		289.542		
00:01:10:250		7.18502e+06		113.987		67.5855		470558		0.512214		289.546		
00:01:10:150		7.18457e+06		113.987		67.5455		469958		0.511631		289.551		
00:01:10:049		7.18416e+06		113.987		67.5455		469958		0.511631		289.556		
00:01:09:849		7.18329e+06		113.966		67.5049		469360		0.511047		289.566		
00:01:09:750		7.18283e+06		113.944		67.5049		469360		0.511047		289.571		
00:01:09:750		7.18283e+06		113.944		67.5049		469360		0.511047		289.571		
00:01:09:650		7.18238e+06		113.944		67.4637		468744		0.510464		289.576		
00:01:09:549		7.18193e+06		113.944		67.4637		468744		0.510464		289.582		
00:01:09:450		7.18147e+06		113.922		67.422		468099		0.50988		289.587		
00:01:09:349		7.18103e+06		113.922		67.422		468099		0.50988		289.593		
00:01:09:250		7.18054e+06		113.901		67.422		468099		0.50988		289.599		
00:01:09:150		7.18011e+06		113.901		67.3797		467487		0.509296		289.604		
00:01:09:049		7.17963e+06		113.901		67.3797		467487		0.509296		289.61		
00:01:08:900		7.17891e+06		113.879		67.3369		466887		0.508712		289.619		
00:01:08:750		7.17818e+06		113.857		67.3369		466887		0.508712		289.628		
00:01:08:750		7.17818e+06		113.857		67.3369		466887		0.508712		289.628		
00:01:08:650		7.17771e+06		113.857		67.2934		466256		0.508128		289.634		
00:01:08:549		7.17724e+06		113.857		67.2934		466256		0.508128		289.64		
00:01:08:450		7.17675e+06		113.836		67.2492		465611		0.507544		289.646		
00:01:08:349		7.17627e+06		113.836		67.2492		465611		0.507544		289.653		
00:01:08:250		7.17578e+06		113.814		67.2492		465611		0.507544		289.66		
00:01:08:150		7.17526e+06		113.814		67.2043		464982		0.50696		289.666		
00:01:08:049		7.17474e+06		113.814		67.2043		464982		0.50696		289.673		
00:01:07:849		7.17376e+06		113.792		67.1587		464351		0.506376		289.687		
00:01:07:750		7.1732e+06		113.771		67.1587		464351		0.506376		289.696		
00:01:07:750		7.1732e+06		113.771		67.1587		464351		0.506376		289.696		
00:01:07:650		7.17273e+06		113.771		67.1123		463705		0.505792		289.703		
00:01:07:650		7.17273e+06		113.771		67.1123		463705		0.505792		289.703		
00:01:07:549		7.17222e+06		113.771		67.1123		463705		0.505792		289.711		
00:01:07:400		7.17149e+06		113.749		67.065		463076		0.505208		289.724		
00:01:07:299		7.17093e+06		113.749		67.065		463076		0.505208		289.733		
00:01:07:150		7.17013e+06		113.728		67.0169		462428		0.504623		289.746		
00:01:07:049		7.16954e+06		113.728		67.0169		462428		0.504623		289.755		
00:01:07:049		7.16954e+06		113.728		67.0169		462428		0.504623		289.755		
00:01:06:849		7.16836e+06		113.706		66.9679		461768		0.504039		289.774		
00:01:06:849		7.16836e+06		113.706		66.9679		461768		0.504039		289.774		
00:01:06:750		7.1678e+06		113.685		66.9679		461768		0.504039		289.784		
00:01:06:500		7.16626e+06		113.663		66.9179		461122		0.503455		289.81		
00:01:06:500		7.16626e+06		113.663		66.9179		461122		0.503455		289.81		
00:01:06:400		7.16568e+06		113.663		66.8668		460492		0.50287		289.821		
00:01:06:299		7.16503e+06		113.663		66.8668		460492		0.50287		289.832		
00:01:06:200		7.16435e+06		113.642		66.8147		459877		0.502286		289.844		
00:01:06:099		7.16375e+06		113.642		66.8147		459877		0.502286		289.856		
00:01:06:000		7.16309e+06		113.62		66.8147		459877		0.502286		289.868		
00:01:05:900		7.16239e+06		113.62		66.7615		459245		0.501701		289.881		
00:01:05:799		7.16174e+06		113.62		66.7615		459245		0.501701		289.894		
00:01:05:700		7.16107e+06		113.598		66.7071		458599		0.501116		289.908		
00:01:05:599		7.16038e+06		113.598		66.7071		458599		0.501116		289.922		
00:01:05:500		7.15972e+06		113.577		66.7071		458599		0.501116		289.936		
00:01:05:400		7.15902e+06		113.577		66.6514		457953		0.500532		289.95		
00:01:05:299		7.15832e+06		113.577		66.6514		457953		0.500532		289.964		
00:01:05:200		7.15763e+06		113.555		66.5943		457290		0.499947		289.978		
00:01:05:099		7.15693e+06		113.555		66.5943		457290		0.499947		289.992		
00:01:04:950		7.15658e+06		113.555		66.5943		457290		0.499947		289.999		
00:01:04:849		7.15523e+06		113.533		66.5359		456613		0.499362		290.027		
00:01:04:849		7.15523e+06		113.533		66.5359		456613		0.499362		290.027		
00:01:04:750		7.15453e+06		113.512		66.5359		456613		0.499362		290.042		
00:01:04:650		7.15386e+06		113.512		66.476		455935		0.498777		290.057		
00:01:04:549		7.15283e+06		113.491		66.476		455935		0.498777		290.08		
00:01:04:400		7.15213e+06		113.491		66.4146		455274		0.498192		290.096		
00:01:04:299		7.15142e+06		113.491		66.4146		455274		0.498192		290.112		
00:01:04:200		7.1507e+06		113.469		66.3515		454644		0.497606		290.128		
00:01:04:099		7.14997e+06		113.469		66.3515		454644		0.497606		290.145		
00:01:04:000		7.14925e+06		113.448		66.3515		454644		0.497606		290.162		
00:01:03:799		7.1478e+06		113.448		66.2866		453995		0.49702		290.196		
00:01:03:799		7.1478e+06		113.448		66.2866		453995		0.49702		290.196		
00:01:03:700		7.14707e+06		113.426		66.22		453318		0.496435		290.214		
00:01:03:600		7.14636e+06		113.426		66.22		453318		0.496435		290.231		
00:01:03:500		7.14564e+06		113.405		66.22		453318		0.496435		290.249		
00:01:03:399		7.14492e+06		113.405		66.1515		452640		0.495849		290.267		
00:01:03:299		7.14422e+06		113.405		66.1515		452640		0.495849		290.285		
00:01:03:200		7.14352e+06		113.383		66.0809		451946		0.495262		290.303		
00:01:03:100		7.14283e+06		113.383		66.0809		451946		0.495262		290.321		
00:01:03:000		7.14214e+06		113.362		66.0082		451237		0.494676		290.339		
00:01:02:850		7.14114e+06		113.362		66.0082		451237		0.494676		290.365		
00:01:02:750		7.1405e+06		113.34		66.0082		451237		0.494676		290.383		
00:01:02:649		7.13986e+06		113.34		65.9333		450512		0.494089		290.401		
00:01:02:600		7.13955e+06		113.34		65.9333		450512		0.494089		290.409		
00:01:02:500		7.13893e+06		113.319		65.9333		450512		0.494089		290.428		
00:01:02:350		7.13802e+06		113.319		65.8559		449756		0.493502		290.455		
00:01:02:250		7.13744e+06		113.298		65.8559		449756		0.493502		290.474		
00:01:02:149		7.13686e+06		113.298		65.7761		448905		0.492915		290.493		
00:01:02:049		7.13629e+06		113.298		65.7761		448905		0.492915		290.513		
00:01:01:950		7.13574e+06		113.276		65.6936		447917		0.492328		290.533		
00:01:01:850		7.13519e+06		113.276		65.6936		447917		0.492328		290.553		
00:01:01:750		7.13466e+06		113.254		65.6936		447917		0.492328		290.574		
00:01:01:649		7.13413e+06		113.254		65.6084		446742		0.49174		290.596		
00:01:01:549		7.13362e+06		113.254		65.6084		446742		0.49174		290.618		
00:01:01:450		7.13313e+06		113.23		65.5205		445308		0.491152		290.64		
00:01:01:350		7.13266e+06		113.23		65.5205		445308		0.491152		290.663		
00:01:01:250		7.1322e+06		113.203		65.5205		445308		0.491152		290.687		
00:01:01:149		7.13177e+06		113.203		65.4299		443639		0.490564		290.711		
00:01:01:049		7.13135e+06		113.203		65.4299		443639		0.490564		290.736		
00:01:00:950		7.13096e+06		113.169		65.3372		441799		0.489975		290.761		
00:01:00:750		7.13024e+06		113.125		65.3372		441799		0.489975		290.813		
00:01:00:750		7.13024e+06		113.125		65.3372		441799		0.489975		290.813		
00:01:00:649		7.12991e+06		113.125		65.2429		439897		0.489387		290.84		
00:01:00:549		7.12961e+06		113.125		65.2429		439897		0.489387		290.867		
00:01:00:549		7.12961e+06		113.125		65.2429		439897		0.489387		290.867		
00:01:00:450		7.12932e+06		113.069		65.148		438001		0.487723		290.895		
00:01:00:250		7.12881e+06		113.009		65.148		438001		0.487723		290.95		
00:01:00:149		7.12859e+06		113.009		65.053		436088		0.486059		290.982		
00:01:00:049		7.12838e+06		113.009		65.053		436088		0.486059		291.016		
00:00:59:899		7.12811e+06		112.948		64.9578		434160		0.484393		291.067		
00:00:59:899		7.12811e+06		112.948		64.9578		434160		0.484393		291.067		
00:00:59:799		7.12795e+06		112.948		64.9578		434160		0.484393		291.101		
00:00:59:700		7.1278e+06		112.887		64.8624		432214		0.482726		291.137		
00:00:59:700		7.1278e+06		112.887		64.8624		432214		0.482726		291.137		
00:00:59:600		7.12768e+06		112.887		64.8624		432214		0.482726		291.173		
00:00:59:500		7.12756e+06		112.826		64.8624		432214		0.482726		291.21		
00:00:59:350		7.12742e+06		112.826		64.7668		430268		0.481057		291.267		
00:00:59:200		7.12732e+06		112.765		64.6709		428320		0.479387		291.325		
00:00:59:100		7.12727e+06		112.765		64.6709		428320		0.479387		291.365		
00:00:58:899		7.12722e+06		112.704		64.5749		426356		0.477715		291.446		
00:00:58:799		7.12722e+06		112.704		64.5749		426356		0.477715		291.488		
00:00:58:799		7.12722e+06		112.704		64.5749		426356		0.477715		291.488		
00:00:58:700		7.12723e+06		112.642		64.4786		424392		0.476042		291.53		
00:00:58:600		7.12723e+06		112.642		64.4786		424392		0.476042		291.53		
00:00:58:600		7.12725e+06		112.642		64.4786		424392		0.476042		291.573		
00:00:58:500		7.12729e+06		112.581		64.4786		424392		0.476042		291.617		
00:00:58:350		7.12737e+06		112.581		64.382		422426		0.474367		291.683		
00:00:58:250		7.12745e+06		112.52		64.382		422426		0.474367		291.729		
00:00:58:149		7.12754e+06		112.52		64.2852		420427		0.47269		291.774		
00:00:58:049		7.12765e+06		112.52		64.2852		420427		0.47269		291.821		
00:00:57:850		7.12794e+06		112.458		64.1881		418397		0.471012		291.915		
00:00:57:750		7.1281e+06		112.397		64.1881		418397		0.471012		291.963		
00:00:57:649		7.12829e+06		112.397		64.0907		416366		0.469331		292.012		
00:00:57:649		7.12829e+06		112.397		64.0907		416366		0.469331		292.012		
00:00:57:549		7.1285e+06		112.397		64.0907		416366		0.469331		292.061		
00:00:57:450		7.12874e+06		112.335		63.9929		414302		0.467649		292.11		
00:00:57:350		7.129e+06		112.335		63.9929		414302		0.467649		292.161		
00:00:57:250		7.12924e+06		112.273		63.9929		414302		0.467649		292.212		
00:00:57:149		7.12953e+06		112.273		63.8948		412223		0.465965		292.264		
00:00:57:049		7.12985e+06		112.273		63.8948		412223		0.465965		292.316		
00:00:56:950		7.13022e+06		112.212		63.7964		410141		0.464279		292.369		
00:00:56:850		7.13062e+06		112.212		63.7964		410141		0.464279		292.423		
00:00:56:750		7.13106e+06		112.15		63.7964		410141		0.464279		292.476		
00:00:56:649		7.13152e+06		112.15		63.6977		408027		0.462592		292.53		
00:00:56:549		7.132e+06		112.15		63.6977		408027		0.462592		292.585		
00:00:56:450		7.13252e+06		112.088		63.5985		405898		0.460902		292.64		
00:00:56:350		7.13307e+06		112.088		63.5985		405898		0.460902		292.696		
00:00:56:250		7.13365e+06		112.026		63.5985		405898		0.460902		292.752		
00:00:56:149		7.13426e+06		112.026		63.4992		403750		0.45921		292.809		
00:00:56:049		7.13491e+06		112.026		63.4992		403750		0.45921		292.866		
00:00:55:950		7.13559e+06		111.964		63.3995		401571		0.457516		292.924		
00:00:55:850		7.13631e+06		111.964		63.3995		401571		0.457516		292.982		
00:00:55:750		7.13706e+06		111.902		63.3995		401571		0.457516		293.041		
00:00:55:649		7.13784e+06		111.902		63.2997		399375		0.45582		293.1		
00:00:55:549		7.13866e+06		111.902		63.2997		399375		0.45582		293.16		
00:00:55:399		7.13995e+06		111.84		63.1996		397146		0.454121		293.25		
00:00:55:350		7.14039e+06		111.84		63.1996		397146		0.454121		293.28		
00:00:55:250		7.14131e+06		111.778		63.1996		397146		0.454121		293.342		
00:00:55:149		7.14226e+06		111.778		63.0993		394869		0.452421		293.403		
00:00:55:049		7.14325e+06		111.778		63.0993		394869		0.452421		293.465		
00:00:54:799		7.14591e+06		111.716		62.9986		392592		0.450718		293.621		
00:00:54:799		7.14591e+06		111.716		62.9986		392592		0.450718		293.621		
00:00:54:700		7.14702e+06		111.654		62.8977		390313		0.449013		293.683		
00:00:54:600		7.14811e+06		111.654		62.8977		390313		0.449013		293.746		
00:00:54:500		7.14918e+06		111.592		62.8977		390313		0.449013		293.81		
00:00:54:399		7.15022e+06		111.592		62.7964		388002		0.447305		293.874		
00:00:54:299		7.15124e+06		111.592		62.7964		388002		0.447305		293.938		
00:00:54:250		7.15174e+06		111.53		62.7964		388002		0.447305		293.971		
00:00:54:149		7.15273e+06		111.53		62.6948		385657		0.445595		294.036		
00:00:54:049		7.15372e+06		111.53		62.6948		385657		0.445595		294.102		
00:00:53:899		7.15519e+06		111.467		62.5929		383297		0.443883		294.201		
00:00:53:799		7.15618e+06		111.467		62.5929		383297		0.443883		294.267		
00:00:53:700		7.15718e+06		111.405		62.4906		380918		0.442168		294.334		
00:00:53:600		7.1582e+06		111.405		62.4906		380918		0.442168		294.402		
00:00:53:500		7.15923e+06		111.342		62.4906		380918		0.442168		294.469		
00:00:53:399		7.16026e+06		111.342		62.3879		378524		0.44045		294.537		
00:00:53:299		7.1613e+06		111.342		62.3879		378524		0.44045		294.605		
00:00:53:200		7.16236e+06		111.28		62.2848		376128		0.43873		294.674		
00:00:53:100		7.16343e+06		111.28		62.2848		376128		0.43873		294.743		
00:00:53:000		7.16454e+06		111.217		62.2848		376128		0.43873		294.812		
00:00:52:899		7.16564e+06		111.217		62.1814		373699		0.437007		294.882		
00:00:52:799		7.16674e+06		111.217		62.1814		373699		0.437007		294.952		
00:00:52:700		7.16785e+06		111.154		62.0776		371205		0.435281		295.022		
00:00:52:600		7.16894e+06		111.154		62.0776		371205		0.435281		295.092		
00:00:52:500		7.17004e+06		111.091		62.0776		371205		0.435281		295.163		
00:00:52:399		7.17112e+06		111.091		61.9736		368696		0.433552		295.235		
00:00:52:299		7.17220e+06		111.091		61.9736		368696		0.433552		295.307		
00:00:52:200		7.17328e+06		111.028		61.8694		366168		0.43182		295.38		
00:00:52:100		7.17434e+06		111.028		61.8694		366168		0.43182		295.453		
00:00:52:100		7.17434e+06		111.028		61.8694		366168		0.43182		295.453		
00:00:51:899		7.17645e+06		110.965		61.7651		363608		0.430084		295.6		
00:00:51:799		7.17748e+06		110.965		61.7651		363608		0.430084		295.674		
00:00:51:700		7.1785e+06		110.902		61.6607		361047		0.428345		295.749		
00:00:51:600		7.1795e+06		110.902		61.6607		361047		0.428345		295.824		
00:00:51:500		7.18049e+06		110.839		61.6607		361047		0.428345		295.9		
00:00:51:399		7.18144e+06		110.839		61.5563		358452		0.426602		295.977		
00:00:51:299		7.1824e+06		110.839		61.5563		358452		0.426602		296.054		
00:00:51:200		7.18335e+06		110.775		61.4518		355825		0.424856		296.132		
00:00:51:100		7.18427e+06		110.775		61.4518		355825		0.424856		296.211		
00:00:50:899		7.18602e+06		110.712		61.3472		353180		0.423105		296.372		
00:00:50:899		7.18602e+06		110.712		61.3472		353180		0.423105		296.372		
00:00:50:799		7.18685e+06		110.712		61.3472		353180		0.423105		296.453		
00:00:50:700		7.18766e+06		110.648		61.2425		350486		0.42135		296.535		
00:00:50:600		7.18843e+06		110.648		61.2425		350486		0.42135		296.617		
00:00:50:500		7.18917e+06		110.584		61.2425		350486		0.42135		296.7		
00:00:50:500		7.18917e+06		110.584		61.2425		350486		0.42135		296.7		
00:00:50:399		7.18987e+06		110.584		61.1378		347760		0.419591		296.784		
00:00:50:250		7.19086e+06		110.521		61.1378		347760		0.419591		296.911		
00:00:50:149		7.19147e+06		110.521		61.0329		344984		0.417827		296.996		
00:00:50:049		7.19204e+06		110.521		61.0329		344984		0.417827		297.083		
00:00:49:850		7.19306e+06		110.457		60.9279		342193		0.416057		297.261		
00:00:49:750		7.19349e+06		110.393		60.9279		342193		0.416057		297.351		
00:00:49:750		7.19349e+06		110.393		60.9279		342193		0.416057		297.351		
00:00:49:549		7.1942e+06		110.393		60.8228		339398		0.414282		297.531		
00:00:49:549		7.1942e+06		110.393		60.8228		339398		0.414282		297.531		
00:00:49:450		7.19448e+06		110.328		60.7176		336538		0.412502		297.622		
00:00:49:250		7.19492e+06		110.264		60.7176		336538		0.412502		297.808		
00:00:49:250		7.19492e+06		110.264		60.7176		336538		0.412502		297.808		
00:00:49:149		7.19509e+06		110.264		60.6123		333646		0.410715		297.903		
00:00:49:049		7.19524e+06		110.264		60.6123		333646		0.410715		298		
00:00:48:850		7.1953e+06		110.2		60.507		330704		0.408922		298.197		
00:00:48:750		7.19518e+06		110.135		60.507		330704		0.408922		298.298		
00:00:48:750		7.19518e+06		110.135		60.507		330704		0.408922		298.298		
00:00:48:649		7.19496e+06		110.135		60.4017		327714		0.407122		298.4		
00:00:48:450		7.19428e+06		110.07		60.2966		324689		0.405315		298.608		
00:00:48:450		7.19428e+06		110.07		60.2966		324689		0.405315		298.608		
00:00:48:350		7.19384e+06		110.07		60.2966		324689		0.405315		298.715		
00:00:48:250		7.19336e+06		110.005		60.2966		324689		0.405315		298.823		
00:00:48:149		7.19286e+06		110.005		60.1917		321616		0.4035		298.933		
00:00:48:049		7.19231e+06		110.005		60.1917		321616		0.4035		299.045		
00:00:47:850		7.19099e+06		109.94		60.087		318492		0.401678		299.272		
00:00:47:850		7.19099e+06		109.94		60.087		318492		0.401678		299.272		
00:00:47:750		7.19021e+06		109.875		60.087		318492		0.401678		299.388		
00:00:47:649		7.18932e+06		109.875		59.9827		315321		0.399846		299.506		
00:00:47:549		7.18836e+06		109.875		59.9827		315321		0.399846		299.627		
00:00:47:450		7.18732e+06		109.81		59.8786		312083		0.398006		299.749		
00:00:47:299		7.18573e+06		109.81		59.8786		312083		0.398006		299.934		
00:00:47:250		7.18518e+06		109.744		59.8786		312083		0.398006		299.997		
00:00:47:149		7.18399e+06		109.744		59.7749		308813		0.396157		300.125		
00:00:47:049		7.18267e+06		109.744		59.7749		308813		0.396157		300.255		
00:00:46:950		7.18123e+06		109.678		59.6715		305509		0.394298		300.386		
00:00:46:850		7.17967e+06		109.678		59.6715		305509		0.394298		300.518		
00:00:46:750		7.17797e+06		109.612		59.6715		305509		0.394298		300.653		
00:00:46:649		7.17614e+06		109.612		59.5685		302140		0.392429		300.789		
00:00:46:549		7.17419e+06		109.612		59.5685		302140		0.392429		300.927		
00:00:46:450		7.1721e+06		109.545		59.4658		298704		0.390551		301.069		
00:00:46:350		7.16988e+06		109.545		59.4658		298704		0.390551		301.214		
00:00:46:250		7.16753e+06		109.478		59.4658		298704		0.390551		301.361		
00:00:46:149		7.16503e+06		109.478		59.3636		295205		0.388661		301.509		
00:00:46:049		7.16241e+06		109.478		59.3636		295205		0.388661		301.661		
00:00:45:950		7.15964e+06		109.411		59.2618		291639		0.38676		301.815		
00:00:45:799		7.15523e+06		109.411		59.2618		291639		0.38676		302.051		
00:00:45:750		7.15369e+06		109.343		59.2618		291639		0.38676		302.13		
00:00:45:600		7.14885e+06		109.343		59.1605		287993		0.384849		302.372		
00:00:45:500		7.14545e+06		109.275		59.1605		287993		0.384849		302.538		
00:00:45:399		7.1419e+06		109.275		59.0597		284399		0.382926		302.704		
00:00:45:299		7.13821e+06		109.275		59.0597		284399		0.382926		302.871		
00:00:45:200		7.13438e+06		109.205		58.9594		281400		0.380991		303.04		
00:00:45:100		7.13041e+06		109.205		58.9594		281400		0.380991		303.211		
00:00:45:000		7.1263e+06		109.132		58.9594		281400		0.380991		303.386		
00:00:44:899		7.12205e+06		109.132		58.8597		278872		0.379044		303.562		
00:00:44:799		7.11766e+06		109.132		58.8597		278872		0.379044		303.74		
00:00:44:700		7.11313e+06		109.048		58.7597		276286		0.377086		303.918		
00:00:44:600		7.10848e+06		109.048		58.7597		276286		0.377086		304.098		
00:00:44:500		7.1037e+06		109.017		58.7597		276286		0.377086		304.279		
00:00:44:399		7.09879e+06		109.017		58.6586		273685		0.375116		304.463		
00:00:44:299		7.09376e+06		109.017		58.6586		273685		0.375116		304.647		
00:00:44:200		7.0886e+06		108.987		58.5564		271102		0.373133		304.829		
00:00:44:100		7.08332e+06		108.987		58.5564		271102		0.373133		305.011		
00:00:44:000		7.07791e+06		108.956		58.5564		271102		0.373133		305.195		
00:00:43:899		7.07239e+06		108.956		58.4531		268519		0.37114		305.377		
00:00:43:799		7.06673e+06		108.956		58.4531		268519		0.37114		305.559		
00:00:43:700		7.06094e+06		108.924		58.3487		265906		0.369135		305.74		
00:00:43:700		7.06094e+06		108.924		58.3487		265906		0.369135		305.74		
00:00:43:600		7.05499e+06		108.924		58.3487		265906		0.369135		305.92		
00:00:43:399		7.04262e+06		108.892		58.2431		263312		0.367119		306.277		
00:00:43:299		7.03624e+06		108.892		58.2431		263312		0.367119		306.451		
00:00:43:200		7.02988e+06		108.86		58.1364		260733		0.365093		306.619		
00:00:43:100		7.02398e+06		108.86		58.1364		260733		0.365093		306.783		
00:00:43:100		7.02398e+06		108.86		58.1364		260733		0.365093		306.783		
00:00:43:000		7.01887e+06		108.828		58.1364		260733		0.365093		306.942		
00:00:42:799		7.00733e+06		108.828		58.0287		258157		0.363058		307.248		
00:00:42:700		7.00076e+06		108.795		57.9201		255566		0.361014		307.392		
00:00:42:600		6.99356e+06		108.795		57.9201		255566		0.361014		307.53		
00:00:42:500		6.98585e+06		108.762		57.9201		255566		0.361014		307.66		
00:00:42:399		6.97782e+06		108.762		57.8105		252961		0.358962		307.785		
00:00:42:299		6.96972e+06		108.762		57.8105		252961		0.358962		307.905		
00:00:42:200		6.96191e+06		108.729		57.7002		250374		0.356903		308.018		
00:00:42:100		6.95454e+06		108.729		57.7002		250374		0.356903		308.127		
00:00:41:899		6.93267e+06		108.696		57.5892		247788		0.354836		308.316		
00:00:41:899		6.93267e+06		108.696		57.5892		247788		0.354836		308.316		
00:00:41:799		6.89844e+06		108.696		57.5892		247788		0.354836		308.386		
00:00:41:799		6.89844e+06		108.696		57.5892		247788		0.354836		308.386		
00:00:41:700		6.86405e+06		108.662		57.4773		245188		0.352763		308.441		
00:00:41:549		6.82965e+06		108.662		57.4773		245188		0.352763		308.499		
00:00:41:450		6.8144e+06		108.628		57.3645		242607		0.350686		308.525		
00:00:41:350		6.81224e+06		108.628		57.3645		242607		0.350686		308.544		
00:00:41:250		6.81584e+06		108.594		57.3645		242607		0.350686		308.557		
00:00:41:149		6.81831e+06		108.594		57.2509		240044		0.348608		308.565		
00:00:41:049		6.81919e+06		108.594		57.2509		240044		0.348608		308.571		
00:00:40:850		6.81938e+06		108.559		57.1363		237466		0.346529		308.577		
00:00:40:750		6.81948e+06		108.524		57.1363		237466		0.346529		308.581		
00:00:40:750		6.81948e+06		108.524		57.1363		237466		0.346529		308.581		
00:00:40:649		6.81958e+06		108.524		57.0208		234875		0.34445		308.584		
00:00:40:549		6.81969e+06		108.524		57.0208		234875		0.34445		308.587		
00:00:40:450		6.81979e+06		108.49		56.9042		232303		0.342371		308.591		
00:00:40:350		6.81989e+06		108.49		56.9042		232303		0.342371		308.594		
00:00:40:250		6.81999e+06		108.455		56.9042		232303		0.342371		308.597		
00:00:40:149		6.8201e+06		108.455		56.7865		229732		0.340291		308.601		
00:00:40:049		6.8202e+06		108.455		56.7865		229732		0.340291		308.604		
00:00:39:850		6.8204e+06		108.419		56.6678		227181		0.33821		308.611		
00:00:39:750		6.8205e+06		108.384		56.6678		227181		0.33821		308.614		
00:00:39:750		6.8205e+06		108.384		56.6678		227181		0.33821		308.614		
00:00:39:649		6.8206e+06		108.384		56.5481		224648		0.336129		308.618		
00:00:39:549		6.8207e+06		108.384		56.5481		224648		0.336129		308.621		
00:00:39:450		6.8208e+06		108.348		56.4274		222101		0.334048		308.625		
00:00:39:350		6.8209e+06		108.348		56.4274		222101		0.334048		308.628		
00:00:39:250		6.821e+06		108.313		56.4274		222101		0.334048		308.632		
00:00:39:149		6.82109e+06		108.313		56.3058		219558		0.331966		308.635		
00:00:39:049		6.82119e+06		108.313		56.3058		219558		0.331966		308.639		
00:00:38:850		6.82138e+06		108.277		56.1832		217034		0.329883		308.646		
00:00:38:750		6.82148e+06		108.24		56.1832		217034		0.329883		308.649		
00:00:38:750		6.82148e+06		108.24		56.1832		217034		0.329883		308.649		
00:00:38:649		6.82158e+06		108.24		56.0596		214528		0.3278		308.653		
00:00:38:549		6.82167e+06		108.24		56.0596		214528		0.3278		308.657		
00:00:38:450		6.82176e+06		108.204		55.9349		212042		0.325717		308.66		
00:00:38:350		6.82186e+06		108.204		55.9349		212042		0.325717		308.664		
00:00:38:200		6.822e+06		108.168		55.809		209558		0.323633		308.669		
00:00:38:149		6.82204e+06		108.168		55.809		209558		0.323633		308.671		
00:00:38:049		6.82214e+06		108.168		55.809		209558		0.323633		308.675		
00:00:37:950		6.82223e+06		108.131		55.6819		207078		0.321548		308.679		
00:00:37:799		6.82236e+06		108.131		55.6819		207078		0.321548		308.684		
00:00:37:700		6.82245e+06		108.094		55.5535		204618		0.319463		308.688		
00:00:37:600		6.82254e+06		108.094		55.5535		204618		0.319463		308.691		
00:00:37:500		6.82263e+06		108.057		55.5535		204618		0.319463		308.695		
00:00:37:450		6.82267e+06		108.057		55.4239		202161		0.317377		308.697		
00:00:37:299		6.8228e+06		108.057		55.4239		202161		0.317377		308.702		
00:00:37:200		6.82289e+06		108.019		55.2929		199708		0.315291		308.706		
00:00:37:100		6.82297e+06		108.019		55.2929		199708		0.315291		308.71		
00:00:37:000		6.82305e+06		107.981		55.2929		199708		0.315291		308.713		
00:00:36:899		6.82314e+06		107.981		55.1607		197259		0.313204		308.717		
00:00:36:799		6.82322e+06		107.981		55.1607		197259		0.313204		308.721		
00:00:36:700		6.8233e+06		107.944		55.0274		194829		0.311117		308.724		
00:00:36:600		6.82338e+06		107.944		55.0274		194829		0.311117		308.728		
00:00:36:500		6.82346e+06		107.905		55.0274		194829		0.311117		308.732		
00:00:36:399		6.82355e+06		107.905		54.8928		192404		0.309029		308.735		
00:00:36:299		6.82363e+06		107.905		54.8928		192404		0.309029		308.739		
00:00:36:200		6.82371e+06		107.867		54.7569		189984		0.30694		308.743		
00:00:36:100		6.82379e+06		107.867		54.7569		189984		0.30694		308.746		
00:00:36:000		6.82386e+06		107.828		54.7569		189984		0.30694		308.75		
00:00:35:899		6.82394e+06		107.828		54.6197		187567		0.304851		308.754		
00:00:35:799		6.82401e+06		107.828		54.6197		187567		0.304851		308.757		
00:00:35:700		6.82409e+06		107.79		54.481		185172		0.302761		308.761		
00:00:35:600		6.82416e+06		107.79		54.481		185172		0.302761		308.765		
00:00:35:500		6.82424e+06		107.751		54.481		185172		0.302761		308.768		
00:00:35:399		6.82431e+06		107.751		54.3408		182796		0.300671		308.772		
00:00:35:299		6.82438e+06		107.751		54.3408		182796		0.300671		308.775		
00:00:35:200		6.82445e+06		107.711		54.1992		180410		0.29858		308.779		
00:00:35:100		6.82452e+06		107.711		54.1992		180410		0.29858		308.782		
00:00:35:000		6.8246e+06		107.672		54.1992		180410		0.29858		308.786		
00:00:34:899		6.82466e+06		107.672		54.0561		178013		0.296488		308.789		
00:00:34:799		6.82474e+06		107.672		54.0561		178013		0.296488		308.793		
00:00:34:799		6.82474e+06		107.672		54.0561		178013		0.296488		308.793		
00:00:34:700		6.82481e+06		107.632		53.9118		175638		0.294396		308.796		
00:00:34:450		6.82497e+06		107.592		53.7664		173268		0.292303		308.805		
00:00:34:450		6.82497e+06		107.592		53.7664		173268		0.292303		308.805		
00:00:34:350		6.82504e+06		107.592		53.7664		173268		0.292303		308.809		
00:00:34:250		6.82510e+06		107.551		53.7664		173268		0.292303		308.812		
00:00:34:149		6.82517e+06		107.551		53.6198		170889		0.290209		308.815		
00:00:34:049		6.82524e+06		107.551		53.6198		170889		0.290209		308.819		
00:00:33:850		6.82536e+06		107.51		53.4719		168545		0.288115		308.826		
00:00:33:750		6.82542e+06		107.469		53.4719		168545		0.288115		308.829		
00:00:33:750		6.82542e+06		107.469		53.4719		168545		0.288115		308.829		
00:00:33:649		6.82549e+06		107.469		53.3227		166208		0.28602		308.832		
00:00:33:549		6.82555e+06		107.469		53.3227		166208		0.28602		308.836		
00:00:33:450		6.82561e+06		107.428		53.1721		163846		0.283924		308.839		
00:00:33:350		6.82567e+06		107.428		53.1721		163846		0.283924		308.842		
00:00:33:250		6.82573e+06		107.387		53.1721		163846		0.283924		308.845		
00:00:33:149		6.82579e+06		107.387		53.0201		161507		0.281828		308.848		
00:00:33:049		6.82585e+06		107.387		53.0201		161507		0.281828		308.851		
00:00:32:950		6.82591e+06		107.345		52.8665		159173		0.279731		308.854		
00:00:32:799		6.826e+06		107.345		52.8665		159173		0.279731		308.858		
00:00:32:700		6.82606e+06		107.303		52.7113		156817		0.277633		308.861		
00:00:32:700		6.82606e+06		107.303		52.7113		156817		0.277633		308.861		
00:00:32:549		6.82615e+06		107.303		52.7113		156817		0.277633		308.865		
00:00:32:450		6.82621e+06		107.261		52.5546		154468		0.275535		308.867		
00:00:32:350		6.82626e+06		107.261		52.5546		154468		0.275535		308.869		
00:00:32:250		6.82632e+06		107.218		52.5546		154468		0.275535		308.872		
00:00:32:149		6.82638e+06		107.218		52.3962		152127		0.273436		308.874		
00:00:32:049		6.82643e+06		107.218		52.3962		152127		0.273436		308.877		
00:00:31:850		6.82654e+06		107.175		52.2364		149777		0.271336		308.882		
00:00:31:750		6.8266e+06		107.132		52.2364		149777		0.271336		308.885		
00:00:31:750		6.8266e+06		107.132		52.2364		149777		0.271336		308.885		
00:00:31:649		6.82666e+06		107.132		52.075		147436		0.269236		308.887		
00:00:31:550		6.82671e+06		107.132		52.075		147436		0.269236		308.89		
00:00:31:449		6.82677e+06		107.088		51.9119		145102		0.267135		308.892		
00:00:31:350		6.82682e+06		107.088		51.9119		145102		0.267135		308.894		
00:00:31:250		6.82688e+06		107.045		51.9119		145102		0.267135		308.897		
00:00:31:149		6.82693e+06		107.045		51.7472		142777		0.265033		308.899		
00:00:31:000		6.82701e+06		107.001		51.7472		142777		0.265033		308.902		
00:00:30:899		6.82707e+06		107.001		51.5806		140474		0.26293		308.904		
00:00:30:800		6.82713e+06		107.001		51.5806		140474		0.26293		308.906		
00:00:30:699		6.82718e+06		106.956		51.4122		138180		0.260827		308.909		
00:00:30:600		6.82724e+06		106.956		51.4122		138180		0.260827		308.91		
00:00:30:500		6.82729e+06		106.911		51.4122		138180		0.260827		308.912		
00:00:30:399		6.82735e+06		106.911		51.2421		135879		0.258723		308.914		
00:00:30:300		6.8274e+06		106.911		51.2421		135879		0.258723		308.917		
00:00:30:199		6.82746e+06		106.866		51.0703		133574		0.256619		308.919		
00:00:30:100		6.82751e+06		106.866		51.0703		133574		0.256619		308.921		
00:00:30:000		6.82757e+06		106.821		51.0703		133574		0.256619		308.923		
00:00:29:899		6.82763e+06		106.821		50.8967		131277		0.254514		308.925		
00:00:29:800		6.82768e+06		106.821		50.8967		131277		0.254514		308.927		
00:00:29:699		6.82774e+06		106.776		50.7212		128975		0.252407		308.929		
00:00:29:600		6.82779e+06		106.776		50.7212		128975		0.252407		308.931		
00:00:29:500		6.82785e+06		106.73		50.7212		128975		0.252407		308.933		
00:00:29:399		6.82791e+06		106.73		50.5436		126684		0.250301		308.934		
00:00:29:300		6.82796e+06		106.73		50.5436		126684		0.250301		308.936		
00:00:29:199		6.82802e+06		106.683		50.364		124401		0.248193		308.937		
00:00:29:100		6.82808e+06		106.683		50.364		124401		0.248193		308.939		
00:00:29:000		6.82814e+06		106.637		50.364		124401		0.248193		308.941		
00:00:29:000		6.82814e+06		106.637		50.364		124401		0.248193		308.941		
00:00:28:800		6.82826e+06		106.637		50.182		122129		0.246084		308.944		
00:00:28:649		6.82834e+06		106.59		49.9978		119867		0.243975		308.947		
00:00:28:649		6.82834e+06		106.59		49.9978		119867		0.243975		308.947		
00:00:28:550		6.8284e+06		106.59		49.9978		119867		0.243975		308.949		
00:00:28:449		6.82846e+06		106.542		49.811		117602		0.241864		308.951		
00:00:28:350		6.82852e+06		106.542		49.811		117602		0.241864		308.952		
00:00:28:250		6.82857e+06		106.495		49.811		117602		0.241864		308.954		
00:00:28:199		6.82861e+06		106.495		49.6218		115362		0.239753		308.955		
00:00:28:050		6.8287e+06		106.495		49.6218		115362		0.239753		308.958		
00:00:27:949		6.82876e+06		106.447		49.43		113146		0.23764		308.959		
00:00:27:750		6.82888e+06		106.398		49.43		113146		0.23764		308.963		
00:00:27:750		6.82888e+06		106.398		49.43		113146		0.23764		308.963		
00:00:27:649		6.82894e+06		106.398		49.2359		110941		0.235527		308.965		
00:00:27:550		6.829e+06		106.398		49.2359		110941		0.235527		308.967		
00:00:27:449		6.82906e+06		106.35		49.0393		108734		0.233413		308.968		
00:00:27:350		6.82913e+06		106.35		49.0393		108734		0.233413		308.969		
00:00:27:250		6.82919e+06		106.3		49.0393		108734		0.233413		308.971		
00:00:27:149		6.82925e+06		106.3		48.8403		106526		0.231298		308.973		
00:00:27:050		6.82931e+06		106.3		48.8403		106526		0.231298		308.975		
00:00:26:949		6.82937e+06		106.251		48.639		104329		0.229181		308.978		
00:00:26:750		6.8295e+06		106.201		48.639		104329		0.229181		308.983		
00:00:26:750		6.8295e+06		106.201		48.639		104329		0.229181		308.983		
00:00:26:649		6.82956e+06		106.201		48.4356		102171		0.227063		308.985		
00:00:26:550		6.82962e+06		106.201		48.4356		102171		0.227063		308.988		
00:00:26:449		6.82968e+06		106.151		48.2303		100026		0.224944		308.99		
00:00:26:350		6.82974e+06		106.151		48.2303		100026		0.224944		308.993		
00:00:26:250		6.8298e+06		106.1		48.2303		100026		0.224944		308.995		
00:00:26:149		6.82986e+06		106.1		48.0238		97866.8		0.222823		308.998		
00:00:26:050		6.82992e+06		106.1		48.0238		97866.8		0.222823		309.001		
00:00:25:949		6.82998e+06		106.049		47.8172		95721.1		0.220701		309.003		
00:00:25:699		6.83013e+06		105.998		47.6106		93601.9		0.218578		309.01		
00:00:25:699		6.83013e+06		105.998		47.6106		93601.9		0.218578		309.01		
00:00:25:649		6.83016e+06		105.998		47.6106		93601.9		0.218578		309.012		
00:00:25:550		6.83022e+06		105.998		47.6106		93601.9		0.218578		309.014		
00:00:25:449		6.83028e+06		105.946		47.4042		91522.1		0.216454		309.017		
00:00:25:350		6.83034e+06		105.946		47.4042		91522.1		0.216454		309.02		
00:00:25:250		6.8304e+06		105.894		47.4042		91522.1		0.216454		309.023		
00:00:25:100		6.83049e+06		105.894		47.198		89455.9		0.214328		309.027		
00:00:25:000		6.83055e+06		105.842		47.198		89455.9		0.214328		309.029		
00:00:24:800		6.83066e+06		105.842		46.9918		87391.1		0.2122		309.034		
00:00:24:699		6.83072e+06		105.789		46.7858		85340.8		0.210072		309.037		
00:00:24:699		6.83072e+06		105.789		46.7858		85340.8		0.210072		309.037		
00:00:24:600		6.83078e+06		105.789		46.7858		85340.8		0.210072		309.039		
00:00:24:500		6.83084e+06		105.736		46.7858		85340.8		0.210072		309.042		
00:00:24:399		6.8309e+06		105.736		46.5799		83305.3		0.207942		309.044		
00:00:24:300		6.83096e+06		105.736		46.5799		83305.3		0.207942		309.047		
00:00:24:199		6.83102e+06		105.682		46.3744		81272.3		0.205811		309.049		
00:00:24:100		6.83107e+06		105.682		46.3744		81272.3		0.205811		309.052		
00:00:24:000		6.83114e+06		105.628		46.3744		81272.3		0.205811		309.054		
00:00:23:800		6.83125e+06		105.628		46.1696		79254.9		0.203679		309.059		
00:00:23:699		6.83131e+06		105.574		45.9661		77265.5		0.201545		309.061		
00:00:23:699		6.83131e+06		105.574		45.9661		77265.5		0.201545		309.061		
00:00:23:600		6.83137e+06		105.574		45.9661		77265.5		0.201545		309.063		
00:00:23:500		6.83142e+06		105.519		45.9661		77265.5		0.201545		309.065		
00:00:23:399		6.83148e+06		105.519		45.7637		75292.1		0.19941		309.068		
00:00:23:300		6.83154e+06		105.519		45.7637		75292.1		0.19941		309.07		
00:00:23:199		6.8316e+06		105.463		45.5628		73335		0.197274		309.072		
00:00:23:199		6.8316e+06		105.463		45.5628		73335		0.197274		309.072		
00:00:23:100		6.83166e+06		105.463		45.5628		73335		0.197274		309.074		
00:00:23:000		6.83171e+06		105.408		45.5628		73335		0.197274		309.077		
00:00:22:800		6.83182e+06		105.408		45.3634		71406.6		0.195136		309.081		
00:00:22:800		6.83182e+06		105.408		45.3634		71406.6		0.195136		309.081		
00:00:22:600		6.83196e+06		105.352		45.1658		69494.8		0.192997		309.087		
00:00:22:600		6.83196e+06		105.352		45.1658		69494.8		0.192997		309.087		
00:00:22:449		6.83202e+06		105.295		44.9701		67588.6		0.190857		309.089		
00:00:22:350		6.83208e+06		105.295		44.9701		67588.6		0.190857		309.092		
00:00:22:199		6.83216e+06		105.238		44.7764		65711.7		0.188715		309.096		
00:00:22:100		6.83221e+06		105.238		44.7764		65711.7		0.188715		309.099		
00:00:22:100		6.83221e+06		105.238		44.7764		65711.7		0.188715		309.099		
00:00:22:000		6.83227e+06		105.181		44.7764		65711.7		0.188715		309.101		
00:00:21:750		6.83240e+06		105.123		44.5847		63852.5		0.186573		309.108		
00:00:21:750		6.83240e+06		105.123		44.5847		63852.5		0.186573		309.108		
00:00:21:649		6.83246e+06		105.123		44.3952		62011.5		0.184428		309.111		
00:00:21:550		6.83251e+06		105.123		44.3952		62011.5		0.184428		309.114		
00:00:21:449		6.83256e+06		105.065		44.2083		60189		0.182283		309.116		
00:00:21:350		6.83262e+06		105.065		44.2083		60189		0.182283		309.119		
00:00:21:250		6.83267e+06		105.007		44.2083		60189		0.182283		309.122		
00:00:21:149		6.83272e+06		105.007		44.0244		58374.1		0.180136		309.125		
00:00:20:949		6.83282e+06		104.948		43.8435		56600.7		0.177987		309.13		
00:00:20:949		6.83282e+06		104.948		43.8435		56600.7		0.177987		309.13		
00:00:20:750		6.83292e+06		104.888		43.8435		56600.7		0.177987		309.135		
00:00:20:750		6.83292e+06		104.888		43.8435		56600.7		0.177987		309.135		
00:00:20:649		6.83297e+06		104.888		43.6659		54857.3		0.175837		309.138		
00:00:20:550		6.83302e+06		104.888		43.6659		54857.3		0.175837		309.141		
00:00:20:449		6.83307e+06		104.829		43.4922		53122.7		0.173686		309.143		
00:00:20:350		6.83312e+06		104.829		43.4922		53122.7		0.173686		309.146		
00:00:20:250		6.83317e+06		104.769		43.4922		53122.7		0.173686		309.148		
00:00:20:149		6.83322e+06		104.769		43.3228		51407.8		0.171534		309.151		
00:00:20:050		6.83326e+06		104.769		43.3228		51407.8		0.171534		309.154		
00:00:19:850		6.83336e+06		104.708		43.1579		49744.7		0.16938		309.159		
00:00:19:699		6.83342e+06		104.647		42.998		48132.4		0.167225		309.163		
00:00:19:699		6.83342e+06		104.647		42.998		48132.4		0.167225		309.163		
00:00:19:600		6.83347e+06		104.647		42.998		48132.4		0.167225		309.165		
00:00:19:500		6.83351e+06		104.586		42.998		48132.4		0.167225		309.168		
00:00:19:399		6.83356e+06		104.586		42.8436		46550		0.165068		309.17		
00:00:19:300		6.8336e+06		104.586		42.8436		46550		0.165068		309.173		
00:00:19:199		6.83364e+06		104.525		42.6952		45078.6		0.16291		309.176		
00:00:19:100		6.83369e+06		104.525		42.6952		45078.6		0.16291		309.178		
00:00:19:000		6.83373e+06		104.464		42.6952		45078.6		0.16291		309.181		
00:00:18:899		6.83377e+06		104.464		42.5529		43706.2		0.16075		309.184		
00:00:18:750		6.83383e+06		104.403		42.5529		43706.2		0.16075		309.188		
00:00:18:750		6.83383e+06		104.403		42.5529		43706.2		0.16075		309.188		
00:00:18:600		6.83389e+06		104.403		42.4153		42340.6		0.158589		309.192		
00:00:18:550		6.83391e+06		104.403		42.4153		42340.6		0.158589		309.193		
00:00:18:399		6.83396e+06		104.352		42.2796		40993.8		0.156427		309.198		
00:00:18:300		6.834e+06		104.352		42.2796		40993.8		0.156427		309.2		
00:00:18:199		6.83404e+06		104.302		42.1454		39675.6		0.154263		309.203		
00:00:18:100		6.83408e+06		104.302		42.1454		39675.6		0.154263		309.206		
00:00:18:000		6.83411e+06		104.25		42.1454		39675.6		0.154263		309.209		
00:00:17:800		6.83418e+06		104.25		42.0126		38386.2		0.152097		309.215		
00:00:17:699		6.83421e+06		104.198		41.8815		37125.4		0.149931		309.218		
00:00:17:699		6.83421e+06		104.198		41.8815		37125.4		0.149931		309.218		
00:00:17:600		6.83425e+06		104.198		41.8815		37125.4		0.149931		309.221		
00:00:17:500		6.83428e+06		104.146		41.8815		37125.4		0.149931		309.224		
00:00:17:399		6.83431e+06		104.146		41.7522		35884		0.147762		309.227		
00:00:17:300		6.83434e+06		104.146		41.7522		35884		0.147762		309.23		
00:00:17:199		6.83437e+06		104.094		41.6255		34653.4		0.145592		309.233		
00:00:17:100		6.8344e+06		104.094		41.6255		34653.4		0.145592		309.236		
00:00:17:100		6.8344e+06		104.094		41.6255		34653.4		0.145592		309.236		
00:00:16:899		6.83446e+06		104.041		41.5018		33433.9		0.143421		309.242		
00:00:16:800		6.83448e+06		104.041		41.5018		33433.9		0.143421		309.246		
00:00:16:800		6.83448e+06		104.041		41.5018		33433.9		0.143421		309.246		
00:00:16:649		6.83453e+06		103.987		41.3813		32235		0.141248		309.25		
00:00:16:500		6.83457e+06		103.933		41.3813		32235		0.141248		309.255		
00:00:16:399		6.8346e+06		103.933		41.2642		31056.9		0.139073		309.258		
00:00:16:300		6.83462e+06		103.933		41.2642		31056.9		0.139073		309.261		
00:00:16:199		6.83465e+06		103.879		41.1507		29899.8		0.136897		309.265		
00:00:16:100		6.83467e+06		103.879		41.1507		29899.8		0.136897		309.268		
00:00:16:000		6.83469e+06		103.824		41.1507		29899.8		0.136897		309.271		
00:00:15:900		6.83471e+06		103.824		41.0408		28747.4		0.134719		309.274		
00:00:15:800		6.83474e+06		103.824		41.0408		28747.4		0.134719		309.278		
00:00:15:699		6.83476e+06		103.768		40.9349		27608.7		0.132539		309.281		
00:00:15:699		6.83476e+06		103.768		40.9349		27608.7		0.132539		309.281		
00:00:15:599		6.83478e+06		103.768		40.9349		27608.7		0.132539		309.284		
00:00:15:500		6.8348e+06		103.712		40.9349		27608.7		0.132539		309.287		
00:00:15:400		6.83482e+06		103.712		40.8336		26508		0.130358		309.291		
00:00:15:250		6.83484e+06		103.656		40.8336		26508		0.130358		309.296		
00:00:15:150		6.83486e+06		103.656		40.7369		25437.2		0.128175		309.299		
00:00:15:050		6.83488e+06		103.656		40.7369		25437.2		0.128175		309.302		
00:00:14:949		6.8349e+06		103.599		40.645		24380.9		0.12599		309.305		
00:00:14:750		6.83492e+06		103.542		40.645		24380.9		0.12599		309.312		
00:00:14:750		6.83492e+06		103.542		40.645		24380.9		0.12599		309.312		
00:00:14:650		6.83494e+06		103.542		40.5577		23346.9		0.123804		309.315		
00:00:14:550		6.83495e+06		103.542		40.5577		23346.9		0.123804		309.318		
00:00:14:449		6.83497e+06		103.484		40.474		22335.6		0.121616		309.322		
00:00:14:349		6.83498e+06		103.484		40.474		22335.6		0.121616		309.325		
00:00:14:250		6.83499e+06		103.426		40.474		22335.6		0.121616		309.328		
00:00:14:150		6.83500e+06		103.426		40.3941		21339.9		0.119426		309.331		
00:00:14:050		6.83501e+06		103.426		40.3941		21339.9		0.119426		309.335		
00:00:13:949		6.83502e+06		103.367		40.3185		20367		0.117235		309.338		
00:00:13:750		6.83504e+06		103.308		40.3185		20367		0.117235		309.344		
00:00:13:750		6.83504e+06		103.308		40.3185		20367		0.117235		309.344		
00:00:13:650		6.83505e+06		103.308		40.2483		19423.8		0.115042		309.347		
00:00:13:550		6.83506e+06		103.308		40.2483		19423.8		0.115042		309.351		
00:00:13:449		6.83506e+06		103.248		40.1836		18510		0.112847		309.354		
00:00:13:349		6.83507e+06		103.248		40.1836		18510		0.112847		309.357		
00:00:13:250		6.83508e+06		103.188		40.1836		18510		0.112847		309.36		
00:00:13:099		6.83509e+06		103.188		40.1245		17625		0.11065		309.365		
00:00:13:000		6.8351e+06		103.128		40.1245		17625		0.11065		309.368		
00:00:12:900		6.8351e+06		103.128		40.0713		16812.5		0.108451		309.371		
00:00:12:699		6.83511e+06		103.067		40.024		16064.7		0.106251		309.377		
00:00:12:699		6.83511e+06		103.067		40.024		16064.7		0.106251		309.377		
00:00:12:650		6.83511e+06		103.067		40.024		16064.7		0.106251		309.378		
00:00:12:500		6.83512e+06		103.005		40.024		16064.7		0.106251		309.383		
00:00:12:400		6.83512e+06		103.005		39.9824		15324.5		0.104049		309.386		
00:00:12:300		6.83512e+06		103.005		39.9824		15324.5		0.104049		309.389		
00:00:12:199		6.83512e+06		102.953		39.939		14598.8		0.101845		309.391		
00:00:12:099		6.83512e+06		102.953		39.939		14598.8		0.101845		309.394		
00:00:12:000		6.83512e+06		102.901		39.939		14598.8		0.101845		309.397		
00:00:11:800		6.83512e+06		102.901		39.8936		13893.8		0.0996386		309.403		
00:00:11:699		6.83512e+06		102.848		39.846		13198.2		0.0974308		309.405		
00:00:11:699		6.83512e+06		102.848		39.846		13198.2		0.0974308		309.405		
00:00:11:599		6.83512e+06		102.848		39.846		13198.2		0.0974308		309.408		
00:00:11:500		6.83511e+06		102.793		39.846		13198.2		0.0974308		309.411		
00:00:11:400		6.83511e+06		102.793		39.7963		12518		0.0952211		309.413		
00:00:11:300		6.8351e+06		102.793		39.7963		12518		0.0952211		309.416		
00:00:11:300		6.8351e+06		102.793		39.7963		12518		0.0952211		309.416		
00:00:11:099		6.83509e+06		102.738		39.7448		11853.1		0.0930094		309.421		
00:00:11:000		6.83508e+06		102.683		39.7448		11853.1		0.0930094		309.424		
00:00:11:000		6.83508e+06		102.683		39.7448		11853.1		0.0930094		309.424		
00:00:10:800		6.83506e+06		102.683		39.6922		11208.6		0.0907958		309.429		
00:00:10:800		6.83506e+06		102.683		39.6922		11208.6		0.0907958		309.429		
00:00:10:650		6.83505e+06		102.626		39.6388		10584.5		0.0885802		309.433		
00:00:10:550		6.83504e+06		102.626		39.6388		10584.5		0.0885802		309.435		
00:00:10:449		6.83502e+06		102.568		39.5846		9975.79		0.0863626		309.438		
00:00:10:349		6.83501e+06		102.568		39.5846		9975.79		0.0863626		309.44		
00:00:10:250		6.835e+06		102.511		39.5846		9975.79		0.0863626		309.443		
00:00:10:150		6.83498e+06		102.511		39.5295		9387.26		0.0841429		309.445		
00:00:10:050		6.83497e+06		102.511		39.5295		9387.26		0.0841429		309.448		
00:00:09:949		6.83495e+06		102.454		39.4712		8814.47		0.0819212		309.45		
00:00:09:750		6.83491e+06		102.396		39.4712		8814.47		0.0819212		309.455		
00:00:09:750		6.83491e+06		102.396		39.4712		8814.47		0.0819212		309.455		
00:00:09:650		6.83489e+06		102.396		39.4088		8257.42		0.0796973		309.458		
00:00:09:550		6.83487e+06		102.396		39.4088		8257.42		0.0796973		309.46		
00:00:09:449		6.83484e+06		102.337		39.3458		7720.34		0.0774712		309.463		
00:00:09:349		6.83482e+06		102.337		39.3458		7720.34		0.0774712		309.465		
00:00:09:250		6.83479e+06		102.277		39.3458		7720.34		0.0774712		309.468		
00:00:09:150		6.83476e+06		102.277		39.2823		7199.11		0.075243		309.47		
00:00:09:050		6.83473e+06		102.277		39.2823		7199.11		0.075243		309.473		
00:00:08:949		6.8347e+06		102.216		39.2187		6693.58		0.0730125		309.476		
00:00:08:750		6.83464e+06		102.154		39.2187		6693.58		0.0730125		309.481		
00:00:08:750		6.83464e+06		102.154		39.2187		6693.58		0.0730125		309.481		
00:00:08:650		6.8346e+06		102.154		39.1556		6203.72		0.0707796		309.484		
00:00:08:550		6.83456e+06		102.154		39.1556		6203.72		0.0707796		309.486		
00:00:08:449		6.83452e+06		102.091		39.0931		5725.21		0.0685444		309.489		
00:00:08:349		6.83448e+06		102.091		39.0931		5725.21		0.0685444		309.492		
00:00:08:250		6.83444e+06		102.027		39.0931		5725.21		0.0685444		309.495		
00:00:08:150		6.83439e+06		102.027		39.0316		5257.08		0.0663068		309.498		
00:00:08:050		6.83435e+06		102.027		39.0316		5257.08		0.0663068		309.501		
00:00:07:950		6.8343e+06		101.961		38.9722		4831.08		0.0640668		309.504		
00:00:07:700		6.83417e+06		101.896		38.9165		4446.4		0.0618242		309.512		
00:00:07:700		6.83417e+06		101.896		38.9165		4446.4		0.0618242		309.512		
00:00:07:599		6.83412e+06		101.896		38.9165		4446.4		0.0618242		309.515		
00:00:07:500		6.83406e+06		101.824		38.9165		4446.4		0.0618242		309.519		
00:00:07:400		6.83401e+06		101.824		38.8646		4070.19		0.0595789		309.522		
00:00:07:299		6.83395e+06		101.824		38.8646		4070.19		0.0595789		309.526		
00:00:07:200		6.83389e+06		101.766		38.8093		3700.39		0.0573311		309.529		
00:00:07:099		6.83382e+06		101.766		38.8093		3700.39		0.0573311		309.533		
00:00:07:000		6.83376e+06		101.705		38.8093		3700.39		0.0573311		309.537		
00:00:06:900		6.83369e+06		101.705		38.7467		3337.76		0.0550805		309.541		
00:00:06:799		6.83362e+06		101.705		38.7467		3337.76		0.0550805		309.545		
00:00:06:700		6.83355e+06		101.644		38.678		2983.45		0.052827		309.549		
00:00:06:599		6.83348e+06		101.644		38.678		2983.45		0.052827		309.554		
00:00:06:500		6.83341e+06		101.58		38.678		2983.45		0.052827		309.558		
00:00:06:400		6.83333e+06		101.58		38.6033		2636.11		0.0505707		309.563		
00:00:06:299		6.83326e+06		101.58		38.6033		2636.11		0.0505707		309.568		
00:00:06:200		6.83318e+06		101.515		38.5228		2302.19		0.0483114		309.573		
00:00:06:099		6.8331e+06		101.515		38.5228		2302.19		0.0483114		309.578		
00:00:06:000		6.83302e+06		101.448		38.5228		2302.19		0.0483114		309.583		
00:00:05:799		6.83286e+06		101.448		38.4374		1985.75		0.046049		309.594		
00:00:05:700		6.83277e+06		101.379		38.3479		1684.4		0.0437834		309.6		
00:00:05:700		6.83277e+06		101.379		38.3479		1684.4		0.0437834		309.6		
00:00:05:599		6.83269e+06		101.379		38.3479		1684.4		0.0437834		309.605		
00:00:05:500		6.8326e+06		101.308		38.3479		1684.4		0.0437834		309.611		
00:00:05:500		6.8326e+06		101.308		38.3479		1684.4		0.0437834		309.611		
00:00:05:400		6.83252e+06		101.308		38.2545		1399		0.0415145		309.618		
00:00:05:299		6.83243e+06		101.308		38.2545		1399		0.0415145		309.624		
00:00:05:099		6.83226e+06		101.235		38.1582		1133.27		0.0392423		309.637		
00:00:05:000		6.83217e+06		101.16		38.1582		1133.27		0.0392423		309.644		
00:00:04:799		6.83217e+06		101.16		38.1582		1133.27		0.0392423		309.644		
00:00:04:700		6.83193e+06		101.083		37.9605		687.306		0.0346872		309.665		
00:00:04:700		6.83193e+06		101.083		37.9605		687.306		0.0346872		309.665		
00:00:04:700		6.83193e+06		101.083		37.9605		687.306		0.0346872		309.665		
00:00:04:549		6.8318e+06		101.083		37.9605		687.306		0.0346872		309.677		
00:00:04:450		6.83173e+06		101.004		37.8606		507.5		0.0324042		309.684		
00:00:04:400		6.83169e+06		101.004		37.8606		507.5		0.0324042		309.688		
00:00:04:250		6.83158e+06		100.923		37.8606		507.5		0.0324042		309.7		
00:00:04:150		6.83151e+06		100.923		37.7614		355.721		0.0301174		309.707		
00:00:04:049		6.83145e+06		100.923		37.7614		355.721		0.0301174		309.715		
00:00:03:950		6.83138e+06		100.841		37.6632		231.991		0.0278267		309.723		
00:00:03:850		6.83132e+06		100.841		37.6632		231.991		0.0278267		309.731		
00:00:03:750		6.83127e+06		100.758		37.6632		231.991		0.0278267		309.739		
00:00:03:649		6.83122e+06		100.758		37.5683		137.348		0.025532		309.747		
00:00:03:549		6.83118e+06		100.758		37.5683		137.348		0.025532		309.755		
00:00:03:450		6.83114e+06		100.675		37.478		79.9724		0.0232333		309.762		
00:00:03:350		6.83111e+06		100.675		37.478		79.9724		0.0232333		309.77		
00:00:03:149		6.83109e+06		100.675		37.478		79.9724		0.0232333		309.774		
00:00:03:149		6.83106e+06		100.591		37.3977		48.8094		0.0209304		309.784		
00:00:03:049		6.83104e+06		100.591		37.3977		48.8094		0.0209304		309.791		
00:00:02:950		6.83102e+06		100.503		37.3366		25.4853		0.0186232		309.798		
00:00:02:850		6.83102e+06		100.503		37.3366		25.4853		0.0186232		309.803		
00:00:02:750		6.83101e+06		100.462		37.3366		25.4853		0.0186232		309.809		
00:00:02:649		6.83101e+06		100.462		37.2553		10.4563		0.0163116		309.813		
00:00:02:549		6.83101e+06		100.462		37.2553		10.4563		0.0163116		309.817		
00:00:02:450		6.83102e+06		100.414		37.1514		2.88051		0.0139954		309.82		
00:00:02:350		6.83103e+06		100.414		37.1514		2.88051		0.0139954		309.821		
00:00:02:250		6.83104e+06		100.36		37.1514		2.88051		0.0139954		309.822		
00:00:02:149		6.83105e+06		100.36		37.0269		0.385744		0.0116745		309.821		
00:00:02:049		6.83106e+06		100.36		37.0269		0.385744		0.0116745		309.82		
00:00:01:949		6.83108e+06		100.298		36.8844		0		0.00934847		309.817		
00:00:01:800		6.8311e+06		100.298		36.8844		0		0.00934847		309.812		
00:00:01:699		6.83111e+06		100.231		36.7279		0		0.0070171		309.808		
00:00:01:649		6.83111e+06		100.231		36.7279		0		0.0070171		309.806		
00:00:01:500		6.83113e+06		100.16		36.7279		0		0.0070171		309.8		
00:00:01:399		6.83114e+06		100.16		36.565		0		0.00468145		309.794		
00:00:01:300		6.83116e+06		100.16		36.565		0		0.00468145		309.786		
00:00:01:199		6.83117e+06		100.088		36.4303		0		0.00234178		309.777		
00:00:01:100		6.83118e+06		100.088		36.4303		0		0.00234178		309.771		
00:00:01:000		6.83119e+06		100.016		36.4303		0		0.00234178		309.773		
00:00:00:900		6.83119e+06		100.016		36.3828		0		0		309.786		
00:00:00:800		6.83118e+06		100.016		36.3828		0		0		309.812		
00:00:00:699		6.83118e+06		100.069		36.3831		0		0		309.846		
00:00:00:599		6.83118e+06		100.069		36.3831		0		0		309.846		
00:00:00:500		6.83117e+06		100.069		36.3831		0		0		309.846		
00:00:00:400		6.83117e+06		100.069		36.3834		0		0		309.846		
00:00:00:299		6.83116e+06		100.069		36.3834		0		0		309.846		
00:00:00:200		6.83116e+06		100.069		36.3837		0		0		309.846		
00:00:00:100		6.83116e+06		100.069		36.3837		0		0		309.846		
00:00:00:100		6.83116e+06		100.069		36.3837		0		0		309.846		
00:00:00:000		6.83115e+06		100.069		36.3837		0		0		309.846		
00:00:00:000		6.83115e+06		100.069		36.3837		0		0		309.846		
00:00:00:000		6.83115e+06		100.069		36.3837		0		0		309.846		
00:00:00:000		6.83115e+06		100.069		36.3837		0		0		309.846		
00:00:00:000		6.83115e+06		100.069		36.3837		0		0		309.846		
