	time 		rcpppzr	rcp054rcp007mnzoyout	rcv501std0102fvol	fwfrcp001gv	rcppmssga	msfsg(1)	
00:01:01:100		1.54371e+07		0.0995827		2.97283		529.726		6.96753e+06		526.703		
00:01:00:950		1.54371e+07		0.0997009		2.97244		529.726		6.96753e+06		526.704		
00:01:00:850		1.54372e+07		0.0998192		2.97218		529.728		6.96752e+06		526.71		
00:01:00:850		1.54372e+07		0.0998192		2.97218		529.728		6.96752e+06		526.71		
00:01:00:750		1.54372e+07		0.0999374		2.97183		529.728		6.96751e+06		526.7		
00:01:00:649		1.54373e+07		0.100056		2.97149		529.728		6.96751e+06		526.706		
00:01:00:450		1.54374e+07		0.100293		2.97084		529.73		6.9675e+06		526.707		
00:01:00:350		1.54374e+07		0.100411		2.97049		529.73		6.96749e+06		526.708		
00:01:00:350		1.54374e+07		0.100411		2.97049		529.73		6.96749e+06		526.708		
00:01:00:250		1.54375e+07		0.100529		2.97019		529.73		6.96748e+06		526.701		
00:01:00:149		1.54375e+07		0.100647		2.96984		529.731		6.96748e+06		526.711		
00:01:00:000		1.54376e+07		0.100825		2.9693		529.731		6.96747e+06		526.711		
00:01:00:000		1.54376e+07		0.100825		2.9693		529.731		6.96747e+06		526.711		
00:00:59:899		1.54376e+07		0.100944		2.96899		529.733		6.96746e+06		526.712		
00:00:59:700		1.54377e+07		0.101181		2.9683		529.733		6.96745e+06		526.71		
00:00:59:700		1.54377e+07		0.101181		2.9683		529.733		6.96745e+06		526.71		
00:00:59:500		1.54378e+07		0.101418		2.96765		529.735		6.96744e+06		526.716		
00:00:59:399		1.54379e+07		0.101537		2.96734		529.735		6.96743e+06		526.717		
00:00:59:399		1.54379e+07		0.101537		2.96734		529.735		6.96743e+06		526.717		
00:00:59:200		1.5438e+07		0.101774		2.96669		529.735		6.96742e+06		526.719		
00:00:59:200		1.5438e+07		0.101774		2.96669		529.735		6.96742e+06		526.719		
00:00:59:100		1.5438e+07		0.101893		2.96635		529.737		6.96741e+06		526.719		
00:00:59:000		1.54381e+07		0.102011		2.966		529.737		6.96741e+06		526.72		
00:00:58:899		1.54381e+07		0.10213		2.96571		529.737		6.9674e+06		526.721		
00:00:58:799		1.54382e+07		0.102249		2.96544		529.737		6.9674e+06		526.72		
00:00:58:700		1.54382e+07		0.102368		2.96518		529.737		6.96739e+06		526.716		
00:00:58:500		1.54383e+07		0.102606		2.96448		529.739		6.96738e+06		526.725		
00:00:58:399		1.54384e+07		0.102725		2.96417		529.741		6.96737e+06		526.72		
00:00:58:399		1.54384e+07		0.102725		2.96417		529.741		6.96737e+06		526.72		
00:00:58:299		1.54384e+07		0.102844		2.96387		529.741		6.96737e+06		526.728		
00:00:58:200		1.54385e+07		0.102963		2.96356		529.741		6.96736e+06		526.729		
00:00:58:100		1.54385e+07		0.103082		2.96318		529.742		6.96735e+06		526.73		
00:00:58:000		1.54386e+07		0.103201		2.96287		529.742		6.96735e+06		526.731		
00:00:57:899		1.54386e+07		0.103321		2.96256		529.742		6.96734e+06		526.732		
00:00:57:799		1.54387e+07		0.103439		2.96226		529.742		6.96734e+06		526.73		
00:00:57:600		1.54388e+07		0.103678		2.96152		529.744		6.96732e+06		526.737		
00:00:57:500		1.54388e+07		0.103797		2.96122		529.744		6.96732e+06		526.738		
00:00:57:500		1.54388e+07		0.103797		2.96122		529.744		6.96732e+06		526.738		
00:00:57:350		1.54389e+07		0.103977		2.9608		529.744		6.96731e+06		526.738		
00:00:57:250		1.54389e+07		0.104096		2.9605		529.744		6.9673e+06		526.737		
00:00:57:149		1.5439e+07		0.104216		2.96011		529.746		6.9673e+06		526.736		
00:00:57:100		1.5439e+07		0.104275		2.95991		529.746		6.96729e+06		526.743		
00:00:57:000		1.54391e+07		0.104395		2.95965		529.746		6.96729e+06		526.744		
00:00:56:899		1.54391e+07		0.104515		2.95938		529.746		6.96728e+06		526.745		
00:00:56:799		1.54392e+07		0.104634		2.95904		529.746		6.96727e+06		526.744		
00:00:56:700		1.54392e+07		0.104753		2.95865		529.748		6.96727e+06		526.739		
00:00:56:600		1.54393e+07		0.104873		2.95839		529.748		6.96726e+06		526.751		
00:00:56:450		1.54393e+07		0.105053		2.95793		529.748		6.96725e+06		526.753		
00:00:56:350		1.54394e+07		0.105173		2.95762		529.748		6.96725e+06		526.753		
00:00:56:250		1.54394e+07		0.105293		2.95727		529.748		6.96724e+06		526.753		
00:00:56:149		1.54395e+07		0.105412		2.95697		529.75		6.96724e+06		526.75		
00:00:56:049		1.54395e+07		0.105533		2.95658		529.75		6.96723e+06		526.759		
00:00:55:950		1.54396e+07		0.105652		2.95644		529.752		6.96722e+06		526.76		
00:00:55:850		1.54396e+07		0.105772		2.95601		529.752		6.96722e+06		526.755		
00:00:55:750		1.54397e+07		0.105893		2.95562		529.754		6.96721e+06		526.764		
00:00:55:649		1.54398e+07		0.106013		2.95541		529.754		6.9672e+06		526.764		
00:00:55:549		1.54398e+07		0.106133		2.95507		529.754		6.9672e+06		526.76		
00:00:55:450		1.54399e+07		0.106253		2.9548		529.754		6.96719e+06		526.788		
00:00:55:350		1.54399e+07		0.106373		2.95445		529.754		6.96719e+06		526.766		
00:00:55:250		1.544e+07		0.106493		2.95414		529.754		6.96718e+06		526.774		
00:00:55:149		1.544e+07		0.106614		2.95384		529.754		6.96717e+06		526.774		
00:00:55:049		1.54401e+07		0.106734		2.95357		529.754		6.96717e+06		526.769		
00:00:54:950		1.54401e+07		0.106855		2.95323		529.754		6.96716e+06		526.781		
00:00:54:850		1.54402e+07		0.106975		2.95284		529.754		6.96716e+06		526.782		
00:00:54:750		1.54402e+07		0.107096		2.95257		529.755		6.96715e+06		526.783		
00:00:54:649		1.54403e+07		0.107216		2.95227		529.755		6.96715e+06		526.785		
00:00:54:549		1.54403e+07		0.107337		2.952		529.755		6.96714e+06		526.786		
00:00:54:450		1.54404e+07		0.107457		2.9517		529.755		6.96713e+06		526.786		
00:00:54:350		1.54404e+07		0.107578		2.95139		529.755		6.96713e+06		526.784		
00:00:54:250		1.54405e+07		0.107698		2.95117		529.755		6.96712e+06		526.793		
00:00:54:149		1.54405e+07		0.107819		2.95078		529.757		6.96712e+06		526.794		
00:00:54:049		1.54406e+07		0.10794		2.9506		529.755		6.96711e+06		526.796		
00:00:53:950		1.54406e+07		0.108061		2.95025		529.757		6.96711e+06		526.796		
00:00:53:799		1.54407e+07		0.108243		2.94988		529.757		6.9671e+06		526.799		
00:00:53:799		1.54407e+07		0.108243		2.94988		529.757		6.9671e+06		526.799		
00:00:53:700		1.54407e+07		0.108363		2.94953		529.757		6.96709e+06		526.795		
00:00:53:399		1.54409e+07		0.108726		2.9487		529.757		6.96707e+06		526.82		
00:00:53:399		1.54409e+07		0.108726		2.9487		529.757		6.96707e+06		526.82		
00:00:53:399		1.54409e+07		0.108726		2.9487		529.757		6.96707e+06		526.82		
00:00:53:299		1.5441e+07		0.108847		2.94844		529.757		6.96707e+06		526.799		
00:00:53:200		1.5441e+07		0.108968		2.94809		529.759		6.96706e+06		526.812		
00:00:53:049		1.54411e+07		0.10915		2.94759		529.759		6.96705e+06		526.814		
00:00:52:950		1.54411e+07		0.109271		2.94736		529.759		6.96705e+06		526.815		
00:00:52:850		1.54412e+07		0.109393		2.94712		529.759		6.96704e+06		526.811		
00:00:52:750		1.54412e+07		0.109514		2.94685		529.759		6.96704e+06		526.82		
00:00:52:549		1.54413e+07		0.109757		2.94624		529.761		6.96703e+06		526.823		
00:00:52:549		1.54413e+07		0.109757		2.94624		529.761		6.96703e+06		526.823		
00:00:52:450		1.54414e+07		0.109879		2.94602		529.761		6.96702e+06		526.824		
00:00:52:350		1.54414e+07		0.11		2.94571		529.761		6.96702e+06		526.836		
00:00:52:250		1.54415e+07		0.110121		2.94545		529.761		6.96701e+06		526.848		
00:00:52:100		1.54415e+07		0.110121		2.94545		529.761		6.96701e+06		526.848		
00:00:52:100		1.54416e+07		0.110303		2.94499		529.761		6.967e+06		526.829		
00:00:52:000		1.54416e+07		0.110425		2.94468		529.761		6.967e+06		526.823		
00:00:51:899		1.54417e+07		0.110547		2.94446		529.761		6.96699e+06		526.838		
00:00:51:799		1.54417e+07		0.110669		2.94415		529.761		6.96699e+06		526.829		
00:00:51:700		1.54418e+07		0.11079		2.94385		529.763		6.96698e+06		526.839		
00:00:51:500		1.54419e+07		0.111034		2.94328		529.763		6.96697e+06		526.843		
00:00:51:399		1.54419e+07		0.111156		2.94297		529.763		6.96696e+06		526.845		
00:00:51:399		1.54419e+07		0.111156		2.94297		529.763		6.96696e+06		526.845		
00:00:51:299		1.5442e+07		0.111278		2.94267		529.763		6.96696e+06		526.846		
00:00:51:200		1.5442e+07		0.1114		2.94249		529.763		6.96695e+06		526.848		
00:00:51:100		1.54421e+07		0.111522		2.9421		529.763		6.96695e+06		526.85		
00:00:51:000		1.54422e+07		0.111644		2.94183		529.763		6.96694e+06		526.851		
00:00:50:899		1.54422e+07		0.111766		2.94161		529.763		6.96694e+06		526.853		
00:00:50:799		1.54423e+07		0.111887		2.94131		529.763		6.96693e+06		526.854		
00:00:50:700		1.54423e+07		0.11201		2.94096		529.765		6.96693e+06		526.855		
00:00:50:600		1.54424e+07		0.112132		2.94074		529.765		6.96692e+06		526.855		
00:00:50:399		1.54425e+07		0.112376		2.94017		529.763		6.96691e+06		526.868		
00:00:50:399		1.54425e+07		0.112376		2.94017		529.763		6.96691e+06		526.868		
00:00:50:299		1.54425e+07		0.112499		2.93986		529.765		6.96691e+06		526.857		
00:00:50:200		1.54426e+07		0.112621		2.93964		529.765		6.9669e+06		526.865		
00:00:50:100		1.54426e+07		0.112743		2.93933		529.765		6.9669e+06		526.867		
00:00:50:000		1.54427e+07		0.112866		2.93907		529.765		6.96689e+06		526.869		
00:00:49:850		1.54428e+07		0.113049		2.93861		529.765		6.96689e+06		526.871		
00:00:49:750		1.54428e+07		0.113172		2.93826		529.765		6.96688e+06		526.873		
00:00:49:649		1.54429e+07		0.113295		2.93808		529.765		6.96688e+06		526.874		
00:00:49:549		1.54429e+07		0.113417		2.93774		529.765		6.96687e+06		526.874		
00:00:49:450		1.5443e+07		0.11354		2.93743		529.765		6.96687e+06		526.877		
00:00:49:350		1.5443e+07		0.113662		2.93712		529.765		6.96686e+06		526.877		
00:00:49:250		1.54431e+07		0.113785		2.93687		529.765		6.96686e+06		526.872		
00:00:49:149		1.54431e+07		0.113908		2.93669		529.765		6.96685e+06		526.888		
00:00:49:100		1.54432e+07		0.113969		2.93663		529.765		6.96685e+06		526.884		
00:00:48:950		1.54432e+07		0.114153		2.93612		529.765		6.96684e+06		526.886		
00:00:48:850		1.54433e+07		0.114276		2.93582		529.766		6.96684e+06		526.888		
00:00:48:750		1.54433e+07		0.114398		2.93555		529.766		6.96683e+06		526.889		
00:00:48:649		1.54434e+07		0.114522		2.93533		529.766		6.96683e+06		526.891		
00:00:48:549		1.54435e+07		0.114645		2.93503		529.766		6.96682e+06		526.891		
00:00:48:450		1.54435e+07		0.114768		2.93472		529.766		6.96682e+06		526.899		
00:00:48:350		1.54436e+07		0.114891		2.9345		529.766		6.96681e+06		526.897		
00:00:48:250		1.54436e+07		0.115014		2.93419		529.766		6.96681e+06		526.897		
00:00:48:149		1.54437e+07		0.115137		2.93392		529.766		6.9668e+06		526.901		
00:00:48:049		1.54437e+07		0.11526		2.93366		529.766		6.9668e+06		526.923		
00:00:47:950		1.54438e+07		0.115383		2.9334		529.766		6.96679e+06		526.903		
00:00:47:850		1.54438e+07		0.115506		2.93313		529.766		6.96679e+06		526.905		
00:00:47:750		1.54439e+07		0.115629		2.93283		529.766		6.96679e+06		526.906		
00:00:47:649		1.54439e+07		0.115753		2.93252		529.766		6.96678e+06		526.908		
00:00:47:549		1.5444e+07		0.115876		2.93226		529.766		6.96678e+06		526.909		
00:00:47:450		1.54441e+07		0.115999		2.93199		529.766		6.96677e+06		526.911		
00:00:47:350		1.54441e+07		0.116122		2.93173		529.766		6.96677e+06		526.912		
00:00:47:250		1.54442e+07		0.116246		2.93142		529.766		6.96676e+06		526.913		
00:00:47:149		1.54442e+07		0.116369		2.93116		529.766		6.96676e+06		526.915		
00:00:47:049		1.54443e+07		0.116493		2.93094		529.766		6.96675e+06		526.916		
00:00:46:950		1.54443e+07		0.116616		2.93063		529.766		6.96675e+06		526.916		
00:00:46:850		1.54444e+07		0.11674		2.93037		529.766		6.96674e+06		526.92		
00:00:46:700		1.54445e+07		0.116925		2.92995		529.766		6.96674e+06		526.922		
00:00:46:600		1.54445e+07		0.117049		2.92973		529.766		6.96673e+06		526.923		
00:00:46:600		1.54445e+07		0.117049		2.92973		529.766		6.96673e+06		526.923		
00:00:46:399		1.54446e+07		0.117296		2.92912		529.766		6.96672e+06		526.925		
00:00:46:399		1.54446e+07		0.117296		2.92912		529.766		6.96672e+06		526.925		
00:00:46:299		1.54447e+07		0.11742		2.9289		529.766		6.96672e+06		526.925		
00:00:46:200		1.54447e+07		0.117544		2.92855		529.766		6.96672e+06		526.927		
00:00:46:100		1.54448e+07		0.117667		2.92833		529.766		6.96671e+06		526.939		
00:00:46:000		1.54448e+07		0.117791		2.92806		529.766		6.96671e+06		526.933		
00:00:45:899		1.54449e+07		0.117915		2.9278		529.766		6.9667e+06		526.941		
00:00:45:799		1.5445e+07		0.118039		2.92758		529.766		6.9667e+06		526.925		
00:00:45:700		1.5445e+07		0.118163		2.92723		529.766		6.96669e+06		526.937		
00:00:45:500		1.54451e+07		0.118411		2.92674		529.766		6.96669e+06		526.94		
00:00:45:399		1.54452e+07		0.118535		2.92639		529.766		6.96668e+06		526.941		
00:00:45:399		1.54452e+07		0.118535		2.92639		529.766		6.96668e+06		526.941		
00:00:45:299		1.54452e+07		0.118659		2.92617		529.766		6.96668e+06		526.942		
00:00:45:200		1.54453e+07		0.118783		2.92595		529.766		6.96667e+06		526.938		
00:00:45:100		1.54453e+07		0.118906		2.9256		529.768		6.96667e+06		526.946		
00:00:45:000		1.54454e+07		0.119031		2.92534		529.766		6.96666e+06		526.948		
00:00:44:899		1.54455e+07		0.119155		2.92509		529.766		6.96666e+06		526.948		
00:00:44:799		1.54455e+07		0.119279		2.92487		529.766		6.96666e+06		526.949		
00:00:44:700		1.54456e+07		0.119403		2.9246		529.766		6.96665e+06		526.946		
00:00:44:450		1.54457e+07		0.119714		2.924		529.766		6.96664e+06		526.956		
00:00:44:350		1.54458e+07		0.119839		2.9237		529.766		6.96664e+06		526.957		
00:00:44:350		1.54458e+07		0.119839		2.9237		529.766		6.96664e+06		526.957		
00:00:44:250		1.54458e+07		0.119963		2.92343		529.766		6.96663e+06		526.958		
00:00:44:149		1.54459e+07		0.120087		2.92317		529.766		6.96663e+06		526.96		
00:00:44:049		1.54459e+07		0.120212		2.9229		529.766		6.96663e+06		526.961		
00:00:43:950		1.5446e+07		0.120336		2.92264		529.766		6.96662e+06		526.962		
00:00:43:850		1.5446e+07		0.120461		2.92233		529.766		6.96662e+06		526.964		
00:00:43:750		1.54461e+07		0.120585		2.92211		529.766		6.96661e+06		526.965		
00:00:43:649		1.54461e+07		0.120709		2.92185		529.766		6.96661e+06		526.967		
00:00:43:549		1.54462e+07		0.120834		2.92154		529.766		6.96661e+06		526.968		
00:00:43:450		1.54463e+07		0.120958		2.92132		529.766		6.9666e+06		526.969		
00:00:43:350		1.54463e+07		0.121083		2.92106		529.766		6.9666e+06		526.969		
00:00:43:250		1.54464e+07		0.121208		2.92079		529.766		6.96659e+06		526.969		
00:00:43:149		1.54464e+07		0.121333		2.92049		529.766		6.96659e+06		526.97		
00:00:43:049		1.54465e+07		0.121457		2.92031		529.766		6.96659e+06		526.982		
00:00:42:950		1.54465e+07		0.121582		2.92		529.766		6.96658e+06		526.975		
00:00:42:850		1.54466e+07		0.121707		2.91974		529.766		6.96658e+06		526.976		
00:00:42:750		1.54467e+07		0.121831		2.91947		529.766		6.96658e+06		526.977		
00:00:42:649		1.54467e+07		0.121956		2.91921		529.766		6.96657e+06		526.978		
00:00:42:549		1.54468e+07		0.122081		2.91895		529.766		6.96657e+06		526.979		
00:00:42:450		1.54468e+07		0.122206		2.91868		529.766		6.96656e+06		526.978		
00:00:42:350		1.54469e+07		0.122331		2.91842		529.766		6.96656e+06		526.981		
00:00:42:200		1.5447e+07		0.122518		2.91809		529.766		6.96655e+06		526.985		
00:00:42:200		1.5447e+07		0.122518		2.91809		529.766		6.96655e+06		526.985		
00:00:42:100		1.5447e+07		0.122643		2.91778		529.766		6.96655e+06		526.985		
00:00:42:000		1.54471e+07		0.122768		2.91752		529.766		6.96655e+06		526.987		
00:00:41:850		1.54472e+07		0.123018		2.91695		529.766		6.96654e+06		526.988		
00:00:41:700		1.54473e+07		0.123143		2.91672		529.765		6.96654e+06		526.989		
00:00:41:700		1.54473e+07		0.123143		2.91672		529.765		6.96654e+06		526.989		
00:00:41:600		1.54473e+07		0.123268		2.91642		529.765		6.96653e+06		526.985		
00:00:41:399		1.54474e+07		0.123518		2.91598		529.765		6.96653e+06		526.995		
00:00:41:399		1.54474e+07		0.123518		2.91598		529.765		6.96653e+06		526.995		
00:00:41:299		1.54475e+07		0.123643		2.91563		529.765		6.96652e+06		526.996		
00:00:41:200		1.54475e+07		0.123769		2.91545		529.765		6.96652e+06		526.997		
00:00:41:100		1.54476e+07		0.123894		2.91516		529.765		6.96652e+06		526.998		
00:00:41:000		1.54477e+07		0.124019		2.91498		529.765		6.96651e+06		526.998		
00:00:40:899		1.54477e+07		0.124145		2.91471		529.765		6.96651e+06		526.999		
00:00:40:799		1.54478e+07		0.124269		2.91441		529.765		6.9665e+06		527.001		
00:00:40:700		1.54478e+07		0.124395		2.91418		529.765		6.9665e+06		527.002		
00:00:40:600		1.54479e+07		0.12452		2.914		529.765		6.9665e+06		527.003		
00:00:40:399		1.5448e+07		0.124771		2.91343		529.765		6.96649e+06		527.004		
00:00:40:399		1.5448e+07		0.124771		2.91343		529.765		6.96649e+06		527.004		
00:00:40:299		1.54481e+07		0.124897		2.91321		529.765		6.96649e+06		527.004		
00:00:40:200		1.54481e+07		0.125022		2.91295		529.765		6.96648e+06		526.998		
00:00:40:100		1.54482e+07		0.125147		2.91268		529.765		6.96648e+06		527.005		
00:00:40:000		1.54482e+07		0.125273		2.91242		529.765		6.96648e+06		526.991		
00:00:39:899		1.54483e+07		0.125398		2.9122		529.765		6.96647e+06		527.01		
00:00:39:799		1.54483e+07		0.125524		2.91193		529.765		6.96647e+06		527.011		
00:00:39:700		1.54484e+07		0.125649		2.91163		529.763		6.96647e+06		527.012		
00:00:39:450		1.54485e+07		0.125963		2.91099		529.763		6.96646e+06		527.015		
00:00:39:350		1.54486e+07		0.126089		2.91081		529.763		6.96645e+06		527.015		
00:00:39:350		1.54486e+07		0.126089		2.91081		529.763		6.96645e+06		527.015		
00:00:39:250		1.54487e+07		0.126215		2.9105		529.763		6.96645e+06		527.017		
00:00:39:200		1.54487e+07		0.126277		2.91043		529.763		6.96645e+06		527.016		
00:00:39:049		1.54488e+07		0.126466		2.91002		529.763		6.96644e+06		527.017		
00:00:38:950		1.54488e+07		0.126591		2.90975		529.763		6.96644e+06		527.019		
00:00:38:850		1.54489e+07		0.126717		2.90953		529.763		6.96644e+06		527.021		
00:00:38:750		1.5449e+07		0.126842		2.90931		529.763		6.96644e+06		527.02		
00:00:38:649		1.5449e+07		0.126968		2.90905		529.765		6.96643e+06		527.022		
00:00:38:600		1.5449e+07		0.127031		2.90889		529.765		6.96643e+06		527.023		
00:00:38:399		1.54492e+07		0.127282		2.90836		529.763		6.96642e+06		527.024		
00:00:38:399		1.54492e+07		0.127282		2.90836		529.763		6.96642e+06		527.024		
00:00:38:299		1.54492e+07		0.127409		2.9081		529.763		6.96642e+06		527.025		
00:00:38:200		1.54493e+07		0.127534		2.90792		529.763		6.96642e+06		527.026		
00:00:38:100		1.54493e+07		0.12766		2.9077		529.763		6.96641e+06		527.027		
00:00:38:000		1.54494e+07		0.127785		2.90735		529.763		6.96641e+06		527.029		
00:00:37:850		1.54495e+07		0.127975		2.90693		529.763		6.96641e+06		527.03		
00:00:37:750		1.54495e+07		0.1281		2.90677		529.763		6.9664e+06		527.03		
00:00:37:649		1.54496e+07		0.128226		2.90655		529.763		6.9664e+06		527.031		
00:00:37:549		1.54497e+07		0.128352		2.90624		529.763		6.9664e+06		527.032		
00:00:37:450		1.54497e+07		0.128478		2.90606		529.763		6.96639e+06		527.032		
00:00:37:350		1.54498e+07		0.128603		2.9058		529.761		6.96639e+06		527.032		
00:00:37:250		1.54498e+07		0.128729		2.90558		529.761		6.96639e+06		527.035		
00:00:37:149		1.54499e+07		0.128855		2.90536		529.761		6.96639e+06		527.035		
00:00:37:049		1.545e+07		0.128981		2.90505		529.761		6.96638e+06		527.036		
00:00:36:950		1.545e+07		0.129107		2.90487		529.763		6.96638e+06		527.037		
00:00:36:850		1.54501e+07		0.129233		2.90461		529.763		6.96638e+06		527.037		
00:00:36:750		1.54501e+07		0.129359		2.90439		529.761		6.96637e+06		527.037		
00:00:36:649		1.54502e+07		0.129485		2.90416		529.761		6.96637e+06		527.037		
00:00:36:549		1.54502e+07		0.129611		2.9039		529.761		6.96637e+06		527.032		
00:00:36:450		1.54503e+07		0.129737		2.90363		529.761		6.96636e+06		527.038		
00:00:36:350		1.54504e+07		0.129863		2.90337		529.761		6.96636e+06		527.042		
00:00:36:250		1.54504e+07		0.129989		2.90315		529.761		6.96636e+06		527.042		
00:00:36:100		1.54505e+07		0.130178		2.90282		529.761		6.96635e+06		527.041		
00:00:36:100		1.54505e+07		0.130178		2.90282		529.761		6.96635e+06		527.041		
00:00:36:000		1.54506e+07		0.130304		2.90251		529.761		6.96635e+06		527.03		
00:00:35:899		1.54506e+07		0.13043		2.90229		529.761		6.96635e+06		527.045		
00:00:35:799		1.54507e+07		0.130556		2.90202		529.761		6.96635e+06		527.046		
00:00:35:700		1.54508e+07		0.130682		2.90176		529.761		6.96634e+06		527.047		
00:00:35:600		1.54508e+07		0.130808		2.90158		529.761		6.96634e+06		527.047		
00:00:35:399		1.54509e+07		0.13106		2.90105		529.761		6.96633e+06		527.048		
00:00:35:399		1.54509e+07		0.13106		2.90105		529.761		6.96633e+06		527.048		
00:00:35:299		1.5451e+07		0.131186		2.90083		529.761		6.96633e+06		527.047		
00:00:35:200		1.54511e+07		0.131312		2.90057		529.761		6.96633e+06		527.05		
00:00:35:100		1.54511e+07		0.131438		2.90039		529.761		6.96633e+06		527.05		
00:00:35:000		1.54512e+07		0.131564		2.90013		529.761		6.96632e+06		527.051		
00:00:34:899		1.54512e+07		0.131691		2.89991		529.761		6.96632e+06		527.051		
00:00:34:799		1.54513e+07		0.131816		2.8996		529.761		6.96632e+06		527.052		
00:00:34:700		1.54514e+07		0.131942		2.89942		529.761		6.96631e+06		527.052		
00:00:34:600		1.54514e+07		0.132069		2.8992		529.761		6.96631e+06		527.053		
00:00:34:399		1.54515e+07		0.13232		2.89867		529.761		6.96631e+06		527.047		
00:00:34:399		1.54515e+07		0.13232		2.89867		529.761		6.96631e+06		527.047		
00:00:34:299		1.54516e+07		0.132446		2.89845		529.761		6.9663e+06		527.054		
00:00:34:200		1.54517e+07		0.132573		2.89823		529.761		6.9663e+06		527.055		
00:00:34:100		1.54517e+07		0.132699		2.89797		529.761		6.9663e+06		527.056		
00:00:34:000		1.54518e+07		0.132824		2.8977		529.761		6.9663e+06		527.056		
00:00:33:899		1.54518e+07		0.132951		2.89748		529.761		6.96629e+06		527.056		
00:00:33:799		1.54519e+07		0.133077		2.89726		529.761		6.96629e+06		527.057		
00:00:33:649		1.5452e+07		0.133265		2.89688		529.761		6.96629e+06		527.057		
00:00:33:600		1.5452e+07		0.133328		2.89673		529.759		6.96629e+06		527.059		
00:00:33:350		1.54522e+07		0.133644		2.89622		529.759		6.96628e+06		527.069		
00:00:33:350		1.54522e+07		0.133644		2.89622		529.759		6.96628e+06		527.069		
00:00:33:250		1.54522e+07		0.13377		2.89596		529.759		6.96628e+06		527.049		
00:00:33:200		1.54523e+07		0.133833		2.89585		529.759		6.96627e+06		527.059		
00:00:33:049		1.54524e+07		0.134022		2.89547		529.759		6.96627e+06		527.06		
00:00:32:950		1.54524e+07		0.134148		2.89525		529.759		6.96627e+06		527.06		
00:00:32:850		1.54525e+07		0.134274		2.89505		529.759		6.96627e+06		527.06		
00:00:32:750		1.54525e+07		0.134399		2.89478		529.759		6.96626e+06		527.061		
00:00:32:649		1.54526e+07		0.134525		2.8946		529.759		6.96626e+06		527.061		
00:00:32:450		1.54527e+07		0.134777		2.89416		529.759		6.96626e+06		527.062		
00:00:32:350		1.54528e+07		0.134903		2.89389		529.759		6.96625e+06		527.061		
00:00:32:350		1.54528e+07		0.134903		2.89389		529.759		6.96625e+06		527.061		
00:00:32:250		1.54528e+07		0.135029		2.89367		529.759		6.96625e+06		527.061		
00:00:32:149		1.54529e+07		0.135155		2.89341		529.759		6.96625e+06		527.061		
00:00:32:049		1.5453e+07		0.135281		2.89319		529.759		6.96625e+06		527.06		
00:00:31:949		1.5453e+07		0.135406		2.89297		529.759		6.96624e+06		527.054		
00:00:31:850		1.54531e+07		0.135533		2.89275		529.759		6.96624e+06		527.062		
00:00:31:750		1.54532e+07		0.135658		2.89257		529.759		6.96624e+06		527.062		
00:00:31:649		1.54532e+07		0.135784		2.89226		529.759		6.96624e+06		527.061		
00:00:31:550		1.54533e+07		0.13591		2.89204		529.759		6.96623e+06		527.067		
00:00:31:350		1.54534e+07		0.136161		2.8916		529.759		6.96623e+06		527.064		
00:00:31:350		1.54534e+07		0.136161		2.8916		529.759		6.96623e+06		527.064		
00:00:31:250		1.54535e+07		0.136287		2.89138		529.761		6.96623e+06		527.063		
00:00:31:149		1.54535e+07		0.136413		2.89116		529.759		6.96622e+06		527.062		
00:00:31:050		1.54536e+07		0.136539		2.89089		529.759		6.96622e+06		527.062		
00:00:30:949		1.54536e+07		0.136664		2.89067		529.759		6.96622e+06		527.056		
00:00:30:850		1.54537e+07		0.13679		2.89041		529.759		6.96621e+06		527.064		
00:00:30:750		1.54538e+07		0.136916		2.89019		529.759		6.96621e+06		527.064		
00:00:30:649		1.54538e+07		0.137041		2.88997		529.761		6.96621e+06		527.065		
00:00:30:550		1.54539e+07		0.137167		2.88979		529.761		6.96621e+06		527.064		
00:00:30:449		1.5454e+07		0.137292		2.88957		529.761		6.96621e+06		527.064		
00:00:30:350		1.5454e+07		0.137418		2.8893		529.761		6.9662e+06		527.063		
00:00:30:250		1.54541e+07		0.137543		2.88908		529.761		6.9662e+06		527.063		
00:00:30:149		1.54541e+07		0.137669		2.88882		529.761		6.9662e+06		527.065		
00:00:30:050		1.54542e+07		0.137794		2.88868		529.761		6.9662e+06		527.065		
00:00:29:949		1.54543e+07		0.137919		2.88846		529.761		6.96619e+06		527.065		
00:00:29:850		1.54543e+07		0.138045		2.8882		529.761		6.96619e+06		527.065		
00:00:29:750		1.54544e+07		0.13817		2.88802		529.761		6.96619e+06		527.065		
00:00:29:600		1.54545e+07		0.138358		2.88765		529.761		6.96618e+06		527.065		
00:00:29:600		1.54545e+07		0.138358		2.88765		529.761		6.96618e+06		527.065		
00:00:29:399		1.54546e+07		0.138608		2.8872		529.761		6.96618e+06		527.071		
00:00:29:399		1.54546e+07		0.138608		2.8872		529.761		6.96618e+06		527.071		
00:00:29:300		1.54547e+07		0.138734		2.88703		529.761		6.96618e+06		527.053		
00:00:29:199		1.54547e+07		0.138859		2.88681		529.761		6.96617e+06		527.064		
00:00:29:000		1.54549e+07		0.13911		2.88632		529.761		6.96617e+06		527.063		
00:00:29:000		1.54549e+07		0.13911		2.88632		529.761		6.96617e+06		527.063		
00:00:28:899		1.54549e+07		0.139234		2.8861		529.761		6.96617e+06		527.062		
00:00:28:800		1.5455e+07		0.139359		2.88592		529.761		6.96617e+06		527.062		
00:00:28:699		1.5455e+07		0.139484		2.8857		529.761		6.96616e+06		527.061		
00:00:28:600		1.54551e+07		0.139609		2.88548		529.761		6.96616e+06		527.055		
00:00:28:399		1.54552e+07		0.139859		2.88504		529.763		6.96616e+06		527.062		
00:00:28:399		1.54552e+07		0.139859		2.88504		529.763		6.96616e+06		527.062		
00:00:28:300		1.54553e+07		0.139984		2.88478		529.763		6.96615e+06		527.062		
00:00:28:199		1.54554e+07		0.140109		2.88464		529.763		6.96615e+06		527.061		
00:00:28:100		1.54554e+07		0.140234		2.88442		529.763		6.96615e+06		527.061		
00:00:28:000		1.54555e+07		0.140358		2.88411		529.763		6.96615e+06		527.06		
00:00:27:800		1.54556e+07		0.140607		2.88371		529.765		6.96614e+06		527.059		
00:00:27:800		1.54556e+07		0.140607		2.88371		529.765		6.96614e+06		527.059		
00:00:27:699		1.54557e+07		0.140732		2.88354		529.765		6.96614e+06		527.059		
00:00:27:600		1.54557e+07		0.140857		2.88332		529.765		6.96614e+06		527.058		
00:00:27:399		1.54559e+07		0.141106		2.88287		529.765		6.96613e+06		527.056		
00:00:27:399		1.54559e+07		0.141106		2.88287		529.765		6.96613e+06		527.056		
00:00:27:250		1.5456e+07		0.141293		2.88259		529.765		6.96613e+06		527.049		
00:00:27:149		1.5456e+07		0.141417		2.88237		529.766		6.96612e+06		527.057		
00:00:27:050		1.54561e+07		0.141541		2.88219		529.766		6.96612e+06		527.056		
00:00:26:949		1.54561e+07		0.141665		2.88197		529.766		6.96612e+06		527.055		
00:00:26:850		1.54562e+07		0.141789		2.88175		529.766		6.96612e+06		527.055		
00:00:26:750		1.54563e+07		0.141913		2.88153		529.768		6.96611e+06		527.054		
00:00:26:649		1.54563e+07		0.142038		2.88135		529.768		6.96611e+06		527.053		
00:00:26:449		1.54565e+07		0.142286		2.88095		529.768		6.96611e+06		527.05		
00:00:26:350		1.54565e+07		0.14241		2.88073		529.768		6.9661e+06		527.046		
00:00:26:350		1.54565e+07		0.14241		2.88073		529.768		6.9661e+06		527.046		
00:00:26:250		1.54566e+07		0.142534		2.88046		529.768		6.9661e+06		527.053		
00:00:26:149		1.54567e+07		0.142658		2.88033		529.768		6.9661e+06		527.052		
00:00:26:050		1.54567e+07		0.142782		2.88006		529.77		6.9661e+06		527.052		
00:00:25:949		1.54568e+07		0.142905		2.87989		529.77		6.96609e+06		527.051		
00:00:25:850		1.54568e+07		0.143029		2.87967		529.77		6.96609e+06		527.05		
00:00:25:750		1.54569e+07		0.143153		2.87945		529.77		6.96609e+06		527.049		
00:00:25:649		1.5457e+07		0.143277		2.87927		529.77		6.96609e+06		527.049		
00:00:25:399		1.54571e+07		0.143585		2.87876		529.772		6.96608e+06		527.046		
00:00:25:300		1.54572e+07		0.143708		2.87854		529.772		6.96608e+06		527.04		
00:00:25:300		1.54572e+07		0.143708		2.87854		529.772		6.96608e+06		527.04		
00:00:25:199		1.54573e+07		0.143832		2.8784		529.772		6.96608e+06		527.051		
00:00:25:199		1.54573e+07		0.143832		2.8784		529.772		6.96608e+06		527.051		
00:00:25:000		1.54574e+07		0.144079		2.87792		529.774		6.96607e+06		527.046		
00:00:25:000		1.54574e+07		0.144079		2.87792		529.774		6.96607e+06		527.046		
00:00:24:850		1.54575e+07		0.144263		2.87767		529.774		6.96607e+06		527.045		
00:00:24:750		1.54576e+07		0.144386		2.8775		529.776		6.96606e+06		527.044		
00:00:24:649		1.54576e+07		0.14451		2.87728		529.776		6.96606e+06		527.043		
00:00:24:649		1.54576e+07		0.14451		2.87728		529.776		6.96606e+06		527.043		
00:00:24:399		1.54578e+07		0.144817		2.87677		529.776		6.96605e+06		527.039		
00:00:24:399		1.54578e+07		0.144817		2.87677		529.776		6.96605e+06		527.039		
00:00:24:300		1.54578e+07		0.14494		2.87659		529.777		6.96605e+06		527.038		
00:00:24:199		1.54579e+07		0.145062		2.87637		529.777		6.96605e+06		527.036		
00:00:24:000		1.5458e+07		0.145308		2.87601		529.777		6.96604e+06		527.037		
00:00:24:000		1.5458e+07		0.145308		2.87601		529.777		6.96604e+06		527.037		
00:00:23:800		1.54582e+07		0.145553		2.87557		529.779		6.96604e+06		527.035		
00:00:23:800		1.54582e+07		0.145553		2.87557		529.779		6.96604e+06		527.035		
00:00:23:699		1.54582e+07		0.145676		2.87539		529.781		6.96604e+06		527.033		
00:00:23:600		1.54583e+07		0.145798		2.87522		529.783		6.96603e+06		527.031		
00:00:23:399		1.54584e+07		0.146042		2.87486		529.783		6.96603e+06		527.029		
00:00:23:399		1.54584e+07		0.146042		2.87486		529.783		6.96603e+06		527.029		
00:00:23:300		1.54585e+07		0.146164		2.8746		529.783		6.96602e+06		527.027		
00:00:23:199		1.54585e+07		0.146286		2.87446		529.785		6.96602e+06		527.025		
00:00:23:100		1.54586e+07		0.146409		2.87429		529.785		6.96602e+06		527.018		
00:00:23:000		1.54587e+07		0.146531		2.87407		529.785		6.96602e+06		527.035		
00:00:22:899		1.54587e+07		0.146653		2.87389		529.785		6.96601e+06		527.017		
00:00:22:800		1.54588e+07		0.146775		2.87367		529.787		6.96601e+06		527.023		
00:00:22:699		1.54589e+07		0.146896		2.87349		529.787		6.96601e+06		527.021		
00:00:22:600		1.54589e+07		0.147018		2.87331		529.787		6.966e+06		527.019		
00:00:22:350		1.54591e+07		0.147323		2.8728		529.789		6.966e+06		527.01		
00:00:22:350		1.54591e+07		0.147323		2.8728		529.789		6.966e+06		527.01		
00:00:22:250		1.54592e+07		0.147444		2.87258		529.79		6.96599e+06		527.016		
00:00:22:149		1.54592e+07		0.147565		2.87241		529.79		6.96599e+06		527.014		
00:00:22:050		1.54593e+07		0.147687		2.87227		529.79		6.96599e+06		527.013		
00:00:22:000		1.54593e+07		0.147748		2.87216		529.79		6.96598e+06		527.011		
00:00:21:899		1.54594e+07		0.147869		2.87198		529.792		6.96598e+06		527.005		
00:00:21:800		1.54595e+07		0.147991		2.87181		529.792		6.96598e+06		527.01		
00:00:21:699		1.54595e+07		0.148112		2.87154		529.794		6.96597e+06		527.009		
00:00:21:600		1.54596e+07		0.148233		2.87136		529.796		6.96597e+06		527.006		
00:00:21:399		1.54597e+07		0.148475		2.87101		529.796		6.96597e+06		527.01		
00:00:21:399		1.54597e+07		0.148475		2.87101		529.796		6.96597e+06		527.01		
00:00:21:250		1.54598e+07		0.148657		2.87068		529.798		6.96596e+06		527.005		
00:00:21:149		1.54599e+07		0.148777		2.8705		529.798		6.96596e+06		527.002		
00:00:21:050		1.54599e+07		0.148898		2.87032		529.8		6.96595e+06		526.99		
00:00:20:949		1.546e+07		0.149019		2.87019		529.8		6.96595e+06		526.998		
00:00:20:850		1.54601e+07		0.14914		2.87001		529.801		6.96595e+06		527		
00:00:20:750		1.54601e+07		0.149261		2.86975		529.803		6.96594e+06		526.998		
00:00:20:649		1.54602e+07		0.149381		2.86957		529.803		6.96594e+06		526.996		
00:00:20:449		1.54603e+07		0.149622		2.86922		529.805		6.96593e+06		526.996		
00:00:20:350		1.54604e+07		0.149743		2.86908		529.805		6.96593e+06		526.996		
00:00:20:350		1.54604e+07		0.149743		2.86908		529.805		6.96593e+06		526.996		
00:00:20:250		1.54605e+07		0.149863		2.86882		529.807		6.96593e+06		526.996		
00:00:20:149		1.54605e+07		0.149983		2.86864		529.807		6.96592e+06		527.003		
00:00:20:050		1.54606e+07		0.150104		2.86842		529.809		6.96592e+06		526.98		
00:00:19:949		1.54607e+07		0.150224		2.86829		529.809		6.96591e+06		526.989		
00:00:19:850		1.54607e+07		0.150344		2.86811		529.811		6.96591e+06		526.988		
00:00:19:750		1.54608e+07		0.150464		2.86789		529.812		6.96591e+06		526.988		
00:00:19:649		1.54609e+07		0.150584		2.86771		529.812		6.9659e+06		527		
00:00:19:550		1.54609e+07		0.150703		2.86749		529.814		6.9659e+06		526.974		
00:00:19:449		1.5461e+07		0.150824		2.86736		529.814		6.9659e+06		526.983		
00:00:19:350		1.54611e+07		0.150943		2.8671		529.816		6.96589e+06		526.983		
00:00:19:250		1.54611e+07		0.151063		2.86696		529.816		6.96589e+06		526.982		
00:00:19:149		1.54612e+07		0.151242		2.86672		529.818		6.96588e+06		526.98		
00:00:19:149		1.54612e+07		0.151242		2.86672		529.818		6.96588e+06		526.98		
00:00:19:000		1.54613e+07		0.151362		2.86654		529.82		6.96588e+06		526.979		
00:00:18:899		1.54614e+07		0.151482		2.86628		529.82		6.96588e+06		526.97		
00:00:18:800		1.54614e+07		0.151601		2.86614		529.822		6.96587e+06		526.989		
00:00:18:699		1.54615e+07		0.151721		2.86592		529.823		6.96587e+06		526.976		
00:00:18:500		1.54616e+07		0.151959		2.86557		529.825		6.96586e+06		526.965		
00:00:18:399		1.54617e+07		0.152079		2.86535		529.825		6.96586e+06		526.97		
00:00:18:399		1.54617e+07		0.152079		2.86535		529.825		6.96586e+06		526.97		
00:00:18:300		1.54618e+07		0.152198		2.86513		529.827		6.96585e+06		526.971		
00:00:18:199		1.54618e+07		0.152317		2.86495		529.829		6.96585e+06		526.969		
00:00:18:100		1.54619e+07		0.152436		2.86473		529.829		6.96584e+06		526.968		
00:00:17:899		1.5462e+07		0.152674		2.86438		529.831		6.96584e+06		526.966		
00:00:17:899		1.5462e+07		0.152674		2.86438		529.831		6.96584e+06		526.966		
00:00:17:800		1.54621e+07		0.152793		2.86416		529.833		6.96583e+06		526.965		
00:00:17:699		1.54622e+07		0.152912		2.86394		529.835		6.96583e+06		526.964		
00:00:17:600		1.54622e+07		0.15303		2.86372		529.836		6.96582e+06		526.963		
00:00:17:399		1.54624e+07		0.153267		2.86341		529.838		6.96581e+06		526.961		
00:00:17:399		1.54624e+07		0.153267		2.86341		529.838		6.96581e+06		526.961		
00:00:17:300		1.54625e+07		0.153386		2.86319		529.84		6.96581e+06		526.96		
00:00:17:199		1.54625e+07		0.153504		2.86297		529.842		6.96581e+06		526.959		
00:00:17:100		1.54626e+07		0.153623		2.86279		529.842		6.9658e+06		526.959		
00:00:17:000		1.54627e+07		0.153741		2.86262		529.844		6.9658e+06		526.958		
00:00:16:899		1.54627e+07		0.15386		2.8624		529.844		6.96579e+06		526.957		
00:00:16:800		1.54628e+07		0.153978		2.86222		529.846		6.96579e+06		526.956		
00:00:16:699		1.54629e+07		0.154097		2.862		529.847		6.96578e+06		526.955		
00:00:16:600		1.54629e+07		0.154214		2.86182		529.849		6.96578e+06		526.954		
00:00:16:500		1.5463e+07		0.154333		2.8616		529.849		6.96578e+06		526.954		
00:00:16:399		1.54631e+07		0.15445		2.86143		529.851		6.96577e+06		526.953		
00:00:16:300		1.54631e+07		0.154569		2.86125		529.853		6.96577e+06		526.951		
00:00:16:199		1.54632e+07		0.154686		2.86108		529.855		6.96576e+06		526.95		
00:00:16:100		1.54633e+07		0.154805		2.86086		529.855		6.96576e+06		526.949		
00:00:15:949		1.54634e+07		0.154981		2.86057		529.858		6.96575e+06		526.947		
00:00:15:849		1.54635e+07		0.155098		2.8604		529.858		6.96575e+06		526.946		
00:00:15:750		1.54635e+07		0.155216		2.86022		529.86		6.96574e+06		526.945		
00:00:15:699		1.54636e+07		0.155275		2.86011		529.862		6.96574e+06		526.945		
00:00:15:599		1.54636e+07		0.155393		2.85989		529.862		6.96573e+06		526.943		
00:00:15:449		1.54637e+07		0.155569		2.85965		529.864		6.96573e+06		526.941		
00:00:15:349		1.54638e+07		0.155686		2.85947		529.866		6.96572e+06		526.934		
00:00:15:300		1.54638e+07		0.155745		2.85936		529.868		6.96572e+06		526.935		
00:00:15:150		1.54639e+07		0.155921		2.85912		529.87		6.96571e+06		526.941		
00:00:15:050		1.5464e+07		0.156038		2.8589		529.871		6.96571e+06		526.941		
00:00:14:949		1.54641e+07		0.156155		2.85873		529.873		6.9657e+06		526.939		
00:00:14:849		1.54642e+07		0.156272		2.85855		529.873		6.9657e+06		526.939		
00:00:14:750		1.54642e+07		0.156389		2.85834		529.875		6.96569e+06		526.937		
00:00:14:650		1.54643e+07		0.156506		2.8582		529.877		6.96569e+06		526.936		
00:00:14:550		1.54644e+07		0.156623		2.85799		529.879		6.96568e+06		526.935		
00:00:14:449		1.54644e+07		0.15674		2.85777		529.879		6.96568e+06		526.934		
00:00:14:349		1.54645e+07		0.156857		2.85759		529.882		6.96568e+06		526.932		
00:00:14:250		1.54646e+07		0.156973		2.85742		529.884		6.96567e+06		526.933		
00:00:14:150		1.54647e+07		0.15709		2.85729		529.884		6.96567e+06		526.931		
00:00:14:050		1.54647e+07		0.157207		2.85702		529.886		6.96566e+06		526.93		
00:00:13:949		1.54648e+07		0.157323		2.85685		529.888		6.96566e+06		526.923		
00:00:13:849		1.54649e+07		0.157439		2.85668		529.89		6.96565e+06		526.93		
00:00:13:750		1.54649e+07		0.157556		2.8565		529.892		6.96565e+06		526.929		
00:00:13:650		1.5465e+07		0.157672		2.85633		529.893		6.96564e+06		526.929		
00:00:13:550		1.54651e+07		0.157788		2.85611		529.895		6.96564e+06		526.927		
00:00:13:449		1.54652e+07		0.157905		2.85594		529.897		6.96563e+06		526.925		
00:00:13:349		1.54652e+07		0.15802		2.8558		529.897		6.96563e+06		526.924		
00:00:13:250		1.54653e+07		0.158137		2.85559		529.899		6.96562e+06		526.918		
00:00:13:150		1.54654e+07		0.158253		2.85541		529.901		6.96562e+06		526.924		
00:00:13:050		1.54655e+07		0.158369		2.85524		529.903		6.96561e+06		526.922		
00:00:12:949		1.54655e+07		0.158485		2.85507		529.904		6.9656e+06		526.916		
00:00:12:849		1.54656e+07		0.1586		2.85494		529.906		6.9656e+06		526.921		
00:00:12:750		1.54657e+07		0.158717		2.85472		529.908		6.96559e+06		526.921		
00:00:12:650		1.54658e+07		0.158832		2.8545		529.91		6.96559e+06		526.918		
00:00:12:449		1.54659e+07		0.159064		2.8542		529.914		6.96558e+06		526.927		
00:00:12:449		1.54659e+07		0.159064		2.8542		529.914		6.96558e+06		526.927		
00:00:12:349		1.5466e+07		0.159179		2.85407		529.916		6.96557e+06		526.918		
00:00:12:199		1.54661e+07		0.159353		2.85379		529.919		6.96557e+06		526.917		
00:00:12:199		1.54661e+07		0.159353		2.85379		529.919		6.96557e+06		526.917		
00:00:12:099		1.54662e+07		0.159468		2.85357		529.919		6.96556e+06		526.915		
00:00:11:949		1.54663e+07		0.159641		2.85329		529.923		6.96555e+06		526.912		
00:00:11:849		1.54664e+07		0.159757		2.85316		529.925		6.96555e+06		526.904		
00:00:11:699		1.54665e+07		0.15993		2.85288		529.927		6.96554e+06		526.912		
00:00:11:699		1.54665e+07		0.15993		2.85288		529.927		6.96554e+06		526.912		
00:00:11:599		1.54665e+07		0.160046		2.85266		529.928		6.96553e+06		526.913		
00:00:11:449		1.54667e+07		0.160276		2.85236		529.934		6.96552e+06		526.911		
00:00:11:300		1.54668e+07		0.160391		2.85219		529.936		6.96552e+06		526.92		
00:00:11:300		1.54668e+07		0.160391		2.85219		529.936		6.96552e+06		526.92		
00:00:11:199		1.54668e+07		0.160506		2.85202		529.938		6.96551e+06		526.911		
00:00:11:000		1.54669e+07		0.160622		2.8518		529.939		6.96551e+06		526.91		
00:00:11:000		1.5467e+07		0.160737		2.85167		529.941		6.9655e+06		526.903		
00:00:10:900		1.54671e+07		0.160852		2.8515		529.943		6.9655e+06		526.909		
00:00:10:800		1.54672e+07		0.160967		2.85137		529.945		6.96549e+06		526.911		
00:00:10:699		1.54672e+07		0.161082		2.85124		529.947		6.96548e+06		526.91		
00:00:10:599		1.54673e+07		0.161198		2.85103		529.949		6.96548e+06		526.909		
00:00:10:500		1.54674e+07		0.161313		2.85077		529.951		6.96547e+06		526.909		
00:00:10:400		1.54675e+07		0.161427		2.85073		529.952		6.96547e+06		526.909		
00:00:10:300		1.54675e+07		0.161543		2.85056		529.956		6.96546e+06		526.908		
00:00:10:099		1.54677e+07		0.161773		2.85022		529.96		6.96545e+06		526.909		
00:00:10:099		1.54677e+07		0.161773		2.85022		529.96		6.96545e+06		526.909		
00:00:10:000		1.54678e+07		0.161889		2.85		529.962		6.96545e+06		526.916		
00:00:09:800		1.54679e+07		0.162119		2.84971		529.965		6.96543e+06		526.918		
00:00:09:800		1.54679e+07		0.162119		2.84971		529.965		6.96543e+06		526.918		
00:00:09:699		1.5468e+07		0.162234		2.84954		529.967		6.96543e+06		526.905		
00:00:09:599		1.54681e+07		0.162349		2.84937		529.971		6.96542e+06		526.905		
00:00:09:400		1.54683e+07		0.16258		2.84898		529.974		6.96541e+06		526.904		
00:00:09:400		1.54683e+07		0.16258		2.84898		529.974		6.96541e+06		526.904		
00:00:09:300		1.54683e+07		0.162694		2.84886		529.976		6.96541e+06		526.903		
00:00:09:199		1.54684e+07		0.16281		2.84873		529.98		6.9654e+06		526.902		
00:00:09:099		1.54685e+07		0.162925		2.84856		529.982		6.96539e+06		526.901		
00:00:09:000		1.54686e+07		0.163041		2.84839		529.984		6.96539e+06		526.901		
00:00:08:900		1.54687e+07		0.163157		2.84814		529.985		6.96538e+06		526.899		
00:00:08:800		1.54688e+07		0.163272		2.84806		529.987		6.96538e+06		526.9		
00:00:08:699		1.54688e+07		0.163388		2.84793		529.991		6.96537e+06		526.901		
00:00:08:599		1.54689e+07		0.163504		2.84776		529.993		6.96536e+06		526.901		
00:00:08:500		1.5469e+07		0.16362		2.84759		529.995		6.96536e+06		526.901		
00:00:08:400		1.54691e+07		0.163735		2.84738		529.997		6.96535e+06		526.901		
00:00:08:300		1.54692e+07		0.163851		2.84726		529.998		6.96535e+06		526.901		
00:00:08:199		1.54693e+07		0.163967		2.84713		530.002		6.96534e+06		526.9		
00:00:08:099		1.54693e+07		0.164083		2.84692		530.004		6.96533e+06		526.9		
00:00:08:000		1.54694e+07		0.164198		2.8468		530.006		6.96533e+06		526.9		
00:00:07:900		1.54695e+07		0.164314		2.84655		530.009		6.96532e+06		526.899		
00:00:07:750		1.54696e+07		0.164488		2.84637		530.013		6.96531e+06		526.899		
00:00:07:650		1.54697e+07		0.164604		2.84629		530.015		6.96531e+06		526.899		
00:00:07:450		1.54699e+07		0.164836		2.84596		530.02		6.96529e+06		526.898		
00:00:07:349		1.547e+07		0.164953		2.84583		530.024		6.96529e+06		526.897		
00:00:07:349		1.547e+07		0.164953		2.84583		530.024		6.96529e+06		526.897		
00:00:07:250		1.54701e+07		0.165071		2.84558		530.026		6.96528e+06		526.896		
00:00:07:150		1.54702e+07		0.165187		2.8455		530.028		6.96528e+06		526.895		
00:00:07:049		1.54703e+07		0.165305		2.84533		530.031		6.96527e+06		526.896		
00:00:06:950		1.54704e+07		0.165422		2.84521		530.033		6.96526e+06		526.894		
00:00:06:849		1.54705e+07		0.165538		2.84504		530.035		6.96526e+06		526.893		
00:00:06:750		1.54705e+07		0.165655		2.84484		530.037		6.96525e+06		526.887		
00:00:06:650		1.54706e+07		0.165772		2.8448		530.041		6.96524e+06		526.895		
00:00:06:549		1.54707e+07		0.165888		2.84456		530.043		6.96524e+06		526.894		
00:00:06:450		1.54708e+07		0.166005		2.84453		530.046		6.96523e+06		526.892		
00:00:06:349		1.54709e+07		0.166121		2.84433		530.048		6.96522e+06		526.89		
00:00:06:200		1.5471e+07		0.166296		2.84407		530.052		6.96521e+06		526.893		
00:00:06:150		1.54711e+07		0.166354		2.84406		530.054		6.96521e+06		526.893		
00:00:06:049		1.54712e+07		0.166471		2.8439		530.057		6.9652e+06		526.892		
00:00:05:900		1.54713e+07		0.166647		2.84363		530.061		6.96519e+06		526.89		
00:00:05:900		1.54713e+07		0.166647		2.84363		530.061		6.96519e+06		526.89		
00:00:05:799		1.54714e+07		0.166766		2.84356		530.063		6.96519e+06		526.882		
00:00:05:700		1.54715e+07		0.166884		2.84339		530.066		6.96518e+06		526.89		
00:00:05:599		1.54716e+07		0.167004		2.84322		530.068		6.96517e+06		526.888		
00:00:05:500		1.54717e+07		0.167123		2.8431		530.07		6.96517e+06		526.887		
00:00:05:299		1.54719e+07		0.16736		2.84281		530.078		6.96515e+06		526.882		
00:00:05:299		1.54719e+07		0.16736		2.84281		530.078		6.96515e+06		526.882		
00:00:05:150		1.54721e+07		0.167536		2.84264		530.081		6.96514e+06		526.886		
00:00:05:000		1.54722e+07		0.16771		2.84252		530.085		6.96513e+06		526.884		
00:00:05:000		1.54722e+07		0.16771		2.84252		530.085		6.96513e+06		526.884		
00:00:04:900		1.54723e+07		0.167825		2.84237		530.089		6.96512e+06		526.881		
00:00:04:799		1.54724e+07		0.16794		2.84223		530.09		6.96512e+06		526.879		
00:00:04:700		1.54725e+07		0.168054		2.84209		530.094		6.96511e+06		526.872		
00:00:04:599		1.54726e+07		0.168169		2.84195		530.096		6.9651e+06		526.879		
00:00:04:400		1.54728e+07		0.168403		2.84169		530.101		6.96509e+06		526.874		
00:00:04:299		1.54729e+07		0.168522		2.84148		530.105		6.96508e+06		526.867		
00:00:04:299		1.54729e+07		0.168522		2.84148		530.105		6.96508e+06		526.867		
00:00:04:200		1.5473e+07		0.168642		2.84136		530.107		6.96507e+06		526.874		
00:00:04:099		1.54731e+07		0.168763		2.84123		530.111		6.96507e+06		526.871		
00:00:04:000		1.54732e+07		0.168884		2.84105		530.112		6.96506e+06		526.869		
00:00:03:899		1.54734e+07		0.169005		2.84096		530.116		6.96505e+06		526.867		
00:00:03:799		1.54735e+07		0.169124		2.84087		530.118		6.96505e+06		526.866		
00:00:03:700		1.54736e+07		0.169242		2.84075		530.122		6.96504e+06		526.864		
00:00:03:600		1.54737e+07		0.169356		2.84069		530.124		6.96503e+06		526.862		
00:00:03:450		1.54739e+07		0.169523		2.84059		530.127		6.96502e+06		526.859		
00:00:03:350		1.5474e+07		0.169631		2.84052		530.131		6.96501e+06		526.856		
00:00:03:250		1.54741e+07		0.169737		2.8404		530.133		6.96501e+06		526.855		
00:00:03:149		1.54742e+07		0.169843		2.84025		530.136		6.965e+06		526.844		
00:00:03:049		1.54743e+07		0.169949		2.84005		530.138		6.96499e+06		526.869		
00:00:02:950		1.54743e+07		0.170058		2.83989		530.142		6.96499e+06		526.849		
00:00:02:850		1.54744e+07		0.17017		2.8397		530.144		6.96498e+06		526.847		
00:00:02:750		1.54745e+07		0.170287		2.83945		530.146		6.96497e+06		526.847		
00:00:02:700		1.54746e+07		0.170347		2.83943		530.147		6.96497e+06		526.845		
00:00:02:600		1.54747e+07		0.170468		2.83919		530.149		6.96496e+06		526.843		
00:00:02:500		1.54749e+07		0.170593		2.83898		530.153		6.96496e+06		526.841		
00:00:02:399		1.54751e+07		0.170779		2.83884		530.157		6.96495e+06		526.84		
00:00:02:250		1.54753e+07		0.170899		2.83876		530.159		6.96494e+06		526.839		
00:00:02:149		1.54755e+07		0.171014		2.8387		530.162		6.96494e+06		526.837		
00:00:02:049		1.54756e+07		0.171121		2.83877		530.164		6.96493e+06		526.836		
00:00:01:949		1.54757e+07		0.171219		2.83869		530.168		6.96492e+06		526.834		
00:00:01:850		1.54758e+07		0.171309		2.8387		530.171		6.96492e+06		526.832		
00:00:01:750		1.54759e+07		0.171393		2.83866		530.173		6.96491e+06		526.831		
00:00:01:649		1.5476e+07		0.171473		2.83851		530.177		6.96491e+06		526.829		
00:00:01:550		1.5476e+07		0.171552		2.83836		530.181		6.9649e+06		526.83		
00:00:01:449		1.5476e+07		0.171636		2.83798		530.182		6.9649e+06		526.829		
00:00:01:350		1.54761e+07		0.171727		2.83769		530.186		6.96489e+06		526.826		
00:00:01:250		1.54761e+07		0.171829		2.83721		530.188		6.96489e+06		526.825		
00:00:01:149		1.54762e+07		0.171944		2.83677		530.192		6.96488e+06		526.822		
00:00:01:050		1.54764e+07		0.172068		2.83648		530.195		6.96488e+06		526.815		
00:00:00:949		1.54766e+07		0.1722		2.83618		530.197		6.96487e+06		526.808		
00:00:00:849		1.54769e+07		0.172334		2.83607		530.201		6.96487e+06		526.824		
00:00:00:750		1.54772e+07		0.172462		2.83597		530.203		6.96486e+06		526.824		
00:00:00:650		1.54776e+07		0.172578		2.83595		530.206		6.96486e+06		526.824		
00:00:00:550		1.54779e+07		0.172676		2.83619		530.21		6.96486e+06		526.825		
00:00:00:450		1.54782e+07		0.172749		2.83662		530.212		6.96485e+06		526.823		
00:00:00:349		1.54784e+07		0.1728		2.83712		530.216		6.96485e+06		526.822		
00:00:00:250		1.54785e+07		0.172828		2.83715		530.217		6.96484e+06		526.825		
00:00:00:149		1.54785e+07		0.172839		2.83673		530.221		6.96484e+06		526.823		
00:00:00:050		1.54785e+07		0.17284		2.83567		530.223		6.96484e+06		526.826		
00:00:00:000		1.54785e+07		0.17284		2.83571		530.225		6.96483e+06		526.826		
00:00:00:000		1.54785e+07		0.17284		2.83571		530.225		6.96483e+06		526.826		
00:00:00:000		1.54785e+07		0.17284		2.83571		530.225		6.96483e+06		526.826		
00:00:00:000		1.54785e+07		0.17284		2.83571		530.225		6.96483e+06		526.826		
00:00:00:000		1.54785e+07		0.17284		2.83571		530.225		6.96483e+06		526.826		
00:00:00:000		1.54785e+07		0.17284		2.83571		530.225		6.96483e+06		526.826		
