	time 		rcpppzr	rcp054rcp007mnzoyout	rcv501std0102fvol	fwfrcp001gv	rcppmssga	msfsg(1)	
00:01:08:750		7.29958e+06		-5.85524		0		0		7.04961e+06		-26.4247		
00:01:08:650		7.30179e+06		-5.85515		0		0		7.04929e+06		-22.9399		
00:01:08:549		7.3041e+06		-5.85502		0		0		7.04935e+06		0		
00:01:08:450		7.30653e+06		-5.85484		0		0		7.0496e+06		17.7087		
00:01:08:250		7.31173e+06		-5.85435		0		0		7.04959e+06		21.2352		
00:01:08:250		7.31173e+06		-5.85435		0		0		7.04959e+06		21.2352		
00:01:08:150		7.31451e+06		-5.85404		0		0		7.04907e+06		6.33762		
00:01:08:049		7.3174e+06		-5.85369		0		0		7.04836e+06		-18.8119		
00:01:07:950		7.32041e+06		-5.85331		0		0		7.04779e+06		-27.3626		
00:01:07:849		7.32355e+06		-5.8529		0		0		7.04759e+06		-17.3651		
00:01:07:750		7.32681e+06		-5.85248		0		0		7.04773e+06		6.78185		
00:01:07:650		7.33019e+06		-5.85203		0		0		7.04797e+06		22.242		
00:01:07:549		7.3337e+06		-5.85158		0		0		7.04804e+06		28.2975		
00:01:07:349		7.34114e+06		-5.85067		0		0		7.04715e+06		0		
00:01:07:349		7.34114e+06		-5.85067		0		0		7.04715e+06		0		
00:01:07:250		7.34507e+06		-5.85024		0		0		7.04644e+06		-24.7165		
00:01:07:150		7.34913e+06		-5.84982		0		0		7.04596e+06		-27.1748		
00:01:07:049		7.35334e+06		-5.84943		0		0		7.04589e+06		-10.3212		
00:01:06:950		7.35768e+06		-5.84906		0		0		7.04611e+06		13.0533		
00:01:06:950		7.35768e+06		-5.84906		0		0		7.04611e+06		13.0533		
00:01:06:849		7.36216e+06		-5.84874		0		0		7.04634e+06		26.3094		
00:01:06:750		7.3668e+06		-5.84845		0		0		7.04631e+06		26.7397		
00:01:06:650		7.37159e+06		-5.84821		0		0		7.04591e+06		14.1076		
00:01:06:549		7.37654e+06		-5.84802		0		0		7.0452e+06		-12.6971		
00:01:06:349		7.38694e+06		-5.8478		0		0		7.04415e+06		-24.2861		
00:01:06:349		7.38694e+06		-5.8478		0		0		7.04415e+06		-24.2861		
00:01:06:250		7.39237e+06		-5.84777		0		0		7.04418e+06		-4.39714		
00:01:06:150		7.39796e+06		-5.8478		0		0		7.04442e+06		18.4255		
00:01:06:000		7.40662e+06		-5.84793		0		0		7.04455e+06		27.8741		
00:01:05:900		7.41258e+06		-5.84807		0		0		7.04421e+06		16.734		
00:01:05:700		7.42496e+06		-5.8484		0		0		7.04282e+06		-26.4178		
00:01:05:700		7.42496e+06		-5.8484		0		0		7.04282e+06		-26.4178		
00:01:05:599		7.43137e+06		-5.84859		0		0		7.04237e+06		-25.2818		
00:01:05:500		7.43793e+06		-5.84879		0		0		7.04232e+06		-7.73023		
00:01:05:400		7.44464e+06		-5.849		0		0		7.04251e+06		14.7869		
00:01:05:299		7.4515e+06		-5.84923		0		0		7.04268e+06		27.4097		
00:01:05:200		7.45848e+06		-5.84947		0		0		7.04256e+06		22.6325		
00:01:05:099		7.46561e+06		-5.84973		0		0		7.0421e+06		11.0068		
00:01:05:049		7.46922e+06		-5.84986		0		0		7.04177e+06		0		
00:01:04:950		7.47656e+06		-5.85013		0		0		7.04105e+06		-24.5262		
00:01:04:799		7.48782e+06		-5.85055		0		0		7.04045e+06		-21.1756		
00:01:04:700		7.4955e+06		-5.85084		0		0		7.04052e+06		3.74831		
00:01:04:599		7.50331e+06		-5.85114		0		0		7.04073e+06		20.6138		
00:01:04:500		7.51124e+06		-5.85144		0		0		7.0408e+06		29.2344		
00:01:04:400		7.51929e+06		-5.85173		0		0		7.04053e+06		19.2838		
00:01:04:299		7.52747e+06		-5.85202		0		0		7.03991e+06		1.37274		
00:01:04:099		7.53577e+06		-5.85231		0		0		7.03917e+06		-23.9344		
00:01:04:099		7.54423e+06		-5.85258		0		0		7.03864e+06		-27.938		
00:01:04:000		7.5528e+06		-5.85283		0		0		7.0385e+06		-12.4813		
00:01:03:899		7.56148e+06		-5.85306		0		0		7.03868e+06		12.2421		
00:01:03:799		7.57029e+06		-5.85326		0		0		7.03886e+06		25.52		
00:01:03:700		7.57924e+06		-5.85344		0		0		7.03879e+06		25.7667		
00:01:03:600		7.58831e+06		-5.85357		0		0		7.03835e+06		13.1827		
00:01:03:500		7.59749e+06		-5.85367		0		0		7.03763e+06		-13.7106		
00:01:03:399		7.6068e+06		-5.85372		0		0		7.03693e+06		-28.3007		
00:01:03:299		7.61623e+06		-5.85374		0		0		7.03656e+06		-24.0662		
00:01:03:149		7.63059e+06		-5.8537		0		0		7.03669e+06		11.7246		
00:01:03:049		7.64038e+06		-5.85364		0		0		7.03688e+06		25.4449		
00:01:02:950		7.65026e+06		-5.85358		0		0		7.03683e+06		27.0898		
00:01:02:850		7.66026e+06		-5.8535		0		0		7.0364e+06		14.3101		
00:01:02:750		7.67041e+06		-5.85342		0		0		7.03567e+06		-12.5454		
00:01:02:649		7.68071e+06		-5.85334		0		0		7.03495e+06		-28.4146		
00:01:02:549		7.69116e+06		-5.85325		0		0		7.03455e+06		-24.993		
00:01:02:350		7.71256e+06		-5.85307		0		0		7.03477e+06		18.9634		
00:01:02:250		7.72348e+06		-5.85296		0		0		7.03488e+06		29.4889		
00:01:02:250		7.72348e+06		-5.85296		0		0		7.03488e+06		29.4889		
00:01:02:149		7.73455e+06		-5.85284		0		0		7.03465e+06		21.6578		
00:01:02:049		7.74576e+06		-5.85272		0		0		7.03406e+06		5.05521		
00:01:01:950		7.75712e+06		-5.85259		0		0		7.03328e+06		-22.3461		
00:01:01:850		7.76864e+06		-5.85247		0		0		7.03268e+06		-29.054		
00:01:01:850		7.76864e+06		-5.85247		0		0		7.03268e+06		-29.054		
00:01:01:750		7.78031e+06		-5.85234		0		0		7.03248e+06		-15.5068		
00:01:01:649		7.79211e+06		-5.85222		0		0		7.03261e+06		10.7005		
00:01:01:549		7.80407e+06		-5.85212		0		0		7.03279e+06		25.3038		
00:01:01:250		7.84085e+06		-5.85187		0		0		7.03158e+06		-11.1955		
00:01:01:250		7.84085e+06		-5.85187		0		0		7.03158e+06		-11.1955		
00:01:01:250		7.84085e+06		-5.85187		0		0		7.03158e+06		-11.1955		
00:01:01:149		7.85338e+06		-5.85182		0		0		7.03083e+06		-28.5752		
00:01:01:049		7.86605e+06		-5.85179		0		0		7.0304e+06		-25.3566		
00:01:00:950		7.87887e+06		-5.85178		0		0		7.03039e+06		0		
00:01:00:850		7.89183e+06		-5.85178		0		0		7.03057e+06		18.8873		
00:01:00:700		7.91153e+06		-5.8518		0		0		7.03058e+06		27.5725		
00:01:00:649		7.91817e+06		-5.85182		0		0		7.0304e+06		21.6305		
00:01:00:549		7.93155e+06		-5.85185		0		0		7.02979e+06		4.86139		
00:01:00:299		7.96555e+06		-5.85193		0		0		7.0282e+06		-25.1572		
00:01:00:299		7.96555e+06		-5.85193		0		0		7.0282e+06		-25.1572		
00:01:00:200		7.97938e+06		-5.85195		0		0		7.02818e+06		0.158269		
00:01:00:100		7.99333e+06		-5.85196		0		0		7.02836e+06		19.6943		
00:01:00:000		8.00036e+06		-5.85195		0		0		7.02842e+06		25.9223		
00:01:00:000		8.00742e+06		-5.85194		0		0		7.02842e+06		30.0522		
00:00:59:899		8.02166e+06		-5.85189		0		0		7.02814e+06		21.403		
00:00:59:799		8.03604e+06		-5.8518		0		0		7.02748e+06		3.33981		
00:00:59:700		8.05056e+06		-5.85168		0		0		7.02665e+06		-24.7639		
00:00:59:600		8.06521e+06		-5.85151		0		0		7.02603e+06		-30.0368		
00:00:59:350		8.10237e+06		-5.85083		0		0		7.02607e+06		20.9273		
00:00:59:350		8.10237e+06		-5.85083		0		0		7.02607e+06		20.9273		
00:00:59:250		8.11746e+06		-5.85044		0		0		7.02613e+06		31.1969		
00:00:59:149		8.13268e+06		-5.84997		0		0		7.02584e+06		22.1001		
00:00:59:049		8.14802e+06		-5.84943		0		0		7.02515e+06		2.95085		
00:00:58:950		8.16348e+06		-5.8488		0		0		7.02428e+06		-26.473		
00:00:58:850		8.17908e+06		-5.84807		0		0		7.02363e+06		-31.237		
00:00:58:750		8.1948e+06		-5.84726		0		0		7.02343e+06		-15.9671		
00:00:58:649		8.21065e+06		-5.84636		0		0		7.02359e+06		13.2148		
00:00:58:549		8.22661e+06		-5.84537		0		0		7.02379e+06		28.7169		
00:00:58:450		8.24267e+06		-5.8443		0		0		7.02373e+06		30.7089		
00:00:58:350		8.25885e+06		-5.84316		0		0		7.02326e+06		17.4278		
00:00:58:250		8.27517e+06		-5.84197		0		0		7.02241e+06		-20.0974		
00:00:58:149		8.29162e+06		-5.84073		0		0		7.02161e+06		-30.0645		
00:00:58:049		8.30819e+06		-5.83948		0		0		7.02114e+06		-26.697		
00:00:57:950		8.3249e+06		-5.83825		0		0		7.0211e+06		0		
00:00:57:850		8.34174e+06		-5.83706		0		0		7.02127e+06		19.6977		
00:00:57:750		8.35871e+06		-5.83596		0		0		7.02135e+06		31.2639		
00:00:57:649		8.37584e+06		-5.83495		0		0		7.02109e+06		23.121		
00:00:57:549		8.39314e+06		-5.83408		0		0		7.02043e+06		6.0431		
00:00:57:450		8.41055e+06		-5.83337		0		0		7.01957e+06		-23.6489		
00:00:57:350		8.42803e+06		-5.83283		0		0		7.01891e+06		-30.054		
00:00:57:250		8.44557e+06		-5.83247		0		0		7.01869e+06		-13.466		
00:00:57:149		8.46318e+06		-5.83228		0		0		7.01879e+06		13.1202		
00:00:57:049		8.48085e+06		-5.83223		0		0		7.01891e+06		27.2035		
00:00:56:950		8.49857e+06		-5.8323		0		0		7.0188e+06		28.9332		
00:00:56:850		8.51632e+06		-5.83248		0		0		7.01829e+06		15.0974		
00:00:56:750		8.53409e+06		-5.83276		0		0		7.01746e+06		-13.6765		
00:00:56:649		8.55189e+06		-5.83313		0		0		7.01666e+06		-30.4891		
00:00:56:549		8.5697e+06		-5.8337		0		0		7.01623e+06		-25.0472		
00:00:56:450		8.58752e+06		-5.83447		0		0		7.01626e+06		5.77122		
00:00:56:299		8.61422e+06		-5.83596		0		0		7.01649e+06		29.7671		
00:00:56:200		8.63198e+06		-5.83714		0		0		7.01636e+06		30.5957		
00:00:56:100		8.64967e+06		-5.83839		0		0		7.01581e+06		15.3987		
00:00:56:000		8.66732e+06		-5.83969		0		0		7.01491e+06		-16.5729		
00:00:55:899		8.68493e+06		-5.84103		0		0		7.01408e+06		-32.2691		
00:00:55:799		8.70249e+06		-5.84226		0		0		7.01365e+06		-26.6062		
00:00:55:700		8.72001e+06		-5.84328		0		0		7.0137e+06		4.99703		
00:00:55:649		8.72877e+06		-5.84367		0		0		7.01381e+06		16.3839		
00:00:55:500		8.7551e+06		-5.8443		0		0		7.014e+06		35.0194		
00:00:55:299		8.79014e+06		-5.84475		0		0		7.01294e+06		5.16509		
00:00:55:299		8.79014e+06		-5.84475		0		0		7.01294e+06		5.16509		
00:00:55:200		8.80762e+06		-5.84496		0		0		7.012e+06		-28.4793		
00:00:55:100		8.82505e+06		-5.84515		0		0		7.0113e+06		-32.7516		
00:00:55:000		8.84242e+06		-5.84535		0		0		7.01106e+06		-16.6785		
00:00:55:000		8.84242e+06		-5.84535		0		0		7.01106e+06		-16.6785		
00:00:54:799		8.87697e+06		-5.84577		0		0		7.01139e+06		29.42		
00:00:54:700		8.89417e+06		-5.84601		0		0		7.01132e+06		30.3878		
00:00:54:600		8.91131e+06		-5.84628		0		0		7.01084e+06		17.8164		
00:00:54:399		8.94541e+06		-5.84693		0		0		7.00918e+06		-30.6782		
00:00:54:299		8.96237e+06		-5.84732		0		0		7.00872e+06		-24.969		
00:00:54:299		8.96237e+06		-5.84732		0		0		7.00872e+06		-24.969		
00:00:54:200		8.97925e+06		-5.84776		0		0		7.00868e+06		1.58204		
00:00:54:200		8.97925e+06		-5.84776		0		0		7.00868e+06		1.58204		
00:00:54:100		8.99601e+06		-5.84824		0		0		7.00884e+06		21.1641		
00:00:54:000		9.01259e+06		-5.84877		0		0		7.00888e+06		32.2003		
00:00:53:799		9.04538e+06		-5.84982		0		0		7.00794e+06		5.5968		
00:00:53:799		9.04538e+06		-5.84982		0		0		7.00794e+06		5.5968		
00:00:53:700		9.06164e+06		-5.85033		0		0		7.00703e+06		-25.9378		
00:00:53:600		9.07783e+06		-5.85083		0		0		7.00634e+06		-32.2958		
00:00:53:500		9.09396e+06		-5.85129		0		0		7.00613e+06		-14.7669		
00:00:53:299		9.12616e+06		-5.85213		0		0		7.00645e+06		29.9716		
00:00:53:200		9.14216e+06		-5.85252		0		0		7.00637e+06		32.2588		
00:00:53:100		9.15807e+06		-5.8529		0		0		7.00587e+06		17.6715		
00:00:53:100		9.15807e+06		-5.8529		0		0		7.00587e+06		17.6715		
00:00:53:000		9.17391e+06		-5.85325		0		0		7.005e+06		-12.9527		
00:00:52:899		9.18966e+06		-5.85357		0		0		7.00415e+06		-32.2305		
00:00:52:799		9.20533e+06		-5.85386		0		0		7.00368e+06		-27.2908		
00:00:52:649		9.22868e+06		-5.85425		0		0		7.00377e+06		14.2812		
00:00:52:600		9.23642e+06		-5.85436		0		0		7.00387e+06		23.034		
00:00:52:399		9.27477e+06		-5.85481		0		0		7.00333e+06		17.2872		
00:00:52:250		9.28995e+06		-5.85493		0		0		7.00245e+06		-13.9513		
00:00:52:250		9.28995e+06		-5.85493		0		0		7.00245e+06		-13.9513		
00:00:52:149		9.30504e+06		-5.85502		0		0		7.0016e+06		-32.5876		
00:00:52:049		9.32006e+06		-5.85507		0		0		7.00115e+06		-26.3014		
00:00:51:950		9.33499e+06		-5.85509		0		0		7.00115e+06		3.24193		
00:00:51:850		9.34985e+06		-5.85508		0		0		7.00133e+06		23.5765		
00:00:51:750		9.36463e+06		-5.85506		0		0		7.00138e+06		34.1909		
00:00:51:649		9.37932e+06		-5.85502		0		0		7.00105e+06		23.8827		
00:00:51:549		9.39394e+06		-5.85498		0		0		7.00031e+06		3.27244		
00:00:51:399		9.41572e+06		-5.85493		0		0		6.99902e+06		-32.7621		
00:00:51:399		9.41572e+06		-5.85493		0		0		6.99902e+06		-32.7621		
00:00:51:299		9.43014e+06		-5.85493		0		0		6.99861e+06		-23.6862		
00:00:51:200		9.44448e+06		-5.85497		0		0		6.99863e+06		5.48083		
00:00:51:100		9.45873e+06		-5.85506		0		0		6.99879e+06		24.5197		
00:00:51:000		9.47292e+06		-5.85522		0		0		6.9988e+06		33.5796		
00:00:50:799		9.50113e+06		-5.85572		0		0		6.99765e+06		0.0989231		
00:00:50:799		9.50113e+06		-5.85572		0		0		6.99765e+06		0.0989231		
00:00:50:649		9.5221e+06		-5.85628		0		0		6.99636e+06		-33.3497		
00:00:50:549		9.53598e+06		-5.85678		0		0		6.99598e+06		-22.2192		
00:00:50:450		9.54976e+06		-5.85739		0		0		6.99602e+06		7.76388		
00:00:50:350		9.56345e+06		-5.85813		0		0		6.99619e+06		26.4127		
00:00:50:250		9.57704e+06		-5.859		0		0		6.99618e+06		33.9266		
00:00:50:149		9.59054e+06		-5.85997		0		0		6.99576e+06		21.6913		
00:00:50:049		9.60393e+06		-5.86101		0		0		6.99495e+06		0		
00:00:49:950		9.61731e+06		-5.86208		0		0		6.99401e+06		-31.659		
00:00:49:850		9.63071e+06		-5.86311		0		0		6.9934e+06		-31.2995		
00:00:49:750		9.64415e+06		-5.86406		0		0		6.99328e+06		-7.09465		
00:00:49:649		9.65755e+06		-5.86487		0		0		6.99343e+06		19.9557		
00:00:49:549		9.67099e+06		-5.86551		0		0		6.99353e+06		34.4881		
00:00:49:450		9.68444e+06		-5.86597		0		0		6.99329e+06		28.4255		
00:00:49:350		9.69792e+06		-5.8662		0		0		6.9926e+06		9.99838		
00:00:49:250		9.71143e+06		-5.86619		0		0		6.99163e+06		-23.3668		
00:00:49:149		9.725e+06		-5.86589		0		0		6.99083e+06		-34.5849		
00:00:49:049		9.73855e+06		-5.86525		0		0		6.99049e+06		-20.4117		
00:00:48:950		9.75206e+06		-5.86424		0		0		6.99056e+06		11.3659		
00:00:48:850		9.76554e+06		-5.86282		0		0		6.9907e+06		28.8472		
00:00:48:750		9.77899e+06		-5.86096		0		0		6.99061e+06		34.0661		
00:00:48:649		9.79242e+06		-5.85862		0		0		6.9901e+06		19.7542		
00:00:48:549		9.80581e+06		-5.85581		0		0		6.9892e+06		-10.8102		
00:00:48:399		9.82585e+06		-5.85073		0		0		6.98792e+06		-34.5413		
00:00:48:350		9.83251e+06		-5.84882		0		0		6.98771e+06		-29.6572		
00:00:48:250		9.84582e+06		-5.84477		0		0		6.98763e+06		3.49434		
00:00:48:149		9.85913e+06		-5.84046		0		0		6.98775e+06		22.2939		
00:00:48:000		9.87913e+06		-5.83379		0		0		6.98765e+06		31.4249		
00:00:47:899		9.89248e+06		-5.82941		0		0		6.98709e+06		17.5931		
00:00:47:799		9.90581e+06		-5.82527		0		0		6.98617e+06		-14.514		
00:00:47:700		9.91913e+06		-5.82151		0		0		6.98528e+06		-33.7957		
00:00:47:600		9.9324e+06		-5.81828		0		0		6.98481e+06		-24.1168		
00:00:47:500		9.94565e+06		-5.81514		0		0		6.98479e+06		8.18361		
00:00:47:399		9.9589e+06		-5.81187		0		0		6.98488e+06		25.9491		
00:00:47:299		9.97212e+06		-5.80849		0		0		6.9848e+06		33.2969		
00:00:47:200		9.98532e+06		-5.80499		0		0		6.98433e+06		21.0433		
00:00:47:100		9.99849e+06		-5.80138		0		0		6.98348e+06		0		
00:00:47:000		1.00116e+07		-5.79765		0		0		6.98251e+06		-33.4166		
00:00:46:899		1.00248e+07		-5.79381		0		0		6.9819e+06		-30.9751		
00:00:46:799		1.00379e+07		-5.78986		0		0		6.98178e+06		0		
00:00:46:700		1.0051e+07		-5.78579		0		0		6.98189e+06		22.3717		
00:00:46:600		1.00641e+07		-5.78163		0		0		6.98191e+06		35.4434		
00:00:46:500		1.00771e+07		-5.77735		0		0		6.98156e+06		27.3464		
00:00:46:399		1.00901e+07		-5.77298		0		0		6.98077e+06		6.87226		
00:00:46:299		1.01032e+07		-5.76851		0		0		6.97975e+06		-28.4815		
00:00:46:200		1.01162e+07		-5.76394		0		0		6.97895e+06		-35.1029		
00:00:46:200		1.01162e+07		-5.76394		0		0		6.97895e+06		-35.1029		
00:00:46:000		1.01422e+07		-5.75454		0		0		6.97872e+06		17.4038		
00:00:46:000		1.01422e+07		-5.75454		0		0		6.97872e+06		17.4038		
00:00:45:799		1.0168e+07		-5.74477		0		0		6.97858e+06		31.8383		
00:00:45:799		1.0168e+07		-5.74477		0		0		6.97858e+06		31.8383		
00:00:45:700		1.01809e+07		-5.73975		0		0		6.97792e+06		16.4279		
00:00:45:500		1.02066e+07		-5.72943		0		0		6.97598e+06		-36.229		
00:00:45:500		1.02066e+07		-5.72943		0		0		6.97598e+06		-36.229		
00:00:45:299		1.02322e+07		-5.71874		0		0		6.9755e+06		11.4223		
00:00:45:299		1.02322e+07		-5.71874		0		0		6.9755e+06		11.4223		
00:00:45:200		1.02449e+07		-5.71326		0		0		6.97561e+06		29.3522		
00:00:45:100		1.02577e+07		-5.70768		0		0		6.97549e+06		34.5947		
00:00:44:899		1.02832e+07		-5.69623		0		0		6.97401e+06		-9.20051		
00:00:44:899		1.02832e+07		-5.69623		0		0		6.97401e+06		-9.20051		
00:00:44:700		1.03087e+07		-5.68439		0		0		6.97237e+06		-30.8119		
00:00:44:700		1.03087e+07		-5.68439		0		0		6.97237e+06		-30.8119		
00:00:44:600		1.03214e+07		-5.67831		0		0		6.97225e+06		4.02825		
00:00:44:399		1.03468e+07		-5.66589		0		0		6.97218e+06		33.8073		
00:00:44:299		1.03595e+07		-5.65954		0		0		6.9717e+06		22.8685		
00:00:44:299		1.03595e+07		-5.65954		0		0		6.9717e+06		22.8685		
00:00:44:200		1.03721e+07		-5.65309		0		0		6.9708e+06		0		
00:00:44:100		1.03847e+07		-5.64655		0		0		6.96975e+06		-33.8103		
00:00:43:950		1.04036e+07		-5.63656		0		0		6.9689e+06		-21.6097		
00:00:43:850		1.04162e+07		-5.62977		0		0		6.96886e+06		13.6466		
00:00:43:750		1.04287e+07		-5.62288		0		0		6.96886e+06		28.7527		
00:00:43:649		1.04412e+07		-5.61588		0		0		6.96862e+06		30.7782		
00:00:43:549		1.04538e+07		-5.60878		0		0		6.96795e+06		17.7018		
00:00:43:350		1.04789e+07		-5.59428		0		0		6.96594e+06		-38.3997		
00:00:43:350		1.04789e+07		-5.59428		0		0		6.96594e+06		-38.3997		
00:00:43:250		1.04914e+07		-5.58688		0		0		6.96544e+06		-27.5645		
00:00:43:149		1.05039e+07		-5.57938		0		0		6.96539e+06		11.2897		
00:00:43:049		1.05166e+07		-5.57179		0		0		6.9654e+06		29.1351		
00:00:42:950		1.05292e+07		-5.56409		0		0		6.96516e+06		33.1229		
00:00:42:850		1.05418e+07		-5.55628		0		0		6.96448e+06		18.4284		
00:00:42:750		1.05545e+07		-5.54837		0		0		6.96341e+06		-17.477		
00:00:42:649		1.05671e+07		-5.54035		0		0		6.96237e+06		-38.1228		
00:00:42:549		1.05797e+07		-5.53221		0		0		6.96177e+06		-30.3075		
00:00:42:450		1.05924e+07		-5.52396		0		0		6.96166e+06		9.07382		
00:00:42:350		1.0605e+07		-5.51558		0		0		6.96166e+06		29.5081		
00:00:42:250		1.06176e+07		-5.50709		0		0		6.96142e+06		34.0381		
00:00:42:149		1.06302e+07		-5.49847		0		0		6.96072e+06		19.162		
00:00:42:049		1.06428e+07		-5.48974		0		0		6.95961e+06		-18.4818		
00:00:41:950		1.06554e+07		-5.48088		0		0		6.95851e+06		-38.842		
00:00:41:850		1.0668e+07		-5.47189		0		0		6.95783e+06		-33.0094		
00:00:41:750		1.06805e+07		-5.46278		0		0		6.95767e+06		4.85439		
00:00:41:649		1.0693e+07		-5.45356		0		0		6.95767e+06		28.433		
00:00:41:549		1.07054e+07		-5.44421		0		0		6.95746e+06		35.4048		
00:00:41:450		1.07179e+07		-5.43476		0		0		6.95678e+06		22.1979		
00:00:41:350		1.07303e+07		-5.42521		0		0		6.95565e+06		-16.0434		
00:00:41:250		1.07428e+07		-5.41558		0		0		6.95448e+06		-37.807		
00:00:41:149		1.07552e+07		-5.40587		0		0		6.95369e+06		-36.6593		
00:00:41:049		1.07676e+07		-5.39609		0		0		6.95343e+06		0		
00:00:40:950		1.07801e+07		-5.38627		0		0		6.95338e+06		25.5083		
00:00:40:850		1.07925e+07		-5.3764		0		0		6.95316e+06		35.0901		
00:00:40:750		1.08049e+07		-5.36651		0		0		6.9525e+06		24.077		
00:00:40:600		1.08235e+07		-5.35163		0		0		6.95074e+06		-27.2862		
00:00:40:500		1.08359e+07		-5.34167		0		0		6.94962e+06		-38.8995		
00:00:40:399		1.08482e+07		-5.33167		0		0		6.94895e+06		-26.6018		
00:00:40:299		1.08605e+07		-5.32161		0		0		6.94872e+06		9.69982		
00:00:40:200		1.08728e+07		-5.3115		0		0		6.94856e+06		29.4279		
00:00:40:100		1.0885e+07		-5.30131		0		0		6.94813e+06		29.3961		
00:00:40:000		1.08972e+07		-5.29106		0		0		6.94725e+06		15.6037		
00:00:39:899		1.09094e+07		-5.28074		0		0		6.94598e+06		-23.1733		
00:00:39:850		1.09155e+07		-5.27554		0		0		6.94534e+06		-34.5848		
00:00:39:750		1.09278e+07		-5.2651		0		0		6.94431e+06		-38.1236		
00:00:39:649		1.094e+07		-5.25459		0		0		6.94375e+06		-13.7059		
00:00:39:549		1.09523e+07		-5.244		0		0		6.94351e+06		18.1084		
00:00:39:399		1.09707e+07		-5.22799		0		0		6.94289e+06		29.5326		
00:00:39:299		1.09829e+07		-5.21723		0		0		6.94197e+06		16.2113		
00:00:39:200		1.09951e+07		-5.20641		0		0		6.94066e+06		-19.5298		
00:00:39:100		1.10074e+07		-5.19553		0		0		6.93935e+06		-38.235		
00:00:39:000		1.10196e+07		-5.1846		0		0		6.93843e+06		-32.7005		
00:00:38:899		1.10319e+07		-5.17363		0		0		6.93798e+06		2.48255		
00:00:38:799		1.10441e+07		-5.16262		0		0		6.93768e+06		25.2266		
00:00:38:700		1.10564e+07		-5.15159		0		0		6.93719e+06		33.9411		
00:00:38:600		1.10687e+07		-5.14055		0		0		6.93624e+06		19.4326		
00:00:38:600		1.10687e+07		-5.14055		0		0		6.93624e+06		19.4326		
00:00:38:500		1.10809e+07		-5.12949		0		0		6.93488e+06		-15.8019		
00:00:38:299		1.11055e+07		-5.10733		0		0		6.93238e+06		-38.1581		
00:00:38:299		1.11055e+07		-5.10733		0		0		6.93238e+06		-38.1581		
00:00:38:200		1.11179e+07		-5.09624		0		0		6.93184e+06		0		
00:00:38:100		1.11303e+07		-5.08513		0		0		6.9315e+06		22.81		
00:00:38:000		1.11489e+07		-5.06843		0		0		6.93067e+06		33.7183		
00:00:37:899		1.11551e+07		-5.06285		0		0		6.93016e+06		25.9256		
00:00:37:750		1.11737e+07		-5.04603		0		0		6.928e+06		-24.6359		
00:00:37:649		1.11861e+07		-5.03476		0		0		6.92651e+06		-40.6677		
00:00:37:600		1.11923e+07		-5.0291		0		0		6.9259e+06		-41.8196		
00:00:37:350		1.12234e+07		-5.00063		0		0		6.92453e+06		28.4897		
00:00:37:250		1.12358e+07		-4.98915		0		0		6.92396e+06		38.885		
00:00:37:250		1.12358e+07		-4.98915		0		0		6.92396e+06		38.885		
00:00:37:149		1.12482e+07		-4.97762		0		0		6.9229e+06		24.9927		
00:00:37:049		1.12606e+07		-4.96604		0		0		6.92133e+06		-17.7379		
00:00:36:950		1.1273e+07		-4.9544		0		0		6.91968e+06		-38.9235		
00:00:36:850		1.12855e+07		-4.94271		0		0		6.91836e+06		-41.7476		
00:00:36:750		1.12979e+07		-4.93097		0		0		6.91756e+06		-20.5203		
00:00:36:649		1.13104e+07		-4.91918		0		0		6.91714e+06		22.5575		
00:00:36:549		1.13229e+07		-4.90734		0		0		6.91662e+06		37.9644		
00:00:36:350		1.13479e+07		-4.88348		0.276651		0		6.91422e+06		0.584763		
00:00:36:250		1.13604e+07		-4.87148		0.414919		0		6.91252e+06		-34.1878		
00:00:36:250		1.13604e+07		-4.87148		0.414919		0		6.91252e+06		-34.1878		
00:00:36:149		1.13729e+07		-4.85943		0.552936		0		6.91105e+06		-40.307		
00:00:36:049		1.13854e+07		-4.84735		0.690651		0		6.91005e+06		-29.4655		
00:00:35:950		1.13979e+07		-4.83522		0.827867		0		6.90948e+06		13.9626		
00:00:35:850		1.14104e+07		-4.82306		0.964559		0		6.9089e+06		32.511		
00:00:35:799		1.14166e+07		-4.81696		1.03267		0		6.9085e+06		32.8243		
00:00:35:649		1.14353e+07		-4.79862		1.23583		0		6.90661e+06		1.33916		
00:00:35:549		1.14478e+07		-4.78635		1.37009		0		6.90501e+06		-30.9519		
00:00:35:350		1.14728e+07		-4.76171		1.63505		0		6.90266e+06		-27.0981		
00:00:35:350		1.14728e+07		-4.76171		1.63505		0		6.90266e+06		-27.0981		
00:00:35:250		1.14853e+07		-4.74933		1.76536		0		6.90209e+06		13.0102		
00:00:35:149		1.14977e+07		-4.73691		1.89389		0		6.90151e+06		30.2553		
00:00:35:049		1.15102e+07		-4.72444		2.02028		0		6.90062e+06		29.193		
00:00:34:950		1.15227e+07		-4.71193		2.14429		0		6.89928e+06		3.49696		
00:00:34:850		1.15352e+07		-4.69938		2.2658		0		6.89773e+06		-26.3056		
00:00:34:750		1.15478e+07		-4.68676		2.38513		0		6.89636e+06		-30.6202		
00:00:34:649		1.15603e+07		-4.6741		2.50228		0		6.89534e+06		-21.1482		
00:00:34:549		1.15729e+07		-4.66138		2.61795		0		6.89461e+06		13.338		
00:00:34:450		1.15855e+07		-4.64861		2.73571		0		6.8938e+06		23.2018		
00:00:34:350		1.16042e+07		-4.62936		2.91542		0		6.89203e+06		2.79387		
00:00:34:200		1.16166e+07		-4.61645		3.03516		0		6.89055e+06		-24.1623		
00:00:34:100		1.1629e+07		-4.60349		3.14359		0		6.88919e+06		-26.8978		
00:00:34:000		1.16414e+07		-4.5905		3.25625		0		6.88812e+06		0		
00:00:33:950		1.16476e+07		-4.58399		3.3071		0		6.88763e+06		0		
00:00:33:850		1.166e+07		-4.57094		3.40624		0		6.88664e+06		10.1615		
00:00:33:750		1.16723e+07		-4.55785		3.50224		0		6.88553e+06		8.52715		
00:00:33:600		1.16909e+07		-4.53814		3.64023		0		6.8836e+06		0		
00:00:33:500		1.17033e+07		-4.52497		3.72821		0		6.88228e+06		-22.6118		
00:00:33:450		1.17095e+07		-4.51837		3.77099		0		6.88171e+06		0		
00:00:33:299		1.1728e+07		-4.49854		3.89454		0		6.87998e+06		0		
00:00:33:200		1.17404e+07		-4.48531		3.97296		0		6.87879e+06		0		
00:00:33:100		1.17527e+07		-4.47209		4.04827		0		6.87757e+06		0		
00:00:33:000		1.1765e+07		-4.45889		4.12052		0		6.87631e+06		0		
00:00:32:899		1.17773e+07		-4.44572		4.1898		0		6.87508e+06		0		
00:00:32:799		1.17897e+07		-4.43258		4.25614		0		6.87387e+06		0		
00:00:32:799		1.17897e+07		-4.43258		4.25614		0		6.87387e+06		0		
00:00:32:600		1.18145e+07		-4.40639		4.38037		0		6.87142e+06		0		
00:00:32:399		1.18394e+07		-4.38021		4.4939		0		6.8689e+06		0		
00:00:32:399		1.18394e+07		-4.38021		4.4939		0		6.8689e+06		0		
00:00:32:299		1.18518e+07		-4.36709		4.54686		0		6.86762e+06		0		
00:00:32:299		1.18518e+07		-4.36709		4.54686		0		6.86762e+06		0		
00:00:32:200		1.18642e+07		-4.35391		4.59742		0		6.86632e+06		0		
00:00:32:100		1.18766e+07		-4.34064		4.64564		0		6.865e+06		0		
00:00:31:899		1.19014e+07		-4.31377		4.73549		0		6.86232e+06		0		
00:00:31:899		1.19014e+07		-4.31377		4.73549		0		6.86232e+06		0		
00:00:31:699		1.19261e+07		-4.28634		4.81709		0		6.85957e+06		0		
00:00:31:699		1.19261e+07		-4.28634		4.81709		0		6.85957e+06		0		
00:00:31:500		1.19509e+07		-4.25833		4.89089		0		6.85676e+06		0		
00:00:31:500		1.19509e+07		-4.25833		4.89089		0		6.85676e+06		0		
00:00:31:300		1.19756e+07		-4.22999		4.95765		0		6.85389e+06		0		
00:00:31:300		1.19756e+07		-4.22999		4.95765		0		6.85389e+06		0		
00:00:31:199		1.1988e+07		-4.21585		4.98859		0		6.85243e+06		0		
00:00:31:100		1.20005e+07		-4.20186		5.018		0		6.85096e+06		0		
00:00:31:000		1.20193e+07		-4.18132		5.05932		0		6.84871e+06		0		
00:00:30:800		1.20381e+07		-4.16144		5.09746		0		6.84648e+06		0		
00:00:30:699		1.20508e+07		-4.14853		5.12123		0		6.84495e+06		0		
00:00:30:600		1.20633e+07		-4.13578		5.14375		0		6.84338e+06		0		
00:00:30:600		1.20633e+07		-4.13578		5.14375		0		6.84338e+06		0		
00:00:30:500		1.20759e+07		-4.12301		5.16502		0		6.84176e+06		0		
00:00:30:300		1.21009e+07		-4.09742		5.2041		0		6.83839e+06		0		
00:00:30:300		1.21009e+07		-4.09742		5.2041		0		6.83839e+06		0		
00:00:30:199		1.21133e+07		-4.08461		5.22203		0		6.83664e+06		0		
00:00:30:100		1.21256e+07		-4.07177		5.23896		0		6.83485e+06		0		
00:00:30:000		1.21379e+07		-4.05893		5.25495		0		6.83302e+06		0		
00:00:29:850		1.21561e+07		-4.03964		5.2772		0		6.8302e+06		0		
00:00:29:750		1.21683e+07		-4.02671		5.29095		0		6.82831e+06		0		
00:00:29:649		1.21805e+07		-4.01366		5.30385		0		6.82641e+06		1.75258		
00:00:29:550		1.21927e+07		-4.00045		5.31595		0		6.82449e+06		6.48282		
00:00:29:350		1.22171e+07		-3.97367		5.33765		0		6.82044e+06		4.05828		
00:00:29:250		1.22293e+07		-3.96011		5.34744		0		6.81833e+06		1.07515		
00:00:29:250		1.22293e+07		-3.96011		5.34744		0		6.81833e+06		1.07515		
00:00:29:149		1.22415e+07		-3.94646		5.35644		0		6.81621e+06		1.09668		
00:00:29:050		1.22537e+07		-3.93272		5.36471		0		6.81413e+06		4.67987		
00:00:28:949		1.22659e+07		-3.91891		5.37217		0		6.81205e+06		8.06638		
00:00:28:850		1.22781e+07		-3.90503		5.37884		0		6.80995e+06		10.6903		
00:00:28:750		1.22903e+07		-3.89109		5.38514		0		6.80778e+06		11.9651		
00:00:28:649		1.23025e+07		-3.8771		5.3917		0		6.80555e+06		11.708		
00:00:28:550		1.23146e+07		-3.86306		5.397		0		6.80324e+06		10.8626		
00:00:28:350		1.2339e+07		-3.8349		5.40693		0		6.79848e+06		11.8707		
00:00:28:250		1.23512e+07		-3.82077		5.41109		0		6.79607e+06		13.8777		
00:00:28:250		1.23512e+07		-3.82077		5.41109		0		6.79607e+06		13.8777		
00:00:28:149		1.23634e+07		-3.80663		5.41464		0		6.79361e+06		15.9217		
00:00:28:050		1.23755e+07		-3.79246		5.41786		0		6.7911e+06		17.2174		
00:00:27:949		1.23876e+07		-3.77829		5.42087		0		6.78851e+06		17.3611		
00:00:27:850		1.23997e+07		-3.76411		5.42347		0		6.78583e+06		16.5674		
00:00:27:750		1.24118e+07		-3.7499		5.42539		0		6.78308e+06		15.4246		
00:00:27:649		1.24238e+07		-3.73568		5.42668		0		6.78027e+06		14.8545		
00:00:27:550		1.24359e+07		-3.72144		5.42754		0		6.77742e+06		15.5633		
00:00:27:350		1.246e+07		-3.69293		5.42971		0		6.77163e+06		19.887		
00:00:27:250		1.24721e+07		-3.67865		5.43025		18.1405		6.76862e+06		21.8995		
00:00:27:250		1.24721e+07		-3.67865		5.43025		18.1405		6.76862e+06		21.8995		
00:00:27:149		1.24842e+07		-3.66435		5.42959		26.263		6.76551e+06		23.367		
00:00:27:050		1.24963e+07		-3.65003		5.42832		36.0882		6.76228e+06		23.6975		
00:00:26:949		1.25084e+07		-3.63569		5.42719		43.999		6.75893e+06		22.9436		
00:00:26:800		1.25266e+07		-3.61414		5.42583		57.7675		6.75367e+06		20.8581		
00:00:26:750		1.25326e+07		-3.60695		5.42499		61.7932		6.75187e+06		20.3071		
00:00:26:649		1.25447e+07		-3.59253		5.42239		66.0792		6.74822e+06		20.5757		
00:00:26:550		1.25568e+07		-3.5781		5.41781		74.098		6.74451e+06		21.7354		
00:00:26:449		1.25689e+07		-3.56365		5.41331		81.8945		6.74073e+06		23.9583		
00:00:26:350		1.2581e+07		-3.54919		5.41221		89.2296		6.7369e+06		26.9195		
00:00:26:250		1.25931e+07		-3.5347		5.41339		96.342		6.733e+06		30.0537		
00:00:26:149		1.26051e+07		-3.5202		5.41205		103.587		6.72899e+06		32.5154		
00:00:26:050		1.26172e+07		-3.50567		5.40596		110.906		6.72485e+06		33.7447		
00:00:25:949		1.26292e+07		-3.49113		5.3974		117.971		6.72055e+06		33.5698		
00:00:25:850		1.26412e+07		-3.47656		5.39288		124.908		6.71608e+06		32.1415		
00:00:25:750		1.26532e+07		-3.46199		5.39861		132.127		6.71145e+06		30.0299		
00:00:25:649		1.26652e+07		-3.4474		5.41238		139.675		6.70669e+06		27.84		
00:00:25:550		1.26832e+07		-3.42551		5.38909		151.359		6.69949e+06		28.6022		
00:00:25:399		1.26951e+07		-3.41092		5.37658		160.189		6.69463e+06		30.423		
00:00:25:350		1.27011e+07		-3.40362		5.37256		165.446		6.69215e+06		31.2803		
00:00:25:199		1.2719e+07		-3.38171		5.3747		188.142		6.68447e+06		34.7111		
00:00:25:100		1.27309e+07		-3.36709		5.37736		215.213		6.67914e+06		36.7852		
00:00:25:000		1.27429e+07		-3.35246		5.36865		255.992		6.67361e+06		38.4485		
00:00:24:899		1.27548e+07		-3.33781		5.35148		309.623		6.66784e+06		39.5031		
00:00:24:800		1.27667e+07		-3.32316		5.33882		361.79		6.66185e+06		39.6631		
00:00:24:699		1.27787e+07		-3.30849		5.34474		407.988		6.65564e+06		38.9147		
00:00:24:600		1.27906e+07		-3.29382		5.36346		447.026		6.64928e+06		38.0988		
00:00:24:600		1.27906e+07		-3.29382		5.36346		447.026		6.64928e+06		38.0988		
00:00:24:399		1.28144e+07		-3.26443		5.34335		505.13		6.63632e+06		41.9988		
00:00:24:300		1.28263e+07		-3.2497		5.31453		525.813		6.6297e+06		44.8264		
00:00:24:199		1.28382e+07		-3.23497		5.30776		542.124		6.62296e+06		47.338		
00:00:24:100		1.285e+07		-3.22023		5.32476		554.591		6.61611e+06		51.4474		
00:00:24:000		1.28619e+07		-3.20548		5.33223		563.033		6.60914e+06		44.4161		
00:00:23:899		1.28737e+07		-3.19072		5.30678		569.24		6.60214e+06		48.8457		
00:00:23:800		1.28855e+07		-3.17596		5.26165		572.257		6.59509e+06		49.8866		
00:00:23:800		1.28855e+07		-3.17596		5.26165		572.257		6.59509e+06		49.8866		
00:00:23:699		1.28972e+07		-3.16119		5.23981		571.422		6.5881e+06		31.1416		
00:00:23:600		1.2909e+07		-3.14641		5.26099		571.487		6.58176e+06		29.8784		
00:00:23:500		1.29209e+07		-3.13161		5.28987		570.733		6.57672e+06		25.6977		
00:00:23:300		1.29445e+07		-3.10198		5.21388		570.347		6.57376e+06		203.565		
00:00:23:199		1.29563e+07		-3.08714		5.1657		570.485		6.57566e+06		333.484		
00:00:23:199		1.29563e+07		-3.08714		5.1657		570.485		6.57566e+06		333.484		
00:00:23:000		1.29799e+07		-3.05742		5.24297		571.279		6.58226e+06		459.398		
00:00:23:000		1.29799e+07		-3.05742		5.24297		571.279		6.58226e+06		459.398		
00:00:22:850		1.29975e+07		-3.03508		5.23327		567.016		6.58812e+06		467.944		
00:00:22:699		1.30152e+07		-3.01269		5.07539		567.563		6.59385e+06		459.817		
00:00:22:699		1.30152e+07		-3.01269		5.07539		567.563		6.59385e+06		459.817		
00:00:22:600		1.3027e+07		-2.99775		4.98375		569.799		6.59773e+06		467.734		
00:00:22:500		1.30388e+07		-2.9828		4.90447		568.575		6.60162e+06		467.345		
00:00:22:300		1.30624e+07		-2.95287		4.71429		569.302		6.60952e+06		474.587		
00:00:22:300		1.30624e+07		-2.95287		4.71429		569.302		6.60952e+06		474.587		
00:00:22:199		1.30741e+07		-2.93791		4.60287		569.669		6.6135e+06		476.952		
00:00:22:100		1.30859e+07		-2.92293		4.50141		569.203		6.61751e+06		480.148		
00:00:22:000		1.30976e+07		-2.90794		4.43586		569.326		6.62152e+06		483.591		
00:00:21:899		1.31094e+07		-2.89294		4.35334		567.676		6.62554e+06		485.157		
00:00:21:800		1.31211e+07		-2.87792		4.27043		569.487		6.62953e+06		486.479		
00:00:21:550		1.31504e+07		-2.8403		4.01012		568.916		6.63939e+06		487.728		
00:00:21:550		1.31504e+07		-2.8403		4.01012		568.916		6.63939e+06		487.728		
00:00:21:449		1.31621e+07		-2.82523		3.93335		568.866		6.6433e+06		488.185		
00:00:21:250		1.31854e+07		-2.79503		3.74034		568.748		6.65103e+06		489.028		
00:00:21:250		1.31854e+07		-2.79503		3.74034		568.748		6.65103e+06		489.028		
00:00:21:149		1.31971e+07		-2.7799		3.63506		568.683		6.65487e+06		489.419		
00:00:21:050		1.32088e+07		-2.76476		3.55039		568.619		6.65868e+06		489.785		
00:00:20:949		1.32204e+07		-2.7496		3.48614		568.559		6.66248e+06		490.13		
00:00:20:850		1.32321e+07		-2.73444		3.41275		568.585		6.66626e+06		490.454		
00:00:20:750		1.32437e+07		-2.71927		3.30785		566.9		6.67002e+06		490.751		
00:00:20:649		1.32553e+07		-2.70409		3.19014		568.185		6.67377e+06		491.041		
00:00:20:550		1.3267e+07		-2.68892		3.09694		568.061		6.6775e+06		491.283		
00:00:20:449		1.32786e+07		-2.67373		3.05065		567.931		6.68121e+06		491.519		
00:00:20:250		1.3302e+07		-2.64333		2.90521		567.632		6.6886e+06		491.933		
00:00:20:250		1.3302e+07		-2.64333		2.90521		567.632		6.6886e+06		491.933		
00:00:20:149		1.33136e+07		-2.6281		2.76366		567.465		6.69228e+06		492.114		
00:00:20:050		1.33253e+07		-2.61286		2.64625		567.282		6.69594e+06		492.294		
00:00:19:949		1.33369e+07		-2.59761		2.62585		567.086		6.69961e+06		492.461		
00:00:19:850		1.33485e+07		-2.58233		2.62861		566.88		6.70326e+06		492.629		
00:00:19:750		1.33601e+07		-2.56704		2.63139		566.661		6.70692e+06		492.834		
00:00:19:649		1.33717e+07		-2.55172		2.63408		566.423		6.71058e+06		493.063		
00:00:19:550		1.33833e+07		-2.5364		2.63668		566.175		6.71423e+06		493.332		
00:00:19:449		1.33949e+07		-2.52107		2.63975		565.917		6.71789e+06		493.661		
00:00:19:250		1.3418e+07		-2.49034		2.64579		565.363		6.7252e+06		494.463		
00:00:19:250		1.3418e+07		-2.49034		2.64579		565.363		6.7252e+06		494.463		
00:00:19:149		1.34295e+07		-2.47497		2.64872		565.073		6.72885e+06		494.931		
00:00:19:050		1.3441e+07		-2.45959		2.65167		564.776		6.73248e+06		495.428		
00:00:18:949		1.34524e+07		-2.44421		2.65476		564.47		6.7361e+06		495.954		
00:00:18:850		1.34638e+07		-2.42881		2.6579		564.157		6.7397e+06		496.495		
00:00:18:750		1.34751e+07		-2.4134		2.66119		563.84		6.74327e+06		497.031		
00:00:18:649		1.34865e+07		-2.39797		2.66455		563.516		6.74679e+06		497.529		
00:00:18:550		1.34979e+07		-2.38252		2.66777		563.189		6.75026e+06		497.996		
00:00:18:350		1.35207e+07		-2.35154		2.67419		562.516		6.75709e+06		498.852		
00:00:18:199		1.35378e+07		-2.32827		2.67902		561.999		6.76211e+06		499.448		
00:00:18:199		1.35378e+07		-2.32827		2.67902		561.999		6.76211e+06		499.448		
00:00:18:100		1.35492e+07		-2.31273		2.68225		561.648		6.76542e+06		499.833		
00:00:18:000		1.35606e+07		-2.29718		2.68551		561.295		6.7687e+06		500.187		
00:00:17:899		1.35719e+07		-2.28161		2.68867		560.935		6.77194e+06		500.534		
00:00:17:800		1.35833e+07		-2.26603		2.69177		560.575		6.77515e+06		500.86		
00:00:17:699		1.35947e+07		-2.25043		2.69492		560.209		6.77833e+06		501.185		
00:00:17:600		1.36061e+07		-2.23482		2.69806		559.84		6.78149e+06		501.516		
00:00:17:550		1.36117e+07		-2.22702		2.69963		559.653		6.78307e+06		501.685		
00:00:17:449		1.36231e+07		-2.21143		2.70275		559.28		6.7862e+06		502.017		
00:00:17:300		1.36401e+07		-2.18805		2.70724		558.714		6.79088e+06		502.506		
00:00:17:199		1.36514e+07		-2.17247		2.71027		558.334		6.79397e+06		502.832		
00:00:17:100		1.36628e+07		-2.15691		2.71328		557.945		6.79704e+06		503.157		
00:00:17:000		1.36741e+07		-2.14139		2.71622		557.555		6.80011e+06		503.482		
00:00:16:899		1.36853e+07		-2.1259		2.71926		557.161		6.80316e+06		503.809		
00:00:16:800		1.36965e+07		-2.11046		2.72227		556.765		6.8062e+06		504.133		
00:00:16:699		1.37077e+07		-2.09508		2.72516		556.373		6.80923e+06		504.471		
00:00:16:600		1.37189e+07		-2.07976		2.7281		556.004		6.81226e+06		504.806		
00:00:16:500		1.37301e+07		-2.06452		2.73108		555.839		6.81528e+06		505.152		
00:00:16:399		1.37413e+07		-2.04936		2.7341		555.094		6.8183e+06		505.51		
00:00:16:300		1.37525e+07		-2.03427		2.73712		554.676		6.82132e+06		505.88		
00:00:16:300		1.37525e+07		-2.03427		2.73712		554.676		6.82132e+06		505.88		
00:00:16:100		1.37749e+07		-2.00438		2.74299		553.834		6.82737e+06		506.674		
00:00:16:000		1.37861e+07		-1.98958		2.74591		553.41		6.8304e+06		507.098		
00:00:16:000		1.37861e+07		-1.98958		2.74591		553.41		6.8304e+06		507.098		
00:00:15:900		1.37973e+07		-1.97489		2.74874		552.985		6.83343e+06		507.529		
00:00:15:800		1.38085e+07		-1.96031		2.75142		552.564		6.83646e+06		507.97		
00:00:15:699		1.38198e+07		-1.94583		2.75415		552.153		6.83948e+06		508.421		
00:00:15:599		1.3831e+07		-1.93147		2.75644		551.805		6.8425e+06		508.874		
00:00:15:500		1.38422e+07		-1.91722		2.75869		550.436		6.84551e+06		509.311		
00:00:15:250		1.38701e+07		-1.88208		2.76696		550.223		6.85294e+06		510.238		
00:00:15:250		1.38701e+07		-1.88208		2.76696		550.223		6.85294e+06		510.238		
00:00:15:050		1.38927e+07		-1.85447		2.77305		547.364		6.85865e+06		510.367		
00:00:15:050		1.38927e+07		-1.85447		2.77305		547.364		6.85865e+06		510.367		
00:00:14:949		1.3904e+07		-1.84082		2.77578		547.641		6.86141e+06		510.896		
00:00:14:849		1.39153e+07		-1.82724		2.77842		548.113		6.8641e+06		510.836		
00:00:14:750		1.39267e+07		-1.81372		2.77665		547.159		6.86673e+06		510.612		
00:00:14:650		1.39382e+07		-1.80023		2.78659		547.07		6.86933e+06		512.388		
00:00:14:550		1.39497e+07		-1.78677		2.78978		545.844		6.87187e+06		511.546		
00:00:14:349		1.39732e+07		-1.75983		2.79593		544.27		6.87683e+06		511.769		
00:00:14:250		1.39851e+07		-1.74632		2.81025		545.125		6.87925e+06		513.224		
00:00:14:250		1.39851e+07		-1.74632		2.81025		545.125		6.87925e+06		513.224		
00:00:14:150		1.39972e+07		-1.73276		2.80504		543.856		6.88163e+06		512.392		
00:00:14:050		1.40094e+07		-1.71914		2.80885		544.146		6.88397e+06		512.52		
00:00:13:949		1.40219e+07		-1.70545		2.8124		543.723		6.88629e+06		512.74		
00:00:13:849		1.40348e+07		-1.69168		2.81589		543.332		6.88857e+06		512.974		
00:00:13:750		1.40479e+07		-1.67785		2.81925		543.095		6.89083e+06		513.22		
00:00:13:650		1.40614e+07		-1.664		2.82303		542.518		6.89306e+06		513.509		
00:00:13:550		1.4075e+07		-1.65009		2.82605		541.36		6.89527e+06		513.722		
00:00:13:449		1.40885e+07		-1.6361		2.82922		541.636		6.89746e+06		514.022		
00:00:13:250		1.41151e+07		-1.60782		2.83563		540.901		6.9018e+06		514.714		
00:00:13:250		1.41151e+07		-1.60782		2.83563		540.901		6.9018e+06		514.714		
00:00:13:150		1.41279e+07		-1.59347		2.83885		540.592		6.90395e+06		515.111		
00:00:13:000		1.4146e+07		-1.5716		2.84371		540.009		6.90716e+06		515.802		
00:00:12:900		1.41572e+07		-1.55687		2.84649		539.817		6.9093e+06		516.398		
00:00:12:800		1.4168e+07		-1.5421		2.84952		539.414		6.91143e+06		516.743		
00:00:12:699		1.41786e+07		-1.52731		2.85309		538.882		6.91356e+06		517.393		
00:00:12:599		1.41892e+07		-1.51249		2.85604		538.558		6.91569e+06		517.857		
00:00:12:550		1.41943e+07		-1.50511		2.85751		538.427		6.91677e+06		518.205		
00:00:12:300		1.42209e+07		-1.46814		2.86405		537.465		6.92224e+06		520.401		
00:00:12:199		1.42316e+07		-1.45335		2.86636		537.268		6.92444e+06		521.253		
00:00:12:199		1.42316e+07		-1.45335		2.86636		537.268		6.92444e+06		521.253		
00:00:12:099		1.42423e+07		-1.43855		2.86902		536.918		6.92664e+06		523.225		
00:00:12:000		1.42529e+07		-1.42373		2.87188		536.593		6.92882e+06		523.275		
00:00:11:900		1.42635e+07		-1.40889		2.8753		535.659		6.93095e+06		524.212		
00:00:11:900		1.42635e+07		-1.40889		2.8753		535.659		6.93095e+06		524.212		
00:00:11:699		1.42846e+07		-1.37916		2.88269		535.244		6.93489e+06		525.713		
00:00:11:599		1.42951e+07		-1.36427		2.88688		535.353		6.93668e+06		527.042		
00:00:11:500		1.42951e+07		-1.36427		2.88688		535.353		6.93668e+06		527.042		
00:00:11:500		1.43055e+07		-1.34936		2.89062		534.981		6.93835e+06		526.779		
00:00:11:300		1.43263e+07		-1.31948		2.89705		534.518		6.94127e+06		527.086		
00:00:11:300		1.43263e+07		-1.31948		2.89705		534.518		6.94127e+06		527.086		
00:00:11:099		1.43468e+07		-1.28951		2.90395		534.007		6.94399e+06		527.992		
00:00:11:000		1.4357e+07		-1.27448		2.90692		533.776		6.94549e+06		528.622		
00:00:10:900		1.43671e+07		-1.25943		2.91003		533.55		6.94695e+06		529.241		
00:00:10:800		1.43772e+07		-1.24435		2.9131		533.327		6.94837e+06		529.801		
00:00:10:800		1.43772e+07		-1.24435		2.9131		533.327		6.94837e+06		529.801		
00:00:10:699		1.43872e+07		-1.22924		2.91624		533.114		6.94975e+06		530.231		
00:00:10:599		1.43971e+07		-1.21412		2.91927		532.902		6.9511e+06		530.606		
00:00:10:500		1.44069e+07		-1.19895		2.92237		532.697		6.95241e+06		530.967		
00:00:10:300		1.4426e+07		-1.1685		2.92839		532.298		6.95495e+06		531.65		
00:00:10:300		1.4426e+07		-1.1685		2.92839		532.298		6.95495e+06		531.65		
00:00:10:199		1.44353e+07		-1.15321		2.93142		532.109		6.95617e+06		531.979		
00:00:10:000		1.4453e+07		-1.1225		2.93747		531.748		6.95853e+06		532.608		
00:00:10:000		1.4453e+07		-1.1225		2.93747		531.748		6.95853e+06		532.608		
00:00:09:849		1.44656e+07		-1.09953		2.94188		531.498		6.96022e+06		533.069		
00:00:09:750		1.44742e+07		-1.08431		2.94472		531.338		6.96131e+06		533.357		
00:00:09:650		1.4483e+07		-1.06916		2.94743		531.182		6.96237e+06		533.625		
00:00:09:550		1.44923e+07		-1.05411		2.9504		531.037		6.9634e+06		533.896		
00:00:09:449		1.45019e+07		-1.03909		2.95315		530.892		6.96439e+06		534.135		
00:00:09:250		1.45207e+07		-1.00879		2.95926		530.609		6.9663e+06		534.594		
00:00:09:250		1.45207e+07		-1.00879		2.95926		530.609		6.9663e+06		534.594		
00:00:09:150		1.45293e+07		-0.99362		2.96212		530.458		6.96721e+06		534.814		
00:00:09:050		1.45377e+07		-0.97827		2.96491		530.302		6.96811e+06		535.032		
00:00:08:949		1.45451e+07		-0.962927		2.96767		530.136		6.96901e+06		535.281		
00:00:08:849		1.45524e+07		-0.947722		2.97059		529.967		6.96992e+06		535.654		
00:00:08:750		1.45599e+07		-0.932673		2.97324		529.796		6.97091e+06		536.212		
00:00:08:650		1.45679e+07		-0.917797		2.97589		529.626		6.97199e+06		536.878		
00:00:08:550		1.45764e+07		-0.90311		2.97888		529.475		6.97308e+06		537.435		
00:00:08:449		1.45855e+07		-0.888587		2.98205		529.367		6.97409e+06		537.928		
00:00:08:250		1.46051e+07		-0.859746		2.98827		529.308		6.97596e+06		538.873		
00:00:08:250		1.46051e+07		-0.859746		2.98827		529.308		6.97596e+06		538.873		
00:00:08:150		1.46148e+07		-0.845357		2.99137		529.38		6.97681e+06		539.455		
00:00:08:050		1.46245e+07		-0.830984		2.99422		529.518		6.9776e+06		540.117		
00:00:07:950		1.46342e+07		-0.816628		2.99714		529.685		6.97834e+06		540.948		
00:00:07:849		1.46439e+07		-0.802292		3.00007		529.847		6.97902e+06		541.949		
00:00:07:750		1.46535e+07		-0.787976		3.00292		529.93		6.97962e+06		543.036		
00:00:07:650		1.46632e+07		-0.77368		3.00553		529.882		6.98012e+06		543.84		
00:00:07:549		1.46727e+07		-0.759403		3.00782		529.728		6.98046e+06		543.371		
00:00:07:450		1.46823e+07		-0.745148		3.01017		529.536		6.98059e+06		538.841		
00:00:07:250		1.47013e+07		-0.716708		3.01561		529.168		6.98025e+06		517.428		
00:00:07:250		1.47013e+07		-0.716708		3.01561		529.168		6.98025e+06		517.428		
00:00:07:099		1.47155e+07		-0.69544		3.0196		528.926		6.97992e+06		521.932		
00:00:07:000		1.47249e+07		-0.681303		3.02174		528.797		6.97975e+06		524.824		
00:00:06:900		1.47343e+07		-0.667197		3.02405		528.694		6.97961e+06		527.601		
00:00:06:799		1.47437e+07		-0.653122		3.02726		528.62		6.97951e+06		530.381		
00:00:06:750		1.47484e+07		-0.646097		3.02891		528.594		6.97947e+06		531.742		
00:00:06:599		1.47623e+07		-0.625071		3.03312		528.531		6.97939e+06		535.756		
00:00:06:500		1.47716e+07		-0.611097		3.03463		528.498		6.97935e+06		538.239		
00:00:06:299		1.47901e+07		-0.583262		3.03977		528.441		6.97924e+06		540.693		
00:00:06:200		1.47993e+07		-0.569407		3.04412		528.422		6.97913e+06		540.72		
00:00:06:200		1.47993e+07		-0.569407		3.04412		528.422		6.97913e+06		540.72		
00:00:06:099		1.48085e+07		-0.555594		3.04769		528.406		6.97899e+06		540.734		
00:00:06:000		1.48176e+07		-0.541824		3.04856		528.391		6.97881e+06		540.739		
00:00:05:900		1.48268e+07		-0.528094		3.04918		528.384		6.9786e+06		540.733		
00:00:05:799		1.48359e+07		-0.514417		3.05254		528.38		6.97836e+06		540.701		
00:00:05:799		1.48359e+07		-0.514417		3.05254		528.38		6.97836e+06		540.701		
00:00:05:700		1.4845e+07		-0.500791		3.05874		528.38		6.97809e+06		540.674		
00:00:05:599		1.48541e+07		-0.487219		3.06367		528.384		6.97778e+06		540.619		
00:00:05:500		1.48631e+07		-0.473702		3.06304		528.391		6.97744e+06		540.546		
00:00:05:299		1.48812e+07		-0.446831		3.06329		528.421		6.97669e+06		540.387		
00:00:05:299		1.48812e+07		-0.446831		3.06329		528.421		6.97669e+06		540.387		
00:00:05:200		1.48903e+07		-0.433483		3.07327		528.443		6.97627e+06		540.28		
00:00:05:049		1.49038e+07		-0.41357		3.08164		528.478		6.97559e+06		540.084		
00:00:04:950		1.49128e+07		-0.400362		3.0738		528.507		6.9751e+06		539.942		
00:00:04:849		1.49219e+07		-0.387218		3.06732		528.544		6.9746e+06		539.781		
00:00:04:799		1.49264e+07		-0.380669		3.06889		528.561		6.97434e+06		539.692		
00:00:04:700		1.49354e+07		-0.367617		3.08619		528.601		6.97381e+06		539.504		
00:00:04:599		1.49444e+07		-0.354629		3.1031		528.644		6.97326e+06		539.293		
00:00:04:500		1.49534e+07		-0.341722		3.09956		528.692		6.97269e+06		539.061		
00:00:04:250		1.49762e+07		-0.30974		3.07446		528.828		6.97123e+06		538.422		
00:00:04:250		1.49762e+07		-0.30974		3.07446		528.828		6.97123e+06		538.422		
00:00:04:150		1.49854e+07		-0.29703		3.11541		528.889		6.97063e+06		538.126		
00:00:04:049		1.49947e+07		-0.284373		3.14254		528.952		6.97002e+06		537.795		
00:00:04:000		1.49994e+07		-0.278064		3.13459		528.989		6.96972e+06		537.631		
00:00:03:899		1.50089e+07		-0.265502		3.08036		529.059		6.96911e+06		537.281		
00:00:03:750		1.50235e+07		-0.24674		3.05128		529.166		6.96821e+06		536.718		
00:00:03:649		1.50336e+07		-0.234264		3.1367		529.3		6.96762e+06		536.279		
00:00:03:549		1.50439e+07		-0.221795		3.20643		529.332		6.96704e+06		535.841		
00:00:03:450		1.50545e+07		-0.209274		3.14462		529.415		6.96648e+06		535.386		
00:00:03:250		1.50748e+07		-0.183635		2.97319		529.58		6.96544e+06		534.44		
00:00:03:250		1.50748e+07		-0.183635		2.97319		529.58		6.96544e+06		534.44		
00:00:03:149		1.50827e+07		-0.170554		3.15526		529.661		6.96497e+06		533.959		
00:00:03:049		1.50904e+07		-0.157474		3.33264		529.741		6.96454e+06		533.465		
00:00:02:950		1.5098e+07		-0.144399		3.44063		529.82		6.96416e+06		532.958		
00:00:02:850		1.51056e+07		-0.131323		3.46932		529.888		6.96382e+06		532.497		
00:00:02:750		1.51133e+07		-0.118248		3.46653		529.952		6.96354e+06		532.025		
00:00:02:649		1.51209e+07		-0.105178		3.53044		530.013		6.96332e+06		531.58		
00:00:02:549		1.51287e+07		-0.0921221		3.59644		530.066		6.96315e+06		531.154		
00:00:02:450		1.51367e+07		-0.0790834		3.5776		530.111		6.96304e+06		530.745		
00:00:02:350		1.51449e+07		-0.0660496		3.38653		530.147		6.96299e+06		530.373		
00:00:02:250		1.51535e+07		-0.052999		3.20133		530.175		6.963e+06		530.013		
00:00:02:149		1.51626e+07		-0.0399404		3.13694		530.195		6.96305e+06		529.682		
00:00:02:049		1.51723e+07		-0.0268559		3.15083		530.208		6.96315e+06		529.379		
00:00:01:949		1.51827e+07		-0.0137148		3.15867		530.214		6.96329e+06		529.105		
00:00:01:850		1.5194e+07		-0.00049448		3.15145		530.216		6.96347e+06		528.86		
00:00:01:750		1.52064e+07		0.0128098		3.14226		530.217		6.96368e+06		528.681		
00:00:01:649		1.52197e+07		0.0261717		3.18021		530.214		6.9639e+06		528.5		
00:00:01:550		1.52338e+07		0.0394697		3.29343		530.212		6.96411e+06		528.333		
00:00:01:449		1.52484e+07		0.0525475		3.34001		530.21		6.9643e+06		528.154		
00:00:01:350		1.52633e+07		0.0653572		3.30747		530.208		6.96446e+06		527.961		
00:00:01:250		1.52784e+07		0.0778909		3.19635		530.212		6.96459e+06		527.763		
00:00:01:149		1.52939e+07		0.0901623		3.1045		530.206		6.96468e+06		527.546		
00:00:01:000		1.53179e+07		0.108342		3.21359		530.203		6.96476e+06		527.224		
00:00:00:900		1.5335e+07		0.120693		3.29499		530.203		6.96478e+06		527.042		
00:00:00:800		1.53553e+07		0.133581		3.34596		530.204		6.96479e+06		526.897		
00:00:00:699		1.53803e+07		0.146492		3.39013		530.206		6.9648e+06		526.812		
00:00:00:599		1.54098e+07		0.157821		3.46717		530.208		6.96482e+06		526.803		
00:00:00:500		1.54423e+07		0.167593		3.44506		530.21		6.96484e+06		526.819		
00:00:00:299		1.54786e+07		0.17284		2.83568		530.216		6.96485e+06		526.826		
00:00:00:200		1.54785e+07		0.17284		2.83568		530.219		6.96484e+06		526.825		
00:00:00:200		1.54785e+07		0.17284		2.83568		530.219		6.96484e+06		526.825		
00:00:00:100		1.54785e+07		0.17284		2.83572		530.221		6.96484e+06		526.825		
00:00:00:000		1.54785e+07		0.17284		2.83571		530.225		6.96483e+06		526.826		
00:00:00:000		1.54785e+07		0.17284		2.83571		530.225		6.96483e+06		526.826		
00:00:00:000		1.54785e+07		0.17284		2.83571		530.225		6.96483e+06		526.826		
00:00:00:000		1.54785e+07		0.17284		2.83571		530.225		6.96483e+06		526.826		
00:00:00:000		1.54785e+07		0.17284		2.83571		530.225		6.96483e+06		526.826		
00:00:00:000		1.54785e+07		0.17284		2.83571		530.225		6.96483e+06		526.826		
