	time 		gpv001pnt10113ppntm	evf507ety101mpzoyout	chtcon(1)	chavg(1)	chlhsumpa	rcptavgn	
00:01:02:750		7.18658e+06		117.97		72.9235		644821		0.623351		289.736		
00:01:02:750		7.18658e+06		117.97		72.9235		644821		0.623351		289.736		
00:01:02:649		7.18642e+06		117.97		72.8775		643945		0.622472		289.739		
00:01:02:549		7.18592e+06		117.97		72.8775		643945		0.622472		289.742		
00:01:02:399		7.18557e+06		117.938		72.8313		643086		0.621593		289.746		
00:01:02:299		7.18504e+06		117.938		72.8313		643086		0.621593		289.749		
00:01:02:299		7.18504e+06		117.938		72.8313		643086		0.621593		289.749		
00:01:02:200		7.18473e+06		117.905		72.7847		642225		0.620714		289.753		
00:01:02:100		7.18443e+06		117.905		72.7847		642225		0.620714		289.756		
00:01:02:000		7.18391e+06		117.872		72.7847		642225		0.620714		289.759		
00:01:01:799		7.18329e+06		117.872		72.7378		641348		0.619835		289.766		
00:01:01:799		7.18329e+06		117.872		72.7378		641348		0.619835		289.766		
00:01:01:700		7.18297e+06		117.84		72.6906		640471		0.618956		289.77		
00:01:01:600		7.18259e+06		117.84		72.6906		640471		0.618956		289.774		
00:01:01:399		7.18188e+06		117.807		72.643		639611		0.618076		289.782		
00:01:01:299		7.18146e+06		117.807		72.643		639611		0.618076		289.785		
00:01:01:299		7.18146e+06		117.807		72.643		639611		0.618076		289.785		
00:01:01:200		7.18116e+06		117.774		72.595		638748		0.617197		289.789		
00:01:01:100		7.18086e+06		117.774		72.595		638748		0.617197		289.793		
00:01:01:000		7.18046e+06		117.742		72.595		638748		0.617197		289.797		
00:01:00:799		7.17984e+06		117.742		72.5467		637870		0.616317		289.805		
00:01:00:799		7.17984e+06		117.742		72.5467		637870		0.616317		289.805		
00:01:00:700		7.17947e+06		117.709		72.4979		636991		0.615437		289.809		
00:01:00:600		7.17932e+06		117.709		72.4979		636991		0.615437		289.813		
00:01:00:450		7.17884e+06		117.676		72.4486		636094		0.614557		289.818		
00:01:00:399		7.17873e+06		117.676		72.4486		636094		0.614557		289.82		
00:01:00:299		7.17843e+06		117.676		72.4486		636094		0.614557		289.824		
00:01:00:100		7.17791e+06		117.643		72.3989		635182		0.613676		289.832		
00:01:00:100		7.17791e+06		117.643		72.3989		635182		0.613676		289.832		
00:01:00:000		7.1775e+06		117.611		72.3989		635182		0.613676		289.836		
00:00:59:799		7.17699e+06		117.611		72.3488		634287		0.612796		289.844		
00:00:59:799		7.17699e+06		117.611		72.3488		634287		0.612796		289.844		
00:00:59:700		7.17668e+06		117.578		72.2981		633406		0.611915		289.848		
00:00:59:649		7.17651e+06		117.578		72.2981		633406		0.611915		289.85		
00:00:59:549		7.17621e+06		117.578		72.2981		633406		0.611915		289.854		
00:00:59:450		7.17595e+06		117.546		72.2468		632526		0.611033		289.858		
00:00:59:299		7.17555e+06		117.546		72.2468		632526		0.611033		289.864		
00:00:59:200		7.17523e+06		117.513		72.195		631610		0.610151		289.868		
00:00:59:100		7.17493e+06		117.513		72.195		631610		0.610151		289.873		
00:00:59:000		7.17472e+06		117.48		72.195		631610		0.610151		289.877		
00:00:58:799		7.17399e+06		117.48		72.1426		630716		0.609269		289.886		
00:00:58:799		7.17399e+06		117.48		72.1426		630716		0.609269		289.886		
00:00:58:700		7.17365e+06		117.447		72.0896		629832		0.608387		289.89		
00:00:58:600		7.17337e+06		117.447		72.0896		629832		0.608387		289.895		
00:00:58:500		7.17298e+06		117.414		72.0896		629832		0.608387		289.9		
00:00:58:399		7.17262e+06		117.414		72.0359		628935		0.607504		289.905		
00:00:58:299		7.17227e+06		117.414		72.0359		628935		0.607504		289.91		
00:00:58:200		7.17197e+06		117.382		71.9816		628035		0.60662		289.915		
00:00:58:100		7.17151e+06		117.382		71.9816		628035		0.60662		289.92		
00:00:58:000		7.17110e+06		117.349		71.9816		628035		0.60662		289.926		
00:00:57:799		7.17041e+06		117.349		71.9265		627119		0.605737		289.937		
00:00:57:799		7.17041e+06		117.349		71.9265		627119		0.605737		289.937		
00:00:57:700		7.17002e+06		117.316		71.8707		626203		0.604852		289.944		
00:00:57:600		7.16967e+06		117.316		71.8707		626203		0.604852		289.95		
00:00:57:500		7.16932e+06		117.283		71.8707		626203		0.604852		289.957		
00:00:57:399		7.16899e+06		117.283		71.8141		625305		0.603967		289.963		
00:00:57:299		7.16851e+06		117.283		71.8141		625305		0.603967		289.97		
00:00:57:200		7.16809e+06		117.25		71.7566		624404		0.603082		289.977		
00:00:57:100		7.16776e+06		117.25		71.7566		624404		0.603082		289.985		
00:00:56:899		7.16696e+06		117.217		71.6983		623505		0.602196		290.001		
00:00:56:799		7.16663e+06		117.217		71.6983		623505		0.602196		290.009		
00:00:56:799		7.16663e+06		117.217		71.6983		623505		0.602196		290.009		
00:00:56:700		7.16622e+06		117.184		71.6391		622585		0.60131		290.018		
00:00:56:549		7.16558e+06		117.184		71.6391		622585		0.60131		290.032		
00:00:56:450		7.16511e+06		117.151		71.579		621652		0.600422		290.041		
00:00:56:350		7.16464e+06		117.151		71.579		621652		0.600422		290.051		
00:00:56:350		7.16464e+06		117.151		71.579		621652		0.600422		290.051		
00:00:56:250		7.16423e+06		117.118		71.579		621652		0.600422		290.062		
00:00:56:149		7.16372e+06		117.118		71.518		620698		0.599535		290.072		
00:00:56:049		7.16329e+06		117.118		71.518		620698		0.599535		290.083		
00:00:55:850		7.16231e+06		117.085		71.4561		619749		0.598646		290.106		
00:00:55:750		7.16182e+06		117.053		71.4561		619749		0.598646		290.116		
00:00:55:750		7.16182e+06		117.053		71.4561		619749		0.598646		290.116		
00:00:55:549		7.16072e+06		117.053		71.3932		618812		0.597758		290.139		
00:00:55:549		7.16072e+06		117.053		71.3932		618812		0.597758		290.139		
00:00:55:450		7.16022e+06		117.02		71.3294		617860		0.596869		290.15		
00:00:55:350		7.15965e+06		117.02		71.3294		617860		0.596869		290.162		
00:00:55:250		7.15909e+06		116.987		71.3294		617860		0.596869		290.175		
00:00:55:149		7.15853e+06		116.987		71.2645		616925		0.595981		290.187		
00:00:55:049		7.15795e+06		116.987		71.2645		616925		0.595981		290.2		
00:00:54:950		7.15737e+06		116.954		71.1985		615987		0.595092		290.214		
00:00:54:850		7.15675e+06		116.954		71.1985		615987		0.595092		290.227		
00:00:54:700		7.15582e+06		116.921		71.1315		615016		0.594202		290.247		
00:00:54:649		7.15553e+06		116.921		71.1315		615016		0.594202		290.254		
00:00:54:549		7.15489e+06		116.921		71.1315		615016		0.594202		290.268		
00:00:54:450		7.15428e+06		116.888		71.0632		614064		0.593313		290.282		
00:00:54:350		7.15363e+06		116.888		71.0632		614064		0.593313		290.296		
00:00:54:250		7.15296e+06		116.855		71.0632		614064		0.593313		290.309		
00:00:54:100		7.15194e+06		116.855		70.9937		613108		0.592423		290.329		
00:00:54:000		7.15126e+06		116.822		70.9937		613108		0.592423		290.344		
00:00:53:799		7.14988e+06		116.822		70.9229		612137		0.591533		290.374		
00:00:53:799		7.14988e+06		116.822		70.9229		612137		0.591533		290.374		
00:00:53:700		7.14918e+06		116.789		70.8507		611182		0.590643		290.389		
00:00:53:600		7.1485e+06		116.789		70.8507		611182		0.590643		290.404		
00:00:53:500		7.14782e+06		116.756		70.8507		611182		0.590643		290.419		
00:00:53:399		7.14714e+06		116.756		70.7771		610209		0.589752		290.435		
00:00:53:299		7.14646e+06		116.756		70.7771		610209		0.589752		290.45		
00:00:53:200		7.14579e+06		116.723		70.7019		609238		0.588862		290.466		
00:00:53:100		7.14512e+06		116.723		70.7019		609238		0.588862		290.482		
00:00:53:000		7.14446e+06		116.69		70.7019		609238		0.588862		290.498		
00:00:52:899		7.14381e+06		116.69		70.6251		608264		0.58797		290.515		
00:00:52:799		7.14317e+06		116.69		70.6251		608264		0.58797		290.532		
00:00:52:700		7.14257e+06		116.657		70.5467		607256		0.587079		290.549		
00:00:52:600		7.14193e+06		116.657		70.5467		607256		0.587079		290.567		
00:00:52:500		7.14132e+06		116.624		70.5467		607256		0.587079		290.585		
00:00:52:399		7.14072e+06		116.624		70.4664		606268		0.586187		290.605		
00:00:52:299		7.14014e+06		116.624		70.4664		606268		0.586187		290.624		
00:00:52:200		7.13956e+06		116.592		70.3843		605275		0.585295		290.644		
00:00:52:100		7.13898e+06		116.592		70.3843		605275		0.585295		290.664		
00:00:52:000		7.13841e+06		116.558		70.3843		605275		0.585295		290.685		
00:00:51:899		7.13786e+06		116.558		70.3003		604286		0.584403		290.706		
00:00:51:799		7.13733e+06		116.558		70.3003		604286		0.584403		290.727		
00:00:51:649		7.13652e+06		116.526		70.2142		603293		0.58351		290.76		
00:00:51:549		7.13601e+06		116.526		70.2142		603293		0.58351		290.783		
00:00:51:549		7.13601e+06		116.526		70.2142		603293		0.58351		290.783		
00:00:51:450		7.1355e+06		116.492		70.126		602268		0.582616		290.806		
00:00:51:250		7.13454e+06		116.46		70.126		602268		0.582616		290.855		
00:00:51:200		7.13432e+06		116.46		70.0356		601242		0.581722		290.867		
00:00:51:049		7.13368e+06		116.46		70.0356		601242		0.581722		290.905		
00:00:51:049		7.13368e+06		116.46		70.0356		601242		0.581722		290.905		
00:00:50:850		7.13286e+06		116.427		69.9428		600199		0.580828		290.957		
00:00:50:750		7.13248e+06		116.394		69.9428		600199		0.580828		290.984		
00:00:50:750		7.13248e+06		116.394		69.9428		600199		0.580828		290.984		
00:00:50:649		7.13212e+06		116.394		69.8476		599157		0.579933		291.012		
00:00:50:549		7.13178e+06		116.394		69.8476		599157		0.579933		291.04		
00:00:50:450		7.13145e+06		116.361		69.7497		598113		0.579037		291.068		
00:00:50:299		7.13099e+06		116.361		69.7497		598113		0.579037		291.112		
00:00:50:149		7.13057e+06		116.328		69.6492		597071		0.578141		291.158		
00:00:50:049		7.13031e+06		116.328		69.6492		597071		0.578141		291.189		
00:00:49:850		7.12982e+06		116.295		69.5458		596009		0.577244		291.253		
00:00:49:750		7.1296e+06		116.261		69.5458		596009		0.577244		291.286		
00:00:49:750		7.1296e+06		116.261		69.5458		596009		0.577244		291.286		
00:00:49:750		7.1296e+06		116.261		69.5458		596009		0.577244		291.286		
00:00:49:649		7.12939e+06		116.261		69.4393		594879		0.576346		291.32		
00:00:49:549		7.1292e+06		116.261		69.4393		594879		0.576346		291.354		
00:00:49:450		7.12902e+06		116.228		69.3298		593682		0.575447		291.389		
00:00:49:350		7.12885e+06		116.228		69.3298		593682		0.575447		291.425		
00:00:49:250		7.12869e+06		116.194		69.3298		593682		0.575447		291.461		
00:00:49:149		7.12855e+06		116.194		69.2169		592346		0.574548		291.498		
00:00:49:049		7.12842e+06		116.194		69.2169		592346		0.574548		291.536		
00:00:48:950		7.1283e+06		116.16		69.1007		590792		0.573647		291.574		
00:00:48:850		7.1282e+06		116.16		69.1007		590792		0.573647		291.613		
00:00:48:700		7.12807e+06		116.124		68.9811		588969		0.572746		291.673		
00:00:48:600		7.12801e+06		116.124		68.9811		588969		0.572746		291.714		
00:00:48:500		7.12798e+06		116.086		68.9811		588969		0.572746		291.755		
00:00:48:399		7.12797e+06		116.086		68.8579		586795		0.571844		291.797		
00:00:48:299		7.12798e+06		116.086		68.8579		586795		0.571844		291.84		
00:00:48:200		7.12803e+06		116.044		68.7313		584282		0.57094		291.883		
00:00:48:100		7.1281e+06		116.044		68.7313		584282		0.57094		291.927		
00:00:48:000		7.12817e+06		115.993		68.7313		584282		0.57094		291.972		
00:00:47:799		7.12835e+06		115.993		68.6014		581464		0.570036		292.063		
00:00:47:799		7.12835e+06		115.993		68.6014		581464		0.570036		292.063		
00:00:47:700		7.12849e+06		115.93		68.4687		578434		0.56913		292.109		
00:00:47:600		7.12866e+06		115.93		68.4687		578434		0.56913		292.156		
00:00:47:500		7.12886e+06		115.854		68.4687		578434		0.56913		292.204		
00:00:47:399		7.12908e+06		115.854		68.3339		575355		0.568222		292.252		
00:00:47:350		7.12922e+06		115.854		68.3339		575355		0.568222		292.276		
00:00:47:200		7.12966e+06		115.766		68.1979		572280		0.565666		292.35		
00:00:47:100		7.12998e+06		115.766		68.1979		572280		0.565666		292.397		
00:00:47:000		7.13035e+06		115.673		68.1979		572280		0.565666		292.45		
00:00:46:899		7.13074e+06		115.673		68.0611		569166		0.563108		292.503		
00:00:46:799		7.13116e+06		115.673		68.0611		569166		0.563108		292.557		
00:00:46:649		7.13187e+06		115.579		67.9235		566034		0.560546		292.64		
00:00:46:549		7.13237e+06		115.579		67.9235		566034		0.560546		292.696		
00:00:46:549		7.13237e+06		115.579		67.9235		566034		0.560546		292.696		
00:00:46:450		7.13291e+06		115.485		67.7849		562860		0.557982		292.751		
00:00:46:350		7.13349e+06		115.485		67.7849		562860		0.557982		292.807		
00:00:46:250		7.13409e+06		115.391		67.7849		562860		0.557982		292.864		
00:00:46:100		7.13504e+06		115.391		67.6455		559634		0.555414		292.95		
00:00:45:850		7.13678e+06		115.298		67.5051		556404		0.552842		293.096		
00:00:45:850		7.13678e+06		115.298		67.5051		556404		0.552842		293.096		
00:00:45:750		7.13752e+06		115.204		67.5051		556404		0.552842		293.156		
00:00:45:649		7.13829e+06		115.204		67.3638		553170		0.550267		293.216		
00:00:45:649		7.13829e+06		115.204		67.3638		553170		0.550267		293.216		
00:00:45:549		7.13909e+06		115.204		67.3638		553170		0.550267		293.276		
00:00:45:450		7.1399e+06		115.109		67.2217		549914		0.547689		293.337		
00:00:45:350		7.14075e+06		115.109		67.2217		549914		0.547689		293.398		
00:00:45:250		7.14161e+06		115.015		67.2217		549914		0.547689		293.46		
00:00:45:149		7.14248e+06		115.015		67.0788		546621		0.545107		293.522		
00:00:44:850		7.145e+06		114.92		66.9349		543288		0.542521		293.711		
00:00:44:750		7.14576e+06		114.825		66.9349		543288		0.542521		293.775		
00:00:44:750		7.14576e+06		114.825		66.9349		543288		0.542521		293.775		
00:00:44:750		7.14576e+06		114.825		66.9349		543288		0.542521		293.775		
00:00:44:649		7.14652e+06		114.825		66.7902		539936		0.53993		293.84		
00:00:44:549		7.1472e+06		114.825		66.7902		539936		0.53993		293.905		
00:00:44:450		7.14787e+06		114.73		66.6444		536562		0.537336		293.971		
00:00:44:350		7.1485e+06		114.73		66.6444		536562		0.537336		294.038		
00:00:44:250		7.14911e+06		114.635		66.6444		536562		0.537336		294.104		
00:00:44:149		7.1497e+06		114.635		66.4977		533167		0.534737		294.171		
00:00:44:049		7.15028e+06		114.635		66.4977		533167		0.534737		294.238		
00:00:43:950		7.15087e+06		114.539		66.3499		529750		0.532134		294.307		
00:00:43:799		7.15174e+06		114.539		66.3499		529750		0.532134		294.41		
00:00:43:700		7.15232e+06		114.444		66.2011		526276		0.529525		294.48		
00:00:43:649		7.15261e+06		114.444		66.2011		526276		0.529525		294.515		
00:00:43:549		7.15318e+06		114.444		66.2011		526276		0.529525		294.585		
00:00:43:450		7.15373e+06		114.348		66.0514		522783		0.526912		294.656		
00:00:43:350		7.15425e+06		114.348		66.0514		522783		0.526912		294.727		
00:00:43:250		7.15476e+06		114.252		66.0514		522783		0.526912		294.799		
00:00:43:149		7.15529e+06		114.252		65.9008		519266		0.524293		294.872		
00:00:43:049		7.15582e+06		114.252		65.9008		519266		0.524293		294.945		
00:00:42:799		7.15711e+06		114.155		65.7493		515712		0.521669		295.132		
00:00:42:799		7.15711e+06		114.155		65.7493		515712		0.521669		295.132		
00:00:42:700		7.15757e+06		114.058		65.5969		512117		0.519038		295.208		
00:00:42:600		7.15801e+06		114.058		65.5969		512117		0.519038		295.286		
00:00:42:500		7.15841e+06		113.961		65.5969		512117		0.519038		295.364		
00:00:42:399		7.15878e+06		113.961		65.4437		508467		0.516402		295.443		
00:00:42:299		7.15914e+06		113.961		65.4437		508467		0.516402		295.523		
00:00:42:200		7.15946e+06		113.864		65.2897		504814		0.513758		295.603		
00:00:42:100		7.15974e+06		113.864		65.2897		504814		0.513758		295.684		
00:00:42:000		7.16e+06		113.767		65.2897		504814		0.513758		295.766		
00:00:41:899		7.16021e+06		113.767		65.1348		501118		0.511108		295.848		
00:00:41:799		7.16038e+06		113.767		65.1348		501118		0.511108		295.932		
00:00:41:700		7.16054e+06		113.669		64.9791		497386		0.50845		296.017		
00:00:41:600		7.16065e+06		113.669		64.9791		497386		0.50845		296.102		
00:00:41:500		7.16074e+06		113.571		64.9791		497386		0.50845		296.189		
00:00:41:399		7.16082e+06		113.571		64.8226		493630		0.505784		296.277		
00:00:41:299		7.16084e+06		113.571		64.8226		493630		0.505784		296.367		
00:00:41:200		7.1608e+06		113.472		64.6651		489818		0.503109		296.457		
00:00:41:100		7.16071e+06		113.472		64.6651		489818		0.503109		296.548		
00:00:41:000		7.16056e+06		113.374		64.6651		489818		0.503109		296.639		
00:00:40:899		7.16036e+06		113.374		64.5067		485948		0.500426		296.732		
00:00:40:799		7.16012e+06		113.374		64.5067		485948		0.500426		296.826		
00:00:40:649		7.15977e+06		113.275		64.3474		482040		0.497733		296.97		
00:00:40:649		7.15977e+06		113.275		64.3474		482040		0.497733		296.97		
00:00:40:450		7.15912e+06		113.176		64.1871		478091		0.49503		297.167		
00:00:40:450		7.15912e+06		113.176		64.1871		478091		0.49503		297.167		
00:00:40:299		7.15832e+06		113.176		64.1871		478091		0.49503		297.314		
00:00:40:200		7.15764e+06		113.076		64.0259		474086		0.492317		297.414		
00:00:40:100		7.15685e+06		113.076		64.0259		474086		0.492317		297.515		
00:00:39:950		7.15549e+06		112.976		63.8638		470022		0.489593		297.669		
00:00:39:850		7.15448e+06		112.976		63.8638		470022		0.489593		297.774		
00:00:39:750		7.15342e+06		112.875		63.8638		470022		0.489593		297.882		
00:00:39:750		7.15342e+06		112.875		63.8638		470022		0.489593		297.882		
00:00:39:649		7.15231e+06		112.875		63.7008		465903		0.486858		297.99		
00:00:39:549		7.15117e+06		112.875		63.7008		465903		0.486858		298.1		
00:00:39:450		7.14998e+06		112.775		63.5369		461743		0.48411		298.212		
00:00:39:350		7.14872e+06		112.775		63.5369		461743		0.48411		298.325		
00:00:39:250		7.1474e+06		112.673		63.5369		461743		0.48411		298.441		
00:00:39:149		7.14601e+06		112.673		63.3723		457544		0.48135		298.558		
00:00:39:049		7.14454e+06		112.673		63.3723		457544		0.48135		298.678		
00:00:38:850		7.14133e+06		112.572		63.2069		453286		0.478577		298.924		
00:00:38:750		7.13959e+06		112.469		63.2069		453286		0.478577		299.049		
00:00:38:750		7.13959e+06		112.469		63.2069		453286		0.478577		299.049		
00:00:38:649		7.13777e+06		112.469		63.0408		448952		0.47579		299.177		
00:00:38:549		7.13583e+06		112.469		63.0408		448952		0.47579		299.308		
00:00:38:450		7.1338e+06		112.367		62.874		444580		0.472989		299.44		
00:00:38:350		7.13168e+06		112.367		62.874		444580		0.472989		299.574		
00:00:38:250		7.12946e+06		112.264		62.874		444580		0.472989		299.711		
00:00:38:149		7.12718e+06		112.264		62.7064		440130		0.470173		299.851		
00:00:38:049		7.12476e+06		112.264		62.7064		440130		0.470173		299.994		
00:00:37:850		7.11986e+06		112.16		62.5381		435606		0.467342		300.28		
00:00:37:750		7.11732e+06		112.056		62.5381		435606		0.467342		300.426		
00:00:37:750		7.11732e+06		112.056		62.5381		435606		0.467342		300.426		
00:00:37:649		7.11459e+06		112.056		62.3694		431040		0.464495		300.575		
00:00:37:549		7.11172e+06		112.056		62.3694		431040		0.464495		300.726		
00:00:37:450		7.10874e+06		111.951		62.2001		426397		0.461633		300.881		
00:00:37:350		7.10554e+06		111.951		62.2001		426397		0.461633		301.038		
00:00:37:200		7.10058e+06		111.846		62.0304		421697		0.458754		301.277		
00:00:37:100		7.09711e+06		111.846		62.0304		421697		0.458754		301.44		
00:00:37:000		7.09344e+06		111.741		62.0304		421697		0.458754		301.605		
00:00:36:899		7.08967e+06		111.741		61.8601		416937		0.455859		301.773		
00:00:36:799		7.08577e+06		111.741		61.8601		416937		0.455859		301.942		
00:00:36:700		7.08174e+06		111.634		61.6894		412119		0.452946		302.113		
00:00:36:600		7.07759e+06		111.634		61.6894		412119		0.452946		302.287		
00:00:36:500		7.0733e+06		111.528		61.6894		412119		0.452946		302.464		
00:00:36:399		7.06889e+06		111.528		61.5182		407222		0.450017		302.639		
00:00:36:299		7.06436e+06		111.528		61.5182		407222		0.450017		302.815		
00:00:36:200		7.05971e+06		111.42		61.3465		402287		0.447071		302.992		
00:00:36:100		7.05495e+06		111.42		61.3465		402287		0.447071		303.171		
00:00:36:000		7.05008e+06		111.313		61.3465		402287		0.447071		303.351		
00:00:35:899		7.04509e+06		111.313		61.1744		397307		0.444107		303.532		
00:00:35:799		7.03998e+06		111.313		61.1744		397307		0.444107		303.712		
00:00:35:700		7.03474e+06		111.205		61.0019		392251		0.441127		303.891		
00:00:35:600		7.02922e+06		111.205		61.0019		392251		0.441127		304.07		
00:00:35:500		7.02359e+06		111.096		61.0019		392251		0.441127		304.248		
00:00:35:399		7.01779e+06		111.096		60.8293		387116		0.43813		304.427		
00:00:35:299		7.01186e+06		111.096		60.8293		387116		0.43813		304.603		
00:00:35:200		7.006e+06		110.987		60.6565		381904		0.435117		304.776		
00:00:35:049		6.99796e+06		110.987		60.6565		381904		0.435117		305.031		
00:00:34:950		6.993e+06		110.878		60.4837		376649		0.432089		305.197		
00:00:34:850		6.98755e+06		110.878		60.4837		376649		0.432089		305.36		
00:00:34:750		6.98156e+06		110.769		60.4837		376649		0.432089		305.519		
00:00:34:750		6.98156e+06		110.769		60.4837		376649		0.432089		305.519		
00:00:34:649		6.97506e+06		110.769		60.3108		371352		0.429047		305.674		
00:00:34:549		6.96809e+06		110.769		60.3108		371352		0.429047		305.823		
00:00:34:399		6.95691e+06		110.659		60.1382		365994		0.425991		306.034		
00:00:34:299		6.94931e+06		110.659		60.1382		365994		0.425991		306.165		
00:00:34:149		6.93861e+06		110.55		59.9658		360576		0.422925		306.344		
00:00:34:049		6.93201e+06		110.55		59.9658		360576		0.422925		306.452		
00:00:33:950		6.92329e+06		110.44		59.7936		355115		0.419851		306.452		
00:00:33:950		6.92329e+06		110.44		59.7936		355115		0.419851		306.548		
00:00:33:750		6.85781e+06		110.33		59.7936		355115		0.419851		306.712		
00:00:33:649		6.83986e+06		110.33		59.6219		349592		0.41677		306.778		
00:00:33:649		6.83986e+06		110.33		59.6219		349592		0.41677		306.778		
00:00:33:549		6.8161e+06		110.33		59.6219		349592		0.41677		306.834		
00:00:33:450		6.80202e+06		110.221		59.4506		343991		0.413685		306.88		
00:00:33:350		6.79968e+06		110.221		59.4506		343991		0.413685		306.917		
00:00:33:250		6.80206e+06		110.111		59.4506		343991		0.413685		306.947		
00:00:33:149		6.80352e+06		110.111		59.2801		338311		0.410598		306.97		
00:00:33:049		6.8035e+06		110.111		59.2801		338311		0.410598		306.988		
00:00:32:850		6.80361e+06		110.001		59.1104		332534		0.40751		307.017		
00:00:32:750		6.80392e+06		109.892		59.1104		332534		0.40751		307.032		
00:00:32:750		6.80392e+06		109.892		59.1104		332534		0.40751		307.032		
00:00:32:649		6.80423e+06		109.892		58.9414		326660		0.40442		307.046		
00:00:32:549		6.80453e+06		109.892		58.9414		326660		0.40442		307.061		
00:00:32:450		6.80484e+06		109.782		58.7732		320726		0.401329		307.075		
00:00:32:350		6.80514e+06		109.782		58.7732		320726		0.401329		307.089		
00:00:32:250		6.80545e+06		109.673		58.7732		320726		0.401329		307.103		
00:00:32:149		6.80589e+06		109.673		58.6057		314693		0.398238		307.124		
00:00:32:000		6.80619e+06		109.562		58.6057		314693		0.398238		307.138		
00:00:31:899		6.80649e+06		109.562		58.439		308548		0.395144		307.152		
00:00:31:800		6.80678e+06		109.562		58.439		308548		0.395144		307.166		
00:00:31:699		6.80707e+06		109.452		58.2729		302345		0.39205		307.18		
00:00:31:600		6.80736e+06		109.452		58.2729		302345		0.39205		307.193		
00:00:31:500		6.80764e+06		109.341		58.2729		302345		0.39205		307.207		
00:00:31:399		6.80793e+06		109.341		58.1073		296275		0.388955		307.22		
00:00:31:300		6.80821e+06		109.341		58.1073		296275		0.388955		307.234		
00:00:31:199		6.8085e+06		109.228		57.9423		291270		0.385858		307.247		
00:00:31:100		6.80877e+06		109.228		57.9423		291270		0.385858		307.26		
00:00:31:000		6.80905e+06		109.11		57.9423		291270		0.385858		307.274		
00:00:30:899		6.80933e+06		109.11		57.7772		287163		0.38276		307.287		
00:00:30:800		6.8096e+06		109.11		57.7772		287163		0.38276		307.3		
00:00:30:699		6.80988e+06		108.975		57.6108		282983		0.379661		307.313		
00:00:30:600		6.81014e+06		108.975		57.6108		282983		0.379661		307.326		
00:00:30:500		6.81041e+06		108.928		57.6108		282983		0.379661		307.339		
00:00:30:399		6.81068e+06		108.928		57.4424		278790		0.376561		307.352		
00:00:30:300		6.81095e+06		108.928		57.4424		278790		0.376561		307.365		
00:00:30:199		6.81121e+06		108.881		57.2719		274618		0.37346		307.378		
00:00:30:100		6.81148e+06		108.881		57.2719		274618		0.37346		307.391		
00:00:30:000		6.81173e+06		108.833		57.2719		274618		0.37346		307.404		
00:00:29:899		6.81199e+06		108.833		57.0993		270468		0.370358		307.417		
00:00:29:800		6.81224e+06		108.833		57.0993		270468		0.370358		307.429		
00:00:29:699		6.8125e+06		108.785		56.9248		266341		0.367255		307.442		
00:00:29:600		6.81275e+06		108.785		56.9248		266341		0.367255		307.455		
00:00:29:500		6.81301e+06		108.736		56.9248		266341		0.367255		307.467		
00:00:29:399		6.81325e+06		108.736		56.7485		262236		0.36415		307.48		
00:00:29:300		6.81349e+06		108.736		56.7485		262236		0.36415		307.493		
00:00:29:149		6.81385e+06		108.687		56.5706		258136		0.361044		307.512		
00:00:29:050		6.81409e+06		108.687		56.5706		258136		0.361044		307.524		
00:00:29:050		6.81409e+06		108.687		56.5706		258136		0.361044		307.524		
00:00:28:949		6.81433e+06		108.637		56.3908		254022		0.357938		307.537		
00:00:28:800		6.81467e+06		108.637		56.3908		254022		0.357938		307.555		
00:00:28:699		6.8149e+06		108.587		56.2092		249915		0.35483		307.567		
00:00:28:600		6.81512e+06		108.587		56.2092		249915		0.35483		307.58		
00:00:28:500		6.81534e+06		108.537		56.2092		249915		0.35483		307.593		
00:00:28:399		6.81556e+06		108.537		56.0256		245851		0.351721		307.605		
00:00:28:250		6.81587e+06		108.486		56.0256		245851		0.351721		307.624		
00:00:28:149		6.81609e+06		108.486		55.8399		241810		0.348611		307.636		
00:00:28:149		6.81609e+06		108.486		55.8399		241810		0.348611		307.636		
00:00:28:050		6.8163e+06		108.486		55.8399		241810		0.348611		307.649		
00:00:27:949		6.81651e+06		108.435		55.652		237757		0.3455		307.661		
00:00:27:750		6.81694e+06		108.383		55.652		237757		0.3455		307.685		
00:00:27:750		6.81694e+06		108.383		55.652		237757		0.3455		307.685		
00:00:27:649		6.81715e+06		108.383		55.4618		233730		0.342387		307.698		
00:00:27:550		6.81735e+06		108.383		55.4618		233730		0.342387		307.71		
00:00:27:449		6.81756e+06		108.33		55.2693		229728		0.339274		307.722		
00:00:27:350		6.81776e+06		108.33		55.2693		229728		0.339274		307.734		
00:00:27:250		6.81796e+06		108.278		55.2693		229728		0.339274		307.746		
00:00:27:149		6.81815e+06		108.278		55.0744		225716		0.33616		307.759		
00:00:27:050		6.81835e+06		108.278		55.0744		225716		0.33616		307.771		
00:00:26:850		6.81871e+06		108.224		54.8773		221749		0.333044		307.795		
00:00:26:750		6.81889e+06		108.171		54.8773		221749		0.333044		307.807		
00:00:26:750		6.81889e+06		108.171		54.8773		221749		0.333044		307.807		
00:00:26:649		6.81907e+06		108.171		54.6779		217808		0.329927		307.819		
00:00:26:550		6.81924e+06		108.171		54.6779		217808		0.329927		307.831		
00:00:26:449		6.81942e+06		108.116		54.4763		213858		0.326809		307.842		
00:00:26:300		6.81968e+06		108.116		54.4763		213858		0.326809		307.86		
00:00:26:199		6.81987e+06		108.061		54.2723		209936		0.32369		307.872		
00:00:26:100		6.82006e+06		108.061		54.2723		209936		0.32369		307.884		
00:00:26:000		6.82024e+06		108.006		54.2723		209936		0.32369		307.896		
00:00:25:800		6.8206e+06		108.006		54.0661		206041		0.32057		307.919		
00:00:25:699		6.82078e+06		107.95		53.8576		202175		0.317449		307.931		
00:00:25:699		6.82078e+06		107.95		53.8576		202175		0.317449		307.931		
00:00:25:600		6.82096e+06		107.95		53.8576		202175		0.317449		307.943		
00:00:25:500		6.82113e+06		107.894		53.8576		202175		0.317449		307.954		
00:00:25:399		6.82131e+06		107.894		53.6469		198355		0.314327		307.966		
00:00:25:300		6.82148e+06		107.894		53.6469		198355		0.314327		307.977		
00:00:25:199		6.82165e+06		107.837		53.4338		194564		0.311203		307.989		
00:00:25:100		6.82182e+06		107.837		53.4338		194564		0.311203		308		
00:00:25:000		6.82199e+06		107.779		53.4338		194564		0.311203		308.011		
00:00:24:899		6.82215e+06		107.779		53.2183		190785		0.308079		308.023		
00:00:24:800		6.82231e+06		107.779		53.2183		190785		0.308079		308.034		
00:00:24:699		6.82247e+06		107.721		53.0002		187018		0.304953		308.045		
00:00:24:600		6.82263e+06		107.721		53.0002		187018		0.304953		308.057		
00:00:24:500		6.82279e+06		107.662		53.0002		187018		0.304953		308.068		
00:00:24:399		6.82295e+06		107.662		52.7795		183247		0.301826		308.079		
00:00:24:300		6.8231e+06		107.662		52.7795		183247		0.301826		308.09		
00:00:24:199		6.82326e+06		107.602		52.5563		179491		0.298699		308.102		
00:00:24:050		6.82349e+06		107.602		52.5563		179491		0.298699		308.118		
00:00:23:949		6.82364e+06		107.542		52.3307		175748		0.295569		308.13		
00:00:23:899		6.82371e+06		107.542		52.3307		175748		0.295569		308.135		
00:00:23:800		6.82386e+06		107.542		52.3307		175748		0.295569		308.146		
00:00:23:699		6.824e+06		107.482		52.1028		171987		0.292439		308.157		
00:00:23:600		6.82415e+06		107.482		52.1028		171987		0.292439		308.169		
00:00:23:449		6.82436e+06		107.42		51.8727		168259		0.289308		308.185		
00:00:23:350		6.8245e+06		107.42		51.8727		168259		0.289308		308.196		
00:00:23:350		6.8245e+06		107.42		51.8727		168259		0.289308		308.196		
00:00:23:149		6.82478e+06		107.358		51.6403		164563		0.286176		308.218		
00:00:23:149		6.82478e+06		107.358		51.6403		164563		0.286176		308.218		
00:00:23:050		6.82491e+06		107.358		51.6403		164563		0.286176		308.229		
00:00:22:949		6.82505e+06		107.296		51.4055		160869		0.283042		308.239		
00:00:22:750		6.82532e+06		107.232		51.4055		160869		0.283042		308.261		
00:00:22:750		6.82532e+06		107.232		51.4055		160869		0.283042		308.261		
00:00:22:649		6.82545e+06		107.232		51.1683		157191		0.279907		308.271		
00:00:22:550		6.82558e+06		107.232		51.1683		157191		0.279907		308.282		
00:00:22:449		6.8257e+06		107.168		50.9289		153516		0.276771		308.292		
00:00:22:350		6.82584e+06		107.168		50.9289		153516		0.276771		308.302		
00:00:22:250		6.82596e+06		107.104		50.9289		153516		0.276771		308.312		
00:00:22:050		6.82622e+06		107.104		50.6873		149843		0.273634		308.332		
00:00:22:050		6.82622e+06		107.104		50.6873		149843		0.273634		308.332		
00:00:21:850		6.82646e+06		107.039		50.4432		146190		0.270496		308.352		
00:00:21:750		6.82659e+06		106.973		50.4432		146190		0.270496		308.361		
00:00:21:750		6.82659e+06		106.973		50.4432		146190		0.270496		308.361		
00:00:21:649		6.82671e+06		106.973		50.1966		142542		0.267356		308.371		
00:00:21:550		6.82683e+06		106.973		50.1966		142542		0.267356		308.38		
00:00:21:449		6.82694e+06		106.906		49.9473		138915		0.264216		308.39		
00:00:21:350		6.82706e+06		106.906		49.9473		138915		0.264216		308.399		
00:00:21:250		6.82718e+06		106.839		49.9473		138915		0.264216		308.408		
00:00:21:149		6.8273e+06		106.839		49.6953		135310		0.261074		308.417		
00:00:21:000		6.82747e+06		106.771		49.6953		135310		0.261074		308.43		
00:00:20:899		6.82758e+06		106.771		49.4407		131696		0.257931		308.438		
00:00:20:699		6.82781e+06		106.702		49.1836		128107		0.254787		308.455		
00:00:20:699		6.82781e+06		106.702		49.1836		128107		0.254787		308.455		
00:00:20:600		6.82792e+06		106.702		49.1836		128107		0.254787		308.464		
00:00:20:500		6.82802e+06		106.632		49.1836		128107		0.254787		308.472		
00:00:20:399		6.82813e+06		106.632		48.9239		124558		0.251642		308.48		
00:00:20:300		6.82824e+06		106.632		48.9239		124558		0.251642		308.488		
00:00:20:199		6.82834e+06		106.562		48.6615		121050		0.248496		308.496		
00:00:20:100		6.82844e+06		106.562		48.6615		121050		0.248496		308.504		
00:00:20:000		6.82854e+06		106.491		48.6615		121050		0.248496		308.512		
00:00:19:899		6.82865e+06		106.491		48.3963		117584		0.245348		308.519		
00:00:19:699		6.82885e+06		106.419		48.1285		114130		0.242199		308.535		
00:00:19:699		6.82885e+06		106.419		48.1285		114130		0.242199		308.535		
00:00:19:600		6.82894e+06		106.419		48.1285		114130		0.242199		308.543		
00:00:19:500		6.82904e+06		106.347		48.1285		114130		0.242199		308.55		
00:00:19:399		6.82914e+06		106.347		47.8583		110704		0.239049		308.558		
00:00:19:300		6.82923e+06		106.347		47.8583		110704		0.239049		308.565		
00:00:19:199		6.82932e+06		106.273		47.5857		107322		0.235897		308.573		
00:00:19:100		6.82941e+06		106.273		47.5857		107322		0.235897		308.58		
00:00:19:000		6.8295e+06		106.199		47.5857		107322		0.235897		308.588		
00:00:18:899		6.82959e+06		106.199		47.311		103955		0.232745		308.595		
00:00:18:800		6.82967e+06		106.199		47.311		103955		0.232745		308.602		
00:00:18:699		6.82976e+06		106.124		47.0346		100589		0.22959		308.61		
00:00:18:600		6.82984e+06		106.124		47.0346		100589		0.22959		308.617		
00:00:18:500		6.82992e+06		106.049		47.0346		100589		0.22959		308.624		
00:00:18:399		6.83e+06		106.049		46.7571		97254.9		0.226435		308.631		
00:00:18:300		6.83008e+06		106.049		46.7571		97254.9		0.226435		308.639		
00:00:18:199		6.83015e+06		105.972		46.4804		93983.5		0.223278		308.646		
00:00:18:050		6.83027e+06		105.972		46.4804		93983.5		0.223278		308.657		
00:00:17:949		6.83034e+06		105.895		46.2055		90745.8		0.22012		308.664		
00:00:17:949		6.83034e+06		105.895		46.2055		90745.8		0.22012		308.664		
00:00:17:750		6.83048e+06		105.817		46.2055		90745.8		0.22012		308.679		
00:00:17:750		6.83048e+06		105.817		46.2055		90745.8		0.22012		308.679		
00:00:17:649		6.83054e+06		105.817		45.9326		87543.3		0.21696		308.686		
00:00:17:550		6.83061e+06		105.817		45.9326		87543.3		0.21696		308.693		
00:00:17:449		6.83068e+06		105.738		45.6618		84376.7		0.213799		308.7		
00:00:17:350		6.83074e+06		105.738		45.6618		84376.7		0.213799		308.708		
00:00:17:250		6.8308e+06		105.658		45.6618		84376.7		0.213799		308.715		
00:00:17:149		6.83086e+06		105.658		45.3933		81247.4		0.210637		308.722		
00:00:17:050		6.83092e+06		105.658		45.3933		81247.4		0.210637		308.729		
00:00:16:949		6.83098e+06		105.577		45.1277		78169.9		0.207473		308.737		
00:00:16:750		6.83108e+06		105.496		45.1277		78169.9		0.207473		308.751		
00:00:16:649		6.83114e+06		105.496		44.8657		75131.6		0.204307		308.758		
00:00:16:649		6.83114e+06		105.496		44.8657		75131.6		0.204307		308.758		
00:00:16:550		6.83119e+06		105.496		44.8657		75131.6		0.204307		308.765		
00:00:16:449		6.83123e+06		105.414		44.6076		72133.5		0.20114		308.772		
00:00:16:350		6.83128e+06		105.414		44.6076		72133.5		0.20114		308.779		
00:00:16:250		6.83133e+06		105.33		44.6076		72133.5		0.20114		308.786		
00:00:16:149		6.83137e+06		105.33		44.3537		69176.8		0.197971		308.793		
00:00:16:050		6.83141e+06		105.33		44.3537		69176.8		0.197971		308.8		
00:00:15:949		6.83146e+06		105.246		44.1044		66262.5		0.194801		308.807		
00:00:15:750		6.83153e+06		105.162		44.1044		66262.5		0.194801		308.82		
00:00:15:750		6.83153e+06		105.162		44.1044		66262.5		0.194801		308.82		
00:00:15:650		6.83157e+06		105.162		43.8602		63404.5		0.191629		308.827		
00:00:15:550		6.83161e+06		105.162		43.8602		63404.5		0.191629		308.833		
00:00:15:449		6.83164e+06		105.076		43.6214		60615.9		0.188456		308.84		
00:00:15:349		6.83168e+06		105.076		43.6214		60615.9		0.188456		308.846		
00:00:15:199		6.83172e+06		104.99		43.3884		57884.5		0.185281		308.855		
00:00:15:099		6.83176e+06		104.99		43.3884		57884.5		0.185281		308.861		
00:00:15:000		6.83179e+06		104.903		43.3884		57884.5		0.185281		308.866		
00:00:14:900		6.83182e+06		104.903		43.1623		55210.8		0.182104		308.872		
00:00:14:699		6.83187e+06		104.815		42.9434		52630.8		0.178925		308.884		
00:00:14:699		6.83187e+06		104.815		42.9434		52630.8		0.178925		308.884		
00:00:14:599		6.8319e+06		104.815		42.9434		52630.8		0.178925		308.889		
00:00:14:500		6.83192e+06		104.727		42.9434		52630.8		0.178925		308.894		
00:00:14:400		6.83195e+06		104.727		42.7328		50179		0.175745		308.9		
00:00:14:300		6.83198e+06		104.727		42.7328		50179		0.175745		308.905		
00:00:14:199		6.832e+06		104.638		42.5309		47910.7		0.172563		308.91		
00:00:14:099		6.83202e+06		104.638		42.5309		47910.7		0.172563		308.915		
00:00:14:000		6.83205e+06		104.55		42.5309		47910.7		0.172563		308.92		
00:00:13:900		6.83207e+06		104.55		42.3381		45788.5		0.169379		308.925		
00:00:13:699		6.83212e+06		104.462		42.1547		43718.4		0.166193		308.935		
00:00:13:699		6.83212e+06		104.462		42.1547		43718.4		0.166193		308.935		
00:00:13:599		6.83214e+06		104.462		42.1547		43718.4		0.166193		308.939		
00:00:13:500		6.83217e+06		104.388		42.1547		43718.4		0.166193		308.944		
00:00:13:400		6.83219e+06		104.388		41.9794		41681.9		0.163006		308.949		
00:00:13:300		6.83221e+06		104.388		41.9794		41681.9		0.163006		308.953		
00:00:13:199		6.83223e+06		104.314		41.8088		39680.1		0.159816		308.957		
00:00:13:099		6.83225e+06		104.314		41.8088		39680.1		0.159816		308.961		
00:00:13:000		6.83228e+06		104.238		41.8088		39680.1		0.159816		308.965		
00:00:12:900		6.8323e+06		104.238		41.6421		37725		0.156625		308.969		
00:00:12:699		6.83234e+06		104.162		41.4793		35827.5		0.153431		308.976		
00:00:12:699		6.83234e+06		104.162		41.4793		35827.5		0.153431		308.976		
00:00:12:599		6.83237e+06		104.162		41.4793		35827.5		0.153431		308.979		
00:00:12:500		6.83239e+06		104.084		41.4793		35827.5		0.153431		308.982		
00:00:12:400		6.83242e+06		104.084		41.3206		33978.4		0.150235		308.986		
00:00:12:300		6.83245e+06		104.084		41.3206		33978.4		0.150235		308.989		
00:00:12:150		6.83249e+06		104.006		41.1674		32168.7		0.147037		308.993		
00:00:12:050		6.83251e+06		104.006		41.1674		32168.7		0.147037		308.996		
00:00:11:949		6.83254e+06		103.927		41.02		30399.9		0.143837		308.999		
00:00:11:949		6.83254e+06		103.927		41.02		30399.9		0.143837		308.999		
00:00:11:750		6.8326e+06		103.846		41.02		30399.9		0.143837		309.003		
00:00:11:750		6.8326e+06		103.846		41.02		30399.9		0.143837		309.003		
00:00:11:550		6.83267e+06		103.846		40.8789		28673.2		0.140635		309.007		
00:00:11:550		6.83267e+06		103.846		40.8789		28673.2		0.140635		309.007		
00:00:11:449		6.8327e+06		103.765		40.7445		26990		0.13743		309.009		
00:00:11:349		6.83274e+06		103.765		40.7445		26990		0.13743		309.011		
00:00:11:250		6.83277e+06		103.682		40.7445		26990		0.13743		309.013		
00:00:11:150		6.83280e+06		103.682		40.6172		25359.6		0.134222		309.014		
00:00:11:050		6.83284e+06		103.682		40.6172		25359.6		0.134222		309.016		
00:00:10:949		6.83287e+06		103.599		40.498		23782.9		0.13101		309.019		
00:00:10:750		6.83295e+06		103.514		40.498		23782.9		0.13101		309.024		
00:00:10:750		6.83295e+06		103.514		40.498		23782.9		0.13101		309.024		
00:00:10:650		6.83298e+06		103.514		40.3864		22251.9		0.127795		309.026		
00:00:10:550		6.83302e+06		103.514		40.3864		22251.9		0.127795		309.027		
00:00:10:449		6.83305e+06		103.429		40.2817		20790.2		0.124576		309.029		
00:00:10:349		6.83309e+06		103.429		40.2817		20790.2		0.124576		309.031		
00:00:10:250		6.83312e+06		103.342		40.2817		20790.2		0.124576		309.035		
00:00:10:150		6.83314e+06		103.342		40.1832		19397		0.121351		309.04		
00:00:10:050		6.83319e+06		103.255		40.1832		19397		0.121351		309.047		
00:00:09:900		6.83322e+06		103.255		40.0924		18126.8		0.11812		309.052		
00:00:09:750		6.83326e+06		103.168		40.0924		18126.8		0.11812		309.059		
00:00:09:750		6.83326e+06		103.168		40.0924		18126.8		0.11812		309.059		
00:00:09:650		6.83328e+06		103.168		40.0106		16956.4		0.114884		309.064		
00:00:09:550		6.8333e+06		103.168		40.0106		16956.4		0.114884		309.069		
00:00:09:449		6.83332e+06		103.077		39.9388		15820.4		0.111642		309.074		
00:00:09:349		6.83334e+06		103.077		39.9388		15820.4		0.111642		309.08		
00:00:09:199		6.83335e+06		103.001		39.8734		14733.9		0.108394		309.088		
00:00:09:150		6.83336e+06		103.001		39.8734		14733.9		0.108394		309.09		
00:00:09:000		6.83337e+06		102.924		39.8734		14733.9		0.108394		309.099		
00:00:08:800		6.83338e+06		102.924		39.8046		13672.5		0.105139		309.11		
00:00:08:699		6.83338e+06		102.845		39.7327		12648.2		0.101879		309.116		
00:00:08:699		6.83338e+06		102.845		39.7327		12648.2		0.101879		309.116		
00:00:08:599		6.83338e+06		102.845		39.7327		12648.2		0.101879		309.121		
00:00:08:500		6.83337e+06		102.764		39.7327		12648.2		0.101879		309.127		
00:00:08:400		6.83337e+06		102.764		39.6579		11672.8		0.0986111		309.133		
00:00:08:300		6.83336e+06		102.764		39.6579		11672.8		0.0986111		309.139		
00:00:08:199		6.83334e+06		102.681		39.5804		10745		0.0953368		309.145		
00:00:08:099		6.83333e+06		102.681		39.5804		10745		0.0953368		309.152		
00:00:08:000		6.83331e+06		102.597		39.5804		10745		0.0953368		309.158		
00:00:07:799		6.83326e+06		102.597		39.5013		9850.14		0.0920555		309.171		
00:00:07:700		6.83324e+06		102.512		39.4215		8983.11		0.088767		309.178		
00:00:07:700		6.83324e+06		102.512		39.4215		8983.11		0.088767		309.178		
00:00:07:599		6.83321e+06		102.512		39.4215		8983.11		0.088767		309.185		
00:00:07:500		6.83318e+06		102.427		39.4215		8983.11		0.088767		309.192		
00:00:07:400		6.83314e+06		102.427		39.3378		8158.17		0.0854711		309.2		
00:00:07:299		6.8331e+06		102.427		39.3378		8158.17		0.0854711		309.207		
00:00:07:200		6.83305e+06		102.34		39.2445		7365.54		0.0821677		309.215		
00:00:07:099		6.83301e+06		102.34		39.2445		7365.54		0.0821677		309.223		
00:00:07:000		6.83296e+06		102.25		39.2445		7365.54		0.0821677		309.231		
00:00:06:799		6.83286e+06		102.25		39.1489		6606.63		0.0788564		309.248		
00:00:06:700		6.8328e+06		102.158		39.0526		5885.41		0.0755371		309.256		
00:00:06:700		6.8328e+06		102.158		39.0526		5885.41		0.0755371		309.256		
00:00:06:599		6.83274e+06		102.158		39.0526		5885.41		0.0755371		309.265		
00:00:06:500		6.83268e+06		102.064		39.0526		5885.41		0.0755371		309.274		
00:00:06:400		6.83261e+06		102.064		38.9569		5230.58		0.0722095		309.284		
00:00:06:250		6.83251e+06		101.968		38.9569		5230.58		0.0722095		309.298		
00:00:06:150		6.83243e+06		101.968		38.8634		4630.1		0.0688735		309.308		
00:00:06:150		6.83243e+06		101.968		38.8634		4630.1		0.0688735		309.308		
00:00:05:950		6.83229e+06		101.864		38.7741		4045.2		0.0655287		309.329		
00:00:05:950		6.83229e+06		101.864		38.7741		4045.2		0.0655287		309.329		
00:00:05:750		6.83213e+06		101.778		38.7741		4045.2		0.0655287		309.35		
00:00:05:750		6.83213e+06		101.778		38.7741		4045.2		0.0655287		309.35		
00:00:05:650		6.83205e+06		101.778		38.6868		3478.73		0.062175		309.362		
00:00:05:549		6.83196e+06		101.778		38.6868		3478.73		0.062175		309.373		
00:00:05:450		6.83188e+06		101.688		38.5873		2933.95		0.058812		309.385		
00:00:05:349		6.8318e+06		101.688		38.5873		2933.95		0.058812		309.397		
00:00:05:250		6.83172e+06		101.595		38.5873		2933.95		0.058812		309.409		
00:00:05:150		6.83163e+06		101.595		38.4762		2411.17		0.0554397		309.421		
00:00:05:049		6.83155e+06		101.595		38.4762		2411.17		0.0554397		309.434		
00:00:04:950		6.83147e+06		101.498		38.3559		1917.79		0.0520576		309.447		
00:00:04:849		6.83139e+06		101.498		38.3559		1917.79		0.0520576		309.46		
00:00:04:750		6.83131e+06		101.396		38.3559		1917.79		0.0520576		309.474		
00:00:04:650		6.83124e+06		101.396		38.2273		1470.57		0.0486656		309.487		
00:00:04:549		6.83116e+06		101.396		38.2273		1470.57		0.0486656		309.501		
00:00:04:450		6.83109e+06		101.291		38.0926		1078.11		0.0452634		309.515		
00:00:04:349		6.83103e+06		101.291		38.0926		1078.11		0.0452634		309.529		
00:00:04:250		6.83096e+06		101.182		38.0926		1078.11		0.0452634		309.543		
00:00:04:150		6.83091e+06		101.182		37.9536		745.37		0.0418509		309.558		
00:00:04:000		6.83083e+06		101.07		37.9536		745.37		0.0418509		309.579		
00:00:03:899		6.83079e+06		101.07		37.8127		477.32		0.0384277		309.593		
00:00:03:850		6.83076e+06		101.07		37.8127		477.32		0.0384277		309.6		
00:00:03:750		6.83073e+06		100.954		37.8127		477.32		0.0384277		309.614		
00:00:03:649		6.8307e+06		100.954		37.6721		275.437		0.0349937		309.628		
00:00:03:549		6.83068e+06		100.954		37.6721		275.437		0.0349937		309.642		
00:00:03:399		6.83066e+06		100.836		37.5353		136.536		0.0315486		309.662		
00:00:03:299		6.83066e+06		100.836		37.5353		136.536		0.0315486		309.675		
00:00:03:200		6.83065e+06		100.718		37.4061		60.2694		0.0280923		309.688		
00:00:03:100		6.83066e+06		100.718		37.4061		60.2694		0.0280923		309.701		
00:00:03:000		6.83068e+06		100.6		37.4061		60.2694		0.0280923		309.713		
00:00:02:899		6.8307e+06		100.6		37.2943		25.0204		0.0246244		309.724		
00:00:02:799		6.83072e+06		100.6		37.2943		25.0204		0.0246244		309.734		
00:00:02:700		6.83075e+06		100.479		37.211		6.98733		0.0211447		309.743		
00:00:02:600		6.83078e+06		100.479		37.211		6.98733		0.0211447		309.751		
00:00:02:500		6.83081e+06		100.413		37.211		6.98733		0.0211447		309.758		
00:00:02:399		6.83085e+06		100.413		37.0988		0.92897		0.0176527		309.763		
00:00:02:299		6.83088e+06		100.413		37.0988		0.92897		0.0176527		309.766		
00:00:02:200		6.83092e+06		100.337		36.96		0		0.0141481		309.767		
00:00:02:100		6.83095e+06		100.337		36.96		0		0.0141481		309.765		
00:00:02:000		6.83099e+06		100.253		36.96		0		0.0141481		309.761		
00:00:01:899		6.83102e+06		100.253		36.8014		0		0.0106305		309.757		
00:00:01:800		6.83105e+06		100.253		36.8014		0		0.0106305		309.752		
00:00:01:699		6.83108e+06		100.162		36.6329		0		0.00709923		309.749		
00:00:01:600		6.8311e+06		100.162		36.6329		0		0.00709923		309.747		
00:00:01:500		6.83113e+06		100.069		36.6329		0		0.00709923		309.744		
00:00:01:399		6.83115e+06		100.069		36.4722		0		0.00355686		309.741		
00:00:01:300		6.83117e+06		100.069		36.4722		0		0.00355686		309.735		
00:00:01:199		6.83118e+06		99.9873		36.3825		0		0		309.73		
00:00:01:100		6.83119e+06		99.9873		36.3825		0		0		309.734		
00:00:01:000		6.83119e+06		100.069		36.3825		0		0		309.756		
00:00:00:900		6.83119e+06		100.069		36.3828		0		0		309.794		
00:00:00:800		6.83118e+06		100.069		36.3828		0		0		309.846		
00:00:00:699		6.83118e+06		100.069		36.3831		0		0		309.846		
00:00:00:599		6.83118e+06		100.069		36.3831		0		0		309.846		
00:00:00:450		6.83117e+06		100.069		36.3834		0		0		309.846		
00:00:00:349		6.83117e+06		100.069		36.3834		0		0		309.846		
00:00:00:349		6.83117e+06		100.069		36.3834		0		0		309.846		
00:00:00:250		6.83116e+06		100.069		36.3834		0		0		309.846		
00:00:00:149		6.83116e+06		100.069		36.3837		0		0		309.846		
00:00:00:000		6.83115e+06		100.069		36.3837		0		0		309.846		
00:00:00:000		6.83115e+06		100.069		36.3837		0		0		309.846		
00:00:00:000		6.83115e+06		100.069		36.3837		0		0		309.846		
00:00:00:000		6.83115e+06		100.069		36.3837		0		0		309.846		
00:00:00:000		6.83115e+06		100.069		36.3837		0		0		309.846		
00:00:00:000		6.83115e+06		100.069		36.3837		0		0		309.846		
00:00:00:000		6.83115e+06		100.069		36.3837		0		0		309.846		
