	time 		rcpppzr	rcp054rcp007mnzoyout	rcv501std0102fvol	fwfrcp001gv	rcppmssga	msfsg(1)	
00:01:03:799		7.48113e+06		-5.84805		0		0		7.19407e+06		19.5978		
00:01:03:700		7.48565e+06		-5.8479		0		0		7.19412e+06		21.9961		
00:01:03:600		7.49032e+06		-5.8478		0		0		7.19388e+06		11.7366		
00:01:03:500		7.49515e+06		-5.84775		0		0		7.1934e+06		-8.71465		
00:01:03:299		7.50524e+06		-5.84779		0		0		7.19268e+06		-19.2473		
00:01:03:200		7.51051e+06		-5.84788		0		0		7.19275e+06		-3.29031		
00:01:03:200		7.51051e+06		-5.84788		0		0		7.19275e+06		-3.29031		
00:01:03:100		7.51592e+06		-5.84801		0		0		7.19299e+06		14.5549		
00:01:03:000		7.52149e+06		-5.84816		0		0		7.19316e+06		23.6064		
00:01:02:899		7.5272e+06		-5.84833		0		0		7.19308e+06		17.9026		
00:01:02:799		7.53306e+06		-5.84852		0		0		7.19271e+06		5.47283		
00:01:02:649		7.54212e+06		-5.84885		0		0		7.19195e+06		-21.0103		
00:01:02:600		7.54521e+06		-5.84897		0		0		7.19178e+06		-22.2484		
00:01:02:500		7.55149e+06		-5.84923		0		0		7.19167e+06		-12.0855		
00:01:02:299		7.56446e+06		-5.84979		0		0		7.19204e+06		19.1159		
00:01:02:149		7.57458e+06		-5.85026		0		0		7.19202e+06		18.1562		
00:01:02:149		7.57458e+06		-5.85026		0		0		7.19202e+06		18.1562		
00:01:02:049		7.58148e+06		-5.85058		0		0		7.19164e+06		5.82453		
00:01:01:950		7.58852e+06		-5.85091		0		0		7.19109e+06		-14.9883		
00:01:01:850		7.59569e+06		-5.85126		0		0		7.19064e+06		-22.8151		
00:01:01:750		7.60298e+06		-5.8516		0		0		7.1905e+06		-13.8033		
00:01:01:700		7.60668e+06		-5.85177		0		0		7.19054e+06		-5.41991		
00:01:01:600		7.6142e+06		-5.85212		0		0		7.19075e+06		12.899		
00:01:01:500		7.62184e+06		-5.85246		0		0		7.19091e+06		22.7831		
00:01:01:399		7.62959e+06		-5.85278		0		0		7.19083e+06		19.0001		
00:01:01:299		7.63747e+06		-5.85308		0		0		7.19046e+06		6.80957		
00:01:01:200		7.64547e+06		-5.85337		0		0		7.18991e+06		-13.7425		
00:01:01:049		7.65768e+06		-5.85373		0		0		7.18932e+06		-21.3039		
00:01:00:950		7.66598e+06		-5.85393		0		0		7.18931e+06		-6.23371		
00:01:00:850		7.6744e+06		-5.85409		0		0		7.1895e+06		12.3597		
00:01:00:750		7.68295e+06		-5.85419		0		0		7.18967e+06		22.5788		
00:01:00:649		7.69164e+06		-5.85425		0		0		7.18962e+06		20.0011		
00:01:00:549		7.70048e+06		-5.85426		0		0		7.18926e+06		8.48611		
00:01:00:450		7.70947e+06		-5.85425		0		0		7.18869e+06		-13.6613		
00:01:00:350		7.7186e+06		-5.8542		0		0		7.18819e+06		-23.6311		
00:01:00:250		7.72786e+06		-5.85414		0		0		7.18798e+06		-17.209		
00:01:00:250		7.72786e+06		-5.85414		0		0		7.18798e+06		-17.209		
00:01:00:049		7.74677e+06		-5.85393		0		0		7.18831e+06		17.712		
00:01:00:049		7.74677e+06		-5.85393		0		0		7.18831e+06		17.712		
00:01:00:000		7.75157e+06		-5.85386		0		0		7.18839e+06		22.6151		
00:00:59:899		7.76127e+06		-5.85372		0		0		7.18836e+06		22.208		
00:00:59:799		7.7711e+06		-5.85357		0		0		7.18802e+06		10.9245		
00:00:59:700		7.78109e+06		-5.8534		0		0		7.18744e+06		-13.9755		
00:00:59:600		7.79123e+06		-5.85322		0		0		7.1869e+06		-23.5364		
00:00:59:500		7.80154e+06		-5.85302		0		0		7.18665e+06		-19.0691		
00:00:59:250		7.82799e+06		-5.85247		0		0		7.18703e+06		22.0649		
00:00:59:250		7.82799e+06		-5.85247		0		0		7.18703e+06		22.0649		
00:00:59:149		7.83882e+06		-5.85224		0		0		7.18701e+06		23.1617		
00:00:59:049		7.8498e+06		-5.852		0		0		7.18668e+06		11.7844		
00:00:58:850		7.8722e+06		-5.85151		0		0		7.18552e+06		-23.9037		
00:00:58:850		7.8722e+06		-5.85151		0		0		7.18552e+06		-23.9037		
00:00:58:750		7.88363e+06		-5.85128		0		0		7.18524e+06		-20.5883		
00:00:58:649		7.89522e+06		-5.85104		0		0		7.1853e+06		0		
00:00:58:549		7.90696e+06		-5.85082		0		0		7.18551e+06		16.5703		
00:00:58:399		7.92485e+06		-5.85049		0		0		7.18561e+06		24.3265		
00:00:58:299		7.93697e+06		-5.85029		0		0		7.1853e+06		13.5908		
00:00:58:299		7.93697e+06		-5.85029		0		0		7.1853e+06		13.5908		
00:00:58:200		7.94924e+06		-5.85011		0		0		7.18472e+06		-8.46947		
00:00:58:100		7.96165e+06		-5.84993		0		0		7.18412e+06		-23.7257		
00:00:58:000		7.9742e+06		-5.84977		0		0		7.18378e+06		-21.884		
00:00:57:899		7.9869e+06		-5.84961		0		0		7.18379e+06		-4.45414		
00:00:57:799		7.99973e+06		-5.84947		0		0		7.18401e+06		15.5798		
00:00:57:700		8.01272e+06		-5.84933		0		0		7.18417e+06		25.892		
00:00:57:600		8.02586e+06		-5.84918		0		0		7.18406e+06		20.7191		
00:00:57:500		8.03916e+06		-5.84902		0		0		7.18362e+06		7.66138		
00:00:57:250		8.07299e+06		-5.84858		0		0		7.18228e+06		-23.2077		
00:00:57:250		8.07299e+06		-5.84858		0		0		7.18228e+06		-23.2077		
00:00:57:149		8.08675e+06		-5.84836		0		0		7.18224e+06		-7.05971		
00:00:57:049		8.10065e+06		-5.84811		0		0		7.18243e+06		13.3154		
00:00:56:950		8.11466e+06		-5.84783		0		0		7.18259e+06		24.7537		
00:00:56:850		8.1288e+06		-5.8475		0		0		7.18251e+06		21.7861		
00:00:56:750		8.14306e+06		-5.84712		0		0		7.1821e+06		10.4743		
00:00:56:649		8.15744e+06		-5.84669		0		0		7.18145e+06		-15.0421		
00:00:56:549		8.17193e+06		-5.84621		0		0		7.18087e+06		-25.505		
00:00:56:450		8.18654e+06		-5.84566		0		0		7.1806e+06		-19.0849		
00:00:56:250		8.21609e+06		-5.84437		0		0		7.18087e+06		18.299		
00:00:56:250		8.21609e+06		-5.84437		0		0		7.18087e+06		18.299		
00:00:56:149		8.23101e+06		-5.84364		0		0		7.18096e+06		27.1735		
00:00:56:049		8.24601e+06		-5.84285		0		0		7.18074e+06		17.9463		
00:00:55:950		8.26111e+06		-5.84201		0		0		7.18021e+06		2.17273		
00:00:55:850		8.27632e+06		-5.84114		0		0		7.17953e+06		-20.9557		
00:00:55:750		8.29163e+06		-5.84024		0		0		7.17904e+06		-25.6856		
00:00:55:649		8.30704e+06		-5.83933		0		0		7.17892e+06		-11.7291		
00:00:55:549		8.32256e+06		-5.83845		0		0		7.17908e+06		10.5939		
00:00:55:350		8.35388e+06		-5.83685		0		0		7.17925e+06		25.0586		
00:00:55:250		8.36971e+06		-5.83619		0		0		7.17889e+06		13.3841		
00:00:55:250		8.36971e+06		-5.83619		0		0		7.17889e+06		13.3841		
00:00:55:100		8.39372e+06		-5.83544		0		0		7.1779e+06		-19.861		
00:00:55:000		8.40984e+06		-5.83511		0		0		7.17737e+06		-26.5824		
00:00:54:899		8.42602e+06		-5.83493		0		0		7.1772e+06		-14.7172		
00:00:54:799		8.44225e+06		-5.8349		0		0		7.17735e+06		8.76732		
00:00:54:700		8.45854e+06		-5.835		0		0		7.17757e+06		22.8725		
00:00:54:600		8.47488e+06		-5.83518		0		0		7.1776e+06		26.7888		
00:00:54:500		8.49127e+06		-5.83541		0		0		7.17728e+06		15.8559		
00:00:54:399		8.50769e+06		-5.83569		0		0		7.17665e+06		-6.78541		
00:00:54:299		8.52414e+06		-5.83601		0		0		7.17597e+06		-25.2288		
00:00:54:299		8.52414e+06		-5.83601		0		0		7.17597e+06		-25.2288		
00:00:54:200		8.54062e+06		-5.83637		0		0		7.17554e+06		-25.2353		
00:00:54:100		8.55714e+06		-5.83682		0		0		7.1755e+06		-8.20662		
00:00:54:000		8.57367e+06		-5.83738		0		0		7.17571e+06		13.9663		
00:00:53:899		8.59022e+06		-5.83805		0		0		7.1759e+06		26.3601		
00:00:53:799		8.60678e+06		-5.8388		0		0		7.17583e+06		23.3452		
00:00:53:700		8.62333e+06		-5.8396		0		0		7.17541e+06		11.2118		
00:00:53:600		8.63986e+06		-5.84042		0		0		7.17472e+06		-15.9136		
00:00:53:500		8.65636e+06		-5.84121		0		0		7.17411e+06		-27.1286		
00:00:53:350		8.68109e+06		-5.84223		0		0		7.17383e+06		-11.1302		
00:00:53:250		8.70583e+06		-5.84297		0		0		7.17415e+06		19.0544		
00:00:53:100		8.72232e+06		-5.8434		0		0		7.17427e+06		28.4991		
00:00:53:000		8.73886e+06		-5.84379		0		0		7.17407e+06		19.439		
00:00:52:899		8.75542e+06		-5.84414		0		0		7.17354e+06		3.26672		
00:00:52:799		8.77196e+06		-5.84445		0		0		7.17284e+06		-21.3745		
00:00:52:700		8.78848e+06		-5.84473		0		0		7.17233e+06		-27.2152		
00:00:52:600		8.80499e+06		-5.84497		0		0		7.17219e+06		-13.8071		
00:00:52:500		8.82145e+06		-5.84518		0		0		7.17237e+06		9.73871		
00:00:52:399		8.83787e+06		-5.84536		0		0		7.17261e+06		23.856		
00:00:52:299		8.85422e+06		-5.84553		0		0		7.17262e+06		26.5685		
00:00:52:299		8.85422e+06		-5.84553		0		0		7.17262e+06		26.5685		
00:00:52:200		8.87052e+06		-5.84569		0		0		7.17229e+06		14.6832		
00:00:52:100		8.88678e+06		-5.84583		0		0		7.17164e+06		-9.69604		
00:00:52:000		8.90298e+06		-5.84598		0		0		7.17098e+06		-26.5683		
00:00:51:899		8.91913e+06		-5.84613		0		0		7.17061e+06		-24.8313		
00:00:51:799		8.93523e+06		-5.8463		0		0		7.17062e+06		-6.46793		
00:00:51:700		8.95127e+06		-5.8465		0		0		7.17086e+06		15.7266		
00:00:51:600		8.96726e+06		-5.84672		0		0		7.17105e+06		27.5065		
00:00:51:450		8.9911e+06		-5.84713		0		0		7.17076e+06		16.2708		
00:00:51:250		9.02246e+06		-5.84783		0		0		7.16949e+06		-25.0856		
00:00:51:250		9.02246e+06		-5.84783		0		0		7.16949e+06		-25.0856		
00:00:51:149		9.03796e+06		-5.84826		0		0		7.16909e+06		-25.8393		
00:00:51:049		9.05338e+06		-5.84874		0		0		7.16907e+06		-8.49759		
00:00:50:950		9.06872e+06		-5.84924		0		0		7.1693e+06		13.5922		
00:00:50:850		9.084e+06		-5.84971		0		0		7.16952e+06		26.1747		
00:00:50:750		9.09926e+06		-5.85016		0		0		7.16947e+06		23.1982		
00:00:50:649		9.1145e+06		-5.8506		0		0		7.16906e+06		9.75711		
00:00:50:549		9.12968e+06		-5.85102		0		0		7.16841e+06		-16.3282		
00:00:50:450		9.14478e+06		-5.85143		0		0		7.16782e+06		-28.1368		
00:00:50:250		9.17478e+06		-5.85218		0		0		7.16771e+06		1.74669		
00:00:50:250		9.17478e+06		-5.85218		0		0		7.16771e+06		1.74669		
00:00:50:149		9.18967e+06		-5.85252		0		0		7.16799e+06		20.0065		
00:00:50:049		9.20448e+06		-5.85284		0		0		7.16813e+06		29.3977		
00:00:49:850		9.23389e+06		-5.85337		0		0		7.16737e+06		0		
00:00:49:850		9.23389e+06		-5.85337		0		0		7.16737e+06		0		
00:00:49:750		9.24847e+06		-5.8536		0		0		7.16669e+06		-23.2707		
00:00:49:649		9.26297e+06		-5.85379		0		0		7.16622e+06		-28.3757		
00:00:49:549		9.27738e+06		-5.85396		0		0		7.16616e+06		-12.1275		
00:00:49:450		9.29171e+06		-5.85409		0		0		7.1664e+06		11.6053		
00:00:49:350		9.30596e+06		-5.8542		0		0		7.16666e+06		25.5209		
00:00:49:250		9.32015e+06		-5.85428		0		0		7.16667e+06		26.8941		
00:00:49:149		9.33426e+06		-5.85432		0		0		7.1663e+06		12.9775		
00:00:49:049		9.3483e+06		-5.85435		0		0		7.16564e+06		-14.6408		
00:00:48:950		9.36227e+06		-5.85437		0		0		7.16502e+06		-28.5036		
00:00:48:850		9.37617e+06		-5.85437		0		0		7.16472e+06		-24.4621		
00:00:48:750		9.38999e+06		-5.85439		0		0		7.16482e+06		-3.37998		
00:00:48:600		9.41058e+06		-5.85444		0		0		7.16524e+06		25.6215		
00:00:48:500		9.42421e+06		-5.85452		0		0		7.16528e+06		27.7173		
00:00:48:299		9.45125e+06		-5.8548		0		0		7.16426e+06		-13.6486		
00:00:48:200		9.46468e+06		-5.85499		0		0		7.16361e+06		-28.8698		
00:00:48:200		9.46468e+06		-5.85499		0		0		7.16361e+06		-28.8698		
00:00:48:100		9.47806e+06		-5.85522		0		0		7.16329e+06		-25.5544		
00:00:48:000		9.4914e+06		-5.85553		0		0		7.16337e+06		-4.99134		
00:00:47:899		9.50468e+06		-5.85592		0		0		7.16367e+06		18.5968		
00:00:47:799		9.51789e+06		-5.85641		0		0		7.16388e+06		30.0568		
00:00:47:700		9.53104e+06		-5.85702		0		0		7.16374e+06		21.8405		
00:00:47:600		9.54412e+06		-5.85776		0		0		7.16322e+06		4.34936		
00:00:47:500		9.55712e+06		-5.85862		0		0		7.1625e+06		-22.3354		
00:00:47:299		9.58293e+06		-5.86061		0		0		7.16181e+06		-17.7742		
00:00:47:299		9.58293e+06		-5.86061		0		0		7.16181e+06		-17.7742		
00:00:47:200		9.59588e+06		-5.86166		0		0		7.16203e+06		8.00536		
00:00:47:200		9.59588e+06		-5.86166		0		0		7.16203e+06		8.00536		
00:00:47:100		9.60886e+06		-5.86267		0		0		7.16234e+06		24.8813		
00:00:47:000		9.62188e+06		-5.86359		0		0		7.16244e+06		29.5534		
00:00:46:899		9.63489e+06		-5.86436		0		0		7.16214e+06		16.7467		
00:00:46:700		9.66102e+06		-5.86533		0		0		7.16078e+06		-28.7879		
00:00:46:600		9.67417e+06		-5.86548		0		0		7.16037e+06		-28.4807		
00:00:46:500		9.68737e+06		-5.86537		0		0		7.1604e+06		-9.55259		
00:00:46:299		9.71362e+06		-5.8642		0		0		7.16097e+06		29.6243		
00:00:46:200		9.72669e+06		-5.86306		0		0		7.16093e+06		25.6826		
00:00:46:200		9.72669e+06		-5.86306		0		0		7.16093e+06		25.6826		
00:00:46:200		9.72669e+06		-5.86306		0		0		7.16093e+06		25.6826		
00:00:46:100		9.73975e+06		-5.86151		0		0		7.16049e+06		9.90062		
00:00:46:000		9.75277e+06		-5.85951		0		0		7.15979e+06		-18.2256		
00:00:45:899		9.76576e+06		-5.85705		0		0		7.15916e+06		-31.0656		
00:00:45:799		9.77872e+06		-5.85413		0		0		7.15891e+06		-23.1868		
00:00:45:700		9.79164e+06		-5.85078		0		0		7.15907e+06		0		
00:00:45:549		9.81095e+06		-5.84508		0		0		7.15954e+06		27.6159		
00:00:45:350		9.83663e+06		-5.83671		0		0		7.1592e+06		13.8662		
00:00:45:350		9.83663e+06		-5.83671		0		0		7.1592e+06		13.8662		
00:00:45:250		9.84946e+06		-5.83246		0		0		7.1585e+06		-15.1722		
00:00:45:149		9.86229e+06		-5.82836		0		0		7.15783e+06		-31.0409		
00:00:45:049		9.87516e+06		-5.82453		0		0		7.1575e+06		-27.4978		
00:00:44:950		9.88804e+06		-5.82115		0		0		7.1576e+06		-6.43607		
00:00:44:850		9.90088e+06		-5.81815		0		0		7.15794e+06		18.6763		
00:00:44:750		9.91373e+06		-5.81507		0		0		7.1582e+06		31.6775		
00:00:44:649		9.92654e+06		-5.81187		0		0		7.15811e+06		24.5936		
00:00:44:549		9.93933e+06		-5.80856		0		0		7.15761e+06		7.30331		
00:00:44:450		9.9521e+06		-5.80513		0		0		7.15687e+06		-21.221		
00:00:44:350		9.96485e+06		-5.80159		0		0		7.15627e+06		-32.3786		
00:00:44:250		9.97758e+06		-5.79794		0		0		7.15606e+06		-22.7154		
00:00:44:149		9.99029e+06		-5.79417		0		0		7.15627e+06		2.35576		
00:00:44:049		1.0003e+07		-5.7903		0		0		7.15664e+06		23.5666		
00:00:43:950		1.00157e+07		-5.78632		0		0		7.15684e+06		33.1081		
00:00:43:850		1.00283e+07		-5.78223		0		0		7.15664e+06		21.6317		
00:00:43:750		1.0041e+07		-5.77804		0		0		7.15605e+06		0.742009		
00:00:43:649		1.00536e+07		-5.77375		0		0		7.1553e+06		-26.0689		
00:00:43:549		1.00662e+07		-5.76937		0		0		7.15478e+06		-32.4102		
00:00:43:450		1.00788e+07		-5.76489		0		0		7.1547e+06		-16.6379		
00:00:43:250		1.0104e+07		-5.75565		0		0		7.15535e+06		28.0052		
00:00:43:250		1.0104e+07		-5.75565		0		0		7.15535e+06		28.0052		
00:00:43:149		1.01166e+07		-5.75089		0		0		7.15545e+06		31.7233		
00:00:43:049		1.01291e+07		-5.74604		0		0		7.15512e+06		17.4521		
00:00:42:950		1.01417e+07		-5.7411		0		0		7.15443e+06		-10.9533		
00:00:42:850		1.01541e+07		-5.73608		0		0		7.15371e+06		-31.0391		
00:00:42:750		1.01666e+07		-5.73096		0		0		7.1533e+06		-30.409		
00:00:42:649		1.01791e+07		-5.72575		0		0		7.15334e+06		-11.0906		
00:00:42:549		1.01915e+07		-5.72045		0		0		7.15369e+06		16.2609		
00:00:42:350		1.02163e+07		-5.70958		0		0		7.154e+06		27.8054		
00:00:42:250		1.02287e+07		-5.70401		0		0		7.15356e+06		10.7782		
00:00:42:250		1.02287e+07		-5.70401		0		0		7.15356e+06		10.7782		
00:00:42:149		1.0241e+07		-5.69835		0		0		7.15283e+06		-18.9782		
00:00:42:000		1.02595e+07		-5.68968		0		0		7.15199e+06		-32.3071		
00:00:41:899		1.02719e+07		-5.68377		0		0		7.15196e+06		-14.6374		
00:00:41:799		1.02842e+07		-5.67777		0		0		7.15228e+06		13.1669		
00:00:41:700		1.02966e+07		-5.67166		0		0		7.15263e+06		29.6993		
00:00:41:600		1.03089e+07		-5.66546		0		0		7.1527e+06		31.3624		
00:00:41:500		1.03212e+07		-5.65916		0		0		7.15231e+06		15.4868		
00:00:41:299		1.03458e+07		-5.64628		0		0		7.15087e+06		-32.9178		
00:00:41:200		1.0358e+07		-5.63969		0		0		7.15052e+06		-29.8569		
00:00:41:200		1.0358e+07		-5.63969		0		0		7.15052e+06		-29.8569		
00:00:41:200		1.0358e+07		-5.63969		0		0		7.15052e+06		-29.8569		
00:00:41:100		1.03703e+07		-5.63301		0		0		7.15063e+06		-7.72698		
00:00:41:000		1.03825e+07		-5.62623		0		0		7.15101e+06		19.3913		
00:00:40:899		1.03947e+07		-5.61935		0		0		7.15131e+06		33.7401		
00:00:40:799		1.04069e+07		-5.61237		0		0		7.15124e+06		26.9704		
00:00:40:700		1.04191e+07		-5.60528		0		0		7.15073e+06		8.32401		
00:00:40:600		1.04313e+07		-5.59809		0		0		7.14996e+06		-21.7543		
00:00:40:500		1.04435e+07		-5.5908		0		0		7.14932e+06		-34.1943		
00:00:40:299		1.04679e+07		-5.57593		0		0		7.14934e+06		2.12349		
00:00:40:200		1.04803e+07		-5.56834		0		0		7.14974e+06		24.7564		
00:00:40:200		1.04803e+07		-5.56834		0		0		7.14974e+06		24.7564		
00:00:40:100		1.04926e+07		-5.56066		0		0		7.14996e+06		34.8781		
00:00:39:850		1.05234e+07		-5.54097		0		0		7.14871e+06		-19.6272		
00:00:39:850		1.05234e+07		-5.54097		0		0		7.14871e+06		-19.6272		
00:00:39:750		1.05357e+07		-5.5329		0		0		7.14802e+06		-34.2293		
00:00:39:700		1.05419e+07		-5.52882		0		0		7.14781e+06		-34.064		
00:00:39:600		1.05542e+07		-5.52057		0		0		7.14776e+06		-16.0692		
00:00:39:500		1.05665e+07		-5.51219		0		0		7.14808e+06		12.6443		
00:00:39:299		1.05911e+07		-5.49507		0		0		7.14853e+06		32.8671		
00:00:39:299		1.05911e+07		-5.49507		0		0		7.14853e+06		32.8671		
00:00:39:200		1.06034e+07		-5.48633		0		0		7.14815e+06		16.8188		
00:00:39:100		1.06157e+07		-5.47747		0		0		7.1474e+06		-14.5766		
00:00:39:000		1.06281e+07		-5.46849		0		0		7.14665e+06		-33.855		
00:00:38:899		1.06404e+07		-5.45939		0		0		7.14627e+06		-31.255		
00:00:38:649		1.06711e+07		-5.43611		0		0		7.14694e+06		28.1424		
00:00:38:649		1.06711e+07		-5.43611		0		0		7.14694e+06		28.1424		
00:00:38:549		1.06834e+07		-5.4266		0		0		7.14709e+06		34.6922		
00:00:38:450		1.06956e+07		-5.417		0		0		7.14678e+06		20.2878		
00:00:38:350		1.07077e+07		-5.40733		0		0		7.14607e+06		-8.69262		
00:00:38:250		1.07199e+07		-5.39758		0		0		7.14528e+06		-31.477		
00:00:38:149		1.07321e+07		-5.38779		0		0		7.14481e+06		-33.2799		
00:00:38:049		1.07443e+07		-5.37795		0		0		7.14483e+06		-13.1304		
00:00:37:950		1.07565e+07		-5.36807		0		0		7.14518e+06		16.1819		
00:00:37:850		1.07686e+07		-5.35816		0		0		7.14552e+06		32.8078		
00:00:37:750		1.07808e+07		-5.34823		0		0		7.14553e+06		31.2598		
00:00:37:649		1.07929e+07		-5.33826		0		0		7.14507e+06		13.6651		
00:00:37:549		1.0805e+07		-5.32825		0		0		7.14427e+06		-20.8616		
00:00:37:450		1.08171e+07		-5.3182		0		0		7.14354e+06		-35.5135		
00:00:37:250		1.08413e+07		-5.29791		0		0		7.14338e+06		-3.60665		
00:00:37:250		1.08413e+07		-5.29791		0		0		7.14338e+06		-3.60665		
00:00:37:149		1.08532e+07		-5.28766		0		0		7.14378e+06		23.6979		
00:00:37:049		1.08653e+07		-5.27732		0		0		7.14403e+06		36.5901		
00:00:36:950		1.08773e+07		-5.2669		0		0		7.14385e+06		25.8258		
00:00:36:850		1.08894e+07		-5.2564		0		0		7.14321e+06		3.95128		
00:00:36:700		1.09074e+07		-5.24052		0		0		7.14198e+06		-35.7049		
00:00:36:649		1.09135e+07		-5.23519		0		0		7.14171e+06		-36.9335		
00:00:36:549		1.09255e+07		-5.22448		0		0		7.14155e+06		-22.137		
00:00:36:399		1.09436e+07		-5.2083		0		0		7.14205e+06		20.7334		
00:00:36:299		1.09556e+07		-5.19744		0		0		7.14235e+06		36.3621		
00:00:36:200		1.09677e+07		-5.18653		0		0		7.14227e+06		29.4012		
00:00:36:100		1.09798e+07		-5.17558		0		0		7.1417e+06		10.0395		
00:00:36:049		1.09858e+07		-5.17009		0		0		7.14128e+06		-8.55239		
00:00:35:899		1.10039e+07		-5.15358		0		0		7.14012e+06		-36.7745		
00:00:35:799		1.1016e+07		-5.14255		0		0		7.13985e+06		-26.3714		
00:00:35:750		1.1022e+07		-5.13704		0		0		7.1399e+06		-14.3898		
00:00:35:600		1.10402e+07		-5.12046		0		0		7.14043e+06		26.2324		
00:00:35:600		1.10402e+07		-5.12046		0		0		7.14043e+06		26.2324		
00:00:35:399		1.10645e+07		-5.09835		0		0		7.14038e+06		23.948		
00:00:35:299		1.10766e+07		-5.08728		0		0		7.13969e+06		0		
00:00:35:200		1.10888e+07		-5.07619		0		0		7.13883e+06		-30.6965		
00:00:35:100		1.11009e+07		-5.06505		0		0		7.13824e+06		-35.3414		
00:00:35:000		1.11132e+07		-5.05386		0		0		7.13815e+06		-16.5025		
00:00:34:899		1.11254e+07		-5.04262		0		0		7.13844e+06		13.8015		
00:00:34:799		1.11377e+07		-5.03133		0.0689979		0		7.13875e+06		31.8752		
00:00:34:799		1.11377e+07		-5.03133		0.0689979		0		7.13875e+06		31.8752		
00:00:34:700		1.11499e+07		-5.01998		0.207296		0		7.13875e+06		32.1962		
00:00:34:600		1.11622e+07		-5.00858		0.345534		0		7.13829e+06		16.152		
00:00:34:500		1.11745e+07		-4.99713		0.48363		0		7.13746e+06		-17.2859		
00:00:34:299		1.1199e+07		-4.97407		0.758907		0		7.13627e+06		-29.8113		
00:00:34:200		1.12113e+07		-4.96246		0.895886		0		7.13636e+06		-4.42275		
00:00:34:200		1.12113e+07		-4.96246		0.895886		0		7.13636e+06		-4.42275		
00:00:34:100		1.12236e+07		-4.9508		1.03227		0		7.13669e+06		22.8546		
00:00:34:000		1.12359e+07		-4.93908		1.16793		0		7.13687e+06		36.2504		
00:00:33:899		1.12482e+07		-4.92732		1.30272		0		7.13665e+06		25.1958		
00:00:33:799		1.12605e+07		-4.9155		1.4365		0		7.13597e+06		3.34913		
00:00:33:700		1.12728e+07		-4.90365		1.56909		0		7.13507e+06		-28.2718		
00:00:33:600		1.12852e+07		-4.89174		1.70031		0		7.13441e+06		-36.7886		
00:00:33:500		1.13037e+07		-4.87382		1.89404		0		7.13434e+06		-4.90374		
00:00:33:299		1.13223e+07		-4.8558		2.08319		0		7.13479e+06		30.9984		
00:00:33:299		1.13223e+07		-4.8558		2.08319		0		7.13479e+06		30.9984		
00:00:33:149		1.1341e+07		-4.83769		2.26691		0		7.13464e+06		27.1391		
00:00:33:049		1.13534e+07		-4.82556		2.38633		0		7.13393e+06		4.33378		
00:00:32:950		1.13657e+07		-4.8134		2.50359		0		7.13299e+06		-28.782		
00:00:32:850		1.13781e+07		-4.8012		2.61864		0		7.13227e+06		-38.6007		
00:00:32:750		1.13905e+07		-4.78897		2.73614		0		7.13207e+06		-23.393		
00:00:32:649		1.14029e+07		-4.77669		2.8555		0		7.13232e+06		11.4698		
00:00:32:549		1.14153e+07		-4.76437		2.97409		0		7.13266e+06		31.6792		
00:00:32:450		1.14277e+07		-4.75201		3.09002		0		7.13273e+06		39.0905		
00:00:32:250		1.14525e+07		-4.72712		3.30976		0		7.13138e+06		-14.0126		
00:00:32:250		1.14525e+07		-4.72712		3.30976		0		7.13138e+06		-14.0126		
00:00:32:149		1.14648e+07		-4.71459		3.40926		0		7.13043e+06		-37.6172		
00:00:32:049		1.14772e+07		-4.702		3.50562		0		7.12986e+06		-37.7877		
00:00:31:949		1.14896e+07		-4.68935		3.59881		0		7.12985e+06		-12.6068		
00:00:31:850		1.1502e+07		-4.67663		3.68879		0		7.13021e+06		21.4186		
00:00:31:750		1.15144e+07		-4.66385		3.77558		0		7.13051e+06		39.223		
00:00:31:649		1.15268e+07		-4.65101		3.85918		0		7.13042e+06		35.2239		
00:00:31:550		1.15392e+07		-4.63811		3.93961		0		7.12976e+06		13.1617		
00:00:31:449		1.15515e+07		-4.62515		4.01691		0		7.12874e+06		-27.571		
00:00:31:350		1.15638e+07		-4.61215		4.09113		0		7.12787e+06		-40.1442		
00:00:31:250		1.15762e+07		-4.5991		4.16233		0		7.12747e+06		-31.8082		
00:00:31:149		1.15885e+07		-4.58602		4.23057		0		7.12762e+06		0.836054		
00:00:31:050		1.16009e+07		-4.5729		4.29594		0		7.12798e+06		29.2249		
00:00:30:949		1.16132e+07		-4.55976		4.35851		0		7.12816e+06		40.6852		
00:00:30:850		1.16255e+07		-4.5466		4.41833		0		7.12786e+06		27.5854		
00:00:30:750		1.16379e+07		-4.53343		4.47556		0		7.12705e+06		0		
00:00:30:649		1.16502e+07		-4.52026		4.53022		0		7.12604e+06		-35.7449		
00:00:30:550		1.16626e+07		-4.50711		4.58239		0		7.12533e+06		-37.9976		
00:00:30:449		1.16749e+07		-4.49398		4.63225		0		7.12515e+06		-20.4639		
00:00:30:350		1.16873e+07		-4.48089		4.67979		0		7.1254e+06		14.2419		
00:00:30:250		1.16997e+07		-4.46783		4.72513		0		7.12569e+06		35.9408		
00:00:30:149		1.17121e+07		-4.45479		4.76837		0		7.12568e+06		33.5123		
00:00:30:050		1.17246e+07		-4.44175		4.8096		0		7.12518e+06		19.1319		
00:00:29:949		1.17371e+07		-4.42871		4.84889		0		7.12425e+06		-18.2787		
00:00:29:850		1.17495e+07		-4.41563		4.88629		0		7.12336e+06		-37.4419		
00:00:29:750		1.1762e+07		-4.4025		4.92173		0		7.12289e+06		-28.2169		
00:00:29:600		1.17806e+07		-4.38262		4.97201		0		7.12299e+06		10.9042		
00:00:29:500		1.17931e+07		-4.36922		5.00348		0		7.12321e+06		31.9987		
00:00:29:399		1.18055e+07		-4.35566		5.03339		0		7.12317e+06		29.8448		
00:00:29:300		1.1818e+07		-4.34195		5.06188		0		7.12269e+06		16.8295		
00:00:29:199		1.18304e+07		-4.32807		5.08892		0		7.12183e+06		-14.3587		
00:00:29:100		1.18429e+07		-4.31404		5.11465		0		7.12101e+06		-35.181		
00:00:29:000		1.18553e+07		-4.29989		5.1391		0		7.12061e+06		-22.953		
00:00:28:899		1.18677e+07		-4.28567		5.16232		0		7.1206e+06		0.451743		
00:00:28:800		1.18802e+07		-4.27146		5.18435		0		7.12072e+06		20.7177		
00:00:28:800		1.18802e+07		-4.27146		5.18435		0		7.12072e+06		20.7177		
00:00:28:699		1.18926e+07		-4.25736		5.20529		0		7.12071e+06		30.9655		
00:00:28:500		1.19177e+07		-4.22981		5.24401		0		7.11955e+06		-9.35885		
00:00:28:500		1.19177e+07		-4.22981		5.24401		0		7.11955e+06		-9.35885		
00:00:28:399		1.19302e+07		-4.21647		5.26184		0		7.11875e+06		-28.7073		
00:00:28:199		1.19554e+07		-4.19061		5.29482		0		7.11823e+06		1.99152		
00:00:28:199		1.19554e+07		-4.19061		5.29482		0		7.11823e+06		1.99152		
00:00:28:000		1.19805e+07		-4.16491		5.32436		0		7.11835e+06		29.501		
00:00:28:000		1.19805e+07		-4.16491		5.32436		0		7.11835e+06		29.501		
00:00:27:899		1.19932e+07		-4.15202		5.3379		0		7.11799e+06		20.53		
00:00:27:800		1.20058e+07		-4.13912		5.35071		0		7.11722e+06		0		
00:00:27:699		1.20185e+07		-4.1262		5.36283		0		7.11632e+06		-29.6417		
00:00:27:500		1.2044e+07		-4.1003		5.38498		0		7.11563e+06		-11.4375		
00:00:27:300		1.20694e+07		-4.07427		5.40452		0		7.11603e+06		34.5775		
00:00:27:300		1.20694e+07		-4.07427		5.40452		0		7.11603e+06		34.5775		
00:00:27:199		1.20821e+07		-4.06113		5.41353		0		7.11581e+06		34.6706		
00:00:27:199		1.20821e+07		-4.06113		5.41353		0		7.11581e+06		34.6706		
00:00:27:000		1.21075e+07		-4.03436		5.42984		0		7.11396e+06		-32.9859		
00:00:26:850		1.21263e+07		-4.01393		5.44042		0		7.11291e+06		-37.7821		
00:00:26:850		1.21263e+07		-4.01393		5.44042		0		7.11291e+06		-37.7821		
00:00:26:750		1.21389e+07		-4.00017		5.44696		0		7.11291e+06		-8.95236		
00:00:26:649		1.21514e+07		-3.9863		5.45321		0		7.11322e+06		28.887		
00:00:26:550		1.21638e+07		-3.97235		5.45906		0		7.11337e+06		41.8244		
00:00:26:500		1.21763e+07		-3.95831		5.46426		0		7.11302e+06		34.9868		
00:00:26:250		1.22011e+07		-3.93002		5.47295		0		7.11094e+06		-38.0413		
00:00:26:250		1.22011e+07		-3.93002		5.47295		0		7.11094e+06		-38.0413		
00:00:26:149		1.22135e+07		-3.91578		5.47707		0		7.11017e+06		-39.9839		
00:00:26:050		1.22259e+07		-3.9015		5.48108		0		7.10996e+06		-24.3909		
00:00:25:949		1.22385e+07		-3.88719		5.48452		0		7.11019e+06		23.6936		
00:00:25:850		1.2251e+07		-3.87284		5.48709		0		7.11034e+06		38.6501		
00:00:25:750		1.22635e+07		-3.85846		5.48906		0		7.11009e+06		35.5811		
00:00:25:649		1.2276e+07		-3.84407		5.49116		0		7.10924e+06		0		
00:00:25:550		1.22886e+07		-3.82964		5.49363		0		7.10818e+06		-33.1884		
00:00:25:449		1.23011e+07		-3.81518		5.49583		0		7.10741e+06		-35.9657		
00:00:25:300		1.23199e+07		-3.79343		5.49693		0		7.10717e+06		8.5493		
00:00:25:300		1.23199e+07		-3.79343		5.49693		0		7.10717e+06		8.5493		
00:00:25:199		1.23325e+07		-3.77889		5.4967		0		7.10724e+06		29.2803		
00:00:25:100		1.23513e+07		-3.75703		5.49767		0		7.10679e+06		24.289		
00:00:24:949		1.23639e+07		-3.74241		5.49897		0		7.10601e+06		-13.5892		
00:00:24:850		1.23764e+07		-3.72775		5.49883		0		7.10525e+06		-25.5221		
00:00:24:750		1.23889e+07		-3.71306		5.49676		0		7.10482e+06		-19.6772		
00:00:24:649		1.24015e+07		-3.69833		5.49389		0		7.1047e+06		11.7625		
00:00:24:550		1.2414e+07		-3.68357		5.4919		0		7.10456e+06		22.1215		
00:00:24:449		1.24266e+07		-3.66877		5.49166		0		7.10421e+06		17.6357		
00:00:24:350		1.24391e+07		-3.65395		5.49254		0		7.10364e+06		0		
00:00:24:250		1.24517e+07		-3.63908		5.49179		0		7.10308e+06		-12.8778		
00:00:24:149		1.24643e+07		-3.62419		5.48801		0		7.10269e+06		0		
00:00:24:050		1.24769e+07		-3.60927		5.4833		0		7.10241e+06		8.91024		
00:00:23:949		1.24895e+07		-3.59432		5.48116		0		7.10209e+06		11.2377		
00:00:23:850		1.25021e+07		-3.57935		5.48215		0		7.1017e+06		6.97096		
00:00:23:750		1.25148e+07		-3.56436		5.48258		5.35388		7.10126e+06		0		
00:00:23:649		1.25275e+07		-3.54935		5.47848		9.35879		7.10086e+06		1.86215		
00:00:23:550		1.25402e+07		-3.53432		5.47097		15.8885		7.10051e+06		6.34341		
00:00:23:399		1.25593e+07		-3.51172		5.46506		25.8039		7.10002e+06		8.73064		
00:00:23:300		1.2572e+07		-3.49662		5.46758		32.2176		7.09967e+06		8.1016		
00:00:23:199		1.25847e+07		-3.48149		5.46886		38.6115		7.09931e+06		7.45573		
00:00:23:100		1.25974e+07		-3.46633		5.46358		44.5291		7.09895e+06		7.83701		
00:00:23:000		1.26101e+07		-3.45114		5.45536		48.5966		7.09861e+06		9.0988		
00:00:22:899		1.26228e+07		-3.43592		5.4577		49.8354		7.09829e+06		10.537		
00:00:22:800		1.26355e+07		-3.42067		5.46985		50.1089		7.09799e+06		11.6628		
00:00:22:699		1.26482e+07		-3.4054		5.47253		50.3086		7.09769e+06		12.363		
00:00:22:600		1.26608e+07		-3.3901		5.46482		50.5436		7.0974e+06		12.718		
00:00:22:500		1.26735e+07		-3.37478		5.44509		50.7417		7.09712e+06		13.0755		
00:00:22:500		1.26735e+07		-3.37478		5.44509		50.7417		7.09712e+06		13.0755		
00:00:22:399		1.26862e+07		-3.35945		5.42795		50.9211		7.09685e+06		13.5503		
00:00:22:199		1.27115e+07		-3.32874		5.4358		51.3316		7.09636e+06		15.2159		
00:00:22:199		1.27115e+07		-3.32874		5.4358		51.3316		7.09636e+06		15.2159		
00:00:22:100		1.27242e+07		-3.31335		5.43553		51.5446		7.09614e+06		16.1155		
00:00:22:000		1.27369e+07		-3.29793		5.4145		51.7568		7.09593e+06		16.9178		
00:00:21:899		1.27496e+07		-3.2825		5.38746		51.9505		7.09573e+06		17.6025		
00:00:21:800		1.27623e+07		-3.26704		5.37843		52.1787		7.09555e+06		18.1469		
00:00:21:699		1.27751e+07		-3.25156		5.39225		52.4059		7.09538e+06		18.6953		
00:00:21:600		1.27878e+07		-3.23608		5.40524		52.6148		7.09524e+06		19.7305		
00:00:21:500		1.28006e+07		-3.22058		5.38975		52.8403		7.09512e+06		20.7939		
00:00:21:399		1.28133e+07		-3.20507		5.3516		53.0476		7.09502e+06		21.8911		
00:00:21:199		1.28387e+07		-3.17397		5.34006		53.5114		7.09489e+06		24.109		
00:00:21:199		1.28387e+07		-3.17397		5.34006		53.5114		7.09489e+06		24.109		
00:00:21:100		1.28514e+07		-3.15839		5.36989		53.7504		7.09485e+06		25.1395		
00:00:21:000		1.28641e+07		-3.14277		5.37075		54.0393		7.09484e+06		26.135		
00:00:20:899		1.28768e+07		-3.12714		5.32404		54.3437		7.09484e+06		27.1273		
00:00:20:800		1.28895e+07		-3.1115		5.2754		54.7302		7.09487e+06		28.1617		
00:00:20:649		1.29085e+07		-3.08798		5.29782		55.7927		7.09495e+06		29.712		
00:00:20:550		1.29213e+07		-3.07227		5.34183		57.1592		7.09502e+06		30.7595		
00:00:20:449		1.29341e+07		-3.05653		5.33961		59.0132		7.09512e+06		31.8535		
00:00:20:300		1.29533e+07		-3.03287		5.20886		61.7483		7.0953e+06		33.454		
00:00:20:199		1.29661e+07		-3.01706		5.10695		63.5635		7.09544e+06		34.4854		
00:00:20:199		1.29661e+07		-3.01706		5.10695		63.5635		7.09544e+06		34.4854		
00:00:20:100		1.29788e+07		-3.00123		4.997		65.3454		7.09559e+06		35.5155		
00:00:19:949		1.2998e+07		-2.97742		4.83901		68.0038		7.09586e+06		37.062		
00:00:19:850		1.30108e+07		-2.9615		4.74939		69.7583		7.09606e+06		38.0814		
00:00:19:750		1.30236e+07		-2.94557		4.66027		71.4981		7.09628e+06		39.0914		
00:00:19:649		1.30365e+07		-2.92961		4.55761		73.2241		7.09652e+06		40.1106		
00:00:19:550		1.30493e+07		-2.91363		4.44278		74.9248		7.09677e+06		41.109		
00:00:19:449		1.30621e+07		-2.89764		4.33354		76.614		7.09704e+06		42.1357		
00:00:19:250		1.30877e+07		-2.86561		4.16607		79.984		7.09762e+06		44.1529		
00:00:19:149		1.31006e+07		-2.84957		4.07389		81.6308		7.09794e+06		45.165		
00:00:19:149		1.31006e+07		-2.84957		4.07389		81.6308		7.09794e+06		45.165		
00:00:19:050		1.31134e+07		-2.83349		3.9572		83.2689		7.09828e+06		46.1835		
00:00:18:949		1.31262e+07		-2.81739		3.83739		84.9212		7.09863e+06		47.1698		
00:00:18:850		1.3139e+07		-2.80126		3.74219		86.5324		7.099e+06		48.1691		
00:00:18:750		1.31518e+07		-2.7851		3.67701		88.1581		7.09938e+06		49.1593		
00:00:18:649		1.31646e+07		-2.76891		3.6029		89.7555		7.09978e+06		50.1007		
00:00:18:550		1.31774e+07		-2.75268		3.49146		91.3572		7.10019e+06		51.0856		
00:00:18:449		1.31902e+07		-2.73642		3.35587		92.9628		7.10062e+06		52.0119		
00:00:18:350		1.3203e+07		-2.72014		3.24518		94.5522		7.10106e+06		52.9829		
00:00:18:250		1.32158e+07		-2.70383		3.19388		96.1359		7.10152e+06		53.9594		
00:00:18:149		1.32286e+07		-2.6875		3.14726		97.7144		7.10199e+06		54.8962		
00:00:18:050		1.32414e+07		-2.67114		3.05576		99.2973		7.10247e+06		55.8405		
00:00:17:949		1.32543e+07		-2.65477		2.89562		100.884		7.10297e+06		56.7806		
00:00:17:850		1.32671e+07		-2.63839		2.7551		102.457		7.10348e+06		57.7071		
00:00:17:750		1.328e+07		-2.62201		2.71654		104.034		7.104e+06		58.6085		
00:00:17:600		1.32993e+07		-2.59739		2.72266		106.438		7.1048e+06		59.8543		
00:00:17:500		1.33122e+07		-2.58094		2.72683		108.029		7.10534e+06		60.7045		
00:00:17:399		1.33251e+07		-2.56446		2.73095		109.624		7.1059e+06		61.53		
00:00:17:350		1.33315e+07		-2.5562		2.73305		110.426		7.10618e+06		61.9347		
00:00:17:250		1.33444e+07		-2.53967		2.73722		112.03		7.10676e+06		62.7816		
00:00:17:149		1.33573e+07		-2.5231		2.74147		113.662		7.10735e+06		63.6365		
00:00:17:050		1.33701e+07		-2.5065		2.7457		115.314		7.10795e+06		64.5552		
00:00:16:949		1.33829e+07		-2.48986		2.74998		116.951		7.10857e+06		65.5537		
00:00:16:850		1.33958e+07		-2.47319		2.75431		118.606		7.1092e+06		66.6001		
00:00:16:750		1.34086e+07		-2.45649		2.75858		120.271		7.10986e+06		67.7406		
00:00:16:649		1.34214e+07		-2.43976		2.76294		121.992		7.11053e+06		68.8988		
00:00:16:500		1.34406e+07		-2.41465		2.76949		124.595		7.11157e+06		70.6494		
00:00:16:399		1.34533e+07		-2.39788		2.77393		126.311		7.11229e+06		71.7721		
00:00:16:300		1.3466e+07		-2.38109		2.77843		128.065		7.11301e+06		72.7836		
00:00:16:199		1.34786e+07		-2.36427		2.78282		129.891		7.11376e+06		73.6487		
00:00:16:100		1.34913e+07		-2.34741		2.78733		131.758		7.11451e+06		74.3211		
00:00:16:000		1.3504e+07		-2.33052		2.79189		133.614		7.11529e+06		75.0645		
00:00:15:900		1.35167e+07		-2.31358		2.79654		135.431		7.11611e+06		76.5309		
00:00:15:800		1.35295e+07		-2.29661		2.80114		137.315		7.11698e+06		78.5876		
00:00:15:800		1.35295e+07		-2.29661		2.80114		137.315		7.11698e+06		78.5876		
00:00:15:699		1.35422e+07		-2.27961		2.8058		139.311		7.11789e+06		80.7423		
00:00:15:599		1.3555e+07		-2.26258		2.81044		141.382		7.11885e+06		82.9136		
00:00:15:500		1.35677e+07		-2.24551		2.81511		143.417		7.11985e+06		85.0968		
00:00:15:400		1.35805e+07		-2.22841		2.81988		145.404		7.1209e+06		87.352		
00:00:15:199		1.36059e+07		-2.19412		2.82949		149.878		7.12314e+06		91.7719		
00:00:15:199		1.36059e+07		-2.19412		2.82949		149.878		7.12314e+06		91.7719		
00:00:15:099		1.36187e+07		-2.17695		2.83431		152.4		7.12432e+06		93.6949		
00:00:15:000		1.36314e+07		-2.15975		2.83919		154.919		7.12554e+06		95.485		
00:00:14:800		1.36569e+07		-2.12528		2.84904		160.811		7.12809e+06		99.1696		
00:00:14:800		1.36569e+07		-2.12528		2.84904		160.811		7.12809e+06		99.1696		
00:00:14:699		1.36696e+07		-2.10799		2.85395		165.504		7.12942e+06		101.095		
00:00:14:599		1.36824e+07		-2.09069		2.85883		172.855		7.13078e+06		103.041		
00:00:14:500		1.36951e+07		-2.07339		2.86388		185.696		7.13218e+06		105.023		
00:00:14:400		1.37078e+07		-2.05611		2.86881		210.09		7.13358e+06		106.942		
00:00:14:150		1.37395e+07		-2.01308		2.88151		314.765		7.13697e+06		111.28		
00:00:14:150		1.37395e+07		-2.01308		2.88151		314.765		7.13697e+06		111.28		
00:00:14:050		1.37522e+07		-1.99598		2.88652		353.825		7.13826e+06		112.786		
00:00:13:900		1.37712e+07		-1.97048		2.89407		402.159		7.14013e+06		114.801		
00:00:13:900		1.37712e+07		-1.97048		2.89407		402.159		7.14013e+06		114.801		
00:00:13:800		1.37839e+07		-1.95361		2.8994		427.592		7.14134e+06		115.983		
00:00:13:699		1.37966e+07		-1.93684		2.90452		448.183		7.14253e+06		117.07		
00:00:13:599		1.38094e+07		-1.92018		2.90963		464.422		7.14371e+06		117.882		
00:00:13:500		1.38222e+07		-1.90363		2.9147		476.14		7.14489e+06		118.567		
00:00:13:400		1.38349e+07		-1.8872		2.91984		482.022		7.14608e+06		119.305		
00:00:13:150		1.38669e+07		-1.8467		2.93271		484.082		7.1492e+06		121.499		
00:00:13:150		1.38669e+07		-1.8467		2.93271		484.082		7.1492e+06		121.499		
00:00:13:050		1.38797e+07		-1.83076		2.93784		484.668		7.15051e+06		122.457		
00:00:12:949		1.38927e+07		-1.81498		2.94302		485.245		7.15184e+06		123.414		
00:00:12:849		1.39056e+07		-1.79937		2.94818		485.809		7.15318e+06		124.408		
00:00:12:750		1.39185e+07		-1.78388		2.95341		486.367		7.15454e+06		125.477		
00:00:12:650		1.39315e+07		-1.76852		2.95884		486.915		7.15593e+06		126.631		
00:00:12:550		1.39446e+07		-1.75325		2.96414		487.45		7.15735e+06		127.938		
00:00:12:449		1.39578e+07		-1.73804		2.96927		487.983		7.1588e+06		129.292		
00:00:12:250		1.39845e+07		-1.70771		2.97962		489.023		7.16175e+06		132.066		
00:00:12:250		1.39845e+07		-1.70771		2.97962		489.023		7.16175e+06		132.066		
00:00:12:150		1.39981e+07		-1.69252		2.9849		489.527		7.16323e+06		133.496		
00:00:12:050		1.4012e+07		-1.6773		2.99023		490.025		7.16473e+06		134.943		
00:00:11:949		1.40261e+07		-1.66199		2.99545		490.514		7.16624e+06		136.46		
00:00:11:849		1.40405e+07		-1.64658		3.0008		490.989		7.16776e+06		137.976		
00:00:11:750		1.40553e+07		-1.63105		3.00599		491.455		7.16929e+06		139.358		
00:00:11:650		1.40705e+07		-1.6154		3.01112		491.907		7.17085e+06		141.305		
00:00:11:550		1.40863e+07		-1.59961		3.01607		492.343		7.17242e+06		143.134		
00:00:11:449		1.41023e+07		-1.58373		3.02085		492.767		7.17402e+06		144.952		
00:00:11:349		1.41183e+07		-1.56775		3.0256		493.178		7.17564e+06		146.834		
00:00:11:250		1.41342e+07		-1.55164		3.0306		493.571		7.17727e+06		148.822		
00:00:11:150		1.41499e+07		-1.5354		3.03589		493.952		7.17892e+06		150.845		
00:00:11:050		1.41652e+07		-1.51895		3.04113		494.315		7.18058e+06		152.945		
00:00:10:949		1.41799e+07		-1.50226		3.04618		494.658		7.18225e+06		155.085		
00:00:10:849		1.41936e+07		-1.48531		3.05089		494.987		7.18393e+06		157.284		
00:00:10:750		1.42065e+07		-1.46825		3.05546		495.293		7.18562e+06		159.548		
00:00:10:599		1.42256e+07		-1.4426		3.06327		495.723		7.18818e+06		163.009		
00:00:10:500		1.42384e+07		-1.42546		3.06856		495.991		7.1899e+06		165.365		
00:00:10:400		1.42511e+07		-1.40828		3.07298		496.233		7.19162e+06		167.699		
00:00:10:300		1.42638e+07		-1.39106		3.07744		496.462		7.19334e+06		169.994		
00:00:10:199		1.42764e+07		-1.37381		3.08195		496.676		7.19505e+06		172.231		
00:00:10:099		1.42889e+07		-1.3565		3.08712		496.875		7.19675e+06		174.425		
00:00:10:000		1.43012e+07		-1.33911		3.0925		497.059		7.19844e+06		176.53		
00:00:09:900		1.43133e+07		-1.32163		3.09643		497.224		7.2001e+06		178.542		
00:00:09:800		1.4325e+07		-1.30405		3.10002		497.377		7.20174e+06		180.488		
00:00:09:699		1.43364e+07		-1.28643		3.10381		497.51		7.20335e+06		182.315		
00:00:09:599		1.43478e+07		-1.26873		3.10934		497.628		7.20492e+06		184.12		
00:00:09:599		1.43478e+07		-1.26873		3.10934		497.628		7.20492e+06		184.12		
00:00:09:500		1.4359e+07		-1.25101		3.11631		497.724		7.20645e+06		185.85		
00:00:09:400		1.43699e+07		-1.23331		3.12151		497.802		7.20795e+06		187.574		
00:00:09:199		1.43923e+07		-1.19773		3.12996		497.9		7.21082e+06		191.082		
00:00:09:099		1.44036e+07		-1.17995		3.1388		497.915		7.21218e+06		192.931		
00:00:09:000		1.44145e+07		-1.16214		3.03071		497.91		7.21349e+06		194.876		
00:00:08:900		1.44255e+07		-1.14425		3.19213		497.886		7.21474e+06		196.874		
00:00:08:900		1.44255e+07		-1.14425		3.19213		497.886		7.21474e+06		196.874		
00:00:08:800		1.44365e+07		-1.12635		3.16448		497.847		7.21592e+06		198.933		
00:00:08:699		1.44478e+07		-1.10839		3.16956		497.79		7.21703e+06		201.077		
00:00:08:599		1.44587e+07		-1.09041		3.17461		497.724		7.21806e+06		203.272		
00:00:08:500		1.44693e+07		-1.07237		3.17959		497.653		7.21901e+06		205.509		
00:00:08:400		1.448e+07		-1.0542		3.1845		497.588		7.21988e+06		207.781		
00:00:08:199		1.44992e+07		-1.01756		3.19473		497.486		7.22133e+06		212.143		
00:00:08:099		1.45082e+07		-0.999138		3.20002		497.471		7.22188e+06		214.109		
00:00:08:099		1.45082e+07		-0.999138		3.20002		497.471		7.22188e+06		214.109		
00:00:08:000		1.4516e+07		-0.980713		3.20487		497.483		7.2223e+06		215.934		
00:00:07:900		1.45238e+07		-0.962431		3.20924		497.532		7.22259e+06		217.631		
00:00:07:750		1.45359e+07		-0.935351		3.21571		497.651		7.22281e+06		220.009		
00:00:07:650		1.45445e+07		-0.917577		3.22006		497.757		7.22281e+06		221.423		
00:00:07:599		1.4549e+07		-0.908782		3.22299		497.814		7.22277e+06		222.061		
00:00:07:450		1.45638e+07		-0.882792		3.23082		497.982		7.22245e+06		223.276		
00:00:07:349		1.45749e+07		-0.865747		3.23521		498.082		7.22205e+06		223.38		
00:00:07:150		1.45985e+07		-0.831851		3.24337		498.229		7.22075e+06		223.617		
00:00:07:150		1.45985e+07		-0.831851		3.24337		498.229		7.22075e+06		223.617		
00:00:07:049		1.46102e+07		-0.814949		3.24671		498.27		7.21993e+06		224.751		
00:00:06:950		1.46218e+07		-0.798065		3.25212		498.297		7.21907e+06		226.971		
00:00:06:849		1.46334e+07		-0.781208		3.25521		498.319		7.21829e+06		230.445		
00:00:06:750		1.4645e+07		-0.764381		3.2573		498.342		7.21762e+06		234.354		
00:00:06:650		1.46565e+07		-0.747586		3.26149		498.397		7.21682e+06		237.987		
00:00:06:549		1.4668e+07		-0.730825		3.26703		498.493		7.21572e+06		241.488		
00:00:06:450		1.46795e+07		-0.7141		3.27271		498.632		7.21437e+06		244.939		
00:00:06:250		1.47023e+07		-0.68077		3.27804		499.075		7.21101e+06		251.642		
00:00:06:150		1.47136e+07		-0.664189		3.27881		499.386		7.20904e+06		254.813		
00:00:06:150		1.47136e+07		-0.664189		3.27881		499.386		7.20904e+06		254.813		
00:00:06:049		1.47249e+07		-0.64766		3.28379		499.766		7.20687e+06		257.684		
00:00:05:950		1.47361e+07		-0.631183		3.28914		500.209		7.20452e+06		260.006		
00:00:05:849		1.47473e+07		-0.614759		3.29227		500.718		7.20196e+06		261.262		
00:00:05:750		1.47584e+07		-0.598393		3.29121		501.29		7.19919e+06		262.003		
00:00:05:650		1.47695e+07		-0.582097		3.29125		501.908		7.1962e+06		262.061		
00:00:05:549		1.47806e+07		-0.565866		3.29666		502.568		7.19296e+06		261.445		
00:00:05:450		1.47916e+07		-0.549705		3.30574		503.256		7.18947e+06		260.647		
00:00:05:250		1.48136e+07		-0.517596		3.30592		504.694		7.18197e+06		259.942		
00:00:05:150		1.48246e+07		-0.501666		3.30213		505.422		7.17812e+06		260.506		
00:00:05:150		1.48246e+07		-0.501666		3.30213		505.422		7.17812e+06		260.506		
00:00:05:049		1.48355e+07		-0.485827		3.30821		506.15		7.17427e+06		261.5		
00:00:04:950		1.48464e+07		-0.470088		3.32241		506.89		7.17033e+06		262.738		
00:00:04:849		1.48572e+07		-0.454456		3.33055		507.638		7.16626e+06		264.22		
00:00:04:750		1.4868e+07		-0.438938		3.32195		508.398		7.16205e+06		265.867		
00:00:04:599		1.48843e+07		-0.415845		3.30306		509.58		7.1554e+06		268.236		
00:00:04:500		1.48952e+07		-0.400571		3.3172		510.415		7.15067e+06		269.468		
00:00:04:400		1.49061e+07		-0.385416		3.34382		511.314		7.14564e+06		270.416		
00:00:04:349		1.49116e+07		-0.377882		3.35192		511.795		7.14302e+06		270.798		
00:00:04:250		1.49225e+07		-0.362909		3.34227		512.823		7.13757e+06		271.356		
00:00:04:150		1.49335e+07		-0.348077		3.30842		513.974		7.13186e+06		271.701		
00:00:04:049		1.49502e+07		-0.326096		3.3054		515.995		7.12282e+06		271.846		
00:00:03:899		1.49614e+07		-0.311603		3.35168		517.565		7.1165e+06		271.816		
00:00:03:799		1.49728e+07		-0.29722		3.37677		519.329		7.10996e+06		271.76		
00:00:03:700		1.49844e+07		-0.282964		3.32964		521.269		7.10322e+06		271.635		
00:00:03:600		1.49962e+07		-0.268847		3.2658		523.352		7.09629e+06		271.355		
00:00:03:500		1.50082e+07		-0.254855		3.25756		525.539		7.08918e+06		270.56		
00:00:03:399		1.50206e+07		-0.240956		3.3463		527.763		7.08189e+06		267.81		
00:00:03:299		1.50334e+07		-0.227126		3.41578		529.938		7.07435e+06		258.55		
00:00:03:200		1.50464e+07		-0.213272		3.34477		531.975		7.06629e+06		248.483		
00:00:03:149		1.50528e+07		-0.206273		3.27757		532.9		7.06201e+06		243.244		
00:00:03:000		1.50694e+07		-0.184849		3.14718		535.076		7.04831e+06		227.626		
00:00:03:000		1.50694e+07		-0.184849		3.14718		535.076		7.04831e+06		227.626		
00:00:02:799		1.50869e+07		-0.156345		3.50441		535.954		7.02844e+06		208.136		
00:00:02:700		1.50953e+07		-0.14223		3.68808		535.342		7.01805e+06		198.902		
00:00:02:600		1.51037e+07		-0.128201		3.87063		534.092		7.00757e+06		190.068		
00:00:02:500		1.51118e+07		-0.114248		4.05249		532.547		6.99723e+06		180.964		
00:00:02:399		1.51199e+07		-0.100366		4.23472		531.199		6.98739e+06		172.873		
00:00:02:299		1.51279e+07		-0.0865583		4.41062		530.285		6.97861e+06		171.997		
00:00:02:200		1.5136e+07		-0.0728159		4.51356		529.801		6.97165e+06		204.636		
00:00:02:100		1.51442e+07		-0.0591016		4.34725		529.704		6.96719e+06		310.516		
00:00:02:000		1.51527e+07		-0.045404		4.13134		529.851		6.96491e+06		421.745		
00:00:02:000		1.51527e+07		-0.045404		4.13134		529.851		6.96491e+06		421.745		
00:00:01:899		1.51616e+07		-0.0317183		3.91725		530.031		6.96383e+06		472.963		
00:00:01:800		1.51711e+07		-0.0180211		3.70925		530.14		6.96361e+06		517.362		
00:00:01:699		1.51812e+07		-0.00428677		3.50849		530.193		6.9638e+06		548.322		
00:00:01:600		1.51922e+07		0.00952053		3.31729		530.223		6.96398e+06		540.381		
00:00:01:399		1.52174e+07		0.0375528		3.07249		530.249		6.96412e+06		528.775		
00:00:01:399		1.52174e+07		0.0375528		3.07249		530.249		6.96412e+06		528.775		
00:00:01:199		1.52472e+07		0.066545		3.34463		530.238		6.96429e+06		527.808		
00:00:01:199		1.52472e+07		0.066545		3.34463		530.238		6.96429e+06		527.808		
00:00:01:050		1.52742e+07		0.0895562		3.69227		530.23		6.96449e+06		527.298		
00:00:01:000		1.52845e+07		0.0976248		3.91042		530.225		6.96455e+06		527.168		
00:00:00:900		1.53078e+07		0.114598		4.22485		530.212		6.96465e+06		526.946		
00:00:00:800		1.53372e+07		0.132865		4.20474		530.206		6.96472e+06		526.833		
00:00:00:650		1.54006e+07		0.157582		4.07377		530.206		6.9648e+06		526.799		
00:00:00:550		1.54438e+07		0.16892		3.93651		530.208		6.96484e+06		526.823		
00:00:00:450		1.54754e+07		0.17284		2.83569		530.212		6.96485e+06		526.822		
00:00:00:349		1.54786e+07		0.17284		2.83568		530.216		6.96485e+06		526.826		
00:00:00:149		1.54785e+07		0.17284		2.83572		530.221		6.96484e+06		526.828		
00:00:00:149		1.54785e+07		0.17284		2.83572		530.221		6.96484e+06		526.828		
00:00:00:050		1.54785e+07		0.17284		2.83567		530.223		6.96484e+06		526.826		
00:00:00:000		1.54785e+07		0.17284		2.83571		530.225		6.96483e+06		526.826		
00:00:00:000		1.54785e+07		0.17284		2.83571		530.225		6.96483e+06		526.826		
00:00:00:000		1.54785e+07		0.17284		2.83571		530.225		6.96483e+06		526.826		
00:00:00:000		1.54785e+07		0.17284		2.83571		530.225		6.96483e+06		526.826		
00:00:00:000		1.54785e+07		0.17284		2.83571		530.225		6.96483e+06		526.826		
