	time 		gpv001pnt10113ppntm	evf507ety101mpzoyout	chtcon(1)	chavg(1)	chlhsumpa	rcptavgn	
00:01:13:450		7.05751e+06		151.174		101.762		2.90445e+06		1.63271		289.191		
00:01:13:250		7.05706e+06		151.076		101.762		2.90445e+06		1.63271		289.188		
00:01:13:150		7.05707e+06		151.076		101.723		2.90112e+06		1.62974		289.186		
00:01:13:049		7.0568e+06		151.076		101.723		2.90112e+06		1.62974		289.185		
00:01:12:950		7.05663e+06		150.978		101.684		2.89778e+06		1.62677		289.184		
00:01:12:849		7.05653e+06		150.978		101.684		2.89778e+06		1.62677		289.182		
00:01:12:750		7.05621e+06		150.88		101.684		2.89778e+06		1.62677		289.181		
00:01:12:650		7.05618e+06		150.88		101.645		2.89449e+06		1.62381		289.179		
00:01:12:549		7.05592e+06		150.88		101.645		2.89449e+06		1.62381		289.178		
00:01:12:349		7.05564e+06		150.782		101.606		2.89112e+06		1.62084		289.175		
00:01:12:349		7.05564e+06		150.782		101.606		2.89112e+06		1.62084		289.175		
00:01:12:250		7.05532e+06		150.683		101.606		2.89112e+06		1.62084		289.173		
00:01:12:250		7.05532e+06		150.683		101.606		2.89112e+06		1.62084		289.173		
00:01:12:150		7.05527e+06		150.683		101.567		2.88773e+06		1.61787		289.172		
00:01:11:950		7.05477e+06		150.585		101.528		2.88431e+06		1.61491		289.169		
00:01:11:950		7.05477e+06		150.585		101.528		2.88431e+06		1.61491		289.169		
00:01:11:799		7.05458e+06		150.585		101.528		2.88431e+06		1.61491		289.167		
00:01:11:700		7.05432e+06		150.487		101.489		2.88091e+06		1.61194		289.165		
00:01:11:599		7.05427e+06		150.487		101.489		2.88091e+06		1.61194		289.164		
00:01:11:500		7.05396e+06		150.389		101.489		2.88091e+06		1.61194		289.162		
00:01:11:299		7.05367e+06		150.389		101.449		2.87748e+06		1.60897		289.16		
00:01:11:200		7.05335e+06		150.29		101.409		2.87413e+06		1.60601		289.158		
00:01:11:200		7.05335e+06		150.29		101.409		2.87413e+06		1.60601		289.158		
00:01:11:099		7.05332e+06		150.29		101.409		2.87413e+06		1.60601		289.157		
00:01:11:000		7.05301e+06		150.193		101.409		2.87413e+06		1.60601		289.155		
00:01:10:900		7.05288e+06		150.193		101.369		2.87078e+06		1.60304		289.154		
00:01:10:799		7.05271e+06		150.193		101.369		2.87078e+06		1.60304		289.153		
00:01:10:700		7.05236e+06		150.094		101.329		2.86733e+06		1.60008		289.151		
00:01:10:599		7.05234e+06		150.094		101.329		2.86733e+06		1.60008		289.15		
00:01:10:500		7.05204e+06		149.995		101.329		2.86733e+06		1.60008		289.148		
00:01:10:299		7.05172e+06		149.995		101.288		2.8639e+06		1.59711		289.144		
00:01:10:200		7.05137e+06		149.897		101.248		2.8605e+06		1.59414		289.143		
00:01:10:200		7.05137e+06		149.897		101.248		2.8605e+06		1.59414		289.143		
00:01:10:099		7.05133e+06		149.897		101.248		2.8605e+06		1.59414		289.141		
00:01:10:000		7.05103e+06		149.798		101.248		2.8605e+06		1.59414		289.139		
00:01:09:900		7.05081e+06		149.798		101.207		2.85704e+06		1.59118		289.138		
00:01:09:799		7.05071e+06		149.798		101.207		2.85704e+06		1.59118		289.136		
00:01:09:700		7.05035e+06		149.699		101.166		2.85359e+06		1.58821		289.135		
00:01:09:599		7.05029e+06		149.699		101.166		2.85359e+06		1.58821		289.133		
00:01:09:450		7.04983e+06		149.601		101.124		2.85017e+06		1.58525		289.131		
00:01:09:349		7.04975e+06		149.601		101.124		2.85017e+06		1.58525		289.129		
00:01:09:250		7.04949e+06		149.502		101.124		2.85017e+06		1.58525		289.128		
00:01:09:150		7.0492e+06		149.502		101.083		2.84669e+06		1.58228		289.127		
00:01:09:049		7.04914e+06		149.502		101.083		2.84669e+06		1.58228		289.125		
00:01:08:950		7.04880e+06		149.403		101.041		2.84317e+06		1.57932		289.124		
00:01:08:849		7.04868e+06		149.403		101.041		2.84317e+06		1.57932		289.123		
00:01:08:750		7.04845e+06		149.305		101.041		2.84317e+06		1.57932		289.122		
00:01:08:700		7.04826e+06		149.305		100.999		2.83969e+06		1.57635		289.121		
00:01:08:549		7.04807e+06		149.305		100.999		2.83969e+06		1.57635		289.119		
00:01:08:450		7.04772e+06		149.206		100.957		2.8362e+06		1.57339		289.118		
00:01:08:349		7.04756e+06		149.206		100.957		2.8362e+06		1.57339		289.117		
00:01:08:250		7.0474e+06		149.107		100.957		2.8362e+06		1.57339		289.116		
00:01:08:150		7.04704e+06		149.107		100.914		2.83271e+06		1.57042		289.115		
00:01:08:049		7.04697e+06		149.107		100.914		2.83271e+06		1.57042		289.114		
00:01:07:950		7.04664e+06		149.008		100.871		2.82926e+06		1.56746		289.113		
00:01:07:849		7.04642e+06		149.008		100.871		2.82926e+06		1.56746		289.112		
00:01:07:750		7.04627e+06		148.909		100.871		2.82926e+06		1.56746		289.112		
00:01:07:750		7.04627e+06		148.909		100.871		2.82926e+06		1.56746		289.112		
00:01:07:549		7.04584e+06		148.909		100.829		2.82574e+06		1.56449		289.11		
00:01:07:450		7.04553e+06		148.81		100.785		2.82224e+06		1.56153		289.109		
00:01:07:349		7.04525e+06		148.81		100.785		2.82224e+06		1.56153		289.108		
00:01:07:250		7.04512e+06		148.711		100.785		2.82224e+06		1.56153		289.107		
00:01:07:150		7.04473e+06		148.711		100.742		2.81877e+06		1.55856		289.107		
00:01:07:049		7.04465e+06		148.711		100.742		2.81877e+06		1.55856		289.106		
00:01:06:950		7.04436e+06		148.612		100.699		2.81529e+06		1.5556		289.105		
00:01:06:950		7.04436e+06		148.612		100.699		2.81529e+06		1.5556		289.105		
00:01:06:849		7.04407e+06		148.612		100.699		2.81529e+06		1.5556		289.104		
00:01:06:750		7.04397e+06		148.513		100.699		2.81529e+06		1.5556		289.104		
00:01:06:650		7.04359e+06		148.513		100.655		2.81181e+06		1.55263		289.103		
00:01:06:450		7.04318e+06		148.413		100.611		2.80827e+06		1.54967		289.101		
00:01:06:299		7.04286e+06		148.413		100.611		2.80827e+06		1.54967		289.1		
00:01:06:200		7.0426e+06		148.314		100.567		2.80468e+06		1.5467		289.1		
00:01:06:200		7.0426e+06		148.314		100.567		2.80468e+06		1.5467		289.1		
00:01:06:099		7.04222e+06		148.314		100.567		2.80468e+06		1.5467		289.099		
00:01:06:000		7.04215e+06		148.215		100.567		2.80468e+06		1.5467		289.098		
00:01:05:900		7.04179e+06		148.215		100.523		2.80108e+06		1.54374		289.097		
00:01:05:799		7.0416e+06		148.215		100.523		2.80108e+06		1.54374		289.097		
00:01:05:750		7.04152e+06		148.115		100.523		2.79754e+06		1.54374		289.096		
00:01:05:599		7.04098e+06		148.115		100.478		2.79754e+06		1.54078		289.095		
00:01:05:500		7.0409e+06		148.016		100.478		2.79754e+06		1.54078		289.095		
00:01:05:200		7.04011e+06		147.917		100.388		2.79035e+06		1.53485		289.092		
00:01:05:200		7.04011e+06		147.917		100.388		2.79035e+06		1.53485		289.092		
00:01:05:200		7.04011e+06		147.917		100.388		2.79035e+06		1.53485		289.092		
00:01:05:099		7.03972e+06		147.917		100.388		2.79035e+06		1.53485		289.09		
00:01:05:000		7.03962e+06		147.817		100.388		2.79035e+06		1.53485		289.089		
00:01:04:900		7.03925e+06		147.817		100.343		2.78673e+06		1.53189		289.088		
00:01:04:799		7.03905e+06		147.817		100.343		2.78673e+06		1.53189		289.087		
00:01:04:700		7.03882e+06		147.718		100.298		2.78316e+06		1.52892		289.085		
00:01:04:599		7.03842e+06		147.718		100.298		2.78316e+06		1.52892		289.084		
00:01:04:500		7.03833e+06		147.619		100.298		2.78316e+06		1.52892		289.083		
00:01:04:299		7.03771e+06		147.619		100.252		2.77963e+06		1.52596		289.08		
00:01:04:200		7.03751e+06		147.519		100.206		2.77608e+06		1.523		289.078		
00:01:04:200		7.03751e+06		147.519		100.206		2.77608e+06		1.523		289.078		
00:01:04:099		7.03711e+06		147.519		100.206		2.77608e+06		1.523		289.076		
00:01:04:000		7.03701e+06		147.419		100.206		2.77608e+06		1.523		289.074		
00:01:03:899		7.03665e+06		147.419		100.16		2.77253e+06		1.52003		289.072		
00:01:03:799		7.03639e+06		147.419		100.16		2.77253e+06		1.52003		289.069		
00:01:03:700		7.03619e+06		147.32		100.113		2.76892e+06		1.51707		289.067		
00:01:03:600		7.03578e+06		147.32		100.113		2.76892e+06		1.51707		289.065		
00:01:03:500		7.03565e+06		147.22		100.113		2.76892e+06		1.51707		289.062		
00:01:03:350		7.03509e+06		147.22		100.067		2.76532e+06		1.5141		289.059		
00:01:03:250		7.03497e+06		147.121		100.067		2.76532e+06		1.5141		289.056		
00:01:03:149		7.03459e+06		147.121		100.02		2.76176e+06		1.51114		289.054		
00:01:03:049		7.03431e+06		147.121		100.02		2.76176e+06		1.51114		289.052		
00:01:02:950		7.03411e+06		147.021		99.9723		2.75824e+06		1.50817		289.05		
00:01:02:850		7.03369e+06		147.021		99.9723		2.75824e+06		1.50817		289.048		
00:01:02:750		7.03356e+06		146.921		99.9723		2.75824e+06		1.50817		289.045		
00:01:02:649		7.03319e+06		146.921		99.9247		2.75465e+06		1.50521		289.043		
00:01:02:549		7.03292e+06		146.921		99.9247		2.75465e+06		1.50521		289.04		
00:01:02:450		7.0327e+06		146.821		99.8768		2.75103e+06		1.50224		289.038		
00:01:02:350		7.03227e+06		146.821		99.8768		2.75103e+06		1.50224		289.035		
00:01:02:250		7.03214e+06		146.722		99.8768		2.75103e+06		1.50224		289.032		
00:01:02:149		7.03176e+06		146.722		99.8286		2.74744e+06		1.49928		289.03		
00:01:02:049		7.03148e+06		146.722		99.8286		2.74744e+06		1.49928		289.027		
00:01:01:950		7.03125e+06		146.622		99.7801		2.74384e+06		1.49631		289.024		
00:01:01:950		7.03125e+06		146.622		99.7801		2.74384e+06		1.49631		289.024		
00:01:01:850		7.03081e+06		146.622		99.7801		2.74384e+06		1.49631		289.021		
00:01:01:750		7.03068e+06		146.522		99.7801		2.74384e+06		1.49631		289.019		
00:01:01:649		7.03028e+06		146.522		99.7313		2.74024e+06		1.49334		289.016		
00:01:01:549		7.02999e+06		146.522		99.7313		2.74024e+06		1.49334		289.013		
00:01:01:450		7.02976e+06		146.422		99.6822		2.73663e+06		1.49037		289.01		
00:01:01:250		7.02916e+06		146.323		99.6822		2.73663e+06		1.49037		289.004		
00:01:01:149		7.02875e+06		146.323		99.6328		2.73307e+06		1.4874		289.002		
00:01:01:049		7.02846e+06		146.323		99.6328		2.73307e+06		1.4874		288.999		
00:01:00:950		7.02821e+06		146.223		99.583		2.72948e+06		1.48443		288.996		
00:01:00:850		7.02775e+06		146.223		99.583		2.72948e+06		1.48443		288.993		
00:01:00:750		7.0276e+06		146.123		99.583		2.72948e+06		1.48443		288.991		
00:01:00:750		7.0276e+06		146.123		99.583		2.72948e+06		1.48443		288.991		
00:01:00:649		7.02719e+06		146.123		99.5328		2.7258e+06		1.48146		288.988		
00:01:00:549		7.02688e+06		146.123		99.5328		2.7258e+06		1.48146		288.985		
00:01:00:450		7.02663e+06		146.023		99.4824		2.72212e+06		1.47849		288.983		
00:01:00:200		7.02583e+06		145.924		99.4315		2.71848e+06		1.47551		288.976		
00:01:00:200		7.02583e+06		145.924		99.4315		2.71848e+06		1.47551		288.976		
00:01:00:100		7.02535e+06		145.924		99.4315		2.71848e+06		1.47551		288.973		
00:01:00:000		7.02519e+06		145.824		99.4315		2.71848e+06		1.47551		288.971		
00:00:59:950		7.02502e+06		145.824		99.3803		2.71483e+06		1.47254		288.969		
00:00:59:850		7.02454e+06		145.824		99.3803		2.71483e+06		1.47254		288.967		
00:00:59:750		7.02437e+06		145.725		99.3803		2.71483e+06		1.47254		288.964		
00:00:59:649		7.02395e+06		145.725		99.3287		2.71117e+06		1.46957		288.962		
00:00:59:549		7.02361e+06		145.725		99.3287		2.71117e+06		1.46957		288.959		
00:00:59:450		7.02337e+06		145.625		99.2767		2.70751e+06		1.46659		288.956		
00:00:59:250		7.0227e+06		145.525		99.2767		2.70751e+06		1.46659		288.95		
00:00:59:250		7.0227e+06		145.525		99.2767		2.70751e+06		1.46659		288.95		
00:00:59:149		7.02227e+06		145.525		99.2243		2.70379e+06		1.46362		288.948		
00:00:59:049		7.0219e+06		145.525		99.2243		2.70379e+06		1.46362		288.945		
00:00:58:950		7.02164e+06		145.426		99.1714		2.70008e+06		1.46064		288.943		
00:00:58:850		7.02114e+06		145.426		99.1714		2.70008e+06		1.46064		288.94		
00:00:58:750		7.02094e+06		145.326		99.1714		2.70008e+06		1.46064		288.938		
00:00:58:649		7.02049e+06		145.326		99.1181		2.6964e+06		1.45767		288.935		
00:00:58:549		7.02012e+06		145.326		99.1181		2.6964e+06		1.45767		288.932		
00:00:58:350		7.01935e+06		145.227		99.0644		2.69271e+06		1.45469		288.928		
00:00:58:250		7.01912e+06		145.127		99.0644		2.69271e+06		1.45469		288.925		
00:00:58:250		7.01912e+06		145.127		99.0644		2.69271e+06		1.45469		288.925		
00:00:58:149		7.01865e+06		145.127		99.0102		2.68902e+06		1.45171		288.923		
00:00:58:049		7.01831e+06		145.127		99.0102		2.68902e+06		1.45171		288.921		
00:00:57:950		7.01799e+06		145.027		98.9556		2.68538e+06		1.44874		288.919		
00:00:57:850		7.01748e+06		145.027		98.9556		2.68538e+06		1.44874		288.916		
00:00:57:750		7.01728e+06		144.927		98.9556		2.68538e+06		1.44874		288.913		
00:00:57:649		7.01681e+06		144.927		98.9004		2.68172e+06		1.44576		288.912		
00:00:57:549		7.01645e+06		144.927		98.9004		2.68172e+06		1.44576		288.909		
00:00:57:450		7.01606e+06		144.827		98.8448		2.67807e+06		1.44279		288.907		
00:00:57:350		7.01562e+06		144.827		98.8448		2.67807e+06		1.44279		288.905		
00:00:57:200		7.01517e+06		144.727		98.7887		2.67445e+06		1.43981		288.902		
00:00:57:100		7.01468e+06		144.727		98.7887		2.67445e+06		1.43981		288.9		
00:00:57:000		7.01443e+06		144.627		98.7887		2.67445e+06		1.43981		288.898		
00:00:56:899		7.01391e+06		144.627		98.7321		2.67071e+06		1.43683		288.895		
00:00:56:799		7.01352e+06		144.627		98.7321		2.67071e+06		1.43683		288.893		
00:00:56:700		7.01317e+06		144.526		98.675		2.66694e+06		1.43386		288.891		
00:00:56:600		7.01279e+06		144.526		98.675		2.66694e+06		1.43386		288.89		
00:00:56:500		7.0125e+06		144.427		98.675		2.66694e+06		1.43386		288.888		
00:00:56:399		7.01198e+06		144.427		98.6173		2.6632e+06		1.43088		288.886		
00:00:56:299		7.01166e+06		144.427		98.6173		2.6632e+06		1.43088		288.885		
00:00:56:299		7.01166e+06		144.427		98.6173		2.6632e+06		1.43088		288.885		
00:00:56:200		7.01119e+06		144.326		98.5591		2.65946e+06		1.42791		288.883		
00:00:56:100		7.01076e+06		144.326		98.5591		2.65946e+06		1.42791		288.881		
00:00:55:899		7.01002e+06		144.226		98.5004		2.65565e+06		1.42493		288.878		
00:00:55:899		7.01002e+06		144.226		98.5004		2.65565e+06		1.42493		288.878		
00:00:55:700		7.00923e+06		144.126		98.4412		2.65186e+06		1.42196		288.875		
00:00:55:700		7.00923e+06		144.126		98.4412		2.65186e+06		1.42196		288.875		
00:00:55:600		7.00879e+06		144.126		98.4412		2.65186e+06		1.42196		288.874		
00:00:55:500		7.00848e+06		144.026		98.4412		2.65186e+06		1.42196		288.873		
00:00:55:299		7.00776e+06		144.026		98.3814		2.6481e+06		1.41898		288.87		
00:00:55:299		7.00776e+06		144.026		98.3814		2.6481e+06		1.41898		288.87		
00:00:55:149		7.00705e+06		143.926		98.321		2.64433e+06		1.41601		288.868		
00:00:55:100		7.00693e+06		143.926		98.321		2.64433e+06		1.41601		288.868		
00:00:55:000		7.00642e+06		143.826		98.321		2.64433e+06		1.41601		288.867		
00:00:54:899		7.00584e+06		143.826		98.2602		2.64056e+06		1.41303		288.865		
00:00:54:799		7.00573e+06		143.826		98.2602		2.64056e+06		1.41303		288.865		
00:00:54:649		7.00512e+06		143.726		98.1988		2.63678e+06		1.41006		288.863		
00:00:54:549		7.00473e+06		143.726		98.1988		2.63678e+06		1.41006		288.863		
00:00:54:450		7.0042e+06		143.625		98.1369		2.633e+06		1.40709		288.862		
00:00:54:250		7.00336e+06		143.525		98.1369		2.633e+06		1.40709		288.86		
00:00:54:149		7.00302e+06		143.525		98.0745		2.62920e+06		1.40411		288.859		
00:00:54:149		7.00302e+06		143.525		98.0745		2.62920e+06		1.40411		288.859		
00:00:54:049		7.0027e+06		143.525		98.0745		2.62920e+06		1.40411		288.859		
00:00:53:950		7.00224e+06		143.425		98.0116		2.62547e+06		1.40114		288.858		
00:00:53:850		7.00184e+06		143.425		98.0116		2.62547e+06		1.40114		288.857		
00:00:53:799		7.00124e+06		143.324		98.0116		2.62547e+06		1.40114		288.857		
00:00:53:649		7.0009e+06		143.324		97.9482		2.62177e+06		1.39817		288.856		
00:00:53:549		7.00061e+06		143.324		97.9482		2.62177e+06		1.39817		288.855		
00:00:53:450		7.00022e+06		143.223		97.8842		2.61794e+06		1.39519		288.855		
00:00:53:250		6.9994e+06		143.122		97.8842		2.61794e+06		1.39519		288.854		
00:00:53:250		6.9994e+06		143.122		97.8842		2.61794e+06		1.39519		288.854		
00:00:53:149		6.99896e+06		143.122		97.8197		2.61408e+06		1.39222		288.853		
00:00:53:049		6.99839e+06		143.122		97.8197		2.61408e+06		1.39222		288.853		
00:00:52:950		6.99793e+06		143.022		97.7547		2.61025e+06		1.38924		288.852		
00:00:52:850		6.99769e+06		143.022		97.7547		2.61025e+06		1.38924		288.851		
00:00:52:750		6.99733e+06		142.921		97.7547		2.61025e+06		1.38924		288.851		
00:00:52:649		6.99687e+06		142.921		97.689		2.60642e+06		1.38627		288.85		
00:00:52:549		6.9965e+06		142.921		97.689		2.60642e+06		1.38627		288.849		
00:00:52:450		6.99619e+06		142.82		97.6229		2.60259e+06		1.38329		288.848		
00:00:52:250		6.99528e+06		142.72		97.6229		2.60259e+06		1.38329		288.847		
00:00:52:250		6.99528e+06		142.72		97.6229		2.60259e+06		1.38329		288.847		
00:00:52:149		6.99495e+06		142.72		97.5561		2.59875e+06		1.38032		288.846		
00:00:52:049		6.99466e+06		142.72		97.5561		2.59875e+06		1.38032		288.846		
00:00:51:950		6.99432e+06		142.619		97.4888		2.5949e+06		1.37734		288.845		
00:00:51:850		6.994e+06		142.619		97.4888		2.5949e+06		1.37734		288.844		
00:00:51:750		6.99364e+06		142.518		97.4888		2.5949e+06		1.37734		288.844		
00:00:51:649		6.99332e+06		142.518		97.4209		2.59098e+06		1.37436		288.843		
00:00:51:549		6.99286e+06		142.518		97.4209		2.59098e+06		1.37436		288.842		
00:00:51:350		6.99234e+06		142.417		97.3524		2.58708e+06		1.37139		288.841		
00:00:51:250		6.99199e+06		142.316		97.3524		2.58708e+06		1.37139		288.841		
00:00:51:250		6.99199e+06		142.316		97.3524		2.58708e+06		1.37139		288.841		
00:00:51:149		6.99166e+06		142.316		97.2834		2.58321e+06		1.36841		288.84		
00:00:51:049		6.99131e+06		142.316		97.2834		2.58321e+06		1.36841		288.84		
00:00:50:950		6.99097e+06		142.215		97.2137		2.57933e+06		1.36543		288.839		
00:00:50:799		6.99044e+06		142.215		97.2137		2.57933e+06		1.36543		288.839		
00:00:50:700		6.99016e+06		142.114		97.1435		2.57545e+06		1.36245		288.838		
00:00:50:649		6.99009e+06		142.114		97.1435		2.57545e+06		1.36245		288.838		
00:00:50:500		6.98951e+06		142.013		97.1435		2.57545e+06		1.36245		288.838		
00:00:50:299		6.98883e+06		142.013		97.0726		2.57156e+06		1.35947		288.837		
00:00:50:200		6.98849e+06		141.911		97.001		2.56767e+06		1.35649		288.837		
00:00:50:200		6.98849e+06		141.911		97.001		2.56767e+06		1.35649		288.837		
00:00:50:100		6.98816e+06		141.911		97.001		2.56767e+06		1.35649		288.838		
00:00:50:000		6.98784e+06		141.81		97.001		2.56767e+06		1.35649		288.838		
00:00:49:899		6.98764e+06		141.81		96.9288		2.56371e+06		1.35351		288.838		
00:00:49:799		6.9873e+06		141.81		96.9288		2.56371e+06		1.35351		288.838		
00:00:49:750		6.98711e+06		141.709		96.9288		2.56371e+06		1.35351		288.838		
00:00:49:649		6.98685e+06		141.709		96.8559		2.55976e+06		1.35053		288.838		
00:00:49:549		6.98651e+06		141.709		96.8559		2.55976e+06		1.35053		288.839		
00:00:49:399		6.98595e+06		141.608		96.7823		2.55584e+06		1.34754		288.84		
00:00:49:299		6.98563e+06		141.608		96.7823		2.55584e+06		1.34754		288.84		
00:00:49:200		6.98531e+06		141.506		96.7081		2.55192e+06		1.34456		288.84		
00:00:49:100		6.98495e+06		141.506		96.7081		2.55192e+06		1.34456		288.841		
00:00:49:000		6.9845e+06		141.404		96.7081		2.55192e+06		1.34456		288.842		
00:00:48:899		6.98419e+06		141.404		96.6331		2.54799e+06		1.34157		288.843		
00:00:48:799		6.98373e+06		141.404		96.6331		2.54799e+06		1.34157		288.843		
00:00:48:700		6.98339e+06		141.302		96.5575		2.544e+06		1.33859		288.844		
00:00:48:600		6.983e+06		141.302		96.5575		2.544e+06		1.33859		288.845		
00:00:48:500		6.98265e+06		141.201		96.5575		2.544e+06		1.33859		288.846		
00:00:48:500		6.98265e+06		141.201		96.5575		2.544e+06		1.33859		288.846		
00:00:48:299		6.98192e+06		141.201		96.4812		2.54001e+06		1.3356		288.849		
00:00:48:200		6.98168e+06		141.099		96.4042		2.536e+06		1.33261		288.851		
00:00:48:100		6.98141e+06		141.099		96.4042		2.536e+06		1.33261		288.852		
00:00:48:100		6.98141e+06		141.099		96.4042		2.536e+06		1.33261		288.852		
00:00:48:000		6.98104e+06		140.997		96.4042		2.536e+06		1.33261		288.854		
00:00:47:899		6.98076e+06		140.997		96.3266		2.53194e+06		1.32963		288.856		
00:00:47:700		6.98011e+06		140.895		96.2483		2.52788e+06		1.32664		288.86		
00:00:47:700		6.98011e+06		140.895		96.2483		2.52788e+06		1.32664		288.86		
00:00:47:600		6.97978e+06		140.895		96.2483		2.52788e+06		1.32664		288.863		
00:00:47:500		6.97947e+06		140.794		96.2483		2.52788e+06		1.32664		288.865		
00:00:47:299		6.97896e+06		140.794		96.1694		2.52387e+06		1.32365		288.871		
00:00:47:299		6.97896e+06		140.794		96.1694		2.52387e+06		1.32365		288.871		
00:00:47:200		6.97864e+06		140.692		96.0898		2.51989e+06		1.32066		288.874		
00:00:47:100		6.97844e+06		140.692		96.0898		2.51989e+06		1.32066		288.878		
00:00:47:000		6.97814e+06		140.59		96.0898		2.51989e+06		1.32066		288.881		
00:00:46:899		6.97786e+06		140.59		96.0097		2.51585e+06		1.31767		288.885		
00:00:46:799		6.97762e+06		140.59		96.0097		2.51585e+06		1.31767		288.889		
00:00:46:649		6.97714e+06		140.487		95.9289		2.51182e+06		1.31468		288.895		
00:00:46:549		6.97692e+06		140.487		95.9289		2.51182e+06		1.31468		288.9		
00:00:46:450		6.9766e+06		140.385		95.8475		2.50777e+06		1.31169		288.905		
00:00:46:299		6.97622e+06		140.385		95.8475		2.50777e+06		1.31169		288.913		
00:00:46:299		6.97622e+06		140.385		95.8475		2.50777e+06		1.31169		288.913		
00:00:46:200		6.97594e+06		140.282		95.7656		2.50373e+06		1.3087		288.918		
00:00:46:100		6.97559e+06		140.282		95.7656		2.50373e+06		1.3087		288.924		
00:00:46:000		6.97537e+06		140.18		95.7656		2.50373e+06		1.3087		288.93		
00:00:45:850		6.97487e+06		140.18		95.6831		2.49966e+06		1.30571		288.939		
00:00:45:649		6.9743e+06		140.077		95.6001		2.49554e+06		1.30272		288.953		
00:00:45:649		6.9743e+06		140.077		95.6001		2.49554e+06		1.30272		288.953		
00:00:45:549		6.97394e+06		140.077		95.6001		2.49554e+06		1.30272		288.96		
00:00:45:450		6.97367e+06		139.974		95.5165		2.49148e+06		1.29972		288.967		
00:00:45:250		6.97306e+06		139.872		95.5165		2.49148e+06		1.29972		288.983		
00:00:45:250		6.97306e+06		139.872		95.5165		2.49148e+06		1.29972		288.983		
00:00:45:149		6.97281e+06		139.872		95.4324		2.48752e+06		1.29673		288.991		
00:00:45:049		6.97246e+06		139.872		95.4324		2.48752e+06		1.29673		288.999		
00:00:44:950		6.9722e+06		139.769		95.3479		2.48354e+06		1.29374		289.008		
00:00:44:850		6.9719e+06		139.769		95.3479		2.48354e+06		1.29374		289.017		
00:00:44:750		6.97153e+06		139.665		95.3479		2.48354e+06		1.29374		289.026		
00:00:44:649		6.97124e+06		139.665		95.2629		2.4795e+06		1.29075		289.035		
00:00:44:600		6.97111e+06		139.665		95.2629		2.4795e+06		1.29075		289.039		
00:00:44:500		6.97077e+06		139.561		95.2629		2.4754e+06		1.29075		289.049		
00:00:44:350		6.97034e+06		139.561		95.1774		2.4754e+06		1.28776		289.063		
00:00:44:250		6.96999e+06		139.458		95.1774		2.4754e+06		1.28776		289.073		
00:00:44:149		6.96962e+06		139.458		95.0918		2.47124e+06		1.28477		289.084		
00:00:44:049		6.96934e+06		139.458		95.0918		2.47124e+06		1.28477		289.094		
00:00:43:950		6.96895e+06		139.354		95.0062		2.46708e+06		1.28178		289.104		
00:00:43:850		6.96864e+06		139.354		95.0062		2.46708e+06		1.28178		289.115		
00:00:43:750		6.96834e+06		139.251		95.0062		2.46708e+06		1.28178		289.125		
00:00:43:649		6.96795e+06		139.251		94.9206		2.46297e+06		1.27879		289.136		
00:00:43:549		6.96765e+06		139.251		94.9206		2.46297e+06		1.27879		289.147		
00:00:43:450		6.9673e+06		139.147		94.8351		2.45884e+06		1.2758		289.158		
00:00:43:350		6.96690e+06		139.147		94.8351		2.45884e+06		1.2758		289.169		
00:00:43:250		6.9666e+06		139.043		94.8351		2.45884e+06		1.2758		289.18		
00:00:43:149		6.96623e+06		139.043		94.7498		2.45465e+06		1.2728		289.191		
00:00:43:049		6.96586e+06		139.043		94.7498		2.45465e+06		1.2728		289.202		
00:00:42:950		6.96554e+06		138.939		94.6645		2.45046e+06		1.26981		289.213		
00:00:42:850		6.96514e+06		138.939		94.6645		2.45046e+06		1.26981		289.224		
00:00:42:750		6.96474e+06		138.835		94.6645		2.45046e+06		1.26981		289.235		
00:00:42:649		6.96441e+06		138.835		94.5794		2.44627e+06		1.26682		289.246		
00:00:42:549		6.96398e+06		138.835		94.5794		2.44627e+06		1.26682		289.257		
00:00:42:450		6.9636e+06		138.73		94.4944		2.44206e+06		1.26382		289.268		
00:00:42:200		6.96262e+06		138.626		94.4095		2.43786e+06		1.26083		289.296		
00:00:42:200		6.96262e+06		138.626		94.4095		2.43786e+06		1.26083		289.296		
00:00:42:149		6.96245e+06		138.626		94.4095		2.43786e+06		1.26083		289.302		
00:00:42:049		6.96203e+06		138.626		94.4095		2.43786e+06		1.26083		289.313		
00:00:41:950		6.96156e+06		138.521		94.3247		2.43364e+06		1.25783		289.324		
00:00:41:850		6.96118e+06		138.521		94.3247		2.43364e+06		1.25783		289.335		
00:00:41:750		6.96075e+06		138.417		94.3247		2.43364e+06		1.25783		289.346		
00:00:41:649		6.96014e+06		138.417		94.24		2.42935e+06		1.25483		289.362		
00:00:41:500		6.95971e+06		138.312		94.24		2.42935e+06		1.25483		289.373		
00:00:41:399		6.95923e+06		138.312		94.1553		2.42508e+06		1.25183		289.384		
00:00:41:200		6.95832e+06		138.207		94.0705		2.42078e+06		1.24883		289.405		
00:00:41:200		6.95832e+06		138.207		94.0705		2.42078e+06		1.24883		289.405		
00:00:41:100		6.95782e+06		138.207		94.0705		2.42078e+06		1.24883		289.416		
00:00:41:000		6.95739e+06		138.102		94.0705		2.42078e+06		1.24883		289.426		
00:00:40:899		6.95689e+06		138.102		93.9858		2.41649e+06		1.24582		289.436		
00:00:40:799		6.95635e+06		138.102		93.9858		2.41649e+06		1.24582		289.446		
00:00:40:700		6.95582e+06		137.997		93.901		2.41224e+06		1.24281		289.456		
00:00:40:600		6.95534e+06		137.997		93.901		2.41224e+06		1.24281		289.466		
00:00:40:500		6.95484e+06		137.891		93.901		2.41224e+06		1.24281		289.476		
00:00:40:299		6.95372e+06		137.891		93.8162		2.40799e+06		1.2398		289.495		
00:00:40:200		6.95318e+06		137.785		93.7312		2.4036e+06		1.23679		289.504		
00:00:40:200		6.95318e+06		137.785		93.7312		2.4036e+06		1.23679		289.504		
00:00:40:100		6.95265e+06		137.785		93.7312		2.4036e+06		1.23679		289.513		
00:00:40:000		6.95204e+06		137.679		93.7312		2.4036e+06		1.23679		289.523		
00:00:39:899		6.95147e+06		137.679		93.646		2.39923e+06		1.23377		289.532		
00:00:39:799		6.95087e+06		137.679		93.646		2.39923e+06		1.23377		289.541		
00:00:39:700		6.95029e+06		137.574		93.5605		2.39496e+06		1.23075		289.55		
00:00:39:600		6.94968e+06		137.574		93.5605		2.39496e+06		1.23075		289.56		
00:00:39:500		6.94903e+06		137.468		93.5605		2.39496e+06		1.23075		289.569		
00:00:39:299		6.94776e+06		137.468		93.4744		2.39061e+06		1.22772		289.588		
00:00:39:200		6.94709e+06		137.361		93.3861		2.38621e+06		1.22469		289.597		
00:00:39:200		6.94709e+06		137.361		93.3861		2.38621e+06		1.22469		289.597		
00:00:39:200		6.94709e+06		137.361		93.3861		2.38621e+06		1.22469		289.597		
00:00:39:100		6.94642e+06		137.361		93.3861		2.38621e+06		1.22469		289.606		
00:00:39:000		6.94574e+06		137.255		93.3861		2.38621e+06		1.22469		289.616		
00:00:38:899		6.94504e+06		137.255		93.295		2.38181e+06		1.22166		289.625		
00:00:38:799		6.94435e+06		137.255		93.295		2.38181e+06		1.22166		289.635		
00:00:38:600		6.94283e+06		137.148		93.2012		2.37739e+06		1.21862		289.655		
00:00:38:500		6.94207e+06		137.041		93.2012		2.37739e+06		1.21862		289.665		
00:00:38:299		6.94053e+06		137.041		93.1044		2.37297e+06		1.21558		289.685		
00:00:38:299		6.94053e+06		137.041		93.1044		2.37297e+06		1.21558		289.685		
00:00:38:200		6.93973e+06		136.934		93.0045		2.36848e+06		1.21253		289.696		
00:00:38:200		6.93973e+06		136.934		93.0045		2.36848e+06		1.21253		289.696		
00:00:38:049		6.93852e+06		136.934		93.0045		2.36848e+06		1.21253		289.713		
00:00:37:850		6.93684e+06		136.827		92.9012		2.364e+06		1.20948		289.735		
00:00:37:850		6.93684e+06		136.827		92.9012		2.364e+06		1.20948		289.735		
00:00:37:799		6.93641e+06		136.827		92.9012		2.364e+06		1.20948		289.741		
00:00:37:700		6.93555e+06		136.72		92.7944		2.35956e+06		1.20643		289.753		
00:00:37:600		6.93471e+06		136.72		92.7944		2.35956e+06		1.20643		289.765		
00:00:37:500		6.93384e+06		136.612		92.7944		2.35956e+06		1.20643		289.778		
00:00:37:250		6.93157e+06		136.504		92.684		2.35511e+06		1.20337		289.812		
00:00:37:250		6.93157e+06		136.504		92.684		2.35511e+06		1.20337		289.812		
00:00:37:149		6.93066e+06		136.504		92.5699		2.35059e+06		1.20031		289.827		
00:00:37:049		6.92971e+06		136.504		92.5699		2.35059e+06		1.20031		289.842		
00:00:36:950		6.92876e+06		136.395		92.452		2.34614e+06		1.19725		289.858		
00:00:36:850		6.92783e+06		136.395		92.452		2.34614e+06		1.19725		289.875		
00:00:36:750		6.92688e+06		136.287		92.452		2.34614e+06		1.19725		289.892		
00:00:36:649		6.92588e+06		136.287		92.3304		2.34172e+06		1.19418		289.91		
00:00:36:549		6.92488e+06		136.287		92.3304		2.34172e+06		1.19418		289.929		
00:00:36:450		6.92388e+06		136.178		92.2052		2.33718e+06		1.19111		289.948		
00:00:36:250		6.92182e+06		136.069		92.2052		2.33718e+06		1.19111		289.99		
00:00:36:250		6.92182e+06		136.069		92.2052		2.33718e+06		1.19111		289.99		
00:00:36:149		6.92081e+06		136.069		92.0764		2.33265e+06		1.18804		290.012		
00:00:36:049		6.91981e+06		136.069		92.0764		2.33265e+06		1.18804		290.034		
00:00:35:950		6.91881e+06		135.96		91.9442		2.32809e+06		1.18496		290.058		
00:00:35:850		6.91782e+06		135.96		91.9442		2.32809e+06		1.18496		290.083		
00:00:35:750		6.91684e+06		135.85		91.9442		2.32809e+06		1.18496		290.109		
00:00:35:649		6.91584e+06		135.85		91.8087		2.32348e+06		1.18188		290.135		
00:00:35:549		6.91484e+06		135.85		91.8087		2.32348e+06		1.18188		290.162		
00:00:35:450		6.91383e+06		135.741		91.6696		2.31893e+06		1.1788		290.189		
00:00:35:350		6.91281e+06		135.741		91.6696		2.31893e+06		1.1788		290.217		
00:00:35:250		6.91181e+06		135.631		91.6696		2.31893e+06		1.1788		290.244		
00:00:35:149		6.9108e+06		135.631		91.5267		2.31435e+06		1.17572		290.272		
00:00:35:000		6.90928e+06		135.521		91.5267		2.31435e+06		1.17572		290.316		
00:00:34:899		6.90827e+06		135.521		91.3799		2.30972e+06		1.17263		290.346		
00:00:34:850		6.90776e+06		135.521		91.3799		2.30972e+06		1.17263		290.361		
00:00:34:750		6.90675e+06		135.41		91.3799		2.30972e+06		1.17263		290.392		
00:00:34:649		6.90574e+06		135.41		91.229		2.30508e+06		1.16955		290.424		
00:00:34:549		6.90473e+06		135.41		91.229		2.30508e+06		1.16955		290.456		
00:00:34:450		6.90318e+06		135.3		91.0738		2.30043e+06		1.16646		290.505		
00:00:34:299		6.90214e+06		135.3		91.0738		2.30043e+06		1.16646		290.539		
00:00:34:200		6.90108e+06		135.189		90.914		2.29578e+06		1.16337		290.573		
00:00:34:100		6.90003e+06		135.189		90.914		2.29578e+06		1.16337		290.607		
00:00:34:000		6.89895e+06		135.078		90.914		2.29578e+06		1.16337		290.642		
00:00:33:899		6.89787e+06		135.078		90.7496		2.29111e+06		1.16028		290.677		
00:00:33:799		6.89679e+06		135.078		90.7496		2.29111e+06		1.16028		290.712		
00:00:33:700		6.8957e+06		134.967		90.5801		2.28638e+06		1.15719		290.747		
00:00:33:600		6.89461e+06		134.967		90.5801		2.28638e+06		1.15719		290.783		
00:00:33:500		6.89351e+06		134.855		90.5801		2.28638e+06		1.15719		290.819		
00:00:33:399		6.89239e+06		134.855		90.4055		2.28158e+06		1.1541		290.855		
00:00:33:299		6.89126e+06		134.855		90.4055		2.28158e+06		1.1541		290.891		
00:00:33:200		6.89012e+06		134.743		90.2254		2.27678e+06		1.151		290.927		
00:00:33:200		6.89012e+06		134.743		90.2254		2.27678e+06		1.151		290.927		
00:00:33:100		6.88896e+06		134.743		90.2254		2.27678e+06		1.151		290.963		
00:00:33:000		6.88777e+06		134.631		90.2254		2.27678e+06		1.151		290.999		
00:00:32:899		6.88657e+06		134.631		90.0395		2.27204e+06		1.14791		291.035		
00:00:32:799		6.88535e+06		134.631		90.0395		2.27204e+06		1.14791		291.07		
00:00:32:700		6.88412e+06		134.518		89.8477		2.26728e+06		1.14481		291.106		
00:00:32:600		6.88288e+06		134.518		89.8477		2.26728e+06		1.14481		291.141		
00:00:32:500		6.88163e+06		134.405		89.6496		2.26246e+06		1.1417		291.177		
00:00:32:299		6.87911e+06		134.405		89.6496		2.26246e+06		1.1417		291.246		
00:00:32:149		6.87718e+06		134.292		89.4448		2.25756e+06		1.1386		291.297		
00:00:32:149		6.87718e+06		134.292		89.4448		2.25756e+06		1.1386		291.297		
00:00:32:049		6.87586e+06		134.292		89.4448		2.25756e+06		1.1386		291.331		
00:00:32:000		6.87519e+06		134.178		89.4448		2.25756e+06		1.1386		291.348		
00:00:31:899		6.87383e+06		134.178		89.233		2.25261e+06		1.13548		291.381		
00:00:31:800		6.87244e+06		134.178		89.233		2.25261e+06		1.13548		291.413		
00:00:31:699		6.87102e+06		134.063		89.0139		2.24758e+06		1.13237		291.444		
00:00:31:600		6.8696e+06		134.063		89.0139		2.24758e+06		1.13237		291.475		
00:00:31:449		6.86743e+06		133.948		88.787		2.24243e+06		1.12925		291.52		
00:00:31:250		6.86456e+06		133.833		88.787		2.24243e+06		1.12925		291.576		
00:00:31:250		6.86456e+06		133.833		88.787		2.24243e+06		1.12925		291.576		
00:00:31:149		6.86311e+06		133.833		88.552		2.23716e+06		1.12612		291.602		
00:00:31:050		6.86165e+06		133.833		88.552		2.23716e+06		1.12612		291.628		
00:00:30:949		6.86017e+06		133.716		88.3087		2.23164e+06		1.123		291.653		
00:00:30:850		6.85864e+06		133.716		88.3087		2.23164e+06		1.123		291.677		
00:00:30:750		6.85707e+06		133.599		88.3087		2.23164e+06		1.123		291.7		
00:00:30:649		6.85545e+06		133.599		88.0566		2.2259e+06		1.11987		291.723		
00:00:30:550		6.8538e+06		133.599		88.0566		2.2259e+06		1.11987		291.746		
00:00:30:449		6.85213e+06		133.48		87.7952		2.2199e+06		1.11673		291.767		
00:00:30:350		6.85043e+06		133.48		87.7952		2.2199e+06		1.11673		291.787		
00:00:30:250		6.84871e+06		133.359		87.7952		2.2199e+06		1.11673		291.807		
00:00:30:149		6.84696e+06		133.359		87.5238		2.21342e+06		1.11359		291.826		
00:00:30:050		6.84516e+06		133.359		87.5238		2.21342e+06		1.11359		291.844		
00:00:29:899		6.84242e+06		133.235		87.2418		2.20642e+06		1.11044		291.869		
00:00:29:800		6.84046e+06		133.235		87.2418		2.20642e+06		1.11044		291.886		
00:00:29:750		6.83962e+06		133.108		87.2418		2.20642e+06		1.11044		291.893		
00:00:29:600		6.83675e+06		133.108		86.9485		2.1989e+06		1.10728		291.916		
00:00:29:500		6.8348e+06		132.976		86.9485		2.1989e+06		1.10728		291.932		
00:00:29:399		6.83282e+06		132.976		86.6432		2.19059e+06		1.10412		291.947		
00:00:29:300		6.83082e+06		132.976		86.6432		2.19059e+06		1.10412		291.962		
00:00:29:199		6.82883e+06		132.837		86.3249		2.18136e+06		1.10096		291.978		
00:00:29:149		6.82782e+06		132.837		86.3249		2.18136e+06		1.10096		291.986		
00:00:29:050		6.8258e+06		132.837		86.3249		2.18136e+06		1.10096		292.001		
00:00:28:949		6.82375e+06		132.691		85.993		2.17121e+06		1.09778		292.017		
00:00:28:850		6.82165e+06		132.691		85.993		2.17121e+06		1.09778		292.032		
00:00:28:750		6.81952e+06		132.535		85.993		2.17121e+06		1.09778		292.047		
00:00:28:649		6.81735e+06		132.535		85.6467		2.16006e+06		1.0946		292.062		
00:00:28:550		6.81512e+06		132.535		85.6467		2.16006e+06		1.0946		292.076		
00:00:28:449		6.81285e+06		132.366		85.2852		2.14781e+06		1.09142		292.092		
00:00:28:300		6.80933e+06		132.366		85.2852		2.14781e+06		1.09142		292.117		
00:00:28:199		6.80691e+06		132.182		84.9082		2.13447e+06		1.08822		292.136		
00:00:28:100		6.80443e+06		132.182		84.9082		2.13447e+06		1.08822		292.157		
00:00:28:000		6.80188e+06		131.981		84.9082		2.13447e+06		1.08822		292.18		
00:00:27:899		6.79928e+06		131.981		84.5157		2.12007e+06		1.08502		292.205		
00:00:27:800		6.79659e+06		131.981		84.5157		2.12007e+06		1.08502		292.233		
00:00:27:699		6.79383e+06		131.763		84.1083		2.10482e+06		1.08181		292.263		
00:00:27:600		6.79099e+06		131.763		84.1083		2.10482e+06		1.08181		292.296		
00:00:27:500		6.78807e+06		131.526		84.1083		2.10482e+06		1.08181		292.333		
00:00:27:399		6.78507e+06		131.526		83.6867		2.08879e+06		1.07859		292.373		
00:00:27:399		6.78507e+06		131.526		83.6867		2.08879e+06		1.07859		292.373		
00:00:27:199		6.77882e+06		131.27		83.2515		2.07207e+06		1.07536		292.455		
00:00:27:100		6.77564e+06		131.27		83.2515		2.07207e+06		1.07536		292.499		
00:00:27:100		6.77564e+06		131.27		83.2515		2.07207e+06		1.07536		292.499		
00:00:27:000		6.77223e+06		130.996		83.2515		2.07207e+06		1.07536		292.544		
00:00:26:850		6.76705e+06		130.996		82.8042		2.05492e+06		1.07212		292.615		
00:00:26:750		6.76348e+06		130.707		82.8042		2.05492e+06		1.07212		292.664		
00:00:26:649		6.75983e+06		130.707		82.3464		2.03746e+06		1.06887		292.716		
00:00:26:550		6.75629e+06		130.707		82.3464		2.03746e+06		1.06887		292.77		
00:00:26:350		6.74825e+06		130.405		81.8801		2.01982e+06		1.0656		292.885		
00:00:26:250		6.74421e+06		130.096		81.8801		2.01982e+06		1.0656		292.946		
00:00:26:250		6.74421e+06		130.096		81.8801		2.01982e+06		1.0656		292.946		
00:00:26:149		6.74006e+06		130.096		81.4069		2.0021e+06		1.05632		293.008		
00:00:26:050		6.73588e+06		130.096		81.4069		2.0021e+06		1.05632		293.074		
00:00:25:949		6.73141e+06		129.781		80.9282		1.98418e+06		1.04716		293.136		
00:00:25:850		6.72691e+06		129.781		80.9282		1.98418e+06		1.04716		293.208		
00:00:25:750		6.72227e+06		129.464		80.9282		1.98418e+06		1.04716		293.282		
00:00:25:649		6.71749e+06		129.464		80.445		1.96605e+06		1.03798		293.358		
00:00:25:550		6.71259e+06		129.464		80.445		1.96605e+06		1.03798		293.435		
00:00:25:449		6.70756e+06		129.148		79.9587		1.94772e+06		1.02878		293.513		
00:00:25:350		6.70239e+06		129.148		79.9587		1.94772e+06		1.02878		293.593		
00:00:25:250		6.69699e+06		128.83		79.9587		1.94772e+06		1.02878		293.675		
00:00:25:149		6.69137e+06		128.83		79.471		1.92919e+06		1.01955		293.757		
00:00:25:050		6.68553e+06		128.83		79.471		1.92919e+06		1.01955		293.84		
00:00:24:949		6.67948e+06		128.511		78.9839		1.91044e+06		1.01029		293.924		
00:00:24:850		6.67331e+06		128.511		78.9839		1.91044e+06		1.01029		294.009		
00:00:24:750		6.66694e+06		128.192		78.9839		1.91044e+06		1.01029		294.094		
00:00:24:649		6.6605e+06		128.192		78.4997		1.89146e+06		1.00102		294.18		
00:00:24:550		6.65395e+06		128.192		78.4997		1.89146e+06		1.00102		294.265		
00:00:24:449		6.64728e+06		127.871		78.0212		1.8723e+06		0.991717		294.349		
00:00:24:350		6.64062e+06		127.871		78.0212		1.8723e+06		0.991717		294.433		
00:00:24:250		6.63356e+06		127.55		78.0212		1.8723e+06		0.991717		294.515		
00:00:24:100		6.62307e+06		127.55		77.5513		1.8529e+06		0.982394		294.636		
00:00:24:000		6.61607e+06		127.228		77.5513		1.8529e+06		0.982394		294.716		
00:00:23:949		6.6126e+06		127.228		77.0932		1.83326e+06		0.973047		294.755		
00:00:23:800		6.60255e+06		127.228		77.0932		1.83326e+06		0.973047		294.87		
00:00:23:699		6.59667e+06		126.906		76.6499		1.81335e+06		0.963679		294.944		
00:00:23:600		6.59208e+06		126.906		76.6499		1.81335e+06		0.963679		295.016		
00:00:23:500		6.58872e+06		126.583		76.6499		1.81335e+06		0.963679		295.086		
00:00:23:399		6.5779e+06		126.583		76.2241		1.79318e+06		0.954291		295.154		
00:00:23:300		6.54186e+06		126.583		76.2241		1.79318e+06		0.954291		295.22		
00:00:23:199		6.5262e+06		126.26		75.8166		1.77279e+06		0.944885		295.285		
00:00:23:100		6.50455e+06		126.26		75.8166		1.77279e+06		0.944885		295.349		
00:00:23:000		6.4931e+06		125.936		75.8166		1.77279e+06		0.944885		295.412		
00:00:22:899		6.49509e+06		125.936		75.4261		1.75216e+06		0.935462		295.475		
00:00:22:899		6.49509e+06		125.936		75.4261		1.75216e+06		0.935462		295.475		
00:00:22:800		6.49938e+06		125.936		75.4261		1.75216e+06		0.935462		295.537		
00:00:22:600		6.504e+06		125.611		75.0459		1.73128e+06		0.926023		295.66		
00:00:22:600		6.504e+06		125.611		75.0459		1.73128e+06		0.926023		295.66		
00:00:22:399		6.50861e+06		125.286		74.6619		1.71014e+06		0.916567		295.782		
00:00:22:300		6.51103e+06		125.286		74.6619		1.71014e+06		0.916567		295.844		
00:00:22:199		6.51348e+06		124.959		74.2742		1.68868e+06		0.907094		295.905		
00:00:22:100		6.51608e+06		124.959		74.2742		1.68868e+06		0.907094		295.967		
00:00:22:000		6.51899e+06		124.633		74.2742		1.68868e+06		0.907094		296.029		
00:00:21:899		6.52254e+06		124.633		73.8827		1.66698e+06		0.897604		296.092		
00:00:21:800		6.52623e+06		124.633		73.8827		1.66698e+06		0.897604		296.154		
00:00:21:699		6.52991e+06		124.305		73.4875		1.64501e+06		0.888097		296.217		
00:00:21:600		6.53359e+06		124.305		73.4875		1.64501e+06		0.888097		296.28		
00:00:21:500		6.53727e+06		123.977		73.4875		1.64501e+06		0.888097		296.343		
00:00:21:300		6.54461e+06		123.977		73.4875		1.64501e+06		0.888097		296.343		
00:00:21:300		6.54461e+06		123.977		73.0888		1.62271e+06		0.878572		296.468		
00:00:21:199		6.54827e+06		123.648		72.6867		1.60011e+06		0.86903		296.529		
00:00:21:199		6.54827e+06		123.648		72.6867		1.60011e+06		0.86903		296.529		
00:00:21:100		6.55376e+06		123.648		72.6867		1.60011e+06		0.86903		296.621		
00:00:20:949		6.55741e+06		123.318		72.2813		1.57724e+06		0.859472		296.682		
00:00:20:850		6.56105e+06		123.318		72.2813		1.57724e+06		0.859472		296.742		
00:00:20:750		6.56469e+06		122.988		72.2813		1.57724e+06		0.859472		296.802		
00:00:20:649		6.56832e+06		122.988		71.8723		1.55415e+06		0.849898		296.861		
00:00:20:550		6.57193e+06		122.988		71.8723		1.55415e+06		0.849898		296.919		
00:00:20:449		6.57551e+06		122.656		71.4598		1.53077e+06		0.840308		296.976		
00:00:20:250		6.58265e+06		122.324		71.4598		1.53077e+06		0.840308		297.089		
00:00:20:250		6.58265e+06		122.324		71.4598		1.53077e+06		0.840308		297.089		
00:00:20:149		6.58617e+06		122.324		71.0436		1.50709e+06		0.830701		297.147		
00:00:20:050		6.58967e+06		122.324		71.0436		1.50709e+06		0.830701		297.205		
00:00:19:949		6.59313e+06		121.99		70.6232		1.48309e+06		0.821077		297.262		
00:00:19:850		6.5966e+06		121.99		70.6232		1.48309e+06		0.821077		297.32		
00:00:19:750		6.60001e+06		121.656		70.6232		1.48309e+06		0.821077		297.378		
00:00:19:649		6.60338e+06		121.656		70.198		1.45878e+06		0.811436		297.436		
00:00:19:550		6.60673e+06		121.656		70.198		1.45878e+06		0.811436		297.494		
00:00:19:449		6.61009e+06		121.321		69.7679		1.43418e+06		0.801778		297.553		
00:00:19:350		6.61337e+06		121.321		69.7679		1.43418e+06		0.801778		297.612		
00:00:19:250		6.61661e+06		120.985		69.7679		1.43418e+06		0.801778		297.672		
00:00:19:149		6.61986e+06		120.985		69.3328		1.40917e+06		0.792102		297.733		
00:00:19:050		6.6231e+06		120.985		69.3328		1.40917e+06		0.792102		297.794		
00:00:18:949		6.62628e+06		120.648		68.8925		1.38377e+06		0.782407		297.856		
00:00:18:850		6.62944e+06		120.648		68.8925		1.38377e+06		0.782407		297.918		
00:00:18:750		6.63258e+06		120.311		68.8925		1.38377e+06		0.782407		297.982		
00:00:18:649		6.63573e+06		120.311		68.4473		1.35808e+06		0.772693		298.045		
00:00:18:500		6.64038e+06		119.973		68.4473		1.35808e+06		0.772693		298.142		
00:00:18:399		6.64346e+06		119.973		67.9974		1.33201e+06		0.76296		298.207		
00:00:18:300		6.64652e+06		119.973		67.9974		1.33201e+06		0.76296		298.273		
00:00:18:199		6.64956e+06		119.633		67.5431		1.30554e+06		0.753207		298.339		
00:00:18:100		6.65259e+06		119.633		67.5431		1.30554e+06		0.753207		298.406		
00:00:18:000		6.6556e+06		119.293		67.5431		1.30554e+06		0.753207		298.473		
00:00:17:899		6.6586e+06		119.293		67.0843		1.27868e+06		0.743435		298.541		
00:00:17:800		6.66159e+06		119.293		67.0843		1.27868e+06		0.743435		298.608		
00:00:17:699		6.66456e+06		118.952		66.6212		1.25148e+06		0.733642		298.675		
00:00:17:600		6.66753e+06		118.952		66.6212		1.25148e+06		0.733642		298.743		
00:00:17:500		6.67048e+06		118.61		66.6212		1.25148e+06		0.733642		298.811		
00:00:17:399		6.67343e+06		118.61		66.1537		1.22389e+06		0.72383		298.878		
00:00:17:300		6.67637e+06		118.61		66.1537		1.22389e+06		0.72383		298.946		
00:00:17:199		6.6793e+06		118.266		65.6818		1.19588e+06		0.713997		299.014		
00:00:17:199		6.6793e+06		118.266		65.6818		1.19588e+06		0.713997		299.014		
00:00:17:000		6.68515e+06		117.922		65.6818		1.19588e+06		0.713997		299.15		
00:00:16:899		6.68807e+06		117.922		65.2052		1.16754e+06		0.704145		299.217		
00:00:16:800		6.69098e+06		117.922		65.2052		1.16754e+06		0.704145		299.285		
00:00:16:699		6.69389e+06		117.577		64.724		1.13881e+06		0.694274		299.353		
00:00:16:600		6.6968e+06		117.577		64.724		1.13881e+06		0.694274		299.42		
00:00:16:500		6.6997e+06		117.231		64.724		1.13881e+06		0.694274		299.488		
00:00:16:399		6.70259e+06		117.231		64.2383		1.10956e+06		0.684383		299.554		
00:00:16:399		6.70259e+06		117.231		64.2383		1.10956e+06		0.684383		299.554		
00:00:16:199		6.70835e+06		116.883		63.7483		1.07987e+06		0.674473		299.686		
00:00:16:199		6.70835e+06		116.883		63.7483		1.07987e+06		0.674473		299.686		
00:00:16:100		6.71120e+06		116.883		63.7483		1.07987e+06		0.674473		299.75		
00:00:16:000		6.71405e+06		116.536		63.7483		1.07987e+06		0.674473		299.813		
00:00:15:900		6.71687e+06		116.536		63.2547		1.04974e+06		0.664545		299.875		
00:00:15:800		6.71968e+06		116.536		63.2547		1.04974e+06		0.664545		299.936		
00:00:15:699		6.72247e+06		116.186		62.7577		1.01917e+06		0.6546		299.996		
00:00:15:550		6.72645e+06		116.186		62.7577		1.01917e+06		0.6546		300.083		
00:00:15:500		6.72778e+06		115.836		62.7577		1.01917e+06		0.6546		300.111		
00:00:15:349		6.73169e+06		115.836		62.2576		988105		0.644638		300.195		
00:00:15:150		6.73675e+06		115.483		61.7543		956550		0.634658		300.312		
00:00:15:150		6.73675e+06		115.483		61.7543		956550		0.634658		300.312		
00:00:15:050		6.73921e+06		115.483		61.7543		956550		0.634658		300.373		
00:00:14:949		6.74163e+06		115.13		61.2477		924539		0.62466		300.436		
00:00:14:849		6.74401e+06		115.13		61.2477		924539		0.62466		300.499		
00:00:14:650		6.74868e+06		114.776		60.738		892030		0.614641		300.63		
00:00:14:650		6.74868e+06		114.776		60.738		892030		0.614641		300.63		
00:00:14:550		6.75096e+06		114.776		60.738		892030		0.614641		300.698		
00:00:14:449		6.75321e+06		114.42		60.2252		858983		0.604601		300.766		
00:00:14:250		6.75762e+06		114.062		60.2252		858983		0.604601		300.905		
00:00:14:150		6.75978e+06		114.062		59.7099		825360		0.59454		300.976		
00:00:14:150		6.75978e+06		114.062		59.7099		825360		0.59454		300.976		
00:00:14:050		6.76191e+06		114.062		59.7099		825360		0.59454		301.048		
00:00:13:949		6.76401e+06		113.703		59.1927		791206		0.584456		301.12		
00:00:13:849		6.7661e+06		113.703		59.1927		791206		0.584456		301.193		
00:00:13:750		6.76815e+06		113.343		59.1927		791206		0.584456		301.266		
00:00:13:650		6.7702e+06		113.343		58.6742		756396		0.574351		301.338		
00:00:13:550		6.77221e+06		113.343		58.6742		756396		0.574351		301.411		
00:00:13:449		6.7742e+06		112.981		58.1547		720901		0.564223		301.484		
00:00:13:250		6.77809e+06		112.616		58.1547		720901		0.564223		301.63		
00:00:13:250		6.77809e+06		112.616		58.1547		720901		0.564223		301.63		
00:00:13:150		6.78005e+06		112.616		57.6341		684717		0.554074		301.703		
00:00:13:050		6.78196e+06		112.616		57.6341		684717		0.554074		301.776		
00:00:12:949		6.78384e+06		112.249		57.1126		647858		0.543903		301.849		
00:00:12:849		6.78572e+06		112.249		57.1126		647858		0.543903		301.922		
00:00:12:750		6.78756e+06		111.88		57.1126		647858		0.543903		301.995		
00:00:12:650		6.78935e+06		111.88		56.5903		610327		0.53371		302.066		
00:00:12:550		6.79113e+06		111.88		56.5903		610327		0.53371		302.136		
00:00:12:400		6.7937e+06		111.506		56.068		572109		0.523495		302.236		
00:00:12:300		6.79538e+06		111.506		56.068		572109		0.523495		302.301		
00:00:12:199		6.79699e+06		111.129		55.5459		533695		0.513258		302.368		
00:00:12:150		6.79777e+06		111.129		55.5459		533695		0.513258		302.402		
00:00:12:000		6.80005e+06		110.746		55.5459		533695		0.513258		302.506		
00:00:11:900		6.80153e+06		110.746		55.0245		496906		0.502999		302.577		
00:00:11:800		6.80294e+06		110.746		55.0245		496906		0.502999		302.649		
00:00:11:699		6.80430e+06		110.355		54.5039		468743		0.492716		302.722		
00:00:11:599		6.80561e+06		110.355		54.5039		468743		0.492716		302.795		
00:00:11:500		6.80688e+06		109.947		54.5039		468743		0.492716		302.868		
00:00:11:400		6.80811e+06		109.947		53.9831		447520		0.482409		302.942		
00:00:11:300		6.80931e+06		109.947		53.9831		447520		0.482409		303.016		
00:00:11:199		6.81048e+06		109.49		53.4589		426044		0.472078		303.09		
00:00:11:199		6.81048e+06		109.49		53.4589		426044		0.472078		303.09		
00:00:11:000		6.8127e+06		109.327		53.4589		426044		0.472078		303.238		
00:00:10:900		6.81378e+06		109.327		52.9289		404702		0.461722		303.312		
00:00:10:800		6.81486e+06		109.327		52.9289		404702		0.461722		303.386		
00:00:10:699		6.81597e+06		109.16		52.3934		383480		0.451341		303.461		
00:00:10:699		6.81597e+06		109.16		52.3934		383480		0.451341		303.461		
00:00:10:599		6.81706e+06		109.16		52.3934		383480		0.451341		303.536		
00:00:10:500		6.81812e+06		108.988		52.3934		383480		0.451341		303.611		
00:00:10:400		6.81916e+06		108.988		51.8529		362441		0.440935		303.686		
00:00:10:199		6.82118e+06		108.81		51.3081		341692		0.430504		303.836		
00:00:10:199		6.82118e+06		108.81		51.3081		341692		0.430504		303.836		
00:00:10:099		6.82215e+06		108.81		51.3081		341692		0.430504		303.911		
00:00:10:000		6.82309e+06		108.628		51.3081		341692		0.430504		303.985		
00:00:09:849		6.82447e+06		108.628		50.7599		321221		0.420048		304.096		
00:00:09:750		6.82537e+06		108.44		50.7599		321221		0.420048		304.17		
00:00:09:699		6.8258e+06		108.44		50.2093		300947		0.409566		304.208		
00:00:09:550		6.82708e+06		108.44		50.2093		300947		0.409566		304.32		
00:00:09:449		6.82791e+06		108.248		49.6568		280872		0.399059		304.394		
00:00:09:250		6.82953e+06		108.049		49.6568		280872		0.399059		304.543		
00:00:09:150		6.83034e+06		108.049		49.1036		261038		0.388526		304.618		
00:00:09:050		6.83113e+06		108.049		49.1036		261038		0.388526		304.691		
00:00:09:050		6.83113e+06		108.049		49.1036		261038		0.388526		304.691		
00:00:08:949		6.83193e+06		107.845		48.5503		241495		0.377968		304.765		
00:00:08:849		6.83272e+06		107.845		48.5503		241495		0.377968		304.838		
00:00:08:750		6.83348e+06		107.636		48.5503		241495		0.377968		304.91		
00:00:08:650		6.83424e+06		107.636		47.9981		222293		0.367385		304.982		
00:00:08:550		6.83497e+06		107.636		47.9981		222293		0.367385		305.055		
00:00:08:449		6.83565e+06		107.42		47.4476		203491		0.356775		305.127		
00:00:08:250		6.83683e+06		107.199		47.4476		203491		0.356775		305.274		
00:00:08:150		6.83728e+06		107.199		46.9007		185149		0.346139		305.347		
00:00:08:150		6.83728e+06		107.199		46.9007		185149		0.346139		305.347		
00:00:08:050		6.83759e+06		107.199		46.9007		185149		0.346139		305.421		
00:00:07:950		6.83775e+06		106.973		46.3591		167395		0.335476		305.493		
00:00:07:849		6.83777e+06		106.973		46.3591		167395		0.335476		305.566		
00:00:07:700		6.83785e+06		106.741		45.8243		150356		0.324786		305.673		
00:00:07:599		6.83869e+06		106.741		45.8243		150356		0.324786		305.745		
00:00:07:500		6.8417e+06		106.503		45.8243		150356		0.324786		305.816		
00:00:07:400		6.84739e+06		106.503		45.2971		134091		0.31407		305.887		
00:00:07:299		6.85067e+06		106.503		45.2971		134091		0.31407		305.958		
00:00:07:200		6.84899e+06		106.261		44.7798		118716		0.303328		306.028		
00:00:07:099		6.8474e+06		106.261		44.7798		118716		0.303328		306.098		
00:00:07:000		6.84587e+06		106.015		44.7798		118716		0.303328		306.168		
00:00:06:900		6.8444e+06		106.015		44.2753		104364		0.29256		306.237		
00:00:06:799		6.84298e+06		106.015		44.2753		104364		0.29256		306.305		
00:00:06:700		6.8416e+06		105.764		43.7863		91166.7		0.281767		306.374		
00:00:06:599		6.84028e+06		105.764		43.7863		91166.7		0.281767		306.442		
00:00:06:500		6.83917e+06		105.511		43.7863		91166.7		0.281767		306.51		
00:00:06:400		6.83858e+06		105.511		43.3174		79503.6		0.270948		306.577		
00:00:06:299		6.83848e+06		105.511		43.3174		79503.6		0.270948		306.645		
00:00:06:200		6.83835e+06		105.257		42.877		69138.9		0.260104		306.712		
00:00:06:200		6.83835e+06		105.257		42.877		69138.9		0.260104		306.712		
00:00:06:000		6.838e+06		104.999		42.877		69138.9		0.260104		306.848		
00:00:05:900		6.83779e+06		104.999		42.4673		59629.3		0.249233		306.915		
00:00:05:799		6.83755e+06		104.999		42.4673		59629.3		0.249233		306.982		
00:00:05:799		6.83755e+06		104.999		42.4673		59629.3		0.249233		306.982		
00:00:05:700		6.83729e+06		104.768		42.0876		51038.6		0.238337		307.05		
00:00:05:599		6.83700e+06		104.768		42.0876		51038.6		0.238337		307.118		
00:00:05:500		6.8367e+06		104.532		42.0876		51038.6		0.238337		307.185		
00:00:05:400		6.83637e+06		104.532		41.7299		43369.1		0.227415		307.253		
00:00:05:150		6.83546e+06		104.289		41.3978		36592.3		0.216466		307.423		
00:00:05:150		6.83546e+06		104.289		41.3978		36592.3		0.216466		307.423		
00:00:05:049		6.83506e+06		104.289		41.3978		36592.3		0.216466		307.49		
00:00:04:950		6.83465e+06		104.042		41.0938		30668.9		0.205491		307.558		
00:00:04:900		6.83444e+06		104.042		41.0938		30668.9		0.205491		307.592		
00:00:04:799		6.83401e+06		104.042		41.0938		30668.9		0.205491		307.659		
00:00:04:650		6.83335e+06		103.791		40.8209		25658.5		0.19449		307.76		
00:00:04:549		6.8329e+06		103.791		40.8209		25658.5		0.19449		307.826		
00:00:04:450		6.83244e+06		103.537		40.5796		21362.1		0.183463		307.892		
00:00:04:349		6.83199e+06		103.537		40.5796		21362.1		0.183463		307.958		
00:00:04:150		6.83107e+06		103.278		40.3642		17482.1		0.17241		308.089		
00:00:04:150		6.83107e+06		103.278		40.3642		17482.1		0.17241		308.089		
00:00:04:099		6.83085e+06		103.278		40.3642		17482.1		0.17241		308.121		
00:00:04:000		6.83041e+06		103.045		40.3642		17482.1		0.17241		308.187		
00:00:03:899		6.82998e+06		103.045		40.1469		13933.5		0.16133		308.253		
00:00:03:799		6.82956e+06		103.045		40.1469		13933.5		0.16133		308.318		
00:00:03:700		6.82917e+06		102.806		39.9271		10673.9		0.150224		308.383		
00:00:03:600		6.82879e+06		102.806		39.9271		10673.9		0.150224		308.448		
00:00:03:450		6.82828e+06		102.563		39.6944		7860.23		0.139091		308.545		
00:00:03:250		6.82772e+06		102.314		39.6944		7860.23		0.139091		308.678		
00:00:03:149		6.82749e+06		102.314		39.4373		5503.92		0.127931		308.746		
00:00:03:149		6.82749e+06		102.314		39.4373		5503.92		0.127931		308.746		
00:00:02:950		6.82716e+06		102.052		39.1527		3524.12		0.11674		308.88		
00:00:02:950		6.82716e+06		102.052		39.1527		3524.12		0.11674		308.88		
00:00:02:850		6.82707e+06		102.052		39.1527		3524.12		0.11674		308.945		
00:00:02:750		6.82702e+06		101.824		39.1527		3524.12		0.11674		309.007		
00:00:02:649		6.82702e+06		101.824		38.8215		2005.69		0.105517		309.065		
00:00:02:549		6.82708e+06		101.824		38.8215		2005.69		0.105517		309.12		
00:00:02:450		6.82717e+06		101.589		38.4643		964.459		0.0942547		309.169		
00:00:02:250		6.8275e+06		101.349		38.4643		964.459		0.0942547		309.248		
00:00:02:100		6.82784e+06		101.349		38.1039		355.696		0.0829451		309.281		
00:00:02:100		6.82784e+06		101.349		38.1039		355.696		0.0829451		309.281		
00:00:02:000		6.82812e+06		101.106		38.1039		355.696		0.0829451		309.29		
00:00:01:949		6.82827e+06		101.106		37.7636		88.1978		0.0715872		309.289		
00:00:01:800		6.82873e+06		101.106		37.7636		88.1978		0.0715872		309.26		
00:00:01:699		6.82904e+06		100.864		37.4652		11.9654		0.0601454		309.223		
00:00:01:600		6.82935e+06		100.864		37.4652		11.9654		0.0601454		309.181		
00:00:01:500		6.82965e+06		100.628		37.4652		11.9654		0.0601454		309.15		
00:00:01:399		6.82992e+06		100.628		37.2242		0		0.0485124		309.145		
00:00:01:199		6.83038e+06		100.443		36.9518		0		0.0366688		309.159		
00:00:01:100		6.83057e+06		100.443		36.9518		0		0.0366688		309.175		
00:00:01:100		6.83057e+06		100.443		36.9518		0		0.0366688		309.175		
00:00:01:000		6.83073e+06		100.23		36.9518		0		0.0366688		309.203		
00:00:00:900		6.83087e+06		100.23		36.6689		0		0.0245989		309.245		
00:00:00:849		6.83092e+06		100.23		36.6689		0		0.0245989		309.269		
00:00:00:750		6.83102e+06		99.989		36.6689		0		0.0245989		309.325		
00:00:00:650		6.83109e+06		99.989		36.4558		0		0.0123256		309.386		
00:00:00:550		6.83114e+06		99.989		36.4558		0		0.0123256		309.439		
00:00:00:400		6.83116e+06		99.7939		36.3834		0		0		309.534		
00:00:00:299		6.83116e+06		99.7939		36.3834		0		0		309.666		
00:00:00:200		6.83116e+06		100.069		36.3837		0		0		309.846		
00:00:00:100		6.83115e+06		100.069		36.3837		0		0		309.846		
00:00:00:000		6.83115e+06		100.069		36.3837		0		0		309.846		
00:00:00:000		6.83115e+06		100.069		36.3837		0		0		309.846		
00:00:00:000		6.83115e+06		100.069		36.3837		0		0		309.846		
00:00:00:000		6.83115e+06		100.069		36.3837		0		0		309.846		
00:00:00:000		6.83115e+06		100.069		36.3837		0		0		309.846		
