time 		rcpppzr		rcp054rcp007mnzoyout		rcv501std0102fvol		fwfrcp001gv		rcppmssga		msfsg(1)	
00:01:06:250		1.547810E+07		0.167511		2.85937		529.566		6.967800E+06		526.609	
00:01:06:250		1.547810E+07		0.167511		2.85937		529.566		6.967800E+06		526.609	
00:01:06:150		1.547810E+07		0.167513		2.85932		529.568		6.967790E+06		526.609	
00:01:06:049		1.547810E+07		0.167516		2.85923		529.568		6.967790E+06		526.609	
00:01:06:000		1.547810E+07		0.167518		2.85914		529.568		6.967790E+06		526.609	
00:01:05:849		1.547810E+07		0.167522		2.85909		529.568		6.967780E+06		526.609	
00:01:05:650		1.547810E+07		0.167528		2.859		529.569		6.967760E+06		526.609	
00:01:05:650		1.547810E+07		0.167528		2.859		529.569		6.967760E+06		526.609	
00:01:05:549		1.547810E+07		0.167531		2.85886		529.569		6.967760E+06		526.609	
00:01:05:450		1.547810E+07		0.167533		2.85881		529.569		6.967750E+06		526.609	
00:01:05:250		1.547810E+07		0.167539		2.85868		529.571		6.967740E+06		526.609	
00:01:05:250		1.547810E+07		0.167539		2.85868		529.571		6.967740E+06		526.609	
00:01:05:049		1.547810E+07		0.167544		2.85854		529.573		6.967730E+06		526.609	
00:01:05:049		1.547810E+07		0.167544		2.85854		529.573		6.967730E+06		526.609	
00:01:04:950		1.547810E+07		0.167547		2.8584		529.573		6.967720E+06		526.608	
00:01:04:849		1.547810E+07		0.167549		2.85835		529.573		6.967720E+06		526.608	
00:01:04:750		1.547810E+07		0.167552		2.85831		529.573		6.967710E+06		526.608	
00:01:04:599		1.547810E+07		0.167556		2.85822		529.573		6.967700E+06		526.601	
00:01:04:549		1.547810E+07		0.167558		2.85817		529.573		6.967700E+06		526.609	
00:01:04:400		1.547800E+07		0.167562		2.85803		529.575		6.967690E+06		526.608	
00:01:04:299		1.547800E+07		0.167564		2.85794		529.575		6.967680E+06		526.608	
00:01:04:200		1.547800E+07		0.167567		2.85789		529.575		6.967680E+06		526.607	
00:01:04:099		1.547800E+07		0.16757		2.85785		529.575		6.967670E+06		526.608	
00:01:04:049		1.547800E+07		0.167571		2.85785		529.575		6.967670E+06		526.606	
00:01:03:950		1.547800E+07		0.167574		2.85775		529.577		6.967660E+06		526.6	
00:01:03:850		1.547800E+07		0.167577		2.85766		529.577		6.967650E+06		526.612	
00:01:03:750		1.547800E+07		0.16758		2.85753		529.577		6.967650E+06		526.61	
00:01:03:649		1.547800E+07		0.167583		2.85752		529.579		6.967640E+06		526.61	
00:01:03:549		1.547800E+07		0.167585		2.85743		529.579		6.967630E+06		526.609	
00:01:03:450		1.547800E+07		0.167588		2.85734		529.579		6.967630E+06		526.608	
00:01:03:350		1.547800E+07		0.167591		2.85729		529.579		6.967620E+06		526.589	
00:01:03:200		1.547800E+07		0.167595		2.85716		529.579		6.967610E+06		526.604	
00:01:03:100		1.547800E+07		0.167597		2.85715		529.579		6.967610E+06		526.612	
00:01:03:000		1.547800E+07		0.167601		2.85706		529.58		6.967600E+06		526.611	
00:01:02:899		1.547800E+07		0.167603		2.85693		529.58		6.967590E+06		526.606	
00:01:02:799		1.547800E+07		0.167606		2.85688		529.58		6.967590E+06		526.613	
00:01:02:700		1.547800E+07		0.167609		2.85683		529.582		6.967580E+06		526.613	
00:01:02:600		1.547800E+07		0.167612		2.85678		529.582		6.967570E+06		526.613	
00:01:02:500		1.547800E+07		0.167614		2.85669		529.582		6.967570E+06		526.613	
00:01:02:399		1.547800E+07		0.167617		2.85651		529.582		6.967560E+06		526.612	
00:01:02:299		1.547800E+07		0.167621		2.85647		529.584		6.967550E+06		526.606	
00:01:02:200		1.547800E+07		0.167624		2.85642		529.584		6.967550E+06		526.625	
00:01:02:100		1.547800E+07		0.167626		2.85637		529.584		6.967540E+06		526.615	
00:01:02:000		1.547790E+07		0.167629		2.85628		529.586		6.967530E+06		526.615	
00:01:01:899		1.547790E+07		0.167632		2.85619		529.586		6.967530E+06		526.615	
00:01:01:799		1.547790E+07		0.167634		2.85614		529.586		6.967520E+06		526.615	
00:01:01:700		1.547790E+07		0.167637		2.856		529.586		6.967510E+06		526.614	
00:01:01:600		1.547790E+07		0.167641		2.85591		529.586		6.967510E+06		526.605	
00:01:01:500		1.547790E+07		0.167643		2.85587		529.586		6.967500E+06		526.61	
00:01:01:399		1.547790E+07		0.167646		2.85582		529.588		6.967500E+06		526.618	
00:01:01:299		1.547790E+07		0.167649		2.85568		529.588		6.967490E+06		526.619	
00:01:01:200		1.547790E+07		0.167652		2.85563		529.588		6.967480E+06		526.62	
00:01:01:100		1.547790E+07		0.167656		2.85554		529.588		6.967480E+06		526.62	
00:01:01:000		1.547790E+07		0.167658		2.85549		529.59		6.967470E+06		526.621	
00:01:00:899		1.547790E+07		0.167662		2.85536		529.59		6.967460E+06		526.622	
00:01:00:799		1.547790E+07		0.167665		2.85531		529.59		6.967460E+06		526.622	
00:01:00:700		1.547790E+07		0.167668		2.85522		529.591		6.967450E+06		526.622	
00:01:00:700		1.547790E+07		0.167668		2.85522		529.591		6.967450E+06		526.622	
00:01:00:600		1.547790E+07		0.167671		2.85508		529.591		6.967440E+06		526.624	
00:01:00:399		1.547790E+07		0.167677		2.85494		529.591		6.967430E+06		526.623	
00:01:00:299		1.547790E+07		0.16768		2.8549		529.591		6.967420E+06		526.616	
00:01:00:200		1.547790E+07		0.167684		2.85476		529.591		6.967420E+06		526.625	
00:01:00:200		1.547790E+07		0.167684		2.85476		529.591		6.967420E+06		526.625	
00:01:00:100		1.547790E+07		0.167686		2.85467		529.593		6.967410E+06		526.625	
00:00:59:950		1.547790E+07		0.167691		2.85462		529.593		6.967400E+06		526.628	
00:00:59:850		1.547790E+07		0.167695		2.85453		529.593		6.967390E+06		526.629	
00:00:59:750		1.547790E+07		0.167698		2.85448		529.595		6.967380E+06		526.629	
00:00:59:649		1.547780E+07		0.167701		2.8543		529.595		6.967380E+06		526.63	
00:00:59:549		1.547780E+07		0.167704		2.85426		529.595		6.967370E+06		526.631	
00:00:59:350		1.547780E+07		0.167711		2.85412		529.597		6.967360E+06		526.631	
00:00:59:250		1.547780E+07		0.167714		2.85398		529.597		6.967350E+06		526.632	
00:00:59:250		1.547780E+07		0.167714		2.85398		529.597		6.967350E+06		526.632	
00:00:59:100		1.547780E+07		0.167719		2.85384		529.599		6.967340E+06		526.635	
00:00:59:100		1.547780E+07		0.167719		2.85384		529.599		6.967340E+06		526.635	
00:00:59:000		1.547780E+07		0.167723		2.85388		529.599		6.967330E+06		526.635	
00:00:58:899		1.547780E+07		0.167727		2.85375		529.599		6.967330E+06		526.636	
00:00:58:799		1.547780E+07		0.16773		2.8537		529.599		6.967320E+06		526.637	
00:00:58:600		1.547780E+07		0.167737		2.85356		529.601		6.967310E+06		526.64	
00:00:58:600		1.547780E+07		0.167737		2.85356		529.601		6.967310E+06		526.64	
00:00:58:500		1.547780E+07		0.167741		2.85347		529.601		6.967300E+06		526.64	
00:00:58:299		1.547780E+07		0.167748		2.85333		529.601		6.967290E+06		526.641	
00:00:58:200		1.547780E+07		0.167752		2.85319		529.601		6.967280E+06		526.641	
00:00:58:200		1.547780E+07		0.167752		2.85319		529.601		6.967280E+06		526.641	
00:00:58:100		1.547780E+07		0.167756		2.85315		529.601		6.967270E+06		526.644	
00:00:58:000		1.547780E+07		0.167759		2.85301		529.601		6.967270E+06		526.645	
00:00:57:850		1.547780E+07		0.167765		2.85301		529.603		6.967260E+06		526.646	
00:00:57:750		1.547780E+07		0.167769		2.85287		529.604		6.967250E+06		526.646	
00:00:57:649		1.547780E+07		0.167772		2.85274		529.604		6.967240E+06		526.635	
00:00:57:549		1.547780E+07		0.167778		2.85273		529.603		6.967230E+06		526.646	
00:00:57:549		1.547780E+07		0.167778		2.85273		529.603		6.967230E+06		526.646	
00:00:57:299		1.547780E+07		0.167787		2.85259		529.604		6.967220E+06		526.651	
00:00:57:200		1.547770E+07		0.16779		2.85246		529.604		6.967210E+06		526.655	
00:00:57:200		1.547770E+07		0.16779		2.85246		529.604		6.967210E+06		526.655	
00:00:57:100		1.547770E+07		0.167794		2.85237		529.606		6.967200E+06		526.655	
00:00:57:000		1.547770E+07		0.167799		2.85228		529.606		6.967200E+06		526.655	
00:00:56:899		1.547770E+07		0.167803		2.85218		529.606		6.967190E+06		526.655	
00:00:56:799		1.547770E+07		0.167807		2.85214		529.606		6.967180E+06		526.661	
00:00:56:700		1.547770E+07		0.167811		2.85209		529.608		6.967180E+06		526.658	
00:00:56:600		1.547770E+07		0.167815		2.852		529.608		6.967170E+06		526.662	
00:00:56:500		1.547770E+07		0.167819		2.85191		529.608		6.967160E+06		526.663	
00:00:56:399		1.547770E+07		0.167824		2.85186		529.608		6.967160E+06		526.663	
00:00:56:299		1.547770E+07		0.167829		2.85177		529.608		6.967150E+06		526.666	
00:00:56:200		1.547770E+07		0.167833		2.85177		529.61		6.967140E+06		526.667	
00:00:56:100		1.547770E+07		0.167837		2.85163		529.608		6.967140E+06		526.668	
00:00:56:000		1.547770E+07		0.167841		2.85158		529.61		6.967130E+06		526.668	
00:00:55:899		1.547770E+07		0.167846		2.85149		529.61		6.967120E+06		526.662	
00:00:55:799		1.547770E+07		0.16785		2.85145		529.61		6.967120E+06		526.672	
00:00:55:700		1.547770E+07		0.167855		2.85136		529.61		6.967110E+06		526.697	
00:00:55:600		1.547770E+07		0.16786		2.85126		529.61		6.967100E+06		526.679	
00:00:55:500		1.547770E+07		0.167864		2.85122		529.612		6.967100E+06		526.68	
00:00:55:399		1.547770E+07		0.167869		2.85117		529.612		6.967090E+06		526.682	
00:00:55:250		1.547770E+07		0.167876		2.85108		529.612		6.967080E+06		526.685	
00:00:55:149		1.547770E+07		0.167881		2.85103		529.612		6.967070E+06		526.686	
00:00:55:049		1.547770E+07		0.167885		2.85099		529.612		6.967070E+06		526.687	
00:00:54:950		1.547770E+07		0.167891		2.85094		529.612		6.967060E+06		526.69	
00:00:54:850		1.547770E+07		0.167896		2.85089		529.614		6.967050E+06		526.691	
00:00:54:750		1.547770E+07		0.167901		2.85085		529.614		6.967050E+06		526.692	
00:00:54:649		1.547770E+07		0.167905		2.8508		529.614		6.967040E+06		526.694	
00:00:54:549		1.547770E+07		0.167911		2.85071		529.614		6.967040E+06		526.695	
00:00:54:450		1.547770E+07		0.167915		2.85066		529.614		6.967030E+06		526.699	
00:00:54:350		1.547770E+07		0.16792		2.85066		529.614		6.967020E+06		526.701	
00:00:54:250		1.547760E+07		0.167925		2.85057		529.614		6.967020E+06		526.703	
00:00:54:149		1.547760E+07		0.167931		2.85057		529.614		6.967010E+06		526.704	
00:00:54:049		1.547760E+07		0.167935		2.85048		529.615		6.967000E+06		526.705	
00:00:53:950		1.547760E+07		0.167941		2.85043		529.615		6.967000E+06		526.707	
00:00:53:850		1.547760E+07		0.167946		2.85043		529.615		6.966990E+06		526.708	
00:00:53:750		1.547760E+07		0.167951		2.85029		529.615		6.966980E+06		526.708	
00:00:53:700		1.547760E+07		0.167954		2.85029		529.617		6.966980E+06		526.704	
00:00:53:600		1.547760E+07		0.167959		2.85025		529.617		6.966970E+06		526.711	
00:00:53:500		1.547760E+07		0.167964		2.8502		529.617		6.966970E+06		526.711	
00:00:53:299		1.547760E+07		0.167976		2.85011		529.617		6.966960E+06		526.712	
00:00:53:299		1.547760E+07		0.167976		2.85011		529.617		6.966960E+06		526.712	
00:00:53:149		1.547760E+07		0.167984		2.85006		529.617		6.966950E+06		526.718	
00:00:53:049		1.547760E+07		0.167989		2.84997		529.619		6.966940E+06		526.718	
00:00:52:950		1.547760E+07		0.167994		2.84997		529.619		6.966930E+06		526.716	
00:00:52:850		1.547760E+07		0.168		2.84992		529.619		6.966930E+06		526.723	
00:00:52:750		1.547760E+07		0.168006		2.84978		529.617		6.966920E+06		526.722	
00:00:52:649		1.547760E+07		0.168012		2.84978		529.619		6.966920E+06		526.724	
00:00:52:549		1.547760E+07		0.168017		2.84974		529.619		6.966910E+06		526.722	
00:00:52:450		1.547760E+07		0.168023		2.84973		529.619		6.966900E+06		526.731	
00:00:52:350		1.547760E+07		0.168029		2.8496		529.619		6.966900E+06		526.732	
00:00:52:250		1.547760E+07		0.168035		2.84955		529.619		6.966890E+06		526.731	
00:00:52:149		1.547760E+07		0.168041		2.84955		529.621		6.966880E+06		526.733	
00:00:52:049		1.547760E+07		0.168046		2.84955		529.621		6.966880E+06		526.726	
00:00:51:950		1.547760E+07		0.168053		2.84946		529.621		6.966870E+06		526.732	
00:00:51:850		1.547760E+07		0.168059		2.84937		529.621		6.966870E+06		526.741	
00:00:51:750		1.547760E+07		0.168065		2.84941		529.621		6.966860E+06		526.741	
00:00:51:649		1.547760E+07		0.168071		2.84932		529.623		6.966850E+06		526.744	
00:00:51:549		1.547760E+07		0.168077		2.84927		529.621		6.966850E+06		526.744	
00:00:51:350		1.547760E+07		0.168089		2.84918		529.623		6.966840E+06		526.746	
00:00:51:350		1.547760E+07		0.168089		2.84918		529.623		6.966840E+06		526.746	
00:00:51:200		1.547760E+07		0.168099		2.84914		529.623		6.966830E+06		526.753	
00:00:51:200		1.547760E+07		0.168099		2.84914		529.623		6.966830E+06		526.753	
00:00:51:100		1.547760E+07		0.168105		2.84909		529.623		6.966820E+06		526.755	
00:00:51:000		1.547760E+07		0.168111		2.84904		529.623		6.966820E+06		526.755	
00:00:50:899		1.547760E+07		0.168118		2.84895		529.623		6.966810E+06		526.758	
00:00:50:850		1.547760E+07		0.16812		2.84895		529.623		6.966810E+06		526.758	
00:00:50:600		1.547760E+07		0.168137		2.84886		529.623		6.966790E+06		526.762	
00:00:50:500		1.547760E+07		0.168143		2.84882		529.623		6.966790E+06		526.764	
00:00:50:500		1.547760E+07		0.168143		2.84882		529.623		6.966790E+06		526.764	
00:00:50:399		1.547760E+07		0.168149		2.84873		529.625		6.966780E+06		526.765	
00:00:50:200		1.547750E+07		0.168162		2.84863		529.625		6.966770E+06		526.769	
00:00:50:200		1.547750E+07		0.168162		2.84863		529.625		6.966770E+06		526.769	
00:00:50:000		1.547750E+07		0.168176		2.84854		529.625		6.966760E+06		526.771	
00:00:50:000		1.547750E+07		0.168176		2.84854		529.625		6.966760E+06		526.771	
00:00:49:899		1.547750E+07		0.168181		2.8485		529.625		6.966750E+06		526.767	
00:00:49:799		1.547750E+07		0.16819		2.84854		529.625		6.966750E+06		526.776	
00:00:49:700		1.547750E+07		0.168196		2.84845		529.625		6.966740E+06		526.777	
00:00:49:500		1.547750E+07		0.16821		2.84836		529.626		6.966730E+06		526.78	
00:00:49:500		1.547750E+07		0.16821		2.84836		529.626		6.966730E+06		526.78	
00:00:49:299		1.547750E+07		0.168223		2.84827		529.626		6.966720E+06		526.775	
00:00:49:200		1.547750E+07		0.16823		2.84822		529.626		6.966720E+06		526.785	
00:00:49:200		1.547750E+07		0.16823		2.84822		529.626		6.966720E+06		526.785	
00:00:49:100		1.547750E+07		0.168237		2.84817		529.626		6.966710E+06		526.786	
00:00:49:000		1.547750E+07		0.168244		2.84813		529.626		6.966700E+06		526.788	
00:00:48:899		1.547750E+07		0.168251		2.84808		529.626		6.966700E+06		526.789	
00:00:48:799		1.547750E+07		0.168258		2.84804		529.628		6.966690E+06		526.79	
00:00:48:700		1.547750E+07		0.168265		2.84799		529.628		6.966690E+06		526.79	
00:00:48:600		1.547750E+07		0.168272		2.8479		529.628		6.966680E+06		526.792	
00:00:48:500		1.547750E+07		0.168279		2.8479		529.63		6.966680E+06		526.792	
00:00:48:299		1.547750E+07		0.168293		2.84781		529.63		6.966670E+06		526.796	
00:00:48:200		1.547750E+07		0.168301		2.84772		529.628		6.966660E+06		526.796	
00:00:48:200		1.547750E+07		0.168301		2.84772		529.628		6.966660E+06		526.796	
00:00:48:100		1.547750E+07		0.168308		2.84772		529.63		6.966660E+06		526.78	
00:00:48:000		1.547750E+07		0.168315		2.84772		529.63		6.966650E+06		526.802	
00:00:47:899		1.547750E+07		0.168324		2.84767		529.63		6.966650E+06		526.803	
00:00:47:799		1.547750E+07		0.168331		2.84759		529.63		6.966640E+06		526.805	
00:00:47:700		1.547750E+07		0.168338		2.84758		529.63		6.966640E+06		526.806	
00:00:47:549		1.547750E+07		0.168349		2.84754		529.63		6.966630E+06		526.789	
00:00:47:450		1.547750E+07		0.168356		2.84745		529.63		6.966620E+06		526.811	
00:00:47:399		1.547750E+07		0.168361		2.84745		529.63		6.966620E+06		526.812	
00:00:47:250		1.547750E+07		0.168372		2.8474		529.63		6.966610E+06		526.824	
00:00:47:149		1.547750E+07		0.16838		2.84731		529.63		6.966610E+06		526.816	
00:00:47:049		1.547750E+07		0.168387		2.84727		529.63		6.966600E+06		526.818	
00:00:46:950		1.547750E+07		0.168395		2.84731		529.63		6.966600E+06		526.83	
00:00:46:850		1.547750E+07		0.168403		2.84722		529.63		6.966590E+06		526.84	
00:00:46:750		1.547750E+07		0.16841		2.84718		529.63		6.966590E+06		526.821	
00:00:46:649		1.547750E+07		0.168418		2.84713		529.632		6.966580E+06		526.822	
00:00:46:600		1.547750E+07		0.168422		2.84713		529.632		6.966580E+06		526.823	
00:00:46:500		1.547750E+07		0.168429		2.84709		529.632		6.966580E+06		526.825	
00:00:46:399		1.547750E+07		0.168438		2.84704		529.632		6.966570E+06		526.826	
00:00:46:250		1.547750E+07		0.168449		2.84695		529.632		6.966560E+06		526.827	
00:00:46:149		1.547750E+07		0.168458		2.84695		529.634		6.966560E+06		526.829	
00:00:46:049		1.547750E+07		0.168465		2.84686		529.634		6.966550E+06		526.831	
00:00:45:950		1.547750E+07		0.168474		2.84686		529.632		6.966550E+06		526.832	
00:00:45:850		1.547750E+07		0.168481		2.84682		529.634		6.966540E+06		526.841	
00:00:45:750		1.547750E+07		0.168489		2.84673		529.634		6.966540E+06		526.834	
00:00:45:649		1.547750E+07		0.168498		2.84673		529.634		6.966530E+06		526.836	
00:00:45:549		1.547750E+07		0.168505		2.84668		529.634		6.966530E+06		526.836	
00:00:45:450		1.547750E+07		0.168513		2.84668		529.634		6.966530E+06		526.837	
00:00:45:350		1.547750E+07		0.168521		2.84659		529.634		6.966520E+06		526.831	
00:00:45:250		1.547750E+07		0.16853		2.84655		529.634		6.966520E+06		526.846	
00:00:45:149		1.547750E+07		0.168538		2.84646		529.634		6.966510E+06		526.843	
00:00:45:049		1.547750E+07		0.168546		2.84646		529.636		6.966510E+06		526.843	
00:00:45:049		1.547750E+07		0.168546		2.84646		529.636		6.966510E+06		526.843	
00:00:44:950		1.547750E+07		0.168555		2.84646		529.636		6.966500E+06		526.845	
00:00:44:799		1.547750E+07		0.168567		2.84646		529.636		6.966500E+06		526.845	
00:00:44:700		1.547750E+07		0.168576		2.84637		529.636		6.966490E+06		526.844	
00:00:44:549		1.547750E+07		0.168589		2.84628		529.634		6.966480E+06		526.849	
00:00:44:299		1.547750E+07		0.16861		2.84619		529.636		6.966470E+06		526.853	
00:00:44:299		1.547750E+07		0.16861		2.84619		529.636		6.966470E+06		526.853	
00:00:44:200		1.547750E+07		0.168618		2.84614		529.636		6.966470E+06		526.855	
00:00:44:200		1.547750E+07		0.168618		2.84614		529.636		6.966470E+06		526.855	
00:00:44:000		1.547750E+07		0.168635		2.8461		529.636		6.966460E+06		526.857	
00:00:44:000		1.547750E+07		0.168635		2.8461		529.636		6.966460E+06		526.857	
00:00:43:899		1.547750E+07		0.168644		2.84605		529.636		6.966450E+06		526.858	
00:00:43:799		1.547750E+07		0.168653		2.84596		529.636		6.966450E+06		526.859	
00:00:43:700		1.547750E+07		0.168661		2.84592		529.636		6.966450E+06		526.86	
00:00:43:600		1.547750E+07		0.16867		2.84592		529.636		6.966440E+06		526.86	
00:00:43:500		1.547750E+07		0.168678		2.84592		529.638		6.966440E+06		526.855	
00:00:43:299		1.547750E+07		0.168696		2.84583		529.638		6.966430E+06		526.862	
00:00:43:200		1.547750E+07		0.168705		2.84579		529.638		6.966420E+06		526.866	
00:00:43:200		1.547750E+07		0.168705		2.84579		529.638		6.966420E+06		526.866	
00:00:43:100		1.547750E+07		0.168714		2.84574		529.638		6.966420E+06		526.866	
00:00:43:000		1.547750E+07		0.168723		2.8457		529.638		6.966410E+06		526.86	
00:00:42:899		1.547750E+07		0.168732		2.8457		529.638		6.966410E+06		526.869	
00:00:42:799		1.547750E+07		0.16874		2.84565		529.638		6.966410E+06		526.869	
00:00:42:700		1.547750E+07		0.16875		2.84565		529.638		6.966400E+06		526.868	
00:00:42:600		1.547750E+07		0.168759		2.84556		529.638		6.966400E+06		526.863	
00:00:42:500		1.547750E+07		0.168768		2.84556		529.638		6.966390E+06		526.874	
00:00:42:399		1.547750E+07		0.168777		2.84552		529.638		6.966390E+06		526.875	
00:00:42:250		1.547750E+07		0.168791		2.84547		529.638		6.966380E+06		526.877	
00:00:42:149		1.547750E+07		0.168799		2.84543		529.638		6.966380E+06		526.879	
00:00:42:049		1.547750E+07		0.168809		2.84543		529.638		6.966370E+06		526.88	
00:00:41:950		1.547750E+07		0.168818		2.84539		529.638		6.966370E+06		526.879	
00:00:41:850		1.547750E+07		0.168827		2.84534		529.639		6.966370E+06		526.88	
00:00:41:750		1.547750E+07		0.168836		2.8453		529.639		6.966360E+06		526.875	
00:00:41:649		1.547750E+07		0.168845		2.84526		529.639		6.966360E+06		526.884	
00:00:41:549		1.547750E+07		0.168855		2.84517		529.639		6.966350E+06		526.884	
00:00:41:450		1.547750E+07		0.168864		2.84512		529.639		6.966350E+06		526.884	
00:00:41:350		1.547750E+07		0.168873		2.84508		529.639		6.966350E+06		526.885	
00:00:41:250		1.547750E+07		0.168883		2.84508		529.639		6.966340E+06		526.884	
00:00:41:149		1.547750E+07		0.168893		2.84503		529.639		6.966340E+06		526.892	
00:00:41:049		1.547750E+07		0.168902		2.84503		529.639		6.966330E+06		526.884	
00:00:40:950		1.547750E+07		0.168911		2.84504		529.639		6.966330E+06		526.892	
00:00:40:850		1.547750E+07		0.168921		2.84499		529.639		6.966330E+06		526.893	
00:00:40:750		1.547750E+07		0.168931		2.84495		529.639		6.966320E+06		526.894	
00:00:40:649		1.547750E+07		0.16894		2.8449		529.639		6.966320E+06		526.895	
00:00:40:549		1.547750E+07		0.16895		2.8449		529.639		6.966310E+06		526.896	
00:00:40:450		1.547750E+07		0.16896		2.84486		529.639		6.966310E+06		526.896	
00:00:40:350		1.547750E+07		0.16897		2.84482		529.639		6.966310E+06		526.896	
00:00:40:250		1.547750E+07		0.168979		2.84477		529.639		6.966300E+06		526.898	
00:00:40:149		1.547750E+07		0.168989		2.84477		529.641		6.966300E+06		526.893	
00:00:40:049		1.547750E+07		0.168998		2.84473		529.641		6.966290E+06		526.903	
00:00:39:950		1.547750E+07		0.169008		2.84468		529.641		6.966290E+06		526.895	
00:00:39:850		1.547750E+07		0.169018		2.84464		529.641		6.966290E+06		526.912	
00:00:39:750		1.547750E+07		0.169028		2.8446		529.641		6.966280E+06		526.904	
00:00:39:649		1.547750E+07		0.169037		2.84455		529.641		6.966280E+06		526.905	
00:00:39:549		1.547750E+07		0.169047		2.84455		529.641		6.966280E+06		526.906	
00:00:39:450		1.547750E+07		0.169057		2.84451		529.641		6.966270E+06		526.907	
00:00:39:450		1.547750E+07		0.169057		2.84451		529.641		6.966270E+06		526.907	
00:00:39:200		1.547750E+07		0.169082		2.84438		529.641		6.966260E+06		526.908	
00:00:39:200		1.547750E+07		0.169082		2.84438		529.641		6.966260E+06		526.908	
00:00:39:100		1.547750E+07		0.169092		2.84434		529.641		6.966260E+06		526.909	
00:00:39:000		1.547750E+07		0.169102		2.84434		529.643		6.966260E+06		526.917	
00:00:38:899		1.547750E+07		0.169112		2.84434		529.643		6.966250E+06		526.9	
00:00:38:700		1.547750E+07		0.169132		2.84425		529.643		6.966250E+06		526.911	
00:00:38:700		1.547750E+07		0.169132		2.84425		529.643		6.966250E+06		526.911	
00:00:38:600		1.547750E+07		0.169142		2.84421		529.643		6.966240E+06		526.917	
00:00:38:399		1.547750E+07		0.169162		2.84416		529.643		6.966230E+06		526.913	
00:00:38:399		1.547750E+07		0.169162		2.84416		529.643		6.966230E+06		526.913	
00:00:38:200		1.547750E+07		0.169182		2.84412		529.643		6.966230E+06		526.916	
00:00:38:200		1.547750E+07		0.169182		2.84412		529.643		6.966230E+06		526.916	
00:00:38:100		1.547750E+07		0.169192		2.84408		529.643		6.966220E+06		526.917	
00:00:38:000		1.547750E+07		0.169202		2.84403		529.643		6.966220E+06		526.917	
00:00:37:899		1.547750E+07		0.169213		2.84399		529.645		6.966220E+06		526.923	
00:00:37:799		1.547750E+07		0.169223		2.84399		529.645		6.966210E+06		526.919	
00:00:37:700		1.547750E+07		0.169233		2.84395		529.643		6.966210E+06		526.919	
00:00:37:600		1.547750E+07		0.169243		2.8439		529.643		6.966210E+06		526.918	
00:00:37:500		1.547750E+07		0.169253		2.84386		529.645		6.966200E+06		526.921	
00:00:37:399		1.547750E+07		0.169264		2.84382		529.645		6.966200E+06		526.92	
00:00:37:200		1.547760E+07		0.169284		2.84377		529.645		6.966190E+06		526.922	
00:00:37:200		1.547760E+07		0.169284		2.84377		529.645		6.966190E+06		526.922	
00:00:37:100		1.547760E+07		0.169295		2.84378		529.645		6.966190E+06		526.922	
00:00:37:000		1.547760E+07		0.169305		2.84373		529.645		6.966190E+06		526.923	
00:00:36:899		1.547760E+07		0.169316		2.84369		529.645		6.966180E+06		526.93	
00:00:36:799		1.547760E+07		0.169326		2.84365		529.645		6.966180E+06		526.926	
00:00:36:649		1.547760E+07		0.169342		2.8436		529.647		6.966180E+06		526.926	
00:00:36:549		1.547760E+07		0.169353		2.84356		529.647		6.966170E+06		526.927	
00:00:36:450		1.547760E+07		0.169363		2.84356		529.647		6.966170E+06		526.926	
00:00:36:350		1.547760E+07		0.169374		2.84352		529.647		6.966170E+06		526.933	
00:00:36:299		1.547760E+07		0.169379		2.84352		529.647		6.966160E+06		526.929	
00:00:36:149		1.547760E+07		0.169395		2.84348		529.647		6.966160E+06		526.928	
00:00:36:049		1.547760E+07		0.169405		2.84343		529.649		6.966160E+06		526.931	
00:00:35:950		1.547760E+07		0.169416		2.84339		529.649		6.966150E+06		526.932	
00:00:35:850		1.547760E+07		0.169426		2.84335		529.649		6.966150E+06		526.931	
00:00:35:750		1.547760E+07		0.169437		2.84335		529.649		6.966150E+06		526.931	
00:00:35:649		1.547760E+07		0.169448		2.8433		529.649		6.966140E+06		526.925	
00:00:35:549		1.547760E+07		0.169458		2.84326		529.649		6.966140E+06		526.945	
00:00:35:450		1.547760E+07		0.169469		2.84326		529.649		6.966140E+06		526.933	
00:00:35:350		1.547760E+07		0.169479		2.84322		529.649		6.966130E+06		526.934	
00:00:35:250		1.547760E+07		0.16949		2.84313		529.65		6.966130E+06		526.934	
00:00:35:149		1.547760E+07		0.169501		2.84313		529.65		6.966130E+06		526.936	
00:00:35:049		1.547760E+07		0.169512		2.84313		529.65		6.966130E+06		526.936	
00:00:34:950		1.547760E+07		0.169522		2.84309		529.65		6.966120E+06		526.936	
00:00:34:850		1.547760E+07		0.169533		2.84309		529.65		6.966120E+06		526.935	
00:00:34:750		1.547760E+07		0.169544		2.84305		529.65		6.966120E+06		526.937	
00:00:34:649		1.547760E+07		0.169555		2.84301		529.65		6.966110E+06		526.937	
00:00:34:549		1.547760E+07		0.169565		2.84296		529.652		6.966110E+06		526.937	
00:00:34:450		1.547760E+07		0.169576		2.84296		529.652		6.966110E+06		526.938	
00:00:34:350		1.547760E+07		0.169587		2.84288		529.652		6.966100E+06		526.938	
00:00:34:200		1.547760E+07		0.169603		2.84288		529.652		6.966100E+06		526.937	
00:00:34:200		1.547760E+07		0.169603		2.84288		529.652		6.966100E+06		526.937	
00:00:34:049		1.547760E+07		0.16962		2.84279		529.652		6.966090E+06		526.925	
00:00:33:950		1.547760E+07		0.169631		2.8428		529.652		6.966090E+06		526.94	
00:00:33:850		1.547760E+07		0.169641		2.84275		529.652		6.966090E+06		526.94	
00:00:33:750		1.547760E+07		0.169652		2.84271		529.654		6.966090E+06		526.941	
00:00:33:649		1.547760E+07		0.169663		2.84267		529.654		6.966080E+06		526.941	
00:00:33:549		1.547760E+07		0.169674		2.84267		529.654		6.966080E+06		526.942	
00:00:33:450		1.547760E+07		0.169684		2.84263		529.654		6.966080E+06		526.942	
00:00:33:350		1.547760E+07		0.169695		2.84263		529.654		6.966070E+06		526.942	
00:00:33:200		1.547770E+07		0.169712		2.84254		529.656		6.966070E+06		526.942	
00:00:33:200		1.547770E+07		0.169712		2.84254		529.656		6.966070E+06		526.942	
00:00:33:100		1.547770E+07		0.169723		2.8425		529.656		6.966070E+06		526.942	
00:00:33:000		1.547770E+07		0.169734		2.84254		529.656		6.966060E+06		526.943	
00:00:32:899		1.547770E+07		0.169744		2.84255		529.656		6.966060E+06		526.943	
00:00:32:799		1.547770E+07		0.169756		2.84246		529.656		6.966060E+06		526.943	
00:00:32:700		1.547770E+07		0.169766		2.84242		529.656		6.966060E+06		526.943	
00:00:32:600		1.547770E+07		0.169777		2.84237		529.656		6.966050E+06		526.938	
00:00:32:500		1.547770E+07		0.169788		2.84237		529.658		6.966050E+06		526.943	
00:00:32:299		1.547770E+07		0.16981		2.84233		529.658		6.966050E+06		526.945	
00:00:32:200		1.547770E+07		0.169821		2.84229		529.658		6.966040E+06		526.945	
00:00:32:200		1.547770E+07		0.169821		2.84229		529.658		6.966040E+06		526.945	
00:00:32:100		1.547770E+07		0.169832		2.84225		529.66		6.966040E+06		526.945	
00:00:32:000		1.547770E+07		0.169843		2.84225		529.66		6.966040E+06		526.945	
00:00:31:899		1.547770E+07		0.169854		2.84225		529.66		6.966030E+06		526.945	
00:00:31:800		1.547770E+07		0.169866		2.84221		529.66		6.966030E+06		526.946	
00:00:31:699		1.547770E+07		0.169876		2.84217		529.66		6.966030E+06		526.945	
00:00:31:600		1.547770E+07		0.169887		2.84212		529.661		6.966030E+06		526.946	
00:00:31:500		1.547770E+07		0.169899		2.84213		529.661		6.966020E+06		526.945	
00:00:31:300		1.547770E+07		0.16992		2.84204		529.663		6.966020E+06		526.944	
00:00:31:199		1.547770E+07		0.169931		2.842		529.663		6.966020E+06		526.938	
00:00:31:199		1.547770E+07		0.169931		2.842		529.663		6.966020E+06		526.938	
00:00:31:050		1.547770E+07		0.169948		2.84196		529.663		6.966010E+06		526.947	
00:00:30:949		1.547770E+07		0.169959		2.84196		529.663		6.966010E+06		526.946	
00:00:30:850		1.547770E+07		0.16997		2.84192		529.663		6.966010E+06		526.946	
00:00:30:750		1.547770E+07		0.169981		2.84192		529.665		6.966000E+06		526.946	
00:00:30:649		1.547770E+07		0.169991		2.84188		529.665		6.966000E+06		526.946	
00:00:30:550		1.547770E+07		0.170002		2.84183		529.665		6.966000E+06		526.944	
00:00:30:449		1.547770E+07		0.170013		2.84184		529.665		6.966000E+06		526.944	
00:00:30:350		1.547770E+07		0.170024		2.84184		529.667		6.965990E+06		526.938	
00:00:30:250		1.547770E+07		0.170035		2.84179		529.667		6.965990E+06		526.946	
00:00:30:149		1.547770E+07		0.170046		2.84175		529.667		6.965990E+06		526.946	
00:00:30:050		1.547770E+07		0.170057		2.84171		529.667		6.965990E+06		526.945	
00:00:29:949		1.547770E+07		0.170068		2.84171		529.669		6.965980E+06		526.945	
00:00:29:850		1.547780E+07		0.170079		2.84171		529.669		6.965980E+06		526.944	
00:00:29:750		1.547780E+07		0.17009		2.84167		529.669		6.965980E+06		526.944	
00:00:29:649		1.547780E+07		0.170101		2.84167		529.669		6.965980E+06		526.943	
00:00:29:550		1.547780E+07		0.170112		2.84163		529.671		6.965970E+06		526.942	
00:00:29:449		1.547780E+07		0.170123		2.84159		529.671		6.965970E+06		526.948	
00:00:29:350		1.547780E+07		0.170134		2.84155		529.671		6.965970E+06		526.937	
00:00:29:250		1.547780E+07		0.170145		2.84155		529.672		6.965970E+06		526.944	
00:00:29:149		1.547780E+07		0.170155		2.84155		529.672		6.965960E+06		526.934	
00:00:29:050		1.547780E+07		0.170166		2.84151		529.672		6.965960E+06		526.934	
00:00:28:949		1.547780E+07		0.170177		2.84151		529.674		6.965960E+06		526.947	
00:00:28:850		1.547780E+07		0.170188		2.84147		529.674		6.965960E+06		526.936	
00:00:28:750		1.547780E+07		0.170199		2.84142		529.674		6.965950E+06		526.943	
00:00:28:750		1.547780E+07		0.170199		2.84142		529.674		6.965950E+06		526.943	
00:00:28:600		1.547780E+07		0.170215		2.84143		529.676		6.965950E+06		526.941	
00:00:28:500		1.547780E+07		0.170226		2.84138		529.676		6.965950E+06		526.94	
00:00:28:399		1.547780E+07		0.170236		2.84134		529.676		6.965940E+06		526.94	
00:00:28:199		1.547780E+07		0.170258		2.84135		529.678		6.965940E+06		526.934	
00:00:28:199		1.547780E+07		0.170258		2.84135		529.678		6.965940E+06		526.934	
00:00:28:100		1.547780E+07		0.170269		2.8413		529.678		6.965940E+06		526.941	
00:00:28:000		1.547780E+07		0.17028		2.8413		529.68		6.965930E+06		526.94	
00:00:27:899		1.547780E+07		0.17029		2.84126		529.68		6.965930E+06		526.939	
00:00:27:800		1.547780E+07		0.170301		2.84126		529.682		6.965930E+06		526.939	
00:00:27:699		1.547780E+07		0.170311		2.84122		529.682		6.965930E+06		526.938	
00:00:27:600		1.547780E+07		0.170322		2.84122		529.684		6.965920E+06		526.937	
00:00:27:500		1.547780E+07		0.170333		2.84118		529.684		6.965920E+06		526.936	
00:00:27:300		1.547780E+07		0.170354		2.84119		529.684		6.965920E+06		526.931	
00:00:27:199		1.547780E+07		0.170365		2.84119		529.685		6.965910E+06		526.938	
00:00:27:199		1.547780E+07		0.170365		2.84119		529.685		6.965910E+06		526.938	
00:00:27:100		1.547780E+07		0.170375		2.84114		529.685		6.965910E+06		526.937	
00:00:27:000		1.547780E+07		0.170385		2.8411		529.687		6.965910E+06		526.936	
00:00:26:899		1.547780E+07		0.170396		2.8411		529.687		6.965910E+06		526.936	
00:00:26:800		1.547790E+07		0.170407		2.84106		529.687		6.965900E+06		526.935	
00:00:26:699		1.547790E+07		0.170417		2.84111		529.689		6.965900E+06		526.934	
00:00:26:600		1.547790E+07		0.170428		2.84107		529.689		6.965900E+06		526.933	
00:00:26:500		1.547790E+07		0.170438		2.84102		529.689		6.965900E+06		526.932	
00:00:26:399		1.547790E+07		0.170449		2.84098		529.691		6.965890E+06		526.932	
00:00:26:199		1.547790E+07		0.170469		2.84094		529.691		6.965890E+06		526.93	
00:00:26:199		1.547790E+07		0.170469		2.84094		529.691		6.965890E+06		526.93	
00:00:26:100		1.547790E+07		0.17048		2.84094		529.693		6.965890E+06		526.929	
00:00:26:000		1.547790E+07		0.17049		2.84099		529.693		6.965880E+06		526.928	
00:00:25:899		1.547790E+07		0.170501		2.84094		529.695		6.965880E+06		526.927	
00:00:25:800		1.547790E+07		0.170511		2.84095		529.695		6.965880E+06		526.925	
00:00:25:699		1.547790E+07		0.170522		2.8409		529.695		6.965880E+06		526.931	
00:00:25:600		1.547790E+07		0.170532		2.84086		529.696		6.965870E+06		526.938	
00:00:25:449		1.547790E+07		0.170547		2.84082		529.698		6.965870E+06		526.918	
00:00:25:300		1.547790E+07		0.170562		2.84082		529.7		6.965870E+06		526.926	
00:00:25:199		1.547790E+07		0.170573		2.84078		529.7		6.965860E+06		526.925	
00:00:25:199		1.547790E+07		0.170573		2.84078		529.7		6.965860E+06		526.925	
00:00:25:100		1.547790E+07		0.170582		2.84083		529.7		6.965860E+06		526.924	
00:00:24:949		1.547790E+07		0.170598		2.84083		529.702		6.965860E+06		526.922	
00:00:24:899		1.547790E+07		0.170603		2.84083		529.704		6.965860E+06		526.922	
00:00:24:800		1.547790E+07		0.170613		2.84079		529.704		6.965850E+06		526.921	
00:00:24:649		1.547790E+07		0.170628		2.84075		529.706		6.965850E+06		526.92	
00:00:24:550		1.547790E+07		0.170638		2.84075		529.708		6.965850E+06		526.918	
00:00:24:449		1.547790E+07		0.170649		2.84075		529.708		6.965840E+06		526.917	
00:00:24:250		1.547790E+07		0.170668		2.84071		529.709		6.965840E+06		526.915	
00:00:24:149		1.547790E+07		0.170678		2.84071		529.711		6.965840E+06		526.914	
00:00:24:149		1.547790E+07		0.170678		2.84071		529.711		6.965840E+06		526.914	
00:00:24:050		1.547790E+07		0.170688		2.84067		529.711		6.965830E+06		526.913	
00:00:23:949		1.547790E+07		0.170698		2.84062		529.713		6.965830E+06		526.907	
00:00:23:850		1.547790E+07		0.170708		2.84063		529.715		6.965830E+06		526.913	
00:00:23:750		1.547790E+07		0.170717		2.84063		529.715		6.965830E+06		526.911	
00:00:23:649		1.547790E+07		0.170727		2.84067		529.717		6.965820E+06		526.911	
00:00:23:550		1.547790E+07		0.170737		2.84063		529.719		6.965820E+06		526.91	
00:00:23:449		1.547790E+07		0.170746		2.84059		529.719		6.965820E+06		526.908	
00:00:23:350		1.547800E+07		0.170756		2.84059		529.72		6.965810E+06		526.907	
00:00:23:250		1.547800E+07		0.170766		2.84055		529.72		6.965810E+06		526.905	
00:00:23:149		1.547800E+07		0.170775		2.84055		529.722		6.965810E+06		526.904	
00:00:23:050		1.547800E+07		0.170785		2.8406		529.724		6.965810E+06		526.902	
00:00:22:949		1.547800E+07		0.170795		2.8406		529.724		6.965800E+06		526.901	
00:00:22:850		1.547800E+07		0.170805		2.84055		529.726		6.965800E+06		526.9	
00:00:22:750		1.547800E+07		0.170814		2.84051		529.728		6.965800E+06		526.898	
00:00:22:649		1.547800E+07		0.170824		2.84051		529.728		6.965790E+06		526.896	
00:00:22:550		1.547800E+07		0.170833		2.84051		529.73		6.965790E+06		526.894	
00:00:22:449		1.547800E+07		0.170843		2.84051		529.73		6.965790E+06		526.892	
00:00:22:350		1.547800E+07		0.170852		2.84047		529.731		6.965790E+06		526.891	
00:00:22:250		1.547800E+07		0.170861		2.84052		529.733		6.965780E+06		526.89	
00:00:22:199		1.547800E+07		0.170861		2.84052		529.733		6.965780E+06		526.89	
00:00:22:050		1.547800E+07		0.17088		2.84048		529.735		6.965780E+06		526.875	
00:00:21:949		1.547800E+07		0.17089		2.84043		529.737		6.965770E+06		526.887	
00:00:21:850		1.547800E+07		0.170899		2.84043		529.737		6.965770E+06		526.888	
00:00:21:750		1.547800E+07		0.170909		2.84039		529.739		6.965770E+06		526.887	
00:00:21:649		1.547800E+07		0.170918		2.84035		529.741		6.965760E+06		526.885	
00:00:21:550		1.547800E+07		0.170927		2.84035		529.741		6.965760E+06		526.884	
00:00:21:449		1.547800E+07		0.170937		2.84031		529.742		6.965760E+06		526.877	
00:00:21:350		1.547800E+07		0.170946		2.84035		529.744		6.965750E+06		526.883	
00:00:21:250		1.547800E+07		0.170955		2.84035		529.746		6.965750E+06		526.882	
00:00:21:149		1.547800E+07		0.170964		2.84031		529.746		6.965750E+06		526.881	
00:00:21:050		1.547800E+07		0.170973		2.84027		529.748		6.965750E+06		526.879	
00:00:20:949		1.547800E+07		0.170983		2.84031		529.75		6.965740E+06		526.877	
00:00:20:850		1.547800E+07		0.170991		2.84027		529.754		6.965740E+06		526.875	
00:00:20:750		1.547800E+07		0.171		2.84023		529.754		6.965740E+06		526.86	
00:00:20:750		1.547800E+07		0.171		2.84023		529.754		6.965740E+06		526.86	
00:00:20:600		1.547800E+07		0.171014		2.84023		529.755		6.965730E+06		526.873	
00:00:20:399		1.547800E+07		0.171032		2.84019		529.759		6.965720E+06		526.872	
00:00:20:399		1.547800E+07		0.171032		2.84019		529.759		6.965720E+06		526.872	
00:00:20:199		1.547800E+07		0.171051		2.84023		529.761		6.965720E+06		526.869	
00:00:20:199		1.547800E+07		0.171051		2.84023		529.761		6.965720E+06		526.869	
00:00:20:149		1.547800E+07		0.171059		2.84019		529.763		6.965710E+06		526.867	
00:00:20:000		1.547800E+07		0.171069		2.84015		529.765		6.965710E+06		526.864	
00:00:19:899		1.547800E+07		0.171077		2.84006		529.765		6.965710E+06		526.871	
00:00:19:699		1.547800E+07		0.171095		2.84011		529.768		6.965700E+06		526.864	
00:00:19:699		1.547800E+07		0.171095		2.84011		529.768		6.965700E+06		526.864	
00:00:19:600		1.547800E+07		0.171104		2.84006		529.77		6.965700E+06		526.862	
00:00:19:500		1.547800E+07		0.171113		2.84002		529.772		6.965690E+06		526.86	
00:00:19:399		1.547800E+07		0.171122		2.83998		529.774		6.965690E+06		526.853	
00:00:19:199		1.547800E+07		0.171139		2.83993		529.776		6.965680E+06		526.859	
00:00:19:199		1.547800E+07		0.171139		2.83993		529.776		6.965680E+06		526.859	
00:00:19:100		1.547800E+07		0.171148		2.83989		529.777		6.965680E+06		526.857	
00:00:19:000		1.547800E+07		0.171157		2.83989		529.779		6.965680E+06		526.856	
00:00:18:899		1.547800E+07		0.171166		2.83985		529.781		6.965670E+06		526.855	
00:00:18:800		1.547800E+07		0.171175		2.8398		529.783		6.965670E+06		526.855	
00:00:18:699		1.547800E+07		0.171184		2.83976		529.783		6.965670E+06		526.854	
00:00:18:500		1.547800E+07		0.171192		2.83972		529.785		6.965660E+06		526.853	
00:00:18:500		1.547800E+07		0.171201		2.83967		529.787		6.965660E+06		526.851	
00:00:18:300		1.547810E+07		0.171218		2.83968		529.79		6.965650E+06		526.849	
00:00:18:149		1.547810E+07		0.171231		2.83963		529.792		6.965650E+06		526.847	
00:00:18:149		1.547810E+07		0.171231		2.83963		529.792		6.965650E+06		526.847	
00:00:18:050		1.547810E+07		0.171239		2.83955		529.794		6.965640E+06		526.845	
00:00:17:949		1.547810E+07		0.171248		2.8395		529.796		6.965640E+06		526.844	
00:00:17:850		1.547810E+07		0.171256		2.8395		529.798		6.965630E+06		526.844	
00:00:17:750		1.547810E+07		0.171265		2.83946		529.8		6.965630E+06		526.843	
00:00:17:649		1.547810E+07		0.171274		2.83946		529.801		6.965630E+06		526.841	
00:00:17:550		1.547810E+07		0.171282		2.83937		529.803		6.965620E+06		526.839	
00:00:17:449		1.547810E+07		0.17129		2.83937		529.805		6.965620E+06		526.832	
00:00:17:350		1.547810E+07		0.171299		2.83933		529.807		6.965620E+06		526.838	
00:00:17:149		1.547810E+07		0.171316		2.83924		529.811		6.965610E+06		526.837	
00:00:17:149		1.547810E+07		0.171316		2.83924		529.811		6.965610E+06		526.837	
00:00:17:050		1.547810E+07		0.171324		2.83924		529.812		6.965600E+06		526.836	
00:00:16:949		1.547810E+07		0.171333		2.83924		529.814		6.965600E+06		526.834	
00:00:16:850		1.547810E+07		0.171341		2.8392		529.816		6.965600E+06		526.832	
00:00:16:750		1.547810E+07		0.17135		2.83916		529.818		6.965590E+06		526.824	
00:00:16:649		1.547810E+07		0.171358		2.83911		529.82		6.965590E+06		526.83	
00:00:16:550		1.547810E+07		0.171367		2.83907		529.822		6.965580E+06		526.831	
00:00:16:449		1.547810E+07		0.171375		2.83902		529.823		6.965580E+06		526.83	
00:00:16:300		1.547810E+07		0.171388		2.83903		529.825		6.965570E+06		526.826	
00:00:16:149		1.547810E+07		0.1714		2.83898		529.829		6.965570E+06		526.827	
00:00:16:149		1.547810E+07		0.1714		2.83898		529.829		6.965570E+06		526.827	
00:00:16:050		1.547810E+07		0.171408		2.83898		529.831		6.965560E+06		526.826	
00:00:15:949		1.547810E+07		0.171417		2.8389		529.833		6.965560E+06		526.825	
00:00:15:849		1.547810E+07		0.171425		2.83885		529.835		6.965560E+06		526.824	
00:00:15:750		1.547810E+07		0.171433		2.83885		529.836		6.965550E+06		526.822	
00:00:15:599		1.547810E+07		0.171445		2.83881		529.84		6.965550E+06		526.822	
00:00:15:599		1.547810E+07		0.171445		2.83881		529.84		6.965550E+06		526.822	
00:00:15:500		1.547810E+07		0.171454		2.83881		529.842		6.965540E+06		526.834	
00:00:15:400		1.547810E+07		0.171463		2.83877		529.844		6.965540E+06		526.832	
00:00:15:250		1.547810E+07		0.171475		2.83868		529.846		6.965530E+06		526.818	
00:00:15:150		1.547810E+07		0.171483		2.83868		529.847		6.965530E+06		526.823	
00:00:15:050		1.547810E+07		0.171492		2.83863		529.849		6.965520E+06		526.818	
00:00:14:900		1.547810E+07		0.171504		2.83859		529.853		6.965520E+06		526.817	
00:00:14:900		1.547810E+07		0.171504		2.83859		529.853		6.965520E+06		526.817	
00:00:14:800		1.547810E+07		0.171512		2.83855		529.855		6.965510E+06		526.817	
00:00:14:699		1.547810E+07		0.17152		2.83855		529.857		6.965510E+06		526.816	
00:00:14:599		1.547810E+07		0.171528		2.83851		529.858		6.965500E+06		526.815	
00:00:14:500		1.547810E+07		0.171537		2.83846		529.86		6.965500E+06		526.814	
00:00:14:400		1.547810E+07		0.171545		2.83846		529.862		6.965490E+06		526.815	
00:00:14:199		1.547810E+07		0.171561		2.83842		529.866		6.965490E+06		526.813	
00:00:14:199		1.547810E+07		0.171561		2.83842		529.866		6.965490E+06		526.813	
00:00:14:099		1.547810E+07		0.171569		2.83838		529.868		6.965480E+06		526.812	
00:00:14:000		1.547810E+07		0.171578		2.83829		529.871		6.965480E+06		526.811	
00:00:13:900		1.547810E+07		0.171586		2.83829		529.873		6.965470E+06		526.811	
00:00:13:800		1.547810E+07		0.171594		2.83829		529.875		6.965470E+06		526.81	
00:00:13:699		1.547810E+07		0.171603		2.83825		529.877		6.965460E+06		526.81	
00:00:13:599		1.547810E+07		0.171611		2.83825		529.879		6.965460E+06		526.808	
00:00:13:500		1.547810E+07		0.171619		2.8382		529.882		6.965460E+06		526.808	
00:00:13:400		1.547810E+07		0.171628		2.83816		529.884		6.965450E+06		526.808	
00:00:13:199		1.547810E+07		0.171644		2.83812		529.888		6.965440E+06		526.806	
00:00:13:199		1.547810E+07		0.171644		2.83812		529.888		6.965440E+06		526.806	
00:00:13:099		1.547810E+07		0.171652		2.83812		529.89		6.965440E+06		526.805	
00:00:13:000		1.547810E+07		0.17166		2.83807		529.893		6.965430E+06		526.805	
00:00:12:900		1.547810E+07		0.171669		2.83803		529.895		6.965430E+06		526.804	
00:00:12:800		1.547810E+07		0.171677		2.83799		529.897		6.965420E+06		526.803	
00:00:12:699		1.547810E+07		0.171685		2.83799		529.899		6.965420E+06		526.801	
00:00:12:599		1.547810E+07		0.171693		2.83794		529.901		6.965420E+06		526.815	
00:00:12:500		1.547810E+07		0.171701		2.83795		529.903		6.965410E+06		526.797	
00:00:12:400		1.547810E+07		0.17171		2.8379		529.906		6.965410E+06		526.803	
00:00:12:150		1.547810E+07		0.171731		2.83782		529.91		6.965400E+06		526.802	
00:00:12:150		1.547810E+07		0.171731		2.83782		529.91		6.965400E+06		526.802	
00:00:12:050		1.547810E+07		0.171739		2.83782		529.914		6.965390E+06		526.801	
00:00:11:949		1.547810E+07		0.171747		2.83777		529.916		6.965390E+06		526.801	
00:00:11:849		1.547820E+07		0.171756		2.83777		529.917		6.965380E+06		526.8	
00:00:11:750		1.547820E+07		0.171764		2.83773		529.919		6.965380E+06		526.8	
00:00:11:650		1.547820E+07		0.171773		2.83768		529.923		6.965370E+06		526.8	
00:00:11:550		1.547820E+07		0.171781		2.83769		529.925		6.965370E+06		526.798	
00:00:11:449		1.547820E+07		0.171789		2.83769		529.927		6.965360E+06		526.798	
00:00:11:349		1.547820E+07		0.171798		2.83764		529.928		6.965360E+06		526.797	
00:00:11:150		1.547820E+07		0.171815		2.8376		529.934		6.965350E+06		526.795	
00:00:11:150		1.547820E+07		0.171815		2.8376		529.934		6.965350E+06		526.795	
00:00:11:050		1.547820E+07		0.171823		2.83756		529.936		6.965340E+06		526.79	
00:00:10:949		1.547820E+07		0.171832		2.83756		529.938		6.965340E+06		526.797	
00:00:10:849		1.547820E+07		0.17184		2.83756		529.941		6.965340E+06		526.796	
00:00:10:750		1.547820E+07		0.171848		2.83752		529.943		6.965330E+06		526.796	
00:00:10:650		1.547820E+07		0.171857		2.83743		529.945		6.965330E+06		526.795	
00:00:10:550		1.547820E+07		0.171865		2.83748		529.949		6.965320E+06		526.794	
00:00:10:449		1.547820E+07		0.171874		2.83743		529.951		6.965320E+06		526.792	
00:00:10:349		1.547820E+07		0.171882		2.83739		529.952		6.965310E+06		526.791	
00:00:10:150		1.547820E+07		0.171899		2.83735		529.958		6.965300E+06		526.794	
00:00:10:150		1.547820E+07		0.171899		2.83735		529.958		6.965300E+06		526.794	
00:00:10:050		1.547820E+07		0.171908		2.83735		529.96		6.965300E+06		526.789	
00:00:09:949		1.547820E+07		0.171917		2.8373		529.963		6.965290E+06		526.788	
00:00:09:849		1.547820E+07		0.171926		2.83726		529.965		6.965290E+06		526.794	
00:00:09:750		1.547820E+07		0.171935		2.83726		529.967		6.965280E+06		526.785	
00:00:09:650		1.547820E+07		0.171944		2.83722		529.971		6.965280E+06		526.792	
00:00:09:550		1.547820E+07		0.171952		2.83722		529.973		6.965270E+06		526.791	
00:00:09:449		1.547820E+07		0.171961		2.83722		529.974		6.965270E+06		526.784	
00:00:09:250		1.547820E+07		0.171978		2.83718		529.98		6.965260E+06		526.792	
00:00:09:150		1.547820E+07		0.171988		2.83714		529.982		6.965250E+06		526.791	
00:00:09:150		1.547820E+07		0.171988		2.83714		529.982		6.965250E+06		526.791	
00:00:09:050		1.547820E+07		0.171996		2.8371		529.984		6.965250E+06		526.79	
00:00:08:949		1.547820E+07		0.172005		2.8371		529.987		6.965240E+06		526.784	
00:00:08:849		1.547820E+07		0.172014		2.83706		529.989		6.965240E+06		526.792	
00:00:08:750		1.547820E+07		0.172023		2.8371		529.993		6.965230E+06		526.791	
00:00:08:650		1.547820E+07		0.172032		2.83706		529.995		6.965230E+06		526.791	
00:00:08:550		1.547820E+07		0.172041		2.83702		529.997		6.965220E+06		526.79	
00:00:08:449		1.547820E+07		0.17205		2.83697		530		5.220000E+08		526.783	
00:00:08:199		1.547820E+07		0.17205		2.83697		530		5.220000E+08		526.783	
00:00:08:199		1.547820E+07		0.172074		2.83693		530.006		6.965210E+06		526.783	
00:00:08:099		1.547820E+07		0.172083		2.83693		530.009		6.965200E+06		526.791	
00:00:08:099		1.547820E+07		0.172083		2.83693		530.009		6.965200E+06		526.791	
00:00:08:000		1.547820E+07		0.172093		2.83689		530.011		6.965200E+06		526.79	
00:00:07:950		1.547820E+07		0.172102		2.83684		530.013		6.965190E+06		526.779	
00:00:07:799		1.547820E+07		0.172112		2.83689		530.015		6.965190E+06		526.799	
00:00:07:700		1.547820E+07		0.172122		2.83685		530.019		6.965180E+06		526.792	
00:00:07:599		1.547830E+07		0.172131		2.83685		530.02		6.965180E+06		526.792	
00:00:07:500		1.547830E+07		0.17214		2.83681		530.024		6.965170E+06		526.792	
00:00:07:400		1.547830E+07		0.172149		2.83672		530.026		6.965170E+06		526.792	
00:00:07:200		1.547830E+07		0.172167		2.83673		530.031		6.965160E+06		526.793	
00:00:07:200		1.547830E+07		0.172167		2.83673		530.031		6.965160E+06		526.793	
00:00:07:099		1.547830E+07		0.172177		2.83673		530.033		6.965150E+06		526.794	
00:00:07:049		1.547830E+07		0.172182		2.83669		530.035		6.965150E+06		526.793	
00:00:06:900		1.547830E+07		0.172196		2.83669		530.039		6.965140E+06		526.794	
00:00:06:700		1.547830E+07		0.172216		2.83665		530.044		6.965130E+06		526.794	
00:00:06:599		1.547830E+07		0.172226		2.83661		530.046		6.965130E+06		526.796	
00:00:06:599		1.547830E+07		0.172226		2.83661		530.046		6.965130E+06		526.796	
00:00:06:500		1.547830E+07		0.172236		2.83656		530.048		6.965120E+06		526.796	
00:00:06:400		1.547830E+07		0.172247		2.83657		530.052		6.965120E+06		526.796	
00:00:06:200		1.547830E+07		0.172267		2.83661		530.055		6.965110E+06		526.796	
00:00:06:200		1.547830E+07		0.172267		2.83661		530.055		6.965110E+06		526.796	
00:00:06:099		1.547830E+07		0.172278		2.83657		530.059		6.965100E+06		526.797	
00:00:06:000		1.547830E+07		0.172288		2.83653		530.061		6.965100E+06		526.798	
00:00:05:900		1.547830E+07		0.172298		2.83649		530.065		6.965090E+06		526.798	
00:00:05:799		1.547830E+07		0.172307		2.83649		530.066		6.965090E+06		526.798	
00:00:05:700		1.547830E+07		0.172316		2.83645		530.07		6.965080E+06		526.799	
00:00:05:599		1.547830E+07		0.172326		2.8365		530.072		6.965080E+06		526.799	
00:00:05:500		1.547830E+07		0.172335		2.83646		530.076		6.965080E+06		526.801	
00:00:05:400		1.547830E+07		0.172345		2.83642		530.078		6.965070E+06		526.801	
00:00:05:200		1.547830E+07		0.172365		2.83639		530.083		6.965060E+06		526.8	
00:00:05:200		1.547830E+07		0.172365		2.83639		530.083		6.965060E+06		526.8	
00:00:05:099		1.547830E+07		0.172375		2.83639		530.085		6.965060E+06		526.794	
00:00:05:000		1.547830E+07		0.172386		2.83634		530.089		6.965050E+06		526.802	
00:00:04:900		1.547840E+07		0.172397		2.83626		530.09		6.965050E+06		526.801	
00:00:04:799		1.547840E+07		0.172409		2.83625		530.092		6.965040E+06		526.801	
00:00:04:700		1.547840E+07		0.17242		2.83621		530.096		6.965040E+06		526.811	
00:00:04:599		1.547840E+07		0.172431		2.83625		530.098		6.965030E+06		526.803	
00:00:04:500		1.547840E+07		0.172443		2.83629		530.101		6.965030E+06		526.803	
00:00:04:400		1.547840E+07		0.172459		2.8363		530.105		6.965020E+06		526.814	
00:00:04:200		1.547840E+07		0.172474		2.8363		530.109		6.965010E+06		526.805	
00:00:04:200		1.547840E+07		0.172474		2.8363		530.109		6.965010E+06		526.805	
00:00:04:099		1.547840E+07		0.172483		2.83631		530.111		6.965010E+06		526.799	
00:00:03:950		1.547840E+07		0.172497		2.83623		530.114		6.965000E+06		526.806	
00:00:03:899		1.547840E+07		0.172501		2.83624		530.116		6.965000E+06		526.807	
00:00:03:799		1.547840E+07		0.17251		2.8362		530.12		6.964990E+06		526.806	
00:00:03:649		1.547840E+07		0.172523		2.83622		530.124		6.964990E+06		526.8	
00:00:03:549		1.547840E+07		0.172533		2.83622		530.127		6.964980E+06		526.808	
00:00:03:450		1.547840E+07		0.172543		2.83618		530.129		6.964980E+06		526.808	
00:00:03:350		1.547840E+07		0.172554		2.83605		530.131		6.964970E+06		526.808	
00:00:03:200		1.547840E+07		0.172572		2.836		530.135		6.964970E+06		526.802	
00:00:03:200		1.547840E+07		0.172572		2.836		530.135		6.964970E+06		526.802	
00:00:03:100		1.547840E+07		0.172584		2.836		530.138		6.964960E+06		526.809	
00:00:03:000		1.547840E+07		0.172597		2.83599		530.14		6.964960E+06		526.809	
00:00:02:899		1.547850E+07		0.172609		2.83599		530.142		6.964950E+06		526.808	
00:00:02:799		1.547850E+07		0.172622		2.83598		530.146		6.964950E+06		526.819	
00:00:02:700		1.547850E+07		0.172634		2.83602		530.147		6.964940E+06		526.811	
00:00:02:549		1.547850E+07		0.17265		2.83607		530.151		6.964940E+06		526.811	
00:00:02:450		1.547850E+07		0.172659		2.83603		530.155		6.964930E+06		526.805	
00:00:02:350		1.547850E+07		0.172667		2.83604		530.157		6.964930E+06		526.814	
00:00:02:250		1.547850E+07		0.172673		2.83601		530.16		6.964920E+06		526.813	
00:00:02:149		1.547850E+07		0.17268		2.83603		530.164		6.964920E+06		526.813	
00:00:02:049		1.547850E+07		0.172687		2.83604		530.166		6.964920E+06		526.812	
00:00:01:949		1.547850E+07		0.172695		2.83601		530.168		6.964910E+06		526.818	
00:00:01:850		1.547850E+07		0.172704		2.83598		530.171		6.964910E+06		526.803	
00:00:01:750		1.547850E+07		0.172714		2.8359		530.175		6.964900E+06		526.806	
00:00:01:649		1.547850E+07		0.172725		2.83581		530.177		6.964900E+06		526.817	
00:00:01:550		1.547850E+07		0.172738		2.83576		530.181		6.964890E+06		526.818	
00:00:01:449		1.547850E+07		0.172752		2.83575		530.182		6.964890E+06		526.819	
00:00:01:350		1.547850E+07		0.172767		2.83573		530.186		6.964890E+06		526.809	
00:00:01:250		1.547850E+07		0.172782		2.83571		530.19		6.964880E+06		526.828	
00:00:01:149		1.547850E+07		0.172797		2.83573		530.192		6.964880E+06		526.831	
00:00:01:050		1.547860E+07		0.17281		2.83572		530.195		6.964870E+06		526.822	
00:00:00:949		1.547860E+07		0.172821		2.83589		530.197		6.964870E+06		526.822	
00:00:00:849		1.547860E+07		0.17283		2.8359		530.201		6.964870E+06		526.823	
00:00:00:750		1.547860E+07		0.172835		2.83591		530.203		6.964860E+06		526.823	
00:00:00:650		1.547860E+07		0.172839		2.83585		530.206		6.964860E+06		526.824	
00:00:00:550		1.547860E+07		0.17284		2.83584		530.208		6.964860E+06		526.824	
00:00:00:450		1.547860E+07		0.17284		2.83569		530.212		6.964850E+06		526.825	
00:00:00:250		1.547860E+07		0.17284		2.83572		530.217		6.964840E+06		526.826	
00:00:00:149		1.547850E+07		0.17284		2.83572		530.221		6.964840E+06		526.826	
00:00:00:149		1.547850E+07		0.17284		2.83572		530.221		6.964840E+06		526.826	
00:00:00:050		1.547850E+07		0.17284		2.83567		530.223		6.964840E+06		526.826	
00:00:00:000		1.547850E+07		0.17284		2.83571		530.225		6.964830E+06		526.826	
00:00:00:000		1.547850E+07		0.17284		2.83571		530.225		6.964830E+06		526.826	
00:00:00:000		1.547850E+07		0.17284		2.83571		530.225		6.964830E+06		526.826	
00:00:00:000		1.547850E+07		0.17284		2.83571		530.225		6.964830E+06		526.826	
00:00:00:000		1.547850E+07		0.17284		2.83571		530.225		6.964830E+06		526.826	
00:00:00:000		1.547850E+07		0.17284		2.83571		530.225		6.964830E+06		526.826	
