	time 		gpv001pnt10113ppntm	evf507ety101mpzoyout	chtcon(1)	chavg(1)	chlhsumpa	rcptavgn	
00:01:01:700		7.17092e+06		122.541		78.0568		910673		0.752675		289.592		
00:01:01:600		7.17058e+06		122.541		78.0568		910673		0.752675		289.59		
00:01:01:600		7.17058e+06		122.541		78.0568		910673		0.752675		289.59		
00:01:01:500		7.17008e+06		122.498		78.0568		910673		0.752675		289.589		
00:01:01:399		7.16991e+06		122.498		78.009		909443		0.751487		289.588		
00:01:01:299		7.16938e+06		122.498		78.009		909443		0.751487		289.587		
00:01:01:200		7.16906e+06		122.454		77.961		908232		0.750299		289.586		
00:01:01:200		7.16906e+06		122.454		77.961		908232		0.750299		289.586		
00:01:01:100		7.16881e+06		122.454		77.961		908232		0.750299		289.585		
00:01:00:950		7.16817e+06		122.411		77.9128		907018		0.749111		289.584		
00:01:00:850		7.1679e+06		122.411		77.9128		907018		0.749111		289.583		
00:01:00:649		7.16722e+06		122.368		77.8645		905786		0.747923		289.582		
00:01:00:649		7.16722e+06		122.368		77.8645		905786		0.747923		289.582		
00:01:00:600		7.16673e+06		122.368		77.8645		905786		0.747923		289.582		
00:01:00:450		7.16636e+06		122.324		77.816		904573		0.746735		289.582		
00:01:00:350		7.16616e+06		122.324		77.816		904573		0.746735		289.582		
00:01:00:250		7.1656e+06		122.281		77.816		904573		0.746735		289.582		
00:01:00:149		7.16542e+06		122.281		77.7672		903356		0.745547		289.582		
00:01:00:049		7.16495e+06		122.281		77.7672		903356		0.745547		289.582		
00:01:00:000		7.16469e+06		122.237		77.7672		903356		0.745547		289.582		
00:00:59:899		7.16456e+06		122.237		77.7183		902122		0.744359		289.582		
00:00:59:799		7.16413e+06		122.237		77.7183		902122		0.744359		289.583		
00:00:59:700		7.16369e+06		122.194		77.6692		900887		0.743172		289.583		
00:00:59:600		7.16355e+06		122.194		77.6692		900887		0.743172		289.584		
00:00:59:500		7.163e+06		122.151		77.6692		900887		0.743172		289.585		
00:00:59:399		7.16280e+06		122.151		77.6198		899672		0.741984		289.585		
00:00:59:299		7.16242e+06		122.151		77.6198		899672		0.741984		289.586		
00:00:59:200		7.162e+06		122.107		77.5702		898453		0.740796		289.587		
00:00:59:100		7.16184e+06		122.107		77.5702		898453		0.740796		289.588		
00:00:59:000		7.16131e+06		122.063		77.5702		898453		0.740796		289.589		
00:00:58:899		7.16112e+06		122.063		77.5204		897216		0.739609		289.591		
00:00:58:799		7.16078e+06		122.063		77.5204		897216		0.739609		289.592		
00:00:58:649		7.16027e+06		122.02		77.4702		895998		0.738421		289.594		
00:00:58:600		7.16016e+06		122.02		77.4702		895998		0.738421		289.595		
00:00:58:500		7.15964e+06		121.977		77.4702		895998		0.738421		289.597		
00:00:58:399		7.15945e+06		121.977		77.4199		894797		0.737234		289.599		
00:00:58:299		7.15909e+06		121.977		77.4199		894797		0.737234		289.601		
00:00:58:149		7.15855e+06		121.933		77.3692		893575		0.736046		289.604		
00:00:58:049		7.15826e+06		121.933		77.3692		893575		0.736046		289.606		
00:00:57:950		7.15775e+06		121.889		77.3182		892335		0.734858		289.608		
00:00:57:850		7.15761e+06		121.889		77.3182		892335		0.734858		289.611		
00:00:57:700		7.15691e+06		121.846		77.267		891094		0.733671		289.614		
00:00:57:700		7.15691e+06		121.846		77.267		891094		0.733671		289.614		
00:00:57:600		7.15676e+06		121.846		77.267		891094		0.733671		289.617		
00:00:57:500		7.15622e+06		121.802		77.267		891094		0.733671		289.62		
00:00:57:399		7.15597e+06		121.802		77.2153		889853		0.732483		289.623		
00:00:57:299		7.15569e+06		121.802		77.2153		889853		0.732483		289.626		
00:00:57:200		7.15517e+06		121.759		77.1634		888590		0.731295		289.629		
00:00:57:049		7.15479e+06		121.759		77.1634		888590		0.731295		289.634		
00:00:56:950		7.15429e+06		121.715		77.1111		887330		0.730107		289.637		
00:00:56:850		7.15414e+06		121.715		77.1111		887330		0.730107		289.64		
00:00:56:750		7.1536e+06		121.672		77.1111		887330		0.730107		289.643		
00:00:56:649		7.15335e+06		121.672		77.0584		886086		0.728919		289.646		
00:00:56:549		7.15305e+06		121.672		77.0584		886086		0.728919		289.649		
00:00:56:450		7.15251e+06		121.628		77.0053		884862		0.72773		289.652		
00:00:56:350		7.15234e+06		121.628		77.0053		884862		0.72773		289.655		
00:00:56:250		7.1518e+06		121.585		77.0053		884862		0.72773		289.659		
00:00:56:149		7.15156e+06		121.585		76.9518		883634		0.726542		289.662		
00:00:56:049		7.15121e+06		121.585		76.9518		883634		0.726542		289.665		
00:00:55:950		7.15069e+06		121.541		76.8978		882368		0.725353		289.668		
00:00:55:950		7.15069e+06		121.541		76.8978		882368		0.725353		289.668		
00:00:55:750		7.14999e+06		121.497		76.8978		882368		0.725353		289.675		
00:00:55:750		7.14999e+06		121.497		76.8978		882368		0.725353		289.675		
00:00:55:549		7.1493e+06		121.497		76.8434		881083		0.724163		289.681		
00:00:55:549		7.1493e+06		121.497		76.8434		881083		0.724163		289.681		
00:00:55:450		7.14884e+06		121.454		76.7885		879798		0.722974		289.685		
00:00:55:299		7.14839e+06		121.454		76.7885		879798		0.722974		289.69		
00:00:55:200		7.14786e+06		121.41		76.7331		878532		0.721784		289.693		
00:00:55:100		7.14763e+06		121.41		76.7331		878532		0.721784		289.696		
00:00:55:000		7.14705e+06		121.367		76.7331		878532		0.721784		289.7		
00:00:54:899		7.14676e+06		121.367		76.6772		877283		0.720593		289.703		
00:00:54:700		7.14589e+06		121.323		76.6208		875993		0.719402		289.711		
00:00:54:700		7.14589e+06		121.323		76.6208		875993		0.719402		289.711		
00:00:54:600		7.14561e+06		121.323		76.6208		875993		0.719402		289.714		
00:00:54:500		7.145e+06		121.279		76.6208		875993		0.719402		289.718		
00:00:54:399		7.14472e+06		121.279		76.5639		874687		0.718211		289.722		
00:00:54:299		7.14424e+06		121.279		76.5639		874687		0.718211		289.726		
00:00:54:200		7.14376e+06		121.236		76.5064		873419		0.717019		289.73		
00:00:54:100		7.14345e+06		121.236		76.5064		873419		0.717019		289.734		
00:00:54:000		7.14284e+06		121.192		76.5064		873419		0.717019		289.739		
00:00:53:899		7.14258e+06		121.192		76.4484		872167		0.715826		289.743		
00:00:53:799		7.14202e+06		121.192		76.4484		872167		0.715826		289.748		
00:00:53:700		7.14156e+06		121.148		76.3898		870894		0.714633		289.752		
00:00:53:549		7.14087e+06		121.148		76.3898		870894		0.714633		289.76		
00:00:53:450		7.14046e+06		121.104		76.3305		869603		0.713439		289.764		
00:00:53:350		7.13999e+06		121.104		76.3305		869603		0.713439		289.77		
00:00:53:250		7.13941e+06		121.06		76.3305		869603		0.713439		289.775		
00:00:53:200		7.13928e+06		121.06		76.2707		868291		0.712244		289.777		
00:00:53:049		7.13839e+06		121.06		76.2707		868291		0.712244		289.786		
00:00:52:950		7.138e+06		121.016		76.2102		866981		0.711048		289.791		
00:00:52:850		7.13748e+06		121.016		76.2102		866981		0.711048		289.797		
00:00:52:700		7.13678e+06		120.973		76.149		865687		0.709852		289.806		
00:00:52:700		7.13678e+06		120.973		76.149		865687		0.709852		289.806		
00:00:52:600		7.13611e+06		120.973		76.149		865687		0.709852		289.812		
00:00:52:450		7.13544e+06		120.929		76.0871		864394		0.708655		289.821		
00:00:52:350		7.13482e+06		120.929		76.0871		864394		0.708655		289.828		
00:00:52:250		7.13441e+06		120.885		76.0871		864394		0.708655		289.834		
00:00:52:149		7.13376e+06		120.885		76.0244		863078		0.707457		289.841		
00:00:52:049		7.13326e+06		120.885		76.0244		863078		0.707457		289.849		
00:00:51:950		7.13269e+06		120.84		75.9609		861744		0.706258		289.856		
00:00:51:850		7.13203e+06		120.84		75.9609		861744		0.706258		289.864		
00:00:51:750		7.13156e+06		120.797		75.9609		861744		0.706258		289.872		
00:00:51:649		7.13088e+06		120.797		75.8966		860410		0.705059		289.88		
00:00:51:649		7.13088e+06		120.797		75.8966		860410		0.705059		289.88		
00:00:51:450		7.12967e+06		120.753		75.8313		859075		0.703858		289.897		
00:00:51:450		7.12967e+06		120.753		75.8313		859075		0.703858		289.897		
00:00:51:350		7.12912e+06		120.753		75.8313		859075		0.703858		289.906		
00:00:51:149		7.1278e+06		120.708		75.7652		857739		0.702657		289.925		
00:00:51:049		7.12725e+06		120.708		75.7652		857739		0.702657		289.934		
00:00:50:950		7.12652e+06		120.664		75.6981		856402		0.701454		289.943		
00:00:50:950		7.12652e+06		120.664		75.6981		856402		0.701454		289.943		
00:00:50:750		7.1252e+06		120.62		75.6981		856402		0.701454		289.962		
00:00:50:649		7.12453e+06		120.62		75.6301		855065		0.70025		289.972		
00:00:50:649		7.12453e+06		120.62		75.6301		855065		0.70025		289.972		
00:00:50:549		7.12388e+06		120.62		75.6301		855065		0.70025		289.982		
00:00:50:350		7.1225e+06		120.576		75.5609		853747		0.699046		290.002		
00:00:50:350		7.1225e+06		120.576		75.5609		853747		0.699046		290.002		
00:00:50:250		7.12173e+06		120.532		75.5609		853747		0.699046		290.012		
00:00:50:100		7.12067e+06		120.532		75.4907		852426		0.69784		290.027		
00:00:50:049		7.12024e+06		120.532		75.4907		852426		0.69784		290.032		
00:00:49:899		7.1192e+06		120.487		75.4194		851087		0.696634		290.048		
00:00:49:700		7.11768e+06		120.443		75.347		849768		0.695426		290.069		
00:00:49:700		7.11768e+06		120.443		75.347		849768		0.695426		290.069		
00:00:49:600		7.11688e+06		120.443		75.347		849768		0.695426		290.08		
00:00:49:500		7.11615e+06		120.399		75.347		849768		0.695426		290.09		
00:00:49:399		7.11535e+06		120.399		75.2735		848444		0.694217		290.101		
00:00:49:299		7.11461e+06		120.399		75.2735		848444		0.694217		290.112		
00:00:49:200		7.11386e+06		120.354		75.199		847103		0.693008		290.123		
00:00:49:100		7.11306e+06		120.354		75.199		847103		0.693008		290.135		
00:00:49:000		7.11228e+06		120.309		75.199		847103		0.693008		290.147		
00:00:48:899		7.11151e+06		120.309		75.1233		845760		0.691798		290.159		
00:00:48:700		7.1099e+06		120.265		75.0464		844375		0.690587		290.185		
00:00:48:700		7.1099e+06		120.265		75.0464		844375		0.690587		290.185		
00:00:48:600		7.10908e+06		120.265		75.0464		844375		0.690587		290.198		
00:00:48:500		7.10825e+06		120.22		75.0464		844375		0.690587		290.211		
00:00:48:399		7.10741e+06		120.22		74.9684		842975		0.689376		290.225		
00:00:48:299		7.10658e+06		120.22		74.9684		842975		0.689376		290.24		
00:00:48:200		7.10574e+06		120.176		74.889		841592		0.688165		290.255		
00:00:48:100		7.1049e+06		120.176		74.889		841592		0.688165		290.27		
00:00:48:000		7.10406e+06		120.131		74.889		841592		0.688165		290.286		
00:00:47:899		7.10323e+06		120.131		74.8083		840229		0.686954		290.302		
00:00:47:799		7.10239e+06		120.131		74.8083		840229		0.686954		290.318		
00:00:47:700		7.10155e+06		120.087		74.7262		838863		0.685742		290.335		
00:00:47:600		7.10071e+06		120.087		74.7262		838863		0.685742		290.352		
00:00:47:500		7.09987e+06		120.042		74.7262		838863		0.685742		290.37		
00:00:47:350		7.09861e+06		120.042		74.6426		837457		0.68453		290.397		
00:00:47:250		7.09778e+06		119.998		74.6426		837457		0.68453		290.416		
00:00:47:149		7.09696e+06		119.998		74.5575		836054		0.683317		290.435		
00:00:47:049		7.09614e+06		119.998		74.5575		836054		0.683317		290.454		
00:00:47:000		7.09573e+06		119.953		74.5575		836054		0.683317		290.464		
00:00:46:850		7.09453e+06		119.953		74.4706		834668		0.682104		290.495		
00:00:46:750		7.09373e+06		119.908		74.4706		834668		0.682104		290.516		
00:00:46:649		7.09295e+06		119.908		74.3821		833260		0.68089		290.538		
00:00:46:549		7.09217e+06		119.908		74.3821		833260		0.68089		290.56		
00:00:46:450		7.09139e+06		119.864		74.2918		831813		0.679676		290.582		
00:00:46:350		7.09063e+06		119.864		74.2918		831813		0.679676		290.604		
00:00:46:250		7.08987e+06		119.819		74.2918		831813		0.679676		290.628		
00:00:46:149		7.08912e+06		119.819		74.1995		830389		0.678462		290.651		
00:00:46:049		7.08837e+06		119.819		74.1995		830389		0.678462		290.676		
00:00:45:950		7.08764e+06		119.775		74.1052		828979		0.677246		290.7		
00:00:45:950		7.08764e+06		119.775		74.1052		828979		0.677246		290.7		
00:00:45:750		7.08621e+06		119.73		74.1052		828979		0.677246		290.751		
00:00:45:649		7.08551e+06		119.73		74.0089		827551		0.676031		290.777		
00:00:45:649		7.08551e+06		119.73		74.0089		827551		0.676031		290.777		
00:00:45:549		7.08483e+06		119.73		74.0089		827551		0.676031		290.804		
00:00:45:450		7.08416e+06		119.685		73.9102		826101		0.674814		290.845		
00:00:45:350		7.08352e+06		119.685		73.9102		826101		0.674814		290.859		
00:00:45:200		7.08258e+06		119.64		73.8093		824653		0.673597		290.902		
00:00:45:100		7.08197e+06		119.64		73.8093		824653		0.673597		290.931		
00:00:45:000		7.08137e+06		119.595		73.8093		824653		0.673597		290.961		
00:00:44:899		7.08079e+06		119.595		73.7059		823223		0.672379		290.991		
00:00:44:750		7.07995e+06		119.55		73.7059		823223		0.672379		291.038		
00:00:44:600		7.07914e+06		119.55		73.6		821771		0.67116		291.085		
00:00:44:600		7.07914e+06		119.55		73.6		821771		0.67116		291.085		
00:00:44:500		7.07862e+06		119.505		73.6		821771		0.67116		291.117		
00:00:44:399		7.07811e+06		119.505		73.4913		820300		0.66994		291.15		
00:00:44:299		7.07762e+06		119.505		73.4913		820300		0.66994		291.183		
00:00:44:200		7.07714e+06		119.46		73.3798		818828		0.66872		291.216		
00:00:44:100		7.07668e+06		119.46		73.3798		818828		0.66872		291.251		
00:00:44:049		7.07646e+06		119.46		73.3798		818828		0.66872		291.268		
00:00:43:950		7.07603e+06		119.415		73.2652		817335		0.667498		291.303		
00:00:43:700		7.07499e+06		119.37		73.1476		815823		0.666276		291.393		
00:00:43:700		7.07499e+06		119.37		73.1476		815823		0.666276		291.393		
00:00:43:600		7.0746e+06		119.37		73.1476		815823		0.666276		291.43		
00:00:43:500		7.07421e+06		119.325		73.1476		815823		0.666276		291.467		
00:00:43:399		7.07385e+06		119.325		73.0266		814311		0.665052		291.505		
00:00:43:299		7.0735e+06		119.325		73.0266		814311		0.665052		291.544		
00:00:43:200		7.07318e+06		119.28		72.9021		812798		0.663827		291.583		
00:00:43:100		7.07289e+06		119.28		72.9021		812798		0.663827		291.622		
00:00:43:000		7.07263e+06		119.234		72.9021		812798		0.663827		291.662		
00:00:42:899		7.07236e+06		119.234		72.774		811263		0.6626		291.703		
00:00:42:700		7.0719e+06		119.189		72.6421		809648		0.661372		291.786		
00:00:42:700		7.0719e+06		119.189		72.6421		809648		0.661372		291.786		
00:00:42:600		7.07171e+06		119.189		72.6421		809648		0.661372		291.828		
00:00:42:500		7.07155e+06		119.143		72.6421		809648		0.661372		291.871		
00:00:42:399		7.07142e+06		119.143		72.5061		807936		0.660143		291.915		
00:00:42:299		7.07132e+06		119.143		72.5061		807936		0.660143		291.959		
00:00:42:200		7.07124e+06		119.097		72.366		806125		0.658912		292.003		
00:00:42:100		7.07119e+06		119.097		72.366		806125		0.658912		292.048		
00:00:42:000		7.07117e+06		119.05		72.366		806125		0.658912		292.094		
00:00:41:899		7.07118e+06		119.05		72.2214		804115		0.657679		292.14		
00:00:41:750		7.07126e+06		119.002		72.2214		804115		0.657679		292.21		
00:00:41:649		7.07134e+06		119.002		72.0724		801793		0.656445		292.257		
00:00:41:600		7.07139e+06		119.002		72.0724		801793		0.656445		292.281		
00:00:41:450		7.07159e+06		118.951		71.9187		799083		0.655208		292.353		
00:00:41:399		7.07166e+06		118.951		71.9187		799083		0.655208		292.378		
00:00:41:250		7.07192e+06		118.898		71.9187		799083		0.655208		292.451		
00:00:41:200		7.07202e+06		118.898		71.7603		795912		0.65397		292.475		
00:00:41:100		7.07223e+06		118.898		71.7603		795912		0.65397		292.525		
00:00:40:950		7.07258e+06		118.838		71.5973		792248		0.652729		292.601		
00:00:40:850		7.07284e+06		118.838		71.5973		792248		0.652729		292.652		
00:00:40:750		7.07312e+06		118.769		71.5973		792248		0.652729		292.704		
00:00:40:649		7.07342e+06		118.769		71.4299		788097		0.651485		292.757		
00:00:40:549		7.07373e+06		118.769		71.4299		788097		0.651485		292.81		
00:00:40:450		7.07406e+06		118.687		71.2587		783566		0.650239		292.862		
00:00:40:350		7.0744e+06		118.687		71.2587		783566		0.650239		292.915		
00:00:40:250		7.07476e+06		118.59		71.2587		783566		0.650239		292.969		
00:00:40:149		7.07513e+06		118.59		71.0842		778826		0.64899		293.023		
00:00:40:049		7.07551e+06		118.59		71.0842		778826		0.64899		293.079		
00:00:40:049		7.07551e+06		118.59		71.0842		778826		0.64899		293.079		
00:00:39:950		7.07591e+06		118.479		70.9076		774027		0.647738		293.135		
00:00:39:750		7.07673e+06		118.357		70.9076		774027		0.647738		293.247		
00:00:39:649		7.07715e+06		118.357		70.7294		769186		0.644225		293.309		
00:00:39:549		7.07756e+06		118.357		70.7294		769186		0.644225		293.363		
00:00:39:549		7.07756e+06		118.357		70.7294		769186		0.644225		293.363		
00:00:39:450		7.07797e+06		118.229		70.5502		764322		0.640706		293.426		
00:00:39:350		7.07837e+06		118.229		70.5502		764322		0.640706		293.488		
00:00:39:250		7.07875e+06		118.101		70.5502		764322		0.640706		293.551		
00:00:39:049		7.07934e+06		118.101		70.3698		759424		0.637179		293.679		
00:00:38:899		7.07965e+06		117.972		70.1883		754480		0.633646		293.777		
00:00:38:899		7.07965e+06		117.972		70.1883		754480		0.633646		293.777		
00:00:38:750		7.07988e+06		117.843		70.1883		754480		0.633646		293.878		
00:00:38:649		7.07998e+06		117.843		70.0057		749485		0.630104		293.946		
00:00:38:549		7.08004e+06		117.843		70.0057		749485		0.630104		294.015		
00:00:38:450		7.08007e+06		117.713		69.8219		744422		0.626555		294.086		
00:00:38:450		7.08007e+06		117.713		69.8219		744422		0.626555		294.086		
00:00:38:350		7.08007e+06		117.713		69.8219		744422		0.626555		294.157		
00:00:38:250		7.08004e+06		117.583		69.8219		744422		0.626555		294.23		
00:00:38:100		7.07996e+06		117.583		69.6369		739309		0.622996		294.34		
00:00:38:000		7.07987e+06		117.453		69.6369		739309		0.622996		294.415		
00:00:37:899		7.07976e+06		117.453		69.4507		734146		0.619429		294.49		
00:00:37:700		7.07945e+06		117.323		69.2629		728934		0.615852		294.644		
00:00:37:600		7.07925e+06		117.323		69.2629		728934		0.615852		294.723		
00:00:37:600		7.07925e+06		117.323		69.2629		728934		0.615852		294.723		
00:00:37:500		7.07902e+06		117.192		69.2629		728934		0.615852		294.803		
00:00:37:399		7.07875e+06		117.192		69.0734		723693		0.612264		294.883		
00:00:37:299		7.07844e+06		117.192		69.0734		723693		0.612264		294.966		
00:00:37:200		7.07812e+06		117.06		68.8824		718421		0.608666		295.049		
00:00:37:100		7.07778e+06		117.06		68.8824		718421		0.608666		295.133		
00:00:37:000		7.07741e+06		116.928		68.8824		718421		0.608666		295.218		
00:00:36:950		7.07721e+06		116.928		68.6902		713099		0.605056		295.261		
00:00:36:600		7.07543e+06		116.796		68.4967		707704		0.601435		295.566		
00:00:36:600		7.07543e+06		116.796		68.4967		707704		0.601435		295.566		
00:00:36:600		7.07543e+06		116.796		68.4967		707704		0.601435		295.566		
00:00:36:500		7.07481e+06		116.663		68.4967		707704		0.601435		295.657		
00:00:36:399		7.07414e+06		116.663		68.302		702262		0.597801		295.748		
00:00:36:299		7.07343e+06		116.663		68.302		702262		0.597801		295.841		
00:00:36:200		7.07271e+06		116.53		68.1061		696745		0.594153		295.935		
00:00:36:100		7.07196e+06		116.53		68.1061		696745		0.594153		296.031		
00:00:36:000		7.07113e+06		116.396		68.1061		696745		0.594153		296.127		
00:00:35:899		7.07022e+06		116.396		67.9089		691139		0.590492		296.224		
00:00:35:700		7.06821e+06		116.263		67.7105		685461		0.586817		296.423		
00:00:35:700		7.06821e+06		116.263		67.7105		685461		0.586817		296.423		
00:00:35:600		7.06709e+06		116.263		67.7105		685461		0.586817		296.525		
00:00:35:500		7.06585e+06		116.128		67.7105		685461		0.586817		296.63		
00:00:35:399		7.06449e+06		116.128		67.5106		679734		0.583127		296.734		
00:00:35:299		7.06302e+06		116.128		67.5106		679734		0.583127		296.839		
00:00:35:200		7.06147e+06		115.993		67.3094		673953		0.579422		296.945		
00:00:35:100		7.05983e+06		115.993		67.3094		673953		0.579422		297.052		
00:00:34:950		7.05728e+06		115.857		67.1067		668081		0.575701		297.217		
00:00:34:899		7.0564e+06		115.857		67.1067		668081		0.575701		297.273		
00:00:34:799		7.0546e+06		115.857		67.1067		668081		0.575701		297.387		
00:00:34:649		7.05178e+06		115.721		66.9025		662137		0.571963		297.562		
00:00:34:549		7.04982e+06		115.721		66.9025		662137		0.571963		297.68		
00:00:34:450		7.04779e+06		115.584		66.6968		656141		0.568208		297.801		
00:00:34:350		7.0457e+06		115.584		66.6968		656141		0.568208		297.924		
00:00:34:250		7.04355e+06		115.447		66.6968		656141		0.568208		298.049		
00:00:34:200		7.04245e+06		115.447		66.4894		650093		0.564436		298.113		
00:00:34:100		7.04021e+06		115.447		66.4894		650093		0.564436		298.242		
00:00:34:000		7.03791e+06		115.308		66.4894		650093		0.564436		298.373		
00:00:33:899		7.03553e+06		115.308		66.2805		643926		0.560645		298.506		
00:00:33:799		7.03306e+06		115.308		66.2805		643926		0.560645		298.641		
00:00:33:700		7.0305e+06		115.169		66.07		637626		0.556835		298.779		
00:00:33:600		7.02785e+06		115.169		66.07		637626		0.556835		298.919		
00:00:33:500		7.0251e+06		115.03		66.07		631252		0.556835		299.062		
00:00:33:350		7.02081e+06		115.03		65.8578		631252		0.553006		299.279		
00:00:33:250		7.01783e+06		114.89		65.8578		631252		0.553006		299.427		
00:00:33:149		7.01475e+06		114.89		65.6441		624847		0.549158		299.579		
00:00:33:049		7.01161e+06		114.89		65.6441		624847		0.549158		299.729		
00:00:32:950		7.00847e+06		114.749		65.429		618385		0.545291		299.881		
00:00:32:850		7.00524e+06		114.749		65.429		618385		0.545291		300.034		
00:00:32:750		7.00188e+06		114.607		65.429		618385		0.545291		300.189		
00:00:32:649		6.99838e+06		114.607		65.2125		611827		0.541403		300.345		
00:00:32:549		6.99477e+06		114.607		65.2125		611827		0.541403		300.504		
00:00:32:450		6.99102e+06		114.465		64.9946		605194		0.537495		300.663		
00:00:32:350		6.98714e+06		114.465		64.9946		605194		0.537495		300.824		
00:00:32:250		6.98312e+06		114.322		64.9946		605194		0.537495		300.986		
00:00:32:250		6.98312e+06		114.322		64.9946		605194		0.537495		300.986		
00:00:32:149		6.97897e+06		114.322		64.7756		598506		0.533567		301.147		
00:00:31:949		6.97019e+06		114.179		64.5554		591740		0.529619		301.472		
00:00:31:850		6.97019e+06		114.179		64.5554		591740		0.529619		301.472		
00:00:31:750		6.9607e+06		114.035		64.5554		591740		0.529619		301.795		
00:00:31:649		6.95565e+06		114.035		64.3342		584921		0.525652		301.956		
00:00:31:649		6.95565e+06		114.035		64.3342		584921		0.525652		301.956		
00:00:31:550		6.95046e+06		114.035		64.3342		584921		0.525652		302.116		
00:00:31:449		6.94537e+06		113.89		64.1122		578044		0.521666		302.275		
00:00:31:350		6.941e+06		113.89		64.1122		578044		0.521666		302.428		
00:00:31:149		6.93145e+06		113.745		63.8892		571112		0.517662		302.726		
00:00:31:050		6.92584e+06		113.745		63.8892		571112		0.517662		302.87		
00:00:30:949		6.91972e+06		113.6		63.6654		564122		0.513641		303.01		
00:00:30:850		6.91316e+06		113.6		63.6654		564122		0.513641		303.146		
00:00:30:750		6.90628e+06		113.455		63.6654		564122		0.513641		303.276		
00:00:30:649		6.89929e+06		113.455		63.4406		557010		0.509604		303.4		
00:00:30:649		6.89929e+06		113.455		63.4406		557010		0.509604		303.4		
00:00:30:550		6.89246e+06		113.455		63.4406		557010		0.509604		303.517		
00:00:30:449		6.88602e+06		113.309		63.2149		549824		0.505556		303.626		
00:00:30:350		6.87985e+06		113.309		63.2149		549824		0.505556		303.726		
00:00:30:250		6.87151e+06		113.163		63.2149		549824		0.505556		303.818		
00:00:30:050		6.80622e+06		113.163		62.9883		542556		0.501496		303.98		
00:00:30:050		6.80622e+06		113.163		62.9883		542556		0.501496		303.98		
00:00:29:899		6.77609e+06		113.017		62.7607		535213		0.49743		304.078		
00:00:29:750		6.75094e+06		112.871		62.7607		535213		0.49743		304.16		
00:00:29:649		6.74963e+06		112.871		62.5322		527811		0.493357		304.206		
00:00:29:649		6.74963e+06		112.871		62.5322		527811		0.493357		304.206		
00:00:29:550		6.75399e+06		112.871		62.5322		527811		0.493357		304.248		
00:00:29:449		6.75847e+06		112.725		62.3028		520332		0.489281		304.302		
00:00:29:300		6.75936e+06		112.725		62.3028		520332		0.489281		304.335		
00:00:29:199		6.76025e+06		112.579		62.0726		512772		0.485201		304.368		
00:00:29:100		6.76114e+06		112.579		62.0726		512772		0.485201		304.401		
00:00:29:000		6.76202e+06		112.432		62.0726		512772		0.485201		304.434		
00:00:28:699		6.7646e+06		112.286		61.6101		497352		0.47703		304.531		
00:00:28:699		6.7646e+06		112.286		61.6101		497352		0.47703		304.531		
00:00:28:600		6.76545e+06		112.286		61.6101		497352		0.47703		304.563		
00:00:28:600		6.76545e+06		112.286		61.6101		497352		0.47703		304.563		
00:00:28:500		6.7663e+06		112.139		61.6101		497352		0.47703		304.594		
00:00:28:399		6.76714e+06		112.139		61.3782		489531		0.47294		304.626		
00:00:28:300		6.76798e+06		112.139		61.3782		489531		0.47294		304.657		
00:00:28:199		6.76881e+06		111.992		61.1458		481590		0.468845		304.688		
00:00:28:100		6.76961e+06		111.992		61.1458		481590		0.468845		304.72		
00:00:28:000		6.77041e+06		111.846		61.1458		481590		0.468845		304.75		
00:00:27:899		6.77121e+06		111.846		60.9129		473590		0.464748		304.781		
00:00:27:699		6.77277e+06		111.699		60.6795		465532		0.460646		304.843		
00:00:27:600		6.77354e+06		111.699		60.6795		465532		0.460646		304.873		
00:00:27:600		6.77354e+06		111.699		60.6795		465532		0.460646		304.873		
00:00:27:500		6.77431e+06		111.552		60.6795		465532		0.460646		304.904		
00:00:27:399		6.77508e+06		111.552		60.4456		457370		0.456542		304.934		
00:00:27:300		6.77583e+06		111.552		60.4456		457370		0.456542		304.965		
00:00:27:100		6.77732e+06		111.405		60.2111		449085		0.452433		305.025		
00:00:27:100		6.77732e+06		111.405		60.2111		449085		0.452433		305.025		
00:00:27:000		6.77806e+06		111.258		60.2111		449085		0.452433		305.054		
00:00:26:899		6.7788e+06		111.258		59.9761		440721		0.448322		305.084		
00:00:26:699		6.78026e+06		111.111		59.7407		432230		0.444207		305.143		
00:00:26:699		6.78026e+06		111.111		59.7407		432230		0.444207		305.143		
00:00:26:600		6.78098e+06		111.111		59.7407		432230		0.444207		305.173		
00:00:26:500		6.7817e+06		110.964		59.7407		432230		0.444207		305.202		
00:00:26:399		6.78241e+06		110.964		59.505		423640		0.440089		305.231		
00:00:26:300		6.78311e+06		110.964		59.505		423640		0.440089		305.26		
00:00:26:199		6.78381e+06		110.817		59.269		414966		0.435968		305.289		
00:00:26:100		6.7845e+06		110.817		59.269		414966		0.435968		305.317		
00:00:26:000		6.78518e+06		110.67		59.269		414966		0.435968		305.345		
00:00:25:899		6.78586e+06		110.67		59.0328		406170		0.431843		305.373		
00:00:25:800		6.78654e+06		110.67		59.0328		406170		0.431843		305.401		
00:00:25:699		6.7872e+06		110.522		58.7966		397248		0.427715		305.429		
00:00:25:600		6.78786e+06		110.522		58.7966		397248		0.427715		305.457		
00:00:25:500		6.78852e+06		110.375		58.7966		397248		0.427715		305.484		
00:00:25:399		6.78917e+06		110.375		58.5606		388203		0.423584		305.511		
00:00:25:300		6.79013e+06		110.227		58.5606		388203		0.423584		305.552		
00:00:25:149		6.79077e+06		110.227		58.3253		379057		0.419451		305.579		
00:00:25:050		6.7914e+06		110.227		58.3253		379057		0.419451		305.606		
00:00:24:949		6.79202e+06		110.08		58.0906		369742		0.415313		305.633		
00:00:24:850		6.79265e+06		110.08		58.0906		369742		0.415313		305.659		
00:00:24:750		6.79326e+06		109.931		58.0906		369742		0.415313		305.686		
00:00:24:649		6.79387e+06		109.931		57.8566		360218		0.411173		305.712		
00:00:24:550		6.79447e+06		109.931		57.8566		360218		0.411173		305.738		
00:00:24:449		6.79508e+06		109.782		57.6231		350529		0.40703		305.765		
00:00:24:350		6.79567e+06		109.782		57.6231		350529		0.40703		305.791		
00:00:24:250		6.79626e+06		109.633		57.6231		350529		0.40703		305.817		
00:00:24:149		6.79685e+06		109.633		57.39		340725		0.402884		305.843		
00:00:24:050		6.79743e+06		109.633		57.39		340725		0.402884		305.869		
00:00:23:949		6.798e+06		109.482		57.1573		331170		0.398735		305.894		
00:00:23:850		6.79857e+06		109.482		57.1573		331170		0.398735		305.92		
00:00:23:750		6.79914e+06		109.328		57.1573		331170		0.398735		305.946		
00:00:23:649		6.7997e+06		109.328		56.9247		323459		0.394583		305.971		
00:00:23:649		6.7997e+06		109.328		56.9247		323459		0.394583		305.971		
00:00:23:449		6.80081e+06		109.166		56.6915		317264		0.390428		306.021		
00:00:23:449		6.80081e+06		109.166		56.6915		317264		0.390428		306.021		
00:00:23:250		6.8019e+06		108.983		56.6915		317264		0.390428		306.072		
00:00:23:250		6.8019e+06		108.983		56.6915		317264		0.390428		306.072		
00:00:23:149		6.80244e+06		108.983		56.4559		310986		0.38627		306.096		
00:00:22:949		6.8035e+06		108.92		56.2167		304716		0.382109		306.146		
00:00:22:949		6.8035e+06		108.92		56.2167		304716		0.382109		306.146		
00:00:22:850		6.80402e+06		108.92		56.2167		304716		0.382109		306.17		
00:00:22:649		6.80505e+06		108.857		55.9741		298455		0.377946		306.219		
00:00:22:500		6.80582e+06		108.792		55.9741		298455		0.377946		306.255		
00:00:22:500		6.80582e+06		108.792		55.9741		298455		0.377946		306.255		
00:00:22:350		6.80657e+06		108.792		55.7285		292206		0.373779		306.291		
00:00:22:250		6.80706e+06		108.727		55.7285		292206		0.373779		306.315		
00:00:22:250		6.80706e+06		108.727		55.7285		292206		0.373779		306.315		
00:00:22:149		6.80755e+06		108.727		55.4801		286013		0.36961		306.339		
00:00:22:050		6.80804e+06		108.727		55.4801		286013		0.36961		306.362		
00:00:21:949		6.80852e+06		108.661		55.229		279852		0.365437		306.386		
00:00:21:850		6.80899e+06		108.661		55.229		279852		0.365437		306.41		
00:00:21:600		6.81015e+06		108.594		54.9749		273728		0.361262		306.469		
00:00:21:600		6.81015e+06		108.594		54.9749		273728		0.361262		306.469		
00:00:21:500		6.81059e+06		108.526		54.9749		273728		0.361262		306.493		
00:00:21:399		6.81103e+06		108.526		54.7178		267639		0.357084		306.516		
00:00:21:300		6.81147e+06		108.526		54.7178		267639		0.357084		306.539		
00:00:21:199		6.8119e+06		108.457		54.4574		261545		0.352904		306.563		
00:00:21:000		6.81278e+06		108.388		54.4574		261545		0.352904		306.609		
00:00:21:000		6.81278e+06		108.388		54.4574		261545		0.352904		306.609		
00:00:20:899		6.81322e+06		108.388		54.1937		255490		0.34872		306.632		
00:00:20:699		6.81411e+06		108.317		53.9265		249495		0.344534		306.679		
00:00:20:600		6.81454e+06		108.317		53.9265		249495		0.344534		306.702		
00:00:20:600		6.81454e+06		108.317		53.9265		249495		0.344534		306.702		
00:00:20:500		6.81498e+06		108.246		53.9265		249495		0.344534		306.725		
00:00:20:399		6.8154e+06		108.246		53.6557		243519		0.340344		306.748		
00:00:20:300		6.81582e+06		108.246		53.6557		243519		0.340344		306.771		
00:00:20:199		6.81622e+06		108.173		53.3815		237564		0.336152		306.795		
00:00:20:100		6.81658e+06		108.173		53.3815		237564		0.336152		306.818		
00:00:19:949		6.81703e+06		108.1		53.1041		231652		0.331958		306.852		
00:00:19:850		6.81724e+06		108.1		53.1041		231652		0.331958		306.875		
00:00:19:750		6.81734e+06		108.025		53.1041		231652		0.331958		306.898		
00:00:19:649		6.81734e+06		108.025		52.8235		225805		0.32776		306.921		
00:00:19:600		6.81733e+06		108.025		52.8235		225805		0.32776		306.932		
00:00:19:500		6.81746e+06		107.949		52.8235		225805		0.32776		306.955		
00:00:19:399		6.81836e+06		107.949		52.54		220025		0.323559		306.978		
00:00:19:300		6.82143e+06		107.949		52.54		220025		0.323559		307.001		
00:00:19:199		6.8272e+06		107.873		52.2535		214270		0.319356		307.024		
00:00:19:100		6.83057e+06		107.873		52.2535		214270		0.319356		307.046		
00:00:18:949		6.82829e+06		107.795		51.9639		208501		0.31515		307.08		
00:00:18:850		6.8269e+06		107.795		51.9639		208501		0.31515		307.102		
00:00:18:750		6.82561e+06		107.716		51.9639		208501		0.31515		307.125		
00:00:18:649		6.82441e+06		107.716		51.6709		202741		0.310941		307.147		
00:00:18:550		6.82329e+06		107.716		51.6709		202741		0.310941		307.17		
00:00:18:449		6.82224e+06		107.636		51.3747		197052		0.30673		307.192		
00:00:18:350		6.82134e+06		107.636		51.3747		197052		0.30673		307.214		
00:00:18:250		6.82080e+06		107.555		51.3747		197052		0.30673		307.237		
00:00:18:149		6.82093e+06		107.555		51.0753		191396		0.302515		307.259		
00:00:18:149		6.82093e+06		107.555		51.0753		191396		0.302515		307.259		
00:00:18:050		6.82122e+06		107.555		51.0753		191396		0.302515		307.281		
00:00:17:949		6.82151e+06		107.473		50.7729		185733		0.298298		307.303		
00:00:17:850		6.8218e+06		107.473		50.7729		185733		0.298298		307.325		
00:00:17:649		6.82235e+06		107.389		50.4678		180107		0.294078		307.369		
00:00:17:649		6.82235e+06		107.389		50.4678		180107		0.294078		307.369		
00:00:17:550		6.82275e+06		107.305		50.4678		180107		0.294078		307.402		
00:00:17:449		6.82289e+06		107.305		50.16		174519		0.289855		307.413		
00:00:17:300		6.82328e+06		107.305		50.16		174519		0.289855		307.445		
00:00:17:199		6.82354e+06		107.219		49.8497		168931		0.28563		307.467		
00:00:17:100		6.82379e+06		107.219		49.8497		168931		0.28563		307.488		
00:00:17:000		6.82404e+06		107.132		49.8497		168931		0.28563		307.51		
00:00:16:899		6.82429e+06		107.132		49.5371		163366		0.281402		307.531		
00:00:16:750		6.82464e+06		107.044		49.5371		163366		0.281402		307.563		
00:00:16:649		6.82488e+06		107.044		49.2222		157865		0.277171		307.584		
00:00:16:649		6.82488e+06		107.044		49.2222		157865		0.277171		307.584		
00:00:16:449		6.82534e+06		106.954		48.9046		152410		0.272937		307.626		
00:00:16:449		6.82534e+06		106.954		48.9046		152410		0.272937		307.626		
00:00:16:250		6.82579e+06		106.863		48.9046		152410		0.272937		307.667		
00:00:16:250		6.82579e+06		106.863		48.9046		152410		0.272937		307.667		
00:00:16:149		6.826e+06		106.863		48.5844		146985		0.268701		307.688		
00:00:16:000		6.82633e+06		106.771		48.5844		146985		0.268701		307.719		
00:00:15:900		6.82654e+06		106.771		48.2615		141592		0.264462		307.739		
00:00:15:800		6.82674e+06		106.771		48.2615		141592		0.264462		307.759		
00:00:15:599		6.82713e+06		106.678		47.9361		136253		0.260221		307.799		
00:00:15:599		6.82713e+06		106.678		47.9361		136253		0.260221		307.799		
00:00:15:500		6.82732e+06		106.583		47.9361		136253		0.260221		307.819		
00:00:15:400		6.82752e+06		106.583		47.6085		130951		0.255977		307.838		
00:00:15:300		6.8277e+06		106.583		47.6085		130951		0.255977		307.858		
00:00:15:199		6.82789e+06		106.486		47.2789		125709		0.25173		307.877		
00:00:15:099		6.82807e+06		106.486		47.2789		125709		0.25173		307.896		
00:00:15:000		6.82824e+06		106.389		47.2789		125709		0.25173		307.915		
00:00:14:900		6.82842e+06		106.389		46.9474		120564		0.247481		307.934		
00:00:14:800		6.82859e+06		106.389		46.9474		120564		0.247481		307.953		
00:00:14:599		6.82892e+06		106.29		46.6146		115500		0.243229		307.99		
00:00:14:599		6.82892e+06		106.29		46.6146		115500		0.243229		307.99		
00:00:14:500		6.82907e+06		106.19		46.6146		115500		0.243229		308.008		
00:00:14:400		6.82923e+06		106.19		46.2807		110503		0.238975		308.027		
00:00:14:250		6.82946e+06		106.088		46.2807		110503		0.238975		308.053		
00:00:14:199		6.82954e+06		106.088		45.9464		105557		0.234718		308.062		
00:00:14:099		6.82968e+06		106.088		45.9464		105557		0.234718		308.08		
00:00:14:000		6.82983e+06		105.985		45.9464		105557		0.234718		308.097		
00:00:13:900		6.82997e+06		105.985		45.6128		100683		0.230459		308.115		
00:00:13:800		6.83010e+06		105.985		45.6128		100683		0.230459		308.132		
00:00:13:699		6.83024e+06		105.88		45.2823		95867.8		0.226197		308.149		
00:00:13:599		6.83037e+06		105.88		45.2823		95867.8		0.226197		308.166		
00:00:13:449		6.83056e+06		105.774		44.9566		91130.5		0.221933		308.191		
00:00:13:349		6.83068e+06		105.774		44.9566		91130.5		0.221933		308.208		
00:00:13:250		6.8308e+06		105.667		44.9566		91130.5		0.221933		308.224		
00:00:13:150		6.83092e+06		105.667		44.6363		86490.7		0.217666		308.241		
00:00:13:050		6.83103e+06		105.667		44.6363		86490.7		0.217666		308.257		
00:00:12:949		6.83114e+06		105.558		44.322		81934.8		0.213397		308.273		
00:00:12:849		6.83125e+06		105.558		44.322		81934.8		0.213397		308.29		
00:00:12:750		6.83136e+06		105.447		44.322		81934.8		0.213397		308.306		
00:00:12:650		6.83146e+06		105.447		44.0146		77465.8		0.209125		308.321		
00:00:12:550		6.83156e+06		105.447		44.0146		77465.8		0.209125		308.337		
00:00:12:449		6.83165e+06		105.336		43.7151		73102.1		0.204851		308.353		
00:00:12:349		6.83175e+06		105.336		43.7151		73102.1		0.204851		308.368		
00:00:12:349		6.83175e+06		105.336		43.7151		73102.1		0.204851		308.368		
00:00:12:250		6.83184e+06		105.222		43.7151		73102.1		0.204851		308.383		
00:00:12:150		6.83192e+06		105.222		43.4238		68860.7		0.200573		308.399		
00:00:12:050		6.83200e+06		105.222		43.4238		68860.7		0.200573		308.413		
00:00:11:949		6.83208e+06		105.108		43.1417		64757.9		0.196293		308.428		
00:00:11:849		6.83216e+06		105.108		43.1417		64757.9		0.196293		308.442		
00:00:11:650		6.83231e+06		104.993		42.8696		60808.2		0.192011		308.471		
00:00:11:650		6.83231e+06		104.993		42.8696		60808.2		0.192011		308.471		
00:00:11:550		6.83237e+06		104.993		42.8696		60808.2		0.192011		308.484		
00:00:11:349		6.8325e+06		104.877		42.6086		57053.4		0.187725		308.511		
00:00:11:349		6.8325e+06		104.877		42.6086		57053.4		0.187725		308.511		
00:00:11:199		6.83258e+06		104.76		42.3599		53627.5		0.183436		308.53		
00:00:11:150		6.83261e+06		104.76		42.3599		53627.5		0.183436		308.536		
00:00:11:050		6.83265e+06		104.76		42.3599		53627.5		0.183436		308.549		
00:00:10:949		6.8327e+06		104.644		42.1244		50456.8		0.179145		308.561		
00:00:10:800		6.83276e+06		104.644		42.1244		50456.8		0.179145		308.579		
00:00:10:599		6.83283e+06		104.527		41.9019		47363.5		0.17485		308.603		
00:00:10:599		6.83283e+06		104.527		41.9019		47363.5		0.17485		308.603		
00:00:10:500		6.83287e+06		104.429		41.9019		47363.5		0.17485		308.614		
00:00:10:400		6.83289e+06		104.429		41.6906		44366.8		0.170552		308.626		
00:00:10:349		6.8329e+06		104.429		41.6906		44366.8		0.170552		308.631		
00:00:10:199		6.83293e+06		104.328		41.4875		41469.5		0.166251		308.648		
00:00:10:099		6.83295e+06		104.328		41.4875		41469.5		0.166251		308.659		
00:00:10:000		6.83296e+06		104.226		41.4875		41469.5		0.166251		308.67		
00:00:09:900		6.83296e+06		104.226		41.2923		38650.5		0.161946		308.68		
00:00:09:800		6.83297e+06		104.226		41.2923		38650.5		0.161946		308.691		
00:00:09:599		6.83296e+06		104.123		41.1041		35913.7		0.157638		308.712		
00:00:09:599		6.83296e+06		104.123		41.1041		35913.7		0.157638		308.712		
00:00:09:500		6.83295e+06		104.017		41.1041		35913.7		0.157638		308.722		
00:00:09:400		6.83294e+06		104.017		40.9234		33273.4		0.153326		308.732		
00:00:09:300		6.83293e+06		104.017		40.9234		33273.4		0.153326		308.742		
00:00:09:199		6.83291e+06		103.91		40.752		30742.8		0.14901		308.751		
00:00:09:099		6.83288e+06		103.91		40.752		30742.8		0.14901		308.761		
00:00:09:000		6.83286e+06		103.801		40.752		30742.8		0.14901		308.77		
00:00:08:900		6.83283e+06		103.801		40.5904		28323.3		0.14469		308.78		
00:00:08:699		6.83276e+06		103.69		40.4393		26006.4		0.140366		308.797		
00:00:08:599		6.83272e+06		103.69		40.4393		26006.4		0.140366		308.806		
00:00:08:599		6.83272e+06		103.69		40.4393		26006.4		0.140366		308.806		
00:00:08:500		6.83268e+06		103.578		40.4393		26006.4		0.140366		308.814		
00:00:08:400		6.83263e+06		103.578		40.2995		23793.1		0.136038		308.822		
00:00:08:250		6.83256e+06		103.464		40.2995		23793.1		0.136038		308.834		
00:00:08:150		6.83251e+06		103.464		40.1711		21701.2		0.131705		308.842		
00:00:08:050		6.83245e+06		103.464		40.1711		21701.2		0.131705		308.849		
00:00:08:000		6.83243e+06		103.35		40.1711		21701.2		0.131705		308.853		
00:00:07:900		6.83237e+06		103.35		40.0522		19832.1		0.127367		308.86		
00:00:07:700		6.83226e+06		103.234		39.9441		18162.6		0.123024		308.875		
00:00:07:599		6.8322e+06		103.234		39.9441		18162.6		0.123024		308.883		
00:00:07:599		6.8322e+06		103.234		39.9441		18162.6		0.123024		308.883		
00:00:07:500		6.83215e+06		103.113		39.9441		18162.6		0.123024		308.89		
00:00:07:400		6.83209e+06		103.113		39.8493		16556.2		0.118675		308.898		
00:00:07:250		6.832e+06		103.012		39.8493		16556.2		0.118675		308.909		
00:00:07:150		6.83194e+06		103.012		39.7627		15015.2		0.114321		308.916		
00:00:07:049		6.83188e+06		103.012		39.7627		15015.2		0.114321		308.923		
00:00:06:950		6.83183e+06		102.907		39.6716		13548.2		0.10996		308.93		
00:00:06:849		6.83177e+06		102.907		39.6716		13548.2		0.10996		308.937		
00:00:06:750		6.83172e+06		102.8		39.6716		13548.2		0.10996		308.944		
00:00:06:650		6.83166e+06		102.8		39.5774		12159.5		0.105592		308.951		
00:00:06:549		6.83161e+06		102.8		39.5774		12159.5		0.105592		308.957		
00:00:06:450		6.83156e+06		102.689		39.4801		10864.4		0.101216		308.964		
00:00:06:450		6.83156e+06		102.689		39.4801		10864.4		0.101216		308.964		
00:00:06:349		6.83151e+06		102.689		39.4801		10864.4		0.101216		308.971		
00:00:06:250		6.83146e+06		102.576		39.4801		10864.4		0.101216		308.978		
00:00:06:049		6.83135e+06		102.576		39.3803		9638.08		0.0968294		308.994		
00:00:05:950		6.8313e+06		102.461		39.2785		8466.39		0.0924276		309.004		
00:00:05:950		6.8313e+06		102.461		39.2785		8466.39		0.0924276		309.004		
00:00:05:849		6.83124e+06		102.461		39.2785		8466.39		0.0924276		309.017		
00:00:05:650		6.83112e+06		102.344		39.1631		7353.25		0.0880084		309.05		
00:00:05:650		6.83112e+06		102.344		39.1631		7353.25		0.0880084		309.05		
00:00:05:549		6.83106e+06		102.344		39.1631		7353.25		0.0880084		309.067		
00:00:05:450		6.83099e+06		102.223		39.037		6287.27		0.083571		309.084		
00:00:05:250		6.83085e+06		102.099		39.037		6287.27		0.083571		309.121		
00:00:05:150		6.83078e+06		102.099		38.9112		5322.97		0.0791146		309.139		
00:00:05:049		6.83071e+06		102.099		38.9112		5322.97		0.0791146		309.159		
00:00:05:049		6.83071e+06		102.099		38.9112		5322.97		0.0791146		309.159		
00:00:04:950		6.83065e+06		101.971		38.7873		4452.85		0.0746387		309.178		
00:00:04:799		6.83054e+06		101.971		38.7873		4452.85		0.0746387		309.208		
00:00:04:599		6.83041e+06		101.833		38.6673		3616.86		0.0701429		309.248		
00:00:04:599		6.83041e+06		101.833		38.6673		3616.86		0.0701429		309.248		
00:00:04:500		6.83035e+06		101.716		38.6673		3616.86		0.0701429		309.269		
00:00:04:400		6.83029e+06		101.716		38.5372		2835.34		0.0656267		309.29		
00:00:04:299		6.83024e+06		101.716		38.5372		2835.34		0.0656267		309.311		
00:00:04:200		6.83019e+06		101.593		38.3913		2126.04		0.0610895		309.332		
00:00:04:099		6.83015e+06		101.593		38.3913		2126.04		0.0610895		309.354		
00:00:04:000		6.83011e+06		101.464		38.3913		2126.04		0.0610895		309.376		
00:00:03:899		6.83008e+06		101.464		38.2315		1509.07		0.0565309		309.397		
00:00:03:799		6.83006e+06		101.464		38.2315		1509.07		0.0565309		309.419		
00:00:03:600		6.83003e+06		101.33		38.0622		997.977		0.0519504		309.461		
00:00:03:600		6.83003e+06		101.33		38.0622		997.977		0.0519504		309.461		
00:00:03:500		6.83003e+06		101.19		38.0622		997.977		0.0519504		309.482		
00:00:03:399		6.83004e+06		101.19		37.8864		599.008		0.0473476		309.503		
00:00:03:299		6.83005e+06		101.19		37.8864		599.008		0.0473476		309.523		
00:00:03:200		6.83008e+06		101.046		37.709		315.516		0.0427221		309.543		
00:00:03:100		6.83011e+06		101.046		37.709		315.516		0.0427221		309.563		
00:00:03:000		6.83015e+06		100.899		37.709		315.516		0.0427221		309.582		
00:00:02:899		6.8302e+06		100.899		37.5354		136.274		0.0380734		309.6		
00:00:02:799		6.83025e+06		100.899		37.5354		136.274		0.0380734		309.617		
00:00:02:600		6.83038e+06		100.751		37.3728		46.6076		0.0334009		309.648		
00:00:02:600		6.83038e+06		100.751		37.3728		46.6076		0.0334009		309.648		
00:00:02:500		6.83044e+06		100.604		37.3728		46.6076		0.0334009		309.661		
00:00:02:399		6.83051e+06		100.604		37.2327		13.1533		0.0287041		309.672		
00:00:02:299		6.83058e+06		100.604		37.2327		13.1533		0.0287041		309.68		
00:00:02:200		6.83065e+06		100.457		37.13		1.80059		0.0239823		309.686		
00:00:02:100		6.83072e+06		100.457		37.13		1.80059		0.0239823		309.689		
00:00:02:000		6.83078e+06		100.369		37.13		1.80059		0.0239823		309.689		
00:00:01:850		6.83087e+06		100.369		36.9942		0		0.0192343		309.686		
00:00:01:699		6.83095e+06		100.269		36.8321		0		0.0144582		309.683		
00:00:01:550		6.83102e+06		100.269		36.8321		0		0.0144582		309.685		
00:00:01:550		6.83102e+06		100.269		36.8321		0		0.0144582		309.685		
00:00:01:449		6.83105e+06		100.161		36.658		0		0.00965603		309.689		
00:00:01:350		6.83109e+06		100.161		36.658		0		0.00965603		309.692		
00:00:01:250		6.83113e+06		100.05		36.658		0		0.00965603		309.691		
00:00:01:149		6.83115e+06		100.05		36.4931		0		0.00483248		309.687		
00:00:01:050		6.83117e+06		100.05		36.4931		0		0.00483248		309.688		
00:00:00:949		6.83119e+06		99.9598		36.3828		0		0		309.706		
00:00:00:849		6.83119e+06		99.9598		36.3828		0		0		309.747		
00:00:00:750		6.83118e+06		100.069		36.3828		0		0		309.807		
00:00:00:650		6.83118e+06		100.069		36.3831		0		0		309.846		
00:00:00:599		6.83118e+06		100.069		36.3831		0		0		309.846		
00:00:00:450		6.83117e+06		100.069		36.3834		0		0		309.846		
00:00:00:349		6.83117e+06		100.069		36.3834		0		0		309.846		
00:00:00:250		6.83116e+06		100.069		36.3834		0		0		309.846		
00:00:00:149		6.83116e+06		100.069		36.3837		0		0		309.846		
00:00:00:050		6.83115e+06		100.069		36.3837		0		0		309.846		
00:00:00:000		6.83115e+06		100.069		36.3837		0		0		309.846		
00:00:00:000		6.83115e+06		100.069		36.3837		0		0		309.846		
00:00:00:000		6.83115e+06		100.069		36.3837		0		0		309.846		
00:00:00:000		6.83115e+06		100.069		36.3837		0		0		309.846		
00:00:00:000		6.83115e+06		100.069		36.3837		0		0		309.846		
00:00:00:000		6.83115e+06		100.069		36.3837		0		0		309.846		
