	time 		rcpppzr	rcp054rcp007mnzoyout	rcv501std0102fvol	fwfrcp001gv	rcppmssga	msfsg(1)	
00:01:01:799		1.53324e+07		-0.106783		3.5621		530.133		6.96783e+06		526.993		
00:01:01:649		1.53325e+07		-0.106242		3.55721		530.135		6.96783e+06		526.994		
00:01:01:450		1.53327e+07		-0.105523		3.55077		530.136		6.96782e+06		527.004		
00:01:01:450		1.53327e+07		-0.105523		3.55077		530.136		6.96782e+06		527.004		
00:01:01:250		1.53328e+07		-0.104805		3.54418		530.136		6.96781e+06		526.998		
00:01:01:250		1.53328e+07		-0.104805		3.54418		530.136		6.96781e+06		526.998		
00:01:01:149		1.53328e+07		-0.104447		3.54098		530.136		6.96781e+06		526.999		
00:01:01:049		1.53329e+07		-0.104089		3.53778		530.136		6.9678e+06		526.999		
00:01:00:950		1.5333e+07		-0.103731		3.53459		530.138		6.9678e+06		526.993		
00:01:00:850		1.5333e+07		-0.103373		3.53141		530.138		6.9678e+06		527.003		
00:01:00:750		1.53331e+07		-0.103015		3.52813		530.14		6.96779e+06		527.003		
00:01:00:649		1.53332e+07		-0.102657		3.52494		530.14		6.96779e+06		527.004		
00:01:00:549		1.53332e+07		-0.102299		3.52176		530.142		6.96778e+06		527.004		
00:01:00:450		1.53333e+07		-0.101941		3.51853		530.142		6.96778e+06		527.005		
00:01:00:250		1.53334e+07		-0.101225		3.51212		530.144		6.96777e+06		527.006		
00:01:00:250		1.53334e+07		-0.101225		3.51212		530.144		6.96777e+06		527.006		
00:01:00:149		1.53335e+07		-0.100866		3.50896		530.146		6.96777e+06		527.006		
00:01:00:049		1.53335e+07		-0.100507		3.50587		530.146		6.96776e+06		527.007		
00:01:00:000		1.53336e+07		-0.100327		3.50426		530.146		6.96776e+06		527.007		
00:00:59:899		1.53336e+07		-0.099968		3.50131		530.146		6.96776e+06		527.007		
00:00:59:799		1.53337e+07		-0.0996075		3.49794		530.147		6.96775e+06		527.005		
00:00:59:700		1.53337e+07		-0.099247		3.49494		530.147		6.96775e+06		527.002		
00:00:59:600		1.53338e+07		-0.0988851		3.49164		530.147		6.96775e+06		527.01		
00:00:59:399		1.53339e+07		-0.0981603		3.48538		530.149		6.96774e+06		527.005		
00:00:59:299		1.5334e+07		-0.097796		3.48231		530.149		6.96773e+06		527.012		
00:00:59:299		1.5334e+07		-0.097796		3.48231		530.149		6.96773e+06		527.012		
00:00:59:200		1.53341e+07		-0.0974312		3.47924		530.149		6.96773e+06		527.012		
00:00:59:049		1.53341e+07		-0.0968819		3.47445		530.151		6.96772e+06		527.015		
00:00:58:950		1.53342e+07		-0.0965142		3.47127		530.153		6.96772e+06		527.015		
00:00:58:850		1.53343e+07		-0.0961456		3.46813		530.153		6.96771e+06		527.015		
00:00:58:750		1.53343e+07		-0.0957751		3.46505		530.153		6.96771e+06		527.01		
00:00:58:649		1.53344e+07		-0.0954037		3.46201		530.155		6.96771e+06		527.018		
00:00:58:549		1.53345e+07		-0.0950308		3.45876		530.155		6.9677e+06		527.019		
00:00:58:450		1.53345e+07		-0.094656		3.45578		530.155		6.9677e+06		527.018		
00:00:58:350		1.53346e+07		-0.0942798		3.45268		530.155		6.96769e+06		527.013		
00:00:58:250		1.53347e+07		-0.0939016		3.44934		530.157		6.96769e+06		527.022		
00:00:58:250		1.53347e+07		-0.0939016		3.44934		530.157		6.96769e+06		527.022		
00:00:58:149		1.53347e+07		-0.0935221		3.44641		530.157		6.96768e+06		527.022		
00:00:57:950		1.53349e+07		-0.0927567		3.4407		530.157		6.96768e+06		527.023		
00:00:57:850		1.53349e+07		-0.0923715		3.4371		530.159		6.96767e+06		527.018		
00:00:57:750		1.5335e+07		-0.0919838		3.43366		530.159		6.96767e+06		527.028		
00:00:57:750		1.5335e+07		-0.0919838		3.43366		530.159		6.96767e+06		527.028		
00:00:57:649		1.53351e+07		-0.0915937		3.43097		530.159		6.96766e+06		527.025		
00:00:57:549		1.53351e+07		-0.0912018		3.4264		530.16		6.96766e+06		527.025		
00:00:57:350		1.53353e+07		-0.0904098		3.42125		530.16		6.96765e+06		527.03		
00:00:57:350		1.53353e+07		-0.0904098		3.42125		530.16		6.96765e+06		527.03		
00:00:57:149		1.53354e+07		-0.0896082		3.41583		530.162		6.96764e+06		527.031		
00:00:57:149		1.53354e+07		-0.0896082		3.41583		530.162		6.96764e+06		527.031		
00:00:57:049		1.53355e+07		-0.0892034		3.41196		530.164		6.96764e+06		527.025		
00:00:56:950		1.53356e+07		-0.0887952		3.40855		530.164		6.96763e+06		527.034		
00:00:56:850		1.53356e+07		-0.0883851		3.40559		530.164		6.96763e+06		527.033		
00:00:56:649		1.53358e+07		-0.0875549		3.39932		530.166		6.96762e+06		527.039		
00:00:56:649		1.53358e+07		-0.0875549		3.39932		530.166		6.96762e+06		527.039		
00:00:56:549		1.53359e+07		-0.0871353		3.39615		530.166		6.96761e+06		527.04		
00:00:56:299		1.53361e+07		-0.086072		3.38827		530.168		6.9676e+06		527.043		
00:00:56:299		1.53361e+07		-0.086072		3.38827		530.168		6.9676e+06		527.043		
00:00:56:100		1.53362e+07		-0.0852065		3.38192		530.168		6.96759e+06		527.038		
00:00:56:100		1.53362e+07		-0.0852065		3.38192		530.168		6.96759e+06		527.038		
00:00:56:000		1.53363e+07		-0.0847688		3.37871		530.168		6.96759e+06		527.045		
00:00:55:899		1.53364e+07		-0.0843272		3.37557		530.169		6.96758e+06		527.047		
00:00:55:799		1.53365e+07		-0.0838823		3.37235		530.169		6.96758e+06		527.057		
00:00:55:700		1.53366e+07		-0.0834332		3.36918		530.169		6.96758e+06		527.05		
00:00:55:600		1.53366e+07		-0.0829806		3.36596		530.169		6.96757e+06		527.045		
00:00:55:399		1.53368e+07		-0.0820684		3.35953		530.171		6.96756e+06		527.052		
00:00:55:299		1.53369e+07		-0.0816088		3.35634		530.171		6.96756e+06		527.064		
00:00:55:299		1.53369e+07		-0.0816088		3.35634		530.171		6.96756e+06		527.064		
00:00:55:200		1.5337e+07		-0.0811467		3.35302		530.171		6.96755e+06		527.056		
00:00:55:100		1.53371e+07		-0.0806828		3.34984		530.173		6.96755e+06		527.051		
00:00:55:000		1.53372e+07		-0.0802159		3.34669		530.173		6.96754e+06		527.059		
00:00:54:899		1.53373e+07		-0.0797462		3.34337		530.173		6.96754e+06		527.062		
00:00:54:799		1.53374e+07		-0.0792742		3.34015		530.173		6.96754e+06		527.063		
00:00:54:700		1.53375e+07		-0.0787992		3.33694		530.173		6.96753e+06		527.064		
00:00:54:600		1.53376e+07		-0.0783219		3.33369		530.175		6.96753e+06		527.066		
00:00:54:500		1.53377e+07		-0.0778413		3.3305		530.175		6.96752e+06		527.068		
00:00:54:299		1.53379e+07		-0.0768709		3.32395		530.175		6.96751e+06		527.069		
00:00:54:299		1.53379e+07		-0.0768709		3.32395		530.175		6.96751e+06		527.069		
00:00:54:200		1.5338e+07		-0.0763812		3.3208		530.175		6.96751e+06		527.074		
00:00:54:100		1.53381e+07		-0.0758882		3.31749		530.175		6.9675e+06		527.075		
00:00:54:000		1.53382e+07		-0.0753922		3.3143		530.177		6.9675e+06		527.076		
00:00:53:899		1.53383e+07		-0.074892		3.31107		530.177		6.9675e+06		527.078		
00:00:53:799		1.53384e+07		-0.0743885		3.30782		530.177		6.96749e+06		527.071		
00:00:53:700		1.53385e+07		-0.0738816		3.30447		530.177		6.96749e+06		527.099		
00:00:53:549		1.53386e+07		-0.0731144		3.29953		530.177		6.96748e+06		527.085		
00:00:53:399		1.53388e+07		-0.0723381		3.29464		530.177		6.96747e+06		527.087		
00:00:53:250		1.5339e+07		-0.0715532		3.28978		530.179		6.96747e+06		527.09		
00:00:53:250		1.5339e+07		-0.0715532		3.28978		530.179		6.96747e+06		527.09		
00:00:53:149		1.53391e+07		-0.0710244		3.28651		530.179		6.96746e+06		527.103		
00:00:53:049		1.53392e+07		-0.0704913		3.28312		530.179		6.96746e+06		527.082		
00:00:52:950		1.53393e+07		-0.0699534		3.27988		530.179		6.96746e+06		527.094		
00:00:52:850		1.53394e+07		-0.0694118		3.27646		530.179		6.96745e+06		527.095		
00:00:52:750		1.53395e+07		-0.0688653		3.27331		530.179		6.96745e+06		527.099		
00:00:52:649		1.53396e+07		-0.0683141		3.27007		530.179		6.96744e+06		527.101		
00:00:52:549		1.53396e+07		-0.0683141		3.27007		530.179		6.96744e+06		527.101		
00:00:52:549		1.53398e+07		-0.0677576		3.26672		530.179		6.96744e+06		527.103		
00:00:52:350		1.534e+07		-0.0666308		3.2604		530.181		6.96743e+06		527.1		
00:00:52:250		1.53401e+07		-0.0660596		3.25706		530.181		6.96743e+06		527.112		
00:00:52:149		1.53402e+07		-0.0654836		3.25379		530.181		6.96742e+06		527.118		
00:00:52:049		1.53404e+07		-0.0649023		3.25036		530.181		6.96742e+06		527.118		
00:00:51:950		1.53405e+07		-0.0643153		3.24693		530.181		6.96742e+06		527.112		
00:00:51:950		1.53405e+07		-0.0643153		3.24693		530.181		6.96742e+06		527.112		
00:00:51:850		1.53406e+07		-0.0637231		3.24398		530.181		6.96741e+06		527.114		
00:00:51:649		1.53409e+07		-0.06252		3.23709		530.181		6.9674e+06		527.111		
00:00:51:649		1.53409e+07		-0.06252		3.23709		530.181		6.9674e+06		527.111		
00:00:51:450		1.53411e+07		-0.0612926		3.22985		530.181		6.9674e+06		527.121		
00:00:51:350		1.53413e+07		-0.0606694		3.22715		530.181		6.96739e+06		527.122		
00:00:51:350		1.53413e+07		-0.0606694		3.22715		530.181		6.96739e+06		527.122		
00:00:51:250		1.53414e+07		-0.0600405		3.22439		530.181		6.96739e+06		527.118		
00:00:51:100		1.53416e+07		-0.0590844		3.21771		530.181		6.96738e+06		527.129		
00:00:51:000		1.53418e+07		-0.0584397		3.21332		530.181		6.96738e+06		527.13		
00:00:50:899		1.53419e+07		-0.0577888		3.21123		530.181		6.96738e+06		527.138		
00:00:50:850		1.5342e+07		-0.0574613		3.21059		530.181		6.96737e+06		527.136		
00:00:50:750		1.53422e+07		-0.0564685		3.20894		530.179		6.96737e+06		527.131		
00:00:50:600		1.53423e+07		-0.0557981		3.20785		530.179		6.96737e+06		527.126		
00:00:50:500		1.53425e+07		-0.0551209		3.20654		530.181		6.96736e+06		527.139		
00:00:50:299		1.53427e+07		-0.0537419		3.20426		530.179		6.96736e+06		527.153		
00:00:50:299		1.53427e+07		-0.0537419		3.20426		530.179		6.96736e+06		527.153		
00:00:50:200		1.53429e+07		-0.0530396		3.2031		530.179		6.96735e+06		527.154		
00:00:50:100		1.5343e+07		-0.0523276		3.20183		530.179		6.96735e+06		527.146		
00:00:50:000		1.53432e+07		-0.0516067		3.20051		530.179		6.96735e+06		527.148		
00:00:49:899		1.53434e+07		-0.0508766		3.19918		530.179		6.96734e+06		527.15		
00:00:49:799		1.53435e+07		-0.050138		3.19814		530.181		6.96734e+06		527.152		
00:00:49:700		1.53437e+07		-0.0493922		3.1973		530.181		6.96734e+06		527.154		
00:00:49:600		1.53439e+07		-0.0486403		3.19574		530.179		6.96733e+06		527.156		
00:00:49:500		1.5344e+07		-0.0478821		3.19437		530.179		6.96733e+06		527.158		
00:00:49:299		1.53443e+07		-0.0463505		3.19234		530.179		6.96732e+06		527.162		
00:00:49:299		1.53443e+07		-0.0463505		3.19234		530.179		6.96732e+06		527.162		
00:00:49:200		1.53444e+07		-0.0456977		3.19132		530.179		6.96732e+06		527.165		
00:00:49:100		1.53446e+07		-0.0452323		3.19041		530.179		6.96732e+06		527.167		
00:00:49:000		1.53449e+07		-0.0447669		3.18939		530.179		6.96732e+06		527.169		
00:00:48:899		1.53451e+07		-0.044301		3.18841		530.179		6.96731e+06		527.171		
00:00:48:799		1.53454e+07		-0.0438347		3.18768		530.179		6.96731e+06		527.164		
00:00:48:700		1.53456e+07		-0.0433693		3.18653		530.179		6.96731e+06		527.173		
00:00:48:600		1.53459e+07		-0.0429034		3.18547		530.179		6.9673e+06		527.181		
00:00:48:500		1.53461e+07		-0.0424376		3.1848		530.179		6.9673e+06		527.177		
00:00:48:299		1.53466e+07		-0.0415053		3.18282		530.177		6.9673e+06		527.18		
00:00:48:299		1.53466e+07		-0.0415053		3.18282		530.177		6.9673e+06		527.18		
00:00:48:200		1.53468e+07		-0.041039		3.18199		530.177		6.96729e+06		527.174		
00:00:48:100		1.53471e+07		-0.0405731		3.18088		530.177		6.96729e+06		527.186		
00:00:48:000		1.53473e+07		-0.0401063		3.17989		530.177		6.96729e+06		527.187		
00:00:47:899		1.53476e+07		-0.0396399		3.17896		530.177		6.96728e+06		527.191		
00:00:47:799		1.53478e+07		-0.0391731		3.17813		530.177		6.96728e+06		527.192		
00:00:47:700		1.53481e+07		-0.0387063		3.17714		530.177		6.96728e+06		527.193		
00:00:47:549		1.53485e+07		-0.0380063		3.17578		530.175		6.96727e+06		527.198		
00:00:47:350		1.5349e+07		-0.0370727		3.17376		530.175		6.96727e+06		527.207		
00:00:47:299		1.53491e+07		-0.03684		3.17337		530.175		6.96727e+06		527.204		
00:00:47:299		1.53491e+07		-0.03684		3.17337		530.175		6.96727e+06		527.204		
00:00:47:200		1.53493e+07		-0.0363731		3.17235		530.175		6.96727e+06		527.205		
00:00:47:100		1.53496e+07		-0.0359063		3.17139		530.173		6.96726e+06		527.206		
00:00:46:950		1.53499e+07		-0.0352054		3.17028		530.173		6.96726e+06		527.21		
00:00:46:850		1.53502e+07		-0.0347381		3.16916		530.173		6.96726e+06		527.211		
00:00:46:750		1.53504e+07		-0.0342708		3.16809		530.173		6.96725e+06		527.212		
00:00:46:649		1.53507e+07		-0.0338035		3.16715		530.173		6.96725e+06		527.221		
00:00:46:549		1.53509e+07		-0.0333362		3.16648		530.171		6.96725e+06		527.217		
00:00:46:350		1.53514e+07		-0.0324011		3.16451		530.171		6.96724e+06		527.22		
00:00:46:250		1.53517e+07		-0.0319333		3.16351		530.171		6.96724e+06		527.224		
00:00:46:250		1.53517e+07		-0.0319333		3.16351		530.171		6.96724e+06		527.224		
00:00:46:149		1.53519e+07		-0.0314655		3.16255		530.169		6.96724e+06		527.226		
00:00:46:049		1.53522e+07		-0.0309978		3.16175		530.169		6.96723e+06		527.228		
00:00:45:950		1.53524e+07		-0.03053		3.16079		530.169		6.96723e+06		527.229		
00:00:45:950		1.53524e+07		-0.03053		3.16079		530.169		6.96723e+06		527.229		
00:00:45:850		1.53527e+07		-0.0300622		3.15968		530.169		6.96723e+06		527.23		
00:00:45:649		1.53532e+07		-0.0291257		3.15789		530.168		6.96722e+06		527.241		
00:00:45:549		1.53534e+07		-0.0286579		3.15695		530.168		6.96722e+06		527.238		
00:00:45:549		1.53534e+07		-0.0286579		3.15695		530.168		6.96722e+06		527.238		
00:00:45:250		1.53541e+07		-0.0272532		3.15432		530.168		6.96721e+06		527.247		
00:00:45:250		1.53541e+07		-0.0272532		3.15432		530.168		6.96721e+06		527.247		
00:00:45:250		1.53541e+07		-0.0272532		3.15432		530.168		6.96721e+06		527.247		
00:00:45:149		1.53544e+07		-0.0267844		3.15329		530.168		6.96721e+06		527.244		
00:00:44:950		1.53549e+07		-0.0258479		3.15153		530.166		6.96721e+06		527.246		
00:00:44:850		1.53551e+07		-0.0253792		3.15057		530.166		6.9672e+06		527.251		
00:00:44:750		1.53554e+07		-0.0249109		3.14943		530.166		6.9672e+06		527.251		
00:00:44:649		1.53556e+07		-0.0244417		3.14858		530.164		6.9672e+06		527.239		
00:00:44:649		1.53556e+07		-0.0244417		3.14858		530.164		6.9672e+06		527.239		
00:00:44:549		1.53559e+07		-0.023973		3.14774		530.164		6.9672e+06		527.256		
00:00:44:250		1.53566e+07		-0.0225663		3.14497		530.162		6.96719e+06		527.261		
00:00:44:250		1.53566e+07		-0.0225663		3.14497		530.162		6.96719e+06		527.261		
00:00:44:250		1.53566e+07		-0.0225663		3.14497		530.162		6.96719e+06		527.261		
00:00:44:149		1.53569e+07		-0.0220971		3.14393		530.162		6.96719e+06		527.262		
00:00:44:049		1.53571e+07		-0.0216284		3.1431		530.16		6.96718e+06		527.263		
00:00:43:950		1.53574e+07		-0.0211592		3.14218		530.16		6.96718e+06		527.271		
00:00:43:850		1.53576e+07		-0.0206895		3.14113		530.16		6.96718e+06		527.268		
00:00:43:750		1.53579e+07		-0.0202198		3.14027		530.16		6.96718e+06		527.27		
00:00:43:649		1.53581e+07		-0.0197506		3.13936		530.159		6.96717e+06		527.272		
00:00:43:450		1.53586e+07		-0.0188117		3.13759		530.157		6.96717e+06		527.275		
00:00:43:450		1.53586e+07		-0.0188117		3.13759		530.157		6.96717e+06		527.275		
00:00:43:299		1.5359e+07		-0.0181069		3.1362		530.157		6.96717e+06		527.277		
00:00:43:100		1.53595e+07		-0.0171676		3.1344		530.155		6.96716e+06		527.281		
00:00:43:100		1.53595e+07		-0.0171676		3.1344		530.155		6.96716e+06		527.281		
00:00:43:000		1.53597e+07		-0.0166979		3.13339		530.155		6.96716e+06		527.283		
00:00:42:899		1.536e+07		-0.0162282		3.13265		530.155		6.96716e+06		527.284		
00:00:42:799		1.53602e+07		-0.015758		3.13176		530.155		6.96715e+06		527.285		
00:00:42:700		1.53605e+07		-0.0152879		3.13071		530.153		6.96715e+06		527.286		
00:00:42:600		1.53607e+07		-0.0148177		3.12989		530.153		6.96715e+06		527.286		
00:00:42:500		1.53609e+07		-0.014348		3.12896		530.153		6.96715e+06		527.282		
00:00:42:399		1.53612e+07		-0.0138774		3.12803		530.151		6.96714e+06		527.29		
00:00:42:299		1.53614e+07		-0.0134072		3.12725		530.151		6.96714e+06		527.294		
00:00:42:200		1.53617e+07		-0.0129371		3.12631		530.149		6.96714e+06		527.295		
00:00:42:100		1.53619e+07		-0.0124664		3.12526		530.149		6.96714e+06		527.297		
00:00:42:000		1.53622e+07		-0.0119963		3.12431		530.149		6.96713e+06		527.299		
00:00:41:899		1.53624e+07		-0.0115256		3.12367		530.147		6.96713e+06		527.3		
00:00:41:799		1.53627e+07		-0.011055		3.12265		530.147		6.96713e+06		527.302		
00:00:41:700		1.53629e+07		-0.0105844		3.1218		530.146		6.96713e+06		527.303		
00:00:41:600		1.53632e+07		-0.0101137		3.12083		530.146		6.96713e+06		527.305		
00:00:41:500		1.53634e+07		-0.0096426		3.11955		530.146		6.96712e+06		527.307		
00:00:41:299		1.53639e+07		-0.00870085		3.11814		530.144		6.96712e+06		527.31		
00:00:41:299		1.53639e+07		-0.00870085		3.11814		530.144		6.96712e+06		527.31		
00:00:41:200		1.53642e+07		-0.00823021		3.11716		530.142		6.96712e+06		527.312		
00:00:41:100		1.53644e+07		-0.00775957		3.11621		530.142		6.96711e+06		527.313		
00:00:41:000		1.53647e+07		-0.00728846		3.11549		530.142		6.96711e+06		527.315		
00:00:40:899		1.53649e+07		-0.00681734		3.11447		530.14		6.96711e+06		527.317		
00:00:40:799		1.53652e+07		-0.00634623		3.11359		530.14		6.96711e+06		527.318		
00:00:40:700		1.53654e+07		-0.00587511		3.11287		530.138		6.96711e+06		527.32		
00:00:40:600		1.53656e+07		-0.005404		3.11177		530.138		6.9671e+06		527.321		
00:00:40:500		1.53659e+07		-0.0049324		3.11083		530.136		6.9671e+06		527.322		
00:00:40:299		1.53664e+07		-0.00398922		3.10914		530.135		6.9671e+06		527.324		
00:00:40:299		1.53664e+07		-0.00398922		3.10914		530.135		6.9671e+06		527.324		
00:00:40:200		1.53666e+07		-0.0035181		3.10833		530.135		6.96709e+06		527.325		
00:00:40:100		1.53669e+07		-0.00304651		3.10743		530.135		6.96709e+06		527.328		
00:00:40:000		1.53671e+07		-0.00257492		3.10637		530.133		6.96709e+06		527.329		
00:00:39:899		1.53674e+07		-0.00210333		3.10569		530.133		6.96709e+06		527.329		
00:00:39:799		1.53676e+07		-0.00163126		3.10467		530.131		6.96709e+06		527.325		
00:00:39:700		1.53679e+07		-0.00115967		3.10373		530.131		6.96708e+06		527.333		
00:00:39:600		1.53681e+07		-0.000687599		3.10303		530.131		6.96708e+06		527.334		
00:00:39:500		1.53684e+07		-0.00021553		3.10196		530.129		6.96708e+06		527.33		
00:00:39:350		1.53687e+07		0.000492096		3.10065		530.127		6.96708e+06		527.34		
00:00:39:299		1.53689e+07		0.000728607		3.10035		530.127		6.96707e+06		527.34		
00:00:39:200		1.53691e+07		0.00120068		3.09929		530.127		6.96707e+06		527.342		
00:00:39:049		1.53695e+07		0.00190878		3.09795		530.125		6.96707e+06		527.344		
00:00:38:950		1.53697e+07		0.00238132		3.09732		530.124		6.96707e+06		527.345		
00:00:38:850		1.537e+07		0.00285387		3.09625		530.124		6.96707e+06		527.345		
00:00:38:750		1.53702e+07		0.00332594		3.09524		530.122		6.96706e+06		527.346		
00:00:38:649		1.53705e+07		0.00379848		3.09445		530.122		6.96706e+06		527.347		
00:00:38:549		1.53707e+07		0.00427103		3.09365		530.12		6.96706e+06		527.349		
00:00:38:450		1.5371e+07		0.00474358		3.09287		530.12		6.96706e+06		527.349		
00:00:38:350		1.53712e+07		0.00521612		3.09185		530.118		6.96705e+06		527.345		
00:00:38:250		1.53715e+07		0.00568914		3.09082		530.118		6.96705e+06		527.354		
00:00:38:149		1.53717e+07		0.00616169		3.08989		530.116		6.96705e+06		527.355		
00:00:38:049		1.53719e+07		0.00663519		3.08891		530.114		6.96705e+06		527.349		
00:00:37:950		1.53722e+07		0.00710773		3.08831		530.114		6.96705e+06		527.358		
00:00:37:850		1.53724e+07		0.00758076		3.08745		530.114		6.96704e+06		527.36		
00:00:37:850		1.53724e+07		0.00758076		3.08745		530.114		6.96704e+06		527.36		
00:00:37:750		1.53727e+07		0.00805378		3.08638		530.112		6.96704e+06		527.36		
00:00:37:649		1.53729e+07		0.00852633		3.08551		530.112		6.96704e+06		527.361		
00:00:37:549		1.53732e+07		0.00899982		3.08483		530.111		6.96704e+06		527.361		
00:00:37:250		1.53739e+07		0.0104184		3.08221		530.109		6.96703e+06		527.359		
00:00:37:250		1.53739e+07		0.0104184		3.08221		530.109		6.96703e+06		527.359		
00:00:37:250		1.53739e+07		0.0104184		3.08221		530.109		6.96703e+06		527.359		
00:00:37:149		1.53742e+07		0.0108914		3.08114		530.107		6.96703e+06		527.368		
00:00:37:049		1.53744e+07		0.0113645		3.08031		530.105		6.96703e+06		527.374		
00:00:36:950		1.53747e+07		0.0118375		3.07963		530.105		6.96703e+06		527.359		
00:00:36:750		1.53752e+07		0.0127835		3.07778		530.101		6.96702e+06		527.372		
00:00:36:750		1.53752e+07		0.0127835		3.07778		530.101		6.96702e+06		527.372		
00:00:36:649		1.53754e+07		0.0132565		3.07696		530.101		6.96702e+06		527.372		
00:00:36:549		1.53756e+07		0.01373		3.076		530.1		6.96702e+06		527.373		
00:00:36:450		1.53759e+07		0.0142026		3.07513		530.1		6.96702e+06		527.376		
00:00:36:299		1.53763e+07		0.0149126		3.074		530.098		6.96701e+06		527.377		
00:00:36:200		1.53765e+07		0.0153856		3.07301		530.096		6.96701e+06		527.377		
00:00:36:100		1.53768e+07		0.0158587		3.07219		530.096		6.96701e+06		527.372		
00:00:35:899		1.53773e+07		0.0168047		3.07058		530.094		6.967e+06		527.382		
00:00:35:899		1.53773e+07		0.0168047		3.07058		530.094		6.967e+06		527.382		
00:00:35:799		1.53775e+07		0.0172782		3.06971		530.092		6.967e+06		527.383		
00:00:35:750		1.53776e+07		0.0175152		3.06931		530.092		6.967e+06		527.383		
00:00:35:649		1.53779e+07		0.0179882		3.06823		530.09		6.967e+06		527.383		
00:00:35:549		1.53781e+07		0.0184612		3.0674		530.089		6.967e+06		527.384		
00:00:35:299		1.53787e+07		0.0196447		3.06537		530.087		6.96699e+06		527.387		
00:00:35:299		1.53787e+07		0.0196447		3.06537		530.087		6.96699e+06		527.387		
00:00:35:200		1.5379e+07		0.0201178		3.06458		530.087		6.96699e+06		527.387		
00:00:35:100		1.53792e+07		0.0205913		3.06363		530.085		6.96699e+06		527.387		
00:00:35:000		1.53795e+07		0.0210643		3.06275		530.085		6.96699e+06		527.383		
00:00:34:899		1.53797e+07		0.0215373		3.06199		530.083		6.96698e+06		527.39		
00:00:34:799		1.538e+07		0.0220108		3.06117		530.081		6.96698e+06		527.391		
00:00:34:700		1.53802e+07		0.0224843		3.0602		530.081		6.96698e+06		527.4		
00:00:34:600		1.53805e+07		0.0229573		3.05941		530.079		6.96698e+06		527.394		
00:00:34:500		1.53807e+07		0.0234308		3.05865		530.078		6.96698e+06		527.394		
00:00:34:399		1.53809e+07		0.0239038		3.05785		530.078		6.96697e+06		527.395		
00:00:34:299		1.53812e+07		0.0243773		3.0569		530.076		6.96697e+06		527.395		
00:00:34:200		1.53814e+07		0.0248504		3.05569		530.076		6.96697e+06		527.396		
00:00:34:100		1.53817e+07		0.0253234		3.05517		530.074		6.96697e+06		527.396		
00:00:34:000		1.53819e+07		0.0257964		3.05447		530.072		6.96697e+06		527.391		
00:00:33:899		1.53822e+07		0.0262699		3.05354		530.072		6.96696e+06		527.399		
00:00:33:799		1.53824e+07		0.0267429		3.05264		530.07		6.96696e+06		527.4		
00:00:33:700		1.53827e+07		0.0272155		3.05186		530.07		6.96696e+06		527.401		
00:00:33:549		1.5383e+07		0.027925		3.0506		530.068		6.96696e+06		527.401		
00:00:33:450		1.53833e+07		0.0283985		3.05		530.066		6.96695e+06		527.401		
00:00:33:350		1.53835e+07		0.0288711		3.04892		530.065		6.96695e+06		527.401		
00:00:33:250		1.53838e+07		0.0293446		3.04802		530.063		6.96695e+06		527.404		
00:00:33:149		1.5384e+07		0.0298171		3.04743		530.063		6.96695e+06		527.405		
00:00:33:049		1.53843e+07		0.0302896		3.04646		530.061		6.96695e+06		527.406		
00:00:32:950		1.53845e+07		0.0307631		3.04557		530.061		6.96694e+06		527.406		
00:00:32:850		1.53848e+07		0.0312357		3.04485		530.059		6.96694e+06		527.407		
00:00:32:750		1.5385e+07		0.0317092		3.04388		530.059		6.96694e+06		527.406		
00:00:32:649		1.53852e+07		0.0321817		3.04311		530.057		6.96694e+06		527.406		
00:00:32:549		1.53855e+07		0.0326543		3.04243		530.057		6.96694e+06		527.402		
00:00:32:350		1.5386e+07		0.0336003		3.0406		530.054		6.96693e+06		527.403		
00:00:32:250		1.53862e+07		0.0340729		3.03992		530.052		6.96693e+06		527.42		
00:00:32:250		1.53862e+07		0.0340729		3.03992		530.052		6.96693e+06		527.42		
00:00:32:250		1.53862e+07		0.0340729		3.03992		530.052		6.96693e+06		527.42		
00:00:32:049		1.53867e+07		0.035018		3.03813		530.05		6.96693e+06		527.412		
00:00:31:949		1.5387e+07		0.035491		3.03745		530.048		6.96692e+06		527.412		
00:00:31:850		1.53872e+07		0.0359635		3.03648		530.046		6.96692e+06		527.412		
00:00:31:750		1.53875e+07		0.0364366		3.0357		530.046		6.96692e+06		527.416		
00:00:31:649		1.53877e+07		0.0369091		3.03502		530.044		6.96692e+06		527.403		
00:00:31:550		1.5388e+07		0.0373816		3.03405		530.044		6.96692e+06		527.414		
00:00:31:350		1.53884e+07		0.0383267		3.03255		530.043		6.96691e+06		527.413		
00:00:31:350		1.53884e+07		0.0383267		3.03255		530.043		6.96691e+06		527.413		
00:00:31:250		1.53887e+07		0.0387993		3.03157		530.041		6.96691e+06		527.414		
00:00:31:149		1.53889e+07		0.0392718		3.03083		530.039		6.96691e+06		527.413		
00:00:31:149		1.53889e+07		0.0392718		3.03083		530.039		6.96691e+06		527.413		
00:00:31:050		1.53892e+07		0.0397444		3.03011		530.039		6.9669e+06		527.414		
00:00:30:949		1.53894e+07		0.0402164		3.02917		530.037		6.9669e+06		527.409		
00:00:30:850		1.53897e+07		0.040689		3.02835		530.037		6.9669e+06		527.417		
00:00:30:699		1.539e+07		0.0413976		3.02714		530.033		6.9669e+06		527.416		
00:00:30:600		1.53903e+07		0.0418701		3.02632		530.033		6.96689e+06		527.417		
00:00:30:500		1.53905e+07		0.0423417		3.02564		530.031		6.96689e+06		527.417		
00:00:30:399		1.53908e+07		0.0428143		3.02478		530.031		6.96689e+06		527.416		
00:00:30:300		1.5391e+07		0.0432868		3.02395		530.03		6.96689e+06		527.42		
00:00:30:100		1.53915e+07		0.0442314		3.02233		530.028		6.96688e+06		527.419		
00:00:30:100		1.53915e+07		0.0442314		3.02233		530.028		6.96688e+06		527.419		
00:00:30:000		1.53917e+07		0.0447035		3.02168		530.026		6.96688e+06		527.42		
00:00:29:899		1.5392e+07		0.0451756		3.02078		530.026		6.96688e+06		527.42		
00:00:29:800		1.53922e+07		0.0456476		3.01994		530.024		6.96688e+06		527.419		
00:00:29:699		1.53925e+07		0.0461197		3.01917		530.022		6.96688e+06		527.418		
00:00:29:600		1.53927e+07		0.0465918		3.0184		530.022		6.96687e+06		527.418		
00:00:29:550		1.53928e+07		0.0468278		3.01796		530.02		6.96687e+06		527.419		
00:00:29:399		1.53932e+07		0.0475359		3.01681		530.019		6.96687e+06		527.421		
00:00:29:300		1.53934e+07		0.0480075		3.01608		530.017		6.96687e+06		527.423		
00:00:29:199		1.53937e+07		0.0484796		3.01522		530.017		6.96686e+06		527.421		
00:00:29:100		1.53939e+07		0.0489511		3.01443		530.015		6.96686e+06		527.42		
00:00:29:000		1.53942e+07		0.0494227		3.01361		530.013		6.96686e+06		527.419		
00:00:28:899		1.53944e+07		0.0498943		3.01283		530.013		6.96686e+06		527.415		
00:00:28:800		1.53947e+07		0.0503659		3.01216		530.011		6.96685e+06		527.422		
00:00:28:699		1.53949e+07		0.0508375		3.01133		530.009		6.96685e+06		527.422		
00:00:28:600		1.53952e+07		0.0513086		3.01056		530.009		6.96685e+06		527.422		
00:00:28:500		1.53954e+07		0.0517802		3.00971		530.008		6.96685e+06		527.421		
00:00:28:399		1.53956e+07		0.0522518		3.00892		530.008		6.96685e+06		527.42		
00:00:28:300		1.53959e+07		0.0527229		3.0082		530.006		6.96684e+06		527.42		
00:00:28:199		1.53961e+07		0.0531945		3.00741		530.004		6.96684e+06		527.42		
00:00:28:100		1.53964e+07		0.0536652		3.00658		530.004		6.96684e+06		527.414		
00:00:28:000		1.53966e+07		0.0541363		3.00585		530.002		6.96684e+06		527.421		
00:00:27:850		1.5397e+07		0.0548429		3.00469		530.002		6.96683e+06		527.422		
00:00:27:800		1.53971e+07		0.055078		3.00427		530.002		6.96683e+06		527.42		
00:00:27:649		1.53975e+07		0.0557842		3.00314		529.998		6.96683e+06		527.413		
00:00:27:550		1.53977e+07		0.0562553		3.00235		529.997		6.96682e+06		527.421		
00:00:27:449		1.5398e+07		0.056726		3.00166		529.997		6.96682e+06		527.421		
00:00:27:350		1.53982e+07		0.0571966		3.00087		529.995		6.96682e+06		527.421		
00:00:27:250		1.53984e+07		0.0576673		3.0001		529.993		6.96682e+06		527.421		
00:00:27:149		1.53987e+07		0.0581379		2.99932		529.993		6.96681e+06		527.421		
00:00:27:100		1.53988e+07		0.0583725		2.99894		529.993		6.96681e+06		527.42		
00:00:27:000		1.5399e+07		0.0588427		2.99817		529.991		6.96681e+06		527.42		
00:00:26:850		1.53994e+07		0.0595479		2.99701		529.989		6.96681e+06		527.419		
00:00:26:750		1.53997e+07		0.0600181		2.99632		529.989		6.9668e+06		527.419		
00:00:26:649		1.53999e+07		0.0604877		2.99558		529.987		6.9668e+06		527.419		
00:00:26:550		1.54001e+07		0.0609579		2.99475		529.987		6.9668e+06		527.419		
00:00:26:449		1.54004e+07		0.0614281		2.99402		529.985		6.9668e+06		527.417		
00:00:26:350		1.54006e+07		0.0618973		2.99323		529.984		6.96679e+06		527.416		
00:00:26:250		1.54009e+07		0.062367		2.99251		529.982		6.96679e+06		527.41		
00:00:26:149		1.54011e+07		0.0628371		2.99181		529.982		6.96679e+06		527.417		
00:00:26:050		1.54014e+07		0.0633068		2.99098		529.98		6.96679e+06		527.416		
00:00:25:949		1.54016e+07		0.063776		2.99033		529.98		6.96678e+06		527.416		
00:00:25:850		1.54018e+07		0.0642457		2.98949		529.978		6.96678e+06		527.414		
00:00:25:850		1.54018e+07		0.0642457		2.98949		529.978		6.96678e+06		527.414		
00:00:25:750		1.54021e+07		0.0647154		2.98875		529.978		6.96678e+06		527.413		
00:00:25:649		1.54023e+07		0.0651855		2.98811		529.976		6.96677e+06		527.415		
00:00:25:550		1.54026e+07		0.0656552		2.98722		529.974		6.96677e+06		527.414		
00:00:25:350		1.54031e+07		0.0665941		2.98603		529.973		6.96677e+06		527.413		
00:00:25:250		1.54033e+07		0.0670633		2.98519		529.971		6.96676e+06		527.411		
00:00:25:250		1.54033e+07		0.0670633		2.98519		529.971		6.96676e+06		527.411		
00:00:25:100		1.54037e+07		0.0677676		2.98402		529.969		6.96676e+06		527.412		
00:00:25:050		1.54038e+07		0.0680017		2.98378		529.969		6.96676e+06		527.412		
00:00:24:899		1.54041e+07		0.068706		2.98265		529.969		6.96675e+06		527.41		
00:00:24:800		1.54044e+07		0.0691748		2.98191		529.967		6.96675e+06		527.408		
00:00:24:699		1.54046e+07		0.0696445		2.98125		529.965		6.96675e+06		527.407		
00:00:24:600		1.54049e+07		0.0701132		2.98054		529.965		6.96674e+06		527.403		
00:00:24:500		1.54051e+07		0.0705824		2.97975		529.963		6.96674e+06		527.411		
00:00:24:300		1.54056e+07		0.0715199		2.97821		529.962		6.96673e+06		527.406		
00:00:24:199		1.54058e+07		0.0719891		2.97745		529.962		6.96673e+06		527.405		
00:00:24:199		1.54058e+07		0.0719891		2.97745		529.962		6.96673e+06		527.405		
00:00:24:100		1.54061e+07		0.0724573		2.9767		529.96		6.96673e+06		527.405		
00:00:24:000		1.54063e+07		0.072926		2.97595		529.96		6.96672e+06		527.403		
00:00:23:899		1.54066e+07		0.0733948		2.9752		529.958		6.96672e+06		527.401		
00:00:23:800		1.54068e+07		0.073863		2.9744		529.958		6.96672e+06		527.407		
00:00:23:699		1.54071e+07		0.0743318		2.97365		529.956		6.96671e+06		527.396		
00:00:23:600		1.54073e+07		0.0748005		2.9729		529.956		6.96671e+06		527.405		
00:00:23:500		1.54075e+07		0.0752687		2.97223		529.956		6.96671e+06		527.399		
00:00:23:399		1.54078e+07		0.075737		2.97151		529.952		6.9667e+06		527.398		
00:00:23:300		1.5408e+07		0.0762057		2.97064		529.952		6.9667e+06		527.396		
00:00:23:199		1.54083e+07		0.076674		2.96988		529.952		6.9667e+06		527.396		
00:00:23:100		1.54085e+07		0.0771422		2.96927		529.951		6.96669e+06		527.395		
00:00:23:000		1.54088e+07		0.0776105		2.96852		529.951		6.96669e+06		527.394		
00:00:22:899		1.5409e+07		0.0780787		2.96775		529.951		6.96669e+06		527.393		
00:00:22:800		1.54092e+07		0.0785465		2.96705		529.949		6.96668e+06		527.39		
00:00:22:699		1.54095e+07		0.0790148		2.96629		529.949		6.96668e+06		527.388		
00:00:22:600		1.54097e+07		0.079483		2.96553		529.947		6.96668e+06		527.389		
00:00:22:500		1.541e+07		0.0799503		2.96482		529.947		6.96667e+06		527.394		
00:00:22:399		1.54102e+07		0.0804176		2.96406		529.945		6.96667e+06		527.373		
00:00:22:300		1.54105e+07		0.0808849		2.96335		529.945		6.96667e+06		527.386		
00:00:22:149		1.54108e+07		0.0815854		2.96225		529.943		6.96666e+06		527.38		
00:00:22:050		1.54111e+07		0.0820522		2.96154		529.941		6.96666e+06		527.372		
00:00:22:000		1.54112e+07		0.0822854		2.96112		529.941		6.96665e+06		527.396		
00:00:21:899		1.54114e+07		0.0827518		2.96036		529.941		6.96665e+06		527.381		
00:00:21:800		1.54117e+07		0.0832181		2.95968		529.941		6.96665e+06		527.38		
00:00:21:699		1.54119e+07		0.083684		2.95897		529.939		6.96664e+06		527.378		
00:00:21:600		1.54122e+07		0.0841498		2.95817		529.939		6.96664e+06		527.376		
00:00:21:500		1.54124e+07		0.0846152		2.95745		529.939		6.96663e+06		527.376		
00:00:21:399		1.54128e+07		0.0853133		2.95645		529.938		6.96663e+06		527.375		
00:00:21:250		1.5413e+07		0.0857782		2.95573		529.936		6.96662e+06		527.374		
00:00:21:149		1.54133e+07		0.0862427		2.95501		529.936		6.96662e+06		527.373		
00:00:21:050		1.54135e+07		0.0867071		2.95425		529.934		6.96661e+06		527.372		
00:00:20:949		1.54138e+07		0.0871716		2.95357		529.934		6.96661e+06		527.371		
00:00:20:850		1.5414e+07		0.0876355		2.95285		529.934		6.96661e+06		527.37		
00:00:20:750		1.54142e+07		0.088099		2.95213		529.932		6.9666e+06		527.369		
00:00:20:649		1.54145e+07		0.088563		2.95141		529.932		6.9666e+06		527.367		
00:00:20:550		1.54147e+07		0.0890255		2.95069		529.932		6.96659e+06		527.366		
00:00:20:449		1.5415e+07		0.089489		2.95006		529.93		6.96659e+06		527.365		
00:00:20:350		1.54152e+07		0.089952		2.94925		529.93		6.96658e+06		527.364		
00:00:20:250		1.54155e+07		0.090414		2.94853		529.93		6.96658e+06		527.362		
00:00:20:250		1.54155e+07		0.090414		2.94853		529.93		6.96658e+06		527.362		
00:00:20:149		1.54157e+07		0.0908766		2.94783		529.928		6.96657e+06		527.361		
00:00:20:050		1.5416e+07		0.0913382		2.94719		529.928		6.96657e+06		527.36		
00:00:19:949		1.54162e+07		0.0917997		2.94647		529.928		6.96656e+06		527.359		
00:00:19:850		1.54165e+07		0.0922618		2.94575		529.927		6.96656e+06		527.357		
00:00:19:750		1.54167e+07		0.0927229		2.94506		529.927		6.96655e+06		527.355		
00:00:19:649		1.54169e+07		0.0931835		2.94438		529.927		6.96655e+06		527.348		
00:00:19:550		1.54172e+07		0.0936441		2.94362		529.927		6.96654e+06		527.354		
00:00:19:350		1.54177e+07		0.0945649		2.94226		529.925		6.96653e+06		527.351		
00:00:19:199		1.54181e+07		0.0952544		2.9412		529.925		6.96653e+06		527.343		
00:00:19:199		1.54181e+07		0.0952544		2.9412		529.925		6.96653e+06		527.343		
00:00:19:100		1.54183e+07		0.0957136		2.9404		529.925		6.96652e+06		527.349		
00:00:19:000		1.54186e+07		0.0961728		2.93976		529.923		6.96652e+06		527.358		
00:00:18:899		1.54188e+07		0.096632		2.93908		529.923		6.96651e+06		527.365		
00:00:18:800		1.5419e+07		0.0970902		2.9384		529.921		6.96651e+06		527.338		
00:00:18:699		1.54193e+07		0.0975485		2.93772		529.921		6.9665e+06		527.345		
00:00:18:600		1.54195e+07		0.0980062		2.93699		529.921		6.9665e+06		527.343		
00:00:18:500		1.54198e+07		0.098464		2.93633		529.921		6.96649e+06		527.342		
00:00:18:300		1.54203e+07		0.0993786		2.93496		529.919		6.96648e+06		527.339		
00:00:18:199		1.54205e+07		0.0998354		2.93436		529.919		6.96647e+06		527.338		
00:00:18:199		1.54205e+07		0.0998354		2.93436		529.919		6.96647e+06		527.338		
00:00:18:100		1.54208e+07		0.100291		2.93364		529.919		6.96647e+06		527.337		
00:00:18:000		1.5421e+07		0.100748		2.933		529.919		6.96646e+06		527.336		
00:00:17:899		1.54213e+07		0.101203		2.93232		529.919		6.96646e+06		527.334		
00:00:17:800		1.54215e+07		0.101659		2.93163		529.919		6.96645e+06		527.333		
00:00:17:699		1.54218e+07		0.102114		2.93091		529.917		6.96645e+06		527.33		
00:00:17:600		1.5422e+07		0.102569		2.93027		529.917		6.96644e+06		527.322		
00:00:17:500		1.54223e+07		0.103023		2.92959		529.917		6.96643e+06		527.327		
00:00:17:399		1.54225e+07		0.103477		2.92886		529.917		6.96643e+06		527.319		
00:00:17:300		1.54228e+07		0.103931		2.92827		529.917		6.96642e+06		527.325		
00:00:17:199		1.54231e+07		0.104385		2.9275		529.917		6.96642e+06		527.319		
00:00:17:100		1.54233e+07		0.104837		2.9269		529.917		6.96641e+06		527.325		
00:00:17:000		1.54236e+07		0.10529		2.92618		529.917		6.9664e+06		527.327		
00:00:16:899		1.54238e+07		0.105743		2.92554		529.917		6.9664e+06		527.321		
00:00:16:800		1.54241e+07		0.106195		2.9249		529.916		6.96639e+06		527.319		
00:00:16:699		1.54243e+07		0.106647		2.92417		529.916		6.96639e+06		527.318		
00:00:16:600		1.54246e+07		0.107098		2.92357		529.916		6.96638e+06		527.317		
00:00:16:449		1.5425e+07		0.107775		2.92259		529.916		6.96637e+06		527.315		
00:00:16:350		1.54252e+07		0.108225		2.92187		529.916		6.96636e+06		527.315		
00:00:16:250		1.54255e+07		0.108675		2.92123		529.916		6.96636e+06		527.313		
00:00:16:149		1.54257e+07		0.109125		2.92063		529.916		6.96635e+06		527.309		
00:00:16:050		1.5426e+07		0.109575		2.91986		529.916		6.96634e+06		527.3		
00:00:15:949		1.54262e+07		0.110023		2.91922		529.916		6.96634e+06		527.32		
00:00:15:849		1.54265e+07		0.110472		2.91856		529.916		6.96633e+06		527.295		
00:00:15:750		1.54267e+07		0.11092		2.91797		529.916		6.96632e+06		527.306		
00:00:15:750		1.54267e+07		0.11092		2.91797		529.916		6.96632e+06		527.306		
00:00:15:550		1.54273e+07		0.111816		2.91668		529.914		6.96631e+06		527.308		
00:00:15:449		1.54275e+07		0.112263		2.91604		529.914		6.9663e+06		527.297		
00:00:15:449		1.54275e+07		0.112263		2.91604		529.914		6.9663e+06		527.297		
00:00:15:250		1.5428e+07		0.113156		2.91472		529.914		6.96629e+06		527.302		
00:00:15:250		1.5428e+07		0.113156		2.91472		529.914		6.96629e+06		527.302		
00:00:15:099		1.54284e+07		0.113825		2.91373		529.914		6.96628e+06		527.3		
00:00:14:949		1.54288e+07		0.114492		2.91275		529.914		6.96627e+06		527.295		
00:00:14:849		1.54291e+07		0.114937		2.91207		529.914		6.96626e+06		527.287		
00:00:14:750		1.54293e+07		0.115382		2.91143		529.916		6.96626e+06		527.296		
00:00:14:650		1.54296e+07		0.115826		2.91074		529.916		6.96625e+06		527.295		
00:00:14:550		1.54299e+07		0.116269		2.91014		529.916		6.96624e+06		527.285		
00:00:14:449		1.54301e+07		0.116713		2.9095		529.916		6.96624e+06		527.301		
00:00:14:349		1.54304e+07		0.117156		2.90886		529.916		6.96623e+06		527.291		
00:00:14:250		1.54307e+07		0.117598		2.90822		529.916		6.96622e+06		527.289		
00:00:14:250		1.54307e+07		0.117598		2.90822		529.916		6.96622e+06		527.289		
00:00:14:150		1.54309e+07		0.11804		2.90763		529.916		6.96622e+06		527.287		
00:00:14:050		1.54312e+07		0.118482		2.90694		529.916		6.96621e+06		527.297		
00:00:13:949		1.54314e+07		0.118923		2.90626		529.917		6.9662e+06		527.287		
00:00:13:849		1.54317e+07		0.119364		2.90568		529.917		6.96619e+06		527.285		
00:00:13:699		1.54321e+07		0.120024		2.90477		529.917		6.96618e+06		527.281		
00:00:13:599		1.54324e+07		0.120464		2.90413		529.917		6.96618e+06		527.281		
00:00:13:500		1.54326e+07		0.120903		2.90345		529.917		6.96617e+06		527.282		
00:00:13:300		1.54332e+07		0.121781		2.90221		529.919		6.96615e+06		527.279		
00:00:13:199		1.54334e+07		0.12222		2.90162		529.921		6.96615e+06		527.277		
00:00:13:199		1.54334e+07		0.12222		2.90162		529.921		6.96615e+06		527.277		
00:00:13:099		1.54337e+07		0.122658		2.90102		529.919		6.96614e+06		527.27		
00:00:13:000		1.5434e+07		0.123096		2.90034		529.919		6.96613e+06		527.275		
00:00:12:900		1.54343e+07		0.123533		2.89974		529.921		6.96612e+06		527.28		
00:00:12:800		1.54345e+07		0.12397		2.89906		529.921		6.96612e+06		527.275		
00:00:12:699		1.54348e+07		0.124407		2.8985		529.923		6.96611e+06		527.273		
00:00:12:599		1.54351e+07		0.124843		2.89791		529.923		6.9661e+06		527.272		
00:00:12:500		1.54353e+07		0.125279		2.89722		529.925		6.96609e+06		527.27		
00:00:12:300		1.54359e+07		0.12615		2.89605		529.925		6.96608e+06		527.286		
00:00:12:199		1.54362e+07		0.126585		2.89549		529.927		6.96607e+06		527.268		
00:00:12:199		1.54362e+07		0.126585		2.89549		529.927		6.96607e+06		527.268		
00:00:12:099		1.54364e+07		0.12702		2.89485		529.927		6.96606e+06		527.267		
00:00:12:000		1.54367e+07		0.127455		2.89425		529.927		6.96605e+06		527.266		
00:00:11:900		1.5437e+07		0.127889		2.89366		529.927		6.96605e+06		527.265		
00:00:11:800		1.54373e+07		0.128323		2.89306		529.928		6.96604e+06		527.264		
00:00:11:699		1.54375e+07		0.128757		2.89247		529.93		6.96603e+06		527.264		
00:00:11:599		1.54378e+07		0.12919		2.89183		529.93		6.96602e+06		527.263		
00:00:11:500		1.54381e+07		0.129623		2.89119		529.93		6.96601e+06		527.252		
00:00:11:349		1.54385e+07		0.130273		2.89034		529.93		6.966e+06		527.279		
00:00:11:300		1.54387e+07		0.130489		2.89008		529.93		6.966e+06		527.258		
00:00:11:199		1.54389e+07		0.130922		2.88949		529.932		6.96599e+06		527.257		
00:00:11:099		1.54392e+07		0.131354		2.88885		529.932		6.96598e+06		527.255		
00:00:11:000		1.54395e+07		0.131787		2.88826		529.932		6.96597e+06		527.254		
00:00:10:900		1.54398e+07		0.132219		2.88766		529.932		6.96596e+06		527.252		
00:00:10:800		1.54401e+07		0.132651		2.88711		529.934		6.96596e+06		527.251		
00:00:10:650		1.54405e+07		0.133298		2.88627		529.934		6.96594e+06		527.249		
00:00:10:550		1.54408e+07		0.13373		2.88563		529.936		6.96593e+06		527.246		
00:00:10:449		1.54411e+07		0.134162		2.88508		529.938		6.96593e+06		527.244		
00:00:10:349		1.54414e+07		0.134593		2.88445		529.938		6.96592e+06		527.239		
00:00:10:250		1.54417e+07		0.135025		2.8839		529.939		6.96591e+06		527.25		
00:00:10:150		1.54419e+07		0.135456		2.88331		529.941		6.9659e+06		527.243		
00:00:10:050		1.54422e+07		0.135888		2.88272		529.941		6.96589e+06		527.24		
00:00:09:949		1.54425e+07		0.136319		2.88217		529.943		6.96588e+06		527.238		
00:00:09:849		1.54428e+07		0.13675		2.88158		529.945		6.96587e+06		527.237		
00:00:09:750		1.54431e+07		0.137181		2.88099		529.945		6.96586e+06		527.23		
00:00:09:650		1.54434e+07		0.137613		2.88048		529.947		6.96585e+06		527.236		
00:00:09:650		1.54434e+07		0.137613		2.88048		529.947		6.96585e+06		527.236		
00:00:09:550		1.54437e+07		0.138044		2.87989		529.949		6.96584e+06		527.235		
00:00:09:449		1.5444e+07		0.138475		2.87931		529.951		6.96583e+06		527.232		
00:00:09:250		1.54446e+07		0.139338		2.87822		529.954		6.96581e+06		527.229		
00:00:09:250		1.54446e+07		0.139338		2.87822		529.954		6.96581e+06		527.229		
00:00:09:150		1.54449e+07		0.139769		2.87763		529.956		6.9658e+06		527.225		
00:00:09:050		1.54452e+07		0.140201		2.87705		529.958		6.96579e+06		527.222		
00:00:08:949		1.54455e+07		0.140633		2.8765		529.96		6.96578e+06		527.22		
00:00:08:849		1.54458e+07		0.141064		2.87596		529.962		6.96577e+06		527.211		
00:00:08:750		1.54461e+07		0.141496		2.87538		529.963		6.96576e+06		527.224		
00:00:08:599		1.54466e+07		0.142144		2.8745		529.967		6.96575e+06		527.216		
00:00:08:550		1.54468e+07		0.14236		2.8743		529.969		6.96574e+06		527.215		
00:00:08:449		1.54471e+07		0.142792		2.87372		529.971		6.96573e+06		527.213		
00:00:08:199		1.54479e+07		0.143873		2.8724		529.976		6.9657e+06		527.207		
00:00:08:199		1.54479e+07		0.143873		2.8724		529.976		6.9657e+06		527.207		
00:00:08:099		1.54482e+07		0.144306		2.87177		529.98		6.96569e+06		527.204		
00:00:08:050		1.54483e+07		0.144523		2.87161		529.98		6.96569e+06		527.202		
00:00:07:900		1.54488e+07		0.145172		2.87057		529.985		6.96567e+06		527.197		
00:00:07:799		1.54491e+07		0.145606		2.87025		529.987		6.96566e+06		527.193		
00:00:07:700		1.54495e+07		0.146039		2.86968		529.991		6.96565e+06		527.181		
00:00:07:599		1.54498e+07		0.146472		2.86915		529.993		6.96564e+06		527.189		
00:00:07:400		1.54504e+07		0.147341		2.86817		529.998		6.96561e+06		527.17		
00:00:07:400		1.54504e+07		0.147341		2.86817		529.998		6.96561e+06		527.17		
00:00:07:200		1.54511e+07		0.14821		2.86707		530.006		6.96559e+06		527.177		
00:00:07:200		1.54511e+07		0.14821		2.86707		530.006		6.96559e+06		527.177		
00:00:07:099		1.54514e+07		0.148644		2.8665		530.008		6.96557e+06		527.173		
00:00:07:000		1.54518e+07		0.149079		2.86602		530.011		6.96556e+06		527.169		
00:00:06:900		1.54521e+07		0.149514		2.86554		530.015		6.96555e+06		527.166		
00:00:06:799		1.54525e+07		0.149949		2.86497		530.019		6.96554e+06		527.161		
00:00:06:700		1.54528e+07		0.150384		2.86445		530.02		6.96552e+06		527.156		
00:00:06:599		1.54531e+07		0.150819		2.86398		530.024		6.96551e+06		527.149		
00:00:06:500		1.54535e+07		0.151254		2.86346		530.028		6.9655e+06		527.147		
00:00:06:299		1.54542e+07		0.152124		2.86248		530.035		6.96547e+06		527.14		
00:00:06:200		1.54545e+07		0.15256		2.86196		530.039		6.96546e+06		527.134		
00:00:06:200		1.54545e+07		0.15256		2.86196		530.039		6.96546e+06		527.134		
00:00:06:099		1.54549e+07		0.152996		2.86149		530.043		6.96544e+06		527.128		
00:00:06:000		1.54552e+07		0.153432		2.86098		530.046		6.96543e+06		527.122		
00:00:05:900		1.54556e+07		0.153868		2.86051		530.048		6.96541e+06		527.119		
00:00:05:799		1.5456e+07		0.154305		2.85999		530.052		6.9654e+06		527.112		
00:00:05:700		1.54563e+07		0.154741		2.85952		530.055		6.96539e+06		527.105		
00:00:05:599		1.54567e+07		0.155177		2.8591		530.059		6.96537e+06		527.098		
00:00:05:500		1.54571e+07		0.155612		2.85855		530.061		6.96536e+06		527.091		
00:00:05:299		1.54578e+07		0.156478		2.85773		530.068		6.96533e+06		527.08		
00:00:05:150		1.54584e+07		0.157125		2.85706		530.072		6.96531e+06		527.068		
00:00:05:150		1.54584e+07		0.157125		2.85706		530.072		6.96531e+06		527.068		
00:00:05:049		1.54587e+07		0.157555		2.85663		530.078		6.96529e+06		527.061		
00:00:04:950		1.54591e+07		0.157985		2.85615		530.079		6.96528e+06		527.053		
00:00:04:900		1.54593e+07		0.1582		2.85588		530.081		6.96527e+06		527.049		
00:00:04:799		1.54596e+07		0.15863		2.85535		530.085		6.96525e+06		527.039		
00:00:04:700		1.546e+07		0.159062		2.8549		530.087		6.96524e+06		527.031		
00:00:04:599		1.54604e+07		0.159494		2.8544		530.09		6.96522e+06		527.022		
00:00:04:500		1.54608e+07		0.159928		2.85393		530.092		6.96521e+06		527.011		
00:00:04:400		1.54612e+07		0.160361		2.8535		530.096		6.96519e+06		527.003		
00:00:04:250		1.54618e+07		0.161008		2.85288		530.101		6.96517e+06		526.992		
00:00:04:150		1.54623e+07		0.161435		2.85242		530.105		6.96516e+06		526.983		
00:00:04:049		1.54627e+07		0.161856		2.85207		530.109		6.96514e+06		526.976		
00:00:03:950		1.54631e+07		0.162271		2.85171		530.111		6.96513e+06		526.967		
00:00:03:850		1.54635e+07		0.162679		2.85133		530.114		6.96512e+06		526.958		
00:00:03:750		1.54638e+07		0.163083		2.85097		530.116		6.9651e+06		526.948		
00:00:03:649		1.54642e+07		0.163483		2.8504		530.12		6.96509e+06		526.939		
00:00:03:549		1.54645e+07		0.163884		2.84978		530.124		6.96508e+06		526.928		
00:00:03:450		1.54648e+07		0.164289		2.84919		530.125		6.96506e+06		526.922		
00:00:03:450		1.54648e+07		0.164289		2.84919		530.125		6.96506e+06		526.922		
00:00:03:250		1.54656e+07		0.16512		2.84786		530.131		6.96504e+06		526.904		
00:00:03:250		1.54656e+07		0.16512		2.84786		530.131		6.96504e+06		526.904		
00:00:03:149		1.54661e+07		0.165548		2.84716		530.135		6.96503e+06		526.897		
00:00:03:049		1.54666e+07		0.165979		2.84659		530.138		6.96502e+06		526.89		
00:00:02:950		1.54672e+07		0.166409		2.84614		530.14		6.965e+06		526.882		
00:00:02:850		1.54677e+07		0.166828		2.84584		530.142		6.96499e+06		526.874		
00:00:02:750		1.54683e+07		0.167228		2.84567		530.146		6.96499e+06		526.869		
00:00:02:649		1.54688e+07		0.167603		2.84547		530.147		6.96498e+06		526.862		
00:00:02:450		1.54696e+07		0.168274		2.84493		530.153		6.96496e+06		526.854		
00:00:02:450		1.54696e+07		0.168274		2.84493		530.153		6.96496e+06		526.854		
00:00:02:250		1.547e+07		0.168881		2.8436		530.16		6.96494e+06		526.843		
00:00:02:149		1.54702e+07		0.169195		2.84238		530.162		6.96493e+06		526.838		
00:00:02:049		1.54705e+07		0.169537		2.84084		530.166		6.96493e+06		526.833		
00:00:01:949		1.54708e+07		0.169918		2.83945		530.168		6.96492e+06		526.828		
00:00:01:850		1.54708e+07		0.169918		2.83945		530.168		6.96492e+06		526.828		
00:00:01:850		1.54714e+07		0.170342		2.83826		530.171		6.96491e+06		526.817		
00:00:01:750		1.54722e+07		0.1708		2.83742		530.175		6.96491e+06		526.823		
00:00:01:550		1.54744e+07		0.171728		2.83616		530.181		6.9649e+06		526.82		
00:00:01:449		1.54756e+07		0.172131		2.83671		530.182		6.96489e+06		526.819		
00:00:01:350		1.54768e+07		0.172451		2.83861		530.186		6.96489e+06		526.819		
00:00:01:199		1.5478e+07		0.172743		2.84095		530.19		6.96488e+06		526.82		
00:00:01:199		1.5478e+07		0.172743		2.84095		530.19		6.96488e+06		526.82		
00:00:01:100		1.54785e+07		0.172822		2.84018		530.193		6.96488e+06		526.821		
00:00:01:000		1.54786e+07		0.172839		2.83566		530.195		6.96487e+06		526.821		
00:00:00:900		1.54786e+07		0.172839		2.8357		530.199		6.96487e+06		526.822		
00:00:00:800		1.54786e+07		0.172839		2.8357		530.203		6.96487e+06		526.821		
00:00:00:699		1.54786e+07		0.17284		2.8357		530.204		6.96486e+06		526.822		
00:00:00:599		1.54786e+07		0.172839		2.83569		530.208		6.96486e+06		526.823		
00:00:00:500		1.54786e+07		0.172839		2.83573		530.21		6.96485e+06		526.822		
00:00:00:299		1.54786e+07		0.17284		2.83568		530.216		6.96485e+06		526.823		
00:00:00:200		1.54785e+07		0.17284		2.83572		530.219		6.96484e+06		526.816		
00:00:00:200		1.54785e+07		0.17284		2.83572		530.219		6.96484e+06		526.816		
00:00:00:100		1.54785e+07		0.17284		2.83572		530.221		6.96484e+06		526.821		
00:00:00:000		1.54785e+07		0.17284		2.83571		530.225		6.96483e+06		526.826		
00:00:00:000		1.54785e+07		0.17284		2.83571		530.225		6.96483e+06		526.826		
00:00:00:000		1.54785e+07		0.17284		2.83571		530.225		6.96483e+06		526.826		
00:00:00:000		1.54785e+07		0.17284		2.83571		530.225		6.96483e+06		526.826		
00:00:00:000		1.54785e+07		0.17284		2.83571		530.225		6.96483e+06		526.826		
00:00:00:000		1.54785e+07		0.17284		2.83571		530.225		6.96483e+06		526.826		
