	time 		rcpppzr	rcp054rcp007mnzoyout	rcv501std0102fvol	fwfrcp001gv	rcppmssga	msfsg(1)	
00:01:02:799		8.32253e+06		-5.84417		0		0		7.14905e+06		-40.8901		
00:01:02:799		8.32253e+06		-5.84417		0		0		7.14905e+06		-40.8901		
00:01:02:700		8.33831e+06		-5.84316		0		0		7.14851e+06		-32.5043		
00:01:02:549		8.36223e+06		-5.84156		0		0		7.14869e+06		14.9185		
00:01:02:450		8.36223e+06		-5.84156		0		0		7.14869e+06		14.9185		
00:01:02:450		8.37836e+06		-5.84044		0		0		7.14905e+06		34.0784		
00:01:02:350		8.39466e+06		-5.83932		0		0		7.14923e+06		45.5694		
00:01:02:250		8.41109e+06		-5.83823		0		0		7.14893e+06		34.6425		
00:01:02:149		8.42762e+06		-5.83721		0		0		7.14803e+06		7.62037		
00:01:02:049		8.44424e+06		-5.83628		0		0		7.14681e+06		-28.0444		
00:01:01:850		8.47779e+06		-5.83481		0		0		7.14519e+06		-36.3764		
00:01:01:850		8.47779e+06		-5.83481		0		0		7.14519e+06		-36.3764		
00:01:01:750		8.4947e+06		-5.8343		0		0		7.14523e+06		-3.15851		
00:01:01:649		8.5117e+06		-5.83397		0		0		7.14558e+06		26.938		
00:01:01:549		8.52878e+06		-5.83379		0		0		7.14586e+06		41.4962		
00:01:01:450		8.54593e+06		-5.83375		0		0		7.14577e+06		39.4414		
00:01:01:350		8.56315e+06		-5.83384		0		0		7.14515e+06		19.7627		
00:01:01:250		8.5804e+06		-5.83402		0		0		7.14404e+06		-17.1648		
00:01:01:149		8.59768e+06		-5.83426		0		0		7.14288e+06		-36.2287		
00:01:01:049		8.615e+06		-5.83457		0		0		7.1421e+06		-39.5333		
00:01:00:950		8.63233e+06		-5.83494		0		0		7.14192e+06		-12.4768		
00:01:00:850		8.64966e+06		-5.83548		0		0		7.14222e+06		17.945		
00:01:00:750		8.66699e+06		-5.8362		0		0		7.14259e+06		39.2066		
00:01:00:649		8.68432e+06		-5.83707		0		0		7.14269e+06		45.0213		
00:01:00:549		8.70164e+06		-5.83808		0		0		7.14228e+06		27.8464		
00:01:00:350		8.73628e+06		-5.84034		0		0		7.14008e+06		-38.3351		
00:01:00:350		8.73628e+06		-5.84034		0		0		7.14008e+06		-38.3351		
00:01:00:250		8.75364e+06		-5.84147		0		0		7.13902e+06		-44.1399		
00:01:00:049		8.78829e+06		-5.84334		0		0		7.13872e+06		4.8612		
00:01:00:049		8.78829e+06		-5.84334		0		0		7.13872e+06		4.8612		
00:00:59:899		8.81422e+06		-5.8441		0		0		7.13933e+06		41.3775		
00:00:59:899		8.81422e+06		-5.8441		0		0		7.13933e+06		41.3775		
00:00:59:750		8.84011e+06		-5.84456		0		0		7.13936e+06		40.5654		
00:00:59:649		8.8573e+06		-5.84483		0		0		7.13871e+06		25.5722		
00:00:59:549		8.87446e+06		-5.84508		0		0		7.13758e+06		0		
00:00:59:450		8.89159e+06		-5.84529		0		0		7.13635e+06		-41.7704		
00:00:59:350		8.90869e+06		-5.84549		0		0		7.13555e+06		-41.3811		
00:00:59:250		8.92576e+06		-5.84567		0		0		7.13539e+06		-15.7163		
00:00:59:149		8.94279e+06		-5.84584		0		0		7.13569e+06		18.7162		
00:00:59:049		8.95978e+06		-5.84602		0		0		7.13607e+06		39.6776		
00:00:58:850		8.99355e+06		-5.8464		0		0		7.13579e+06		30.1623		
00:00:58:850		8.99355e+06		-5.8464		0		0		7.13579e+06		30.1623		
00:00:58:750		9.01021e+06		-5.84662		0		0		7.13493e+06		0		
00:00:58:649		9.02673e+06		-5.84689		0		0		7.13377e+06		-36.6654		
00:00:58:600		9.03495e+06		-5.84704		0		0		7.13324e+06		-40.6472		
00:00:58:450		9.05949e+06		-5.84755		0		0		7.13242e+06		-29.0778		
00:00:58:350		9.07575e+06		-5.84795		0		0		7.13254e+06		0		
00:00:58:250		9.09198e+06		-5.8484		0		0		7.13293e+06		32.5204		
00:00:58:149		9.10823e+06		-5.84888		0		0		7.13316e+06		42.7311		
00:00:58:049		9.12447e+06		-5.84939		0		0		7.13298e+06		34.9126		
00:00:57:950		9.14063e+06		-5.8499		0		0		7.13228e+06		13.9872		
00:00:57:850		9.15672e+06		-5.85038		0		0		7.13117e+06		-23.1506		
00:00:57:750		9.17275e+06		-5.85084		0		0		7.13009e+06		-39.1495		
00:00:57:600		9.19666e+06		-5.85149		0		0		7.12931e+06		-21.2558		
00:00:57:600		9.19666e+06		-5.85149		0		0		7.12931e+06		-21.2558		
00:00:57:500		9.2125e+06		-5.85191		0		0		7.12939e+06		0		
00:00:57:350		9.23613e+06		-5.8525		0		0		7.12987e+06		38.8009		
00:00:57:250		9.25179e+06		-5.85287		0		0		7.12986e+06		39.0614		
00:00:57:149		9.26734e+06		-5.85322		0		0		7.12938e+06		25.8422		
00:00:56:950		9.29818e+06		-5.85384		0		0		7.1273e+06		-36.2272		
00:00:56:799		9.3211e+06		-5.85423		0		0		7.12618e+06		-34.8492		
00:00:56:799		9.3211e+06		-5.85423		0		0		7.12618e+06		-34.8492		
00:00:56:799		9.3211e+06		-5.85423		0		0		7.12618e+06		-34.8492		
00:00:56:700		9.33629e+06		-5.85445		0		0		7.12614e+06		-7.30175		
00:00:56:600		9.3514e+06		-5.85464		0		0		7.1265e+06		25.2867		
00:00:56:500		9.36643e+06		-5.8548		0		0		7.12687e+06		43.0443		
00:00:56:399		9.38138e+06		-5.85492		0		0		7.12689e+06		42.0552		
00:00:56:299		9.39625e+06		-5.85501		0		0		7.12639e+06		28.8173		
00:00:56:100		9.42578e+06		-5.85509		0		0		7.1242e+06		-40.0536		
00:00:56:100		9.42578e+06		-5.85509		0		0		7.1242e+06		-40.0536		
00:00:55:899		9.45501e+06		-5.85508		0		0		7.1229e+06		-23.3646		
00:00:55:799		9.46953e+06		-5.85506		0		0		7.12309e+06		0		
00:00:55:799		9.46953e+06		-5.85506		0		0		7.12309e+06		0		
00:00:55:700		9.48401e+06		-5.85502		0		0		7.12355e+06		35.9259		
00:00:55:600		9.49844e+06		-5.85501		0		0		7.12381e+06		47.6432		
00:00:55:500		9.51278e+06		-5.85502		0		0		7.12359e+06		34.9508		
00:00:55:399		9.52705e+06		-5.85507		0		0		7.12277e+06		19.9189		
00:00:55:299		9.54122e+06		-5.85517		0		0		7.12145e+06		-31.9118		
00:00:55:200		9.55531e+06		-5.85533		0		0		7.12023e+06		-46.6325		
00:00:55:100		9.56931e+06		-5.85554		0		0		7.11952e+06		-42.8889		
00:00:55:000		9.58324e+06		-5.8558		0		0		7.11948e+06		-12.8528		
00:00:54:899		9.59708e+06		-5.85614		0		0		7.1199e+06		21.4342		
00:00:54:799		9.61085e+06		-5.85656		0		0		7.12037e+06		45.5029		
00:00:54:700		9.62455e+06		-5.8571		0		0		7.12053e+06		47.7461		
00:00:54:549		9.64494e+06		-5.85812		0		0		7.11966e+06		18.6991		
00:00:54:500		9.6517e+06		-5.85852		0		0		7.11907e+06		12.1162		
00:00:54:399		9.66516e+06		-5.85942		0		0		7.11772e+06		-38.3234		
00:00:54:299		9.67852e+06		-5.86041		0		0		7.11665e+06		-46.9695		
00:00:54:149		9.69851e+06		-5.86198		0		0		7.11612e+06		-18.7743		
00:00:54:049		9.71185e+06		-5.86301		0		0		7.11643e+06		18.7198		
00:00:53:950		9.72522e+06		-5.86397		0		0		7.11685e+06		41.4933		
00:00:53:850		9.73857e+06		-5.86479		0		0		7.11697e+06		43.3164		
00:00:53:750		9.75195e+06		-5.86544		0		0		7.11661e+06		31.6925		
00:00:53:649		9.76536e+06		-5.86591		0		0		7.11569e+06		5.98181		
00:00:53:549		9.77881e+06		-5.86616		0		0		7.1144e+06		-42.9801		
00:00:53:450		9.79232e+06		-5.86616		0		0		7.11337e+06		-45.3705		
00:00:53:350		9.80587e+06		-5.86587		0		0		7.11292e+06		-29.1026		
00:00:53:250		9.81939e+06		-5.86525		0		0		7.11307e+06		-0.00577122		
00:00:53:149		9.83288e+06		-5.86426		0		0		7.11352e+06		35.9167		
00:00:53:049		9.84635e+06		-5.86286		0		0		7.11379e+06		46.8974		
00:00:52:950		9.85981e+06		-5.86102		0		0		7.11365e+06		35.9172		
00:00:52:850		9.87329e+06		-5.85871		0		0		7.11295e+06		24.7923		
00:00:52:750		9.88678e+06		-5.85593		0		0		7.11175e+06		-25.6505		
00:00:52:649		9.90023e+06		-5.85269		0		0		7.11065e+06		-39.8633		
00:00:52:549		9.91364e+06		-5.84903		0		0		7.11e+06		-28.7223		
00:00:52:450		9.92701e+06		-5.84503		0		0		7.10988e+06		-12.0351		
00:00:52:350		9.94035e+06		-5.8408		0		0		7.11011e+06		22.0536		
00:00:52:250		9.95367e+06		-5.83644		0		0		7.11031e+06		39.7578		
00:00:52:149		9.96698e+06		-5.83209		0		0		7.11018e+06		31.4172		
00:00:51:950		9.99355e+06		-5.82398		0		0		7.10871e+06		0		
00:00:51:950		9.99355e+06		-5.82398		0		0		7.10871e+06		0		
00:00:51:850		1.00068e+07		-5.82053		0		0		7.1076e+06		-42.604		
00:00:51:700		1.00267e+07		-5.81592		0		0		7.10668e+06		-27.1839		
00:00:51:600		1.00267e+07		-5.81592		0		0		7.10668e+06		-27.1839		
00:00:51:600		1.00399e+07		-5.81272		0		0		7.10678e+06		8.03003		
00:00:51:500		1.00531e+07		-5.8094		0		0		7.10714e+06		29.4101		
00:00:51:399		1.00663e+07		-5.80597		0		0		7.10738e+06		47.4297		
00:00:51:299		1.00794e+07		-5.80243		0		0		7.10717e+06		41.1882		
00:00:51:200		1.00926e+07		-5.79877		0		0		7.10632e+06		12.4917		
00:00:51:100		1.01057e+07		-5.795		0		0		7.1051e+06		0		
00:00:51:000		1.01188e+07		-5.79112		0		0		7.1038e+06		-48.6957		
00:00:50:799		1.01449e+07		-5.78305		0		0		7.10293e+06		-14.2699		
00:00:50:799		1.01449e+07		-5.78305		0		0		7.10293e+06		-14.2699		
00:00:50:700		1.01579e+07		-5.77886		0		0		7.1033e+06		25.7724		
00:00:50:600		1.01709e+07		-5.77457		0		0		7.10369e+06		43.7641		
00:00:50:500		1.01839e+07		-5.77019		0		0		7.10376e+06		47.9283		
00:00:50:399		1.01969e+07		-5.76572		0		0		7.10323e+06		29.6493		
00:00:50:299		1.02099e+07		-5.76115		0		0		7.10204e+06		2.24415		
00:00:50:200		1.02228e+07		-5.7565		0		0		7.1006e+06		-45.2603		
00:00:50:100		1.02357e+07		-5.75175		0		0		7.09955e+06		-47.0506		
00:00:49:899		1.02614e+07		-5.74198		0		0		7.09935e+06		15.3743		
00:00:49:899		1.02614e+07		-5.74198		0		0		7.09935e+06		15.3743		
00:00:49:799		1.02743e+07		-5.73695		0		0		7.09977e+06		42.187		
00:00:49:700		1.02872e+07		-5.73182		0		0		7.09995e+06		51.2202		
00:00:49:600		1.03e+07		-5.72661		0		0		7.09961e+06		41.0991		
00:00:49:500		1.03129e+07		-5.72129		0		0		7.0986e+06		19.3197		
00:00:49:399		1.03257e+07		-5.71589		0		0		7.09715e+06		-40.3593		
00:00:49:299		1.03385e+07		-5.71039		0		0		7.09594e+06		-45.9842		
00:00:49:200		1.03513e+07		-5.70481		0		0		7.09528e+06		-37.5468		
00:00:49:100		1.0364e+07		-5.69913		0		0		7.09522e+06		0.348457		
00:00:48:950		1.03831e+07		-5.69045		0		0		7.09552e+06		35.7814		
00:00:48:850		1.03958e+07		-5.68455		0.0690123		0		7.09545e+06		36.6738		
00:00:48:799		1.04022e+07		-5.68157		0.138173		0		7.09529e+06		35.0207		
00:00:48:649		1.04212e+07		-5.67247		0.345596		0		7.09408e+06		-8.36985		
00:00:48:549		1.04338e+07		-5.66629		0.483712		0		7.09296e+06		0		
00:00:48:450		1.04465e+07		-5.66002		0.621568		0		7.09185e+06		-43.0843		
00:00:48:350		1.04591e+07		-5.65365		0.759015		0		7.0913e+06		-30.6442		
00:00:48:299		1.04654e+07		-5.65043		0.827576		0		7.09125e+06		-10.3222		
00:00:48:149		1.04842e+07		-5.64063		1.03239		0		7.09144e+06		33.557		
00:00:48:049		1.04968e+07		-5.63398		1.16805		0		7.09137e+06		38.0919		
00:00:47:950		1.05093e+07		-5.62722		1.30285		0		7.09095e+06		27.2686		
00:00:47:850		1.05218e+07		-5.62037		1.43661		0		7.09009e+06		14.736		
00:00:47:750		1.05343e+07		-5.61342		1.56918		0		7.08891e+06		0		
00:00:47:649		1.05469e+07		-5.60636		1.70037		0		7.08778e+06		-46.5818		
00:00:47:549		1.05594e+07		-5.59921		1.82997		0		7.08723e+06		0		
00:00:47:450		1.05719e+07		-5.59196		1.95765		0		7.08702e+06		0.646884		
00:00:47:350		1.05844e+07		-5.58461		2.08311		0		7.08703e+06		25.5383		
00:00:47:250		1.05969e+07		-5.57718		2.20613		0		7.08692e+06		38.9337		
00:00:47:149		1.06096e+07		-5.56965		2.32661		0		7.08644e+06		24.7804		
00:00:47:049		1.06222e+07		-5.56202		2.44478		0		7.08561e+06		7.64464		
00:00:46:950		1.06348e+07		-5.55429		2.5607		0		7.08458e+06		-20.6857		
00:00:46:850		1.06474e+07		-5.54645		2.675		0		7.08368e+06		0		
00:00:46:750		1.066e+07		-5.53851		2.79495		0		7.0828e+06		-34.8045		
00:00:46:649		1.06725e+07		-5.53045		2.91361		0		7.08229e+06		-12.5628		
00:00:46:549		1.0685e+07		-5.52228		3.03146		0		7.08212e+06		13.4446		
00:00:46:450		1.06974e+07		-5.51398		3.14382		0		7.08199e+06		29.568		
00:00:46:350		1.07099e+07		-5.50556		3.25719		0		7.08162e+06		30.6785		
00:00:46:200		1.07285e+07		-5.49272		3.40728		0		7.0804e+06		3.4407		
00:00:46:200		1.07285e+07		-5.49272		3.40728		0		7.0804e+06		3.4407		
00:00:46:049		1.07471e+07		-5.47962		3.55027		0		7.07876e+06		0		
00:00:45:899		1.07657e+07		-5.46625		3.68605		0		7.07748e+06		-23.1425		
00:00:45:799		1.07781e+07		-5.45719		3.77254		0		7.07715e+06		4.6907		
00:00:45:799		1.07781e+07		-5.45719		3.77254		0		7.07715e+06		4.6907		
00:00:45:700		1.07905e+07		-5.44803		3.85582		0		7.07693e+06		19.6385		
00:00:45:600		1.08029e+07		-5.43875		3.93595		0		7.0766e+06		28.445		
00:00:45:399		1.08276e+07		-5.41993		4.08683		0		7.07515e+06		9.41802		
00:00:45:399		1.08276e+07		-5.41993		4.08683		0		7.07515e+06		9.41802		
00:00:45:299		1.084e+07		-5.41041		4.15769		0		7.07422e+06		0		
00:00:45:200		1.08523e+07		-5.40081		4.22562		0		7.07324e+06		-39.9081		
00:00:45:100		1.08646e+07		-5.39114		4.29062		0		7.0725e+06		-28.3613		
00:00:45:000		1.08769e+07		-5.38143		4.3529		0		7.07212e+06		2.42396		
00:00:44:799		1.09015e+07		-5.36192		4.46918		0		7.07159e+06		31.8488		
00:00:44:799		1.09015e+07		-5.36192		4.46918		0		7.07159e+06		31.8488		
00:00:44:700		1.09138e+07		-5.35211		4.5235		0		7.07094e+06		25.3221		
00:00:44:600		1.09261e+07		-5.34228		4.57534		0		7.06993e+06		3.7952		
00:00:44:500		1.09383e+07		-5.3324		4.62479		0		7.0687e+06		0		
00:00:44:299		1.09628e+07		-5.31252		4.71693		0		7.0665e+06		-41.4607		
00:00:44:299		1.09628e+07		-5.31252		4.71693		0		7.0665e+06		-41.4607		
00:00:44:100		1.09871e+07		-5.29239		4.80059		0		7.06581e+06		24.7222		
00:00:44:100		1.09871e+07		-5.29239		4.80059		0		7.06581e+06		24.7222		
00:00:43:899		1.10114e+07		-5.27197		4.87651		0		7.0648e+06		25.8416		
00:00:43:899		1.10114e+07		-5.27197		4.87651		0		7.0648e+06		25.8416		
00:00:43:799		1.10237e+07		-5.26166		4.91178		0		7.06369e+06		2.07802		
00:00:43:700		1.10359e+07		-5.25127		4.94512		0		7.06233e+06		-31.1225		
00:00:43:600		1.10481e+07		-5.24082		4.97706		0		7.06099e+06		-44.556		
00:00:43:500		1.10603e+07		-5.2303		5.00731		0		7.06007e+06		-35.9063		
00:00:43:399		1.10725e+07		-5.21972		5.03611		0		7.05965e+06		5.91498		
00:00:43:299		1.10847e+07		-5.20907		5.06343		0		7.05934e+06		25.9977		
00:00:43:200		1.10969e+07		-5.19836		5.08938		0		7.05889e+06		34.1078		
00:00:43:100		1.11092e+07		-5.18759		5.11406		0		7.05808e+06		24.1081		
00:00:42:950		1.11276e+07		-5.17132		5.14869		0		7.05619e+06		0		
00:00:42:850		1.11399e+07		-5.16043		5.17034		0		7.05492e+06		-35.4079		
00:00:42:750		1.11522e+07		-5.1495		5.19084		0		7.05395e+06		-32.5648		
00:00:42:649		1.11646e+07		-5.13854		5.21026		0		7.05327e+06		0		
00:00:42:549		1.11769e+07		-5.12757		5.22868		0		7.05274e+06		13.378		
00:00:42:450		1.11892e+07		-5.11657		5.24606		0		7.05218e+06		23.9355		
00:00:42:350		1.12015e+07		-5.10557		5.26258		0		7.0514e+06		28.7691		
00:00:42:250		1.12139e+07		-5.09455		5.27814		0		7.0503e+06		5.21565		
00:00:42:149		1.12263e+07		-5.08352		5.29287		0		7.04917e+06		0		
00:00:42:049		1.12386e+07		-5.07247		5.30682		0		7.04806e+06		0		
00:00:41:850		1.12635e+07		-5.05029		5.33217		0		7.04638e+06		16.1819		
00:00:41:850		1.12635e+07		-5.05029		5.33217		0		7.04638e+06		16.1819		
00:00:41:750		1.12759e+07		-5.03913		5.344		0		7.04567e+06		16.9916		
00:00:41:649		1.12883e+07		-5.02791		5.35495		0		7.04485e+06		17.2556		
00:00:41:549		1.13008e+07		-5.01663		5.36533		0		7.0439e+06		12.437		
00:00:41:450		1.13133e+07		-5.00531		5.37507		0		7.04288e+06		9.86765		
00:00:41:350		1.13258e+07		-4.99393		5.38408		0		7.04183e+06		1.99249		
00:00:41:250		1.13383e+07		-4.9825		5.3925		0		7.04084e+06		0		
00:00:41:149		1.13508e+07		-4.97101		5.40027		0		7.03997e+06		0		
00:00:41:049		1.13632e+07		-4.95946		5.40772		0		7.03922e+06		16.4412		
00:00:40:950		1.13757e+07		-4.94786		5.41493		0		7.03843e+06		18.8501		
00:00:40:850		1.13882e+07		-4.93621		5.42124		0		7.03758e+06		13.7568		
00:00:40:700		1.14069e+07		-4.91865		5.42953		0		7.03627e+06		10.3955		
00:00:40:700		1.14069e+07		-4.91865		5.42953		0		7.03627e+06		10.3955		
00:00:40:500		1.14318e+07		-4.89506		5.43965		0		7.03458e+06		10.9504		
00:00:40:399		1.14442e+07		-4.8832		5.4442		0		7.03375e+06		11.3168		
00:00:40:399		1.14442e+07		-4.8832		5.4442		0		7.03375e+06		11.3168		
00:00:40:299		1.14567e+07		-4.8713		5.4481		0		7.03295e+06		12.1781		
00:00:40:200		1.14691e+07		-4.85936		5.45133		0		7.03217e+06		13.786		
00:00:40:100		1.14815e+07		-4.84738		5.45423		0		7.03145e+06		17.2442		
00:00:40:000		1.1494e+07		-4.83536		5.45715		0		7.03076e+06		24.2148		
00:00:39:799		1.15188e+07		-4.81122		5.46223		0		7.02936e+06		21.7629		
00:00:39:799		1.15188e+07		-4.81122		5.46223		0		7.02936e+06		21.7629		
00:00:39:700		1.15313e+07		-4.79911		5.46357		0		7.02868e+06		22.7808		
00:00:39:600		1.15437e+07		-4.78696		5.46437		0		7.02801e+06		24.7282		
00:00:39:500		1.15563e+07		-4.77478		5.4654		0		7.02737e+06		25.465		
00:00:39:399		1.15688e+07		-4.76257		5.4668		0		7.02674e+06		26.2085		
00:00:39:299		1.15813e+07		-4.75033		5.4679		0		7.02613e+06		28.3605		
00:00:39:200		1.15938e+07		-4.73806		5.46776		0		7.02554e+06		31.5239		
00:00:39:100		1.16063e+07		-4.72575		5.4666		0		7.02495e+06		31.1758		
00:00:38:899		1.16312e+07		-4.70104		5.46557		0		7.02379e+06		31.4791		
00:00:38:799		1.16437e+07		-4.68862		5.46586		6.82495		7.02326e+06		35.1043		
00:00:38:799		1.16437e+07		-4.68862		5.46586		6.82495		7.02326e+06		35.1043		
00:00:38:700		1.16561e+07		-4.67618		5.46463		14.1242		7.02272e+06		36.0992		
00:00:38:600		1.16686e+07		-4.66369		5.46151		22.2541		7.02218e+06		37.4485		
00:00:38:500		1.1681e+07		-4.65117		5.45784		30.1755		7.02165e+06		37.9216		
00:00:38:399		1.16934e+07		-4.63862		5.45571		36.2597		7.02111e+06		40.1356		
00:00:38:200		1.17179e+07		-4.61338		5.45318		50.2904		7.01999e+06		41.8597		
00:00:38:200		1.17179e+07		-4.61338		5.45318		50.2904		7.01999e+06		41.8597		
00:00:38:100		1.17301e+07		-4.60069		5.45036		57.352		7.01941e+06		42.1413		
00:00:37:899		1.17544e+07		-4.57519		5.44197		70.1838		7.01823e+06		44.1668		
00:00:37:899		1.17544e+07		-4.57519		5.44197		70.1838		7.01823e+06		44.1668		
00:00:37:799		1.17665e+07		-4.5624		5.43965		76.1367		7.01763e+06		43.9524		
00:00:37:700		1.17786e+07		-4.54959		5.43834		82.4196		7.01703e+06		46.0469		
00:00:37:600		1.17907e+07		-4.53678		5.4355		88.4564		7.01643e+06		46.6611		
00:00:37:500		1.18028e+07		-4.52395		5.42999		93.8009		7.01583e+06		47.4917		
00:00:37:350		1.18209e+07		-4.50466		5.4213		101.399		7.01492e+06		48.2403		
00:00:37:250		1.18329e+07		-4.49176		5.41916		106.313		7.01428e+06		48.0746		
00:00:37:149		1.1845e+07		-4.47883		5.41907		110.262		7.01363e+06		46.3431		
00:00:37:049		1.1857e+07		-4.46587		5.41813		112.975		7.01299e+06		47.9217		
00:00:36:950		1.1869e+07		-4.45287		5.41908		115.116		7.01235e+06		49.2003		
00:00:36:850		1.18809e+07		-4.43984		5.42006		116.829		7.01172e+06		50.3695		
00:00:36:750		1.18929e+07		-4.42679		5.41331		118.55		7.01109e+06		50.8495		
00:00:36:649		1.19049e+07		-4.41372		5.40906		120.271		7.01045e+06		49.1532		
00:00:36:549		1.19169e+07		-4.40065		5.40239		122.015		7.00984e+06		51.4438		
00:00:36:450		1.19288e+07		-4.38758		5.39084		123.766		7.00924e+06		51.8621		
00:00:36:350		1.19408e+07		-4.37454		5.37779		125.539		7.00867e+06		53.9397		
00:00:36:250		1.19529e+07		-4.36152		5.36915		127.318		7.00812e+06		54.1488		
00:00:36:149		1.19649e+07		-4.34853		5.366		129.103		7.00759e+06		56.9202		
00:00:36:049		1.19769e+07		-4.33557		5.36235		130.901		7.00709e+06		57.7044		
00:00:35:950		1.1989e+07		-4.32264		5.35154		132.747		7.00661e+06		60.6105		
00:00:35:850		1.20011e+07		-4.30973		5.3354		134.632		7.00616e+06		62.2264		
00:00:35:750		1.20132e+07		-4.29684		5.32279		136.526		7.00573e+06		64.4003		
00:00:35:649		1.20253e+07		-4.28395		5.3196		138.424		7.00533e+06		66.4075		
00:00:35:549		1.20374e+07		-4.27105		5.32033		140.344		7.00493e+06		68.5049		
00:00:35:450		1.20495e+07		-4.25814		5.31291		142.353		7.00455e+06		70.3772		
00:00:35:350		1.20615e+07		-4.24517		5.29417		144.427		7.00418e+06		72.3674		
00:00:35:200		1.20794e+07		-4.22553		5.27026		147.541		7.00367e+06		75.4351		
00:00:35:200		1.20794e+07		-4.22553		5.27026		147.541		7.00367e+06		75.4351		
00:00:35:100		1.20914e+07		-4.21229		5.27158		149.628		7.00334e+06		77.9214		
00:00:34:799		1.21268e+07		-4.17178		5.24191		156.789		7.00243e+06		84.8141		
00:00:34:799		1.21268e+07		-4.17178		5.24191		156.789		7.00243e+06		84.8141		
00:00:34:799		1.21268e+07		-4.17178		5.24191		156.789		7.00243e+06		84.8141		
00:00:34:700		1.21384e+07		-4.15808		5.21866		159.391		7.00215e+06		87.2796		
00:00:34:600		1.21501e+07		-4.14436		5.21723		162.141		7.00189e+06		90.1563		
00:00:34:500		1.21617e+07		-4.13068		5.23103		165.486		7.00165e+06		92.9542		
00:00:34:399		1.21733e+07		-4.11711		5.23245		170.234		7.00144e+06		95.9499		
00:00:34:299		1.21848e+07		-4.10372		5.20466		177.697		7.00124e+06		99.0322		
00:00:34:200		1.21964e+07		-4.09057		5.16729		190.501		7.00103e+06		101.931		
00:00:34:100		1.2208e+07		-4.07769		5.13677		214.107		7.00082e+06		105.034		
00:00:33:899		1.22313e+07		-4.05272		5.2005		302.795		7.00025e+06		110.788		
00:00:33:799		1.22428e+07		-4.0405		5.17888		349.164		6.99985e+06		113.678		
00:00:33:799		1.22428e+07		-4.0405		5.17888		349.164		6.99985e+06		113.678		
00:00:33:700		1.22543e+07		-4.02828		5.1247		390.166		6.99937e+06		116.641		
00:00:33:600		1.22659e+07		-4.01607		5.08828		424.832		6.99884e+06		119.495		
00:00:33:500		1.22774e+07		-4.00385		5.11292		453.299		6.99825e+06		122.832		
00:00:33:399		1.22889e+07		-3.99164		5.1579		476.036		6.99762e+06		126.065		
00:00:33:299		1.23004e+07		-3.97941		5.15919		493.16		6.99694e+06		129.186		
00:00:33:100		1.23233e+07		-3.95484		5.01505		506.776		6.99547e+06		135.145		
00:00:33:100		1.23233e+07		-3.95484		5.01505		506.776		6.99547e+06		135.145		
00:00:32:899		1.23462e+07		-3.92984		5.09576		507.816		6.99389e+06		141.08		
00:00:32:799		1.23576e+07		-3.91716		5.14934		508.298		6.99307e+06		144.142		
00:00:32:799		1.23576e+07		-3.91716		5.14934		508.298		6.99307e+06		144.142		
00:00:32:700		1.23691e+07		-3.90438		5.06268		508.777		6.99222e+06		147.398		
00:00:32:600		1.23805e+07		-3.89151		4.92836		509.256		6.99135e+06		150.506		
00:00:32:500		1.23918e+07		-3.87855		4.81412		509.742		6.99044e+06		154.016		
00:00:32:350		1.24088e+07		-3.85897		4.71785		510.497		6.98898e+06		158.596		
00:00:32:250		1.24201e+07		-3.84585		4.68495		511.028		6.98795e+06		161.628		
00:00:32:149		1.24314e+07		-3.83268		4.59366		511.585		6.98685e+06		164.838		
00:00:32:049		1.24426e+07		-3.81947		4.46357		512.168		6.98569e+06		167.066		
00:00:31:899		1.24594e+07		-3.79961		4.30811		513.089		6.98381e+06		170.708		
00:00:31:899		1.24594e+07		-3.79961		4.30811		513.089		6.98381e+06		170.708		
00:00:31:800		1.24705e+07		-3.78634		4.25455		513.729		6.98244e+06		173.06		
00:00:31:699		1.24816e+07		-3.77306		4.20132		514.385		6.98099e+06		174.483		
00:00:31:600		1.24929e+07		-3.75977		4.1058		515.05		6.97944e+06		174.691		
00:00:31:449		1.25096e+07		-3.73983		3.96052		516.053		6.97698e+06		176.065		
00:00:31:399		1.25152e+07		-3.73319		3.90226		516.389		6.97613e+06		176.712		
00:00:31:300		1.25263e+07		-3.7199		3.82945		517.05		6.97438e+06		178.572		
00:00:31:149		1.25429e+07		-3.69997		3.73598		518.009		6.97168e+06		181.462		
00:00:31:050		1.25539e+07		-3.68669		3.64892		518.636		6.96985e+06		183.43		
00:00:30:949		1.2565e+07		-3.67341		3.57575		519.256		6.96801e+06		186.479		
00:00:30:850		1.2576e+07		-3.66013		3.46636		519.881		6.96623e+06		189.629		
00:00:30:750		1.25869e+07		-3.64685		3.37604		520.502		6.96458e+06		193.915		
00:00:30:649		1.25979e+07		-3.63357		3.29537		521.153		6.96305e+06		199.025		
00:00:30:550		1.26088e+07		-3.62029		3.25654		521.83		6.96138e+06		203.123		
00:00:30:449		1.26196e+07		-3.607		3.20062		522.527		6.95954e+06		206.928		
00:00:30:350		1.26304e+07		-3.59372		3.08075		523.249		6.95753e+06		210.073		
00:00:30:250		1.26412e+07		-3.58044		3.01464		524.002		6.95537e+06		213.306		
00:00:30:149		1.2652e+07		-3.56715		2.92667		524.783		6.95306e+06		215.196		
00:00:30:050		1.26627e+07		-3.55388		2.88955		525.591		6.9506e+06		217.157		
00:00:29:949		1.26734e+07		-3.5406		2.78775		526.434		6.94799e+06		218.774		
00:00:29:850		1.2684e+07		-3.52734		2.74536		527.319		6.94522e+06		220.739		
00:00:29:750		1.26946e+07		-3.51408		2.667		528.242		6.94229e+06		220.731		
00:00:29:649		1.27052e+07		-3.50083		2.54728		529.214		6.93921e+06		221.635		
00:00:29:550		1.27157e+07		-3.48759		2.44433		530.236		6.93598e+06		221.992		
00:00:29:449		1.27262e+07		-3.47436		2.42154		531.307		6.93262e+06		222.149		
00:00:29:350		1.27367e+07		-3.46114		2.42232		532.441		6.92914e+06		222.236		
00:00:29:250		1.27472e+07		-3.44794		2.42278		533.645		6.92556e+06		222.283		
00:00:29:100		1.27628e+07		-3.42815		2.42361		535.612		6.92003e+06		221.409		
00:00:29:100		1.27628e+07		-3.42815		2.42361		535.612		6.92003e+06		221.409		
00:00:29:000		1.27733e+07		-3.41497		2.42385		537.038		6.91626e+06		220.453		
00:00:28:800		1.2794e+07		-3.38867		2.42378		540.189		6.90839e+06		218.996		
00:00:28:800		1.2794e+07		-3.38867		2.42378		540.189		6.90839e+06		218.996		
00:00:28:699		1.28043e+07		-3.37552		2.4235		541.881		6.9042e+06		218.425		
00:00:28:550		1.28248e+07		-3.34926		2.42249		545.305		6.89519e+06		218.045		
00:00:28:399		1.28349e+07		-3.33614		2.42258		546.936		6.89026e+06		216.752		
00:00:28:399		1.28349e+07		-3.33614		2.42258		546.936		6.89026e+06		216.752		
00:00:28:300		1.28451e+07		-3.32303		2.42322		548.403		6.88495e+06		212.476		
00:00:28:199		1.28552e+07		-3.30993		2.4239		549.606		6.87925e+06		206.786		
00:00:28:100		1.28653e+07		-3.29684		2.42434		550.434		6.87318e+06		202.113		
00:00:27:899		1.28854e+07		-3.27071		2.42489		550.523		6.86009e+06		191.153		
00:00:27:800		1.28954e+07		-3.25766		2.42468		549.613		6.85321e+06		187.716		
00:00:27:800		1.28954e+07		-3.25766		2.42468		549.613		6.85321e+06		187.716		
00:00:27:600		1.29153e+07		-3.23158		2.42348		546.081		6.83921e+06		180.145		
00:00:27:500		1.29253e+07		-3.21855		2.42241		544.118		6.83236e+06		173.714		
00:00:27:500		1.29253e+07		-3.21855		2.42241		544.118		6.83236e+06		173.714		
00:00:27:399		1.29352e+07		-3.20552		2.42133		542.588		6.82595e+06		167.895		
00:00:27:300		1.29451e+07		-3.1925		2.42015		541.602		6.82049e+06		168.396		
00:00:27:199		1.2955e+07		-3.17948		2.4191		541.104		6.8168e+06		196.631		
00:00:27:100		1.29648e+07		-3.16647		2.41752		541.005		6.81536e+06		298.672		
00:00:26:899		1.29845e+07		-3.14042		2.41645		541.117		6.8168e+06		459.546		
00:00:26:800		1.29943e+07		-3.12738		2.41626		541.097		6.81864e+06		503.868		
00:00:26:800		1.29943e+07		-3.12738		2.41626		541.097		6.81864e+06		503.868		
00:00:26:699		1.30041e+07		-3.11434		2.41635		541.048		6.82071e+06		535.243		
00:00:26:600		1.30139e+07		-3.10128		2.41687		540.991		6.82268e+06		528.322		
00:00:26:500		1.30237e+07		-3.08823		2.41772		540.933		6.82454e+06		522.287		
00:00:26:350		1.30383e+07		-3.06863		2.41955		540.845		6.82722e+06		518.759		
00:00:26:250		1.30481e+07		-3.05556		2.42154		540.785		6.829e+06		519.003		
00:00:26:149		1.30579e+07		-3.04248		2.42355		540.727		6.83076e+06		519.272		
00:00:26:050		1.30677e+07		-3.02941		2.42567		540.668		6.8325e+06		519.516		
00:00:25:949		1.30774e+07		-3.01633		2.42768		540.608		6.83423e+06		519.758		
00:00:25:850		1.30871e+07		-3.00325		2.42979		540.547		6.83595e+06		519.983		
00:00:25:750		1.30969e+07		-2.99015		2.43182		540.484		6.83766e+06		520.199		
00:00:25:649		1.31066e+07		-2.97705		2.43387		540.422		6.83935e+06		520.385		
00:00:25:550		1.31163e+07		-2.96394		2.43597		540.361		6.84103e+06		520.656		
00:00:25:449		1.3126e+07		-2.95082		2.43805		540.298		6.8427e+06		520.812		
00:00:25:350		1.31358e+07		-2.93769		2.44009		540.235		6.84435e+06		521.049		
00:00:25:300		1.31406e+07		-2.93113		2.44106		540.206		6.84518e+06		521.22		
00:00:25:199		1.31503e+07		-2.91799		2.44325		540.142		6.84681e+06		521.411		
00:00:25:050		1.31649e+07		-2.89825		2.44636		540.041		6.84924e+06		521.815		
00:00:24:949		1.31746e+07		-2.88509		2.4485		539.98		6.85085e+06		522.024		
00:00:24:850		1.31843e+07		-2.87191		2.45056		539.913		6.85244e+06		522.256		
00:00:24:750		1.31939e+07		-2.85872		2.45257		539.848		6.85402e+06		522.466		
00:00:24:649		1.32036e+07		-2.84551		2.45471		539.781		6.85559e+06		522.658		
00:00:24:550		1.32133e+07		-2.8323		2.45675		539.714		6.85715e+06		522.808		
00:00:24:449		1.32229e+07		-2.81908		2.45886		539.647		6.85869e+06		523.057		
00:00:24:350		1.32326e+07		-2.80586		2.46096		539.579		6.86022e+06		523.195		
00:00:24:250		1.32423e+07		-2.79263		2.46315		539.512		6.86174e+06		523.392		
00:00:24:149		1.32519e+07		-2.77939		2.46526		539.445		6.86325e+06		523.6		
00:00:24:050		1.32616e+07		-2.76616		2.46744		539.372		6.86474e+06		523.79		
00:00:23:949		1.32713e+07		-2.75292		2.46959		539.3		6.86622e+06		524.005		
00:00:23:850		1.32809e+07		-2.73968		2.47172		539.231		6.86769e+06		524.239		
00:00:23:699		1.32955e+07		-2.7198		2.47498		539.123		6.86988e+06		524.448		
00:00:23:699		1.32955e+07		-2.7198		2.47498		539.123		6.86988e+06		524.448		
00:00:23:600		1.33051e+07		-2.70654		2.47721		539.05		6.87132e+06		524.651		
00:00:23:500		1.33148e+07		-2.69326		2.4794		538.976		6.87276e+06		524.86		
00:00:23:399		1.33245e+07		-2.67998		2.48167		538.902		6.87418e+06		525.088		
00:00:23:300		1.33341e+07		-2.66668		2.48378		538.826		6.87559e+06		525.217		
00:00:23:199		1.33438e+07		-2.65338		2.48606		538.75		6.87698e+06		525.368		
00:00:23:100		1.33535e+07		-2.64006		2.48836		538.674		6.87837e+06		525.611		
00:00:23:000		1.33631e+07		-2.62673		2.49057		538.598		6.87974e+06		525.863		
00:00:22:800		1.33823e+07		-2.60002		2.49499		538.444		6.88246e+06		526.219		
00:00:22:800		1.33823e+07		-2.60002		2.49499		538.444		6.88246e+06		526.219		
00:00:22:699		1.3392e+07		-2.58665		2.49729		538.366		6.8838e+06		526.399		
00:00:22:600		1.34016e+07		-2.57327		2.49974		538.288		6.88513e+06		526.57		
00:00:22:500		1.34113e+07		-2.55989		2.50197		538.208		6.88645e+06		526.748		
00:00:22:399		1.34209e+07		-2.54649		2.50417		538.127		6.88776e+06		526.927		
00:00:22:300		1.34304e+07		-2.53309		2.50637		538.049		6.88905e+06		527.098		
00:00:22:199		1.344e+07		-2.5197		2.50869		537.969		6.89034e+06		527.266		
00:00:22:100		1.34495e+07		-2.50629		2.51121		537.887		6.89161e+06		527.427		
00:00:22:000		1.3459e+07		-2.49288		2.51349		537.802		6.89287e+06		527.582		
00:00:21:800		1.34779e+07		-2.46605		2.51812		537.635		6.89536e+06		527.887		
00:00:21:800		1.34779e+07		-2.46605		2.51812		537.635		6.89536e+06		527.887		
00:00:21:699		1.34873e+07		-2.45262		2.52045		537.553		6.89659e+06		528.025		
00:00:21:550		1.35015e+07		-2.43246		2.52392		537.426		6.89841e+06		528.266		
00:00:21:449		1.3511e+07		-2.419		2.52618		537.341		6.89961e+06		528.4		
00:00:21:350		1.35205e+07		-2.40553		2.52855		537.252		6.9008e+06		528.523		
00:00:21:250		1.353e+07		-2.39205		2.53102		537.165		6.90198e+06		528.62		
00:00:21:149		1.35395e+07		-2.37856		2.53342		537.078		6.90314e+06		528.802		
00:00:21:050		1.3549e+07		-2.36506		2.53576		536.991		6.90429e+06		528.92		
00:00:20:949		1.35585e+07		-2.35155		2.5381		536.903		6.90543e+06		528.987		
00:00:20:850		1.3568e+07		-2.33803		2.5403		536.816		6.90657e+06		529.094		
00:00:20:750		1.35775e+07		-2.32451		2.54274		536.727		6.90768e+06		529.31		
00:00:20:649		1.3587e+07		-2.31099		2.54517		536.636		6.90879e+06		529.348		
00:00:20:550		1.35965e+07		-2.29747		2.5475		536.551		6.90988e+06		529.474		
00:00:20:449		1.36059e+07		-2.28397		2.54987		536.465		6.91096e+06		529.63		
00:00:20:350		1.36154e+07		-2.2705		2.55224		536.378		6.91203e+06		529.728		
00:00:20:250		1.36248e+07		-2.25706		2.55463		536.293		6.91309e+06		529.814		
00:00:20:149		1.36342e+07		-2.24365		2.55712		536.207		6.91413e+06		529.881		
00:00:20:050		1.36436e+07		-2.23028		2.55959		536.123		6.91516e+06		529.974		
00:00:19:949		1.3653e+07		-2.21696		2.56205		536.04		6.91618e+06		530.031		
00:00:19:850		1.36624e+07		-2.20368		2.56454		535.958		6.91718e+06		530.056		
00:00:19:750		1.36718e+07		-2.19045		2.56712		535.876		6.91817e+06		530.098		
00:00:19:649		1.36812e+07		-2.17726		2.56957		535.796		6.91915e+06		530.636		
00:00:19:550		1.36906e+07		-2.16412		2.57209		535.712		6.92012e+06		530.275		
00:00:19:449		1.37e+07		-2.15102		2.57452		535.623		6.92107e+06		530.331		
00:00:19:350		1.37093e+07		-2.13798		2.57688		535.535		6.92202e+06		530.385		
00:00:19:250		1.37187e+07		-2.12498		2.57931		535.446		6.92297e+06		530.492		
00:00:19:100		1.37328e+07		-2.1056		2.58304		535.298		6.92443e+06		530.682		
00:00:19:100		1.37328e+07		-2.1056		2.58304		535.298		6.92443e+06		530.682		
00:00:19:000		1.37422e+07		-2.09275		2.58539		535.202		6.92545e+06		530.895		
00:00:18:850		1.37563e+07		-2.0736		2.58899		535.056		6.92699e+06		531.317		
00:00:18:750		1.37656e+07		-2.06093		2.59149		534.965		6.92799e+06		531.619		
00:00:18:649		1.3775e+07		-2.04832		2.59389		534.868		6.92896e+06		531.841		
00:00:18:550		1.37844e+07		-2.03579		2.59634		534.777		6.92993e+06		532.112		
00:00:18:449		1.37938e+07		-2.02334		2.5988		534.688		6.93087e+06		532.344		
00:00:18:300		1.38079e+07		-2.00481		2.60254		534.553		6.93226e+06		532.652		
00:00:18:199		1.38173e+07		-1.99255		2.60507		534.463		6.93317e+06		532.863		
00:00:18:199		1.38173e+07		-1.99255		2.60507		534.463		6.93317e+06		532.863		
00:00:18:100		1.38267e+07		-1.98037		2.60767		534.374		6.93406e+06		533.142		
00:00:18:000		1.38361e+07		-1.96827		2.61015		534.284		6.93494e+06		533.304		
00:00:17:800		1.38548e+07		-1.94428		2.61526		534.105		6.93666e+06		533.712		
00:00:17:699		1.38642e+07		-1.93238		2.61784		534.018		6.93751e+06		533.93		
00:00:17:699		1.38642e+07		-1.93238		2.61784		534.018		6.93751e+06		533.93		
00:00:17:600		1.38736e+07		-1.92055		2.62049		533.926		6.93834e+06		534.12		
00:00:17:500		1.38831e+07		-1.90877		2.62308		533.837		6.93918e+06		534.337		
00:00:17:399		1.38925e+07		-1.89704		2.62565		533.754		6.94e+06		534.534		
00:00:17:300		1.39021e+07		-1.88536		2.62824		533.669		6.94082e+06		534.703		
00:00:17:199		1.39116e+07		-1.8737		2.63089		533.592		6.94161e+06		534.901		
00:00:17:100		1.39212e+07		-1.86205		2.63359		533.517		6.9424e+06		535.133		
00:00:16:899		1.39405e+07		-1.83874		2.63899		533.385		6.94391e+06		535.476		
00:00:16:800		1.39502e+07		-1.82705		2.6416		533.325		6.94463e+06		535.599		
00:00:16:800		1.39502e+07		-1.82705		2.6416		533.325		6.94463e+06		535.599		
00:00:16:699		1.39601e+07		-1.81534		2.64424		533.268		6.94532e+06		535.661		
00:00:16:600		1.397e+07		-1.80359		2.64699		533.215		6.94598e+06		535.691		
00:00:16:500		1.39801e+07		-1.7918		2.64973		533.156		6.9466e+06		535.631		
00:00:16:399		1.39903e+07		-1.77996		2.65242		533.1		6.94716e+06		535.495		
00:00:16:300		1.40007e+07		-1.76806		2.65511		533.032		6.94768e+06		535.3		
00:00:16:149		1.40166e+07		-1.75021		2.6592		532.93		6.94852e+06		535.291		
00:00:16:050		1.40274e+07		-1.73831		2.66198		532.862		6.94916e+06		535.358		
00:00:15:900		1.40439e+07		-1.72041		2.66615		532.758		6.95011e+06		535.425		
00:00:15:800		1.40547e+07		-1.70841		2.6689		532.686		6.95073e+06		535.512		
00:00:15:800		1.40547e+07		-1.70841		2.6689		532.686		6.95073e+06		535.512		
00:00:15:599		1.40759e+07		-1.68427		2.67452		532.545		6.95194e+06		535.649		
00:00:15:599		1.40759e+07		-1.68427		2.67452		532.545		6.95194e+06		535.649		
00:00:15:500		1.40865e+07		-1.67218		2.67735		532.477		6.95254e+06		535.727		
00:00:15:349		1.41027e+07		-1.65399		2.68167		532.375		6.95342e+06		535.912		
00:00:15:250		1.41136e+07		-1.64178		2.6845		532.307		6.954e+06		536.039		
00:00:15:150		1.41242e+07		-1.62948		2.6873		532.246		6.95458e+06		536.171		
00:00:15:050		1.41346e+07		-1.61705		2.6901		532.179		6.95515e+06		536.352		
00:00:14:949		1.41444e+07		-1.60451		2.69322		532.113		6.95572e+06		536.502		
00:00:14:849		1.41538e+07		-1.59189		2.69614		532.047		6.95629e+06		536.634		
00:00:14:750		1.41631e+07		-1.57927		2.6991		531.979		6.95684e+06		536.726		
00:00:14:650		1.41723e+07		-1.56663		2.70201		531.911		6.9574e+06		536.831		
00:00:14:550		1.41816e+07		-1.55398		2.70491		531.839		6.95794e+06		536.904		
00:00:14:449		1.41908e+07		-1.5413		2.70794		531.766		6.95849e+06		536.994		
00:00:14:349		1.42e+07		-1.52861		2.71088		531.689		6.95902e+06		537.091		
00:00:14:250		1.42091e+07		-1.51589		2.71386		531.606		6.95956e+06		537.175		
00:00:14:150		1.42182e+07		-1.50315		2.71679		531.522		6.96009e+06		537.295		
00:00:14:050		1.42274e+07		-1.4904		2.71981		531.428		6.96061e+06		537.38		
00:00:13:849		1.42456e+07		-1.46484		2.72589		531.236		6.96166e+06		537.603		
00:00:13:849		1.42456e+07		-1.46484		2.72589		531.236		6.96166e+06		537.603		
00:00:13:750		1.42547e+07		-1.45204		2.72892		531.14		6.96217e+06		537.697		
00:00:13:650		1.42637e+07		-1.43922		2.73199		531.061		6.96269e+06		537.836		
00:00:13:550		1.42728e+07		-1.42638		2.73505		531.002		6.96321e+06		537.967		
00:00:13:449		1.42818e+07		-1.41352		2.73815		530.98		6.96373e+06		538.129		
00:00:13:349		1.42908e+07		-1.40065		2.74143		531.006		6.96425e+06		538.341		
00:00:13:250		1.42998e+07		-1.38777		2.74463		531.098		6.96478e+06		538.601		
00:00:13:150		1.43088e+07		-1.37486		2.74782		531.247		6.96531e+06		538.97		
00:00:13:000		1.43221e+07		-1.35546		2.7526		531.546		6.96611e+06		539.8		
00:00:12:900		1.4331e+07		-1.34249		2.75575		531.738		6.96664e+06		540.586		
00:00:12:800		1.43399e+07		-1.3295		2.759		531.843		6.96715e+06		541.541		
00:00:12:800		1.43399e+07		-1.3295		2.759		531.843		6.96715e+06		541.541		
00:00:12:699		1.43487e+07		-1.31647		2.76219		531.815		6.96761e+06		542.441		
00:00:12:599		1.43574e+07		-1.30342		2.76542		531.674		6.96797e+06		542.716		
00:00:12:500		1.43662e+07		-1.29034		2.76874		531.485		6.96818e+06		540.806		
00:00:12:400		1.43749e+07		-1.27722		2.77199		531.298		6.96819e+06		533.464		
00:00:12:199		1.43922e+07		-1.2509		2.77859		530.945		6.96792e+06		517.596		
00:00:12:099		1.44008e+07		-1.23768		2.78194		530.795		6.96786e+06		520.513		
00:00:12:099		1.44008e+07		-1.23768		2.78194		530.795		6.96786e+06		520.513		
00:00:12:000		1.44093e+07		-1.22444		2.7853		530.67		6.96786e+06		523.353		
00:00:11:800		1.4426e+07		-1.19782		2.79186		530.491		6.96806e+06		528.825		
00:00:11:800		1.4426e+07		-1.19782		2.79186		530.491		6.96806e+06		528.825		
00:00:11:699		1.44342e+07		-1.18444		2.79523		530.427		6.96825e+06		531.512		
00:00:11:599		1.44422e+07		-1.17101		2.79864		530.366		6.96849e+06		534.146		
00:00:11:500		1.44501e+07		-1.15752		2.8021		530.311		6.96877e+06		536.628		
00:00:11:400		1.44578e+07		-1.14397		2.80546		530.252		6.96907e+06		538.591		
00:00:11:300		1.44651e+07		-1.13037		2.80875		530.197		6.96936e+06		539.141		
00:00:11:099		1.44722e+07		-1.11675		2.81205		530.142		6.96965e+06		539.209		
00:00:11:099		1.44791e+07		-1.10315		2.81563		530.087		6.96993e+06		539.27		
00:00:11:000		1.44861e+07		-1.08958		2.81928		530.031		6.9702e+06		539.32		
00:00:10:800		1.45002e+07		-1.06257		2.82614		529.923		6.97072e+06		539.436		
00:00:10:800		1.45002e+07		-1.06257		2.82614		529.923		6.97072e+06		539.436		
00:00:10:699		1.45074e+07		-1.04915		2.82917		529.87		6.97097e+06		539.497		
00:00:10:599		1.45148e+07		-1.03579		2.83296		529.816		6.97121e+06		539.542		
00:00:10:500		1.45224e+07		-1.02249		2.837		529.766		6.97144e+06		539.578		
00:00:10:300		1.45384e+07		-0.996061		2.84362		529.665		6.97188e+06		539.706		
00:00:10:300		1.45384e+07		-0.996061		2.84362		529.665		6.97188e+06		539.706		
00:00:10:199		1.45469e+07		-0.982838		2.84675		529.612		6.97209e+06		539.758		
00:00:10:099		1.45548e+07		-0.969518		2.85056		529.564		6.97229e+06		539.794		
00:00:09:900		1.45696e+07		-0.942746		2.85921		529.468		6.97266e+06		539.87		
00:00:09:750		1.45803e+07		-0.922868		2.86288		529.4		6.97292e+06		539.947		
00:00:09:750		1.45803e+07		-0.922868		2.86288		529.4		6.97292e+06		539.947		
00:00:09:650		1.45879e+07		-0.909781		2.86578		529.356		6.97307e+06		539.988		
00:00:09:550		1.45961e+07		-0.896799		2.87106		529.311		6.97322e+06		540.022		
00:00:09:449		1.46047e+07		-0.883846		2.87658		529.269		6.97336e+06		540.042		
00:00:09:349		1.46132e+07		-0.870894		2.88025		529.225		6.97349e+06		540.069		
00:00:09:250		1.46217e+07		-0.857939		2.88082		529.184		6.97362e+06		540.102		
00:00:09:150		1.46303e+07		-0.844983		2.88242		529.146		6.97373e+06		540.136		
00:00:09:050		1.46388e+07		-0.83202		2.8891		529.107		6.97383e+06		540.17		
00:00:08:949		1.46473e+07		-0.819057		2.89703		529.068		6.97392e+06		540.178		
00:00:08:849		1.46557e+07		-0.806097		2.90193		529.033		6.974e+06		540.198		
00:00:08:750		1.46642e+07		-0.793139		2.89884		528.996		6.97407e+06		540.222		
00:00:08:650		1.46727e+07		-0.780174		2.89748		528.965		6.97413e+06		540.241		
00:00:08:550		1.46812e+07		-0.767208		2.90602		528.932		6.97419e+06		540.254		
00:00:08:449		1.46896e+07		-0.754241		2.91957		528.9		6.97423e+06		540.247		
00:00:08:349		1.46981e+07		-0.741275		2.93211		528.871		6.97426e+06		540.264		
00:00:08:250		1.47065e+07		-0.728312		2.94888		528.843		6.97427e+06		540.268		
00:00:08:099		1.47191e+07		-0.708872		2.97946		528.804		6.97428e+06		540.259		
00:00:08:000		1.47276e+07		-0.695919		2.99268		528.78		6.97427e+06		540.266		
00:00:08:000		1.47276e+07		-0.695919		2.99268		528.78		6.97427e+06		540.266		
00:00:07:849		1.47402e+07		-0.676512		3.00245		528.747		6.97424e+06		540.246		
00:00:07:700		1.47527e+07		-0.657127		3.01174		528.72		6.97418e+06		540.217		
00:00:07:599		1.47611e+07		-0.644219		3.0176		528.705		6.97412e+06		540.21		
00:00:07:599		1.47611e+07		-0.644219		3.0176		528.705		6.97412e+06		540.21		
00:00:07:500		1.47695e+07		-0.631324		3.02337		528.692		6.97406e+06		540.176		
00:00:07:400		1.47779e+07		-0.618442		3.02866		528.681		6.97398e+06		540.141		
00:00:07:250		1.47904e+07		-0.599146		3.03661		528.67		6.97384e+06		540.076		
00:00:07:150		1.47987e+07		-0.586309		3.04175		528.664		6.97373e+06		540.014		
00:00:07:049		1.48071e+07		-0.573493		3.0465		528.66		6.97361e+06		539.95		
00:00:06:950		1.48154e+07		-0.560697		3.05036		528.66		6.97347e+06		539.896		
00:00:06:849		1.48237e+07		-0.547923		3.05438		528.659		6.97333e+06		539.821		
00:00:06:750		1.48321e+07		-0.535175		3.05811		528.662		6.97317e+06		539.729		
00:00:06:650		1.48404e+07		-0.522453		3.06235		528.668		6.973e+06		539.628		
00:00:06:549		1.48487e+07		-0.509766		3.0657		528.675		6.97282e+06		539.532		
00:00:06:400		1.48612e+07		-0.490792		3.07074		528.692		6.97252e+06		539.356		
00:00:06:299		1.48695e+07		-0.478184		3.07386		528.707		6.97232e+06		539.221		
00:00:06:299		1.48695e+07		-0.478184		3.07386		528.707		6.97232e+06		539.221		
00:00:06:099		1.48861e+07		-0.453064		3.08204		528.744		6.97187e+06		538.95		
00:00:06:000		1.48944e+07		-0.440564		3.08562		528.764		6.97164e+06		538.799		
00:00:05:900		1.49028e+07		-0.428101		3.08759		528.79		6.97139e+06		538.646		
00:00:05:799		1.49111e+07		-0.415677		3.0908		528.817		6.97114e+06		538.483		
00:00:05:799		1.49111e+07		-0.415677		3.0908		528.817		6.97114e+06		538.483		
00:00:05:700		1.49194e+07		-0.40329		3.09585		528.843		6.97089e+06		538.305		
00:00:05:599		1.49278e+07		-0.390942		3.1029		528.876		6.97063e+06		538.114		
00:00:05:500		1.49361e+07		-0.378637		3.10885		528.91		6.97036e+06		537.918		
00:00:05:299		1.49528e+07		-0.354156		3.11167		528.981		6.96982e+06		537.511		
00:00:05:299		1.49528e+07		-0.354156		3.11167		528.981		6.96982e+06		537.511		
00:00:05:200		1.49612e+07		-0.342002		3.1172		529.024		6.96955e+06		537.285		
00:00:05:099		1.49696e+07		-0.329897		3.12889		529.064		6.96927e+06		537.038		
00:00:04:900		1.49865e+07		-0.305816		3.13023		529.151		6.96872e+06		536.555		
00:00:04:799		1.4995e+07		-0.293824		3.13026		529.197		6.96845e+06		536.289		
00:00:04:799		1.4995e+07		-0.293824		3.13026		529.197		6.96845e+06		536.289		
00:00:04:700		1.50036e+07		-0.281872		3.11517		529.243		6.96818e+06		536.01		
00:00:04:599		1.50123e+07		-0.269972		3.11784		529.291		6.96791e+06		535.739		
00:00:04:500		1.50211e+07		-0.258117		3.09836		529.337		6.96765e+06		535.452		
00:00:04:400		1.50301e+07		-0.246292		3.08151		529.383		6.9674e+06		535.152		
00:00:04:299		1.50392e+07		-0.234488		3.05654		529.427		6.96715e+06		534.865		
00:00:04:200		1.50485e+07		-0.222694		3.04727		529.474		6.96691e+06		534.544		
00:00:04:099		1.50581e+07		-0.210881		3.04991		529.518		6.96668e+06		534.246		
00:00:04:000		1.50679e+07		-0.199031		3.07017		529.56		6.96647e+06		533.936		
00:00:03:799		1.5087e+07		-0.174922		3.07955		529.645		6.96608e+06		533.329		
00:00:03:799		1.5087e+07		-0.174922		3.07955		529.645		6.96608e+06		533.329		
00:00:03:700		1.5095e+07		-0.162724		3.06395		529.684		6.9659e+06		533.025		
00:00:03:549		1.5107e+07		-0.144628		3.10557		529.742		6.96565e+06		532.577		
00:00:03:450		1.51152e+07		-0.13272		3.15452		529.783		6.9655e+06		532.275		
00:00:03:350		1.51235e+07		-0.120948		3.21124		529.82		6.96536e+06		531.982		
00:00:03:250		1.51319e+07		-0.109319		3.24668		529.855		6.96522e+06		531.696		
00:00:03:200		1.51362e+07		-0.103562		3.2418		529.871		6.96516e+06		531.551		
00:00:03:100		1.51449e+07		-0.0921459		3.25174		529.906		6.96504e+06		531.263		
00:00:03:000		1.51538e+07		-0.0808525		3.25006		529.938		6.96494e+06		530.979		
00:00:02:799		1.5172e+07		-0.0585999		3.2587		529.989		6.96477e+06		530.439		
00:00:02:799		1.5172e+07		-0.0585999		3.2587		529.989		6.96477e+06		530.439		
00:00:02:700		1.51813e+07		-0.0476255		3.26228		530.013		6.96471e+06		530.183		
00:00:02:600		1.51908e+07		-0.0367532		3.26318		530.035		6.96466e+06		529.939		
00:00:02:500		1.52051e+07		-0.0206442		3.25904		530.065		6.96462e+06		529.588		
00:00:02:350		1.52147e+07		-0.0100403		3.25482		530.083		6.96461e+06		529.384		
00:00:02:250		1.52243e+07		0.000465393		3.24963		530.098		6.96461e+06		529.182		
00:00:02:149		1.52339e+07		0.0108747		3.25039		530.109		6.96462e+06		528.988		
00:00:02:049		1.52436e+07		0.0211844		3.23897		530.122		6.96464e+06		528.814		
00:00:01:850		1.52632e+07		0.0414486		3.19765		530.144		6.9647e+06		528.471		
00:00:01:750		1.52731e+07		0.0513434		3.18433		530.153		6.96474e+06		528.317		
00:00:01:750		1.52731e+07		0.0513434		3.18433		530.153		6.96474e+06		528.317		
00:00:01:649		1.52832e+07		0.0610633		3.17407		530.159		6.96478e+06		528.17		
00:00:01:550		1.52933e+07		0.0705886		3.16671		530.166		6.96481e+06		528.015		
00:00:01:449		1.53034e+07		0.0799084		3.12719		530.173		6.96484e+06		527.878		
00:00:01:350		1.53137e+07		0.0890265		3.07528		530.181		6.96486e+06		527.738		
00:00:01:250		1.5324e+07		0.0979791		3.05929		530.186		6.96487e+06		527.587		
00:00:01:149		1.53346e+07		0.106842		3.07949		530.192		6.96488e+06		527.444		
00:00:01:050		1.53457e+07		0.11569		3.10666		530.195		6.96488e+06		527.291		
00:00:00:849		1.53703e+07		0.133159		3.00493		530.203		6.96485e+06		527.036		
00:00:00:750		1.53832e+07		0.141688		2.94357		530.204		6.96483e+06		526.934		
00:00:00:750		1.53832e+07		0.141688		2.94357		530.204		6.96483e+06		526.934		
00:00:00:650		1.53984e+07		0.150298		2.99656		530.206		6.96483e+06		526.872		
00:00:00:550		1.5418e+07		0.159378		3.12011		530.21		6.96483e+06		526.825		
00:00:00:450		1.54452e+07		0.16735		3.14727		530.212		6.96484e+06		526.816		
00:00:00:349		1.54679e+07		0.171841		3.09361		530.216		6.96484e+06		526.825		
00:00:00:250		1.54778e+07		0.17284		2.83572		530.219		6.96484e+06		526.827		
00:00:00:149		1.54785e+07		0.17284		2.83572		530.221		6.96484e+06		526.824		
00:00:00:050		1.54785e+07		0.17284		2.83567		530.223		6.96484e+06		526.826		
00:00:00:000		1.54785e+07		0.17284		2.83571		530.225		6.96483e+06		526.826		
00:00:00:000		1.54785e+07		0.17284		2.83571		530.225		6.96483e+06		526.826		
00:00:00:000		1.54785e+07		0.17284		2.83571		530.225		6.96483e+06		526.826		
00:00:00:000		1.54785e+07		0.17284		2.83571		530.225		6.96483e+06		526.826		
00:00:00:000		1.54785e+07		0.17284		2.83571		530.225		6.96483e+06		526.826		
00:00:00:000		1.54785e+07		0.17284		2.83571		530.225		6.96483e+06		526.826		
00:00:00:000		1.54785e+07		0.17284		2.83571		530.225		6.96483e+06		526.826		
00:00:00:000		1.54785e+07		0.17284		2.83571		530.225		6.96483e+06		526.826		
00:00:00:000		1.54785e+07		0.17284		2.83571		530.225		6.96483e+06		526.826		
00:00:00:000		1.54785e+07		0.17284		2.83571		530.225		6.96483e+06		526.826		
00:00:00:000		1.54785e+07		0.17284		2.83571		530.225		6.96483e+06		526.826		
00:00:00:000		1.54785e+07		0.17284		2.83571		530.225		6.96483e+06		526.826		
00:00:00:000		1.54785e+07		0.17284		2.83571		530.225		6.96483e+06		526.826		
00:00:00:000		1.54785e+07		0.17284		2.83571		530.225		6.96483e+06		526.826		
00:00:00:000		1.54785e+07		0.17284		2.83571		530.225		6.96483e+06		526.826		
00:00:00:000		1.54785e+07		0.17284		2.83571		530.225		6.96483e+06		526.826		
