	time 		gpv001pnt10113ppntm	evf507ety101mpzoyout	chtcon(1)	chavg(1)	chlhsumpa	rcptavgn	
00:01:09:599		7.10575e+06		146.251		99.7852		2.49842e+06		1.47786		289.534		
00:01:09:500		7.1056e+06		146.159		99.7852		2.49842e+06		1.47786		289.532		
00:01:09:450		7.10557e+06		146.159		99.742		2.49535e+06		1.47513		289.532		
00:01:09:349		7.10526e+06		146.159		99.742		2.49535e+06		1.47513		289.53		
00:01:09:200		7.10505e+06		146.067		99.6985		2.49226e+06		1.47239		289.527		
00:01:09:099		7.10473e+06		146.067		99.6985		2.49226e+06		1.47239		289.526		
00:01:09:000		7.10454e+06		145.975		99.6985		2.49226e+06		1.47239		289.524		
00:01:08:900		7.1044e+06		145.975		99.6548		2.48918e+06		1.46965		289.522		
00:01:08:799		7.10403e+06		145.975		99.6548		2.48918e+06		1.46965		289.521		
00:01:08:700		7.10398e+06		145.883		99.6108		2.48603e+06		1.46692		289.519		
00:01:08:599		7.1037e+06		145.883		99.6108		2.48603e+06		1.46692		289.518		
00:01:08:500		7.10343e+06		145.791		99.6108		2.48603e+06		1.46692		289.516		
00:01:08:400		7.10333e+06		145.791		99.5665		2.4829e+06		1.46418		289.515		
00:01:08:299		7.10296e+06		145.791		99.5665		2.4829e+06		1.46418		289.513		
00:01:08:200		7.10288e+06		145.699		99.522		2.4798e+06		1.46144		289.512		
00:01:08:099		7.10261e+06		145.699		99.522		2.4798e+06		1.46144		289.511		
00:01:08:000		7.10231e+06		145.607		99.522		2.4798e+06		1.46144		289.509		
00:01:07:900		7.10225e+06		145.607		99.4772		2.47674e+06		1.45871		289.508		
00:01:07:799		7.1019e+06		145.607		99.4772		2.47674e+06		1.45871		289.507		
00:01:07:700		7.10176e+06		145.514		99.4322		2.47372e+06		1.45597		289.506		
00:01:07:599		7.10154e+06		145.514		99.4322		2.47372e+06		1.45597		289.504		
00:01:07:500		7.10119e+06		145.422		99.4322		2.47372e+06		1.45597		289.503		
00:01:07:400		7.10113e+06		145.422		99.3868		2.4707e+06		1.45323		289.502		
00:01:07:299		7.10078e+06		145.422		99.3868		2.4707e+06		1.45323		289.501		
00:01:07:200		7.10061e+06		145.329		99.3412		2.46762e+06		1.4505		289.5		
00:01:07:200		7.10061e+06		145.329		99.3412		2.46762e+06		1.4505		289.5		
00:01:07:000		7.10007e+06		145.236		99.3412		2.46762e+06		1.4505		289.498		
00:01:06:900		7.09999e+06		145.236		99.2953		2.46449e+06		1.44776		289.496		
00:01:06:799		7.09965e+06		145.236		99.2953		2.46449e+06		1.44776		289.495		
00:01:06:700		7.09944e+06		145.143		99.2491		2.46136e+06		1.44503		289.494		
00:01:06:599		7.09926e+06		145.143		99.2491		2.46136e+06		1.44503		289.492		
00:01:06:500		7.09887e+06		145.05		99.2491		2.46136e+06		1.44503		289.491		
00:01:06:400		7.0988e+06		145.05		99.2025		2.45817e+06		1.44229		289.489		
00:01:06:299		7.09848e+06		145.05		99.2025		2.45817e+06		1.44229		289.488		
00:01:06:299		7.09848e+06		145.05		99.2025		2.45817e+06		1.44229		289.488		
00:01:06:150		7.09818e+06		144.958		99.1556		2.455e+06		1.43955		289.485		
00:01:06:049		7.09785e+06		144.958		99.1556		2.455e+06		1.43955		289.483		
00:01:05:950		7.0976e+06		144.866		99.1085		2.4518e+06		1.43682		289.482		
00:01:05:849		7.09744e+06		144.866		99.1085		2.4518e+06		1.43682		289.48		
00:01:05:799		7.09724e+06		144.866		99.1085		2.4518e+06		1.43682		289.479		
00:01:05:700		7.09695e+06		144.773		99.0609		2.44861e+06		1.43408		289.477		
00:01:05:549		7.09663e+06		144.773		99.0609		2.44861e+06		1.43408		289.475		
00:01:05:450		7.09631e+06		144.68		99.013		2.44546e+06		1.43135		289.473		
00:01:05:250		7.09577e+06		144.588		99.013		2.44546e+06		1.43135		289.47		
00:01:05:250		7.09577e+06		144.588		99.013		2.44546e+06		1.43135		289.47		
00:01:05:150		7.09568e+06		144.588		98.9648		2.4423e+06		1.42861		289.468		
00:01:05:049		7.09536e+06		144.588		98.9648		2.4423e+06		1.42861		289.466		
00:01:04:950		7.09503e+06		144.495		98.9162		2.43908e+06		1.42587		289.464		
00:01:04:750		7.0945e+06		144.402		98.9162		2.43908e+06		1.42587		289.46		
00:01:04:650		7.09434e+06		144.402		98.8672		2.43582e+06		1.42314		289.458		
00:01:04:650		7.09434e+06		144.402		98.8672		2.43582e+06		1.42314		289.458		
00:01:04:549		7.09405e+06		144.402		98.8672		2.43582e+06		1.42314		289.456		
00:01:04:349		7.09358e+06		144.309		98.8178		2.43261e+06		1.4204		289.452		
00:01:04:250		7.09316e+06		144.217		98.8178		2.43261e+06		1.4204		289.45		
00:01:04:250		7.09316e+06		144.217		98.8178		2.43261e+06		1.4204		289.45		
00:01:04:150		7.09298e+06		144.217		98.768		2.42943e+06		1.41766		289.448		
00:01:04:049		7.09272e+06		144.217		98.768		2.42943e+06		1.41766		289.446		
00:01:03:950		7.0923e+06		144.124		98.7178		2.42625e+06		1.41493		289.444		
00:01:03:850		7.09218e+06		144.124		98.7178		2.42625e+06		1.41493		289.441		
00:01:03:750		7.09178e+06		144.031		98.7178		2.42625e+06		1.41493		289.439		
00:01:03:649		7.09158e+06		144.031		98.6672		2.42306e+06		1.41219		289.437		
00:01:03:549		7.0913e+06		144.031		98.6672		2.42306e+06		1.41219		289.435		
00:01:03:350		7.09075e+06		143.938		98.6162		2.41987e+06		1.40945		289.43		
00:01:03:250		7.09036e+06		143.845		98.6162		2.41987e+06		1.40945		289.428		
00:01:03:250		7.09036e+06		143.845		98.6162		2.41987e+06		1.40945		289.428		
00:01:03:149		7.09008e+06		143.845		98.5647		2.41662e+06		1.40671		289.426		
00:01:03:049		7.08984e+06		143.845		98.5647		2.41662e+06		1.40671		289.424		
00:01:02:950		7.08939e+06		143.752		98.5128		2.41332e+06		1.40397		289.422		
00:01:02:850		7.08926e+06		143.752		98.5128		2.41332e+06		1.40397		289.419		
00:01:02:750		7.08885e+06		143.66		98.5128		2.41332e+06		1.40397		289.417		
00:01:02:600		7.0885e+06		143.66		98.4604		2.41002e+06		1.40123		289.413		
00:01:02:500		7.08811e+06		143.567		98.4604		2.41002e+06		1.40123		289.411		
00:01:02:299		7.08755e+06		143.567		98.4076		2.40671e+06		1.39849		289.406		
00:01:02:200		7.08708e+06		143.475		98.3543		2.4034e+06		1.39574		289.403		
00:01:02:200		7.08708e+06		143.475		98.3543		2.4034e+06		1.39574		289.403		
00:01:02:100		7.08694e+06		143.475		98.3543		2.4034e+06		1.39574		289.4		
00:01:02:000		7.08655e+06		143.382		98.3543		2.4034e+06		1.39574		289.398		
00:01:01:899		7.08618e+06		143.382		98.3006		2.40014e+06		1.393		289.395		
00:01:01:799		7.08601e+06		143.382		98.3006		2.40014e+06		1.393		289.392		
00:01:01:700		7.08551e+06		143.29		98.2463		2.39691e+06		1.39026		289.389		
00:01:01:600		7.08534e+06		143.29		98.2463		2.39691e+06		1.39026		289.386		
00:01:01:500		7.08497e+06		143.197		98.2463		2.39691e+06		1.39026		289.383		
00:01:01:399		7.08458e+06		143.197		98.1917		2.39368e+06		1.38751		289.38		
00:01:01:299		7.0844e+06		143.197		98.1917		2.39368e+06		1.38751		289.377		
00:01:01:200		7.0839e+06		143.104		98.1365		2.39044e+06		1.38477		289.374		
00:01:01:100		7.0837e+06		143.104		98.1365		2.39044e+06		1.38477		289.371		
00:01:01:000		7.08336e+06		143.01		98.1365		2.39044e+06		1.38477		289.368		
00:01:00:899		7.08291e+06		143.01		98.0809		2.38719e+06		1.38202		289.365		
00:01:00:799		7.08272e+06		143.01		98.0809		2.38719e+06		1.38202		289.363		
00:01:00:700		7.08224e+06		142.917		98.0247		2.38389e+06		1.37928		289.36		
00:01:00:600		7.08204e+06		142.917		98.0247		2.38389e+06		1.37928		289.357		
00:01:00:500		7.08167e+06		142.824		98.0247		2.38389e+06		1.37928		289.354		
00:01:00:399		7.08121e+06		142.824		97.9682		2.38054e+06		1.37653		289.351		
00:01:00:299		7.08104e+06		142.824		97.9682		2.38054e+06		1.37653		289.348		
00:01:00:200		7.08057e+06		142.731		97.9111		2.37719e+06		1.37379		289.345		
00:01:00:100		7.0803e+06		142.731		97.9111		2.37719e+06		1.37379		289.343		
00:01:00:000		7.07995e+06		142.639		97.9111		2.37719e+06		1.37379		289.34		
00:00:59:950		7.07968e+06		142.639		97.8536		2.37383e+06		1.37104		289.338		
00:00:59:850		7.07946e+06		142.639		97.8536		2.37383e+06		1.37104		289.335		
00:00:59:850		7.07946e+06		142.639		97.8536		2.37383e+06		1.37104		289.335		
00:00:59:750		7.07909e+06		142.546		97.8536		2.37383e+06		1.37104		289.333		
00:00:59:600		7.07854e+06		142.546		97.7958		2.37046e+06		1.36829		289.329		
00:00:59:500		7.07822e+06		142.453		97.7958		2.37046e+06		1.36829		289.326		
00:00:59:299		7.07754e+06		142.453		97.7374		2.36715e+06		1.36555		289.321		
00:00:59:299		7.07754e+06		142.453		97.7374		2.36715e+06		1.36555		289.321		
00:00:59:200		7.07706e+06		142.361		97.6787		2.36382e+06		1.3628		289.318		
00:00:59:100		7.07681e+06		142.361		97.6787		2.36382e+06		1.3628		289.315		
00:00:59:000		7.07645e+06		142.267		97.6787		2.36382e+06		1.3628		289.313		
00:00:58:899		7.07595e+06		142.267		97.6196		2.36049e+06		1.36005		289.31		
00:00:58:799		7.07578e+06		142.267		97.6196		2.36049e+06		1.36005		289.307		
00:00:58:700		7.07531e+06		142.175		97.5601		2.3572e+06		1.3573		289.305		
00:00:58:600		7.07499e+06		142.175		97.5601		2.3572e+06		1.3573		289.303		
00:00:58:500		7.07466e+06		142.081		97.5601		2.3572e+06		1.3573		289.3		
00:00:58:299		7.07401e+06		142.081		97.5002		2.35391e+06		1.35456		289.296		
00:00:58:299		7.07401e+06		142.081		97.5002		2.35391e+06		1.35456		289.296		
00:00:58:200		7.07352e+06		141.988		97.4399		2.35061e+06		1.35181		289.293		
00:00:58:100		7.07323e+06		141.988		97.4399		2.35061e+06		1.35181		289.291		
00:00:58:000		7.07292e+06		141.895		97.4399		2.35061e+06		1.35181		289.288		
00:00:57:899		7.07241e+06		141.895		97.3792		2.3473e+06		1.34906		289.286		
00:00:57:799		7.07222e+06		141.895		97.3792		2.3473e+06		1.34906		289.284		
00:00:57:600		7.07151e+06		141.802		97.3181		2.34399e+06		1.34631		289.278		
00:00:57:600		7.07151e+06		141.802		97.3181		2.34399e+06		1.34631		289.278		
00:00:57:399		7.07066e+06		141.708		97.2565		2.34068e+06		1.34357		289.275		
00:00:57:299		7.07049e+06		141.708		97.2565		2.34068e+06		1.34357		289.273		
00:00:57:299		7.07049e+06		141.708		97.2565		2.34068e+06		1.34357		289.273		
00:00:57:200		7.07002e+06		141.615		97.1945		2.3373e+06		1.34082		289.269		
00:00:57:100		7.0697e+06		141.615		97.1945		2.3373e+06		1.34082		289.267		
00:00:57:000		7.06942e+06		141.521		97.1945		2.3373e+06		1.34082		289.266		
00:00:56:899		7.06898e+06		141.521		97.132		2.33393e+06		1.33808		289.264		
00:00:56:750		7.06857e+06		141.428		97.132		2.33393e+06		1.33808		289.26		
00:00:56:649		7.06806e+06		141.428		97.0691		2.3306e+06		1.33533		289.258		
00:00:56:549		7.06791e+06		141.428		97.0691		2.3306e+06		1.33533		289.256		
00:00:56:350		7.06715e+06		141.335		97.0057		2.32726e+06		1.33258		289.253		
00:00:56:250		7.06687e+06		141.241		97.0057		2.32726e+06		1.33258		289.251		
00:00:56:250		7.06687e+06		141.241		97.0057		2.32726e+06		1.33258		289.251		
00:00:56:149		7.06641e+06		141.241		96.9419		2.32387e+06		1.32984		289.249		
00:00:56:049		7.06621e+06		141.241		96.9419		2.32387e+06		1.32984		289.247		
00:00:55:950		7.06573e+06		141.148		96.8775		2.32042e+06		1.32709		289.245		
00:00:55:850		7.06542e+06		141.148		96.8775		2.32042e+06		1.32709		289.244		
00:00:55:750		7.06519e+06		141.055		96.8775		2.32042e+06		1.32709		289.242		
00:00:55:649		7.0647e+06		141.055		96.8127		2.31697e+06		1.32435		289.24		
00:00:55:549		7.06453e+06		141.055		96.8127		2.31697e+06		1.32435		289.238		
00:00:55:450		7.06407e+06		140.961		96.7474		2.31357e+06		1.3216		289.237		
00:00:55:350		7.06379e+06		140.961		96.7474		2.31357e+06		1.3216		289.235		
00:00:55:250		7.0635e+06		140.868		96.7474		2.31357e+06		1.3216		289.233		
00:00:55:149		7.06301e+06		140.868		96.6816		2.31021e+06		1.31886		289.232		
00:00:55:049		7.06291e+06		140.868		96.6816		2.31021e+06		1.31886		289.23		
00:00:54:950		7.06251e+06		140.774		96.6153		2.30684e+06		1.31611		289.228		
00:00:54:850		7.06212e+06		140.774		96.6153		2.30684e+06		1.31611		289.227		
00:00:54:750		7.06189e+06		140.681		96.6153		2.30684e+06		1.31611		289.225		
00:00:54:649		7.06139e+06		140.681		96.5486		2.30347e+06		1.31337		289.224		
00:00:54:549		7.06127e+06		140.681		96.5486		2.30347e+06		1.31337		289.222		
00:00:54:450		7.06084e+06		140.587		96.4813		2.30003e+06		1.31062		289.221		
00:00:54:350		7.06053e+06		140.587		96.4813		2.30003e+06		1.31062		289.219		
00:00:54:250		7.06034e+06		140.493		96.4813		2.30003e+06		1.31062		289.217		
00:00:54:250		7.06034e+06		140.493		96.4813		2.30003e+06		1.31062		289.217		
00:00:54:149		7.05984e+06		140.493		96.4135		2.29667e+06		1.30788		289.216		
00:00:54:000		7.05949e+06		140.4		96.4135		2.29667e+06		1.30788		289.214		
00:00:53:850		7.0589e+06		140.4		96.3452		2.29332e+06		1.30513		289.211		
00:00:53:850		7.0589e+06		140.4		96.3452		2.29332e+06		1.30513		289.211		
00:00:53:700		7.05848e+06		140.305		96.2763		2.28987e+06		1.30239		289.209		
00:00:53:600		7.05805e+06		140.305		96.2763		2.28987e+06		1.30239		289.208		
00:00:53:500		7.05793e+06		140.211		96.2763		2.28987e+06		1.30239		289.206		
00:00:53:299		7.05723e+06		140.211		96.2069		2.28644e+06		1.29964		289.203		
00:00:53:299		7.05723e+06		140.211		96.2069		2.28644e+06		1.29964		289.203		
00:00:53:200		7.05688e+06		140.117		96.1369		2.28303e+06		1.2969		289.202		
00:00:53:100		7.05646e+06		140.117		96.1369		2.28303e+06		1.2969		289.2		
00:00:53:000		7.05633e+06		140.023		96.1369		2.28303e+06		1.2969		289.198		
00:00:52:899		7.05583e+06		140.023		96.0664		2.27968e+06		1.29415		289.197		
00:00:52:799		7.05563e+06		140.023		96.0664		2.27968e+06		1.29415		289.195		
00:00:52:700		7.05532e+06		139.929		95.9953		2.27631e+06		1.2914		289.194		
00:00:52:600		7.05484e+06		139.929		95.9953		2.27631e+06		1.2914		289.192		
00:00:52:500		7.05469e+06		139.835		95.9953		2.27631e+06		1.2914		289.19		
00:00:52:299		7.05402e+06		139.835		95.9237		2.27289e+06		1.28866		289.187		
00:00:52:299		7.05402e+06		139.835		95.9237		2.27289e+06		1.28866		289.187		
00:00:52:200		7.05368e+06		139.74		95.8514		2.26947e+06		1.28591		289.186		
00:00:52:100		7.05318e+06		139.74		95.8514		2.26947e+06		1.28591		289.184		
00:00:52:000		7.05305e+06		139.646		95.8514		2.26947e+06		1.28591		289.182		
00:00:51:899		7.05258e+06		139.646		95.7786		2.26604e+06		1.28316		289.181		
00:00:51:799		7.05229e+06		139.646		95.7786		2.26604e+06		1.28316		289.179		
00:00:51:700		7.05201e+06		139.551		95.7052		2.2626e+06		1.28041		289.178		
00:00:51:600		7.05154e+06		139.551		95.7052		2.2626e+06		1.28041		289.176		
00:00:51:500		7.05138e+06		139.457		95.7052		2.2626e+06		1.28041		289.175		
00:00:51:299		7.05059e+06		139.457		95.6313		2.25916e+06		1.27766		289.172		
00:00:51:299		7.05059e+06		139.457		95.6313		2.25916e+06		1.27766		289.172		
00:00:51:200		7.05033e+06		139.362		95.5568		2.25566e+06		1.27491		289.171		
00:00:51:100		7.04974e+06		139.362		95.5568		2.25566e+06		1.27491		289.169		
00:00:50:950		7.04947e+06		139.268		95.4818		2.25217e+06		1.27216		289.168		
00:00:50:850		7.04897e+06		139.268		95.4818		2.25217e+06		1.27216		289.167		
00:00:50:750		7.0488e+06		139.173		95.4818		2.25217e+06		1.27216		289.165		
00:00:50:649		7.04831e+06		139.173		95.4062		2.24872e+06		1.26941		289.165		
00:00:50:549		7.04797e+06		139.173		95.4062		2.24872e+06		1.26941		289.164		
00:00:50:350		7.0472e+06		139.079		95.3301		2.2452e+06		1.26666		289.162		
00:00:50:250		7.04704e+06		138.984		95.3301		2.2452e+06		1.26666		289.162		
00:00:50:250		7.04704e+06		138.984		95.3301		2.2452e+06		1.26666		289.162		
00:00:50:149		7.04656e+06		138.984		95.2536		2.24163e+06		1.2639		289.161		
00:00:50:049		7.04625e+06		138.984		95.2536		2.24163e+06		1.2639		289.16		
00:00:49:950		7.04594e+06		138.889		95.1765		2.23812e+06		1.26115		289.16		
00:00:49:850		7.04539e+06		138.889		95.1765		2.23812e+06		1.26115		289.16		
00:00:49:750		7.04525e+06		138.795		95.1765		2.23812e+06		1.26115		289.16		
00:00:49:649		7.04478e+06		138.795		95.099		2.23459e+06		1.2584		289.159		
00:00:49:549		7.0444e+06		138.795		95.099		2.23459e+06		1.2584		289.159		
00:00:49:350		7.04362e+06		138.7		95.0211		2.23101e+06		1.25564		289.159		
00:00:49:250		7.04344e+06		138.605		95.0211		2.23101e+06		1.25564		289.16		
00:00:49:250		7.04344e+06		138.605		95.0211		2.23101e+06		1.25564		289.16		
00:00:49:149		7.04344e+06		138.605		95.0211		2.23101e+06		1.25564		289.16		
00:00:49:049		7.04256e+06		138.605		94.9427		2.22748e+06		1.25289		289.161		
00:00:48:899		7.04205e+06		138.51		94.864		2.22393e+06		1.25013		289.162		
00:00:48:899		7.04205e+06		138.51		94.864		2.22393e+06		1.25013		289.162		
00:00:48:700		7.0414e+06		138.415		94.785		2.22039e+06		1.24737		289.165		
00:00:48:700		7.0414e+06		138.415		94.785		2.22039e+06		1.24737		289.165		
00:00:48:600		7.04086e+06		138.415		94.785		2.22039e+06		1.24737		289.166		
00:00:48:500		7.04068e+06		138.32		94.785		2.22039e+06		1.24737		289.168		
00:00:48:350		7.0399e+06		138.32		94.7056		2.21684e+06		1.24462		289.171		
00:00:48:350		7.0399e+06		138.32		94.7056		2.21684e+06		1.24462		289.171		
00:00:48:200		7.03954e+06		138.224		94.6261		2.21329e+06		1.24186		289.174		
00:00:48:100		7.03898e+06		138.224		94.6261		2.21329e+06		1.24186		289.177		
00:00:48:000		7.0388e+06		138.129		94.6261		2.21329e+06		1.24186		289.179		
00:00:47:899		7.03831e+06		138.129		94.5468		2.20972e+06		1.2391		289.182		
00:00:47:799		7.03797e+06		138.129		94.5468		2.20972e+06		1.2391		289.186		
00:00:47:700		7.03765e+06		138.034		94.4678		2.20616e+06		1.23635		289.189		
00:00:47:600		7.03709e+06		138.034		94.4678		2.20616e+06		1.23635		289.193		
00:00:47:500		7.03692e+06		137.939		94.4678		2.20616e+06		1.23635		289.197		
00:00:47:299		7.03606e+06		137.939		94.389		2.20258e+06		1.23359		289.205		
00:00:47:299		7.03606e+06		137.939		94.389		2.20258e+06		1.23359		289.205		
00:00:47:100		7.03521e+06		137.843		94.3105		2.19895e+06		1.23083		289.215		
00:00:47:100		7.03521e+06		137.843		94.3105		2.19895e+06		1.23083		289.215		
00:00:47:000		7.035e+06		137.747		94.3105		2.19895e+06		1.23083		289.22		
00:00:46:899		7.03447e+06		137.747		94.2324		2.19532e+06		1.22807		289.226		
00:00:46:799		7.03416e+06		137.747		94.2324		2.19532e+06		1.22807		289.231		
00:00:46:700		7.03383e+06		137.652		94.1547		2.19168e+06		1.22531		289.238		
00:00:46:600		7.03331e+06		137.652		94.1547		2.19168e+06		1.22531		289.244		
00:00:46:500		7.03308e+06		137.556		94.1547		2.19168e+06		1.22531		289.25		
00:00:46:299		7.03228e+06		137.556		94.0774		2.18798e+06		1.22256		289.264		
00:00:46:299		7.03228e+06		137.556		94.0774		2.18798e+06		1.22256		289.264		
00:00:46:200		7.03187e+06		137.461		94.0006		2.18434e+06		1.2198		289.272		
00:00:46:100		7.03139e+06		137.461		94.0006		2.18434e+06		1.2198		289.279		
00:00:46:000		7.03116e+06		137.365		94.0006		2.18434e+06		1.2198		289.287		
00:00:45:850		7.03041e+06		137.365		93.9243		2.18067e+06		1.21704		289.299		
00:00:45:750		7.03015e+06		137.269		93.9243		2.18067e+06		1.21704		289.308		
00:00:45:649		7.02957e+06		137.269		93.8484		2.17697e+06		1.21428		289.317		
00:00:45:549		7.02933e+06		137.269		93.8484		2.17697e+06		1.21428		289.325		
00:00:45:450		7.02887e+06		137.173		93.7731		2.1733e+06		1.21153		289.335		
00:00:45:299		7.02832e+06		137.173		93.7731		2.1733e+06		1.21153		289.349		
00:00:45:299		7.02832e+06		137.173		93.7731		2.1733e+06		1.21153		289.349		
00:00:45:200		7.02786e+06		137.077		93.6984		2.16957e+06		1.20877		289.358		
00:00:45:100		7.0274e+06		137.077		93.6984		2.16957e+06		1.20877		289.368		
00:00:44:950		7.02682e+06		136.981		93.6243		2.16586e+06		1.20601		289.383		
00:00:44:850		7.02639e+06		136.981		93.6243		2.16586e+06		1.20601		289.393		
00:00:44:750		7.0261e+06		136.885		93.6243		2.16586e+06		1.20601		289.403		
00:00:44:649		7.02551e+06		136.885		93.5507		2.16217e+06		1.20326		289.414		
00:00:44:549		7.02527e+06		136.885		93.5507		2.16217e+06		1.20326		289.424		
00:00:44:450		7.02474e+06		136.789		93.4776		2.15849e+06		1.2005		289.435		
00:00:44:350		7.02433e+06		136.789		93.4776		2.15849e+06		1.2005		289.445		
00:00:44:250		7.02396e+06		136.692		93.4776		2.15849e+06		1.2005		289.456		
00:00:44:149		7.02341e+06		136.692		93.4052		2.15468e+06		1.19774		289.466		
00:00:44:049		7.02313e+06		136.692		93.4052		2.15468e+06		1.19774		289.477		
00:00:43:950		7.02257e+06		136.595		93.3332		2.15089e+06		1.19498		289.487		
00:00:43:850		7.02221e+06		136.595		93.3332		2.15089e+06		1.19498		289.498		
00:00:43:750		7.02173e+06		136.499		93.3332		2.15089e+06		1.19498		289.508		
00:00:43:649		7.02123e+06		136.499		93.2616		2.14719e+06		1.19223		289.518		
00:00:43:549		7.0209e+06		136.499		93.2616		2.14719e+06		1.19223		289.528		
00:00:43:450		7.02028e+06		136.402		93.1897		2.14348e+06		1.18947		289.539		
00:00:43:350		7.01996e+06		136.402		93.1897		2.14348e+06		1.18947		289.548		
00:00:43:250		7.01942e+06		136.305		93.1897		2.14348e+06		1.18947		289.558		
00:00:43:250		7.01942e+06		136.305		93.1897		2.14348e+06		1.18947		289.558		
00:00:43:149		7.01896e+06		136.305		93.1163		2.13977e+06		1.18671		289.568		
00:00:43:000		7.01817e+06		136.208		93.1163		2.13977e+06		1.18671		289.582		
00:00:42:850		7.01756e+06		136.208		93.0414		2.13599e+06		1.18394		289.596		
00:00:42:750		7.01694e+06		136.11		93.0414		2.13599e+06		1.18394		289.605		
00:00:42:649		7.01656e+06		136.11		92.9646		2.13216e+06		1.18118		289.614		
00:00:42:549		7.01595e+06		136.11		92.9646		2.13216e+06		1.18118		289.623		
00:00:42:350		7.01497e+06		136.013		92.886		2.12833e+06		1.17842		289.64		
00:00:42:250		7.01438e+06		135.915		92.886		2.12833e+06		1.17842		289.649		
00:00:42:250		7.01438e+06		135.915		92.886		2.12833e+06		1.17842		289.649		
00:00:42:250		7.01438e+06		135.915		92.886		2.12833e+06		1.17842		289.649		
00:00:42:149		7.01391e+06		135.915		92.8053		2.12449e+06		1.17565		289.657		
00:00:41:950		7.01285e+06		135.818		92.7222		2.12065e+06		1.17288		289.673		
00:00:41:799		7.01187e+06		135.818		92.7222		2.12065e+06		1.17288		289.685		
00:00:41:799		7.01187e+06		135.818		92.7222		2.12065e+06		1.17288		289.685		
00:00:41:700		7.01145e+06		135.72		92.6368		2.1168e+06		1.1701		289.693		
00:00:41:600		7.01078e+06		135.72		92.6368		2.1168e+06		1.1701		289.701		
00:00:41:500		7.01031e+06		135.622		92.6368		2.1168e+06		1.1701		289.708		
00:00:41:299		7.00902e+06		135.622		92.5487		2.11294e+06		1.16733		289.723		
00:00:41:299		7.00902e+06		135.622		92.5487		2.11294e+06		1.16733		289.723		
00:00:41:200		7.00852e+06		135.524		92.4577		2.10902e+06		1.16455		289.73		
00:00:41:100		7.00779e+06		135.524		92.4577		2.10902e+06		1.16455		289.737		
00:00:41:000		7.00731e+06		135.426		92.4577		2.10902e+06		1.16455		289.744		
00:00:40:899		7.0066e+06		135.426		92.3638		2.10511e+06		1.16177		289.751		
00:00:40:799		7.00607e+06		135.426		92.3638		2.10511e+06		1.16177		289.758		
00:00:40:700		7.00537e+06		135.328		92.2668		2.10123e+06		1.15898		289.765		
00:00:40:600		7.00464e+06		135.328		92.2668		2.10123e+06		1.15898		289.772		
00:00:40:500		7.00412e+06		135.229		92.2668		2.10123e+06		1.15898		289.779		
00:00:40:399		7.00335e+06		135.229		92.1666		2.09736e+06		1.15619		289.786		
00:00:40:299		7.00281e+06		135.229		92.1666		2.09736e+06		1.15619		289.793		
00:00:40:200		7.00202e+06		135.13		92.063		2.09341e+06		1.1534		289.8		
00:00:40:100		7.00142e+06		135.13		92.063		2.09341e+06		1.1534		289.808		
00:00:39:950		7.00027e+06		135.031		91.9561		2.08942e+06		1.1506		289.82		
00:00:39:899		6.99989e+06		135.031		91.9561		2.08942e+06		1.1506		289.823		
00:00:39:799		6.99933e+06		135.031		91.9561		2.08942e+06		1.1506		289.831		
00:00:39:700		6.99853e+06		134.932		91.8457		2.08548e+06		1.1478		289.839		
00:00:39:500		6.99705e+06		134.833		91.8457		2.08548e+06		1.1478		289.856		
00:00:39:500		6.99705e+06		134.833		91.8457		2.08548e+06		1.1478		289.856		
00:00:39:399		6.99634e+06		134.833		91.732		2.08158e+06		1.145		289.865		
00:00:39:299		6.99561e+06		134.833		91.732		2.08158e+06		1.145		289.874		
00:00:39:200		6.99473e+06		134.733		91.6149		2.07761e+06		1.14219		289.884		
00:00:39:100		6.99408e+06		134.733		91.6149		2.07761e+06		1.14219		289.893		
00:00:38:950		6.99274e+06		134.633		91.4945		2.07365e+06		1.13938		289.908		
00:00:38:850		6.99206e+06		134.633		91.4945		2.07365e+06		1.13938		289.919		
00:00:38:750		6.9911e+06		134.533		91.4945		2.07365e+06		1.13938		289.93		
00:00:38:649		6.99038e+06		134.533		91.371		2.06974e+06		1.13657		289.941		
00:00:38:549		6.98951e+06		134.533		91.371		2.06974e+06		1.13657		289.952		
00:00:38:450		6.98862e+06		134.433		91.2445		2.06575e+06		1.13375		289.964		
00:00:38:350		6.98785e+06		134.433		91.2445		2.06575e+06		1.13375		289.977		
00:00:38:250		6.98685e+06		134.332		91.2445		2.06575e+06		1.13375		289.989		
00:00:38:149		6.98608e+06		134.332		91.1149		2.06172e+06		1.13093		290.003		
00:00:38:049		6.98513e+06		134.332		91.1149		2.06172e+06		1.13093		290.017		
00:00:37:950		6.98432e+06		134.232		90.9819		2.05767e+06		1.1281		290.031		
00:00:37:850		6.98342e+06		134.232		90.9819		2.05767e+06		1.1281		290.047		
00:00:37:750		6.98245e+06		134.131		90.9819		2.05767e+06		1.1281		290.062		
00:00:37:649		6.9816e+06		134.131		90.8454		2.05369e+06		1.12527		290.079		
00:00:37:549		6.98053e+06		134.131		90.8454		2.05369e+06		1.12527		290.096		
00:00:37:450		6.97961e+06		134.03		90.7054		2.04968e+06		1.12244		290.113		
00:00:37:450		6.97961e+06		134.03		90.7054		2.04968e+06		1.12244		290.113		
00:00:37:250		6.97782e+06		133.929		90.7054		2.04562e+06		1.12244		290.149		
00:00:37:250		6.97782e+06		133.929		90.7054		2.04562e+06		1.12244		290.149		
00:00:37:000		6.97532e+06		133.828		90.5615		2.04562e+06		1.11961		290.198		
00:00:37:000		6.97532e+06		133.828		90.5615		2.04562e+06		1.11961		290.198		
00:00:36:899		6.97441e+06		133.828		90.4136		2.04156e+06		1.11678		290.219		
00:00:36:799		6.97331e+06		133.828		90.4136		2.04156e+06		1.11678		290.241		
00:00:36:600		6.97147e+06		133.726		90.2615		2.03749e+06		1.11394		290.286		
00:00:36:600		6.97147e+06		133.726		90.2615		2.03749e+06		1.11394		290.286		
00:00:36:500		6.97047e+06		133.624		90.2615		2.03749e+06		1.11394		290.309		
00:00:36:350		6.9689e+06		133.624		90.1051		2.03341e+06		1.1111		290.343		
00:00:36:250		6.96787e+06		133.522		90.1051		2.02933e+06		1.1111		290.366		
00:00:36:250		6.96787e+06		133.522		90.1051		2.02933e+06		1.1111		290.366		
00:00:36:100		6.96632e+06		133.522		89.9442		2.02933e+06		1.10826		290.402		
00:00:35:899		6.96436e+06		133.42		89.7785		2.02524e+06		1.10542		290.451		
00:00:35:899		6.96436e+06		133.42		89.7785		2.02524e+06		1.10542		290.451		
00:00:35:799		6.96332e+06		133.42		89.7785		2.02524e+06		1.10542		290.478		
00:00:35:700		6.96227e+06		133.318		89.6082		2.02115e+06		1.10257		290.504		
00:00:35:500		6.96022e+06		133.215		89.6082		2.02115e+06		1.10257		290.56		
00:00:35:500		6.96022e+06		133.215		89.6082		2.02115e+06		1.10257		290.56		
00:00:35:299		6.95799e+06		133.215		89.4332		2.01704e+06		1.09973		290.618		
00:00:35:299		6.95799e+06		133.215		89.4332		2.01704e+06		1.09973		290.618		
00:00:35:200		6.957e+06		133.112		89.2531		2.01294e+06		1.09688		290.649		
00:00:35:100		6.95588e+06		133.112		89.2531		2.01294e+06		1.09688		290.679		
00:00:35:000		6.95477e+06		133.009		89.2531		2.01294e+06		1.09688		290.711		
00:00:34:899		6.95366e+06		133.009		89.0678		2.00882e+06		1.09404		290.743		
00:00:34:799		6.95262e+06		133.009		89.0678		2.00882e+06		1.09404		290.776		
00:00:34:700		6.95148e+06		132.906		88.8769		2.00464e+06		1.09119		290.809		
00:00:34:600		6.95032e+06		132.906		88.8769		2.00464e+06		1.09119		290.843		
00:00:34:500		6.94929e+06		132.802		88.8769		2.00464e+06		1.09119		290.877		
00:00:34:299		6.94702e+06		132.802		88.6802		2.00046e+06		1.08834		290.947		
00:00:34:299		6.94702e+06		132.802		88.6802		2.00046e+06		1.08834		290.947		
00:00:34:200		6.94591e+06		132.698		88.4774		1.99627e+06		1.08549		290.983		
00:00:34:100		6.94486e+06		132.698		88.4774		1.99627e+06		1.08549		291.019		
00:00:34:000		6.94375e+06		132.594		88.4774		1.99627e+06		1.08549		291.055		
00:00:33:850		6.94205e+06		132.594		88.2683		1.99202e+06		1.08264		291.109		
00:00:33:799		6.9415e+06		132.594		88.2683		1.99202e+06		1.08264		291.127		
00:00:33:649		6.93969e+06		132.49		88.0524		1.98782e+06		1.07979		291.182		
00:00:33:549		6.9385e+06		132.49		88.0524		1.98782e+06		1.07979		291.219		
00:00:33:450		6.93729e+06		132.386		87.8296		1.98361e+06		1.07694		291.255		
00:00:33:350		6.93612e+06		132.386		87.8296		1.98361e+06		1.07694		291.291		
00:00:33:250		6.93489e+06		132.28		87.8296		1.98361e+06		1.07694		291.327		
00:00:33:149		6.93369e+06		132.28		87.5995		1.97934e+06		1.07408		291.363		
00:00:33:049		6.93241e+06		132.28		87.5995		1.97934e+06		1.07408		291.398		
00:00:32:950		6.93124e+06		132.175		87.3617		1.97506e+06		1.07122		291.434		
00:00:32:850		6.93008e+06		132.175		87.3617		1.97506e+06		1.07122		291.469		
00:00:32:750		6.9289e+06		132.07		87.3617		1.97506e+06		1.07122		291.503		
00:00:32:649		6.92771e+06		132.07		87.1163		1.97072e+06		1.06836		291.537		
00:00:32:549		6.92652e+06		132.07		87.1163		1.97072e+06		1.06836		291.57		
00:00:32:450		6.92531e+06		131.964		86.8631		1.96632e+06		1.0655		291.602		
00:00:32:350		6.92406e+06		131.964		86.8631		1.96632e+06		1.0655		291.633		
00:00:32:250		6.92279e+06		131.857		86.8631		1.96632e+06		1.0655		291.663		
00:00:32:149		6.92148e+06		131.857		86.6017		1.96185e+06		1.06264		291.691		
00:00:32:049		6.92012e+06		131.857		86.6017		1.96185e+06		1.06264		291.719		
00:00:31:949		6.91871e+06		131.75		86.3318		1.95734e+06		1.05977		291.745		
00:00:31:850		6.91726e+06		131.75		86.3318		1.95734e+06		1.05977		291.771		
00:00:31:750		6.91581e+06		131.642		86.3318		1.95734e+06		1.05977		291.796		
00:00:31:649		6.91437e+06		131.642		86.0529		1.95263e+06		1.0569		291.82		
00:00:31:550		6.91291e+06		131.642		86.0529		1.95263e+06		1.0569		291.844		
00:00:31:449		6.91146e+06		131.532		85.7646		1.94765e+06		1.05402		291.865		
00:00:31:350		6.91e+06		131.532		85.7646		1.94765e+06		1.05402		291.886		
00:00:31:250		6.90853e+06		131.422		85.7646		1.94765e+06		1.05402		291.906		
00:00:31:149		6.90703e+06		131.422		85.4663		1.94244e+06		1.05114		291.925		
00:00:31:050		6.9055e+06		131.422		85.4663		1.94244e+06		1.05114		291.943		
00:00:30:949		6.90393e+06		131.31		85.1575		1.93683e+06		1.04826		291.961		
00:00:30:850		6.90232e+06		131.31		85.1575		1.93683e+06		1.04826		291.977		
00:00:30:850		6.90232e+06		131.31		85.1575		1.93683e+06		1.04826		291.977		
00:00:30:750		6.9007e+06		131.194		85.1575		1.93683e+06		1.04826		291.992		
00:00:30:600		6.89822e+06		131.194		84.8379		1.9307e+06		1.04537		292.014		
00:00:30:550		6.89738e+06		131.194		84.8379		1.9307e+06		1.04537		292.021		
00:00:30:300		6.89305e+06		131.076		84.5069		1.92402e+06		1.04247		292.054		
00:00:30:199		6.89128e+06		130.952		84.164		1.91664e+06		1.03957		292.068		
00:00:30:199		6.89128e+06		130.952		84.164		1.91664e+06		1.03957		292.068		
00:00:30:100		6.88948e+06		130.952		84.164		1.91664e+06		1.03957		292.081		
00:00:30:000		6.88767e+06		130.822		84.164		1.91664e+06		1.03957		292.096		
00:00:29:899		6.8858e+06		130.822		83.8088		1.90841e+06		1.03666		292.111		
00:00:29:800		6.88389e+06		130.822		83.8088		1.90841e+06		1.03666		292.126		
00:00:29:699		6.88193e+06		130.683		83.4411		1.89925e+06		1.03374		292.143		
00:00:29:600		6.87994e+06		130.683		83.4411		1.89925e+06		1.03374		292.161		
00:00:29:500		6.87793e+06		130.534		83.4411		1.89925e+06		1.03374		292.179		
00:00:29:350		6.87488e+06		130.534		83.0608		1.88917e+06		1.03082		292.208		
00:00:29:350		6.87488e+06		130.534		83.0608		1.88917e+06		1.03082		292.208		
00:00:29:199		6.87174e+06		130.372		82.6679		1.87813e+06		1.02789		292.239		
00:00:29:100		6.86958e+06		130.372		82.6679		1.87813e+06		1.02789		292.259		
00:00:29:000		6.86738e+06		130.194		82.6679		1.87813e+06		1.02789		292.28		
00:00:28:899		6.86511e+06		130.194		82.263		1.86615e+06		1.02496		292.301		
00:00:28:800		6.86279e+06		130.194		82.263		1.86615e+06		1.02496		292.323		
00:00:28:699		6.8604e+06		130		81.8468		1.85329e+06		1.02201		292.347		
00:00:28:600		6.85794e+06		130		81.8468		1.85329e+06		1.02201		292.373		
00:00:28:500		6.85541e+06		129.787		81.8468		1.85329e+06		1.02201		292.401		
00:00:28:300		6.85013e+06		129.787		81.4208		1.83967e+06		1.01906		292.463		
00:00:28:300		6.85013e+06		129.787		81.4208		1.83967e+06		1.01906		292.463		
00:00:28:199		6.84738e+06		129.555		80.9871		1.82544e+06		1.01609		292.498		
00:00:28:100		6.84454e+06		129.555		80.9871		1.82544e+06		1.01609		292.536		
00:00:28:000		6.84162e+06		129.306		80.9871		1.82544e+06		1.01609		292.576		
00:00:27:899		6.83862e+06		129.306		80.5483		1.81079e+06		1.01312		292.619		
00:00:27:800		6.83554e+06		129.306		80.5483		1.81079e+06		1.01312		292.664		
00:00:27:699		6.83237e+06		129.041		80.1079		1.79583e+06		1.01014		292.711		
00:00:27:550		6.82747e+06		129.041		80.1079		1.79583e+06		1.01014		292.783		
00:00:27:449		6.82408e+06		128.764		79.6697		1.78066e+06		1.00714		292.833		
00:00:27:350		6.82056e+06		128.764		79.6697		1.78066e+06		1.00714		292.886		
00:00:27:250		6.81703e+06		128.477		79.6697		1.78066e+06		1.00714		292.941		
00:00:27:149		6.81335e+06		128.477		79.2374		1.76532e+06		0.998757		292.995		
00:00:27:050		6.80957e+06		128.477		79.2374		1.76532e+06		0.998757		293.072		
00:00:26:949		6.80568e+06		128.186		78.8141		1.74982e+06		0.990351		293.118		
00:00:26:850		6.80168e+06		128.186		78.8141		1.74982e+06		0.990351		293.186		
00:00:26:750		6.79757e+06		127.894		78.8141		1.74982e+06		0.990351		293.256		
00:00:26:649		6.79333e+06		127.894		78.4028		1.73417e+06		0.981923		293.328		
00:00:26:550		6.78894e+06		127.894		78.4028		1.73417e+06		0.981923		293.402		
00:00:26:500		6.78669e+06		127.601		78.4028		1.73417e+06		0.981923		293.44		
00:00:26:350		6.77965e+06		127.601		78.0062		1.71829e+06		0.973472		293.557		
00:00:26:250		6.77471e+06		127.307		78.0062		1.71829e+06		0.973472		293.637		
00:00:26:250		6.77471e+06		127.307		78.0062		1.71829e+06		0.973472		293.637		
00:00:26:050		6.76421e+06		127.307		77.6268		1.70219e+06		0.964997		293.802		
00:00:25:949		6.75868e+06		127.013		77.2654		1.68586e+06		0.9565		293.887		
00:00:25:850		6.75295e+06		127.013		77.2654		1.68586e+06		0.9565		293.973		
00:00:25:750		6.74704e+06		126.718		77.2654		1.68586e+06		0.9565		294.06		
00:00:25:649		6.74098e+06		126.718		76.9209		1.66933e+06		0.94798		294.148		
00:00:25:550		6.73478e+06		126.718		76.9209		1.66933e+06		0.94798		294.236		
00:00:25:449		6.72844e+06		126.423		76.5854		1.6526e+06		0.939436		294.323		
00:00:25:350		6.72194e+06		126.423		76.5854		1.6526e+06		0.939436		294.41		
00:00:25:250		6.71524e+06		126.127		76.5854		1.6526e+06		0.939436		294.497		
00:00:25:149		6.70835e+06		126.127		76.2468		1.63567e+06		0.930869		294.585		
00:00:25:149		6.70835e+06		126.127		76.2468		1.63567e+06		0.930869		294.585		
00:00:25:000		6.6977e+06		125.83		76.2468		1.63567e+06		0.930869		294.717		
00:00:24:899		6.69045e+06		125.83		75.905		1.61856e+06		0.922279		294.805		
00:00:24:800		6.6831e+06		125.83		75.905		1.61856e+06		0.922279		294.895		
00:00:24:699		6.67562e+06		125.532		75.5599		1.60128e+06		0.913665		294.984		
00:00:24:600		6.66803e+06		125.532		75.5599		1.60128e+06		0.913665		295.073		
00:00:24:500		6.6604e+06		125.234		75.5599		1.60128e+06		0.913665		295.161		
00:00:24:300		6.64522e+06		125.234		75.2116		1.58381e+06		0.905028		295.335		
00:00:24:199		6.63785e+06		124.935		74.8598		1.56613e+06		0.896369		295.419		
00:00:24:199		6.63785e+06		124.935		74.8598		1.56613e+06		0.896369		295.419		
00:00:24:000		6.62502e+06		124.635		74.8598		1.56613e+06		0.896369		295.578		
00:00:24:000		6.62502e+06		124.635		74.8598		1.56613e+06		0.896369		295.578		
00:00:23:899		6.6205e+06		124.635		74.5045		1.54824e+06		0.88769		295.654		
00:00:23:800		6.61452e+06		124.635		74.5045		1.54824e+06		0.88769		295.726		
00:00:23:699		6.59058e+06		124.335		74.1458		1.53014e+06		0.878993		295.796		
00:00:23:600		6.56174e+06		124.335		74.1458		1.53014e+06		0.878993		295.864		
00:00:23:500		6.54209e+06		124.034		74.1458		1.53014e+06		0.878993		295.93		
00:00:23:300		6.51816e+06		124.034		73.7838		1.51181e+06		0.87028		296.056		
00:00:23:199		6.52543e+06		123.732		73.4187		1.49327e+06		0.861554		296.117		
00:00:23:199		6.52543e+06		123.732		73.4187		1.49327e+06		0.861554		296.117		
00:00:23:100		6.52909e+06		123.732		73.4187		1.49327e+06		0.861554		296.207		
00:00:23:000		6.53024e+06		123.43		73.4187		1.49327e+06		0.861554		296.236		
00:00:22:899		6.53236e+06		123.43		73.0506		1.47447e+06		0.852814		296.293		
00:00:22:800		6.53454e+06		123.43		73.0506		1.47447e+06		0.852814		296.348		
00:00:22:699		6.53677e+06		123.126		72.6793		1.45541e+06		0.844061		296.403		
00:00:22:600		6.53904e+06		123.126		72.6793		1.45541e+06		0.844061		296.459		
00:00:22:500		6.54139e+06		122.822		72.6793		1.45541e+06		0.844061		296.515		
00:00:22:300		6.54696e+06		122.822		72.3044		1.43616e+06		0.835295		296.626		
00:00:22:300		6.54696e+06		122.822		72.3044		1.43616e+06		0.835295		296.626		
00:00:22:199		6.55047e+06		122.518		71.9255		1.41668e+06		0.826514		296.681		
00:00:22:100		6.55396e+06		122.518		71.9255		1.41668e+06		0.826514		296.736		
00:00:22:000		6.55742e+06		122.212		71.9255		1.41668e+06		0.826514		296.791		
00:00:21:899		6.56085e+06		122.212		71.5427		1.39698e+06		0.81772		296.846		
00:00:21:800		6.56426e+06		122.212		71.5427		1.39698e+06		0.81772		296.902		
00:00:21:649		6.56932e+06		121.906		71.1557		1.37704e+06		0.808911		296.987		
00:00:21:550		6.57267e+06		121.906		71.1557		1.37704e+06		0.808911		297.044		
00:00:21:449		6.57599e+06		121.599		70.7643		1.35682e+06		0.800087		297.101		
00:00:21:350		6.57929e+06		121.599		70.7643		1.35682e+06		0.800087		297.16		
00:00:21:250		6.58257e+06		121.292		70.7643		1.35682e+06		0.800087		297.218		
00:00:21:149		6.58583e+06		121.292		70.3684		1.33637e+06		0.791247		297.277		
00:00:21:050		6.58907e+06		121.292		70.3684		1.33637e+06		0.791247		297.337		
00:00:20:949		6.59229e+06		120.983		69.9679		1.31568e+06		0.782392		297.397		
00:00:20:850		6.59549e+06		120.983		69.9679		1.31568e+06		0.782392		297.457		
00:00:20:750		6.59867e+06		120.674		69.9679		1.31568e+06		0.782392		297.517		
00:00:20:649		6.60183e+06		120.674		69.5627		1.29474e+06		0.773522		297.578		
00:00:20:550		6.60498e+06		120.674		69.5627		1.29474e+06		0.773522		297.639		
00:00:20:449		6.6081e+06		120.364		69.1528		1.27349e+06		0.764635		297.7		
00:00:20:350		6.61121e+06		120.364		69.1528		1.27349e+06		0.764635		297.762		
00:00:20:250		6.6143e+06		120.054		69.1528		1.27349e+06		0.764635		297.824		
00:00:20:149		6.61738e+06		120.054		68.7387		1.25193e+06		0.755732		297.887		
00:00:20:050		6.62044e+06		120.054		68.7387		1.25193e+06		0.755732		297.95		
00:00:19:949		6.6235e+06		119.743		68.3208		1.23008e+06		0.746812		298.013		
00:00:19:850		6.62655e+06		119.743		68.3208		1.23008e+06		0.746812		298.076		
00:00:19:750		6.62958e+06		119.431		68.3208		1.23008e+06		0.746812		298.14		
00:00:19:649		6.63262e+06		119.431		67.899		1.20792e+06		0.737876		298.204		
00:00:19:550		6.63564e+06		119.431		67.899		1.20792e+06		0.737876		298.268		
00:00:19:449		6.63866e+06		119.118		67.4734		1.18543e+06		0.728922		298.332		
00:00:19:350		6.64168e+06		119.118		67.4734		1.18543e+06		0.728922		298.397		
00:00:19:250		6.64469e+06		118.804		67.4734		1.18543e+06		0.728922		298.461		
00:00:19:149		6.64769e+06		118.804		67.044		1.16265e+06		0.719953		298.525		
00:00:19:050		6.65069e+06		118.804		67.044		1.16265e+06		0.719953		298.588		
00:00:18:949		6.65368e+06		118.49		66.6106		1.13957e+06		0.710966		298.652		
00:00:18:949		6.65368e+06		118.49		66.6106		1.13957e+06		0.710966		298.652		
00:00:18:850		6.65667e+06		118.49		66.6106		1.13957e+06		0.710966		298.716		
00:00:18:699		6.66116e+06		118.174		66.173		1.11619e+06		0.701963		298.811		
00:00:18:600		6.66415e+06		118.174		66.173		1.11619e+06		0.701963		298.874		
00:00:18:500		6.66713e+06		117.858		66.173		1.11619e+06		0.701963		298.938		
00:00:18:300		6.67309e+06		117.858		65.731		1.09251e+06		0.692944		299.064		
00:00:18:199		6.67607e+06		117.541		65.2846		1.06846e+06		0.683909		299.126		
00:00:18:100		6.67904e+06		117.541		65.2846		1.06846e+06		0.683909		299.188		
00:00:18:100		6.67904e+06		117.541		65.2846		1.06846e+06		0.683909		299.188		
00:00:17:899		6.68494e+06		117.223		64.8338		1.04403e+06		0.674858		299.309		
00:00:17:899		6.68494e+06		117.223		64.8338		1.04403e+06		0.674858		299.309		
00:00:17:800		6.68787e+06		117.223		64.8338		1.04403e+06		0.674858		299.368		
00:00:17:699		6.69079e+06		116.905		64.3789		1.0193e+06		0.665791		299.426		
00:00:17:600		6.69367e+06		116.905		64.3789		1.0193e+06		0.665791		299.484		
00:00:17:500		6.69654e+06		116.585		64.3789		1.0193e+06		0.665791		299.541		
00:00:17:399		6.69936e+06		116.585		63.9207		994256		0.656711		299.596		
00:00:17:199		6.7049e+06		116.265		63.4593		968829		0.647617		299.703		
00:00:17:199		6.7049e+06		116.265		63.4593		968829		0.647617		299.703		
00:00:17:100		6.7076e+06		116.265		63.4593		968829		0.647617		299.758		
00:00:17:000		6.71027e+06		115.943		63.4593		968829		0.647617		299.814		
00:00:16:899		6.71289e+06		115.943		62.9949		942982		0.638507		299.871		
00:00:16:800		6.71547e+06		115.943		62.9949		942982		0.638507		299.929		
00:00:16:699		6.71802e+06		115.62		62.5274		916748		0.62938		299.989		
00:00:16:600		6.72053e+06		115.62		62.5274		916748		0.62938		300.049		
00:00:16:500		6.723e+06		115.297		62.5274		916748		0.62938		300.111		
00:00:16:399		6.72545e+06		115.297		62.0566		890159		0.620237		300.174		
00:00:16:300		6.72786e+06		115.297		62.0566		890159		0.620237		300.238		
00:00:16:199		6.73024e+06		114.972		61.5825		863175		0.611076		300.303		
00:00:16:050		6.73376e+06		114.972		61.5825		863175		0.611076		300.402		
00:00:15:949		6.73607e+06		114.646		61.1053		835760		0.601897		300.468		
00:00:15:849		6.73836e+06		114.646		61.1053		835760		0.601897		300.535		
00:00:15:750		6.74062e+06		114.319		61.1053		835760		0.601897		300.603		
00:00:15:650		6.74285e+06		114.319		60.625		807912		0.5927		300.671		
00:00:15:550		6.74506e+06		114.319		60.625		807912		0.5927		300.739		
00:00:15:449		6.74725e+06		113.991		60.1423		779708		0.583483		300.808		
00:00:15:349		6.74941e+06		113.991		60.1423		779708		0.583483		300.877		
00:00:15:250		6.75156e+06		113.662		60.1423		779708		0.583483		300.947		
00:00:15:150		6.75368e+06		113.662		59.6578		751105		0.574248		301.017		
00:00:15:050		6.75578e+06		113.662		59.6578		751105		0.574248		301.087		
00:00:14:949		6.75786e+06		113.331		59.1721		722000		0.564993		301.157		
00:00:14:849		6.75993e+06		113.331		59.1721		722000		0.564993		301.227		
00:00:14:750		6.76197e+06		112.999		59.1721		722000		0.564993		301.297		
00:00:14:650		6.764e+06		112.999		58.685		692357		0.55572		301.367		
00:00:14:550		6.76602e+06		112.999		58.685		692357		0.55572		301.437		
00:00:14:449		6.76602e+06		112.999		58.685		692357		0.55572		301.437		
00:00:14:449		6.76801e+06		112.665		58.1967		662215		0.546428		301.507		
00:00:14:250		6.77196e+06		112.33		58.1967		662215		0.546428		301.646		
00:00:14:150		6.7739e+06		112.33		57.707		631498		0.537117		301.715		
00:00:14:050		6.77581e+06		112.33		57.707		631498		0.537117		301.783		
00:00:13:949		6.77769e+06		111.991		57.2163		600142		0.527787		301.849		
00:00:13:849		6.77954e+06		111.991		57.2163		600142		0.527787		301.914		
00:00:13:750		6.78134e+06		111.651		57.2163		600142		0.527787		301.977		
00:00:13:650		6.7831e+06		111.651		56.7251		568189		0.51844		302.04		
00:00:13:550		6.78482e+06		111.651		56.7251		568189		0.51844		302.106		
00:00:13:449		6.7865e+06		111.307		56.2339		535692		0.509073		302.173		
00:00:13:449		6.7865e+06		111.307		56.2339		535692		0.509073		302.173		
00:00:13:250		6.78975e+06		110.96		56.2339		535692		0.509073		302.309		
00:00:13:250		6.78975e+06		110.96		56.2339		535692		0.509073		302.309		
00:00:13:099		6.7921e+06		110.96		55.743		502944		0.499686		302.413		
00:00:12:900		6.79512e+06		110.607		55.2525		471463		0.490278		302.554		
00:00:12:900		6.79512e+06		110.607		55.2525		471463		0.490278		302.554		
00:00:12:800		6.79657e+06		110.607		55.2525		471463		0.490278		302.625		
00:00:12:699		6.798e+06		110.247		54.7623		447196		0.48085		302.697		
00:00:12:599		6.79938e+06		110.247		54.7623		447196		0.48085		302.768		
00:00:12:500		6.80074e+06		109.87		54.7623		447196		0.48085		302.84		
00:00:12:400		6.80205e+06		109.87		54.2717		428742		0.471402		302.911		
00:00:12:199		6.80456e+06		109.449		53.7781		410041		0.461932		303.055		
00:00:12:199		6.80456e+06		109.449		53.7781		410041		0.461932		303.055		
00:00:12:099		6.80575e+06		109.449		53.7781		410041		0.461932		303.126		
00:00:11:900		6.80802e+06		109.302		53.2793		391475		0.452441		303.269		
00:00:11:900		6.80802e+06		109.302		53.2793		391475		0.452441		303.269		
00:00:11:800		6.80912e+06		109.302		53.2793		391475		0.452441		303.34		
00:00:11:699		6.8102e+06		109.151		52.775		373020		0.442928		303.412		
00:00:11:599		6.81125e+06		109.151		52.775		373020		0.442928		303.483		
00:00:11:500		6.81226e+06		108.995		52.775		373020		0.442928		303.555		
00:00:11:400		6.81324e+06		108.995		52.2653		354731		0.433394		303.627		
00:00:11:199		6.81517e+06		108.836		51.7504		336625		0.423839		303.77		
00:00:11:199		6.81517e+06		108.836		51.7504		336625		0.423839		303.77		
00:00:11:099		6.81617e+06		108.836		51.7504		336625		0.423839		303.842		
00:00:11:000		6.81715e+06		108.672		51.7504		336625		0.423839		303.912		
00:00:10:900		6.81812e+06		108.672		51.2312		318613		0.414263		303.983		
00:00:10:750		6.81953e+06		108.503		51.2312		318613		0.414263		304.089		
00:00:10:650		6.82045e+06		108.503		50.7089		300793		0.404664		304.159		
00:00:10:599		6.8209e+06		108.503		50.7089		300793		0.404664		304.195		
00:00:10:449		6.82223e+06		108.33		50.184		283221		0.395045		304.301		
00:00:10:250		6.82394e+06		108.152		50.184		283221		0.395045		304.442		
00:00:10:150		6.82478e+06		108.152		49.6569		265786		0.385404		304.512		
00:00:10:150		6.82478e+06		108.152		49.6569		265786		0.385404		304.512		
00:00:10:099		6.8252e+06		108.152		49.6569		265786		0.385404		304.547		
00:00:09:949		6.82643e+06		107.969		49.1281		248486		0.375741		304.651		
00:00:09:849		6.82724e+06		107.969		49.1281		248486		0.375741		304.72		
00:00:09:750		6.82805e+06		107.781		49.1281		248486		0.375741		304.789		
00:00:09:650		6.82886e+06		107.781		48.5984		231457		0.366057		304.858		
00:00:09:550		6.82964e+06		107.781		48.5984		231457		0.366057		304.926		
00:00:09:449		6.8304e+06		107.589		48.0688		214733		0.356351		304.994		
00:00:09:349		6.83114e+06		107.589		48.0688		214733		0.356351		305.062		
00:00:09:250		6.83188e+06		107.391		48.0688		214733		0.356351		305.131		
00:00:09:150		6.83261e+06		107.391		47.5402		198321		0.346623		305.2		
00:00:09:050		6.83333e+06		107.391		47.5402		198321		0.346623		305.269		
00:00:08:949		6.83401e+06		107.188		47.0139		182201		0.336873		305.337		
00:00:08:849		6.83465e+06		107.188		47.0139		182201		0.336873		305.406		
00:00:08:750		6.83525e+06		106.98		47.0139		182201		0.336873		305.473		
00:00:08:750		6.83525e+06		106.98		47.0139		182201		0.336873		305.473		
00:00:08:550		6.83623e+06		106.98		46.4913		166450		0.3271		305.607		
00:00:08:550		6.83623e+06		106.98		46.4913		166450		0.3271		305.607		
00:00:08:449		6.83658e+06		106.767		45.9734		151206		0.317305		305.674		
00:00:08:199		6.83687e+06		106.549		45.4613		136540		0.307489		305.837		
00:00:08:199		6.83687e+06		106.549		45.4613		136540		0.307489		305.837		
00:00:08:099		6.83687e+06		106.549		45.4613		136540		0.307489		305.902		
00:00:08:000		6.83723e+06		106.326		45.4613		136540		0.307489		305.966		
00:00:07:900		6.83894e+06		106.326		44.9568		122525		0.297651		306.031		
00:00:07:799		6.84332e+06		106.326		44.9568		122525		0.297651		306.094		
00:00:07:700		6.84861e+06		106.099		44.4621		109229		0.287792		306.158		
00:00:07:599		6.84896e+06		106.099		44.4621		109229		0.287792		306.221		
00:00:07:500		6.84732e+06		105.868		44.4621		109229		0.287792		306.283		
00:00:07:400		6.84572e+06		105.868		43.9792		96760.6		0.277912		306.345		
00:00:07:200		6.84292e+06		105.634		43.5123		85261.7		0.26801		306.468		
00:00:07:200		6.84292e+06		105.634		43.5123		85261.7		0.26801		306.468		
00:00:07:099		6.84155e+06		105.634		43.5123		85261.7		0.26801		306.529		
00:00:07:000		6.84023e+06		105.397		43.5123		85261.7		0.26801		306.589		
00:00:06:900		6.83903e+06		105.397		43.068		75036.3		0.258088		306.65		
00:00:06:799		6.83818e+06		105.397		43.068		75036.3		0.258088		306.71		
00:00:06:700		6.83798e+06		105.159		42.6513		65886		0.248144		306.771		
00:00:06:599		6.83792e+06		105.159		42.6513		65886		0.248144		306.831		
00:00:06:500		6.83784e+06		104.919		42.6513		65886		0.248144		306.891		
00:00:06:400		6.83773e+06		104.919		42.2629		57402.3		0.238179		306.951		
00:00:06:200		6.83743e+06		104.705		41.9017		49649		0.228192		307.071		
00:00:06:200		6.83743e+06		104.705		41.9017		49649		0.228192		307.071		
00:00:06:099		6.83724e+06		104.705		41.9017		49649		0.228192		307.132		
00:00:06:000		6.83703e+06		104.485		41.9017		49649		0.228192		307.192		
00:00:05:900		6.8368e+06		104.485		41.5614		42632		0.218184		307.253		
00:00:05:799		6.83655e+06		104.485		41.5614		42632		0.218184		307.313		
00:00:05:700		6.83628e+06		104.26		41.2441		36345.3		0.208155		307.373		
00:00:05:599		6.83599e+06		104.26		41.2441		36345.3		0.208155		307.434		
00:00:05:450		6.83551e+06		104.031		40.953		30799.2		0.198103		307.524		
00:00:05:400		6.83534e+06		104.031		40.953		30799.2		0.198103		307.554		
00:00:05:200		6.83463e+06		103.797		40.6915		26085.3		0.18803		307.675		
00:00:05:200		6.83463e+06		103.797		40.6915		26085.3		0.18803		307.675		
00:00:05:099		6.83426e+06		103.797		40.6915		26085.3		0.18803		307.735		
00:00:05:000		6.83387e+06		103.561		40.6915		26085.3		0.18803		307.795		
00:00:04:900		6.83346e+06		103.561		40.4607		22058.2		0.177935		307.854		
00:00:04:799		6.83306e+06		103.561		40.4607		22058.2		0.177935		307.912		
00:00:04:700		6.83264e+06		103.319		40.2581		18419.9		0.167819		307.971		
00:00:04:599		6.83222e+06		103.319		40.2581		18419.9		0.167819		308.03		
00:00:04:450		6.83159e+06		103.104		40.0657		15094		0.15768		308.118		
00:00:04:299		6.83095e+06		103.104		40.0657		15094		0.15768		308.206		
00:00:04:150		6.83033e+06		102.882		39.8704		12023.4		0.147519		308.295		
00:00:04:150		6.83033e+06		102.882		39.8704		12023.4		0.147519		308.295		
00:00:04:049		6.82993e+06		102.882		39.8704		12023.4		0.147519		308.354		
00:00:03:950		6.82955e+06		102.656		39.6709		9203.26		0.137336		308.413		
00:00:03:850		6.82917e+06		102.656		39.6709		9203.26		0.137336		308.472		
00:00:03:750		6.82882e+06		102.425		39.6709		9203.26		0.137336		308.532		
00:00:03:649		6.82849e+06		102.425		39.4523		6766.54		0.127129		308.592		
00:00:03:549		6.82819e+06		102.425		39.4523		6766.54		0.127129		308.654		
00:00:03:450		6.82792e+06		102.187		39.2114		4717.32		0.116899		308.716		
00:00:03:350		6.82768e+06		102.187		39.2114		4717.32		0.116899		308.778		
00:00:03:250		6.82748e+06		101.938		39.2114		4717.32		0.116899		308.84		
00:00:03:149		6.82731e+06		101.938		38.9446		3005.51		0.106642		308.9		
00:00:03:049		6.82719e+06		101.938		38.9446		3005.51		0.106642		308.958		
00:00:03:049		6.82719e+06		101.938		38.9446		3005.51		0.106642		308.958		
00:00:02:950		6.82709e+06		101.721		38.6328		1703.55		0.096355		309.039		
00:00:02:799		6.82708e+06		101.721		38.6328		1703.55		0.096355		309.09		
00:00:02:700		6.82711e+06		101.496		38.3019		813.066		0.0860346		309.138		
00:00:02:600		6.82718e+06		101.496		38.3019		813.066		0.0860346		309.181		
00:00:02:399		6.82746e+06		101.266		37.9702		297.436		0.0756734		309.246		
00:00:02:399		6.82746e+06		101.266		37.9702		297.436		0.0756734		309.246		
00:00:02:250		6.82777e+06		101.034		37.9702		297.436		0.0756734		309.276		
00:00:02:250		6.82777e+06		101.034		37.9702		297.436		0.0756734		309.276		
00:00:02:149		6.82802e+06		101.034		37.6576		72.9417		0.0652696		309.284		
00:00:02:000		6.82844e+06		100.804		37.6576		72.9417		0.0652696		309.272		
00:00:01:899		6.82874e+06		100.804		37.3852		9.82091		0.0548055		309.249		
00:00:01:800		6.82903e+06		100.804		37.3852		9.82091		0.0548055		309.222		
00:00:01:699		6.82932e+06		100.578		37.1688		0		0.0441941		309.208		
00:00:01:600		6.8296e+06		100.578		37.1688		0		0.0441941		309.212		
00:00:01:500		6.82985e+06		100.407		37.1688		0		0.0441941		309.22		
00:00:01:300		6.8303e+06		100.407		36.9222		0		0.0334149		309.23		
00:00:01:199		6.83049e+06		100.211		36.6625		0		0.0224568		309.24		
00:00:01:199		6.83049e+06		100.211		36.6625		0		0.0224568		309.24		
00:00:01:100		6.83065e+06		100.211		36.6625		0		0.0224568		309.259		
00:00:01:000		6.83079e+06		99.9907		36.6625		0		0.0224568		309.29		
00:00:00:900		6.83091e+06		99.9907		36.4602		0		0.0113095		309.331		
00:00:00:800		6.831e+06		99.9907		36.4602		0		0.0113095		309.379		
00:00:00:699		6.83107e+06		99.8138		36.3831		0		0		309.432		
00:00:00:599		6.83113e+06		99.8138		36.3831		0		0		309.474		
00:00:00:500		6.83115e+06		100.069		36.3831		0		0		309.52		
00:00:00:400		6.83117e+06		100.069		36.3834		0		0		309.613		
00:00:00:200		6.83116e+06		100.069		36.3837		0		0		309.846		
00:00:00:200		6.83116e+06		100.069		36.3837		0		0		309.846		
00:00:00:100		6.83115e+06		100.069		36.3837		0		0		309.846		
00:00:00:000		6.83115e+06		100.069		36.3837		0		0		309.846		
00:00:00:000		6.83115e+06		100.069		36.3837		0		0		309.846		
00:00:00:000		6.83115e+06		100.069		36.3837		0		0		309.846		
00:00:00:000		6.83115e+06		100.069		36.3837		0		0		309.846		
00:00:00:000		6.83115e+06		100.069		36.3837		0		0		309.846		
