	time 		rcpppzr	rcp054rcp007mnzoyout	rcv501std0102fvol	fwfrcp001gv	rcppmssga	msfsg(1)	
00:01:01:149		9.03924e+06		-5.84674		0		0		7.16033e+06		-35.6102		
00:01:01:049		9.05579e+06		-5.84702		0		0		7.15995e+06		-21.5649		
00:01:00:950		9.07226e+06		-5.84734		0		0		7.16001e+06		9.55699		
00:01:00:850		9.08869e+06		-5.8477		0		0		7.1602e+06		29.0501		
00:01:00:799		9.0969e+06		-5.84789		0		0		7.16023e+06		35.8367		
00:01:00:649		9.12153e+06		-5.84854		0		0		7.15971e+06		22.7264		
00:01:00:600		9.12972e+06		-5.84878		0		0		7.15932e+06		12.1071		
00:01:00:450		9.15422e+06		-5.84954		0		0		7.15786e+06		-32.8681		
00:01:00:350		9.17048e+06		-5.85005		0		0		7.15723e+06		-32.5953		
00:01:00:250		9.18667e+06		-5.85054		0		0		7.1571e+06		-7.00762		
00:01:00:149		9.20279e+06		-5.851		0		0		7.15728e+06		19.823		
00:01:00:049		9.21884e+06		-5.85144		0		0		7.15741e+06		35.3506		
00:01:00:000		9.22684e+06		-5.85165		0		0		7.15737e+06		36.6683		
00:00:59:899		9.24279e+06		-5.85207		0		0		7.15693e+06		23.5974		
00:00:59:799		9.25865e+06		-5.85247		0		0		7.15607e+06		0		
00:00:59:799		9.25865e+06		-5.85247		0		0		7.15607e+06		0		
00:00:59:700		9.27441e+06		-5.85285		0		0		7.15507e+06		-32.678		
00:00:59:600		9.29008e+06		-5.85322		0		0		7.15441e+06		-33.868		
00:00:59:399		9.3212e+06		-5.85388		0		0		7.15446e+06		19.3254		
00:00:59:399		9.3212e+06		-5.85388		0		0		7.15446e+06		19.3254		
00:00:59:299		9.33665e+06		-5.85416		0		0		7.15462e+06		35.2165		
00:00:59:200		9.35202e+06		-5.85442		0		0		7.15445e+06		32.7774		
00:00:59:100		9.36731e+06		-5.85464		0		0		7.15381e+06		15.8343		
00:00:59:000		9.38252e+06		-5.85483		0		0		7.15281e+06		-19.8604		
00:00:58:799		9.41272e+06		-5.85511		0		0		7.1515e+06		-26.6307		
00:00:58:799		9.41272e+06		-5.85511		0		0		7.1515e+06		-26.6307		
00:00:58:700		9.4277e+06		-5.8552		0		0		7.15158e+06		6.93614		
00:00:58:600		9.44261e+06		-5.85525		0		0		7.15182e+06		27.7982		
00:00:58:350		9.47962e+06		-5.85526		0		0		7.15111e+06		17.1393		
00:00:58:350		9.47962e+06		-5.85526		0		0		7.15111e+06		17.1393		
00:00:58:250		9.49434e+06		-5.85523		0		0		7.15011e+06		-18.9917		
00:00:58:149		9.50899e+06		-5.85519		0		0		7.14918e+06		-37.5888		
00:00:58:049		9.52357e+06		-5.85516		0		0		7.14872e+06		-30.0055		
00:00:57:950		9.53807e+06		-5.85515		0		0		7.14878e+06		4.16404		
00:00:57:850		9.55248e+06		-5.85517		0		0		7.14905e+06		27.4123		
00:00:57:750		9.56681e+06		-5.85523		0		0		7.14916e+06		40.2043		
00:00:57:649		9.58104e+06		-5.85535		0		0		7.14883e+06		28.7263		
00:00:57:549		9.59518e+06		-5.85554		0		0		7.148e+06		5.40965		
00:00:57:399		9.61626e+06		-5.8559		0		0		7.14651e+06		-37.901		
00:00:57:399		9.61626e+06		-5.8559		0		0		7.14651e+06		-37.901		
00:00:57:299		9.63023e+06		-5.85623		0		0		7.14599e+06		-32.5876		
00:00:57:149		9.65103e+06		-5.85689		0		0		7.14615e+06		15.2202		
00:00:57:049		9.66479e+06		-5.85747		0		0		7.14641e+06		34.655		
00:00:56:950		9.67848e+06		-5.85817		0		0		7.14638e+06		39.2769		
00:00:56:850		9.69208e+06		-5.859		0		0		7.14585e+06		22.5318		
00:00:56:750		9.70559e+06		-5.85994		0		0		7.14486e+06		-11.9411		
00:00:56:649		9.71898e+06		-5.86096		0		0		7.14385e+06		-37.4149		
00:00:56:549		9.73236e+06		-5.86202		0		0		7.14326e+06		-34.3868		
00:00:56:350		9.75924e+06		-5.86402		0		0		7.14348e+06		23.5076		
00:00:56:350		9.75924e+06		-5.86402		0		0		7.14348e+06		23.5076		
00:00:56:250		9.7727e+06		-5.86486		0		0		7.14367e+06		40.0005		
00:00:56:149		9.78616e+06		-5.86554		0		0		7.14346e+06		32.8361		
00:00:56:049		9.79966e+06		-5.86603		0		0		7.14272e+06		12.4154		
00:00:55:950		9.81319e+06		-5.86631		0		0		7.14167e+06		-25.1436		
00:00:55:850		9.82677e+06		-5.86634		0		0		7.14079e+06		-38.8247		
00:00:55:750		9.84042e+06		-5.86608		0		0		7.14041e+06		-24.7445		
00:00:55:649		9.85406e+06		-5.86551		0		0		7.14051e+06		8.33567		
00:00:55:549		9.86769e+06		-5.86455		0		0		7.14076e+06		30.5734		
00:00:55:450		9.88135e+06		-5.86319		0		0		7.14078e+06		39.0804		
00:00:55:350		9.89499e+06		-5.8614		0		0		7.14036e+06		24.9965		
00:00:55:250		9.9086e+06		-5.85915		0		0		7.13946e+06		0		
00:00:55:100		9.92895e+06		-5.85489		0		0		7.13803e+06		-38.5619		
00:00:55:000		9.94246e+06		-5.85148		0		0		7.13763e+06		-24.8586		
00:00:54:899		9.95594e+06		-5.84769		0		0		7.1377e+06		8.23145		
00:00:54:799		9.9694e+06		-5.84358		0		0		7.13792e+06		29.9505		
00:00:54:700		9.98283e+06		-5.83927		0		0		7.13792e+06		38.4358		
00:00:54:600		9.99624e+06		-5.83488		0		0		7.13748e+06		24.3632		
00:00:54:500		1.00096e+07		-5.83055		0		0		7.13657e+06		0		
00:00:54:399		1.0023e+07		-5.82642		0		0		7.13553e+06		-36.2142		
00:00:54:299		1.00364e+07		-5.82264		0		0		7.13487e+06		-35.0574		
00:00:54:200		1.00498e+07		-5.81938		0		0		7.13475e+06		-8.50011		
00:00:54:100		1.00631e+07		-5.8163		0		0		7.13493e+06		22.1715		
00:00:54:000		1.00764e+07		-5.81311		0		0		7.13505e+06		38.6487		
00:00:53:899		1.00897e+07		-5.8098		0		0		7.13479e+06		31.7523		
00:00:53:799		1.0103e+07		-5.80638		0		0		7.13401e+06		10.4004		
00:00:53:799		1.0103e+07		-5.80638		0		0		7.13401e+06		10.4004		
00:00:53:700		1.01163e+07		-5.80285		0		0		7.13294e+06		-26.5967		
00:00:53:600		1.01295e+07		-5.7992		0		0		7.13207e+06		-38.4088		
00:00:53:399		1.01559e+07		-5.79158		0		0		7.13181e+06		13.3796		
00:00:53:299		1.01691e+07		-5.78762		0		0		7.13195e+06		32.3384		
00:00:53:200		1.01822e+07		-5.78354		0		0		7.13184e+06		37.358		
00:00:53:100		1.01953e+07		-5.77937		0		0		7.13125e+06		20.8745		
00:00:53:100		1.01953e+07		-5.77937		0		0		7.13125e+06		20.8745		
00:00:52:899		1.02214e+07		-5.77072		0		0		7.12919e+06		-38.1984		
00:00:52:899		1.02214e+07		-5.77072		0		0		7.12919e+06		-38.1984		
00:00:52:799		1.02345e+07		-5.76626		0		0		7.12864e+06		-30.3037		
00:00:52:700		1.02475e+07		-5.76171		0		0		7.12858e+06		6.75299		
00:00:52:600		1.02605e+07		-5.75706		0		0		7.12868e+06		27.1913		
00:00:52:500		1.02735e+07		-5.75232		0		0		7.12861e+06		37.2923		
00:00:52:399		1.02866e+07		-5.74748		0		0		7.12812e+06		24.6938		
00:00:52:299		1.02996e+07		-5.74255		0		0		7.12715e+06		0		
00:00:52:200		1.03126e+07		-5.73753		0		0		7.12605e+06		-38.0835		
00:00:52:049		1.03321e+07		-5.72982		0		0		7.12522e+06		-20.7772		
00:00:52:000		1.03386e+07		-5.7272		0		0		7.12519e+06		0		
00:00:51:899		1.03515e+07		-5.7219		0		0		7.12524e+06		25.218		
00:00:51:799		1.03644e+07		-5.71652		0		0		7.12514e+06		36.5633		
00:00:51:649		1.03837e+07		-5.70828		0		0		7.12427e+06		18.3902		
00:00:51:549		1.03966e+07		-5.70267		0.138192		0		7.12315e+06		-21.6427		
00:00:51:450		1.04094e+07		-5.69698		0.276495		0		7.12213e+06		-37.6051		
00:00:51:350		1.04222e+07		-5.69119		0.414682		0		7.12161e+06		-22.9168		
00:00:51:250		1.0435e+07		-5.68531		0.552638		0		7.12152e+06		12.4024		
00:00:51:149		1.04477e+07		-5.67933		0.690222		0		7.12146e+06		30.8404		
00:00:51:049		1.04605e+07		-5.67326		0.827406		0		7.12114e+06		30.9607		
00:00:50:950		1.04732e+07		-5.66711		0.964024		0		7.12044e+06		19.5605		
00:00:50:850		1.04859e+07		-5.66086		1.09991		0		7.11934e+06		-19.3105		
00:00:50:750		1.04986e+07		-5.65452		1.23502		0		7.11829e+06		-36.8299		
00:00:50:649		1.05113e+07		-5.64808		1.36911		0		7.11769e+06		-22.1481		
00:00:50:549		1.05239e+07		-5.64155		1.50202		0		7.11748e+06		9.52854		
00:00:50:350		1.05492e+07		-5.6282		1.76355		0		7.11693e+06		28.4288		
00:00:50:350		1.05492e+07		-5.6282		1.76355		0		7.11693e+06		28.4288		
00:00:50:250		1.05617e+07		-5.62137		1.89168		0		7.11618e+06		17.4026		
00:00:50:149		1.05743e+07		-5.61445		2.01762		0		7.11511e+06		-15.2188		
00:00:50:049		1.05869e+07		-5.60743		2.14109		0		7.11409e+06		-32.2072		
00:00:49:950		1.05995e+07		-5.60031		2.26194		0		7.11344e+06		-17.757		
00:00:49:850		1.06121e+07		-5.5931		2.38023		0		7.11312e+06		10.9265		
00:00:49:750		1.06247e+07		-5.5858		2.49642		0		7.1128e+06		24.6135		
00:00:49:649		1.06373e+07		-5.57841		2.61063		0		7.11226e+06		22.8529		
00:00:49:549		1.06499e+07		-5.57091		2.72697		0		7.11142e+06		7.75936		
00:00:49:450		1.06626e+07		-5.56332		2.84526		0		7.11038e+06		-18.3317		
00:00:49:350		1.06752e+07		-5.55563		2.96311		0		7.10947e+06		-25.8279		
00:00:49:250		1.06877e+07		-5.54783		3.07691		0		7.10892e+06		0.745248		
00:00:49:100		1.07065e+07		-5.53594		3.24004		0		7.10825e+06		20.7896		
00:00:49:000		1.0719e+07		-5.52787		3.33888		0		7.10759e+06		18.0258		
00:00:48:899		1.07315e+07		-5.51969		3.43437		0		7.10668e+06		0		
00:00:48:799		1.0744e+07		-5.51138		3.5265		0		7.10573e+06		-18.209		
00:00:48:750		1.07502e+07		-5.50719		3.57138		0		7.10534e+06		-18.4247		
00:00:48:649		1.07627e+07		-5.49871		3.65887		0		7.10471e+06		0		
00:00:48:549		1.07752e+07		-5.49012		3.74257		0		7.10413e+06		11.109		
00:00:48:450		1.07876e+07		-5.48141		3.82325		0		7.1035e+06		11.0686		
00:00:48:350		1.08e+07		-5.47259		3.90075		0		7.10276e+06		7.19343		
00:00:48:250		1.08124e+07		-5.46367		3.97506		0		7.10196e+06		0		
00:00:48:149		1.08249e+07		-5.45463		4.04622		0		7.10118e+06		0		
00:00:48:049		1.08373e+07		-5.44548		4.11437		0		7.10043e+06		0		
00:00:47:950		1.08497e+07		-5.43623		4.17992		0		7.09973e+06		7.74098		
00:00:47:850		1.0862e+07		-5.42687		4.24188		0		7.09899e+06		9.17305		
00:00:47:750		1.08744e+07		-5.41743		4.30132		0		7.09817e+06		5.53662		
00:00:47:600		1.08929e+07		-5.40312		4.38555		0		7.09684e+06		0		
00:00:47:399		1.09176e+07		-5.38386		4.48881		0		7.09511e+06		0.56188		
00:00:47:299		1.09299e+07		-5.37417		4.53699		0		7.09428e+06		4.37283		
00:00:47:299		1.09299e+07		-5.37417		4.53699		0		7.09428e+06		4.37283		
00:00:47:200		1.09423e+07		-5.36445		4.58254		0		7.09344e+06		5.26555		
00:00:47:100		1.09546e+07		-5.3547		4.62588		0		7.09256e+06		3.55933		
00:00:47:100		1.09546e+07		-5.3547		4.62588		0		7.09256e+06		3.55933		
00:00:47:000		1.09669e+07		-5.34492		4.66724		0		7.09167e+06		1.91696		
00:00:46:799		1.09914e+07		-5.32526		4.74388		0		7.08993e+06		3.94835		
00:00:46:799		1.09914e+07		-5.32526		4.74388		0		7.08993e+06		3.94835		
00:00:46:700		1.10037e+07		-5.31535		4.77968		0		7.08906e+06		4.99186		
00:00:46:600		1.10159e+07		-5.30539		4.81197		0		7.08819e+06		5.24543		
00:00:46:399		1.10402e+07		-5.28526		4.87563		0		7.08643e+06		5.31935		
00:00:46:399		1.10402e+07		-5.28526		4.87563		0		7.08643e+06		5.31935		
00:00:46:250		1.10586e+07		-5.27		4.91799		0		7.08511e+06		5.99341		
00:00:46:149		1.10708e+07		-5.25974		4.94529		0		7.08424e+06		6.53769		
00:00:46:049		1.10831e+07		-5.24942		4.96996		0		7.08336e+06		6.98716		
00:00:45:950		1.10953e+07		-5.23902		4.99374		0		7.08249e+06		7.25295		
00:00:45:850		1.11076e+07		-5.22854		5.01603		0		7.08161e+06		7.45204		
00:00:45:750		1.11199e+07		-5.218		5.03811		0		7.08075e+06		8.30133		
00:00:45:649		1.11322e+07		-5.20739		5.05814		0		7.0799e+06		8.94517		
00:00:45:549		1.11446e+07		-5.19672		5.07671		0		7.07905e+06		9.69781		
00:00:45:450		1.11569e+07		-5.186		5.09475		0		7.07821e+06		10.5277		
00:00:45:350		1.11692e+07		-5.17522		5.11215		0		7.07738e+06		11.23		
00:00:45:250		1.11815e+07		-5.16439		5.12809		0		7.07655e+06		11.9473		
00:00:45:149		1.11939e+07		-5.15352		5.14295		0		7.07573e+06		12.6951		
00:00:45:049		1.12062e+07		-5.14262		5.15691		0		7.07491e+06		13.2682		
00:00:44:950		1.12185e+07		-5.13168		5.17013		0		7.07411e+06		14.028		
00:00:44:850		1.12309e+07		-5.12073		5.18376		0		7.07331e+06		14.7316		
00:00:44:750		1.12433e+07		-5.10975		5.19545		0		7.07252e+06		15.5424		
00:00:44:649		1.12556e+07		-5.09876		5.20637		0		7.07175e+06		16.2836		
00:00:44:549		1.1268e+07		-5.08775		5.21713		0		7.07098e+06		17.0783		
00:00:44:350		1.12929e+07		-5.06567		5.23426		0		7.06949e+06		19.1826		
00:00:44:350		1.12929e+07		-5.06567		5.23426		0		7.06949e+06		19.1826		
00:00:44:250		1.13054e+07		-5.05459		5.24322		0		7.06877e+06		20.1681		
00:00:44:149		1.1318e+07		-5.04348		5.25154		0		7.06807e+06		21.4247		
00:00:44:049		1.13305e+07		-5.03231		5.25937		0		7.06739e+06		22.6273		
00:00:43:950		1.1343e+07		-5.02109		5.2649		0		7.06672e+06		23.9129		
00:00:43:850		1.13555e+07		-5.00982		5.27075		0		7.06608e+06		25.1208		
00:00:43:750		1.1368e+07		-4.99848		5.27646		0		7.06544e+06		26.2361		
00:00:43:649		1.13805e+07		-4.9871		5.28163		0		7.06482e+06		27.1941		
00:00:43:549		1.13929e+07		-4.97567		5.28706		0		7.06422e+06		28.2482		
00:00:43:450		1.14054e+07		-4.96418		5.29031		0		7.06363e+06		29.3578		
00:00:43:299		1.14241e+07		-4.94687		5.29563		0		7.06279e+06		31.4536		
00:00:43:200		1.14366e+07		-4.93527		5.29879		0		7.06226e+06		33.0688		
00:00:43:100		1.1449e+07		-4.92363		5.30136		0		7.06175e+06		34.5922		
00:00:43:000		1.14615e+07		-4.91194		5.3029		0		7.06126e+06		35.8981		
00:00:42:899		1.14739e+07		-4.90021		5.3055		0		7.06078e+06		37.2008		
00:00:42:799		1.14864e+07		-4.88843		5.3079		0		7.06032e+06		38.5555		
00:00:42:700		1.14988e+07		-4.87661		5.3088		0		7.05986e+06		39.7706		
00:00:42:600		1.15112e+07		-4.86476		5.30745		0		7.05941e+06		40.9314		
00:00:42:600		1.15112e+07		-4.86476		5.30745		0		7.05941e+06		40.9314		
00:00:42:399		1.15361e+07		-4.84094		5.31019		0		7.05854e+06		42.9029		
00:00:42:299		1.15485e+07		-4.82897		5.31097		0		7.05812e+06		43.9182		
00:00:42:299		1.15485e+07		-4.82897		5.31097		0		7.05812e+06		43.9182		
00:00:42:200		1.1561e+07		-4.81698		5.31009		0		7.05771e+06		44.6741		
00:00:42:049		1.15797e+07		-4.79893		5.30409		0		7.05712e+06		45.7292		
00:00:41:950		1.15922e+07		-4.78686		5.30393		0		7.05676e+06		46.4691		
00:00:41:799		1.16109e+07		-4.76871		5.30552		12.47		7.05629e+06		49.0455		
00:00:41:700		1.16233e+07		-4.75658		5.30181		20.5873		7.05604e+06		51.2374		
00:00:41:600		1.16357e+07		-4.74443		5.29325		28.4309		7.05582e+06		53.5015		
00:00:41:399		1.16606e+07		-4.72003		5.28956		43.0254		7.0555e+06		58.1548		
00:00:41:299		1.1673e+07		-4.70779		5.2944		50.0725		7.05538e+06		60.4627		
00:00:41:299		1.1673e+07		-4.70779		5.2944		50.0725		7.05538e+06		60.4627		
00:00:41:200		1.16853e+07		-4.69552		5.29244		57.0626		7.0553e+06		62.7605		
00:00:41:100		1.16977e+07		-4.68322		5.28022		63.6072		7.05524e+06		64.9902		
00:00:41:100		1.16977e+07		-4.68322		5.28022		63.6072		7.05524e+06		64.9902		
00:00:41:000		1.17101e+07		-4.67089		5.26774		69.7049		7.05522e+06		67.1767		
00:00:40:899		1.17224e+07		-4.65852		5.26673		75.817		7.05523e+06		69.3518		
00:00:40:799		1.17348e+07		-4.64614		5.27636		82.1803		7.05527e+06		71.4872		
00:00:40:700		1.1747e+07		-4.63372		5.28038		88.094		7.05534e+06		73.5756		
00:00:40:549		1.17651e+07		-4.61498		5.25455		96.2831		7.05551e+06		76.8248		
00:00:40:350		1.17892e+07		-4.58985		5.23923		107.765		7.05585e+06		81.2023		
00:00:40:350		1.17892e+07		-4.58985		5.23923		107.765		7.05585e+06		81.2023		
00:00:40:250		1.18012e+07		-4.57724		5.25601		112.967		7.05606e+06		83.4569		
00:00:40:149		1.18132e+07		-4.56459		5.2623		117.882		7.0563e+06		85.6983		
00:00:40:049		1.18252e+07		-4.55192		5.23156		122.785		7.05656e+06		87.9292		
00:00:39:950		1.18371e+07		-4.53923		5.1882		127.371		7.05684e+06		90.1428		
00:00:39:850		1.18491e+07		-4.52653		5.11977		131.126		7.05715e+06		92.2886		
00:00:39:750		1.1861e+07		-4.51382		5.00723		133.963		7.05748e+06		94.4408		
00:00:39:649		1.1873e+07		-4.50111		4.90301		136.26		7.05783e+06		96.5728		
00:00:39:549		1.18849e+07		-4.48837		4.83056		138.078		7.05821e+06		98.6502		
00:00:39:450		1.18968e+07		-4.47563		4.81084		139.921		7.05859e+06		100.732		
00:00:39:350		1.19087e+07		-4.46286		4.79519		141.834		7.059e+06		102.822		
00:00:39:250		1.19205e+07		-4.45007		4.77677		143.83		7.05943e+06		104.948		
00:00:39:149		1.19324e+07		-4.43726		4.75129		145.857		7.05987e+06		107.043		
00:00:39:049		1.19442e+07		-4.42442		4.72304		147.858		7.06034e+06		109.144		
00:00:38:950		1.19561e+07		-4.41158		4.70087		149.878		7.06082e+06		111.335		
00:00:38:850		1.19679e+07		-4.39873		4.68714		152.073		7.06134e+06		113.688		
00:00:38:750		1.19796e+07		-4.38589		4.67334		154.473		7.06188e+06		116.15		
00:00:38:649		1.19913e+07		-4.37303		4.64981		156.984		7.06244e+06		118.606		
00:00:38:549		1.20031e+07		-4.36017		4.61814		159.553		7.06302e+06		121.048		
00:00:38:450		1.2015e+07		-4.34732		4.59117		162.384		7.06363e+06		123.506		
00:00:38:350		1.20268e+07		-4.33448		4.57786		166.123		7.06425e+06		126.016		
00:00:38:250		1.20387e+07		-4.32167		4.5702		171.729		7.06489e+06		128.541		
00:00:38:149		1.20505e+07		-4.30889		4.55609		180.963		7.06554e+06		131.175		
00:00:38:049		1.20624e+07		-4.29615		4.52462		197.55		7.0662e+06		133.794		
00:00:37:950		1.20742e+07		-4.28345		4.48622		228.284		7.06684e+06		136.306		
00:00:37:850		1.2086e+07		-4.27077		4.47052		273.022		7.06741e+06		138.704		
00:00:37:750		1.20977e+07		-4.2581		4.47101		319.457		7.06792e+06		141.047		
00:00:37:600		1.21152e+07		-4.23909		4.44881		381.123		7.06858e+06		144.533		
00:00:37:500		1.21267e+07		-4.22638		4.40442		414.744		7.06895e+06		146.772		
00:00:37:399		1.21382e+07		-4.21363		4.3654		442.369		7.06926e+06		148.723		
00:00:37:299		1.21496e+07		-4.20083		4.3573		464.462		7.06954e+06		150.713		
00:00:37:200		1.2161e+07		-4.18797		4.37003		481.158		7.06977e+06		152.757		
00:00:37:100		1.21724e+07		-4.17501		4.36322		491.459		7.06999e+06		154.866		
00:00:37:000		1.21837e+07		-4.16194		4.31397		494.503		7.07018e+06		157.043		
00:00:36:899		1.21951e+07		-4.14876		4.25605		494.95		7.07037e+06		159.287		
00:00:36:799		1.22064e+07		-4.13548		4.23437		495.346		7.07054e+06		161.58		
00:00:36:799		1.22064e+07		-4.13548		4.23437		495.346		7.07054e+06		161.58		
00:00:36:700		1.22177e+07		-4.12211		4.2621		495.735		7.0707e+06		163.927		
00:00:36:600		1.22289e+07		-4.1087		4.27868		496.113		7.07085e+06		166.343		
00:00:36:399		1.22514e+07		-4.08193		4.14433		496.853		7.07111e+06		171.325		
00:00:36:299		1.22627e+07		-4.06871		4.06138		497.224		7.07121e+06		173.869		
00:00:36:299		1.22627e+07		-4.06871		4.06138		497.224		7.07121e+06		173.869		
00:00:36:200		1.2274e+07		-4.0557		3.98664		497.59		7.07128e+06		176.427		
00:00:36:100		1.22852e+07		-4.04292		3.91448		497.962		7.07132e+06		178.929		
00:00:35:950		1.23021e+07		-4.02425		3.79673		498.53		7.0713e+06		182.538		
00:00:35:850		1.23134e+07		-4.01209		3.71605		498.923		7.07122e+06		184.789		
00:00:35:799		1.23191e+07		-4.00608		3.67865		499.124		7.07116e+06		185.796		
00:00:35:649		1.23359e+07		-3.98821		3.58301		499.749		7.07091e+06		188.778		
00:00:35:350		1.23693e+07		-3.95248		3.35883		501.093		7.07007e+06		194.618		
00:00:35:350		1.23693e+07		-3.95248		3.35883		501.093		7.07007e+06		194.618		
00:00:35:250		1.23804e+07		-3.94057		3.28385		501.558		7.06968e+06		196.437		
00:00:35:250		1.23804e+07		-3.94057		3.28385		501.558		7.06968e+06		196.437		
00:00:35:149		1.23914e+07		-3.9286		3.22933		502.024		7.06924e+06		198.017		
00:00:35:049		1.24024e+07		-3.91652		3.17656		502.49		7.06874e+06		199.366		
00:00:34:950		1.24134e+07		-3.90434		3.10409		502.942		7.06818e+06		200.79		
00:00:34:850		1.24244e+07		-3.89205		3.00782		503.382		7.06758e+06		202.496		
00:00:34:750		1.24354e+07		-3.87968		2.92124		503.802		7.06695e+06		204.478		
00:00:34:649		1.24464e+07		-3.86723		2.87309		504.211		7.06628e+06		206.807		
00:00:34:549		1.24573e+07		-3.85471		2.83865		504.613		7.06563e+06		209.641		
00:00:34:450		1.24683e+07		-3.84212		2.77932		505.018		7.06507e+06		213.158		
00:00:34:350		1.24792e+07		-3.82948		2.66568		505.422		7.06463e+06		217.133		
00:00:34:250		1.24901e+07		-3.81679		2.557		505.85		7.06411e+06		220.878		
00:00:34:149		1.25009e+07		-3.80406		2.51322		506.303		7.06343e+06		224.194		
00:00:34:049		1.25117e+07		-3.79129		2.51495		506.786		7.06257e+06		227.156		
00:00:33:950		1.25225e+07		-3.7785		2.51664		507.295		7.06156e+06		229.765		
00:00:33:850		1.25333e+07		-3.76569		2.51813		507.832		7.0604e+06		232.049		
00:00:33:750		1.2544e+07		-3.75286		2.51951		508.4		7.05911e+06		233.922		
00:00:33:649		1.25546e+07		-3.74002		2.52097		508.994		7.05768e+06		235.45		
00:00:33:549		1.25653e+07		-3.72719		2.52256		509.62		7.05611e+06		236.735		
00:00:33:450		1.2576e+07		-3.71435		2.52409		510.268		7.0544e+06		237.794		
00:00:33:350		1.25866e+07		-3.70152		2.52525		510.937		7.05257e+06		238.68		
00:00:33:250		1.25971e+07		-3.6887		2.52667		511.625		7.05062e+06		239.451		
00:00:33:149		1.26076e+07		-3.67589		2.52817		512.322		7.04858e+06		240.166		
00:00:33:049		1.26181e+07		-3.66308		2.52967		513.03		7.04647e+06		240.919		
00:00:32:950		1.26286e+07		-3.65028		2.53085		513.744		7.04431e+06		241.801		
00:00:32:850		1.2639e+07		-3.63748		2.53211		514.471		7.04216e+06		242.977		
00:00:32:700		1.26545e+07		-3.61831		2.53403		515.569		7.039e+06		245.441		
00:00:32:600		1.26648e+07		-3.60556		2.53519		516.318		7.03689e+06		247.255		
00:00:32:500		1.2675e+07		-3.59282		2.53598		517.078		7.03469e+06		249.065		
00:00:32:399		1.26852e+07		-3.58011		2.53677		517.843		7.0324e+06		250.872		
00:00:32:350		1.26903e+07		-3.57377		2.53719		518.229		7.03122e+06		251.77		
00:00:32:250		1.27004e+07		-3.56108		2.53809		519.008		7.0288e+06		253.578		
00:00:32:149		1.27105e+07		-3.54842		2.53882		519.782		7.02628e+06		255.344		
00:00:32:049		1.27205e+07		-3.53577		2.53903		520.56		7.02365e+06		257.03		
00:00:31:949		1.27306e+07		-3.52313		2.53928		521.337		7.0209e+06		258.487		
00:00:31:850		1.27405e+07		-3.51051		2.53981		522.12		7.01802e+06		259.402		
00:00:31:750		1.27505e+07		-3.49789		2.54011		522.921		7.015e+06		260.029		
00:00:31:649		1.27604e+07		-3.48529		2.54058		523.758		7.01185e+06		260.58		
00:00:31:500		1.27752e+07		-3.46644		2.54088		525.125		7.00684e+06		261.279		
00:00:31:399		1.2785e+07		-3.45391		2.5408		526.149		7.00331e+06		261.653		
00:00:31:300		1.27948e+07		-3.4414		2.54081		527.299		6.99962e+06		261.94		
00:00:31:199		1.28045e+07		-3.42891		2.54072		528.601		6.99577e+06		262.153		
00:00:31:100		1.28141e+07		-3.41645		2.54066		530.072		6.99173e+06		262.246		
00:00:31:000		1.28238e+07		-3.404		2.5403		531.716		6.98748e+06		262.199		
00:00:30:899		1.28333e+07		-3.39159		2.53955		533.522		6.983e+06		261.983		
00:00:30:899		1.28333e+07		-3.39159		2.53955		533.522		6.983e+06		261.983		
00:00:30:800		1.28428e+07		-3.3792		2.5388		535.442		6.97824e+06		261.341		
00:00:30:600		1.28523e+07		-3.36683		2.53826		537.435		6.97313e+06		259.674		
00:00:30:600		1.28617e+07		-3.35451		2.53756		539.452		6.9676e+06		255.611		
00:00:30:500		1.2871e+07		-3.34221		2.53717		541.407		6.96159e+06		245.31		
00:00:30:300		1.28895e+07		-3.31772		2.53483		544.743		6.94818e+06		225.185		
00:00:30:300		1.28895e+07		-3.31772		2.53483		544.743		6.94818e+06		225.185		
00:00:30:199		1.28987e+07		-3.30552		2.53349		545.881		6.94082e+06		215.521		
00:00:30:100		1.29079e+07		-3.29334		2.53221		546.494		6.93308e+06		206.268		
00:00:29:949		1.29215e+07		-3.27512		2.52985		546.215		6.92086e+06		193.237		
00:00:29:850		1.29305e+07		-3.263		2.52817		545.164		6.91247e+06		185.078		
00:00:29:750		1.29395e+07		-3.25091		2.52591		543.504		6.90406e+06		177.361		
00:00:29:649		1.29485e+07		-3.23883		2.52372		541.582		6.89587e+06		170.144		
00:00:29:550		1.29574e+07		-3.22677		2.52147		539.888		6.88824e+06		164.041		
00:00:29:350		1.2975e+07		-3.20269		2.51722		537.965		6.87689e+06		194.951		
00:00:29:250		1.29838e+07		-3.19066		2.51509		537.69		6.87449e+06		299.342		
00:00:29:250		1.29838e+07		-3.19066		2.51509		537.69		6.87449e+06		299.342		
00:00:29:149		1.29926e+07		-3.17863		2.51365		537.688		6.87384e+06		410.687		
00:00:29:050		1.30013e+07		-3.16659		2.51157		537.74		6.87417e+06		462.157		
00:00:28:949		1.301e+07		-3.15456		2.51064		537.744		6.87517e+06		507.019		
00:00:28:850		1.30187e+07		-3.14252		2.51027		537.72		6.87643e+06		538.697		
00:00:28:750		1.30274e+07		-3.13047		2.51018		537.688		6.87761e+06		531.937		
00:00:28:649		1.30362e+07		-3.11842		2.51049		537.653		6.87871e+06		527.066		
00:00:28:550		1.30449e+07		-3.10637		2.5112		537.615		6.87978e+06		525.195		
00:00:28:449		1.30536e+07		-3.09432		2.51262		537.583		6.88084e+06		525.303		
00:00:28:350		1.30622e+07		-3.08226		2.515		537.548		6.88189e+06		525.405		
00:00:28:250		1.30709e+07		-3.0702		2.51757		537.515		6.88293e+06		525.512		
00:00:28:149		1.30796e+07		-3.05813		2.52004		537.483		6.88396e+06		525.604		
00:00:28:050		1.30882e+07		-3.04606		2.52256		537.45		6.88499e+06		525.7		
00:00:27:949		1.30969e+07		-3.03397		2.52511		537.419		6.88601e+06		525.794		
00:00:27:850		1.31056e+07		-3.02188		2.52765		537.386		6.88702e+06		525.876		
00:00:27:750		1.31142e+07		-3.00978		2.53027		537.352		6.88802e+06		525.957		
00:00:27:649		1.31229e+07		-2.99768		2.53282		537.318		6.88902e+06		526.041		
00:00:27:500		1.31359e+07		-2.9795		2.53671		537.263		6.8905e+06		526.17		
00:00:27:399		1.31446e+07		-2.96738		2.53934		537.225		6.8915e+06		526.279		
00:00:27:300		1.31532e+07		-2.95524		2.54199		537.181		6.89252e+06		526.454		
00:00:27:199		1.31619e+07		-2.9431		2.54454		537.136		6.89357e+06		526.685		
00:00:27:100		1.31705e+07		-2.93095		2.54714		537.092		6.89463e+06		526.918		
00:00:27:000		1.31792e+07		-2.91878		2.54963		537.051		6.89568e+06		527.143		
00:00:26:899		1.31878e+07		-2.90661		2.55218		537.009		6.89671e+06		527.356		
00:00:26:800		1.31965e+07		-2.89443		2.55482		536.967		6.89773e+06		527.554		
00:00:26:699		1.32051e+07		-2.88223		2.5574		536.929		6.89873e+06		527.755		
00:00:26:600		1.32137e+07		-2.87003		2.55999		536.887		6.89973e+06		527.93		
00:00:26:500		1.32224e+07		-2.85781		2.56258		536.847		6.90071e+06		528.101		
00:00:26:399		1.3231e+07		-2.84559		2.56518		536.807		6.90168e+06		528.268		
00:00:26:300		1.32396e+07		-2.83337		2.5678		536.769		6.90264e+06		528.435		
00:00:26:199		1.32483e+07		-2.82114		2.5705		536.731		6.90358e+06		528.593		
00:00:26:100		1.32569e+07		-2.8089		2.57314		536.691		6.90452e+06		528.75		
00:00:26:000		1.32569e+07		-2.8089		2.57314		536.691		6.90452e+06		528.75		
00:00:26:000		1.32655e+07		-2.79666		2.57569		536.651		6.90545e+06		528.878		
00:00:25:899		1.32742e+07		-2.78442		2.57834		536.609		6.90637e+06		529.023		
00:00:25:800		1.32829e+07		-2.77217		2.58114		536.573		6.90727e+06		529.164		
00:00:25:699		1.32915e+07		-2.75991		2.58395		536.531		6.90817e+06		529.279		
00:00:25:500		1.33089e+07		-2.73536		2.58917		536.454		6.90994e+06		529.571		
00:00:25:500		1.33089e+07		-2.73536		2.58917		536.454		6.90994e+06		529.571		
00:00:25:300		1.33262e+07		-2.71078		2.59483		536.374		6.91168e+06		529.844		
00:00:25:300		1.33262e+07		-2.71078		2.59483		536.374		6.91168e+06		529.844		
00:00:25:199		1.33349e+07		-2.69847		2.59788		536.338		6.91254e+06		530		
00:00:25:100		1.33436e+07		-2.68614		2.6006		536.3		6.91339e+06		530.138		
00:00:25:000		1.33522e+07		-2.67381		2.60302		536.26		6.91423e+06		530.285		
00:00:24:899		1.33609e+07		-2.66146		2.6057		536.22		6.91506e+06		530.405		
00:00:24:750		1.33739e+07		-2.64292		2.61067		536.156		6.9163e+06		530.592		
00:00:24:649		1.33825e+07		-2.63053		2.61383		536.116		6.91712e+06		530.724		
00:00:24:600		1.33869e+07		-2.62434		2.61516		536.094		6.91753e+06		530.782		
00:00:24:399		1.34042e+07		-2.59953		2.61953		536.012		6.91916e+06		531.042		
00:00:24:300		1.34129e+07		-2.58711		2.62316		535.972		6.91995e+06		531.167		
00:00:24:300		1.34129e+07		-2.58711		2.62316		535.972		6.91995e+06		531.167		
00:00:24:149		1.34259e+07		-2.56846		2.62903		535.91		6.92114e+06		531.37		
00:00:24:050		1.34345e+07		-2.55602		2.63104		535.867		6.92192e+06		531.496		
00:00:23:949		1.34431e+07		-2.54358		2.63202		535.825		6.9227e+06		531.621		
00:00:23:850		1.34517e+07		-2.53114		2.6348		535.785		6.92346e+06		531.753		
00:00:23:750		1.34602e+07		-2.51868		2.64063		535.743		6.92423e+06		531.874		
00:00:23:649		1.34687e+07		-2.50621		2.64549		535.701		6.92498e+06		532.003		
00:00:23:550		1.34773e+07		-2.49373		2.64724		535.656		6.92573e+06		532.124		
00:00:23:350		1.34944e+07		-2.46874		2.64744		535.572		6.92721e+06		532.357		
00:00:23:250		1.35029e+07		-2.45622		2.65593		535.528		6.92794e+06		532.466		
00:00:23:250		1.35029e+07		-2.45622		2.65593		535.528		6.92794e+06		532.466		
00:00:23:149		1.35115e+07		-2.44369		2.66368		535.484		6.92866e+06		532.559		
00:00:23:050		1.35201e+07		-2.43115		2.66586		535.439		6.92937e+06		532.656		
00:00:22:949		1.35287e+07		-2.4186		2.65787		535.391		6.93008e+06		532.753		
00:00:22:850		1.35373e+07		-2.40604		2.65737		535.349		6.93078e+06		532.847		
00:00:22:750		1.35459e+07		-2.39348		2.67062		535.3		6.93148e+06		532.945		
00:00:22:649		1.35545e+07		-2.38091		2.6853		535.255		6.93217e+06		533.039		
00:00:22:550		1.35631e+07		-2.36832		2.69523		535.207		6.93286e+06		533.133		
00:00:22:449		1.35717e+07		-2.35574		2.70509		535.16		6.93353e+06		533.231		
00:00:22:350		1.35803e+07		-2.34315		2.71488		535.113		6.93421e+06		533.332		
00:00:22:250		1.3589e+07		-2.33057		2.72448		535.063		6.93487e+06		533.431		
00:00:22:149		1.35976e+07		-2.31801		2.73392		535.016		6.93553e+06		533.525		
00:00:22:000		1.36104e+07		-2.2992		2.74819		534.938		6.93651e+06		533.677		
00:00:21:899		1.3619e+07		-2.2867		2.75768		534.888		6.93716e+06		533.777		
00:00:21:850		1.36233e+07		-2.28047		2.76244		534.861		6.93748e+06		533.826		
00:00:21:750		1.36319e+07		-2.26803		2.77201		534.813		6.93812e+06		533.929		
00:00:21:649		1.36404e+07		-2.25563		2.78153		534.759		6.93875e+06		534.026		
00:00:21:550		1.3649e+07		-2.24325		2.79083		534.706		6.93938e+06		534.126		
00:00:21:449		1.36576e+07		-2.23092		2.80014		534.649		6.94e+06		534.227		
00:00:21:350		1.36662e+07		-2.21861		2.80935		534.595		6.94062e+06		534.332		
00:00:21:199		1.36791e+07		-2.20023		2.82308		534.511		6.94153e+06		534.491		
00:00:21:100		1.36877e+07		-2.18801		2.83216		534.456		6.94214e+06		534.594		
00:00:21:000		1.36963e+07		-2.17584		2.84113		534.396		6.94273e+06		534.714		
00:00:20:899		1.37049e+07		-2.16371		2.85008		534.337		6.94333e+06		534.813		
00:00:20:850		1.37092e+07		-2.15765		2.85451		534.312		6.94362e+06		534.872		
00:00:20:699		1.3722e+07		-2.13955		2.86783		534.228		6.94449e+06		535.026		
00:00:20:699		1.3722e+07		-2.13955		2.86783		534.228		6.94449e+06		535.026		
00:00:20:550		1.37393e+07		-2.11559		2.88511		534.145		6.94562e+06		535.214		
00:00:20:399		1.37479e+07		-2.10368		2.89338		534.076		6.94616e+06		535.309		
00:00:20:300		1.37565e+07		-2.09182		2.90169		534.032		6.9467e+06		535.375		
00:00:20:199		1.37651e+07		-2.08002		2.9104		533.992		6.94722e+06		535.429		
00:00:20:100		1.37737e+07		-2.06829		2.9191		533.95		6.94771e+06		535.459		
00:00:20:000		1.37824e+07		-2.0566		2.9275		533.913		6.94819e+06		535.463		
00:00:19:899		1.3791e+07		-2.04499		2.93555		533.875		6.94864e+06		535.408		
00:00:19:899		1.3791e+07		-2.04499		2.93555		533.875		6.94864e+06		535.408		
00:00:19:800		1.37997e+07		-2.03343		2.94355		533.835		6.94906e+06		535.31		
00:00:19:699		1.38083e+07		-2.02194		2.95211		533.787		6.94945e+06		535.185		
00:00:19:600		1.3817e+07		-2.0105		2.96097		533.738		6.94985e+06		535.157		
00:00:19:500		1.38256e+07		-1.99913		2.96983		533.683		6.95034e+06		535.211		
00:00:19:300		1.3843e+07		-1.97656		2.98645		533.572		6.95131e+06		535.329		
00:00:19:300		1.3843e+07		-1.97656		2.98645		533.572		6.95131e+06		535.329		
00:00:19:199		1.38516e+07		-1.96536		2.9948		533.51		6.9518e+06		535.391		
00:00:19:100		1.38603e+07		-1.95421		3.00317		533.442		6.95228e+06		535.456		
00:00:19:000		1.38689e+07		-1.94311		3.0116		533.371		6.95275e+06		535.516		
00:00:18:850		1.3882e+07		-1.92651		3.02412		533.253		6.95346e+06		535.618		
00:00:18:750		1.38908e+07		-1.91549		3.0324		533.169		6.95393e+06		535.702		
00:00:18:550		1.39084e+07		-1.89351		3.04902		533.014		6.95488e+06		535.891		
00:00:18:550		1.39084e+07		-1.89351		3.04902		533.014		6.95488e+06		535.891		
00:00:18:350		1.39261e+07		-1.87152		3.06517		532.928		6.95584e+06		536.192		
00:00:18:250		1.39351e+07		-1.86049		3.07314		532.944		6.95633e+06		536.41		
00:00:18:250		1.39351e+07		-1.86049		3.07314		532.944		6.95633e+06		536.41		
00:00:18:149		1.39441e+07		-1.84944		3.08108		533.017		6.95683e+06		536.71		
00:00:18:050		1.39532e+07		-1.83835		3.08884		533.149		6.95734e+06		537.111		
00:00:17:949		1.39624e+07		-1.82722		3.09631		533.338		6.95785e+06		537.655		
00:00:17:850		1.39716e+07		-1.81604		3.10358		533.555		6.95837e+06		538.356		
00:00:17:750		1.3981e+07		-1.80481		3.11077		533.756		6.95888e+06		539.244		
00:00:17:699		1.39858e+07		-1.79918		3.11442		533.828		6.95913e+06		539.73		
00:00:17:600		1.39954e+07		-1.78791		3.12173		533.875		6.95958e+06		540.64		
00:00:17:350		1.40198e+07		-1.75978		3.13865		533.528		6.96019e+06		535.734		
00:00:17:250		1.40297e+07		-1.74854		3.14538		533.347		6.96011e+06		523.95		
00:00:17:250		1.40297e+07		-1.74854		3.14538		533.347		6.96011e+06		523.95		
00:00:17:149		1.40398e+07		-1.7373		3.15237		533.169		6.95996e+06		514.172		
00:00:17:050		1.405e+07		-1.72606		3.15925		533.006		6.95986e+06		517.149		
00:00:16:949		1.40604e+07		-1.71478		3.16597		532.86		6.95984e+06		520.03		
00:00:16:850		1.40707e+07		-1.70345		3.17233		532.741		6.95988e+06		522.836		
00:00:16:750		1.40809e+07		-1.69207		3.17878		532.646		6.95999e+06		525.586		
00:00:16:649		1.40912e+07		-1.68063		3.18557		532.576		6.96016e+06		528.29		
00:00:16:550		1.41013e+07		-1.66912		3.19231		532.518		6.96039e+06		530.963		
00:00:16:449		1.41114e+07		-1.65754		3.19847		532.463		6.96066e+06		533.552		
00:00:16:350		1.41213e+07		-1.64587		3.20397		532.409		6.96097e+06		535.859		
00:00:16:250		1.41309e+07		-1.63409		3.20939		532.356		6.96129e+06		537.228		
00:00:16:100		1.41446e+07		-1.61622		3.21802		532.278		6.96177e+06		537.32		
00:00:16:000		1.41533e+07		-1.60426		3.22364		532.221		6.96208e+06		537.38		
00:00:15:900		1.4162e+07		-1.59228		3.22886		532.171		6.96238e+06		537.442		
00:00:15:800		1.41708e+07		-1.58029		3.23382		532.116		6.96268e+06		537.497		
00:00:15:699		1.41795e+07		-1.56829		3.23896		532.061		6.96298e+06		537.564		
00:00:15:650		1.41838e+07		-1.56227		3.24146		532.036		6.96313e+06		537.59		
00:00:15:550		1.41925e+07		-1.55024		3.24615		531.982		6.96342e+06		537.654		
00:00:15:449		1.42012e+07		-1.53818		3.25076		531.929		6.96371e+06		537.717		
00:00:15:300		1.42141e+07		-1.52004		3.25779		531.847		6.96413e+06		537.806		
00:00:15:199		1.42227e+07		-1.50792		3.26237		531.794		6.96441e+06		537.861		
00:00:15:099		1.42314e+07		-1.49578		3.26661		531.742		6.96468e+06		537.926		
00:00:15:000		1.424e+07		-1.48362		3.27062		531.683		6.96495e+06		537.986		
00:00:14:900		1.42486e+07		-1.47144		3.27461		531.632		6.96522e+06		538.042		
00:00:14:800		1.42572e+07		-1.45925		3.27863		531.581		6.96548e+06		538.101		
00:00:14:699		1.42657e+07		-1.44703		3.28262		531.526		6.96573e+06		538.159		
00:00:14:599		1.42743e+07		-1.43479		3.28635		531.469		6.96598e+06		538.215		
00:00:14:500		1.42829e+07		-1.42254		3.28968		531.417		6.96623e+06		538.267		
00:00:14:400		1.42914e+07		-1.41026		3.29285		531.364		6.96647e+06		538.321		
00:00:14:300		1.43e+07		-1.39797		3.29634		531.311		6.96671e+06		538.375		
00:00:14:199		1.43085e+07		-1.38565		3.30012		531.259		6.96695e+06		538.43		
00:00:14:199		1.43085e+07		-1.38565		3.30012		531.259		6.96695e+06		538.43		
00:00:14:000		1.43254e+07		-1.36096		3.30594		531.153		6.96741e+06		538.538		
00:00:14:000		1.43254e+07		-1.36096		3.30594		531.153		6.96741e+06		538.538		
00:00:13:900		1.43339e+07		-1.34856		3.30812		531.1		6.96763e+06		538.584		
00:00:13:800		1.43423e+07		-1.33613		3.3107		531.046		6.96785e+06		538.625		
00:00:13:699		1.43507e+07		-1.32368		3.31367		530.995		6.96806e+06		538.673		
00:00:13:599		1.43591e+07		-1.31119		3.31614		530.942		6.96827e+06		538.723		
00:00:13:400		1.43757e+07		-1.28612		3.32018		530.839		6.96868e+06		538.825		
00:00:13:300		1.4384e+07		-1.27353		3.32184		530.786		6.96888e+06		538.876		
00:00:13:300		1.4384e+07		-1.27353		3.32184		530.786		6.96888e+06		538.876		
00:00:13:150		1.43964e+07		-1.25459		3.32438		530.706		6.96917e+06		538.948		
00:00:13:050		1.44046e+07		-1.24192		3.32614		530.657		6.96935e+06		538.985		
00:00:12:949		1.44127e+07		-1.22922		3.32725		530.605		6.96954e+06		539.022		
00:00:12:849		1.44207e+07		-1.21646		3.32825		530.554		6.96971e+06		539.053		
00:00:12:750		1.44287e+07		-1.20366		3.32913		530.502		6.96989e+06		539.096		
00:00:12:650		1.44366e+07		-1.19082		3.32974		530.453		6.97006e+06		539.133		
00:00:12:400		1.44557e+07		-1.15846		3.33079		530.328		6.97047e+06		539.23		
00:00:12:400		1.44557e+07		-1.15846		3.33079		530.328		6.97047e+06		539.23		
00:00:12:300		1.4463e+07		-1.14542		3.33091		530.28		6.97062e+06		539.275		
00:00:12:300		1.4463e+07		-1.14542		3.33091		530.28		6.97062e+06		539.275		
00:00:12:199		1.447e+07		-1.13231		3.33104		530.23		6.97077e+06		539.305		
00:00:12:099		1.44768e+07		-1.11919		3.33092		530.181		6.97092e+06		539.34		
00:00:12:000		1.44834e+07		-1.10607		3.33046		530.133		6.97106e+06		539.373		
00:00:11:900		1.449e+07		-1.09297		3.33034		530.089		6.9712e+06		539.408		
00:00:11:800		1.44967e+07		-1.0799		3.33009		530.037		6.97134e+06		539.442		
00:00:11:650		1.45068e+07		-1.06037		3.32995		529.969		6.97153e+06		539.496		
00:00:11:550		1.45137e+07		-1.04741		3.3298		529.919		6.97166e+06		539.522		
00:00:11:349		1.45279e+07		-1.02165		3.3288		529.831		6.97189e+06		539.582		
00:00:11:250		1.45353e+07		-1.00885		3.32848		529.789		6.972e+06		539.604		
00:00:11:250		1.45353e+07		-1.00885		3.32848		529.789		6.972e+06		539.604		
00:00:11:150		1.45429e+07		-0.996095		3.32806		529.742		6.97211e+06		539.632		
00:00:11:050		1.45509e+07		-0.983354		3.32738		529.696		6.97221e+06		539.656		
00:00:10:949		1.45587e+07		-0.970549		3.3261		529.658		6.97231e+06		539.683		
00:00:10:849		1.45664e+07		-0.957717		3.32443		529.614		6.9724e+06		539.71		
00:00:10:750		1.45736e+07		-0.944825		3.32288		529.573		6.97249e+06		539.723		
00:00:10:650		1.45805e+07		-0.931992		3.32135		529.533		6.97257e+06		539.75		
00:00:10:550		1.45877e+07		-0.919282		3.31991		529.494		6.97265e+06		539.766		
00:00:10:449		1.45954e+07		-0.906679		3.31808		529.453		6.97272e+06		539.774		
00:00:10:300		1.46076e+07		-0.887863		3.31471		529.396		6.97282e+06		539.795		
00:00:10:199		1.46158e+07		-0.875315		3.31228		529.359		6.97288e+06		539.807		
00:00:10:099		1.4624e+07		-0.862762		3.30987		529.326		6.97293e+06		539.823		
00:00:10:050		1.46281e+07		-0.856483		3.30862		529.306		6.97295e+06		539.812		
00:00:09:949		1.46363e+07		-0.843921		3.30595		529.273		6.973e+06		539.815		
00:00:09:849		1.46445e+07		-0.831353		3.30275		529.238		6.97303e+06		539.814		
00:00:09:750		1.46527e+07		-0.818784		3.29897		529.206		6.97306e+06		539.813		
00:00:09:650		1.46609e+07		-0.806215		3.29544		529.173		6.97309e+06		539.811		
00:00:09:500		1.46732e+07		-0.787361		3.2904		529.129		6.97311e+06		539.807		
00:00:09:400		1.46814e+07		-0.774784		3.28736		529.101		6.97312e+06		539.787		
00:00:09:300		1.46895e+07		-0.762205		3.28379		529.076		6.97313e+06		539.772		
00:00:09:199		1.46977e+07		-0.749627		3.28012		529.05		6.97312e+06		539.753		
00:00:09:099		1.47059e+07		-0.73705		3.27638		529.026		6.97311e+06		539.752		
00:00:09:000		1.4714e+07		-0.724474		3.27269		529		6.97309e+06		539.712		
00:00:09:000		1.4714e+07		-0.724474		3.27269		529		6.97309e+06		539.712		
00:00:08:900		1.47221e+07		-0.711902		3.26913		528.98		6.97307e+06		539.676		
00:00:08:800		1.47303e+07		-0.699336		3.26553		528.957		6.97304e+06		539.641		
00:00:08:599		1.47384e+07		-0.68678		3.26197		528.937		6.973e+06		539.597		
00:00:08:599		1.47465e+07		-0.674232		3.25849		528.919		6.97296e+06		539.564		
00:00:08:400		1.47627e+07		-0.649163		3.25193		528.889		6.97285e+06		539.467		
00:00:08:300		1.47708e+07		-0.636644		3.24892		528.876		6.97279e+06		539.417		
00:00:08:300		1.47708e+07		-0.636644		3.24892		528.876		6.97279e+06		539.417		
00:00:08:199		1.47789e+07		-0.624138		3.24576		528.865		6.97272e+06		539.349		
00:00:08:099		1.4787e+07		-0.611646		3.24268		528.856		6.97264e+06		539.295		
00:00:08:000		1.47951e+07		-0.599167		3.23963		528.849		6.97256e+06		539.226		
00:00:07:900		1.48031e+07		-0.58671		3.23688		528.841		6.97247e+06		539.16		
00:00:07:799		1.48112e+07		-0.574272		3.23441		528.836		6.97238e+06		539.097		
00:00:07:599		1.48274e+07		-0.549454		3.22859		528.834		6.97217e+06		538.929		
00:00:07:599		1.48274e+07		-0.549454		3.22859		528.834		6.97217e+06		538.929		
00:00:07:500		1.48354e+07		-0.537082		3.22527		528.834		6.97206e+06		538.832		
00:00:07:299		1.48516e+07		-0.512417		3.21956		528.839		6.97182e+06		538.635		
00:00:07:299		1.48516e+07		-0.512417		3.21956		528.839		6.97182e+06		538.635		
00:00:07:200		1.48596e+07		-0.500129		3.21683		528.845		6.9717e+06		538.535		
00:00:07:099		1.48677e+07		-0.487873		3.2137		528.854		6.97157e+06		538.421		
00:00:07:000		1.48758e+07		-0.475647		3.21017		528.863		6.97143e+06		538.292		
00:00:06:849		1.4888e+07		-0.457365		3.20527		528.882		6.97122e+06		538.113		
00:00:06:750		1.48961e+07		-0.445228		3.20265		528.895		6.97108e+06		537.98		
00:00:06:650		1.49042e+07		-0.433127		3.20011		528.91		6.97093e+06		537.838		
00:00:06:549		1.49123e+07		-0.421063		3.19609		528.928		6.97078e+06		537.691		
00:00:06:450		1.49205e+07		-0.409039		3.19191		528.946		6.97063e+06		537.534		
00:00:06:250		1.49368e+07		-0.385098		3.18354		528.991		6.97032e+06		537.225		
00:00:06:250		1.49368e+07		-0.385098		3.18354		528.991		6.97032e+06		537.225		
00:00:06:150		1.4945e+07		-0.373188		3.17922		529.011		6.97017e+06		537.059		
00:00:06:049		1.49532e+07		-0.361321		3.17583		529.037		6.97001e+06		536.877		
00:00:05:950		1.49615e+07		-0.349504		3.1723		529.061		6.96986e+06		536.707		
00:00:05:849		1.49698e+07		-0.33774		3.16938		529.083		6.9697e+06		536.528		
00:00:05:750		1.49781e+07		-0.326019		3.16621		529.111		6.96954e+06		536.34		
00:00:05:650		1.49866e+07		-0.31434		3.16319		529.136		6.96939e+06		536.154		
00:00:05:549		1.49951e+07		-0.302688		3.15971		529.162		6.96923e+06		535.959		
00:00:05:450		1.50038e+07		-0.29108		3.16068		529.19		6.96908e+06		535.767		
00:00:05:250		1.50214e+07		-0.268058		3.17802		529.247		6.96876e+06		535.388		
00:00:05:250		1.50214e+07		-0.268058		3.17802		529.247		6.96876e+06		535.388		
00:00:05:150		1.50304e+07		-0.256665		3.19041		529.278		6.9686e+06		535.187		
00:00:05:049		1.50394e+07		-0.24535		3.1968		529.31		6.96844e+06		534.98		
00:00:04:950		1.50485e+07		-0.234112		3.20001		529.343		6.96827e+06		534.774		
00:00:04:849		1.50576e+07		-0.222944		3.20355		529.376		6.9681e+06		534.552		
00:00:04:700		1.50714e+07		-0.206294		3.2089		529.426		6.96784e+06		534.215		
00:00:04:650		1.50761e+07		-0.200767		3.21069		529.442		6.96775e+06		534.1		
00:00:04:549		1.50852e+07		-0.189738		3.21392		529.479		6.96758e+06		533.867		
00:00:04:349		1.51024e+07		-0.167543		3.21957		529.551		6.96722e+06		533.38		
00:00:04:250		1.511e+07		-0.156517		3.22236		529.586		6.96704e+06		533.132		
00:00:04:250		1.511e+07		-0.156517		3.22236		529.586		6.96704e+06		533.132		
00:00:04:150		1.51175e+07		-0.145609		3.22475		529.623		6.96686e+06		532.871		
00:00:04:049		1.51251e+07		-0.134808		3.22722		529.66		6.96668e+06		532.618		
00:00:03:950		1.51328e+07		-0.124111		3.22983		529.693		6.96651e+06		532.363		
00:00:03:799		1.51444e+07		-0.108285		3.23355		529.748		6.96626e+06		531.971		
00:00:03:700		1.51522e+07		-0.0979142		3.2356		529.781		6.9661e+06		531.73		
00:00:03:600		1.51602e+07		-0.0876532		3.23718		529.812		6.96595e+06		531.44		
00:00:03:500		1.51683e+07		-0.0774899		3.23852		529.844		6.9658e+06		531.187		
00:00:03:399		1.51765e+07		-0.067421		3.23965		529.873		6.96567e+06		530.916		
00:00:03:299		1.51848e+07		-0.0574241		3.24013		529.904		6.96554e+06		530.679		
00:00:03:200		1.51931e+07		-0.0474997		3.23946		529.932		6.96543e+06		530.435		
00:00:03:200		1.51931e+07		-0.0474997		3.23946		529.932		6.96543e+06		530.435		
00:00:03:100		1.52014e+07		-0.037642		3.23782		529.956		6.96532e+06		530.194		
00:00:03:000		1.52098e+07		-0.0278578		3.23631		529.98		6.96523e+06		529.962		
00:00:02:799		1.52265e+07		-0.00852203		3.2327		530.024		6.96508e+06		529.53		
00:00:02:700		1.5235e+07		0.0010252		3.228		530.043		6.96503e+06		529.315		
00:00:02:600		1.52434e+07		0.0104938		3.22119		530.059		6.96499e+06		529.119		
00:00:02:600		1.52434e+07		0.0104938		3.22119		530.059		6.96499e+06		529.119		
00:00:02:500		1.52519e+07		0.0198803		3.21408		530.074		6.96495e+06		528.932		
00:00:02:299		1.52691e+07		0.0383811		3.20106		530.1		6.96492e+06		528.595		
00:00:02:299		1.52691e+07		0.0383811		3.20106		530.1		6.96492e+06		528.595		
00:00:02:200		1.52777e+07		0.0474372		3.18862		530.112		6.96491e+06		528.439		
00:00:02:100		1.52865e+07		0.0563431		3.17049		530.122		6.96492e+06		528.304		
00:00:02:000		1.52953e+07		0.0650878		3.15161		530.131		6.96492e+06		528.151		
00:00:01:899		1.53041e+07		0.073657		3.13785		530.14		6.96492e+06		528.007		
00:00:01:800		1.5313e+07		0.0820446		3.12456		530.151		6.96493e+06		527.877		
00:00:01:600		1.53308e+07		0.0983806		3.06855		530.169		6.96493e+06		527.621		
00:00:01:600		1.53308e+07		0.0983806		3.06855		530.169		6.96493e+06		527.621		
00:00:01:500		1.534e+07		0.106428		3.0402		530.177		6.96493e+06		527.493		
00:00:01:250		1.53652e+07		0.126208		3.05757		530.19		6.96489e+06		527.168		
00:00:01:250		1.53652e+07		0.126208		3.05757		530.19		6.96489e+06		527.168		
00:00:01:149		1.53758e+07		0.133623		3.02743		530.193		6.96487e+06		527.049		
00:00:01:000		1.53919e+07		0.144798		2.93177		530.197		6.96485e+06		526.904		
00:00:00:849		1.53919e+07		0.144798		2.93177		530.197		6.96485e+06		526.904		
00:00:00:849		1.54144e+07		0.157327		2.96703		530.201		6.96485e+06		526.846		
00:00:00:750		1.54385e+07		0.165263		3.06464		530.203		6.96485e+06		526.815		
00:00:00:650		1.54615e+07		0.170626		3.08748		530.206		6.96485e+06		526.812		
00:00:00:550		1.54753e+07		0.172695		3.04491		530.208		6.96485e+06		526.837		
00:00:00:450		1.54786e+07		0.17284		2.83569		530.212		6.96485e+06		526.81		
00:00:00:250		1.54786e+07		0.17284		2.83572		530.217		6.96484e+06		526.824		
00:00:00:250		1.54786e+07		0.17284		2.83572		530.217		6.96484e+06		526.824		
00:00:00:149		1.54785e+07		0.17284		2.83572		530.221		6.96484e+06		526.817		
00:00:00:050		1.54785e+07		0.17284		2.83567		530.223		6.96484e+06		526.826		
00:00:00:000		1.54785e+07		0.17284		2.83571		530.225		6.96483e+06		526.826		
00:00:00:000		1.54785e+07		0.17284		2.83571		530.225		6.96483e+06		526.826		
00:00:00:000		1.54785e+07		0.17284		2.83571		530.225		6.96483e+06		526.826		
00:00:00:000		1.54785e+07		0.17284		2.83571		530.225		6.96483e+06		526.826		
00:00:00:000		1.54785e+07		0.17284		2.83571		530.225		6.96483e+06		526.826		
