	time 		rcpppzr	rcp054rcp007mnzoyout	rcv501std0102fvol	fwfrcp001gv	rcppmssga	msfsg(1)	
00:01:16:750		7.26489e+06		-5.85029		0		0		7.05672e+06		9.82811		
00:01:16:750		7.26489e+06		-5.85029		0		0		7.05672e+06		9.82811		
00:01:16:650		7.26489e+06		-5.85001		0		0		7.0563e+06		-9.85811		
00:01:16:549		7.26492e+06		-5.84976		0		0		7.05587e+06		-20.4639		
00:01:16:450		7.26495e+06		-5.84955		0		0		7.05567e+06		-17.6525		
00:01:16:349		7.26499e+06		-5.8494		0		0		7.05576e+06		-2.57937		
00:01:16:250		7.26504e+06		-5.84929		0		0		7.056e+06		14.0082		
00:01:16:150		7.26509e+06		-5.84924		0		0		7.05615e+06		21.7935		
00:01:16:049		7.26514e+06		-5.84924		0		0		7.05606e+06		15.0812		
00:01:15:950		7.2652e+06		-5.8493		0		0		7.0557e+06		2.17343		
00:01:15:750		7.26535e+06		-5.84958		0		0		7.05489e+06		-21.0298		
00:01:15:750		7.26535e+06		-5.84958		0		0		7.05489e+06		-21.0298		
00:01:15:650		7.26543e+06		-5.84978		0		0		7.05484e+06		-10.0522		
00:01:15:549		7.26552e+06		-5.85		0		0		7.05504e+06		8.49219		
00:01:15:450		7.26562e+06		-5.85025		0		0		7.05526e+06		19.2407		
00:01:15:349		7.26573e+06		-5.85052		0		0		7.0553e+06		20.3444		
00:01:15:250		7.26585e+06		-5.85081		0		0		7.05505e+06		10.0661		
00:01:15:150		7.26598e+06		-5.85111		0		0		7.05459e+06		-10.6472		
00:01:15:049		7.26612e+06		-5.85142		0		0		7.05414e+06		-21.3588		
00:01:14:849		7.26639e+06		-5.85208		0		0		7.05403e+06		-2.19967		
00:01:14:750		7.26652e+06		-5.85242		0		0		7.05428e+06		14.8998		
00:01:14:750		7.26652e+06		-5.85242		0		0		7.05428e+06		14.8998		
00:01:14:650		7.26663e+06		-5.85276		0		0		7.05444e+06		23.1245		
00:01:14:549		7.26673e+06		-5.8531		0		0		7.05435e+06		16.2752		
00:01:14:450		7.26681e+06		-5.85345		0		0		7.05396e+06		3.15649		
00:01:14:349		7.26688e+06		-5.85379		0		0		7.05345e+06		-16.6991		
00:01:14:250		7.26692e+06		-5.85413		0		0		7.05308e+06		-22.2265		
00:01:14:150		7.26697e+06		-5.85446		0		0		7.05301e+06		-10.9205		
00:01:14:000		7.26702e+06		-5.85493		0		0		7.05333e+06		14.4948		
00:01:13:849		7.2671e+06		-5.85534		0		0		7.05351e+06		22.2508		
00:01:13:700		7.26722e+06		-5.85569		0		0		7.05306e+06		4.40671		
00:01:13:700		7.26722e+06		-5.85569		0		0		7.05306e+06		4.40671		
00:01:13:599		7.26734e+06		-5.85588		0		0		7.05253e+06		-16.3433		
00:01:13:500		7.26749e+06		-5.85601		0		0		7.05212e+06		-22.9669		
00:01:13:400		7.26767e+06		-5.85611		0		0		7.05201e+06		-13.7502		
00:01:13:299		7.26786e+06		-5.85615		0		0		7.0522e+06		6.37404		
00:01:13:200		7.26805e+06		-5.85614		0		0		7.05245e+06		19.2897		
00:01:13:099		7.26824e+06		-5.85608		0		0		7.05255e+06		23.2972		
00:01:13:000		7.26842e+06		-5.85597		0		0		7.05235e+06		13.9723		
00:01:12:900		7.26858e+06		-5.85583		0		0		7.05187e+06		-5.84407		
00:01:12:700		7.26887e+06		-5.85542		0		0		7.05102e+06		-22.0486		
00:01:12:700		7.26887e+06		-5.85542		0		0		7.05102e+06		-22.0486		
00:01:12:599		7.26901e+06		-5.85516		0		0		7.05104e+06		-8.33739		
00:01:12:500		7.26916e+06		-5.85488		0		0		7.05128e+06		11.5017		
00:01:12:400		7.2693e+06		-5.85456		0		0		7.0515e+06		22.354		
00:01:12:299		7.26942e+06		-5.85423		0		0		7.05149e+06		19.4725		
00:01:12:200		7.26953e+06		-5.85388		0		0		7.05117e+06		8.07294		
00:01:12:200		7.26953e+06		-5.85388		0		0		7.05117e+06		8.07294		
00:01:12:099		7.26961e+06		-5.85353		0		0		7.05065e+06		-13.6681		
00:01:11:799		7.26982e+06		-5.85248		0		0		7.05013e+06		0.372435		
00:01:11:700		7.26992e+06		-5.85215		0		0		7.05038e+06		16.5881		
00:01:11:700		7.26992e+06		-5.85215		0		0		7.05038e+06		16.5881		
00:01:11:599		7.27004e+06		-5.85184		0		0		7.05051e+06		23.2813		
00:01:11:500		7.27019e+06		-5.85156		0		0		7.05037e+06		15.0279		
00:01:11:400		7.27036e+06		-5.8513		0		0		7.04994e+06		0		
00:01:11:299		7.27036e+06		-5.8513		0		0		7.04994e+06		0		
00:01:11:299		7.27055e+06		-5.85108		0		0		7.04941e+06		-20.1242		
00:01:11:200		7.27076e+06		-5.85089		0		0		7.04906e+06		-22.694		
00:01:11:099		7.27099e+06		-5.85075		0		0		7.04903e+06		-9.81093		
00:01:11:000		7.27125e+06		-5.85064		0		0		7.04925e+06		10.3258		
00:01:10:799		7.27188e+06		-5.85057		0		0		7.04947e+06		20.4457		
00:01:10:799		7.27188e+06		-5.85057		0		0		7.04947e+06		20.4457		
00:01:10:650		7.27244e+06		-5.85064		0		0		7.04892e+06		0		
00:01:10:549		7.27287e+06		-5.85075		0		0		7.04836e+06		-19.9659		
00:01:10:500		7.2731e+06		-5.85081		0		0		7.04814e+06		-23.721		
00:01:10:400		7.27358e+06		-5.85098		0		0		7.04793e+06		-18.8086		
00:01:10:150		7.27499e+06		-5.85149		0		0		7.04839e+06		21.4979		
00:01:10:150		7.27499e+06		-5.85149		0		0		7.04839e+06		21.4979		
00:01:10:049		7.27563e+06		-5.85171		0		0		7.0484e+06		21.7326		
00:01:09:950		7.2763e+06		-5.85195		0		0		7.0481e+06		10.3915		
00:01:09:750		7.27784e+06		-5.85244		0		0		7.04702e+06		-24.2266		
00:01:09:750		7.27784e+06		-5.85244		0		0		7.04702e+06		-24.2266		
00:01:09:650		7.2787e+06		-5.85268		0		0		7.04677e+06		-20.6984		
00:01:09:549		7.27963e+06		-5.85293		0		0		7.04686e+06		-2.88189		
00:01:09:450		7.28063e+06		-5.85317		0		0		7.04711e+06		16.0779		
00:01:09:349		7.2817e+06		-5.85341		0		0		7.04726e+06		25.1387		
00:01:09:250		7.28283e+06		-5.85365		0		0		7.04712e+06		17.4899		
00:01:09:150		7.28405e+06		-5.85389		0		0		7.04666e+06		2.69217		
00:01:09:049		7.28534e+06		-5.85412		0		0		7.04605e+06		-19.3907		
00:01:08:950		7.2867e+06		-5.85434		0		0		7.04559e+06		-25.3533		
00:01:08:849		7.28815e+06		-5.85455		0		0		7.04547e+06		-14.4587		
00:01:08:750		7.28966e+06		-5.85474		0		0		7.04566e+06		7.49953		
00:01:08:650		7.29125e+06		-5.85491		0		0		7.0459e+06		21.0402		
00:01:08:549		7.29294e+06		-5.85505		0		0		7.04595e+06		24.4446		
00:01:08:450		7.2947e+06		-5.85516		0		0		7.04567e+06		13.756		
00:01:08:349		7.29655e+06		-5.85524		0		0		7.04509e+06		-8.79318		
00:01:08:250		7.2985e+06		-5.85528		0		0		7.04448e+06		-24.4376		
00:01:08:150		7.30053e+06		-5.85528		0		0		7.04412e+06		-24.1865		
00:01:08:049		7.30266e+06		-5.85524		0		0		7.04412e+06		-8.18585		
00:01:07:950		7.30487e+06		-5.85515		0		0		7.04436e+06		12.8929		
00:01:07:750		7.30961e+06		-5.85484		0		0		7.04451e+06		20.9758		
00:01:07:750		7.30961e+06		-5.85484		0		0		7.04451e+06		20.9758		
00:01:07:650		7.31215e+06		-5.85462		0		0		7.04411e+06		7.50245		
00:01:07:549		7.3148e+06		-5.85435		0		0		7.04348e+06		-16.2019		
00:01:07:400		7.31899e+06		-5.85388		0		0		7.04276e+06		-25.8562		
00:01:07:299		7.32194e+06		-5.85352		0		0		7.04271e+06		-11.4145		
00:01:07:250		7.32345e+06		-5.85332		0		0		7.0428e+06		0		
00:01:07:099		7.32815e+06		-5.8527		0		0		7.04315e+06		22.834		
00:01:07:000		7.33145e+06		-5.85226		0		0		7.04314e+06		22.5908		
00:01:06:799		7.33839e+06		-5.85135		0		0		7.04215e+06		-14.7665		
00:01:06:700		7.34207e+06		-5.8509		0		0		7.04155e+06		-26.3858		
00:01:06:700		7.34207e+06		-5.8509		0		0		7.04155e+06		-26.3858		
00:01:06:599		7.34589e+06		-5.85045		0		0		7.04125e+06		-23.2176		
00:01:06:500		7.34983e+06		-5.85002		0		0		7.04131e+06		-4.85966		
00:01:06:400		7.35391e+06		-5.84961		0		0		7.04156e+06		16.1203		
00:01:06:299		7.35812e+06		-5.84923		0		0		7.04171e+06		26.1214		
00:01:06:200		7.36246e+06		-5.84888		0		0		7.04156e+06		18.8801		
00:01:06:200		7.36246e+06		-5.84888		0		0		7.04156e+06		18.8801		
00:01:06:049		7.36926e+06		-5.84843		0		0		7.04072e+06		-11.6547		
00:01:05:900		7.37638e+06		-5.84808		0		0		7.03984e+06		-27.7743		
00:01:05:799		7.38132e+06		-5.84791		0		0		7.03966e+06		-18.2406		
00:01:05:700		7.38642e+06		-5.8478		0		0		7.03981e+06		4.75139		
00:01:05:599		7.39167e+06		-5.84773		0		0		7.04007e+06		20.8568		
00:01:05:500		7.39708e+06		-5.84772		0		0		7.04014e+06		26.3721		
00:01:05:400		7.40263e+06		-5.84777		0		0		7.03987e+06		16.0275		
00:01:05:299		7.40832e+06		-5.84787		0		0		7.03927e+06		-6.00843		
00:01:05:200		7.41417e+06		-5.848		0		0		7.03859e+06		-24.8724		
00:01:05:099		7.42016e+06		-5.84815		0		0		7.03813e+06		-26.9876		
00:01:05:000		7.42629e+06		-5.84832		0		0		7.03807e+06		-11.3575		
00:01:05:000		7.42629e+06		-5.84832		0		0		7.03807e+06		-11.3575		
00:01:04:799		7.439e+06		-5.84871		0		0		7.03849e+06		24.0534		
00:01:04:700		7.44558e+06		-5.84892		0		0		7.03845e+06		23.6554		
00:01:04:700		7.44558e+06		-5.84892		0		0		7.03845e+06		23.6554		
00:01:04:599		7.4523e+06		-5.84915		0		0		7.03806e+06		11.5225		
00:01:04:500		7.45914e+06		-5.84939		0		0		7.03738e+06		-15.561		
00:01:04:400		7.46613e+06		-5.84965		0		0		7.03674e+06		-27.4865		
00:01:04:299		7.47324e+06		-5.84992		0		0		7.0364e+06		-24.2061		
00:01:04:099		7.48791e+06		-5.85049		0		0		7.03669e+06		16.9753		
00:01:04:099		7.48791e+06		-5.85049		0		0		7.03669e+06		16.9753		
00:01:04:000		7.49544e+06		-5.85078		0		0		7.03684e+06		27.4534		
00:01:03:750		7.51485e+06		-5.85154		0		0		7.03576e+06		-11.2865		
00:01:03:750		7.51485e+06		-5.85154		0		0		7.03576e+06		-11.2865		
00:01:03:649		7.52283e+06		-5.85184		0		0		7.03507e+06		-27.3928		
00:01:03:450		7.53916e+06		-5.85242		0		0		7.03463e+06		-8.70764		
00:01:03:450		7.53916e+06		-5.85242		0		0		7.03463e+06		-8.70764		
00:01:03:350		7.54753e+06		-5.85269		0		0		7.03487e+06		14.4485		
00:01:03:299		7.5518e+06		-5.85282		0		0		7.03499e+06		21.5715		
00:01:03:200		7.56035e+06		-5.85305		0		0		7.03506e+06		27.8862		
00:01:02:950		7.58232e+06		-5.85351		0		0		7.03376e+06		-17.515		
00:01:02:950		7.58232e+06		-5.85351		0		0		7.03376e+06		-17.515		
00:01:02:750		7.60044e+06		-5.85372		0		0		7.03282e+06		-23.1828		
00:01:02:750		7.60044e+06		-5.85372		0		0		7.03282e+06		-23.1828		
00:01:02:649		7.60967e+06		-5.85375		0		0		7.03289e+06		0		
00:01:02:549		7.61905e+06		-5.85375		0		0		7.03313e+06		18.7709		
00:01:02:350		7.6382e+06		-5.85366		0		0		7.03301e+06		19.0814		
00:01:02:350		7.6382e+06		-5.85366		0		0		7.03301e+06		19.0814		
00:01:02:250		7.64797e+06		-5.85359		0		0		7.03242e+06		1.78114		
00:01:02:149		7.65786e+06		-5.85352		0		0		7.03168e+06		-23.0693		
00:01:02:049		7.66789e+06		-5.85343		0		0		7.03113e+06		-28.7521		
00:01:01:950		7.67807e+06		-5.85335		0		0		7.03096e+06		-16.0688		
00:01:01:750		7.6989e+06		-5.85317		0		0		7.03135e+06		23.855		
00:01:01:750		7.6989e+06		-5.85317		0		0		7.03135e+06		23.855		
00:01:01:649		7.70956e+06		-5.85307		0		0		7.03134e+06		27.1207		
00:01:01:549		7.72037e+06		-5.85295		0		0		7.03096e+06		14.6826		
00:01:01:450		7.73133e+06		-5.85283		0		0		7.03026e+06		-10.9879		
00:01:01:350		7.74244e+06		-5.85269		0		0		7.02953e+06		-28.1217		
00:01:01:250		7.75368e+06		-5.85255		0		0		7.02909e+06		-27.263		
00:01:01:149		7.76513e+06		-5.85242		0		0		7.02906e+06		-8.40357		
00:01:01:049		7.77667e+06		-5.85229		0		0		7.02928e+06		15.2734		
00:01:00:950		7.78837e+06		-5.85216		0		0		7.02946e+06		27.9831		
00:01:00:850		7.80023e+06		-5.85204		0		0		7.02934e+06		23.7225		
00:01:00:750		7.81225e+06		-5.85193		0		0		7.02883e+06		8.92647		
00:01:00:649		7.82442e+06		-5.85184		0		0		7.02807e+06		-18.9363		
00:01:00:549		7.83674e+06		-5.85176		0		0		7.02741e+06		-29.2841		
00:01:00:450		7.84918e+06		-5.8517		0		0		7.0271e+06		-22.8604		
00:01:00:350		7.86176e+06		-5.85165		0		0		7.02718e+06		1.49552		
00:01:00:250		7.87449e+06		-5.85162		0		0		7.0274e+06		20.1601		
00:01:00:149		7.88737e+06		-5.85161		0		0		7.02748e+06		29.1007		
00:01:00:049		7.90039e+06		-5.85161		0		0		7.02721e+06		19.0778		
00:01:00:000		7.90695e+06		-5.85162		0		0		7.02694e+06		12.0351		
00:00:59:850		7.92684e+06		-5.85164		0		0		7.02581e+06		-25.1908		
00:00:59:750		7.94027e+06		-5.85166		0		0		7.02526e+06		-29.1502		
00:00:59:700		7.94704e+06		-5.85167		0		0		7.02514e+06		-24.6239		
00:00:59:600		7.96066e+06		-5.85169		0		0		7.02518e+06		0		
00:00:59:500		7.97441e+06		-5.8517		0		0		7.0254e+06		25.1409		
00:00:59:350		7.99529e+06		-5.85168		0		0		7.02543e+06		26.172		
00:00:59:250		8.00937e+06		-5.85164		0		0		7.02501e+06		13.6899		
00:00:59:149		8.0236e+06		-5.85156		0		0		7.02427e+06		-13.3375		
00:00:59:049		8.03798e+06		-5.85144		0		0		7.02355e+06		-29.0575		
00:00:58:950		8.05249e+06		-5.85128		0		0		7.02315e+06		-26.0315		
00:00:58:750		8.08189e+06		-5.8508		0		0		7.02337e+06		18.1927		
00:00:58:750		8.08189e+06		-5.8508		0		0		7.02337e+06		18.1927		
00:00:58:649		8.09678e+06		-5.85046		0		0		7.02349e+06		29.4467		
00:00:58:549		8.1118e+06		-5.85006		0		0		7.02328e+06		21.8603		
00:00:58:450		8.12694e+06		-5.84958		0		0		7.02269e+06		5.09818		
00:00:58:350		8.14221e+06		-5.84902		0		0		7.02189e+06		-22.4643		
00:00:58:250		8.1576e+06		-5.84838		0		0		7.02125e+06		-30.7612		
00:00:58:149		8.17312e+06		-5.84764		0		0		7.021e+06		-19.8021		
00:00:58:049		8.18876e+06		-5.84681		0		0		7.02114e+06		6.99701		
00:00:57:950		8.20453e+06		-5.84589		0		0		7.02137e+06		24.0209		
00:00:57:850		8.22041e+06		-5.84489		0		0		7.02139e+06		29.8028		
00:00:57:750		8.2364e+06		-5.84381		0		0		7.02104e+06		17.892		
00:00:57:649		8.25249e+06		-5.84267		0		0		7.02032e+06		-7.09911		
00:00:57:549		8.26871e+06		-5.84147		0		0		7.01954e+06		-28.0881		
00:00:57:549		8.26871e+06		-5.84147		0		0		7.01954e+06		-28.0881		
00:00:57:450		8.28506e+06		-5.84024		0		0		7.01903e+06		-29.3607		
00:00:57:350		8.30154e+06		-5.839		0		0		7.01895e+06		-8.79723		
00:00:57:250		8.31814e+06		-5.83779		0		0		7.01914e+06		14.0853		
00:00:57:049		8.35172e+06		-5.83558		0		0		7.01921e+06		25.1725		
00:00:57:049		8.35172e+06		-5.83558		0		0		7.01921e+06		25.1725		
00:00:56:950		8.36871e+06		-5.83463		0		0		7.01872e+06		11.3324		
00:00:56:750		8.40313e+06		-5.83319		0		0		7.01723e+06		-30.4261		
00:00:56:750		8.40313e+06		-5.83319		0		0		7.01723e+06		-30.4261		
00:00:56:649		8.42048e+06		-5.83272		0		0		7.01688e+06		-24.0165		
00:00:56:549		8.43789e+06		-5.83243		0		0		7.01694e+06		1.45555		
00:00:56:450		8.45535e+06		-5.8323		0		0		7.01716e+06		20.884		
00:00:56:299		8.48164e+06		-5.83236		0		0		7.01713e+06		25.644		
00:00:56:200		8.49921e+06		-5.83253		0		0		7.01664e+06		12.3041		
00:00:56:100		8.51681e+06		-5.8328		0		0		7.01586e+06		-17.5214		
00:00:56:000		8.53443e+06		-5.83314		0		0		7.01514e+06		-30.5789		
00:00:55:850		8.5609e+06		-5.83399		0		0		7.01476e+06		-13.7503		
00:00:55:750		8.57854e+06		-5.83481		0		0		7.01494e+06		12.7271		
00:00:55:649		8.59617e+06		-5.83582		0		0		7.01512e+06		26.8872		
00:00:55:649		8.59617e+06		-5.83582		0		0		7.01512e+06		26.8872		
00:00:55:549		8.61377e+06		-5.83697		0		0		7.01503e+06		26.2274		
00:00:55:450		8.63134e+06		-5.83824		0		0		7.01454e+06		12.6707		
00:00:55:350		8.64884e+06		-5.83956		0		0		7.01376e+06		-16.8064		
00:00:55:250		8.66628e+06		-5.84088		0		0		7.01303e+06		-30.9066		
00:00:55:149		8.68369e+06		-5.8421		0		0		7.01265e+06		-25.5929		
00:00:55:049		8.70105e+06		-5.84313		0		0		7.0127e+06		0		
00:00:54:799		8.74441e+06		-5.84432		0		0		7.01292e+06		27.045		
00:00:54:799		8.74441e+06		-5.84432		0		0		7.01292e+06		27.045		
00:00:54:700		8.76178e+06		-5.84455		0		0		7.01243e+06		13.1292		
00:00:54:600		8.77912e+06		-5.84476		0		0		7.01163e+06		-16.8487		
00:00:54:500		8.79643e+06		-5.84496		0		0		7.01089e+06		-31.3949		
00:00:54:399		8.8137e+06		-5.84515		0		0		7.0105e+06		-26.5717		
00:00:54:299		8.83092e+06		-5.84533		0		0		7.01055e+06		0		
00:00:54:200		8.84807e+06		-5.84553		0		0		7.01078e+06		20.6518		
00:00:54:100		8.86514e+06		-5.84574		0		0		7.01088e+06		31.3174		
00:00:54:000		8.88216e+06		-5.84597		0		0		7.01061e+06		21.5567		
00:00:53:799		8.91604e+06		-5.84653		0		0		7.0091e+06		-26.8552		
00:00:53:799		8.91604e+06		-5.84653		0		0		7.0091e+06		-26.8552		
00:00:53:700		8.93289e+06		-5.84686		0		0		7.00849e+06		-32.0564		
00:00:53:600		8.94967e+06		-5.84724		0		0		7.00831e+06		-17.1893		
00:00:53:500		8.96639e+06		-5.84766		0		0		7.00849e+06		11.176		
00:00:53:399		8.98302e+06		-5.84813		0		0		7.00869e+06		27.0801		
00:00:53:299		8.99954e+06		-5.84865		0		0		7.00865e+06		28.6826		
00:00:53:200		9.01588e+06		-5.84917		0		0		7.00819e+06		15.025		
00:00:53:100		9.03209e+06		-5.84969		0		0		7.00739e+06		-14.7568		
00:00:53:000		9.04821e+06		-5.85019		0		0		7.00661e+06		-31.6462		
00:00:52:799		9.08018e+06		-5.85115		0		0		7.00618e+06		-4.6975		
00:00:52:799		9.08018e+06		-5.85115		0		0		7.00618e+06		-4.6975		
00:00:52:700		9.09609e+06		-5.85158		0		0		7.00641e+06		20.1279		
00:00:52:600		9.11198e+06		-5.85199		0		0		7.00653e+06		31.808		
00:00:52:500		9.12782e+06		-5.85239		0		0		7.00628e+06		22.7046		
00:00:52:399		9.14357e+06		-5.85276		0		0		7.00562e+06		3.43471		
00:00:52:299		9.15925e+06		-5.85311		0		0		7.00477e+06		-26.381		
00:00:52:200		9.17484e+06		-5.85344		0		0		7.00412e+06		-32.5678		
00:00:52:100		9.19035e+06		-5.85373		0		0		7.00391e+06		-18.0971		
00:00:52:000		9.20579e+06		-5.85399		0		0		7.00407e+06		10.8689		
00:00:51:899		9.22878e+06		-5.85433		0		0		7.00431e+06		32.1813		
00:00:51:750		9.24401e+06		-5.85451		0		0		7.00406e+06		23.1592		
00:00:51:649		9.25914e+06		-5.85467		0		0		7.0034e+06		3.85392		
00:00:51:549		9.27418e+06		-5.85479		0		0		7.00253e+06		-26.5239		
00:00:51:450		9.28912e+06		-5.85487		0		0		7.00187e+06		-33.0124		
00:00:51:350		9.30399e+06		-5.85492		0		0		7.00165e+06		-18.5916		
00:00:51:250		9.31878e+06		-5.85495		0		0		7.0018e+06		10.7527		
00:00:51:149		9.33349e+06		-5.85494		0		0		7.00202e+06		27.6511		
00:00:51:049		9.34813e+06		-5.85492		0		0		7.00198e+06		30.2473		
00:00:50:950		9.36268e+06		-5.85489		0		0		7.00152e+06		16.1388		
00:00:50:850		9.37716e+06		-5.85485		0		0		7.00069e+06		-14.3946		
00:00:50:750		9.39156e+06		-5.85482		0		0		6.99987e+06		-32.7122		
00:00:50:649		9.40589e+06		-5.85481		0		0		6.9994e+06		-29.3429		
00:00:50:549		9.42013e+06		-5.85484		0		0		6.99939e+06		-5.56871		
00:00:50:450		9.43428e+06		-5.85492		0		0		6.99962e+06		20.3287		
00:00:50:350		9.44836e+06		-5.85506		0		0		6.99974e+06		32.8771		
00:00:50:250		9.46235e+06		-5.85527		0		0		6.9995e+06		24.0422		
00:00:50:149		9.4763e+06		-5.85551		0		0		6.99882e+06		4.51546		
00:00:50:049		9.4902e+06		-5.85583		0		0		6.99792e+06		-26.9009		
00:00:49:950		9.50404e+06		-5.85624		0		0		6.99723e+06		-33.9015		
00:00:49:850		9.51779e+06		-5.85675		0		0		6.99699e+06		-19.5073		
00:00:49:750		9.53146e+06		-5.85737		0		0		6.99714e+06		10.5196		
00:00:49:649		9.54504e+06		-5.85812		0		0		6.99735e+06		28.0849		
00:00:49:649		9.54504e+06		-5.85812		0		0		6.99735e+06		28.0849		
00:00:49:549		9.55853e+06		-5.859		0		0		6.99731e+06		31.2754		
00:00:49:350		9.5852e+06		-5.86103		0		0		6.99599e+06		-14.1026		
00:00:49:350		9.5852e+06		-5.86103		0		0		6.99599e+06		-14.1026		
00:00:49:250		9.59849e+06		-5.8621		0		0		6.99514e+06		-33.4454		
00:00:49:149		9.61182e+06		-5.86313		0		0		6.99464e+06		-30.2754		
00:00:49:049		9.62518e+06		-5.86406		0		0		6.99461e+06		-5.98109		
00:00:48:850		9.65186e+06		-5.86547		0		0		6.99496e+06		33.6307		
00:00:48:750		9.66524e+06		-5.8659		0		0		6.99471e+06		25.0279		
00:00:48:750		9.66524e+06		-5.8659		0		0		6.99471e+06		25.0279		
00:00:48:649		9.67866e+06		-5.8661		0		0		6.99402e+06		5.41969		
00:00:48:549		9.69213e+06		-5.86605		0		0		6.99309e+06		-27.4413		
00:00:48:450		9.70564e+06		-5.8657		0		0		6.99237e+06		-34.7398		
00:00:48:250		9.73253e+06		-5.86396		0		0		6.99223e+06		10.1771		
00:00:48:250		9.73253e+06		-5.86396		0		0		6.99223e+06		10.1771		
00:00:48:149		9.74593e+06		-5.86248		0		0		6.99244e+06		28.3652		
00:00:48:049		9.75931e+06		-5.86055		0		0		6.9924e+06		32.1317		
00:00:47:799		9.79263e+06		-5.85367		0		0		6.99059e+06		-27.5375		
00:00:47:700		9.8059e+06		-5.85012		0		0		6.98985e+06		-35.0361		
00:00:47:700		9.8059e+06		-5.85012		0		0		6.98985e+06		-35.0361		
00:00:47:600		9.81913e+06		-5.84619		0		0		6.98956e+06		-20.6856		
00:00:47:500		9.83235e+06		-5.84198		0		0		6.98969e+06		10.0837		
00:00:47:399		9.84555e+06		-5.8376		0		0		6.98989e+06		28.4048		
00:00:47:299		9.85875e+06		-5.83317		0		0		6.98984e+06		32.4496		
00:00:47:200		9.87197e+06		-5.82883		0		0		6.98936e+06		18.0566		
00:00:47:100		9.88523e+06		-5.82475		0		0		6.98848e+06		-13.4597		
00:00:47:000		9.89848e+06		-5.82108		0		0		6.98758e+06		-34.2856		
00:00:46:799		9.92487e+06		-5.81475		0		0		6.98698e+06		-5.335		
00:00:46:700		9.93804e+06		-5.81148		0		0		6.98718e+06		20.6203		
00:00:46:700		9.93804e+06		-5.81148		0		0		6.98718e+06		20.6203		
00:00:46:600		9.95119e+06		-5.80809		0		0		6.98728e+06		34.2444		
00:00:46:500		9.96431e+06		-5.80458		0		0		6.98701e+06		25.6394		
00:00:46:399		9.97741e+06		-5.80095		0		0		6.98628e+06		5.39775		
00:00:46:299		9.99049e+06		-5.79722		0		0		6.98531e+06		-29.123		
00:00:46:200		1.00035e+07		-5.79337		0		0		6.98456e+06		-35.8191		
00:00:46:100		1.00166e+07		-5.7894		0		0		6.98428e+06		-20.9171		
00:00:46:000		1.00296e+07		-5.78533		0		0		6.98439e+06		10.4129		
00:00:45:899		1.00426e+07		-5.78116		0		0		6.98455e+06		28.5273		
00:00:45:799		1.00556e+07		-5.77688		0		0		6.98446e+06		31.3542		
00:00:45:700		1.00685e+07		-5.77249		0		0		6.98394e+06		17.1448		
00:00:45:549		1.0088e+07		-5.76574		0		0		6.98254e+06		-30.7135		
00:00:45:450		1.01009e+07		-5.76112		0		0		6.98181e+06		-34.7762		
00:00:45:399		1.01074e+07		-5.75877		0		0		6.98162e+06		-29.5504		
00:00:45:299		1.01203e+07		-5.75401		0		0		6.98158e+06		1.19955		
00:00:45:200		1.01332e+07		-5.74916		0		0		6.98173e+06		22.3027		
00:00:45:100		1.0146e+07		-5.74421		0		0		6.98174e+06		32.877		
00:00:45:000		1.01588e+07		-5.73918		0		0		6.98136e+06		22.3962		
00:00:44:899		1.01716e+07		-5.73405		0		0		6.98056e+06		0		
00:00:44:799		1.01844e+07		-5.72883		0		0		6.97959e+06		-32.44		
00:00:44:700		1.01972e+07		-5.72352		0		0		6.97892e+06		-34.0466		
00:00:44:549		1.02163e+07		-5.71538		0		0		6.97879e+06		6.74539		
00:00:44:500		1.02226e+07		-5.71263		0		0		6.97886e+06		17.3951		
00:00:44:350		1.02416e+07		-5.70421		0		0		6.97887e+06		33.1031		
00:00:44:250		1.02543e+07		-5.69849		0		0		6.97839e+06		20.1715		
00:00:44:149		1.02669e+07		-5.69266		0		0		6.97751e+06		-9.66755		
00:00:44:049		1.02796e+07		-5.68673		0		0		6.97655e+06		-34.3464		
00:00:43:950		1.02923e+07		-5.6807		0		0		6.97592e+06		-32.5547		
00:00:43:850		1.03049e+07		-5.67457		0		0		6.97578e+06		-8.27271		
00:00:43:750		1.03176e+07		-5.66834		0		0		6.97591e+06		20.2761		
00:00:43:649		1.03302e+07		-5.66202		0		0		6.97595e+06		34.0969		
00:00:43:549		1.03428e+07		-5.6556		0		0		6.97562e+06		26.1425		
00:00:43:549		1.03428e+07		-5.6556		0		0		6.97562e+06		26.1425		
00:00:43:450		1.03553e+07		-5.64909		0		0		6.97485e+06		5.63422		
00:00:43:350		1.03679e+07		-5.64248		0		0		6.97382e+06		-30.3103		
00:00:43:149		1.03929e+07		-5.62896		0		0		6.9727e+06		-19.8897		
00:00:43:149		1.03929e+07		-5.62896		0		0		6.9727e+06		-19.8897		
00:00:43:049		1.04054e+07		-5.62205		0		0		6.97276e+06		14.0163		
00:00:42:950		1.04179e+07		-5.61504		0		0		6.97286e+06		30.6263		
00:00:42:750		1.04429e+07		-5.6007		0		0		6.97202e+06		16.1886		
00:00:42:750		1.04429e+07		-5.6007		0		0		6.97202e+06		16.1886		
00:00:42:649		1.04553e+07		-5.59337		0		0		6.97099e+06		-20.262		
00:00:42:450		1.04803e+07		-5.57843		0		0		6.96954e+06		-28.5739		
00:00:42:450		1.04803e+07		-5.57843		0		0		6.96954e+06		-28.5739		
00:00:42:299		1.04992e+07		-5.56696		0		0		6.96957e+06		18.6144		
00:00:42:200		1.05118e+07		-5.55918		0		0		6.9696e+06		33.4288		
00:00:42:100		1.05243e+07		-5.55129		0		0		6.96929e+06		28.6641		
00:00:41:850		1.05558e+07		-5.53109		0		0		6.96697e+06		-36.4436		
00:00:41:850		1.05558e+07		-5.53109		0		0		6.96697e+06		-36.4436		
00:00:41:750		1.05684e+07		-5.5228		0		0		6.96631e+06		-32.9385		
00:00:41:750		1.05684e+07		-5.5228		0		0		6.96631e+06		-32.9385		
00:00:41:649		1.0581e+07		-5.51438		0		0		6.96616e+06		0		
00:00:41:549		1.05935e+07		-5.50585		0		0		6.96621e+06		23.3686		
00:00:41:450		1.06061e+07		-5.49719		0		0		6.96613e+06		33.9033		
00:00:41:350		1.06187e+07		-5.48842		0		0		6.96566e+06		24.1756		
00:00:41:200		1.06375e+07		-5.47503		0		0		6.96421e+06		-22.3471		
00:00:41:100		1.06501e+07		-5.46594		0		0		6.96324e+06		-38.0625		
00:00:41:000		1.06626e+07		-5.45673		0		0		6.96273e+06		-26.0649		
00:00:40:850		1.06814e+07		-5.44269		0		0		6.96269e+06		21.7471		
00:00:40:700		1.07e+07		-5.42841		0		0		6.96243e+06		30.8025		
00:00:40:700		1.07e+07		-5.42841		0		0		6.96243e+06		30.8025		
00:00:40:600		1.07124e+07		-5.41877		0		0		6.96175e+06		18.4307		
00:00:40:500		1.07248e+07		-5.40905		0		0		6.96067e+06		-20.1648		
00:00:40:399		1.07373e+07		-5.39926		0		0		6.95964e+06		-36.6482		
00:00:40:299		1.07497e+07		-5.38942		0		0		6.95906e+06		-28.8137		
00:00:40:200		1.07621e+07		-5.37953		0		0		6.95895e+06		9.87414		
00:00:40:100		1.07745e+07		-5.36961		0		0		6.95894e+06		29.9009		
00:00:40:000		1.07869e+07		-5.35965		0		0		6.95867e+06		31.3466		
00:00:39:899		1.07992e+07		-5.34967		0		0		6.95797e+06		18.3617		
00:00:39:750		1.08177e+07		-5.33465		0		0		6.95632e+06		-31.157		
00:00:39:649		1.08301e+07		-5.32458		0		0		6.95543e+06		-36.5077		
00:00:39:600		1.08362e+07		-5.31953		0		0		6.95517e+06		-33.1521		
00:00:39:500		1.08485e+07		-5.30937		0		0		6.95502e+06		7.51449		
00:00:39:399		1.08608e+07		-5.29914		0		0		6.955e+06		28.7199		
00:00:39:299		1.08729e+07		-5.28883		0		0		6.95475e+06		33.8225		
00:00:39:200		1.08851e+07		-5.27845		0		0		6.95408e+06		21.2242		
00:00:39:049		1.09035e+07		-5.26272		0		0		6.95239e+06		-27.9078		
00:00:38:950		1.09158e+07		-5.25215		0		0		6.95139e+06		-37.4596		
00:00:38:850		1.0928e+07		-5.2415		0		0		6.95088e+06		-19.1619		
00:00:38:750		1.09403e+07		-5.23078		0		0		6.95075e+06		15.2605		
00:00:38:649		1.09525e+07		-5.22		0		0		6.95063e+06		31.3015		
00:00:38:549		1.09648e+07		-5.20915		0		0		6.9502e+06		28.6792		
00:00:38:450		1.0977e+07		-5.19824		0		0		6.94935e+06		12.5943		
00:00:38:350		1.09893e+07		-5.18729		0		0		6.94817e+06		-24.2086		
00:00:38:250		1.10015e+07		-5.17628		0		0		6.9471e+06		-37.6648		
00:00:38:149		1.10138e+07		-5.16525		0		0		6.9465e+06		-22.7576		
00:00:38:149		1.10138e+07		-5.16525		0		0		6.9465e+06		-22.7576		
00:00:38:049		1.10261e+07		-5.15418		0		0		6.9463e+06		12.5553		
00:00:37:850		1.10506e+07		-5.132		0		0		6.94569e+06		30.4136		
00:00:37:750		1.10629e+07		-5.1209		0		0		6.94481e+06		15.169		
00:00:37:700		1.10691e+07		-5.11535		0		0		6.94422e+06		0		
00:00:37:549		1.10876e+07		-5.09869		0		0		6.94243e+06		-37.1634		
00:00:37:450		1.10999e+07		-5.08756		0		0		6.94174e+06		-26.7718		
00:00:37:350		1.11123e+07		-5.0764		0		0		6.94147e+06		9.47283		
00:00:37:250		1.11247e+07		-5.06521		0		0		6.94126e+06		28.0975		
00:00:37:250		1.11247e+07		-5.06521		0		0		6.94126e+06		28.0975		
00:00:37:149		1.11372e+07		-5.05398		0		0		6.94082e+06		32.1807		
00:00:37:049		1.11496e+07		-5.0427		0		0		6.93995e+06		18.7173		
00:00:36:950		1.1162e+07		-5.03136		0		0		6.93871e+06		-16.6638		
00:00:36:750		1.11869e+07		-5.00854		0		0		6.93665e+06		-28.2748		
00:00:36:750		1.11869e+07		-5.00854		0		0		6.93665e+06		-28.2748		
00:00:36:649		1.11993e+07		-4.99705		0		0		6.93626e+06		7.22228		
00:00:36:450		1.12242e+07		-4.97392		0		0		6.93553e+06		32.4055		
00:00:36:450		1.12242e+07		-4.97392		0		0		6.93553e+06		32.4055		
00:00:36:299		1.12429e+07		-4.95643		0		0		6.93405e+06		8.29828		
00:00:36:200		1.12553e+07		-4.94471		0		0		6.9327e+06		-27.8299		
00:00:36:100		1.12678e+07		-4.93294		0		0		6.93154e+06		-34.8261		
00:00:36:000		1.12802e+07		-4.92112		0		0		6.93083e+06		-14.9071		
00:00:35:799		1.13052e+07		-4.89736		0		0		6.93005e+06		31.1311		
00:00:35:700		1.13177e+07		-4.8854		0		0		6.92936e+06		26.4613		
00:00:35:700		1.13177e+07		-4.8854		0		0		6.92936e+06		26.4613		
00:00:35:600		1.13303e+07		-4.8734		0		0		6.92827e+06		10.0368		
00:00:35:500		1.13428e+07		-4.86133		0		0		6.92688e+06		-26.0209		
00:00:35:399		1.13553e+07		-4.84922		0		0		6.92564e+06		-35.3343		
00:00:35:299		1.13679e+07		-4.83707		0		0		6.92483e+06		-17.4311		
00:00:35:200		1.13804e+07		-4.82489		0		0		6.92436e+06		13.9613		
00:00:35:100		1.13929e+07		-4.81267		0		0		6.92391e+06		29.5127		
00:00:35:000		1.14055e+07		-4.80041		0		0		6.9232e+06		28.3131		
00:00:34:799		1.14305e+07		-4.77578		0		0		6.92067e+06		-20.9377		
00:00:34:700		1.14431e+07		-4.76341		0		0		6.91934e+06		-34.6894		
00:00:34:700		1.14431e+07		-4.76341		0		0		6.91934e+06		-34.6894		
00:00:34:600		1.14556e+07		-4.75099		0		0		6.91844e+06		-19.6768		
00:00:34:500		1.14681e+07		-4.73853		0		0		6.91787e+06		12.2501		
00:00:34:399		1.14806e+07		-4.72603		0		0		6.91733e+06		27.3553		
00:00:34:299		1.14932e+07		-4.71347		0		0		6.91655e+06		28.2208		
00:00:34:200		1.15057e+07		-4.70085		0		0		6.91538e+06		14.7148		
00:00:34:100		1.15182e+07		-4.68818		0		0		6.91388e+06		-18.7244		
00:00:34:000		1.15307e+07		-4.67545		0		0		6.91245e+06		-35.5769		
00:00:33:899		1.15433e+07		-4.66266		0		0		6.91144e+06		0		
00:00:33:750		1.15623e+07		-4.64337		0		0		6.91053e+06		19.5583		
00:00:33:649		1.15748e+07		-4.63044		0		0		6.90987e+06		30.9239		
00:00:33:549		1.15872e+07		-4.61745		0		0		6.90892e+06		25.7866		
00:00:33:500		1.15935e+07		-4.61094		0		0		6.90828e+06		17.7961		
00:00:33:399		1.16059e+07		-4.59788		0		0		6.90676e+06		-17.1989		
00:00:33:299		1.16184e+07		-4.58479		0		0		6.90525e+06		-36.2632		
00:00:33:200		1.16308e+07		-4.57166		0		0		6.90413e+06		-32.0929		
00:00:33:049		1.16495e+07		-4.55189		0		0		6.90325e+06		19.8338		
00:00:32:950		1.16619e+07		-4.53868		0		0		6.90268e+06		34.1094		
00:00:32:850		1.16744e+07		-4.52545		0		0		6.90177e+06		32.8259		
00:00:32:750		1.16868e+07		-4.51221		0		0		6.90037e+06		10.0757		
00:00:32:649		1.16992e+07		-4.49898		0		0		6.89868e+06		-29.7466		
00:00:32:549		1.17117e+07		-4.48575		0		0		6.89716e+06		-39.7619		
00:00:32:450		1.17241e+07		-4.47256		0		0		6.89612e+06		-29.737		
00:00:32:350		1.17365e+07		-4.45939		0		0		6.89553e+06		13.4679		
00:00:32:250		1.1749e+07		-4.44626		0		0		6.89498e+06		32.8583		
00:00:32:149		1.17615e+07		-4.43316		0		0		6.89415e+06		34.8644		
00:00:32:049		1.17739e+07		-4.42007		0		0		6.89287e+06		18.0107		
00:00:32:049		1.17739e+07		-4.42007		0		0		6.89287e+06		18.0107		
00:00:31:949		1.17865e+07		-4.40697		0		0		6.8912e+06		-25.6886		
00:00:31:750		1.18114e+07		-4.38065		0		0		6.88848e+06		-29.644		
00:00:31:750		1.18114e+07		-4.38065		0		0		6.88848e+06		-29.644		
00:00:31:649		1.18239e+07		-4.36739		0		0		6.88775e+06		8.04311		
00:00:31:449		1.18489e+07		-4.34051		0		0		6.88624e+06		32.8313		
00:00:31:350		1.18614e+07		-4.32686		0		0		6.88495e+06		20.0867		
00:00:31:250		1.18738e+07		-4.31306		0		0		6.88331e+06		-22.8829		
00:00:31:149		1.18738e+07		-4.31306		0		0		6.88331e+06		-22.8829		
00:00:31:149		1.18863e+07		-4.2991		0		0		6.88177e+06		-31.0928		
00:00:31:050		1.18988e+07		-4.285		0		0		6.88061e+06		-23.6767		
00:00:30:949		1.19112e+07		-4.2708		0		0		6.87983e+06		13.4996		
00:00:30:750		1.19361e+07		-4.24236		0		0		6.87808e+06		29.9423		
00:00:30:750		1.19361e+07		-4.24236		0		0		6.87808e+06		29.9423		
00:00:30:600		1.19549e+07		-4.22132		0.207396		0		6.87588e+06		0		
00:00:30:550		1.19611e+07		-4.21443		0.276536		0		6.87504e+06		-24.3049		
00:00:30:350		1.19926e+07		-4.18102		0.621438		0		6.87194e+06		4.3162		
00:00:30:350		1.19926e+07		-4.18102		0.621438		0		6.87194e+06		4.3162		
00:00:30:199		1.20053e+07		-4.16813		0.758734		0		6.87103e+06		20.9063		
00:00:30:100		1.20179e+07		-4.15529		0.895439		0		6.86999e+06		24.8909		
00:00:30:000		1.20306e+07		-4.14243		1.03143		0		6.86868e+06		14.6515		
00:00:29:899		1.20433e+07		-4.12956		1.16669		0		6.86714e+06		0		
00:00:29:699		1.20687e+07		-4.10377		1.43395		0		6.86438e+06		0		
00:00:29:699		1.20687e+07		-4.10377		1.43395		0		6.86438e+06		0		
00:00:29:600		1.20814e+07		-4.09084		1.56562		0		6.8632e+06		5.63664		
00:00:29:500		1.2094e+07		-4.07789		1.69571		0		6.86204e+06		14.4584		
00:00:29:399		1.21066e+07		-4.0649		1.82395		0		6.86078e+06		12.9429		
00:00:29:300		1.2119e+07		-4.05187		1.94998		0		6.85938e+06		2.11004		
00:00:29:199		1.21315e+07		-4.03875		2.07344		0		6.85796e+06		0		
00:00:29:100		1.21439e+07		-4.02548		2.19416		0		6.85657e+06		0		
00:00:29:000		1.21562e+07		-4.01206		2.31228		0		6.85522e+06		0		
00:00:28:800		1.2181e+07		-3.98485		2.54004		0		6.85278e+06		15.0979		
00:00:28:699		1.21934e+07		-3.97108		2.65357		0		6.85152e+06		17.5114		
00:00:28:699		1.21934e+07		-3.97108		2.65357		0		6.85152e+06		17.5114		
00:00:28:600		1.22058e+07		-3.95721		2.77113		0		6.85012e+06		12.2589		
00:00:28:500		1.22182e+07		-3.94327		2.88507		0		6.84861e+06		0.88573		
00:00:28:399		1.22306e+07		-3.92925		2.99961		0		6.84711e+06		0		
00:00:28:300		1.22491e+07		-3.9081		3.16073		0		6.84501e+06		1.41608		
00:00:28:199		1.22553e+07		-3.90102		3.2095		0		6.84438e+06		6.96162		
00:00:28:100		1.22676e+07		-3.88683		3.30448		0		6.84315e+06		16.9399		
00:00:27:949		1.22862e+07		-3.86548		3.44049		0		6.84122e+06		21.5081		
00:00:27:850		1.22987e+07		-3.8512		3.52692		0		6.83976e+06		16.6502		
00:00:27:750		1.23111e+07		-3.8369		3.60997		0		6.83816e+06		6.78822		
00:00:27:649		1.23236e+07		-3.82257		3.68956		0		6.83654e+06		0		
00:00:27:550		1.2336e+07		-3.80821		3.76571		0		6.83503e+06		0		
00:00:27:449		1.23484e+07		-3.79382		3.83894		0		6.83367e+06		10.4139		
00:00:27:350		1.23608e+07		-3.7794		3.90872		0		6.83242e+06		20.7756		
00:00:27:250		1.23732e+07		-3.76495		3.97514		0		6.83115e+06		27.3061		
00:00:27:149		1.23856e+07		-3.75047		4.03831		0		6.82975e+06		27.8314		
00:00:27:050		1.2398e+07		-3.73595		4.09894		0		6.82816e+06		18.5594		
00:00:27:000		1.24041e+07		-3.72867		4.12822		0		6.8273e+06		11.604		
00:00:26:850		1.24227e+07		-3.70682		4.21131		0		6.82487e+06		8.02184		
00:00:26:750		1.24351e+07		-3.69222		4.26375		0		6.82354e+06		13.5541		
00:00:26:649		1.24475e+07		-3.67761		4.31363		0		6.82209e+06		17.0082		
00:00:26:550		1.24599e+07		-3.66298		4.36012		0		6.82055e+06		19.1859		
00:00:26:449		1.24723e+07		-3.64831		4.40497		0		6.81896e+06		20.1621		
00:00:26:449		1.24723e+07		-3.64831		4.40497		0		6.81896e+06		20.1621		
00:00:26:350		1.24847e+07		-3.63362		4.44667		0		6.81733e+06		20.7206		
00:00:26:149		1.25096e+07		-3.60414		4.52523		0		6.81405e+06		22.5192		
00:00:26:050		1.25221e+07		-3.58937		4.56111		0		6.81237e+06		22.9245		
00:00:25:949		1.25346e+07		-3.57458		4.5953		0		6.81067e+06		23.2045		
00:00:25:850		1.25471e+07		-3.55978		4.62742		0		6.80895e+06		23.6394		
00:00:25:750		1.25596e+07		-3.54496		4.65746		0		6.80721e+06		24.3008		
00:00:25:649		1.25721e+07		-3.53013		4.6861		0		6.80544e+06		24.9715		
00:00:25:550		1.25845e+07		-3.5153		4.71332		0		6.80365e+06		25.7396		
00:00:25:550		1.25845e+07		-3.5153		4.71332		0		6.80365e+06		25.7396		
00:00:25:449		1.2597e+07		-3.50046		4.739		0		6.80182e+06		26.5877		
00:00:25:350		1.26094e+07		-3.4856		4.7628		0		6.79997e+06		27.4365		
00:00:25:250		1.26218e+07		-3.47072		4.78485		0		6.79808e+06		28.2615		
00:00:25:149		1.26341e+07		-3.45581		4.80602		0		6.79615e+06		28.957		
00:00:25:050		1.26465e+07		-3.44087		4.82614		0		6.79419e+06		29.6539		
00:00:24:899		1.26651e+07		-3.41844		4.85585		0		6.79117e+06		30.5825		
00:00:24:699		1.26898e+07		-3.38848		4.88536		0		6.787e+06		31.4405		
00:00:24:699		1.26898e+07		-3.38848		4.88536		0		6.787e+06		31.4405		
00:00:24:600		1.27021e+07		-3.37349		4.89948		0		6.78486e+06		31.7854		
00:00:24:500		1.27145e+07		-3.35848		4.91701		0		6.78267e+06		31.8859		
00:00:24:399		1.27268e+07		-3.34345		4.93177		0		6.78043e+06		32.1161		
00:00:24:300		1.27392e+07		-3.3284		4.94183		0		6.77816e+06		32.4457		
00:00:24:199		1.27515e+07		-3.31333		4.94773		0		6.77583e+06		33.0004		
00:00:24:100		1.27639e+07		-3.29824		4.95642		0		6.77346e+06		33.5816		
00:00:24:000		1.27763e+07		-3.28314		4.9714		0		6.77103e+06		34.0494		
00:00:23:899		1.27887e+07		-3.26801		4.98636		0		6.76854e+06		34.2111		
00:00:23:699		1.28135e+07		-3.23768		4.98884		0		6.76331e+06		33.5873		
00:00:23:699		1.28135e+07		-3.23768		4.98884		0		6.76331e+06		33.5873		
00:00:23:600		1.28259e+07		-3.22248		4.98911		0		6.76058e+06		33.0246		
00:00:23:500		1.28383e+07		-3.20725		5.00503		0		6.75778e+06		32.5533		
00:00:23:399		1.28506e+07		-3.19201		5.02506		0		6.75492e+06		32.414		
00:00:23:300		1.2863e+07		-3.17674		5.02993		0		6.75202e+06		32.6954		
00:00:23:199		1.28754e+07		-3.16147		5.0141		0		6.74906e+06		33.5651		
00:00:23:100		1.28877e+07		-3.14619		4.99902		0		6.74606e+06		34.8492		
00:00:23:000		1.29e+07		-3.13088		5.01128		0		6.74299e+06		36.2933		
00:00:22:899		1.29124e+07		-3.11555		5.04162		0		6.73985e+06		37.479		
00:00:22:699		1.29372e+07		-3.08483		5.01391		0		6.73325e+06		36.8857		
00:00:22:699		1.29372e+07		-3.08483		5.01391		0		6.73325e+06		36.8857		
00:00:22:600		1.29496e+07		-3.06944		4.94556		0		6.72974e+06		34.3867		
00:00:22:500		1.29621e+07		-3.05403		4.87317		0		6.7261e+06		30.9782		
00:00:22:350		1.29806e+07		-3.03088		4.76663		0		6.72055e+06		28.0199		
00:00:22:300		1.29868e+07		-3.02315		4.73238		0		6.71871e+06		27.8218		
00:00:22:199		1.29992e+07		-3.00767		4.66489		0		6.71501e+06		28.3172		
00:00:22:100		1.30116e+07		-2.99216		4.59152		0		6.71126e+06		29.725		
00:00:22:000		1.30241e+07		-2.97665		4.51308		0		6.70746e+06		32.1044		
00:00:21:800		1.30489e+07		-2.94557		4.36016		21.5696		6.69962e+06		36.2312		
00:00:21:649		1.30675e+07		-2.92223		4.25662		37.9128		6.69336e+06		35.9493		
00:00:21:649		1.30675e+07		-2.92223		4.25662		37.9128		6.69336e+06		35.9493		
00:00:21:600		1.30737e+07		-2.91445		4.21972		43.2967		6.69119e+06		35.1077		
00:00:21:449		1.30923e+07		-2.89109		4.09497		58.5273		6.68446e+06		33.2253		
00:00:21:350		1.31046e+07		-2.8755		4.01069		68.0857		6.67981e+06		32.2585		
00:00:21:250		1.3117e+07		-2.85988		3.93679		77.379		6.67503e+06		31.7264		
00:00:21:149		1.31294e+07		-2.84425		3.87319		86.4345		6.67012e+06		31.307		
00:00:21:050		1.31417e+07		-2.8286		3.80187		95.1391		6.66508e+06		30.8324		
00:00:21:000		1.31479e+07		-2.82077		3.7612		99.421		6.66252e+06		30.4646		
00:00:20:850		1.31664e+07		-2.79725		3.61806		112.444		6.65466e+06		30.6197		
00:00:20:750		1.31787e+07		-2.78155		3.53965		121.319		6.64933e+06		32.3339		
00:00:20:649		1.3191e+07		-2.76582		3.48172		130.433		6.64396e+06		36.089		
00:00:20:550		1.32033e+07		-2.75007		3.4222		140.725		6.63857e+06		41.5114		
00:00:20:449		1.32156e+07		-2.73431		3.33613		154.125		6.63314e+06		47.6026		
00:00:20:350		1.32279e+07		-2.71854		3.22709		174.179		6.62764e+06		52.9553		
00:00:20:250		1.32401e+07		-2.70276		3.13526		207.043		6.622e+06		55.9243		
00:00:20:149		1.32524e+07		-2.68697		3.08225		256.6		6.61612e+06		55.3156		
00:00:20:050		1.32646e+07		-2.67119		3.04647		310.102		6.60988e+06		48.0949		
00:00:20:050		1.32646e+07		-2.67119		3.04647		310.102		6.60988e+06		48.0949		
00:00:19:850		1.32892e+07		-2.63959		2.85505		402.619		6.59749e+06		6.17875		
00:00:19:750		1.33015e+07		-2.62376		2.73361		439.377		6.59267e+06		0		
00:00:19:750		1.33015e+07		-2.62376		2.73361		439.377		6.59267e+06		0		
00:00:19:550		1.33261e+07		-2.59205		2.68681		495.889		6.59069e+06		190.437		
00:00:19:449		1.33383e+07		-2.57617		2.68993		516.903		6.59328e+06		328.442		
00:00:19:350		1.33506e+07		-2.56027		2.70601		533.851		6.59699e+06		388.62		
00:00:19:350		1.33506e+07		-2.56027		2.70601		533.851		6.59699e+06		388.62		
00:00:19:250		1.33628e+07		-2.54434		2.60322		547.284		6.60148e+06		444.742		
00:00:19:149		1.3375e+07		-2.5284		2.7063		557.622		6.6063e+06		476.095		
00:00:19:050		1.33872e+07		-2.51243		2.70984		564.853		6.61113e+06		475.929		
00:00:18:949		1.33995e+07		-2.49644		2.7136		568.305		6.61592e+06		475.934		
00:00:18:699		1.34299e+07		-2.4564		2.72766		568.769		6.62785e+06		477.163		
00:00:18:699		1.34299e+07		-2.4564		2.72766		568.769		6.62785e+06		477.163		
00:00:18:550		1.3448e+07		-2.43236		2.733		568.745		6.63498e+06		478.196		
00:00:18:550		1.3448e+07		-2.43236		2.733		568.745		6.63498e+06		478.196		
00:00:18:449		1.346e+07		-2.41632		2.73653		568.715		6.63971e+06		478.922		
00:00:18:350		1.3472e+07		-2.40026		2.73989		568.678		6.64444e+06		479.68		
00:00:18:199		1.349e+07		-2.37614		2.745		568.602		6.65151e+06		480.866		
00:00:18:100		1.3502e+07		-2.36003		2.74847		568.544		6.65621e+06		481.687		
00:00:18:000		1.3514e+07		-2.34389		2.75208		568.475		6.6609e+06		482.527		
00:00:17:899		1.3526e+07		-2.32774		2.75573		568.403		6.66556e+06		483.374		
00:00:17:699		1.35501e+07		-2.29536		2.76302		568.238		6.67476e+06		484.946		
00:00:17:699		1.35501e+07		-2.29536		2.76302		568.238		6.67476e+06		484.946		
00:00:17:600		1.35621e+07		-2.27915		2.76674		568.144		6.6793e+06		485.676		
00:00:17:500		1.35741e+07		-2.26292		2.77026		568.044		6.68378e+06		486.369		
00:00:17:399		1.35861e+07		-2.24667		2.77381		567.934		6.68823e+06		487.021		
00:00:17:300		1.35981e+07		-2.23041		2.77731		567.814		6.69264e+06		487.641		
00:00:17:199		1.361e+07		-2.21414		2.78086		567.685		6.69701e+06		488.231		
00:00:17:100		1.3622e+07		-2.19787		2.78439		567.544		6.70135e+06		488.793		
00:00:17:000		1.36339e+07		-2.1816		2.78786		567.391		6.70565e+06		489.323		
00:00:16:899		1.36459e+07		-2.16532		2.79131		567.226		6.70993e+06		489.828		
00:00:16:699		1.36697e+07		-2.13278		2.79827		566.852		6.71842e+06		490.795		
00:00:16:699		1.36697e+07		-2.13278		2.79827		566.852		6.71842e+06		490.795		
00:00:16:600		1.36817e+07		-2.11654		2.80189		566.646		6.72263e+06		491.274		
00:00:16:500		1.36935e+07		-2.10034		2.80541		566.427		6.72683e+06		491.744		
00:00:16:399		1.37053e+07		-2.08418		2.80879		566.191		6.731e+06		492.214		
00:00:16:300		1.37171e+07		-2.06809		2.81209		565.942		6.73515e+06		492.689		
00:00:16:199		1.37289e+07		-2.05207		2.81534		565.68		6.73929e+06		493.172		
00:00:16:100		1.37408e+07		-2.03613		2.81853		565.402		6.74341e+06		493.685		
00:00:16:000		1.37526e+07		-2.02027		2.82149		565.107		6.74752e+06		494.224		
00:00:15:800		1.37762e+07		-1.98884		2.82797		564.489		6.7557e+06		495.414		
00:00:15:699		1.3788e+07		-1.97329		2.83156		564.162		6.75978e+06		496.06		
00:00:15:699		1.3788e+07		-1.97329		2.83156		564.162		6.75978e+06		496.06		
00:00:15:599		1.37998e+07		-1.95785		2.83533		563.824		6.76385e+06		496.748		
00:00:15:500		1.38117e+07		-1.94252		2.83907		563.48		6.7679e+06		497.43		
00:00:15:400		1.38235e+07		-1.92732		2.84296		563.132		6.7719e+06		498.07		
00:00:15:300		1.38354e+07		-1.91224		2.84684		562.776		6.77583e+06		498.646		
00:00:15:199		1.38472e+07		-1.89729		2.85066		562.412		6.7797e+06		499.178		
00:00:15:099		1.3859e+07		-1.88247		2.85442		562.042		6.78351e+06		499.651		
00:00:15:000		1.38708e+07		-1.86778		2.85811		561.664		6.78726e+06		500.079		
00:00:14:800		1.38946e+07		-1.8388		2.86538		560.88		6.79463e+06		500.813		
00:00:14:699		1.39065e+07		-1.82451		2.86889		560.481		6.79825e+06		501.132		
00:00:14:699		1.39065e+07		-1.82451		2.86889		560.481		6.79825e+06		501.132		
00:00:14:599		1.39185e+07		-1.8103		2.87244		560.068		6.80183e+06		501.413		
00:00:14:500		1.39305e+07		-1.79617		2.876		559.646		6.80538e+06		501.671		
00:00:14:349		1.39486e+07		-1.77508		2.88116		558.996		6.81064e+06		502		
00:00:14:250		1.39608e+07		-1.76106		2.88447		558.549		6.81412e+06		502.206		
00:00:14:150		1.39732e+07		-1.74705		2.88786		558.089		6.81757e+06		502.398		
00:00:14:099		1.39794e+07		-1.74003		2.88963		557.854		6.81929e+06		502.489		
00:00:14:000		1.39919e+07		-1.72598		2.89303		557.375		6.82272e+06		502.67		
00:00:13:849		1.40111e+07		-1.70482		2.89801		556.625		6.82784e+06		502.959		
00:00:13:750		1.40241e+07		-1.69062		2.90123		556.11		6.83124e+06		503.19		
00:00:13:650		1.40374e+07		-1.67634		2.90427		555.578		6.83466e+06		503.477		
00:00:13:550		1.40511e+07		-1.66197		2.90708		555.036		6.83807e+06		503.806		
00:00:13:449		1.40652e+07		-1.64754		2.90971		554.486		6.84146e+06		504.191		
00:00:13:349		1.40796e+07		-1.63307		2.91235		553.926		6.84485e+06		504.636		
00:00:13:250		1.40939e+07		-1.61852		2.91534		553.362		6.84821e+06		505.146		
00:00:13:150		1.41081e+07		-1.60389		2.91958		552.794		6.85153e+06		505.659		
00:00:13:050		1.41223e+07		-1.58915		2.924		552.224		6.85478e+06		506.147		
00:00:12:949		1.41363e+07		-1.57428		2.92844		551.652		6.85796e+06		506.613		
00:00:12:849		1.415e+07		-1.55923		2.93264		551.077		6.86107e+06		507.046		
00:00:12:750		1.4163e+07		-1.54395		2.93639		550.503		6.86413e+06		507.492		
00:00:12:750		1.4163e+07		-1.54395		2.93639		550.503		6.86413e+06		507.492		
00:00:12:500		1.41913e+07		-1.50504		2.94614		549.066		6.87161e+06		508.576		
00:00:12:500		1.41913e+07		-1.50504		2.94614		549.066		6.87161e+06		508.576		
00:00:12:300		1.42131e+07		-1.47373		2.95344		547.917		6.87742e+06		509.453		
00:00:12:300		1.42131e+07		-1.47373		2.95344		547.917		6.87742e+06		509.453		
00:00:12:199		1.42239e+07		-1.45808		2.95697		547.345		6.88028e+06		509.901		
00:00:12:099		1.42346e+07		-1.44241		2.96075		546.772		6.88312e+06		510.356		
00:00:12:000		1.42454e+07		-1.42675		2.96444		546.201		6.88594e+06		510.822		
00:00:11:900		1.42562e+07		-1.41111		2.96807		545.629		6.88875e+06		511.319		
00:00:11:750		1.42722e+07		-1.38761		2.97321		544.772		6.89293e+06		512.094		
00:00:11:750		1.42722e+07		-1.38761		2.97321		544.772		6.89293e+06		512.094		
00:00:11:599		1.42883e+07		-1.36412		2.97821		543.915		6.8971e+06		512.923		
00:00:11:500		1.42986e+07		-1.34848		2.98152		543.346		6.89987e+06		513.515		
00:00:11:400		1.43096e+07		-1.33288		2.98477		542.779		6.90264e+06		514.124		
00:00:11:300		1.43204e+07		-1.31725		2.9876		542.216		6.90539e+06		514.763		
00:00:11:199		1.43312e+07		-1.30161		2.9903		541.656		6.90813e+06		515.408		
00:00:11:099		1.43419e+07		-1.28594		2.99304		541.106		6.91084e+06		516.041		
00:00:11:000		1.43526e+07		-1.27024		2.99614		540.567		6.91351e+06		516.638		
00:00:10:900		1.43632e+07		-1.25451		2.99982		540.038		6.9161e+06		517.121		
00:00:10:699		1.43842e+07		-1.22294		3.0078		539.02		6.92097e+06		517.704		
00:00:10:699		1.43842e+07		-1.22294		3.0078		539.02		6.92097e+06		517.704		
00:00:10:599		1.43946e+07		-1.20711		3.01149		538.536		6.92328e+06		517.848		
00:00:10:500		1.44048e+07		-1.19124		3.0149		538.074		6.92551e+06		517.953		
00:00:10:400		1.4415e+07		-1.17532		3.01785		537.637		6.92768e+06		518.049		
00:00:10:300		1.44249e+07		-1.15935		3.02056		537.229		6.92978e+06		518.161		
00:00:10:199		1.44346e+07		-1.14334		3.02286		536.842		6.93181e+06		518.296		
00:00:10:099		1.4444e+07		-1.12728		3.0267		536.482		6.93375e+06		518.462		
00:00:10:000		1.44531e+07		-1.11124		3.03148		536.134		6.93559e+06		518.59		
00:00:09:900		1.44624e+07		-1.09528		3.03607		535.796		6.93731e+06		518.615		
00:00:09:699		1.44821e+07		-1.06357		3.04484		535.102		6.94036e+06		518.11		
00:00:09:699		1.44821e+07		-1.06357		3.04484		535.102		6.94036e+06		518.11		
00:00:09:599		1.44926e+07		-1.04771		3.04896		534.757		6.9421e+06		518.38		
00:00:09:500		1.45071e+07		-1.02368		3.05514		534.242		6.94488e+06		518.953		
00:00:09:349		1.45163e+07		-1.00757		3.05918		533.895		6.94676e+06		519.474		
00:00:09:250		1.4525e+07		-0.991421		3.06297		533.548		6.94868e+06		520.141		
00:00:09:150		1.45329e+07		-0.975136		3.06667		533.199		6.95064e+06		520.925		
00:00:09:099		1.45366e+07		-0.967041		3.06848		533.021		6.95164e+06		521.365		
00:00:09:000		1.4544e+07		-0.950968		3.07186		532.67		6.95365e+06		522.346		
00:00:08:750		1.4564e+07		-0.911551		3.07833		531.812		6.95877e+06		525.299		
00:00:08:650		1.4573e+07		-0.89613		3.08078		531.487		6.96081e+06		526.609		
00:00:08:650		1.4573e+07		-0.89613		3.08078		531.487		6.96081e+06		526.609		
00:00:08:550		1.45827e+07		-0.880879		3.0842		531.177		6.96278e+06		527.863		
00:00:08:449		1.45931e+07		-0.865704		3.08894		530.885		6.96462e+06		528.976		
00:00:08:349		1.46034e+07		-0.850547		3.09375		530.616		6.96632e+06		529.964		
00:00:08:250		1.46137e+07		-0.835409		3.09809		530.372		6.96789e+06		530.85		
00:00:08:150		1.4624e+07		-0.820284		3.10177		530.16		6.96934e+06		531.643		
00:00:08:050		1.46343e+07		-0.805178		3.1052		529.997		6.9707e+06		532.402		
00:00:07:950		1.46446e+07		-0.790091		3.10885		529.884		6.97197e+06		533.107		
00:00:07:750		1.4665e+07		-0.759984		3.11655		529.866		6.97426e+06		534.492		
00:00:07:650		1.46752e+07		-0.744969		3.1194		529.958		6.97531e+06		535.234		
00:00:07:650		1.46752e+07		-0.744969		3.1194		529.958		6.97531e+06		535.234		
00:00:07:549		1.46853e+07		-0.72998		3.12187		530.087		6.97628e+06		536.034		
00:00:07:450		1.46954e+07		-0.715022		3.12453		530.214		6.9772e+06		536.923		
00:00:07:349		1.47054e+07		-0.700092		3.12821		530.28		6.97807e+06		537.959		
00:00:07:250		1.47155e+07		-0.685199		3.13208		530.21		6.97894e+06		539.179		
00:00:07:150		1.47255e+07		-0.67035		3.13468		530.006		6.97986e+06		540.335		
00:00:07:049		1.47354e+07		-0.65554		3.1363		529.763		6.98072e+06		540.1		
00:00:07:049		1.47354e+07		-0.65554		3.1363		529.763		6.98072e+06		540.1		
00:00:06:950		1.47454e+07		-0.640771		3.13814		529.533		6.98127e+06		534.93		
00:00:06:750		1.47651e+07		-0.611362		3.14653		529.111		6.98148e+06		515.772		
00:00:06:750		1.47651e+07		-0.611362		3.14653		529.111		6.98148e+06		515.772		
00:00:06:650		1.4775e+07		-0.596725		3.14852		528.93		6.98148e+06		520.266		
00:00:06:549		1.47848e+07		-0.582145		3.1479		528.782		6.98144e+06		522.809		
00:00:06:450		1.47946e+07		-0.567617		3.14845		528.666		6.98137e+06		524.95		
00:00:06:200		1.48189e+07		-0.531538		3.16291		528.513		6.98115e+06		532.214		
00:00:06:099		1.48286e+07		-0.51721		3.16221		528.482		6.98104e+06		534.991		
00:00:06:099		1.48286e+07		-0.51721		3.16221		528.482		6.98104e+06		534.991		
00:00:06:000		1.48382e+07		-0.50295		3.15809		528.456		6.9809e+06		537.564		
00:00:05:900		1.48478e+07		-0.48876		3.15911		528.441		6.98072e+06		539.572		
00:00:05:700		1.4867e+07		-0.460598		3.17939		528.43		6.98018e+06		540.133		
00:00:05:700		1.4867e+07		-0.460598		3.17939		528.43		6.98018e+06		540.133		
00:00:05:599		1.48765e+07		-0.44663		3.17741		528.432		6.97982e+06		540.143		
00:00:05:500		1.48861e+07		-0.432738		3.16506		528.445		6.97941e+06		540.117		
00:00:05:400		1.48956e+07		-0.41892		3.15994		528.458		6.97895e+06		540.06		
00:00:05:250		1.49004e+07		-0.412038		3.16532		528.469		6.9787e+06		540.023		
00:00:05:250		1.49099e+07		-0.398328		3.18639		528.491		6.97818e+06		539.937		
00:00:05:099		1.49242e+07		-0.377917		3.19498		528.537		6.97732e+06		539.759		
00:00:05:000		1.49337e+07		-0.364409		3.16822		528.576		6.9767e+06		539.615		
00:00:04:900		1.49432e+07		-0.350988		3.15004		528.614		6.97605e+06		539.442		
00:00:04:700		1.49622e+07		-0.324432		3.21724		528.708		6.97467e+06		539.03		
00:00:04:700		1.49622e+07		-0.324432		3.21724		528.708		6.97467e+06		539.03		
00:00:04:599		1.49719e+07		-0.311275		3.22636		528.76		6.97396e+06		538.8		
00:00:04:500		1.49816e+07		-0.298173		3.17168		528.819		6.97323e+06		538.529		
00:00:04:400		1.49914e+07		-0.285143		3.12358		528.88		6.97249e+06		538.252		
00:00:04:299		1.50014e+07		-0.272188		3.15803		528.945		6.97174e+06		537.955		
00:00:04:200		1.50115e+07		-0.259312		3.24578		529.011		6.971e+06		537.639		
00:00:04:099		1.50218e+07		-0.246486		3.2901		529.087		6.97026e+06		537.301		
00:00:04:000		1.50324e+07		-0.233697		3.18403		529.16		6.96953e+06		536.944		
00:00:03:899		1.50433e+07		-0.220917		3.06772		529.24		6.96881e+06		536.572		
00:00:03:700		1.50654e+07		-0.194985		3.2849		529.402		6.96745e+06		535.758		
00:00:03:700		1.50654e+07		-0.194985		3.2849		529.402		6.96745e+06		535.758		
00:00:03:600		1.50746e+07		-0.181644		3.47598		529.483		6.96681e+06		535.319		
00:00:03:500		1.50825e+07		-0.168282		3.66882		529.562		6.96621e+06		534.884		
00:00:03:399		1.50903e+07		-0.154936		3.86257		529.643		6.96566e+06		534.432		
00:00:03:299		1.50981e+07		-0.141602		4.05716		529.72		6.96515e+06		533.971		
00:00:03:200		1.51058e+07		-0.128277		4.25186		529.798		6.9647e+06		533.508		
00:00:03:100		1.51135e+07		-0.114957		4.44327		529.871		6.96431e+06		533.089		
00:00:03:000		1.5125e+07		-0.0949831		4.61161		529.967		6.96384e+06		532.361		
00:00:02:750		1.51407e+07		-0.0683899		4.20042		530.076		6.96345e+06		531.47		
00:00:02:700		1.51448e+07		-0.0617328		4.0982		530.098		6.96339e+06		531.258		
00:00:02:700		1.51448e+07		-0.0617328		4.0982		530.098		6.96339e+06		531.258		
00:00:02:600		1.51532e+07		-0.0484056		3.89539		530.138		6.96332e+06		530.851		
00:00:02:500		1.51621e+07		-0.0350652		3.69505		530.169		6.96331e+06		530.457		
00:00:02:399		1.51716e+07		-0.0216942		3.49737		530.193		6.96335e+06		530.072		
00:00:02:250		1.51872e+07		-0.00152922		3.21771		530.214		6.96349e+06		529.514		
00:00:02:149		1.51987e+07		0.0120311		3.18081		530.219		6.96363e+06		529.158		
00:00:02:049		1.52112e+07		0.0257468		3.22488		530.221		6.96379e+06		528.804		
00:00:01:949		1.52248e+07		0.0396543		3.23199		530.217		6.96397e+06		528.482		
00:00:01:850		1.52397e+07		0.05373		3.1532		530.212		6.96417e+06		528.196		
00:00:01:649		1.52735e+07		0.0820374		3.3365		530.206		6.96454e+06		527.695		
00:00:01:649		1.52735e+07		0.0820374		3.3365		530.206		6.96454e+06		527.695		
00:00:01:600		1.52827e+07		0.0890403		3.48099		530.203		6.9646e+06		527.575		
00:00:01:449		1.53113e+07		0.110242		3.63343		530.19		6.96472e+06		527.196		
00:00:01:350		1.5333e+07		0.125072		3.68647		530.19		6.96477e+06		526.995		
00:00:01:250		1.53608e+07		0.140668		3.71057		530.192		6.96479e+06		526.854		
00:00:01:149		1.53962e+07		0.15468		3.71254		530.193		6.96482e+06		526.821		
00:00:01:050		1.54334e+07		0.165815		3.68975		530.195		6.96485e+06		526.806		
00:00:00:949		1.54675e+07		0.17232		3.5728		530.197		6.96487e+06		526.822		
00:00:00:750		1.54786e+07		0.17284		2.8357		530.204		6.96486e+06		526.823		
00:00:00:650		1.54786e+07		0.172839		2.83569		530.206		6.96486e+06		526.823		
00:00:00:650		1.54786e+07		0.172839		2.83569		530.206		6.96486e+06		526.823		
00:00:00:550		1.54786e+07		0.17284		2.83569		530.21		6.96485e+06		526.824		
00:00:00:450		1.54786e+07		0.17284		2.83569		530.214		6.96485e+06		526.825		
00:00:00:349		1.54786e+07		0.17284		2.83573		530.216		6.96485e+06		526.825		
00:00:00:349		1.54786e+07		0.17284		2.83573		530.216		6.96485e+06		526.825		
00:00:00:250		1.54786e+07		0.17284		2.83572		530.217		6.96484e+06		526.831		
00:00:00:149		1.54785e+07		0.17284		2.83572		530.221		6.96484e+06		526.817		
00:00:00:050		1.54785e+07		0.17284		2.83567		530.223		6.96484e+06		526.826		
00:00:00:000		1.54785e+07		0.17284		2.83571		530.225		6.96483e+06		526.826		
00:00:00:000		1.54785e+07		0.17284		2.83571		530.225		6.96483e+06		526.826		
00:00:00:000		1.54785e+07		0.17284		2.83571		530.225		6.96483e+06		526.826		
00:00:00:000		1.54785e+07		0.17284		2.83571		530.225		6.96483e+06		526.826		
00:00:00:000		1.54785e+07		0.17284		2.83571		530.225		6.96483e+06		526.826		
00:00:00:000		1.54785e+07		0.17284		2.83571		530.225		6.96483e+06		526.826		
