	time 		rcpppzr	rcp054rcp007mnzoyout	rcv501std0102fvol	fwfrcp001gv	rcppmssga	msfsg(1)	
00:01:02:950		9.79261e+06		-5.85024		0		0		2.47753e+06		574.657		
00:01:02:950		9.79261e+06		-5.85024		0		0		2.47753e+06		574.657		
00:01:02:750		9.81794e+06		-5.85104		0		0		2.48416e+06		575.245		
00:01:02:750		9.81794e+06		-5.85104		0		0		2.48416e+06		575.245		
00:01:02:549		9.8432e+06		-5.85176		0		0		2.49585e+06		579.16		
00:01:02:549		9.8432e+06		-5.85176		0		0		2.49585e+06		579.16		
00:01:02:450		9.85577e+06		-5.85208		0		0		2.50042e+06		579.875		
00:01:02:350		9.86827e+06		-5.85237		0		0		2.50456e+06		581.026		
00:01:02:250		9.88071e+06		-5.85265		0		0		2.5091e+06		582.978		
00:01:02:149		9.89306e+06		-5.85292		0		0		2.51392e+06		584.361		
00:01:01:950		9.91747e+06		-5.85349		0		0		2.51741e+06		583.919		
00:01:01:850		9.92959e+06		-5.85381		0		0		2.52029e+06		584.434		
00:01:01:850		9.92959e+06		-5.85381		0		0		2.52029e+06		584.434		
00:01:01:750		9.9417e+06		-5.85416		0		0		2.52377e+06		584.66		
00:01:01:649		9.95385e+06		-5.85456		0		0		2.52731e+06		585.086		
00:01:01:549		9.96608e+06		-5.85502		0		0		2.53236e+06		586.989		
00:01:01:450		9.97836e+06		-5.85553		0		0		2.53911e+06		588.909		
00:01:01:350		9.99064e+06		-5.85611		0		0		2.54429e+06		590.032		
00:01:01:250		1.00029e+07		-5.85675		0		0		2.54867e+06		591.223		
00:01:01:149		1.00151e+07		-5.85745		0		0		2.55312e+06		593.174		
00:01:01:049		1.00273e+07		-5.85818		0		0		2.55784e+06		594.939		
00:01:00:850		1.00518e+07		-5.85966		0		0		2.56027e+06		593.899		
00:01:00:850		1.00518e+07		-5.85966		0		0		2.56027e+06		593.899		
00:01:00:750		1.00639e+07		-5.86033		0		0		2.56327e+06		594.555		
00:01:00:600		1.0082e+07		-5.86113		0		0		2.56866e+06		594.85		
00:01:00:500		1.00941e+07		-5.86145		0		0		2.57256e+06		595.93		
00:01:00:399		1.01061e+07		-5.86154		0		0		2.5784e+06		597.88		
00:01:00:350		1.01121e+07		-5.8615		0		0		2.58198e+06		599.083		
00:01:00:200		1.013e+07		-5.86095		0		0		2.59031e+06		601.237		
00:01:00:100		1.01417e+07		-5.86022		0		0		2.59429e+06		602.375		
00:01:00:000		1.01534e+07		-5.85917		0		0		2.59769e+06		603.786		
00:00:59:950		1.01592e+07		-5.85852		0		0		2.59937e+06		604.678		
00:00:59:850		1.01707e+07		-5.85698		0		0		2.60214e+06		604.605		
00:00:59:750		1.01823e+07		-5.85513		0		0		2.60167e+06		602.962		
00:00:59:649		1.01938e+07		-5.85298		0		0		2.60286e+06		603.422		
00:00:59:549		1.02053e+07		-5.85059		0		0		2.60675e+06		604.201		
00:00:59:500		1.0211e+07		-5.84931		0		0		2.60885e+06		604.459		
00:00:59:399		1.02225e+07		-5.84663		0		0		2.61349e+06		605.504		
00:00:59:250		1.02396e+07		-5.84244		0		0		2.62134e+06		608.109		
00:00:59:149		1.02509e+07		-5.83965		0		0		2.62701e+06		609.875		
00:00:59:049		1.02621e+07		-5.83696		0		0		2.63175e+06		611.164		
00:00:58:950		1.02733e+07		-5.83445		0		0		2.63491e+06		611.736		
00:00:58:850		1.02845e+07		-5.83222		0		0		2.63747e+06		613.098		
00:00:58:750		1.02955e+07		-5.83032		0		0		2.64086e+06		614.512		
00:00:58:649		1.03065e+07		-5.82843		0		0		2.6422e+06		612.917		
00:00:58:549		1.03176e+07		-5.82645		0		0		2.64124e+06		611.778		
00:00:58:450		1.03286e+07		-5.82441		0		0		2.64377e+06		612.555		
00:00:58:350		1.03396e+07		-5.82228		0		0		2.64841e+06		613.686		
00:00:58:250		1.03506e+07		-5.82008		0		0		2.65354e+06		615.218		
00:00:58:149		1.03615e+07		-5.81781		0		0		2.6589e+06		616.706		
00:00:58:049		1.03724e+07		-5.81546		0		0		2.66416e+06		618.616		
00:00:57:950		1.03831e+07		-5.81303		0		0		2.6687e+06		619.709		
00:00:57:850		1.03939e+07		-5.81054		0		0		2.67158e+06		620.371		
00:00:57:750		1.04045e+07		-5.80796		0		0		2.67437e+06		621.841		
00:00:57:649		1.04152e+07		-5.80532		0		0		2.67753e+06		622.45		
00:00:57:549		1.04258e+07		-5.8026		0		0		2.67788e+06		620.808		
00:00:57:450		1.04363e+07		-5.7998		0		0		2.67767e+06		620.013		
00:00:57:350		1.0447e+07		-5.79693		0		0		2.68117e+06		621.297		
00:00:57:250		1.04575e+07		-5.79399		0		0		2.68659e+06		622.984		
00:00:57:149		1.04681e+07		-5.79097		0		0		2.69192e+06		624.346		
00:00:57:049		1.04786e+07		-5.78789		0		0		2.69689e+06		625.831		
00:00:56:950		1.0489e+07		-5.78474		0		0		2.70143e+06		627.24		
00:00:56:850		1.04994e+07		-5.78152		0		0		2.70495e+06		628.04		
00:00:56:750		1.05097e+07		-5.77824		0		0		2.7079e+06		629.633		
00:00:56:649		1.052e+07		-5.77489		0		0		2.71094e+06		630.312		
00:00:56:549		1.05303e+07		-5.77148		0		0		2.71146e+06		628.922		
00:00:56:450		1.05406e+07		-5.76802		0		0		2.71099e+06		627.638		
00:00:56:350		1.05509e+07		-5.76449		0		0		2.7139e+06		628.981		
00:00:56:200		1.05663e+07		-5.7591		0		0		2.72259e+06		631.434		
00:00:56:200		1.05663e+07		-5.7591		0		0		2.72259e+06		631.434		
00:00:56:100		1.05765e+07		-5.75543		0		0		2.72742e+06		632.88		
00:00:55:899		1.05967e+07		-5.74792		0		0		2.73592e+06		635.307		
00:00:55:850		1.06017e+07		-5.74602		0		0		2.73746e+06		635.936		
00:00:55:700		1.06168e+07		-5.74021		0		0		2.74166e+06		637.177		
00:00:55:700		1.06168e+07		-5.74021		0		0		2.74166e+06		637.177		
00:00:55:600		1.06267e+07		-5.73626		0		0		2.74286e+06		636.544		
00:00:55:500		1.06367e+07		-5.73226		0		0		2.74295e+06		634.92		
00:00:55:399		1.06467e+07		-5.7282		0		0		2.74505e+06		636.187		
00:00:55:250		1.06616e+07		-5.72201		0		0		2.75377e+06		638.603		
00:00:55:149		1.06715e+07		-5.71781		0		0		2.75836e+06		639.924		
00:00:55:049		1.06813e+07		-5.71354		0		0		2.76291e+06		641.485		
00:00:54:899		1.0696e+07		-5.70705		0		0		2.76861e+06		643.096		
00:00:54:799		1.07057e+07		-5.70265		0		0		2.77129e+06		643.752		
00:00:54:799		1.07057e+07		-5.70265		0		0		2.77129e+06		643.752		
00:00:54:700		1.07153e+07		-5.69821		0		0		2.7733e+06		644.242		
00:00:54:600		1.07249e+07		-5.69371		0		0		2.77456e+06		642.717		
00:00:54:500		1.07345e+07		-5.68915		0		0		2.77517e+06		642.654		
00:00:54:399		1.0744e+07		-5.68453		0		0		2.77974e+06		644.67		
00:00:54:299		1.07535e+07		-5.67986		0		0		2.78528e+06		645.755		
00:00:54:100		1.07725e+07		-5.67034		0		0		2.79407e+06		648.767		
00:00:54:100		1.07725e+07		-5.67034		0		0		2.79407e+06		648.767		
00:00:53:899		1.07913e+07		-5.66061		0		0		2.8009e+06		650.305		
00:00:53:799		1.08006e+07		-5.65565		0		0		2.80301e+06		651.032		
00:00:53:799		1.08006e+07		-5.65565		0		0		2.80301e+06		651.032		
00:00:53:700		1.08099e+07		-5.65065		0		0		2.8056e+06		650.842		
00:00:53:600		1.08192e+07		-5.64558		0		0		2.80646e+06		650.023		
00:00:53:500		1.08285e+07		-5.64046		0		0		2.80931e+06		651.276		
00:00:53:399		1.08378e+07		-5.63528		0		0		2.81451e+06		652.635		
00:00:53:299		1.0847e+07		-5.63004		0		0		2.81856e+06		653.308		
00:00:53:200		1.08563e+07		-5.62473		0		0		2.82261e+06		654.905		
00:00:53:100		1.08655e+07		-5.61936		0		0		2.82732e+06		656.363		
00:00:52:899		1.0884e+07		-5.60841		0		0		2.83394e+06		657.816		
00:00:52:799		1.08933e+07		-5.60283		0		0		2.83574e+06		658.64		
00:00:52:799		1.08933e+07		-5.60283		0		0		2.83574e+06		658.64		
00:00:52:700		1.09026e+07		-5.59718		0		0		2.83848e+06		658.349		
00:00:52:600		1.09119e+07		-5.59146		0		0		2.83929e+06		658.044		
00:00:52:500		1.09213e+07		-5.58567		0		0		2.84239e+06		659.159		
00:00:52:399		1.09307e+07		-5.57981		0		0		2.84735e+06		660.114		
00:00:52:299		1.09402e+07		-5.5739		0		0		2.85125e+06		660.852		
00:00:52:200		1.09497e+07		-5.56793		0		0		2.85546e+06		662.548		
00:00:52:100		1.09638e+07		-5.55885		0		0		2.86181e+06		664.274		
00:00:51:950		1.09732e+07		-5.55273		0		0		2.86532e+06		665.512		
00:00:51:850		1.09826e+07		-5.54654		0		0		2.86784e+06		665.646		
00:00:51:799		1.09873e+07		-5.54343		0		0		2.86851e+06		666.09		
00:00:51:700		1.09966e+07		-5.53715		0		0		2.87105e+06		665.89		
00:00:51:600		1.10058e+07		-5.53082		0		0		2.87187e+06		665.251		
00:00:51:500		1.10151e+07		-5.52443		0		0		2.87478e+06		666.381		
00:00:51:399		1.10242e+07		-5.51797		0		0		2.87965e+06		667.662		
00:00:51:299		1.10334e+07		-5.51146		0		0		2.8836e+06		668.355		
00:00:51:200		1.1047e+07		-5.50158		0		0		2.89014e+06		670.538		
00:00:51:049		1.1056e+07		-5.49491		0		0		2.89378e+06		671.515		
00:00:50:950		1.1065e+07		-5.48818		0		0		2.89713e+06		672.573		
00:00:50:850		1.10739e+07		-5.48137		0		0		2.90005e+06		672.9		
00:00:50:750		1.10828e+07		-5.47448		0		0		2.90224e+06		674.014		
00:00:50:649		1.10917e+07		-5.46751		0		0		2.90483e+06		673.386		
00:00:50:549		1.11005e+07		-5.46046		0		0		2.90551e+06		673.246		
00:00:50:450		1.11094e+07		-5.45334		0		0		2.90889e+06		674.381		
00:00:50:350		1.11182e+07		-5.44614		0		0		2.91352e+06		675.171		
00:00:50:250		1.1127e+07		-5.43887		0		0		2.91729e+06		676.444		
00:00:50:149		1.11358e+07		-5.43153		0		0		2.92182e+06		677.699		
00:00:50:049		1.11446e+07		-5.42413		0		0		2.9254e+06		678.637		
00:00:49:950		1.11533e+07		-5.41666		0		0		2.92888e+06		679.709		
00:00:49:850		1.1162e+07		-5.40914		0		0		2.93176e+06		680.431		
00:00:49:750		1.11707e+07		-5.40157		0		0		2.93455e+06		681.696		
00:00:49:649		1.11793e+07		-5.39396		0		0		2.93718e+06		681.607		
00:00:49:549		1.11879e+07		-5.38632		0		0		2.93782e+06		680.783		
00:00:49:450		1.11965e+07		-5.37865		0		0		2.9393e+06		681.095		
00:00:49:350		1.1205e+07		-5.37097		0		0		2.94313e+06		682.414		
00:00:49:200		1.12177e+07		-5.35942		0		0		2.9491e+06		684.161		
00:00:49:200		1.12177e+07		-5.35942		0		0		2.9491e+06		684.161		
00:00:49:100		1.12261e+07		-5.35172		0		0		2.95355e+06		685.445		
00:00:49:049		1.12303e+07		-5.34786		0		0		2.95543e+06		685.794		
00:00:48:799		1.12512e+07		-5.32855		0		0		2.96183e+06		687.917		
00:00:48:799		1.12512e+07		-5.32855		0		0		2.96183e+06		687.917		
00:00:48:700		1.12594e+07		-5.3208		0		0		2.96451e+06		688.437		
00:00:48:600		1.12676e+07		-5.31302		0		0		2.96581e+06		689.144		
00:00:48:500		1.12757e+07		-5.30522		0		0		2.96767e+06		689.705		
00:00:48:399		1.12838e+07		-5.29739		0		0		2.96792e+06		687.891		
00:00:48:250		1.12958e+07		-5.28554		0		0		2.96772e+06		685.805		
00:00:48:100		1.1308e+07		-5.27358		0		0		2.97371e+06		687.515		
00:00:48:100		1.1308e+07		-5.27358		0		0		2.97371e+06		687.515		
00:00:48:000		1.13163e+07		-5.26556		0		0		2.98239e+06		690.168		
00:00:47:799		1.13328e+07		-5.24938		0		0		2.99661e+06		693.621		
00:00:47:799		1.13328e+07		-5.24938		0		0		2.99661e+06		693.621		
00:00:47:700		1.13411e+07		-5.24122		0		0		3.00249e+06		695.112		
00:00:47:600		1.13493e+07		-5.23303		0		0		3.0089e+06		697.952		
00:00:47:500		1.13576e+07		-5.2248		0		0		3.01563e+06		700.953		
00:00:47:399		1.13658e+07		-5.21654		0		0		3.0192e+06		700.231		
00:00:47:299		1.13739e+07		-5.20823		0		0		3.01936e+06		700.909		
00:00:47:200		1.1382e+07		-5.19988		0		0		3.022e+06		701.677		
00:00:47:100		1.139e+07		-5.1915		0		0		3.02306e+06		700.345		
00:00:46:899		1.14061e+07		-5.17461		0		0		3.02635e+06		699.722		
00:00:46:799		1.14141e+07		-5.16609		0		0		3.03252e+06		702.07		
00:00:46:799		1.14141e+07		-5.16609		0		0		3.03252e+06		702.07		
00:00:46:700		1.14222e+07		-5.15753		0		0		3.03985e+06		703.723		
00:00:46:600		1.14302e+07		-5.14893		0		0		3.04554e+06		705.219		
00:00:46:500		1.14383e+07		-5.14029		0		0		3.05132e+06		707.054		
00:00:46:350		1.14504e+07		-5.12729		0		0		3.06065e+06		711.315		
00:00:46:250		1.14584e+07		-5.11859		0		0		3.06399e+06		710.984		
00:00:46:149		1.14663e+07		-5.10987		0		0		3.06444e+06		711.537		
00:00:46:049		1.14742e+07		-5.10114		0		0		3.06539e+06		709.972		
00:00:45:950		1.14822e+07		-5.09239		0		0		3.0656e+06		709.871		
00:00:45:850		1.14901e+07		-5.08362		0		0		3.06878e+06		709.423		
00:00:45:799		1.14981e+07		-5.07484		0		0		3.07264e+06		709.555		
00:00:45:649		1.15061e+07		-5.06605		0		0		3.07919e+06		712.282		
00:00:45:549		1.15142e+07		-5.05725		0		0		3.08785e+06		714.376		
00:00:45:450		1.15222e+07		-5.04846		0		0		3.09452e+06		715.782		
00:00:45:350		1.15303e+07		-5.03965		0		0		3.10088e+06		717.821		
00:00:45:250		1.15384e+07		-5.03083		0		0		3.10799e+06		721.607		
00:00:45:149		1.15465e+07		-5.02199		0		0		3.11501e+06		723.908		
00:00:45:049		1.15546e+07		-5.01312		0		0		3.11634e+06		722.425		
00:00:44:950		1.15626e+07		-5.00424		0		0		3.11641e+06		723.206		
00:00:44:850		1.15706e+07		-4.99533		0		0		3.11861e+06		722.006		
00:00:44:750		1.15786e+07		-4.98638		0		0		3.1194e+06		721.926		
00:00:44:649		1.15866e+07		-4.9774		0		0		3.12315e+06		722.019		
00:00:44:549		1.15947e+07		-4.9684		0		0		3.1277e+06		723.106		
00:00:44:450		1.16027e+07		-4.95937		0		0		3.13445e+06		725.232		
00:00:44:350		1.16107e+07		-4.95032		0		0		3.14123e+06		726.814		
00:00:44:250		1.16187e+07		-4.94124		0		0		3.1475e+06		728.878		
00:00:44:149		1.16267e+07		-4.93212		0		0		3.15478e+06		732.782		
00:00:44:049		1.16347e+07		-4.92297		0		0		3.16198e+06		735.413		
00:00:43:950		1.16427e+07		-4.91381		0		0		3.16255e+06		732.265		
00:00:43:799		1.16547e+07		-4.9		0		0		3.16093e+06		731.304		
00:00:43:799		1.16547e+07		-4.9		0		0		3.16093e+06		731.304		
00:00:43:700		1.16628e+07		-4.89075		0		0		3.16496e+06		732.182		
00:00:43:600		1.16709e+07		-4.88148		0		0		3.16995e+06		732.88		
00:00:43:500		1.16789e+07		-4.87221		0		0		3.17509e+06		733.621		
00:00:43:399		1.16868e+07		-4.86291		0		0		3.18137e+06		735.523		
00:00:43:200		1.17027e+07		-4.84421		0		0		3.1956e+06		739.457		
00:00:43:200		1.17027e+07		-4.84421		0		0		3.1956e+06		739.457		
00:00:43:100		1.17106e+07		-4.83481		0		0		3.203e+06		743.51		
00:00:43:000		1.17187e+07		-4.82537		0		0		3.21035e+06		747.021		
00:00:42:799		1.17348e+07		-4.80643		0		0		3.20808e+06		741.399		
00:00:42:799		1.17348e+07		-4.80643		0		0		3.20808e+06		741.399		
00:00:42:700		1.17428e+07		-4.79692		0		0		3.20964e+06		742.398		
00:00:42:600		1.17508e+07		-4.78739		0		0		3.21541e+06		743.277		
00:00:42:500		1.17588e+07		-4.77784		0		0		3.2212e+06		743.991		
00:00:42:399		1.17667e+07		-4.76827		0		0		3.22749e+06		745.477		
00:00:42:299		1.17746e+07		-4.75866		0		0		3.2352e+06		747.811		
00:00:42:200		1.17825e+07		-4.74903		0		0		3.24308e+06		750.038		
00:00:42:100		1.17905e+07		-4.73937		0		0		3.25077e+06		754.453		
00:00:42:000		1.17984e+07		-4.72968		0		0		3.25884e+06		758.304		
00:00:41:799		1.18144e+07		-4.71027		0		0		3.25616e+06		752.563		
00:00:41:799		1.18144e+07		-4.71027		0		0		3.25616e+06		752.563		
00:00:41:700		1.18224e+07		-4.70055		0		0		3.25623e+06		752.474		
00:00:41:600		1.18303e+07		-4.69081		0		0		3.26159e+06		753.546		
00:00:41:450		1.18423e+07		-4.67619		0		0		3.27081e+06		754.958		
00:00:41:399		1.18462e+07		-4.67131		0		0		3.27415e+06		755.746		
00:00:41:299		1.18542e+07		-4.66155		0		0		3.28199e+06		758.176		
00:00:41:200		1.18621e+07		-4.65179		0		0		3.29059e+06		760.669		
00:00:41:100		1.187e+07		-4.64205		0		0		3.2988e+06		765.21		
00:00:40:850		1.18893e+07		-4.61764		0		0		3.3074e+06		765.273		
00:00:40:750		1.1897e+07		-4.60783		0		0		3.30433e+06		762.87		
00:00:40:750		1.1897e+07		-4.60783		0		0		3.30433e+06		762.87		
00:00:40:649		1.19047e+07		-4.59798		0		0		3.30651e+06		763.98		
00:00:40:549		1.19124e+07		-4.5881		0		0		3.31295e+06		765.079		
00:00:40:450		1.19201e+07		-4.57819		0		0		3.31912e+06		765.512		
00:00:40:350		1.19278e+07		-4.56825		0		0		3.32635e+06		767.522		
00:00:40:250		1.19354e+07		-4.55827		0		0		3.33563e+06		770.588		
00:00:40:149		1.19431e+07		-4.54824		0		0		3.34486e+06		774.217		
00:00:40:049		1.19507e+07		-4.53817		0		0		3.35381e+06		779.321		
00:00:39:950		1.19584e+07		-4.52807		0		0		3.35956e+06		779.264		
00:00:39:850		1.19661e+07		-4.51793		0		0		3.35701e+06		776.274		
00:00:39:750		1.19737e+07		-4.50776		0		0		3.35561e+06		774.293		
00:00:39:649		1.19814e+07		-4.49757		0		0		3.35872e+06		775.653		
00:00:39:549		1.19892e+07		-4.48737		0		0		3.36561e+06		776.625		
00:00:39:450		1.19969e+07		-4.47718		0		0		3.37207e+06		777.418		
00:00:39:350		1.20046e+07		-4.46699		0		0		3.37969e+06		779.802		
00:00:39:250		1.20123e+07		-4.4568		0		0		3.38952e+06		783.763		
00:00:39:149		1.20201e+07		-4.44661		0		0		3.3995e+06		788.885		
00:00:39:049		1.20278e+07		-4.43641		0		0		3.40805e+06		791.502		
00:00:38:950		1.20355e+07		-4.42622		0		0		3.40803e+06		788.618		
00:00:38:850		1.20433e+07		-4.41602		0		0		3.40553e+06		786.229		
00:00:38:850		1.20433e+07		-4.41602		0		0		3.40553e+06		786.229		
00:00:38:700		1.20549e+07		-4.40071		0		0		3.4089e+06		786.85		
00:00:38:600		1.20627e+07		-4.39049		0		0		3.41624e+06		788.008		
00:00:38:500		1.20705e+07		-4.38028		0		0		3.42315e+06		789.121		
00:00:38:399		1.20782e+07		-4.37007		0		0		3.43128e+06		791.681		
00:00:38:299		1.20859e+07		-4.35986		0		0		3.44168e+06		796.612		
00:00:38:200		1.20937e+07		-4.34962		0		0		3.45228e+06		801.867		
00:00:38:100		1.21014e+07		-4.33937		0		0		3.45773e+06		801.217		
00:00:38:000		1.21092e+07		-4.32911		0		0		3.45501e+06		798.661		
00:00:37:799		1.21247e+07		-4.3085		0		0		3.45715e+06		797.735		
00:00:37:799		1.21247e+07		-4.3085		0		0		3.45715e+06		797.735		
00:00:37:700		1.21324e+07		-4.29816		0		0		3.4646e+06		798.856		
00:00:37:600		1.21401e+07		-4.28781		0		10.5953		3.47185e+06		799.94		
00:00:37:500		1.21477e+07		-4.27747		0		0		3.48021e+06		802.936		
00:00:37:399		1.21553e+07		-4.26714		0		0		3.49111e+06		808.798		
00:00:37:299		1.21629e+07		-4.25682		0		0		3.50173e+06		813.098		
00:00:37:200		1.21705e+07		-4.24651		0		0		3.50464e+06		810.904		
00:00:37:100		1.21781e+07		-4.23621		0		0		3.50212e+06		809.016		
00:00:37:000		1.21857e+07		-4.22593		0		0		3.5026e+06		807.307		
00:00:36:799		1.22009e+07		-4.20547		0		0		3.51431e+06		809.935		
00:00:36:799		1.22009e+07		-4.20547		0		0		3.51431e+06		809.935		
00:00:36:600		1.22161e+07		-4.18512		0		0		3.53156e+06		816.229		
00:00:36:600		1.22161e+07		-4.18512		0		0		3.53156e+06		816.229		
00:00:36:500		1.22237e+07		-4.17497		0		0		3.54309e+06		822.11		
00:00:36:399		1.22313e+07		-4.16481		0		0		3.55055e+06		822.5		
00:00:36:299		1.22389e+07		-4.15462		0		11.2567		3.54895e+06		820.401		
00:00:36:200		1.22465e+07		-4.14439		0		0		3.54886e+06		818.607		
00:00:36:100		1.22541e+07		-4.13409		0		0		3.55084e+06		818.448		
00:00:35:899		1.22694e+07		-4.11327		0		0		3.56576e+06		821.376		
00:00:35:750		1.22809e+07		-4.09743		0		0		3.58029e+06		828.647		
00:00:35:750		1.22809e+07		-4.09743		0		0		3.58029e+06		828.647		
00:00:35:649		1.22885e+07		-4.08675		0		0		3.59196e+06		833.492		
00:00:35:600		1.22923e+07		-4.08138		0		0		3.5952e+06		832.985		
00:00:35:450		1.23038e+07		-4.06518		0		10.7634		3.59366e+06		830.144		
00:00:35:350		1.23114e+07		-4.05434		0		0		3.59497e+06		828.426		
00:00:35:250		1.23191e+07		-4.04353		0		0		3.59865e+06		829.284		
00:00:35:149		1.23267e+07		-4.03279		0		0		3.60699e+06		830.975		
00:00:35:049		1.23344e+07		-4.0222		0		0		3.61579e+06		833.886		
00:00:34:850		1.23497e+07		-4.00159		0		0		3.63724e+06		843.128		
00:00:34:750		1.23574e+07		-3.9916		0		3.53524		3.63804e+06		840.723		
00:00:34:750		1.23574e+07		-3.9916		0		3.53524		3.63804e+06		840.723		
00:00:34:649		1.23651e+07		-3.9818		0		0		3.63738e+06		839.398		
00:00:34:549		1.23728e+07		-3.97216		0		0		3.63944e+06		838.403		
00:00:34:450		1.23805e+07		-3.96262		0		0		3.64498e+06		840.085		
00:00:34:350		1.23882e+07		-3.95313		0		0		3.65422e+06		842.082		
00:00:34:250		1.23959e+07		-3.94365		0		0		3.66424e+06		847.348		
00:00:34:149		1.24036e+07		-3.93414		0		0		3.67588e+06		852.458		
00:00:34:049		1.24113e+07		-3.92456		0		0		3.6806e+06		850.88		
00:00:33:950		1.2419e+07		-3.91489		0		3.46914		3.67917e+06		849.369		
00:00:33:850		1.24267e+07		-3.90513		0		0		3.68096e+06		848.156		
00:00:33:750		1.24344e+07		-3.89528		0		0		3.68518e+06		848.742		
00:00:33:649		1.24422e+07		-3.88533		0		0		3.69414e+06		851.286		
00:00:33:549		1.24499e+07		-3.87529		0		0		3.70418e+06		856.345		
00:00:33:450		1.24576e+07		-3.86516		0		0		3.71591e+06		861.582		
00:00:33:299		1.24693e+07		-3.84981		0		0		3.72177e+06		859.545		
00:00:33:299		1.24693e+07		-3.84981		0		0		3.72177e+06		859.545		
00:00:33:149		1.24809e+07		-3.8343		0		0		3.72268e+06		857.678		
00:00:33:049		1.24887e+07		-3.82388		0		0		3.7266e+06		858.012		
00:00:32:950		1.24964e+07		-3.81339		0		0		3.73496e+06		860.559		
00:00:32:850		1.25042e+07		-3.80285		0		0		3.74513e+06		865.067		
00:00:32:700		1.25159e+07		-3.78695		0		0		3.76186e+06		871.805		
00:00:32:700		1.25159e+07		-3.78695		0		0		3.76186e+06		871.805		
00:00:32:500		1.25314e+07		-3.76562		0		0		3.76458e+06		868.226		
00:00:32:500		1.25314e+07		-3.76562		0		0		3.76458e+06		868.226		
00:00:32:350		1.2543e+07		-3.74955		0		0		3.76935e+06		867.822		
00:00:32:250		1.2551e+07		-3.73881		0		0		3.77751e+06		870.128		
00:00:32:149		1.25588e+07		-3.72805		0		0		3.78816e+06		874.176		
00:00:32:049		1.25666e+07		-3.71728		0		0		3.79957e+06		879.84		
00:00:31:899		1.25783e+07		-3.70109		0		0		3.80874e+06		879.508		
00:00:31:800		1.25861e+07		-3.69028		0		0		3.80821e+06		878.248		
00:00:31:800		1.25861e+07		-3.69028		0		0		3.80821e+06		878.248		
00:00:31:600		1.26018e+07		-3.66859		0		0		3.81609e+06		878.144		
00:00:31:600		1.26018e+07		-3.66859		0		0		3.81609e+06		878.144		
00:00:31:500		1.26097e+07		-3.65772		0		0		3.82593e+06		881.238		
00:00:31:399		1.26175e+07		-3.64683		0		0		3.83717e+06		886.734		
00:00:31:300		1.26254e+07		-3.63592		0		0		3.84899e+06		891.427		
00:00:31:199		1.26332e+07		-3.625		0		0		3.85364e+06		889.701		
00:00:31:100		1.26411e+07		-3.61405		0		0		3.85284e+06		888.107		
00:00:31:000		1.26489e+07		-3.60309		0		11.6716		3.85552e+06		887.069		
00:00:30:800		1.26646e+07		-3.5811		0		11.6716		3.87135e+06		891.941		
00:00:30:800		1.26646e+07		-3.5811		0		11.6716		3.87135e+06		891.941		
00:00:30:699		1.26725e+07		-3.57008		0		0		3.88303e+06		897.463		
00:00:30:600		1.26804e+07		-3.55904		0		0		3.89452e+06		901.323		
00:00:30:500		1.26882e+07		-3.54799		0		0		3.89819e+06		899.539		
00:00:30:350		1.27e+07		-3.53135		0		11.2244		3.89957e+06		897.683		
00:00:30:300		1.27039e+07		-3.52579		0		0		3.90131e+06		897.255		
00:00:30:199		1.27118e+07		-3.51466		0		0		3.90718e+06		898.703		
00:00:30:000		1.27276e+07		-3.49235		0		0		3.92956e+06		907.669		
00:00:30:000		1.27276e+07		-3.49235		0		0		3.92956e+06		907.669		
00:00:29:800		1.27434e+07		-3.46996		0		0		3.94589e+06		910.332		
00:00:29:800		1.27434e+07		-3.46996		0		0		3.94589e+06		910.332		
00:00:29:699		1.27514e+07		-3.45872		0		0		3.94602e+06		908.951		
00:00:29:600		1.27593e+07		-3.44747		0		0		3.94918e+06		908.163		
00:00:29:500		1.27673e+07		-3.43619		0		0		3.95528e+06		909.257		
00:00:29:399		1.27754e+07		-3.42489		0		0		3.96604e+06		912.924		
00:00:29:250		1.27874e+07		-3.4079		0		0		3.98436e+06		920.862		
00:00:29:149		1.27955e+07		-3.39655		0		0		3.99332e+06		922.144		
00:00:29:050		1.28035e+07		-3.38516		0		11.4176		3.9951e+06		920.281		
00:00:28:850		1.28197e+07		-3.36229		0		0		4.00264e+06		919.74		
00:00:28:750		1.28278e+07		-3.35081		0		0		4.01128e+06		922.803		
00:00:28:750		1.28278e+07		-3.35081		0		0		4.01128e+06		922.803		
00:00:28:649		1.28359e+07		-3.3393		0		0		4.02325e+06		926.83		
00:00:28:550		1.2844e+07		-3.32776		0		0		4.03424e+06		930.829		
00:00:28:449		1.28522e+07		-3.3162		0		0		4.0427e+06		931.903		
00:00:28:350		1.28604e+07		-3.30462		0		0		4.04651e+06		930.389		
00:00:28:250		1.28685e+07		-3.29302		0		9.93773		4.05163e+06		932.034		
00:00:28:149		1.28767e+07		-3.28141		0		11.8595		4.06124e+06		935.828		
00:00:28:050		1.28849e+07		-3.26976		0		0		4.07171e+06		938.548		
00:00:27:949		1.28931e+07		-3.2581		0		0		4.07807e+06		939.219		
00:00:27:850		1.29013e+07		-3.2464		0		0		4.08417e+06		941.183		
00:00:27:750		1.29096e+07		-3.23468		0		9.93773		4.09063e+06		940.508		
00:00:27:750		1.29096e+07		-3.23468		0		9.93773		4.09063e+06		940.508		
00:00:27:550		1.29262e+07		-3.21117		0		0		4.1062e+06		945.911		
00:00:27:449		1.29345e+07		-3.19938		0		0		4.11474e+06		947.587		
00:00:27:350		1.29428e+07		-3.18756		0		0		4.12201e+06		950.858		
00:00:27:250		1.29512e+07		-3.17572		0		0		4.1293e+06		951.463		
00:00:27:149		1.29596e+07		-3.16387		0		0		4.13346e+06		952.038		
00:00:27:050		1.29679e+07		-3.152		0		0		4.13907e+06		952.488		
00:00:26:949		1.29763e+07		-3.1401		0		0		4.14512e+06		954.442		
00:00:26:850		1.29847e+07		-3.12818		0		0		4.15267e+06		955.836		
00:00:26:750		1.29931e+07		-3.11624		0		0		4.15916e+06		957.045		
00:00:26:649		1.30016e+07		-3.10427		0		0		4.16635e+06		959.052		
00:00:26:500		1.30142e+07		-3.08627		0		10.0787		4.17846e+06		963.411		
00:00:26:500		1.30142e+07		-3.08627		0		10.0787		4.17846e+06		963.411		
00:00:26:399		1.30227e+07		-3.07424		0		11.4815		4.1848e+06		962.208		
00:00:26:300		1.30312e+07		-3.06219		0		10.7634		4.18856e+06		963.932		
00:00:26:199		1.30398e+07		-3.05012		0		10.3566		4.19708e+06		965.987		
00:00:26:100		1.30483e+07		-3.03802		0		11.0286		4.20404e+06		966.563		
00:00:26:000		1.30569e+07		-3.0259		0		10.9627		4.21035e+06		967.495		
00:00:25:800		1.3074e+07		-3.0016		0		10.0787		4.22913e+06		975.135		
00:00:25:800		1.3074e+07		-3.0016		0		10.0787		4.22913e+06		975.135		
00:00:25:699		1.30825e+07		-2.98942		0		11.4815		4.23851e+06		975.665		
00:00:25:600		1.30911e+07		-2.97721		0		11.3535		4.24101e+06		975.074		
00:00:25:500		1.30997e+07		-2.96497		0		11.4815		4.24677e+06		976.545		
00:00:25:399		1.31084e+07		-2.95271		0		11.6085		4.25422e+06		977.9		
00:00:25:300		1.3117e+07		-2.94041		0		12.1676		4.2622e+06		979.113		
00:00:25:199		1.31257e+07		-2.9281		0		12.8257		4.271e+06		981.971		
00:00:25:050		1.31388e+07		-2.90956		0		0		4.28639e+06		987.964		
00:00:25:000		1.31431e+07		-2.90337		0		11.6085		4.2915e+06		989		
00:00:24:800		1.31606e+07		-2.87852		0		12.2286		4.30076e+06		988.406		
00:00:24:800		1.31606e+07		-2.87852		0		12.2286		4.30076e+06		988.406		
00:00:24:699		1.31694e+07		-2.86605		0		12.1676		4.308e+06		989.852		
00:00:24:600		1.31782e+07		-2.85355		0		12.8257		4.31617e+06		991.375		
00:00:24:500		1.3187e+07		-2.84102		0		13.1164		4.32477e+06		993.32		
00:00:24:399		1.32003e+07		-2.82215		0		0		4.34022e+06		998.805		
00:00:24:250		1.32091e+07		-2.80953		0		0		4.35043e+06		1002.02		
00:00:24:149		1.3218e+07		-2.79688		0		0		4.3559e+06		1000.79		
00:00:24:050		1.32269e+07		-2.7842		0		0		4.36012e+06		1001.66		
00:00:24:000		1.32314e+07		-2.77784		0		13.0007		4.36364e+06		1002.4		
00:00:23:750		1.32538e+07		-2.74597		0		0		4.38474e+06		1006.71		
00:00:23:750		1.32538e+07		-2.74597		0		0		4.38474e+06		1006.71		
00:00:23:699		1.32628e+07		-2.73317		0		10.7634		4.39495e+06		1010.21		
00:00:23:550		1.32718e+07		-2.72035		0		0		4.40553e+06		1014.53		
00:00:23:449		1.32809e+07		-2.7075		0		10.2183		4.41458e+06		1014.65		
00:00:23:350		1.329e+07		-2.69462		0		10.4252		4.41787e+06		1014.57		
00:00:23:250		1.32991e+07		-2.68169		0		10.4935		4.4244e+06		1015.93		
00:00:23:149		1.33083e+07		-2.66874		0		10.4252		4.43267e+06		1017.63		
00:00:23:050		1.33175e+07		-2.65574		0		11.0286		4.44155e+06		1019.26		
00:00:22:949		1.33267e+07		-2.64272		0		11.6085		4.45089e+06		1022.46		
00:00:22:850		1.33359e+07		-2.62965		0		13.6275		4.46203e+06		1026.51		
00:00:22:750		1.33452e+07		-2.61655		0		16.9038		4.47251e+06		1029.09		
00:00:22:649		1.33545e+07		-2.6034		0		10.9627		4.47802e+06		1028.19		
00:00:22:550		1.33638e+07		-2.59022		0		11.0286		4.48292e+06		1029.16		
00:00:22:449		1.33731e+07		-2.57698		0		11.2244		4.49085e+06		1030.61		
00:00:22:350		1.33824e+07		-2.56371		0		0		4.49971e+06		1032.36		
00:00:22:250		1.33918e+07		-2.5504		0		0		4.5089e+06		1034.31		
00:00:22:149		1.34012e+07		-2.53705		0		0		4.51936e+06		1038.1		
00:00:22:050		1.34107e+07		-2.52367		0		0		4.53056e+06		1042.65		
00:00:21:850		1.34295e+07		-2.4968		0		0		4.54332e+06		1042.46		
00:00:21:750		1.3439e+07		-2.48331		0		0		4.55045e+06		1043.94		
00:00:21:750		1.3439e+07		-2.48331		0		0		4.55045e+06		1043.94		
00:00:21:649		1.34484e+07		-2.4698		0		0		4.55917e+06		1045.74		
00:00:21:550		1.34579e+07		-2.45624		0		0		4.56848e+06		1047.42		
00:00:21:449		1.34673e+07		-2.44265		0		13.0586		4.57816e+06		1050.55		
00:00:21:350		1.34768e+07		-2.42901		0		11.7345		4.58978e+06		1054.89		
00:00:21:250		1.34863e+07		-2.41533		0		12.2893		4.60037e+06		1057.02		
00:00:21:100		1.35007e+07		-2.39471		0		0		4.60785e+06		1056.77		
00:00:21:050		1.35054e+07		-2.38781		0		12.6488		4.61141e+06		1057.51		
00:00:20:850		1.35247e+07		-2.36011		0		10.2876		4.62931e+06		1061.11		
00:00:20:850		1.35247e+07		-2.36011		0		10.2876		4.62931e+06		1061.11		
00:00:20:750		1.35344e+07		-2.34619		0		10.8302		4.63892e+06		1063.29		
00:00:20:649		1.35441e+07		-2.33223		0		10.1487		4.65001e+06		1067.41		
00:00:20:550		1.35539e+07		-2.31822		0		0		4.66156e+06		1071.44		
00:00:20:449		1.35637e+07		-2.30416		0		10.1487		4.66967e+06		1070.81		
00:00:20:350		1.35735e+07		-2.29005		0		10.2876		4.67411e+06		1071.49		
00:00:20:250		1.35883e+07		-2.2688		0		10.3566		4.68663e+06		1074.07		
00:00:20:250		1.35883e+07		-2.2688		0		10.3566		4.68663e+06		1074.07		
00:00:20:100		1.35982e+07		-2.25458		0		11.0286		4.69612e+06		1075.92		
00:00:20:000		1.36081e+07		-2.24031		0		11.2891		4.70589e+06		1078.13		
00:00:19:800		1.36279e+07		-2.21169		0		10.5614		4.72895e+06		1086.3		
00:00:19:800		1.36279e+07		-2.21169		0		10.5614		4.72895e+06		1086.3		
00:00:19:699		1.36379e+07		-2.19732		0		11.0286		4.73703e+06		1085.66		
00:00:19:600		1.3648e+07		-2.18292		0		11.0941		4.7418e+06		1086.43		
00:00:19:500		1.3658e+07		-2.16849		0		11.1594		4.75006e+06		1088.18		
00:00:19:399		1.36681e+07		-2.15404		0		11.0941		4.75954e+06		1090.14		
00:00:19:300		1.36782e+07		-2.13959		0		11.9834		4.76949e+06		1091.94		
00:00:19:199		1.36882e+07		-2.12512		0		12.1065		4.77984e+06		1095.41		
00:00:19:100		1.36983e+07		-2.11066		0		11.0941		4.79221e+06		1099.94		
00:00:19:000		1.37084e+07		-2.09621		0		11.4176		4.80296e+06		1101.5		
00:00:18:800		1.37288e+07		-2.06736		0		11.7345		4.81496e+06		1102.6		
00:00:18:800		1.37288e+07		-2.06736		0		11.7345		4.81496e+06		1102.6		
00:00:18:649		1.37441e+07		-2.04579		0		11.9216		4.82896e+06		1105.53		
00:00:18:550		1.37544e+07		-2.03144		0		12.7669		4.83898e+06		1107.34		
00:00:18:449		1.37647e+07		-2.01713		0		12.9425		4.84933e+06		1110.71		
00:00:18:350		1.3775e+07		-2.00287		0		11.8595		4.86172e+06		1115.24		
00:00:18:250		1.37854e+07		-1.98866		0		12.3497		4.87256e+06		1116.74		
00:00:18:100		1.38011e+07		-1.96744		0		12.7079		4.88084e+06		1117.14		
00:00:18:100		1.38011e+07		-1.96744		0		12.7079		4.88084e+06		1117.14		
00:00:18:000		1.38116e+07		-1.95336		0		12.8257		4.88934e+06		1118.96		
00:00:17:800		1.38327e+07		-1.92538		0		13.9051		4.90927e+06		1122.93		
00:00:17:800		1.38327e+07		-1.92538		0		13.9051		4.90927e+06		1122.93		
00:00:17:600		1.38539e+07		-1.89767		0		12.9425		4.93218e+06		1130.77		
00:00:17:600		1.38539e+07		-1.89767		0		12.9425		4.93218e+06		1130.77		
00:00:17:500		1.38645e+07		-1.88393		0		13.4588		4.94309e+06		1132.12		
00:00:17:399		1.38753e+07		-1.87026		0		13.7391		4.94837e+06		1132.06		
00:00:17:300		1.38861e+07		-1.85666		0		13.9051		4.95573e+06		1133.57		
00:00:17:199		1.38969e+07		-1.84315		0		13.9602		4.96524e+06		1135.53		
00:00:17:100		1.39079e+07		-1.82972		0		14.6076		4.97535e+06		1137.59		
00:00:17:000		1.39188e+07		-1.81634		0		15.2843		4.98572e+06		1139.74		
00:00:16:800		1.3941e+07		-1.78966		0		14.5012		5.00974e+06		1147.98		
00:00:16:800		1.3941e+07		-1.78966		0		14.5012		5.00974e+06		1147.98		
00:00:16:649		1.3958e+07		-1.76968		0		15.0269		5.02036e+06		1147.79		
00:00:16:550		1.39694e+07		-1.75632		0		15.2331		5.02796e+06		1149.34		
00:00:16:449		1.39811e+07		-1.74293		0		15.3863		5.03765e+06		1151.35		
00:00:16:350		1.39929e+07		-1.72948		0		16.1349		5.048e+06		1153.43		
00:00:16:250		1.40048e+07		-1.71596		0		16.5709		5.05862e+06		1155.9		
00:00:16:149		1.40171e+07		-1.70235		0		15.5384		5.07077e+06		1160.85		
00:00:16:100		1.40233e+07		-1.69551		0		15.5384		5.07745e+06		1162.91		
00:00:15:949		1.40425e+07		-1.67481		0		16.3299		5.0899e+06		1163.11		
00:00:15:849		1.40558e+07		-1.66088		0		16.5709		5.09677e+06		1164.29		
00:00:15:750		1.40694e+07		-1.64688		0		16.8092		5.10645e+06		1166.36		
00:00:15:650		1.40831e+07		-1.63278		0		17.7814		5.11714e+06		1168.7		
00:00:15:550		1.40968e+07		-1.61858		0		17.1849		5.12833e+06		1172.02		
00:00:15:449		1.41104e+07		-1.60425		0		17.2313		5.14097e+06		1176.36		
00:00:15:349		1.41239e+07		-1.58978		0		17.5996		5.15059e+06		1176.33		
00:00:15:250		1.41372e+07		-1.57512		0		18.096		5.15751e+06		1177.84		
00:00:15:150		1.41501e+07		-1.56022		0		18.5814		5.16715e+06		1179.79		
00:00:15:050		1.41621e+07		-1.54506		0		18.362		5.17776e+06		1182.97		
00:00:14:949		1.41731e+07		-1.52974		0		18.6685		5.18931e+06		1185.72		
00:00:14:849		1.41839e+07		-1.51437		0		18.8849		5.19885e+06		1186.92		
00:00:14:750		1.41947e+07		-1.49895		0		19.1419		5.20849e+06		1189.04		
00:00:14:650		1.42054e+07		-1.48345		0		19.3116		5.21893e+06		1191.38		
00:00:14:550		1.42162e+07		-1.46791		0		19.4801		5.22973e+06		1193.99		
00:00:14:449		1.42269e+07		-1.45231		0		19.8135		5.24047e+06		1196.14		
00:00:14:349		1.42375e+07		-1.43671		0		20.0606		5.25071e+06		1198.34		
00:00:14:250		1.42484e+07		-1.42103		0		20.3456		5.26126e+06		1200.63		
00:00:14:150		1.42591e+07		-1.40533		0		20.507		5.27194e+06		1203		
00:00:14:050		1.42698e+07		-1.38958		0		20.7869		5.28271e+06		1205.3		
00:00:13:849		1.42911e+07		-1.35791		0		21.2984		5.30417e+06		1209.92		
00:00:13:849		1.42911e+07		-1.35791		0		21.2984		5.30417e+06		1209.92		
00:00:13:699		1.43068e+07		-1.33404		0		21.6466		5.32052e+06		1213.46		
00:00:13:699		1.43068e+07		-1.33404		0		21.6466		5.32052e+06		1213.46		
00:00:13:599		1.43172e+07		-1.31818		0		21.8761		5.33148e+06		1215.81		
00:00:13:500		1.4328e+07		-1.30227		0.0662941		22.1413		5.34252e+06		1218.19		
00:00:13:400		1.43388e+07		-1.28631		0.198973		22.329		5.35363e+06		1220.59		
00:00:13:300		1.43496e+07		-1.2703		0.330851		22.5897		5.3648e+06		1223		
00:00:13:199		1.43603e+07		-1.25423		0.461297		22.8111		5.37605e+06		1225.43		
00:00:13:050		1.43763e+07		-1.23003		0.652724		23.1761		5.39302e+06		1229.06		
00:00:12:949		1.43869e+07		-1.21382		0.776625		23.4287		5.40441e+06		1231.5		
00:00:12:849		1.43974e+07		-1.19756		0.896811		23.6433		5.41589e+06		1233.96		
00:00:12:750		1.44079e+07		-1.18124		1.01284		23.8917		5.42746e+06		1236.43		
00:00:12:650		1.44182e+07		-1.16486		1.1243		24.1028		5.43911e+06		1238.92		
00:00:12:550		1.44283e+07		-1.14842		1.23083		24.2775		5.45085e+06		1241.43		
00:00:12:400		1.4443e+07		-1.12365		1.38089		24.5893		5.46863e+06		1245.21		
00:00:12:400		1.4443e+07		-1.12365		1.38089		24.5893		5.46863e+06		1245.21		
00:00:12:199		1.44628e+07		-1.09073		1.56242		24.9999		5.49271e+06		1250.33		
00:00:12:199		1.44628e+07		-1.09073		1.56242		24.9999		5.49271e+06		1250.33		
00:00:12:000		1.44842e+07		-1.05763		1.72173		25.3376		5.51724e+06		1255.55		
00:00:12:000		1.44842e+07		-1.05763		1.72173		25.3376		5.51724e+06		1255.55		
00:00:11:800		1.45033e+07		-1.02413		1.85953		25.7046		5.54225e+06		1260.87		
00:00:11:800		1.45033e+07		-1.02413		1.85953		25.7046		5.54225e+06		1260.87		
00:00:11:599		1.45213e+07		-0.990194		1.99206		27.0977		5.56773e+06		1266.26		
00:00:11:599		1.45213e+07		-0.990194		1.99206		27.0977		5.56773e+06		1266.26		
00:00:11:500		1.45286e+07		-0.973124		2.05531		35.0432		5.58066e+06		1269.01		
00:00:11:400		1.4536e+07		-0.95618		2.12337		40.7521		5.59375e+06		1271.79		
00:00:11:300		1.45436e+07		-0.939403		2.19143		45.0134		5.60698e+06		1274.6		
00:00:11:199		1.45517e+07		-0.922811		2.24689		48.2776		5.62036e+06		1277.44		
00:00:11:099		1.45604e+07		-0.906428		2.3027		50.8315		5.63388e+06		1280.32		
00:00:11:000		1.4575e+07		-0.88224		2.37018		53.6993		5.65443e+06		1284.73		
00:00:10:750		1.45967e+07		-0.850316		2.45188		56.268		5.68228e+06		1290.78		
00:00:10:750		1.45967e+07		-0.850316		2.45188		56.268		5.68228e+06		1290.78		
00:00:10:650		1.46076e+07		-0.834374		2.48926		57.1914		5.69631e+06		1293.83		
00:00:10:550		1.46184e+07		-0.818437		2.5247		58.0218		5.71034e+06		1296.87		
00:00:10:449		1.46292e+07		-0.802505		2.55833		58.7629		5.7244e+06		1299.93		
00:00:10:349		1.46401e+07		-0.786582		2.59026		59.3867		5.73852e+06		1303.07		
00:00:10:250		1.46509e+07		-0.770675		2.62101		59.9584		5.75272e+06		1306.52		
00:00:10:150		1.46617e+07		-0.754788		2.65075		60.4182		5.76703e+06		1309.22		
00:00:10:050		1.46725e+07		-0.738925		2.6775		60.814		5.78145e+06		1312.76		
00:00:09:949		1.46832e+07		-0.723089		2.70293		61.1018		5.79595e+06		1315.59		
00:00:09:849		1.4694e+07		-0.70728		2.72717		61.2828		5.81049e+06		1318.49		
00:00:09:750		1.47047e+07		-0.691501		2.74993		61.5535		5.82501e+06		1321.62		
00:00:09:650		1.47153e+07		-0.675776		2.77081		61.7932		5.83949e+06		1324.73		
00:00:09:550		1.4726e+07		-0.660093		2.79085		62.0022		5.85401e+06		1327.86		
00:00:09:449		1.47366e+07		-0.644454		2.80997		62.1808		5.86858e+06		1331.01		
00:00:09:349		1.47472e+07		-0.628864		2.82823		62.3293		5.8832e+06		1334.19		
00:00:09:250		1.47577e+07		-0.613325		2.84556		62.4626		5.89787e+06		1337.4		
00:00:09:150		1.47683e+07		-0.597842		2.86177		62.5661		5.91253e+06		1340.7		
00:00:09:050		1.47788e+07		-0.582425		2.87705		62.6547		5.92722e+06		1344.38		
00:00:08:949		1.47892e+07		-0.567072		2.89166		62.7137		5.94195e+06		1346.75		
00:00:08:849		1.47997e+07		-0.551787		2.90622		62.8022		5.95672e+06		1349.91		
00:00:08:750		1.48101e+07		-0.536568		2.92025		62.8757		5.97155e+06		1353.11		
00:00:08:650		1.48205e+07		-0.521425		2.9329		62.9493		5.98643e+06		1356.33		
00:00:08:550		1.48308e+07		-0.506366		2.94454		62.9639		6.00136e+06		1359.61		
00:00:08:449		1.48412e+07		-0.491394		2.95612		62.8905		6.0163e+06		1362.93		
00:00:08:349		1.48515e+07		-0.476518		2.96697		62.5957		6.03117e+06		1366.26		
00:00:08:250		1.48618e+07		-0.461737		2.97676		62.3441		6.04583e+06		1369.64		
00:00:08:150		1.4872e+07		-0.447062		2.98564		62.2551		6.06024e+06		1372.05		
00:00:08:050		1.48823e+07		-0.432487		2.9945		62.3144		6.07465e+06		1374.91		
00:00:07:799		1.49079e+07		-0.396493		3.01488		62.0767		6.11204e+06		1382.83		
00:00:07:799		1.49079e+07		-0.396493		3.01488		62.0767		6.11204e+06		1382.83		
00:00:07:700		1.49182e+07		-0.38229		3.02151		61.8231		6.12774e+06		1385.43		
00:00:07:599		1.49284e+07		-0.368204		3.02783		61.5235		6.14381e+06		1388.6		
00:00:07:599		1.49284e+07		-0.368204		3.02783		61.5235		6.14381e+06		1388.6		
00:00:07:500		1.49386e+07		-0.354244		3.03385		61.1924		6.16026e+06		1391.83		
00:00:07:400		1.49489e+07		-0.340425		3.03922		60.7077		6.17721e+06		1395.24		
00:00:07:299		1.49592e+07		-0.326732		3.04513		59.8198		6.19478e+06		1398.88		
00:00:07:200		1.49695e+07		-0.313161		3.05139		58.8881		6.21287e+06		1402.67		
00:00:07:099		1.49799e+07		-0.299701		3.05658		57.7675		6.23133e+06		1406.6		
00:00:07:000		1.49904e+07		-0.28637		3.06018		56.5124		6.25006e+06		1410.6		
00:00:06:799		1.50116e+07		-0.260139		3.06347		53.6993		6.28772e+06		1418.58		
00:00:06:799		1.50116e+07		-0.260139		3.06347		53.6993		6.28772e+06		1418.58		
00:00:06:700		1.50223e+07		-0.247214		3.06546		52.2137		6.3066e+06		1422.57		
00:00:06:599		1.50333e+07		-0.234406		3.06764		50.6877		6.32555e+06		1426.67		
00:00:06:500		1.50443e+07		-0.221699		3.06806		49.0251		6.34462e+06		1431.08		
00:00:06:400		1.50556e+07		-0.209069		3.06774		47.1165		6.3638e+06		1434.46		
00:00:06:299		1.5067e+07		-0.196504		3.06653		44.7113		6.38305e+06		1438.39		
00:00:06:200		1.50782e+07		-0.18389		3.06525		41.7955		6.40231e+06		1442.2		
00:00:06:099		1.50881e+07		-0.171174		3.06415		40.9277		6.42162e+06		1445.86		
00:00:06:000		1.50969e+07		-0.158575		3.06159		40.2211		6.44111e+06		1449.51		
00:00:05:799		1.51147e+07		-0.133949		3.0532		35.7676		6.48156e+06		1456.19		
00:00:05:799		1.51147e+07		-0.133949		3.0532		35.7676		6.48156e+06		1456.19		
00:00:05:700		1.51238e+07		-0.121919		3.04739		33.4998		6.5019e+06		1457.58		
00:00:05:599		1.51331e+07		-0.110091		3.04169		31.4205		6.52195e+06		1455.03		
00:00:05:500		1.51426e+07		-0.0984616		3.0347		29.5062		6.54136e+06		1443.06		
00:00:05:400		1.51523e+07		-0.0870185		3.02456		27.7558		6.55972e+06		1399.84		
00:00:05:250		1.51673e+07		-0.0701804		3.00826		25.4381		6.58491e+06		1312.55		
00:00:05:150		1.51774e+07		-0.0591416		2.99782		24.1028		6.60027e+06		1259.02		
00:00:05:049		1.51877e+07		-0.0482373		2.98726		22.8845		6.6146e+06		1210.11		
00:00:04:950		1.51978e+07		-0.0374832		2.97555		21.7998		6.628e+06		1165.75		
00:00:04:849		1.52079e+07		-0.0269074		2.96114		21.2204		6.64056e+06		1125.97		
00:00:04:750		1.5218e+07		-0.0164971		2.94549		23.2846		6.65236e+06		1090.5		
00:00:04:650		1.5228e+07		-0.00625706		2.93149		32.3262		6.66348e+06		1058.99		
00:00:04:549		1.52379e+07		0.00381422		2.91957		41.2985		6.67399e+06		1031.07		
00:00:04:450		1.52478e+07		0.0137157		2.90559		49.2474		6.68394e+06		1006.4		
00:00:04:349		1.52576e+07		0.0234375		2.88555		56.6585		6.69339e+06		984.359		
00:00:04:250		1.52675e+07		0.0329561		2.86293		63.6799		6.70243e+06		964.696		
00:00:04:150		1.52772e+07		0.0422297		2.84363		70.4749		6.71108e+06		947.194		
00:00:04:049		1.52868e+07		0.0512567		2.8345		77.149		6.71938e+06		931.342		
00:00:03:950		1.52964e+07		0.0600519		2.82384		83.6737		6.72733e+06		916.731		
00:00:03:850		1.53059e+07		0.0686407		2.79898		90.0592		6.73493e+06		902.899		
00:00:03:750		1.53156e+07		0.0770264		2.76409		96.2635		6.74218e+06		889.344		
00:00:03:649		1.53254e+07		0.0851722		2.73506		102.3		6.74909e+06		875.205		
00:00:03:500		1.53402e+07		0.096735		2.74784		111.239		6.75883e+06		852.794		
00:00:03:500		1.53402e+07		0.096735		2.74784		111.239		6.75883e+06		852.794		
00:00:03:399		1.53496e+07		0.103836		2.74369		116.967		6.76495e+06		839.024		
00:00:03:200		1.53539e+07		0.107189		2.72134		119.66		6.7679e+06		832.499		
00:00:03:200		1.53652e+07		0.116591		2.59512		127.341		6.77642e+06		814.412		
00:00:03:100		1.53725e+07		0.122559		2.58489		132.725		6.78188e+06		803.823		
00:00:03:000		1.53806e+07		0.12858		2.70137		138.603		6.78726e+06		794.982		
00:00:02:899		1.53895e+07		0.134432		2.77326		145.641		6.79268e+06		788.457		
00:00:02:700		1.54074e+07		0.145399		2.83258		179.715		6.80415e+06		787.127		
00:00:02:700		1.54074e+07		0.145399		2.83258		179.715		6.80415e+06		787.127		
00:00:02:600		1.54165e+07		0.150543		2.85179		218.851		6.81063e+06		797.034		
00:00:02:500		1.54259e+07		0.155413		2.86461		264.492		6.81797e+06		819.153		
00:00:02:399		1.54357e+07		0.159894		2.87169		310.008		6.82645e+06		858.562		
00:00:02:299		1.54457e+07		0.163821		2.87464		352.728		6.8362e+06		918.299		
00:00:02:200		1.54553e+07		0.167044		2.87675		391.271		6.84695e+06		974.779		
00:00:02:100		1.54637e+07		0.169479		2.87664		425.089		6.85831e+06		1004.76		
00:00:02:000		1.54702e+07		0.171137		2.8736		454.323		6.87012e+06		1028.25		
00:00:01:800		1.54771e+07		0.17262		2.85674		499.267		6.89383e+06		1034.31		
00:00:01:699		1.54782e+07		0.17281		2.8464		512.743		6.90505e+06		1024.71		
00:00:01:699		1.54782e+07		0.17281		2.8464		512.743		6.90505e+06		1024.71		
00:00:01:600		1.54786e+07		0.172857		2.83814		520.438		6.91529e+06		1014.26		
00:00:01:399		1.54787e+07		0.172846		2.83575		529.068		6.93698e+06		986.025		
00:00:01:399		1.54787e+07		0.172846		2.83575		529.068		6.93698e+06		986.025		
00:00:01:300		1.54786e+07		0.17284		2.83548		530.166		6.94709e+06		961.379		
00:00:01:199		1.54786e+07		0.172839		2.83566		530.219		6.95556e+06		923.312		
00:00:01:100		1.54786e+07		0.172839		2.83576		530.193		6.96162e+06		863.634		
00:00:01:000		1.54786e+07		0.172839		2.83566		530.197		6.96463e+06		770.543		
00:00:00:800		1.54786e+07		0.172839		2.8357		530.203		6.96486e+06		526.824		
00:00:00:800		1.54786e+07		0.172839		2.8357		530.203		6.96486e+06		526.824		
00:00:00:699		1.54786e+07		0.17284		2.8357		530.204		6.96486e+06		526.824		
00:00:00:599		1.54786e+07		0.17284		2.83569		530.208		6.96486e+06		526.824		
00:00:00:450		1.54786e+07		0.17284		2.83569		530.212		6.96485e+06		526.826		
00:00:00:349		1.54786e+07		0.17284		2.83573		530.216		6.96485e+06		526.826		
00:00:00:250		1.54786e+07		0.17284		2.83572		530.219		6.96484e+06		526.827		
00:00:00:149		1.54785e+07		0.17284		2.83572		530.221		6.96484e+06		526.827		
00:00:00:050		1.54785e+07		0.17284		2.83567		530.223		6.96484e+06		526.826		
00:00:00:000		1.54785e+07		0.17284		2.83571		530.225		6.96483e+06		526.826		
00:00:00:000		1.54785e+07		0.17284		2.83571		530.225		6.96483e+06		526.826		
00:00:00:000		1.54785e+07		0.17284		2.83571		530.225		6.96483e+06		526.826		
00:00:00:000		1.54785e+07		0.17284		2.83571		530.225		6.96483e+06		526.826		
00:00:00:000		1.54785e+07		0.17284		2.83571		530.225		6.96483e+06		526.826		
00:00:00:000		1.54785e+07		0.17284		2.83571		530.225		6.96483e+06		526.826		
