	time 		gpv001pnt10113ppntm	evf507ety101mpzoyout	chtcon(1)	chavg(1)	chlhsumpa	rcptavgn	
00:01:17:200		1.44328e+06		308.511		130.383		0		3		264.342		
00:01:17:099		1.44329e+06		308.511		130.383		0		3		264.37		
00:01:17:049		1.44329e+06		308.511		130.383		0		3		264.382		
00:01:16:950		1.4433e+06		308.267		130.378		0		3		264.405		
00:01:16:750		1.44332e+06		308.021		130.378		0		3		264.454		
00:01:16:650		1.44333e+06		308.021		130.373		0		3		264.478		
00:01:16:650		1.44333e+06		308.021		130.373		0		3		264.478		
00:01:16:549		1.44334e+06		308.021		130.373		0		3		264.503		
00:01:16:450		1.44334e+06		307.771		130.369		0		3		264.528		
00:01:16:299		1.44336e+06		307.771		130.369		0		3		264.567		
00:01:16:200		1.44337e+06		307.522		130.365		0		3		264.593		
00:01:16:099		1.44337e+06		307.522		130.365		0		3		264.621		
00:01:16:000		1.44338e+06		307.273		130.365		0		3		264.648		
00:01:16:000		1.44338e+06		307.273		130.365		0		3		264.648		
00:01:15:900		1.44339e+06		307.273		130.361		0		3		264.676		
00:01:15:700		1.44341e+06		307.021		130.358		0		3		264.731		
00:01:15:700		1.44341e+06		307.021		130.358		0		3		264.731		
00:01:15:500		1.44343e+06		306.766		130.358		0		3		264.788		
00:01:15:500		1.44343e+06		306.766		130.358		0		3		264.788		
00:01:15:400		1.44343e+06		306.766		130.355		0		3		264.816		
00:01:15:299		1.44344e+06		306.766		130.355		0		3		264.845		
00:01:15:099		1.44346e+06		306.511		130.353		0		3		264.902		
00:01:15:099		1.44346e+06		306.511		130.353		0		3		264.902		
00:01:15:000		1.44347e+06		306.255		130.353		0		3		264.93		
00:01:14:900		1.44348e+06		306.255		130.351		0		3		264.958		
00:01:14:700		1.44349e+06		305.997		130.349		0		3		265.014		
00:01:14:700		1.44349e+06		305.997		130.349		0		3		265.014		
00:01:14:599		1.4435e+06		305.997		130.349		0		3		265.042		
00:01:14:500		1.44351e+06		305.739		130.349		0		3		265.07		
00:01:14:400		1.44352e+06		305.739		130.348		0		3		265.098		
00:01:14:299		1.44353e+06		305.739		130.348		0		3		265.125		
00:01:14:150		1.44354e+06		305.479		130.347		0		3		265.168		
00:01:14:099		1.44354e+06		305.479		130.347		0		3		265.183		
00:01:13:950		1.44356e+06		305.216		130.346		0		3		265.227		
00:01:13:849		1.44357e+06		305.216		130.346		0		3		265.257		
00:01:13:650		1.44358e+06		304.953		130.346		0		3		265.32		
00:01:13:650		1.44358e+06		304.953		130.346		0		3		265.32		
00:01:13:549		1.44359e+06		304.953		130.346		0		3		265.353		
00:01:13:450		1.4436e+06		304.687		130.346		0		3		265.386		
00:01:13:349		1.44361e+06		304.687		130.346		0		3		265.418		
00:01:13:250		1.44362e+06		304.42		130.346		0		3		265.448		
00:01:13:150		1.44363e+06		304.42		130.348		0		3		265.479		
00:01:13:049		1.44363e+06		304.42		130.348		0		3		265.507		
00:01:12:950		1.44364e+06		304.152		130.349		0		3		265.538		
00:01:12:849		1.44365e+06		304.152		130.349		0		3		265.569		
00:01:12:650		1.44367e+06		303.881		130.351		0		3		265.631		
00:01:12:650		1.44367e+06		303.881		130.351		0		3		265.631		
00:01:12:549		1.44368e+06		303.881		130.351		0		3		265.659		
00:01:12:450		1.44368e+06		303.609		130.353		0		3		265.685		
00:01:12:349		1.44369e+06		303.609		130.353		0		3		265.714		
00:01:12:250		1.4437e+06		303.334		130.353		0		3		265.743		
00:01:12:150		1.44371e+06		303.334		130.356		0		3		265.773		
00:01:12:049		1.44372e+06		303.334		130.356		0		3		265.803		
00:01:11:950		1.44373e+06		303.056		130.358		0		3		265.834		
00:01:11:750		1.44374e+06		302.777		130.358		0		3		265.896		
00:01:11:599		1.44376e+06		302.777		130.361		0		3		265.943		
00:01:11:599		1.44376e+06		302.777		130.361		0		3		265.943		
00:01:11:549		1.44376e+06		302.777		130.361		0		3		265.959		
00:01:11:450		1.44377e+06		302.496		130.364		0		3		265.99		
00:01:11:349		1.44378e+06		302.496		130.364		0		3		266.02		
00:01:11:250		1.44379e+06		302.215		130.364		0		3		266.046		
00:01:11:150		1.4438e+06		302.215		130.367		0		3		266.073		
00:01:11:049		1.4438e+06		302.215		130.367		0		3		266.101		
00:01:10:950		1.44381e+06		301.93		130.37		0		3		266.129		
00:01:10:700		1.44383e+06		301.645		130.373		0		3		266.202		
00:01:10:599		1.44384e+06		301.645		130.373		0		3		266.233		
00:01:10:599		1.44384e+06		301.645		130.373		0		3		266.233		
00:01:10:500		1.44385e+06		301.359		130.373		0		3		266.262		
00:01:10:400		1.44386e+06		301.359		130.377		0		3		266.291		
00:01:10:299		1.44387e+06		301.359		130.377		0		3		266.321		
00:01:10:299		1.44387e+06		301.359		130.377		0		3		266.321		
00:01:10:200		1.44388e+06		301.072		130.38		0		3		266.352		
00:01:10:099		1.44388e+06		301.072		130.38		0		3		266.383		
00:01:10:000		1.44389e+06		300.784		130.38		0		3		266.415		
00:01:09:900		1.4439e+06		300.784		130.384		0		3		266.448		
00:01:09:700		1.44392e+06		300.493		130.388		0		3		266.516		
00:01:09:599		1.44393e+06		300.493		130.388		0		3		266.552		
00:01:09:599		1.44393e+06		300.493		130.388		0		3		266.552		
00:01:09:500		1.44394e+06		300.201		130.388		0		3		266.589		
00:01:09:400		1.44394e+06		300.201		130.392		0		3		266.625		
00:01:09:299		1.44395e+06		300.201		130.392		0		3		266.659		
00:01:09:200		1.44396e+06		299.906		130.396		0		3		266.693		
00:01:09:000		1.44398e+06		299.611		130.396		0		3		266.76		
00:01:09:000		1.44398e+06		299.611		130.396		0		3		266.76		
00:01:08:849		1.44399e+06		299.611		130.4		0		3		266.812		
00:01:08:750		1.444e+06		299.312		130.4		0		3		266.846		
00:01:08:650		1.44401e+06		299.312		130.405		0		3		266.879		
00:01:08:549		1.44402e+06		299.312		130.405		0		3		266.907		
00:01:08:450		1.44402e+06		299.013		130.41		0		3		266.938		
00:01:08:400		1.44403e+06		299.013		130.41		0		3		266.954		
00:01:08:299		1.44404e+06		299.013		130.41		0		3		266.986		
00:01:08:200		1.44405e+06		298.712		130.416		0		3		267.02		
00:01:08:099		1.44405e+06		298.712		130.416		0		3		267.056		
00:01:08:000		1.44406e+06		298.407		130.416		0		3		267.092		
00:01:07:900		1.44407e+06		298.407		130.422		0		3		267.127		
00:01:07:799		1.44408e+06		298.407		130.422		0		3		267.159		
00:01:07:700		1.44409e+06		298.102		130.429		0		3		267.191		
00:01:07:549		1.4441e+06		298.102		130.429		0		3		267.242		
00:01:07:450		1.44411e+06		297.794		130.436		0		3		267.276		
00:01:07:349		1.44412e+06		297.794		130.436		0		3		267.309		
00:01:07:250		1.44413e+06		297.486		130.436		0		3		267.338		
00:01:07:150		1.44414e+06		297.486		130.444		0		3		267.366		
00:01:07:049		1.44414e+06		297.486		130.444		0		3		267.396		
00:01:06:950		1.44415e+06		297.175		130.453		0		3		267.426		
00:01:06:849		1.44416e+06		297.175		130.453		0		3		267.456		
00:01:06:650		1.44418e+06		296.862		130.462		0		3		267.518		
00:01:06:650		1.44418e+06		296.862		130.462		0		3		267.518		
00:01:06:549		1.44419e+06		296.862		130.462		0		3		267.548		
00:01:06:450		1.44419e+06		296.548		130.472		0		3		267.58		
00:01:06:349		1.4442e+06		296.548		130.472		0		3		267.611		
00:01:06:250		1.44421e+06		296.232		130.472		0		3		267.642		
00:01:06:150		1.44422e+06		296.232		130.483		0		3		267.67		
00:01:06:049		1.44423e+06		296.232		130.483		0		3		267.694		
00:01:05:900		1.44424e+06		295.915		130.494		0		3		267.733		
00:01:05:799		1.44425e+06		295.915		130.494		0		3		267.759		
00:01:05:750		1.44425e+06		295.596		130.494		0		3		267.773		
00:01:05:599		1.44427e+06		295.596		130.506		0		3		267.814		
00:01:05:500		1.44428e+06		295.276		130.506		0		3		267.843		
00:01:05:400		1.44428e+06		295.276		130.519		0		3		267.871		
00:01:05:349		1.44429e+06		295.276		130.519		0		3		267.885		
00:01:05:250		1.4443e+06		294.955		130.519		0		3		267.912		
00:01:05:150		1.44431e+06		294.955		130.532		0		3		267.94		
00:01:05:049		1.44431e+06		294.955		130.532		0		3		267.969		
00:01:04:950		1.44432e+06		294.632		130.547		0		3		267.998		
00:01:04:849		1.44433e+06		294.632		130.547		0		3		268.027		
00:01:04:750		1.44434e+06		294.309		130.561		0		3		268.057		
00:01:04:599		1.44435e+06		294.309		130.561		0		3		268.106		
00:01:04:500		1.44436e+06		293.983		130.561		0		3		268.14		
00:01:04:400		1.44437e+06		293.983		130.577		0		3		268.174		
00:01:04:299		1.44438e+06		293.983		130.577		0		3		268.208		
00:01:04:299		1.44438e+06		293.983		130.577		0		3		268.208		
00:01:04:200		1.44439e+06		293.657		130.593		0		3		268.241		
00:01:04:099		1.44439e+06		293.657		130.593		0		3		268.273		
00:01:04:000		1.4444e+06		293.329		130.593		0		3		268.302		
00:01:03:899		1.44441e+06		293.329		130.611		0		3		268.336		
00:01:03:700		1.44443e+06		292.999		130.629		0		3		268.405		
00:01:03:600		1.44444e+06		292.999		130.629		0		3		268.437		
00:01:03:600		1.44444e+06		292.999		130.629		0		3		268.437		
00:01:03:500		1.44445e+06		292.666		130.629		0		3		268.464		
00:01:03:399		1.44445e+06		292.666		130.649		0		3		268.492		
00:01:03:149		1.44448e+06		292.333		130.669		0		3		268.571		
00:01:03:149		1.44448e+06		292.333		130.669		0		3		268.571		
00:01:03:049		1.44448e+06		292.333		130.669		0		3		268.606		
00:01:03:000		1.44449e+06		291.996		130.669		0		3		268.625		
00:01:02:899		1.4445e+06		291.996		130.691		0		3		268.664		
00:01:02:750		1.44451e+06		291.66		130.691		0		3		268.718		
00:01:02:649		1.44452e+06		291.66		130.714		0		3		268.749		
00:01:02:549		1.44453e+06		291.66		130.714		0		3		268.785		
00:01:02:450		1.44453e+06		291.321		130.739		0		3		268.822		
00:01:02:350		1.44454e+06		291.321		130.739		0		3		268.859		
00:01:02:250		1.44455e+06		290.981		130.739		0		3		268.896		
00:01:02:149		1.44456e+06		290.981		130.764		0		3		268.927		
00:01:02:049		1.44457e+06		290.981		130.764		0		3		268.958		
00:01:01:950		1.44458e+06		290.639		130.792		0		3		268.99		
00:01:01:850		1.44459e+06		290.639		130.792		0		3		269.024		
00:01:01:750		1.44459e+06		290.297		130.792		0		3		269.059		
00:01:01:649		1.4446e+06		290.297		130.82		0		3		269.093		
00:01:01:549		1.44461e+06		290.297		130.82		0		3		269.129		
00:01:01:450		1.44462e+06		289.953		130.85		0		3		269.166		
00:01:01:350		1.44463e+06		289.953		130.85		0		3		269.205		
00:01:01:250		1.44464e+06		289.606		130.85		0		3		269.245		
00:01:01:149		1.44465e+06		289.606		130.882		0		3		269.283		
00:01:01:049		1.44465e+06		289.606		130.882		0		3		269.314		
00:01:00:950		1.44466e+06		289.258		130.916		0		3		269.343		
00:01:00:850		1.44467e+06		289.258		130.916		0		3		269.375		
00:01:00:750		1.44468e+06		288.91		130.916		0		3		269.408		
00:01:00:649		1.44469e+06		288.91		130.952		0		3		269.441		
00:01:00:549		1.4447e+06		288.91		130.952		0		3		269.475		
00:01:00:450		1.4447e+06		288.56		130.989		0		3		269.509		
00:01:00:299		1.44472e+06		288.56		130.989		0		3		269.565		
00:01:00:200		1.44473e+06		288.209		131.029		0		3		269.604		
00:01:00:149		1.44473e+06		288.209		131.029		0		3		269.623		
00:01:00:000		1.44474e+06		287.857		131.029		0		3		269.68		
00:00:59:950		1.44475e+06		287.857		131.071		0		3		269.699		
00:00:59:750		1.44476e+06		287.857		131.071		0		3		269.699		
00:00:59:750		1.44476e+06		287.505		131.071		0		3		269.779		
00:00:59:649		1.44477e+06		287.505		131.115		0		3		269.82		
00:00:59:649		1.44477e+06		287.505		131.115		0		3		269.82		
00:00:59:549		1.44478e+06		287.505		131.115		0		3		269.862		
00:00:59:450		1.44479e+06		287.152		131.161		0		3		269.904		
00:00:59:350		1.4448e+06		287.152		131.161		0		3		269.946		
00:00:59:250		1.44481e+06		286.798		131.161		0		3		269.99		
00:00:59:149		1.44482e+06		286.798		131.21		0		3		270.034		
00:00:58:950		1.44483e+06		286.442		131.262		0		3		270.119		
00:00:58:950		1.44483e+06		286.442		131.262		0		3		270.119		
00:00:58:750		1.44485e+06		286.085		131.262		0		3		270.204		
00:00:58:649		1.44486e+06		286.085		131.316		0		3		270.242		
00:00:58:649		1.44486e+06		286.085		131.316		0		3		270.242		
00:00:58:549		1.44487e+06		286.085		131.316		0		3		270.284		
00:00:58:450		1.44487e+06		285.728		131.372		0		3		270.327		
00:00:58:350		1.44488e+06		285.728		131.372		0		3		270.37		
00:00:58:250		1.44489e+06		285.37		131.372		0		3		270.407		
00:00:58:149		1.4449e+06		285.37		131.432		0		3		270.439		
00:00:58:049		1.44491e+06		285.37		131.432		0		3		270.474		
00:00:57:950		1.44492e+06		285.01		131.494		0		3		270.509		
00:00:57:750		1.44493e+06		284.649		131.494		0		3		270.591		
00:00:57:750		1.44493e+06		284.649		131.494		0		3		270.591		
00:00:57:600		1.44495e+06		284.649		131.559		0		3		270.654		
00:00:57:500		1.44496e+06		284.288		131.559		0		3		270.693		
00:00:57:399		1.44496e+06		284.288		131.628		0		3		270.727		
00:00:57:299		1.44497e+06		284.288		131.628		0		3		270.767		
00:00:57:200		1.44498e+06		283.927		131.7		0		3		270.809		
00:00:57:100		1.44499e+06		283.927		131.7		0		3		270.85		
00:00:57:000		1.445e+06		283.562		131.7		0		3		270.887		
00:00:56:799		1.44501e+06		283.562		131.775		0		3		270.952		
00:00:56:700		1.44502e+06		283.198		131.853		0		3		270.988		
00:00:56:700		1.44502e+06		283.198		131.853		0		3		270.988		
00:00:56:600		1.44503e+06		283.198		131.853		0		3		271.027		
00:00:56:500		1.44504e+06		282.831		131.853		0		3		271.07		
00:00:56:399		1.44505e+06		282.831		131.935		0		3		271.115		
00:00:56:299		1.44506e+06		282.831		131.935		0		3		271.158		
00:00:56:200		1.44507e+06		282.465		132.021		0		3		271.197		
00:00:56:100		1.44507e+06		282.465		132.021		0		3		271.236		
00:00:56:000		1.44508e+06		282.097		132.021		0		3		271.28		
00:00:55:899		1.44509e+06		282.097		132.111		0		3		271.325		
00:00:55:799		1.4451e+06		282.097		132.111		0		3		271.369		
00:00:55:700		1.44511e+06		281.727		132.204		0		3		271.405		
00:00:55:600		1.44512e+06		281.727		132.204		0		3		271.442		
00:00:55:500		1.44513e+06		281.357		132.204		0		3		271.48		
00:00:55:399		1.44513e+06		281.357		132.302		0		3		271.521		
00:00:55:299		1.44514e+06		281.357		132.302		0		3		271.565		
00:00:55:200		1.44515e+06		280.985		132.404		0		3		271.614		
00:00:55:100		1.44516e+06		280.985		132.404		0		3		271.662		
00:00:55:000		1.44517e+06		280.613		132.404		0		3		271.707		
00:00:54:750		1.44519e+06		280.238		132.511		0		3		271.816		
00:00:54:649		1.4452e+06		280.238		132.622		0		3		271.863		
00:00:54:649		1.4452e+06		280.238		132.622		0		3		271.863		
00:00:54:549		1.44521e+06		280.238		132.622		0		3		271.909		
00:00:54:450		1.44521e+06		279.86		132.738		0		3		271.95		
00:00:54:350		1.44522e+06		279.86		132.738		0		3		271.988		
00:00:54:250		1.44523e+06		279.483		132.738		0		3		272.028		
00:00:54:250		1.44523e+06		279.483		132.738		0		3		272.028		
00:00:54:049		1.44525e+06		279.483		132.858		0		3		272.116		
00:00:54:049		1.44525e+06		279.483		132.858		0		3		272.116		
00:00:53:850		1.44527e+06		279.106		132.984		0		2.98735		272.213		
00:00:53:850		1.44527e+06		279.106		132.984		0		2.98735		272.213		
00:00:53:649		1.44528e+06		278.728		133.115		0		2.97387		272.3		
00:00:53:549		1.44529e+06		278.728		133.115		0		2.97387		272.346		
00:00:53:549		1.44529e+06		278.728		133.115		0		2.97387		272.346		
00:00:53:450		1.4453e+06		278.347		133.252		0		2.96036		272.393		
00:00:53:350		1.44531e+06		278.347		133.252		0		2.96036		272.44		
00:00:53:250		1.44532e+06		277.967		133.252		0		2.96036		272.485		
00:00:53:149		1.44533e+06		277.967		133.393		0		2.94682		272.524		
00:00:53:049		1.44533e+06		277.967		133.393		0		2.94682		272.564		
00:00:52:950		1.44534e+06		277.585		133.541		0		2.93326		272.606		
00:00:52:750		1.44536e+06		277.202		133.541		0		2.93326		272.697		
00:00:52:600		1.44537e+06		277.202		133.694		0		2.91968		272.771		
00:00:52:600		1.44537e+06		277.202		133.694		0		2.91968		272.771		
00:00:52:500		1.44538e+06		276.82		133.694		0		2.91968		272.818		
00:00:52:399		1.44539e+06		276.82		133.854		0		2.90609		272.858		
00:00:52:350		1.44539e+06		276.82		133.854		0		2.90609		272.88		
00:00:52:250		1.4454e+06		276.436		133.854		0		2.90609		272.926		
00:00:52:100		1.44541e+06		276.436		134.019		0		2.89247		272.995		
00:00:52:000		1.44542e+06		276.05		134.019		0		2.89247		273.04		
00:00:51:899		1.44543e+06		276.05		134.191		0		2.87882		273.079		
00:00:51:700		1.44545e+06		275.663		134.369		0		2.86514		273.162		
00:00:51:600		1.44546e+06		275.663		134.369		0		2.86514		273.208		
00:00:51:600		1.44546e+06		275.663		134.369		0		2.86514		273.208		
00:00:51:500		1.44547e+06		275.275		134.369		0		2.86514		273.257		
00:00:51:399		1.44547e+06		275.275		134.553		0		2.85145		273.306		
00:00:51:299		1.44548e+06		275.275		134.553		0		2.85145		273.354		
00:00:51:200		1.44549e+06		274.886		134.745		0		2.83774		273.396		
00:00:51:100		1.4455e+06		274.886		134.745		0		2.83774		273.438		
00:00:51:000		1.44551e+06		274.495		134.745		0		2.83774		273.483		
00:00:50:899		1.44552e+06		274.495		134.943		0		2.82401		273.528		
00:00:50:799		1.44552e+06		274.495		134.943		0		2.82401		273.572		
00:00:50:700		1.44553e+06		274.103		135.148		0		2.81024		273.612		
00:00:50:600		1.44554e+06		274.103		135.148		0		2.81024		273.652		
00:00:50:500		1.44555e+06		273.712		135.148		0		2.81024		273.696		
00:00:50:399		1.44556e+06		273.712		135.36		0		2.79645		273.743		
00:00:50:299		1.44557e+06		273.712		135.36		0		2.79645		273.792		
00:00:50:200		1.44558e+06		273.317		135.579		0		2.78265		273.842		
00:00:50:100		1.44558e+06		273.317		135.579		0		2.78265		273.89		
00:00:50:000		1.44559e+06		272.923		135.579		0		2.78265		273.932		
00:00:49:899		1.4456e+06		272.923		135.807		0		2.76882		273.973		
00:00:49:700		1.44562e+06		272.529		136.043		0		2.75497		274.061		
00:00:49:700		1.44562e+06		272.529		136.043		0		2.75497		274.061		
00:00:49:600		1.44563e+06		272.529		136.043		0		2.75497		274.104		
00:00:49:500		1.44564e+06		272.138		136.043		0		2.75497		274.144		
00:00:49:399		1.44564e+06		272.138		136.285		0		2.74108		274.186		
00:00:49:299		1.44565e+06		272.138		136.285		0		2.74108		274.232		
00:00:49:200		1.44566e+06		271.747		136.533		0		2.72718		274.28		
00:00:49:100		1.44567e+06		271.747		136.533		0		2.72718		274.33		
00:00:49:000		1.44568e+06		271.355		136.533		0		2.72718		274.38		
00:00:48:850		1.44569e+06		271.355		136.785		0		2.71326		274.448		
00:00:48:750		1.4457e+06		270.962		136.785		0		2.71326		274.489		
00:00:48:649		1.44571e+06		270.962		137.043		0		2.69932		274.532		
00:00:48:549		1.44572e+06		270.962		137.043		0		2.69932		274.574		
00:00:48:450		1.44572e+06		270.567		137.305		0		2.68533		274.616		
00:00:48:350		1.44573e+06		270.567		137.305		0		2.68533		274.616		
00:00:48:350		1.44573e+06		270.567		137.305		0		2.68533		274.658		
00:00:48:149		1.44575e+06		270.171		137.573		0		2.67133		274.747		
00:00:48:049		1.44576e+06		270.171		137.573		0		2.67133		274.797		
00:00:47:950		1.44577e+06		269.774		137.847		0		2.65732		274.848		
00:00:47:850		1.44578e+06		269.774		137.847		0		2.65732		274.897		
00:00:47:750		1.44578e+06		269.377		137.847		0		2.65732		274.944		
00:00:47:649		1.44579e+06		269.377		138.125		0		2.64328		274.984		
00:00:47:649		1.44579e+06		269.377		138.125		0		2.64328		274.984		
00:00:47:549		1.4458e+06		269.377		138.125		0		2.64328		275.027		
00:00:47:450		1.44581e+06		268.979		138.409		0		2.6292		275.069		
00:00:47:250		1.44583e+06		268.578		138.409		0		2.6292		275.154		
00:00:47:250		1.44583e+06		268.578		138.409		0		2.6292		275.154		
00:00:47:149		1.44584e+06		268.578		138.699		0		2.61509		275.197		
00:00:46:950		1.44585e+06		268.176		138.994		0		2.60097		275.294		
00:00:46:850		1.44586e+06		268.176		138.994		0		2.60097		275.344		
00:00:46:850		1.44586e+06		268.176		138.994		0		2.60097		275.344		
00:00:46:649		1.44588e+06		267.775		139.294		0		2.58684		275.44		
00:00:46:649		1.44588e+06		267.775		139.294		0		2.58684		275.44		
00:00:46:549		1.44589e+06		267.775		139.294		0		2.58684		275.481		
00:00:46:450		1.44589e+06		267.372		139.6		0		2.57267		275.524		
00:00:46:350		1.4459e+06		267.372		139.6		0		2.57267		275.566		
00:00:46:250		1.44591e+06		266.966		139.6		0		2.57267		275.608		
00:00:46:149		1.44592e+06		266.966		139.911		0		2.55846		275.651		
00:00:46:049		1.44593e+06		266.966		139.911		0		2.55846		275.695		
00:00:45:950		1.44594e+06		266.56		140.228		0		2.54423		275.744		
00:00:45:750		1.44595e+06		266.152		140.228		0		2.54423		275.845		
00:00:45:649		1.44596e+06		266.152		140.55		0		2.52999		275.894		
00:00:45:649		1.44596e+06		266.152		140.55		0		2.52999		275.894		
00:00:45:549		1.44597e+06		266.152		140.55		0		2.52999		275.941		
00:00:45:450		1.44598e+06		265.744		140.878		0		2.51572		275.982		
00:00:45:350		1.44599e+06		265.744		140.878		0		2.51572		276.026		
00:00:45:250		1.446e+06		265.332		140.878		0		2.51572		276.068		
00:00:45:149		1.44601e+06		265.332		141.212		0		2.50141		276.111		
00:00:45:049		1.44601e+06		265.332		141.212		0		2.50141		276.156		
00:00:44:950		1.44602e+06		264.918		141.551		0		2.48708		276.204		
00:00:44:700		1.44604e+06		264.5		141.896		0		2.47274		276.331		
00:00:44:600		1.44605e+06		264.5		141.896		0		2.47274		276.381		
00:00:44:600		1.44605e+06		264.5		141.896		0		2.47274		276.381		
00:00:44:500		1.44606e+06		264.082		141.896		0		2.47274		276.427		
00:00:44:399		1.44607e+06		264.082		142.246		0		2.45837		276.468		
00:00:44:299		1.44608e+06		264.082		142.246		0		2.45837		276.512		
00:00:44:200		1.44609e+06		263.658		142.602		0		2.44395		276.556		
00:00:44:100		1.44609e+06		263.658		142.602		0		2.44395		276.601		
00:00:44:000		1.4461e+06		263.227		142.602		0		2.44395		276.649		
00:00:43:899		1.44611e+06		263.227		142.966		0		2.42952		276.7		
00:00:43:799		1.44612e+06		263.227		142.966		0		2.42952		276.751		
00:00:43:700		1.44613e+06		262.784		143.337		0		2.41507		276.802		
00:00:43:600		1.44614e+06		262.784		143.337		0		2.41507		276.852		
00:00:43:500		1.44615e+06		262.327		143.337		0		2.41507		276.898		
00:00:43:450		1.44615e+06		262.327		143.718		0		2.40059		276.94		
00:00:43:299		1.44616e+06		262.327		143.718		0		2.40059		276.985		
00:00:43:200		1.44617e+06		261.843		144.111		0		2.38606		277.031		
00:00:43:100		1.44618e+06		261.843		144.111		0		2.38606		277.078		
00:00:43:000		1.44619e+06		261.312		144.111		0		2.38606		277.129		
00:00:42:899		1.4462e+06		261.312		144.515		0		2.37153		277.181		
00:00:42:799		1.4462e+06		261.312		144.515		0		2.37153		277.232		
00:00:42:700		1.44621e+06		261.103		144.923		0		2.35698		277.283		
00:00:42:600		1.44622e+06		261.103		144.923		0		2.35698		277.331		
00:00:42:500		1.44623e+06		260.895		144.923		0		2.35698		277.374		
00:00:42:399		1.44624e+06		260.895		145.333		0		2.34238		277.42		
00:00:42:299		1.44625e+06		260.895		145.333		0		2.34238		277.467		
00:00:42:200		1.44626e+06		260.686		145.745		0		2.32776		277.516		
00:00:42:100		1.44626e+06		260.686		145.745		0		2.32776		277.569		
00:00:42:000		1.44627e+06		260.476		145.745		0		2.32776		277.62		
00:00:41:899		1.44628e+06		260.476		146.16		0		2.31313		277.672		
00:00:41:799		1.44629e+06		260.476		146.16		0		2.31313		277.722		
00:00:41:700		1.4463e+06		260.269		146.577		0		2.29846		277.77		
00:00:41:600		1.44631e+06		260.269		146.577		0		2.29846		277.814		
00:00:41:450		1.44632e+06		260.06		146.997		0		2.28376		277.886		
00:00:41:399		1.44632e+06		260.06		146.997		0		2.28376		277.911		
00:00:41:299		1.44633e+06		260.06		146.997		0		2.28376		277.963		
00:00:41:200		1.44634e+06		259.851		147.418		0		2.26905		278.015		
00:00:41:100		1.44635e+06		259.851		147.418		0		2.26905		278.067		
00:00:41:000		1.44636e+06		259.643		147.418		0		2.26905		278.117		
00:00:40:899		1.44637e+06		259.643		147.842		0		2.2543		278.166		
00:00:40:799		1.44637e+06		259.643		147.842		0		2.2543		278.211		
00:00:40:649		1.44639e+06		259.435		148.267		0		2.23952		278.286		
00:00:40:549		1.4464e+06		259.435		148.267		0		2.23952		278.339		
00:00:40:450		1.4464e+06		259.226		148.694		0		2.22473		278.391		
00:00:40:350		1.44641e+06		259.226		148.694		0		2.22473		278.443		
00:00:40:250		1.44642e+06		259.018		148.694		0		2.22473		278.493		
00:00:40:250		1.44642e+06		259.018		148.694		0		2.22473		278.493		
00:00:40:049		1.44644e+06		259.018		149.122		0		2.2099		278.588		
00:00:40:049		1.44644e+06		259.018		149.122		0		2.2099		278.588		
00:00:39:950		1.44645e+06		258.809		149.552		0		2.19504		278.638		
00:00:39:850		1.44646e+06		258.809		149.552		0		2.19504		278.691		
00:00:39:649		1.44647e+06		258.6		149.982		0		2.18017		278.795		
00:00:39:649		1.44647e+06		258.6		149.982		0		2.18017		278.795		
00:00:39:549		1.44648e+06		258.6		149.982		0		2.18017		278.846		
00:00:39:450		1.44649e+06		258.392		150.414		0		2.16525		278.895		
00:00:39:350		1.4465e+06		258.392		150.414		0		2.16525		278.943		
00:00:39:250		1.44651e+06		258.182		150.414		0		2.16525		278.994		
00:00:39:149		1.44652e+06		258.182		150.846		0		2.15032		279.046		
00:00:38:950		1.44653e+06		257.973		151.279		0		2.13536		279.149		
00:00:38:850		1.44654e+06		257.973		151.279		0		2.13536		279.199		
00:00:38:750		1.44655e+06		257.764		151.279		0		2.13536		279.249		
00:00:38:649		1.44656e+06		257.764		151.712		0		2.12037		279.298		
00:00:38:549		1.44657e+06		257.764		151.712		0		2.12037		279.35		
00:00:38:450		1.44657e+06		257.552		152.145		0		2.10537		279.402		
00:00:38:350		1.44658e+06		257.552		152.145		0		2.10537		279.453		
00:00:38:350		1.44658e+06		257.552		152.145		0		2.10537		279.453		
00:00:38:250		1.44659e+06		257.34		152.145		0		2.10537		279.504		
00:00:38:149		1.4466e+06		257.34		152.578		0		2.09035		279.553		
00:00:38:049		1.44661e+06		257.34		152.578		0		2.09035		279.602		
00:00:37:950		1.44662e+06		257.125		153.01		0		2.07532		279.654		
00:00:37:750		1.44663e+06		256.908		153.01		0		2.07532		279.757		
00:00:37:649		1.44664e+06		256.908		153.441		0		2.06027		279.807		
00:00:37:549		1.44665e+06		256.908		153.441		0		2.06027		279.857		
00:00:37:549		1.44665e+06		256.908		153.441		0		2.06027		279.857		
00:00:37:399		1.44666e+06		256.689		153.871		0		2.0452		279.932		
00:00:37:299		1.44667e+06		256.689		153.871		0		2.0452		279.983		
00:00:37:200		1.44668e+06		256.468		154.301		0		2.03013		280.034		
00:00:37:149		1.44669e+06		256.468		154.301		0		2.03013		280.059		
00:00:37:049		1.44669e+06		256.468		154.301		0		2.03013		280.109		
00:00:36:950		1.4467e+06		256.244		154.728		0		2.01503		280.159		
00:00:36:750		1.44672e+06		256.018		154.728		0		2.01503		280.259		
00:00:36:649		1.44673e+06		256.018		155.154		0		1.99993		280.31		
00:00:36:549		1.44674e+06		256.018		155.154		0		1.99993		280.361		
00:00:36:549		1.44674e+06		256.018		155.154		0		1.99993		280.361		
00:00:36:350		1.44675e+06		255.79		155.577		0		1.98481		280.46		
00:00:36:350		1.44675e+06		255.79		155.577		0		1.98481		280.46		
00:00:36:250		1.44676e+06		255.558		155.577		0		1.98481		280.509		
00:00:36:100		1.44677e+06		255.558		155.998		0		1.96968		280.585		
00:00:36:049		1.44678e+06		255.558		155.998		0		1.96968		280.61		
00:00:35:899		1.44679e+06		255.324		156.416		0		1.95453		280.684		
00:00:35:700		1.44681e+06		255.087		156.831		0		1.93937		280.782		
00:00:35:700		1.44681e+06		255.087		156.831		0		1.93937		280.782		
00:00:35:600		1.44682e+06		255.087		156.831		0		1.93937		280.833		
00:00:35:500		1.44683e+06		254.846		156.831		0		1.93937		280.884		
00:00:35:399		1.44683e+06		254.846		157.243		0		1.9242		280.934		
00:00:35:299		1.44684e+06		254.846		157.243		0		1.9242		280.984		
00:00:35:200		1.44685e+06		254.603		157.65		0		1.90901		281.033		
00:00:35:100		1.44686e+06		254.603		157.65		0		1.90901		281.083		
00:00:35:000		1.44687e+06		254.356		157.65		0		1.90901		281.134		
00:00:34:899		1.44688e+06		254.356		158.053		0		1.89382		281.185		
00:00:34:799		1.44689e+06		254.106		158.053		0		1.89382		281.26		
00:00:34:649		1.4469e+06		254.106		158.451		0		1.87861		281.31		
00:00:34:549		1.44691e+06		254.106		158.451		0		1.87861		281.36		
00:00:34:450		1.44691e+06		253.852		158.843		0		1.86339		281.412		
00:00:34:350		1.44692e+06		253.852		158.843		0		1.86339		281.463		
00:00:34:250		1.44693e+06		253.594		158.843		0		1.86339		281.515		
00:00:34:250		1.44693e+06		253.594		158.843		0		1.86339		281.515		
00:00:34:100		1.44694e+06		253.594		159.23		0		1.84816		281.591		
00:00:34:000		1.44695e+06		253.332		159.23		0		1.84816		281.642		
00:00:33:899		1.44696e+06		253.332		159.61		0		1.83292		281.694		
00:00:33:799		1.44697e+06		253.332		159.61		0		1.83292		281.746		
00:00:33:700		1.44698e+06		253.066		159.984		0		1.81767		281.798		
00:00:33:600		1.44699e+06		253.066		159.984		0		1.81767		281.85		
00:00:33:500		1.44699e+06		252.795		160.349		0		1.80241		281.901		
00:00:33:350		1.44701e+06		252.795		160.349		0		1.80241		281.979		
00:00:33:250		1.44701e+06		252.518		160.349		0		1.80241		282.032		
00:00:33:149		1.44702e+06		252.518		160.707		0		1.78714		282.085		
00:00:33:049		1.44703e+06		252.518		160.707		0		1.78714		282.137		
00:00:33:049		1.44703e+06		252.518		160.707		0		1.78714		282.137		
00:00:32:950		1.44704e+06		252.236		161.055		0		1.77186		282.189		
00:00:32:850		1.44705e+06		252.236		161.055		0		1.77186		282.241		
00:00:32:649		1.44706e+06		251.948		161.395		0		1.75658		282.347		
00:00:32:549		1.44707e+06		251.948		161.395		0		1.75658		282.401		
00:00:32:450		1.44708e+06		251.655		161.724		0		1.74128		282.453		
00:00:32:450		1.44708e+06		251.655		161.724		0		1.74128		282.453		
00:00:32:299		1.44709e+06		251.655		161.724		0		1.74128		282.532		
00:00:32:200		1.4471e+06		251.356		162.041		0		1.72598		282.585		
00:00:32:100		1.44711e+06		251.356		162.041		0		1.72598		282.639		
00:00:32:000		1.44712e+06		251.052		162.041		0		1.72598		282.692		
00:00:31:899		1.44713e+06		251.052		162.347		0		1.71067		282.746		
00:00:31:699		1.44714e+06		250.741		162.641		0		1.69536		282.853		
00:00:31:600		1.44715e+06		250.741		162.641		0		1.69536		282.906		
00:00:31:600		1.44715e+06		250.741		162.641		0		1.69536		282.906		
00:00:31:500		1.44716e+06		250.423		162.641		0		1.69536		282.96		
00:00:31:399		1.44717e+06		250.423		162.92		0		1.68004		283.014		
00:00:31:300		1.44718e+06		250.423		162.92		0		1.68004		283.068		
00:00:31:199		1.44718e+06		250.1		163.185		0		1.66471		283.121		
00:00:31:100		1.44719e+06		250.1		163.185		0		1.66471		283.173		
00:00:31:000		1.4472e+06		249.769		163.185		0		1.66471		283.226		
00:00:30:899		1.44721e+06		249.769		163.435		0		1.64939		283.279		
00:00:30:800		1.44722e+06		249.769		163.435		0		1.64939		283.332		
00:00:30:699		1.44722e+06		249.432		163.668		0		1.63405		283.385		
00:00:30:600		1.44723e+06		249.432		163.668		0		1.63405		283.438		
00:00:30:500		1.44724e+06		249.087		163.668		0		1.63405		283.493		
00:00:30:399		1.44725e+06		249.087		163.883		0		1.61872		283.546		
00:00:30:300		1.44726e+06		249.087		163.883		0		1.61872		283.598		
00:00:30:199		1.44727e+06		248.735		164.08		0		1.6034		283.651		
00:00:30:100		1.44727e+06		248.735		164.08		0		1.6034		283.702		
00:00:30:000		1.44728e+06		248.376		164.08		0		1.6034		283.754		
00:00:29:850		1.4473e+06		248.376		164.256		0		1.58807		283.834		
00:00:29:750		1.4473e+06		248.009		164.256		0		1.58807		283.887		
00:00:29:649		1.44731e+06		248.009		164.41		0		1.57275		283.94		
00:00:29:550		1.44732e+06		248.009		164.41		0		1.57275		283.992		
00:00:29:449		1.44733e+06		247.634		164.542		0		1.55744		284.043		
00:00:29:350		1.44734e+06		247.634		164.542		0		1.55744		284.095		
00:00:29:300		1.44734e+06		247.634		164.542		0		1.55744		284.121		
00:00:29:149		1.44735e+06		247.251		164.649		0		1.54213		284.199		
00:00:29:050		1.44736e+06		247.251		164.649		0		1.54213		284.251		
00:00:28:949		1.44737e+06		246.859		164.73		0		1.52684		284.303		
00:00:28:899		1.44737e+06		246.859		164.73		0		1.52684		284.329		
00:00:28:750		1.44739e+06		246.459		164.73		0		1.52684		284.404		
00:00:28:699		1.44739e+06		246.459		164.784		0		1.51156		284.43		
00:00:28:600		1.4474e+06		246.459		164.784		0		1.51156		284.481		
00:00:28:449		1.44741e+06		246.05		164.81		0		1.49628		284.556		
00:00:28:449		1.44741e+06		246.05		164.81		0		1.49628		284.556		
00:00:28:350		1.44742e+06		246.05		164.81		0		1.49628		284.607		
00:00:28:250		1.44743e+06		245.631		164.81		0		1.49628		284.659		
00:00:28:149		1.44744e+06		245.631		164.804		0		1.48103		284.711		
00:00:27:949		1.44745e+06		245.202		164.766		0		1.46579		284.81		
00:00:27:949		1.44745e+06		245.202		164.766		0		1.46579		284.81		
00:00:27:850		1.44746e+06		245.202		164.766		0		1.46579		284.86		
00:00:27:649		1.44748e+06		244.759		164.694		0		1.45059		284.96		
00:00:27:649		1.44748e+06		244.759		164.694		0		1.45059		284.96		
00:00:27:550		1.44748e+06		244.759		164.694		0		1.45059		285.012		
00:00:27:449		1.44749e+06		244.28		164.589		0		1.4356		285.062		
00:00:27:350		1.4475e+06		244.28		164.589		0		1.4356		285.111		
00:00:27:199		1.44751e+06		243.766		164.45		0		1.42081		285.185		
00:00:27:100		1.44752e+06		243.766		164.45		0		1.42081		285.235		
00:00:27:000		1.44753e+06		243.216		164.45		0		1.42081		285.285		
00:00:26:800		1.44754e+06		243.216		164.277		0		1.40623		285.335		
00:00:26:800		1.44755e+06		243.216		164.277		0		1.40623		285.384		
00:00:26:649		1.44756e+06		242.63		164.071		0		1.39185		285.458		
00:00:26:649		1.44756e+06		242.63		164.071		0		1.39185		285.458		
00:00:26:550		1.44757e+06		242.63		164.071		0		1.39185		285.507		
00:00:26:449		1.44758e+06		242.008		163.832		0		1.37767		285.557		
00:00:26:250		1.44759e+06		241.35		163.832		0		1.37767		285.655		
00:00:26:250		1.44759e+06		241.35		163.832		0		1.37767		285.655		
00:00:26:149		1.4476e+06		241.35		163.561		0		1.3637		285.704		
00:00:26:050		1.44761e+06		241.35		163.561		0		1.3637		285.752		
00:00:25:899		1.44762e+06		240.654		163.258		0		1.34993		285.825		
00:00:25:800		1.44763e+06		240.654		163.258		0		1.34993		285.873		
00:00:25:600		1.44765e+06		239.922		162.922		0		1.33637		285.969		
00:00:25:600		1.44765e+06		239.922		162.922		0		1.33637		285.969		
00:00:25:500		1.44765e+06		239.153		162.922		0		1.33637		286.017		
00:00:25:399		1.44766e+06		239.153		162.556		0		1.32301		286.065		
00:00:25:300		1.44767e+06		239.153		162.556		0		1.32301		286.113		
00:00:25:199		1.44768e+06		238.347		162.159		0		1.30986		286.161		
00:00:25:100		1.44769e+06		238.347		162.159		0		1.30986		286.209		
00:00:25:000		1.4477e+06		237.502		162.159		0		1.30986		286.258		
00:00:24:899		1.44771e+06		237.502		161.733		0		1.29691		286.306		
00:00:24:699		1.44787e+06		236.619		161.278		0		1.28418		286.402		
00:00:24:600		1.448e+06		236.619		161.278		0		1.28418		286.45		
00:00:24:600		1.448e+06		236.619		161.278		0		1.28418		286.45		
00:00:24:500		1.44817e+06		235.697		161.278		0		1.28418		286.498		
00:00:24:399		1.44838e+06		235.697		160.795		0		1.27166		286.546		
00:00:24:300		1.44864e+06		235.697		160.795		0		1.27166		286.594		
00:00:24:199		1.44892e+06		234.735		160.287		0		1.25937		286.642		
00:00:24:100		1.44925e+06		234.735		160.287		0		1.25937		286.69		
00:00:24:000		1.44962e+06		233.73		160.287		0		1.25937		286.739		
00:00:23:850		1.45024e+06		233.73		159.754		0		1.24731		286.811		
00:00:23:800		1.45047e+06		233.73		159.754		0		1.24731		286.86		
00:00:23:649		1.45121e+06		232.678		159.199		0		1.23552		286.909		
00:00:23:550		1.45175e+06		232.678		159.199		0		1.23552		286.957		
00:00:23:449		1.45233e+06		231.571		158.626		0		1.22405		287.006		
00:00:23:399		1.45264e+06		231.571		158.626		0		1.22405		287.031		
00:00:23:250		1.45361e+06		230.373		158.626		0		1.22405		287.104		
00:00:23:149		1.45431e+06		230.373		158.041		0		1.21318		287.153		
00:00:23:050		1.45505e+06		230.373		158.041		0		1.21318		287.202		
00:00:22:949		1.45582e+06		229.169		157.443		0		1.20227		287.252		
00:00:22:850		1.45582e+06		229.169		157.443		0		1.20227		287.252		
00:00:22:850		1.45665e+06		229.169		157.443		0		1.20227		287.301		
00:00:22:649		1.45854e+06		227.957		156.832		0		1.19134		287.4		
00:00:22:649		1.45854e+06		227.957		156.832		0		1.19134		287.4		
00:00:22:550		1.4596e+06		227.957		156.832		0		1.19134		287.45		
00:00:22:449		1.46074e+06		226.739		156.208		0		1.18037		287.5		
00:00:22:250		1.46326e+06		225.516		156.208		0		1.18037		287.601		
00:00:22:250		1.46326e+06		225.516		156.208		0		1.18037		287.601		
00:00:22:149		1.46464e+06		225.516		155.569		0		1.16935		287.651		
00:00:22:050		1.4661e+06		225.516		155.569		0		1.16935		287.702		
00:00:21:949		1.46763e+06		224.287		154.917		0		1.15829		287.752		
00:00:21:850		1.46925e+06		224.287		154.917		0		1.15829		287.803		
00:00:21:649		1.47273e+06		223.052		154.249		0		1.14719		287.906		
00:00:21:649		1.47273e+06		223.052		154.249		0		1.14719		287.906		
00:00:21:550		1.47459e+06		223.052		154.249		0		1.14719		287.958		
00:00:21:449		1.47653e+06		221.811		153.566		0		1.13604		288.01		
00:00:21:199		1.48174e+06		220.564		152.866		0		1.12485		288.14		
00:00:21:199		1.48174e+06		220.564		152.866		0		1.12485		288.14		
00:00:21:149		1.48284e+06		220.564		152.866		0		1.12485		288.166		
00:00:21:050		1.48511e+06		220.564		152.866		0		1.12485		288.219		
00:00:20:949		1.48746e+06		219.312		152.151		0		1.11361		288.271		
00:00:20:850		1.48989e+06		219.312		152.151		0		1.11361		288.324		
00:00:20:649		1.49501e+06		218.053		151.418		0		1.10233		288.431		
00:00:20:649		1.49501e+06		218.053		151.418		0		1.10233		288.431		
00:00:20:500		1.49907e+06		216.791		151.418		0		1.10233		288.512		
00:00:20:399		1.50189e+06		216.791		150.668		0		1.09098		288.566		
00:00:20:300		1.50479e+06		216.791		150.668		0		1.09098		288.62		
00:00:20:199		1.50777e+06		215.523		149.899		0		1.07958		288.675		
00:00:20:100		1.51088e+06		215.523		149.899		0		1.07958		288.73		
00:00:20:000		1.51411e+06		214.245		149.899		0		1.07958		288.785		
00:00:19:899		1.51747e+06		214.245		149.111		0		1.06816		288.84		
00:00:19:800		1.52095e+06		214.245		149.111		0		1.06816		288.896		
00:00:19:600		1.52832e+06		212.961		148.305		0		1.0567		289.008		
00:00:19:600		1.52832e+06		212.961		148.305		0		1.0567		289.008		
00:00:19:500		1.5322e+06		211.673		148.305		0		1.0567		289.064		
00:00:19:399		1.53621e+06		211.673		147.478		0		1.04517		289.121		
00:00:19:300		1.54035e+06		211.673		147.478		0		1.04517		289.178		
00:00:19:199		1.54463e+06		210.376		146.63		0		1.03361		289.235		
00:00:19:100		1.54905e+06		210.376		146.63		0		1.03361		289.293		
00:00:19:000		1.5536e+06		209.072		146.63		0		1.03361		289.35		
00:00:18:899		1.55829e+06		209.072		145.761		0		1.022		289.408		
00:00:18:800		1.56312e+06		209.072		145.761		0		1.022		289.467		
00:00:18:600		1.5732e+06		207.761		144.87		0		1.01035		289.584		
00:00:18:600		1.5732e+06		207.761		144.87		0		1.01035		289.584		
00:00:18:500		1.57845e+06		206.443		144.87		0		1.01035		289.643		
00:00:18:399		1.58385e+06		206.443		143.957		0		0.99865		289.703		
00:00:18:300		1.58939e+06		206.443		143.957		0		0.99865		289.763		
00:00:18:199		1.59508e+06		205.118		143.02		0		0.986899		289.822		
00:00:18:050		1.60389e+06		205.118		143.02		0		0.986899		289.913		
00:00:18:000		1.6069e+06		203.785		143.02		0		0.986899		289.943		
00:00:17:850		1.61616e+06		203.785		142.059		0		0.975099		290.034		
00:00:17:750		1.62253e+06		202.444		142.059		0		0.975099		290.094		
00:00:17:649		1.62905e+06		202.444		141.073		0		0.963249		290.155		
00:00:17:550		1.63572e+06		202.444		141.073		0		0.963249		290.217		
00:00:17:449		1.64256e+06		201.096		140.061		0		0.951348		290.278		
00:00:17:350		1.64955e+06		201.096		140.061		0		0.951348		290.34		
00:00:17:350		1.64955e+06		201.096		140.061		0		0.951348		290.34		
00:00:17:250		1.65670e+06		199.739		140.061		0		0.951348		290.402		
00:00:17:050		1.67151e+06		199.739		139.023		0		0.939395		290.528		
00:00:16:949		1.67916e+06		198.375		137.957		0		0.927391		290.591		
00:00:16:949		1.67916e+06		198.375		137.957		0		0.927391		290.591		
00:00:16:850		1.68698e+06		198.375		137.957		0		0.927391		290.653		
00:00:16:649		1.70313e+06		197.002		136.863		0		0.915334		290.78		
00:00:16:649		1.70313e+06		197.002		136.863		0		0.915334		290.78		
00:00:16:550		1.7115e+06		197.002		136.863		0		0.915334		290.845		
00:00:16:449		1.72018e+06		195.621		135.741		0		0.903224		290.909		
00:00:16:250		1.73851e+06		194.231		135.741		0		0.903224		291.039		
00:00:16:250		1.73851e+06		194.231		135.741		0		0.903224		291.039		
00:00:16:149		1.74816e+06		194.231		134.589		0		0.89106		291.105		
00:00:15:949		1.76845e+06		192.832		133.406		0		0.878841		291.238		
00:00:15:949		1.76845e+06		192.832		133.406		0		0.878841		291.238		
00:00:15:849		1.77911e+06		192.832		133.406		0		0.878841		291.305		
00:00:15:650		1.80146e+06		191.424		132.193		0		0.866567		291.44		
00:00:15:650		1.80146e+06		191.424		132.193		0		0.866567		291.44		
00:00:15:550		1.81317e+06		191.424		132.193		0		0.866567		291.509		
00:00:15:449		1.82524e+06		190.007		130.948		0		0.854237		291.578		
00:00:15:349		1.83768e+06		190.007		130.948		0		0.854237		291.647		
00:00:15:199		1.85704e+06		188.581		129.671		0		0.84185		291.753		
00:00:15:099		1.87043e+06		188.581		129.671		0		0.84185		291.824		
00:00:15:000		1.88421e+06		187.146		129.671		0		0.84185		291.895		
00:00:14:900		1.89838e+06		187.146		128.361		0		0.829405		291.968		
00:00:14:849		1.90559e+06		187.146		128.361		0		0.829405		292.004		
00:00:14:650		1.93535e+06		185.702		127.018		0		0.816902		292.151		
00:00:14:650		1.93535e+06		185.702		127.018		0		0.816902		292.151		
00:00:14:500		1.95864e+06		184.248		127.018		0		0.816902		292.264		
00:00:14:400		1.97465e+06		184.248		125.641		0		0.804339		292.34		
00:00:14:300		1.99104e+06		184.248		125.641		0		0.804339		292.417		
00:00:14:199		2.00783e+06		182.783		124.228		0		0.791717		292.495		
00:00:14:099		2.02502e+06		182.783		124.228		0		0.791717		292.573		
00:00:14:000		2.04262e+06		181.309		124.228		0		0.791717		292.651		
00:00:13:900		2.06064e+06		181.309		122.779		0		0.779035		292.73		
00:00:13:800		2.07909e+06		181.309		122.779		0		0.779035		292.809		
00:00:13:599		2.11731e+06		179.825		121.292		0		0.766291		292.971		
00:00:13:599		2.11731e+06		179.825		121.292		0		0.766291		292.971		
00:00:13:500		2.13709e+06		178.33		121.292		0		0.766291		293.052		
00:00:13:400		2.15733e+06		178.33		119.766		0		0.753486		293.135		
00:00:13:300		2.17804e+06		178.33		119.766		0		0.753486		293.218		
00:00:13:199		2.19924e+06		176.825		118.2		0		0.740619		293.302		
00:00:13:099		2.22091e+06		176.825		118.2		0		0.740619		293.386		
00:00:13:000		2.24309e+06		175.309		118.2		0		0.740619		293.47		
00:00:12:849		2.2773e+06		175.309		116.596		0		0.727688		293.597		
00:00:12:800		2.28893e+06		175.309		116.596		0		0.727688		293.64		
00:00:12:699		2.31256e+06		173.781		114.956		0		0.714695		293.725		
00:00:12:599		2.33666e+06		173.781		114.956		0		0.714695		293.811		
00:00:12:500		2.36126e+06		172.243		114.956		0		0.714695		293.897		
00:00:12:400		2.38635e+06		172.243		113.278		0		0.701641		293.982		
00:00:12:250		2.42495e+06		170.695		113.278		0		0.701641		294.111		
00:00:12:150		2.45135e+06		170.695		111.563		0		0.688525		294.197		
00:00:12:050		2.47827e+06		170.695		111.563		0		0.688525		294.283		
00:00:11:949		2.50575e+06		169.135		109.81		0		0.675348		294.37		
00:00:11:849		2.53378e+06		169.135		109.81		0		0.675348		294.456		
00:00:11:750		2.56238e+06		167.564		109.81		0		0.675348		294.544		
00:00:11:650		2.59155e+06		167.564		108.024		0		0.662109		294.632		
00:00:11:650		2.59155e+06		167.564		108.024		0		0.662109		294.632		
00:00:11:550		2.62132e+06		167.564		108.024		0		0.662109		294.721		
00:00:11:449		2.65168e+06		165.981		106.205		0		0.648809		294.811		
00:00:11:349		2.68267e+06		165.981		106.205		0		0.648809		294.902		
00:00:11:150		2.74621e+06		164.388		104.356		0		0.635448		295.087		
00:00:11:150		2.74621e+06		164.388		104.356		0		0.635448		295.087		
00:00:10:949		2.81188e+06		162.783		102.48		0		0.622024		295.277		
00:00:10:949		2.81188e+06		162.783		102.48		0		0.622024		295.277		
00:00:10:849		2.84558e+06		162.783		102.48		0		0.622024		295.374		
00:00:10:650		2.9148e+06		161.167		100.581		0		0.608539		295.572		
00:00:10:650		2.9148e+06		161.167		100.581		0		0.608539		295.572		
00:00:10:550		2.95036e+06		161.167		100.581		0		0.608539		295.673		
00:00:10:449		2.98659e+06		159.539		98.6572		0		0.594991		295.775		
00:00:10:349		3.0235e+06		159.539		98.6572		0		0.594991		295.879		
00:00:10:250		3.0611e+06		157.901		96.7077		0		0.581381		295.984		
00:00:10:150		3.09941e+06		157.901		96.7077		0		0.581381		296.091		
00:00:10:000		3.15811e+06		156.252		96.7077		0		0.581381		296.254		
00:00:09:900		3.19809e+06		156.252		94.7315		0		0.567709		296.366		
00:00:09:800		3.23877e+06		156.252		94.7315		0		0.567709		296.48		
00:00:09:599		3.32229e+06		154.593		92.7303		0		0.553975		296.714		
00:00:09:599		3.32229e+06		154.593		92.7303		0		0.553975		296.714		
00:00:09:550		3.34363e+06		154.593		92.7303		0		0.553975		296.773		
00:00:09:400		3.40879e+06		152.923		90.7059		0		0.54018		296.952		
00:00:09:300		3.45319e+06		152.923		90.7059		0		0.54018		297.072		
00:00:09:199		3.49839e+06		151.244		88.6611		0		0.526323		297.195		
00:00:09:099		3.5444e+06		151.244		88.6611		0		0.526323		297.321		
00:00:09:000		3.59124e+06		149.556		88.6611		0		0.526323		297.448		
00:00:08:900		3.63892e+06		149.556		86.5994		0		0.512403		297.577		
00:00:08:800		3.68745e+06		149.556		86.5994		0		0.512403		297.709		
00:00:08:599		3.78717e+06		147.859		84.5263		0		0.498418		297.978		
00:00:08:599		3.78717e+06		147.859		84.5263		0		0.498418		297.978		
00:00:08:500		3.83836e+06		146.154		84.5263		0		0.498418		298.115		
00:00:08:400		3.8905e+06		146.154		82.4445		0		0.484365		298.255		
00:00:08:300		3.94359e+06		146.154		82.4445		0		0.484365		298.397		
00:00:08:199		3.99765e+06		144.44		80.3572		0		0.47024		298.541		
00:00:08:099		4.05271e+06		144.44		80.3572		0		0.47024		298.687		
00:00:08:000		4.10877e+06		142.719		80.3572		0		0.47024		298.835		
00:00:07:900		4.16586e+06		142.719		78.2683		0		0.45604		298.984		
00:00:07:799		4.22399e+06		142.719		78.2683		0		0.45604		299.136		
00:00:07:599		4.34347e+06		140.993		76.182		0		0.441765		299.447		
00:00:07:599		4.34347e+06		140.993		76.182		0		0.441765		299.447		
00:00:07:500		4.40487e+06		139.262		76.182		0		0.441765		299.606		
00:00:07:349		4.49908e+06		139.262		74.1035		0		0.427414		299.848		
00:00:07:250		4.56334e+06		137.528		74.1035		0		0.427414		300.012		
00:00:07:150		4.62879e+06		137.528		72.0381		0		0.412987		300.179		
00:00:07:049		4.69544e+06		137.528		72.0381		0		0.412987		300.344		
00:00:06:950		4.76332e+06		135.793		69.9909		0		0.398484		300.512		
00:00:06:849		4.83245e+06		135.793		69.9909		0		0.398484		300.681		
00:00:06:750		4.90286e+06		134.058		69.9909		0		0.398484		300.853		
00:00:06:650		4.97457e+06		134.058		67.9676		0		0.383903		301.027		
00:00:06:650		4.97457e+06		134.058		67.9676		0		0.383903		301.027		
00:00:06:549		5.04752e+06		134.058		67.9676		0		0.383903		301.203		
00:00:06:349		5.19637e+06		132.325		65.9763		0		0.369243		301.56		
00:00:06:349		5.19637e+06		132.325		65.9763		0		0.369243		301.56		
00:00:06:250		5.2723e+06		130.597		65.9763		0		0.369243		301.742		
00:00:06:049		5.42724e+06		130.597		64.0253		0		0.354502		302.111		
00:00:06:049		5.42724e+06		130.597		64.0253		0		0.354502		302.111		
00:00:05:950		5.50626e+06		128.875		62.1224		0		0.339673		302.299		
00:00:05:849		5.58634e+06		128.875		62.1224		0		0.339673		302.488		
00:00:05:650		5.74974e+06		127.162		60.2732		0		0.324754		302.874		
00:00:05:650		5.74974e+06		127.162		60.2732		0		0.324754		302.874		
00:00:05:549		5.83309e+06		127.162		60.2732		0		0.324754		303.07		
00:00:05:450		5.91758e+06		125.46		58.4804		0		0.30973		303.266		
00:00:05:349		6.00323e+06		125.46		58.4804		0		0.30973		303.463		
00:00:05:250		6.09009e+06		123.773		58.4804		0		0.30973		303.662		
00:00:05:150		6.1783e+06		123.773		56.7428		0		0.294448		303.863		
00:00:05:049		6.26833e+06		123.773		56.7428		0		0.294448		304.066		
00:00:04:950		6.34151e+06		122.103		55.0481		0		0.278818		304.271		
00:00:04:849		6.39733e+06		122.103		55.0481		0		0.278818		304.477		
00:00:04:599		6.48917e+06		120.453		53.3934		0		0.262931		304.996		
00:00:04:599		6.48917e+06		120.453		53.3934		0		0.262931		304.996		
00:00:04:500		6.51312e+06		118.829		53.3934		0		0.262931		305.206		
00:00:04:400		6.53238e+06		118.829		51.7839		0		0.246864		305.416		
00:00:04:299		6.54809e+06		118.829		51.7839		0		0.246864		305.627		
00:00:04:200		6.56112e+06		117.238		50.2246		0		0.230667		305.835		
00:00:04:099		6.5721e+06		117.238		50.2246		0		0.230667		306.045		
00:00:04:000		6.58153e+06		115.685		50.2246		0		0.230667		306.254		
00:00:03:899		6.58978e+06		115.685		48.7201		0		0.214376		306.464		
00:00:03:799		6.59713e+06		115.685		48.7201		0		0.214376		306.675		
00:00:03:600		6.60998e+06		114.174		47.2748		0		0.198011		307.094		
00:00:03:600		6.60998e+06		114.174		47.2748		0		0.198011		307.094		
00:00:03:500		6.61585e+06		112.712		47.2748		0		0.198011		307.302		
00:00:03:399		6.62159e+06		112.712		45.8924		0		0.181584		307.508		
00:00:03:299		6.62743e+06		112.712		45.8924		0		0.181584		307.712		
00:00:03:200		6.63366e+06		111.304		44.577		0		0.165096		307.912		
00:00:03:100		6.64075e+06		111.304		44.577		0		0.165096		308.108		
00:00:03:000		6.6494e+06		109.954		44.577		0		0.165096		308.299		
00:00:02:899		6.65801e+06		109.954		43.3323		0		0.148547		308.483		
00:00:02:799		6.66593e+06		109.954		43.3323		0		0.148547		308.657		
00:00:02:600		6.67967e+06		108.667		42.1624		0		0.13195		308.979		
00:00:02:600		6.67967e+06		108.667		42.1624		0		0.13195		308.979		
00:00:02:500		6.68536e+06		107.451		42.1624		0		0.13195		309.125		
00:00:02:399		6.69002e+06		107.451		41.0719		0		0.11532		309.259		
00:00:02:250		6.69407e+06		106.31		41.0719		0		0.11532		309.431		
00:00:02:149		6.6934e+06		106.31		40.068		0		0.0986963		309.527		
00:00:02:049		6.68758e+06		106.31		40.068		0		0.0986963		309.606		
00:00:02:000		6.68159e+06		105.252		40.068		0		0.0986963		309.64		
00:00:01:899		6.65994e+06		105.252		39.1633		0		0.0822293		309.696		
00:00:01:649		6.55546e+06		104.283		38.3687		0		0.0659347		309.781		
00:00:01:550		6.53453e+06		104.283		38.3687		0		0.0659347		309.8		
00:00:01:550		6.53453e+06		104.283		38.3687		0		0.0659347		309.8		
00:00:01:449		6.52104e+06		103.408		37.6863		0		0.0496256		309.815		
00:00:01:449		6.52104e+06		103.408		37.6863		0		0.0496256		309.815		
00:00:01:350		6.51878e+06		103.408		37.6863		0		0.0496256		309.826		
00:00:01:199		6.5418e+06		102.626		37.1215		0		0.0332219		309.838		
00:00:01:050		6.56456e+06		102.626		37.1215		0		0.0332219		309.844		
00:00:00:949		6.5797e+06		101.955		36.6684		0		0.0167072		309.846		
00:00:00:849		6.59759e+06		101.955		36.6684		0		0.0167072		309.846		
00:00:00:849		6.59759e+06		101.955		36.6684		0		0.0167072		309.846		
00:00:00:650		6.64756e+06		101.315		36.3831		0		0		309.846		
00:00:00:650		6.64756e+06		101.315		36.3831		0		0		309.846		
00:00:00:550		6.68544e+06		101.315		36.3831		0		0		309.846		
00:00:00:450		6.74076e+06		100.069		36.3834		0		0		309.846		
00:00:00:349		6.83117e+06		100.069		36.3834		0		0		309.846		
00:00:00:250		6.83116e+06		100.069		36.3834		0		0		309.846		
00:00:00:149		6.83116e+06		100.069		36.3837		0		0		309.846		
00:00:00:050		6.83115e+06		100.069		36.3837		0		0		309.846		
00:00:00:000		6.83115e+06		100.069		36.3837		0		0		309.846		
00:00:00:000		6.83115e+06		100.069		36.3837		0		0		309.846		
00:00:00:000		6.83115e+06		100.069		36.3837		0		0		309.846		
00:00:00:000		6.83115e+06		100.069		36.3837		0		0		309.846		
00:00:00:000		6.83115e+06		100.069		36.3837		0		0		309.846		
