	time 		rcpppzr	rcp054rcp007mnzoyout	rcv501std0102fvol	fwfrcp001gv	rcppmssga	msfsg(1)	
00:01:01:899		1.01161e+07		-5.86062		0		0		2.61866e+06		580.078		
00:01:01:750		1.01336e+07		-5.86107		0		0		2.6247e+06		581.11		
00:01:01:750		1.01336e+07		-5.86107		0		0		2.6247e+06		581.11		
00:01:01:700		1.01394e+07		-5.86111		0		0		2.62681e+06		581.574		
00:01:01:549		1.01568e+07		-5.8609		0		0		2.63438e+06		583.608		
00:01:01:450		1.01683e+07		-5.86042		0		0		2.64025e+06		585.475		
00:01:01:350		1.01797e+07		-5.85965		0		0		2.64474e+06		586.736		
00:01:01:250		1.0191e+07		-5.85857		0		0		2.648e+06		587.527		
00:01:01:149		1.02023e+07		-5.85719		0		0		2.65075e+06		588.662		
00:01:01:049		1.02134e+07		-5.85552		0		0		2.65383e+06		589.979		
00:01:00:850		1.02355e+07		-5.85139		0		0		2.65357e+06		587.672		
00:01:00:850		1.02355e+07		-5.85139		0		0		2.65357e+06		587.672		
00:01:00:750		1.02466e+07		-5.84901		0		0		2.6569e+06		588.368		
00:01:00:649		1.02576e+07		-5.84649		0		0		2.66106e+06		589.139		
00:01:00:600		1.02632e+07		-5.84519		0		0		2.66337e+06		589.617		
00:01:00:500		1.02742e+07		-5.84257		0		0		2.66838e+06		590.884		
00:01:00:350		1.02907e+07		-5.83873		0		0		2.67646e+06		593.437		
00:01:00:250		1.03016e+07		-5.83635		0		0		2.68125e+06		594.965		
00:01:00:149		1.03124e+07		-5.83419		0		0		2.68439e+06		595.542		
00:01:00:049		1.03231e+07		-5.83236		0		0		2.68685e+06		596.5		
00:00:59:899		1.03391e+07		-5.82978		0		0		2.6909e+06		597.66		
00:00:59:899		1.03391e+07		-5.82978		0		0		2.6909e+06		597.66		
00:00:59:799		1.03497e+07		-5.82797		0		0		2.69018e+06		595.969		
00:00:59:700		1.03603e+07		-5.82609		0		0		2.69102e+06		595.735		
00:00:59:600		1.03709e+07		-5.82414		0		0		2.6954e+06		596.714		
00:00:59:500		1.03815e+07		-5.82213		0		0		2.70041e+06		597.965		
00:00:59:399		1.0392e+07		-5.82004		0		0		2.70562e+06		599.422		
00:00:59:299		1.04025e+07		-5.81789		0		0		2.71069e+06		601.01		
00:00:59:149		1.04181e+07		-5.81452		0		0		2.71688e+06		602.745		
00:00:58:950		1.04386e+07		-5.80979		0		0		2.72262e+06		604.998		
00:00:58:850		1.04489e+07		-5.80733		0		0		2.7241e+06		604.625		
00:00:58:850		1.04489e+07		-5.80733		0		0		2.7241e+06		604.625		
00:00:58:750		1.04591e+07		-5.80479		0		0		2.72352e+06		602.897		
00:00:58:649		1.04693e+07		-5.80218		0		0		2.72507e+06		603.109		
00:00:58:549		1.04795e+07		-5.7995		0		0		2.73038e+06		604.61		
00:00:58:450		1.04897e+07		-5.79676		0		0		2.73578e+06		606.119		
00:00:58:350		1.04998e+07		-5.79395		0		0		2.74063e+06		607.451		
00:00:58:250		1.05099e+07		-5.79107		0		0		2.74495e+06		608.914		
00:00:58:149		1.05199e+07		-5.78813		0		0		2.74869e+06		609.856		
00:00:58:049		1.05299e+07		-5.78512		0		0		2.75156e+06		611.004		
00:00:58:049		1.05299e+07		-5.78512		0		0		2.75156e+06		611.004		
00:00:57:850		1.05497e+07		-5.77892		0		0		2.75468e+06		610.984		
00:00:57:850		1.05497e+07		-5.77892		0		0		2.75468e+06		610.984		
00:00:57:649		1.05695e+07		-5.77248		0		0		2.7574e+06		610.451		
00:00:57:549		1.05794e+07		-5.76918		0		0		2.76331e+06		612.181		
00:00:57:450		1.05892e+07		-5.76583		0		0		2.76823e+06		613.404		
00:00:57:350		1.0599e+07		-5.76242		0		0		2.77245e+06		614.686		
00:00:57:250		1.06088e+07		-5.75897		0		0		2.77672e+06		616.1		
00:00:57:250		1.06088e+07		-5.75897		0		0		2.77672e+06		616.1		
00:00:57:149		1.06185e+07		-5.75547		0		0		2.77981e+06		617.053		
00:00:57:049		1.06281e+07		-5.75191		0		0		2.78207e+06		617.619		
00:00:56:850		1.06473e+07		-5.74463		0		0		2.78409e+06		616.455		
00:00:56:850		1.06473e+07		-5.74463		0		0		2.78409e+06		616.455		
00:00:56:750		1.06569e+07		-5.74092		0		0		2.78529e+06		616.322		
00:00:56:649		1.06713e+07		-5.73524		0		0		2.79341e+06		618.95		
00:00:56:450		1.06856e+07		-5.72943		0		0		2.7998e+06		620.589		
00:00:56:299		1.06998e+07		-5.72351		0		0		2.80609e+06		622.682		
00:00:56:299		1.06998e+07		-5.72351		0		0		2.80609e+06		622.682		
00:00:56:200		1.07091e+07		-5.71951		0		0		2.80861e+06		623.218		
00:00:56:100		1.07184e+07		-5.71545		0		0		2.81044e+06		623.772		
00:00:55:899		1.07368e+07		-5.70719		0		0		2.81289e+06		622.648		
00:00:55:799		1.0746e+07		-5.70298		0		0		2.81527e+06		623.204		
00:00:55:799		1.0746e+07		-5.70298		0		0		2.81527e+06		623.204		
00:00:55:700		1.07552e+07		-5.69871		0		0		2.82075e+06		625.03		
00:00:55:600		1.07643e+07		-5.6944		0		0		2.82528e+06		625.911		
00:00:55:500		1.07735e+07		-5.69004		0		0		2.82929e+06		627.313		
00:00:55:399		1.07826e+07		-5.68562		0		0		2.83364e+06		628.701		
00:00:55:299		1.07916e+07		-5.68115		0		0		2.83636e+06		629.23		
00:00:55:200		1.08006e+07		-5.67663		0		0		2.83816e+06		629.523		
00:00:55:100		1.08097e+07		-5.67205		0		0		2.84071e+06		630.378		
00:00:55:000		1.08186e+07		-5.66742		0		0		2.84217e+06		629.56		
00:00:54:899		1.08276e+07		-5.66275		0		0		2.84369e+06		629.635		
00:00:54:799		1.08366e+07		-5.65802		0		0		2.848e+06		631.146		
00:00:54:649		1.085e+07		-5.65083		0		0		2.85406e+06		632.22		
00:00:54:600		1.08545e+07		-5.6484		0		0		2.85585e+06		632.752		
00:00:54:500		1.08634e+07		-5.6435		0		0		2.86018e+06		634.318		
00:00:54:399		1.08723e+07		-5.63855		0		0		2.86386e+06		635.353		
00:00:54:299		1.08813e+07		-5.63353		0		0		2.86654e+06		636.024		
00:00:54:200		1.08901e+07		-5.62844		0		0		2.86797e+06		635.961		
00:00:54:100		1.08991e+07		-5.62328		0		0		2.87051e+06		637.04		
00:00:53:950		1.09127e+07		-5.61541		0		0		2.87241e+06		636.149		
00:00:53:899		1.09172e+07		-5.61276		0		0		2.87355e+06		636.403		
00:00:53:750		1.09308e+07		-5.60471		0		0		2.87969e+06		638.096		
00:00:53:649		1.09398e+07		-5.59927		0		0		2.88304e+06		638.671		
00:00:53:549		1.09488e+07		-5.59377		0		0		2.88688e+06		640.033		
00:00:53:450		1.09578e+07		-5.58822		0		0		2.89085e+06		641.026		
00:00:53:350		1.09667e+07		-5.58262		0		0		2.89359e+06		641.833		
00:00:53:250		1.09756e+07		-5.57697		0		0		2.89651e+06		642.831		
00:00:53:149		1.09845e+07		-5.57127		0		0		2.89828e+06		642.92		
00:00:53:049		1.09934e+07		-5.56552		0		0		2.90007e+06		643.8		
00:00:53:049		1.09934e+07		-5.56552		0		0		2.90007e+06		643.8		
00:00:52:850		1.10111e+07		-5.55386		0		0		2.90211e+06		642.875		
00:00:52:750		1.10198e+07		-5.54795		0		0		2.90535e+06		643.93		
00:00:52:649		1.10284e+07		-5.54199		0		0		2.909e+06		644.452		
00:00:52:649		1.10284e+07		-5.54199		0		0		2.909e+06		644.452		
00:00:52:549		1.1037e+07		-5.53598		0		0		2.91226e+06		645.481		
00:00:52:450		1.10455e+07		-5.52992		0		0		2.91639e+06		646.825		
00:00:52:350		1.1054e+07		-5.52381		0		0		2.91957e+06		647.872		
00:00:52:250		1.10624e+07		-5.51765		0		0		2.9221e+06		648.658		
00:00:52:149		1.10706e+07		-5.51144		0		0		2.92345e+06		648.828		
00:00:52:049		1.10788e+07		-5.50517		0		0		2.92463e+06		649.083		
00:00:51:799		1.10991e+07		-5.48924		0		0		2.9276e+06		649.777		
00:00:51:799		1.10991e+07		-5.48924		0		0		2.9276e+06		649.777		
00:00:51:750		1.11031e+07		-5.486		0		0		2.92705e+06		648.941		
00:00:51:649		1.11111e+07		-5.47946		0		0		2.92644e+06		647.429		
00:00:51:549		1.11192e+07		-5.47283		0		0		2.92799e+06		646.5		
00:00:51:450		1.11274e+07		-5.4661		0		0		2.93365e+06		648.149		
00:00:51:350		1.11356e+07		-5.4593		0		0		2.94182e+06		650.229		
00:00:51:200		1.1148e+07		-5.44896		0		0		2.95263e+06		652.971		
00:00:51:100		1.11563e+07		-5.44198		0		0		2.95941e+06		654.82		
00:00:51:000		1.11645e+07		-5.43493		0		0		2.96564e+06		656.513		
00:00:50:799		1.11809e+07		-5.42064		0		0		2.97638e+06		660.316		
00:00:50:799		1.11809e+07		-5.42064		0		0		2.97638e+06		660.316		
00:00:50:700		1.11891e+07		-5.4134		0		0		2.98077e+06		661.687		
00:00:50:600		1.11972e+07		-5.40611		0		0		2.98137e+06		660.668		
00:00:50:500		1.12053e+07		-5.39877		0		0		2.9828e+06		661.341		
00:00:50:399		1.12134e+07		-5.39139		0		0		2.98654e+06		663.016		
00:00:50:299		1.12214e+07		-5.38398		0		0		2.98845e+06		662.708		
00:00:50:200		1.12295e+07		-5.37654		0		0		2.9885e+06		661.556		
00:00:50:100		1.12375e+07		-5.36908		0		0		2.99076e+06		662.112		
00:00:50:000		1.12455e+07		-5.36161		0		0		2.99543e+06		663.184		
00:00:49:899		1.12535e+07		-5.35412		0		0		2.99972e+06		664.027		
00:00:49:799		1.12614e+07		-5.34663		0		0		3.00413e+06		664.951		
00:00:49:700		1.12694e+07		-5.33913		0		0		3.00906e+06		666.603		
00:00:49:600		1.12773e+07		-5.33161		0		0		3.01435e+06		668.723		
00:00:49:500		1.12852e+07		-5.32409		0		0		3.01847e+06		670.159		
00:00:49:399		1.1293e+07		-5.31654		0		0		3.01946e+06		670.164		
00:00:49:299		1.13007e+07		-5.30897		0		0		3.02093e+06		670.619		
00:00:49:200		1.13085e+07		-5.30136		0		0		3.0205e+06		669.026		
00:00:49:100		1.1316e+07		-5.29372		0		0		3.02112e+06		668.798		
00:00:48:899		1.13316e+07		-5.27828		0		0		3.02772e+06		668.754		
00:00:48:799		1.13394e+07		-5.2705		0		0		3.03527e+06		671.327		
00:00:48:799		1.13394e+07		-5.2705		0		0		3.03527e+06		671.327		
00:00:48:700		1.13473e+07		-5.26267		0		0		3.04262e+06		673.083		
00:00:48:600		1.13551e+07		-5.2548		0		0		3.04828e+06		674.265		
00:00:48:500		1.1363e+07		-5.2469		0		0		3.05397e+06		675.987		
00:00:48:399		1.13708e+07		-5.23896		0		0		3.06029e+06		678.814		
00:00:48:299		1.13785e+07		-5.23098		0		0		3.06578e+06		680.97		
00:00:48:200		1.13863e+07		-5.22297		0		0		3.06629e+06		680.03		
00:00:48:100		1.13939e+07		-5.21493		0		0		3.0666e+06		679.761		
00:00:47:950		1.14054e+07		-5.20279		0		0		3.06824e+06		679.263		
00:00:47:850		1.1413e+07		-5.19464		0		0		3.07162e+06		679.362		
00:00:47:750		1.14207e+07		-5.18645		0		0		3.07511e+06		679.255		
00:00:47:649		1.14284e+07		-5.17821		0		0		3.08078e+06		681.003		
00:00:47:549		1.14361e+07		-5.16992		0		0		3.08849e+06		683.081		
00:00:47:450		1.14438e+07		-5.16158		0		0		3.09449e+06		684.229		
00:00:47:350		1.14515e+07		-5.15321		0		0		3.10026e+06		685.755		
00:00:47:250		1.14592e+07		-5.14481		0		0		3.10698e+06		688.874		
00:00:47:149		1.14669e+07		-5.13637		0		0		3.11374e+06		692.011		
00:00:47:049		1.14745e+07		-5.12791		0		0		3.11448e+06		690.249		
00:00:47:049		1.14745e+07		-5.12791		0		0		3.11448e+06		690.249		
00:00:46:850		1.14897e+07		-5.11089		0		0		3.11499e+06		689.379		
00:00:46:850		1.14897e+07		-5.11089		0		0		3.11499e+06		689.379		
00:00:46:750		1.14973e+07		-5.10234		0		0		3.1187e+06		690.123		
00:00:46:649		1.15049e+07		-5.09377		0		0		3.12274e+06		690.381		
00:00:46:549		1.15125e+07		-5.08519		0		0		3.12701e+06		690.918		
00:00:46:450		1.15202e+07		-5.0766		0		0		3.13327e+06		692.796		
00:00:46:250		1.15356e+07		-5.05939		0		0		3.14562e+06		695.553		
00:00:46:250		1.15356e+07		-5.05939		0		0		3.14562e+06		695.553		
00:00:46:149		1.15433e+07		-5.05079		0		0		3.1522e+06		698.408		
00:00:46:049		1.1551e+07		-5.04219		0		0		3.15939e+06		702.177		
00:00:45:850		1.15663e+07		-5.02495		0		0		3.15796e+06		698.4		
00:00:45:850		1.15663e+07		-5.02495		0		0		3.15796e+06		698.4		
00:00:45:750		1.15739e+07		-5.01628		0		0		3.16003e+06		698.967		
00:00:45:649		1.15816e+07		-5.00759		0		0		3.16474e+06		699.927		
00:00:45:549		1.15931e+07		-4.99448		0		0		3.17185e+06		700.8		
00:00:45:399		1.16008e+07		-4.9857		0		0		3.17705e+06		701.811		
00:00:45:299		1.16085e+07		-4.97688		0		0		3.18391e+06		703.679		
00:00:45:200		1.16163e+07		-4.96803		0		0		3.1905e+06		705.01		
00:00:45:100		1.16241e+07		-4.95917		0		0		3.19683e+06		706.952		
00:00:44:950		1.16356e+07		-4.94583		0		0		3.20851e+06		713.231		
00:00:44:799		1.16471e+07		-4.93245		0		0		3.20848e+06		710.231		
00:00:44:799		1.16471e+07		-4.93245		0		0		3.20848e+06		710.231		
00:00:44:700		1.16547e+07		-4.92348		0		0		3.2058e+06		708.304		
00:00:44:500		1.16702e+07		-4.90543		0		0		3.21541e+06		710.547		
00:00:44:500		1.16702e+07		-4.90543		0		0		3.21541e+06		710.547		
00:00:44:399		1.16779e+07		-4.89637		0		0		3.22089e+06		711.282		
00:00:44:299		1.16856e+07		-4.8873		0		0		3.22676e+06		712.509		
00:00:44:250		1.16895e+07		-4.88275		0		0		3.23028e+06		713.507		
00:00:44:149		1.16972e+07		-4.87362		0		0		3.23769e+06		715.303		
00:00:43:899		1.17165e+07		-4.8507		0		0		3.25594e+06		723.404		
00:00:43:799		1.17242e+07		-4.84149		0		0		3.25913e+06		723.237		
00:00:43:799		1.17242e+07		-4.84149		0		0		3.25913e+06		723.237		
00:00:43:700		1.17318e+07		-4.83225		0		0		3.25479e+06		719.74		
00:00:43:600		1.17396e+07		-4.82297		0		0		3.25405e+06		718.668		
00:00:43:500		1.17473e+07		-4.81366		0		0		3.2591e+06		719.938		
00:00:43:399		1.17551e+07		-4.80434		0		0		3.26503e+06		721.032		
00:00:43:299		1.17627e+07		-4.79499		0		0		3.27096e+06		721.858		
00:00:43:200		1.17704e+07		-4.78561		0		0		3.27757e+06		723.369		
00:00:43:100		1.17781e+07		-4.7762		0		0		3.28555e+06		725.488		
00:00:42:899		1.17935e+07		-4.75726		0		0		3.30147e+06		732.173		
00:00:42:799		1.18013e+07		-4.74776		0		0		3.30818e+06		734.969		
00:00:42:799		1.18013e+07		-4.74776		0		0		3.30818e+06		734.969		
00:00:42:700		1.1809e+07		-4.73825		0		0		3.30651e+06		732.097		
00:00:42:600		1.18167e+07		-4.72872		0		0		3.30355e+06		729.613		
00:00:42:500		1.18244e+07		-4.71917		0		0		3.30567e+06		730.042		
00:00:42:399		1.18321e+07		-4.7096		0		0		3.31176e+06		731.142		
00:00:42:299		1.18397e+07		-4.70002		0		0		3.3178e+06		732.083		
00:00:42:200		1.18474e+07		-4.69042		0		0		3.32431e+06		733.227		
00:00:42:100		1.1855e+07		-4.6808		0		0		3.33206e+06		735.263		
00:00:41:899		1.18704e+07		-4.66151		0		0		3.3492e+06		742.154		
00:00:41:799		1.18781e+07		-4.65186		0		0		3.35687e+06		745.483		
00:00:41:799		1.18781e+07		-4.65186		0		0		3.35687e+06		745.483		
00:00:41:700		1.18859e+07		-4.64224		0		0		3.35634e+06		743.217		
00:00:41:600		1.18934e+07		-4.63262		0		0		3.35334e+06		740.673		
00:00:41:500		1.19009e+07		-4.62299		0		0		3.35443e+06		740.448		
00:00:41:399		1.19083e+07		-4.61336		0		0		3.36053e+06		741.761		
00:00:41:299		1.19158e+07		-4.60372		0		0		3.36645e+06		742.443		
00:00:41:149		1.19269e+07		-4.58923		0		0		3.37674e+06		744.5		
00:00:41:100		1.19306e+07		-4.58438		0		0		3.38117e+06		745.848		
00:00:41:000		1.19381e+07		-4.57466		0		0		3.39054e+06		749.043		
00:00:40:899		1.19455e+07		-4.5649		0		0		3.39968e+06		753.694		
00:00:40:750		1.19568e+07		-4.55021		0		0		3.4059e+06		754.573		
00:00:40:649		1.19642e+07		-4.54038		0		0		3.40276e+06		752.018		
00:00:40:549		1.19717e+07		-4.53051		0		0		3.40246e+06		750.477		
00:00:40:450		1.19792e+07		-4.52062		0		0		3.40766e+06		752.021		
00:00:40:350		1.19866e+07		-4.5107		0		0		3.41441e+06		752.982		
00:00:40:299		1.19904e+07		-4.50573		0		0		3.41758e+06		753.32		
00:00:40:200		1.19978e+07		-4.49578		0		0		3.42449e+06		754.573		
00:00:40:100		1.20053e+07		-4.48582		0		0		3.43358e+06		757.531		
00:00:40:000		1.20128e+07		-4.47584		0		0		3.44376e+06		762.071		
00:00:39:899		1.20204e+07		-4.46584		0		0		3.45282e+06		766.325		
00:00:39:799		1.20279e+07		-4.45585		0		0		3.45421e+06		764.933		
00:00:39:700		1.20354e+07		-4.44586		0		0		3.45138e+06		762.77		
00:00:39:600		1.20467e+07		-4.43087		0		0		3.45283e+06		761.456		
00:00:39:450		1.20543e+07		-4.42088		0		0		3.45965e+06		763.004		
00:00:39:350		1.20618e+07		-4.4109		0		0		3.46637e+06		763.885		
00:00:39:250		1.20693e+07		-4.40092		0		0		3.47358e+06		765.291		
00:00:39:149		1.20768e+07		-4.39094		0		0		3.48301e+06		768.668		
00:00:39:049		1.20843e+07		-4.38096		0		0		3.49343e+06		773.567		
00:00:38:950		1.20919e+07		-4.37096		0		0		3.50126e+06		776.616		
00:00:38:850		1.20994e+07		-4.36097		0		0		3.50054e+06		774.411		
00:00:38:750		1.21069e+07		-4.35097		0		0		3.49902e+06		772.579		
00:00:38:750		1.21069e+07		-4.35097		0		0		3.49902e+06		772.579		
00:00:38:549		1.2122e+07		-4.33092		0		0		3.50573e+06		772.983		
00:00:38:549		1.2122e+07		-4.33092		0		0		3.50573e+06		772.983		
00:00:38:450		1.21294e+07		-4.32088		0		0		3.51298e+06		774.053		
00:00:38:350		1.21368e+07		-4.31083		0		0		3.52038e+06		775.356		
00:00:38:250		1.21442e+07		-4.30077		0		0		3.52977e+06		778.945		
00:00:38:149		1.21516e+07		-4.29069		0		0		3.54096e+06		784.454		
00:00:38:000		1.21627e+07		-4.27556		0		0		3.54726e+06		784.799		
00:00:37:799		1.21775e+07		-4.25534		0		0		3.54627e+06		781.711		
00:00:37:799		1.21775e+07		-4.25534		0		0		3.54627e+06		781.711		
00:00:37:600		1.21922e+07		-4.23511		0		0		3.55792e+06		783.917		
00:00:37:600		1.21922e+07		-4.23511		0		0		3.55792e+06		783.917		
00:00:37:500		1.21996e+07		-4.22501		0		0		3.56553e+06		785.216		
00:00:37:399		1.2207e+07		-4.21492		0		0		3.57468e+06		788.715		
00:00:37:299		1.22144e+07		-4.20486		0		0		3.58612e+06		794.439		
00:00:37:200		1.22218e+07		-4.19483		0		0		3.59249e+06		795.554		
00:00:37:100		1.22292e+07		-4.18483		0		0		3.59073e+06		793.542		
00:00:36:899		1.2244e+07		-4.1649		0		0		3.59375e+06		791.78		
00:00:36:799		1.22514e+07		-4.15495		0		0		3.60082e+06		793.365		
00:00:36:799		1.22514e+07		-4.15495		0		0		3.60082e+06		793.365		
00:00:36:700		1.22588e+07		-4.14499		0		10.9957		3.60886e+06		794.951		
00:00:36:600		1.22662e+07		-4.13501		0		0		3.61835e+06		798.831		
00:00:36:500		1.22736e+07		-4.125		0		0		3.62914e+06		804.094		
00:00:36:399		1.22811e+07		-4.11492		0		0		3.63383e+06		803.992		
00:00:36:299		1.22885e+07		-4.10478		0		0		3.63243e+06		802.766		
00:00:36:200		1.22959e+07		-4.09456		0		0		3.63377e+06		801.536		
00:00:36:100		1.23033e+07		-4.08424		0		0		3.63646e+06		801.05		
00:00:36:000		1.23108e+07		-4.07383		0		0		3.64376e+06		802.797		
00:00:35:899		1.23182e+07		-4.06333		0		0		3.65215e+06		804.496		
00:00:35:799		1.23257e+07		-4.05276		0		0		3.66173e+06		808.461		
00:00:35:700		1.23331e+07		-4.04215		0		0		3.67271e+06		813.678		
00:00:35:600		1.23406e+07		-4.03155		0		0		3.67692e+06		813.027		
00:00:35:500		1.2348e+07		-4.021		0		0		3.67529e+06		811.084		
00:00:35:399		1.23554e+07		-4.01056		0		9.97312		3.67747e+06		809.984		
00:00:35:299		1.23629e+07		-4.00026		0		11.5452		3.68306e+06		811.3		
00:00:35:149		1.23741e+07		-3.98517		0		0		3.69798e+06		816.932		
00:00:35:049		1.23816e+07		-3.97537		0		0		3.70781e+06		821.068		
00:00:34:950		1.2389e+07		-3.96576		0		0		3.71088e+06		820.335		
00:00:34:850		1.23965e+07		-3.95631		0		0		3.71077e+06		819.523		
00:00:34:750		1.2404e+07		-3.94696		0		0		3.71286e+06		818.427		
00:00:34:649		1.24115e+07		-3.93767		0		12.3497		3.71649e+06		818.269		
00:00:34:549		1.2419e+07		-3.92839		0		0		3.72473e+06		820.333		
00:00:34:450		1.24264e+07		-3.91909		0		0		3.73407e+06		823.1		
00:00:34:350		1.24339e+07		-3.90974		0		0		3.74523e+06		828.69		
00:00:34:250		1.24414e+07		-3.90032		0		0		3.75334e+06		830.526		
00:00:34:149		1.24489e+07		-3.89083		0		0		3.75271e+06		828.143		
00:00:34:049		1.24564e+07		-3.88124		0		0		3.75378e+06		827		
00:00:34:049		1.24564e+07		-3.88124		0		0		3.75378e+06		827		
00:00:33:850		1.24714e+07		-3.86177		0		0		3.76799e+06		830.971		
00:00:33:850		1.24714e+07		-3.86177		0		0		3.76799e+06		830.971		
00:00:33:750		1.2479e+07		-3.85189		0		0		3.77872e+06		835.727		
00:00:33:649		1.24865e+07		-3.84193		0		0		3.78602e+06		837.491		
00:00:33:549		1.2494e+07		-3.83189		0		0		3.78651e+06		836.194		
00:00:33:450		1.25016e+07		-3.82178		0		0		3.78805e+06		835.418		
00:00:33:350		1.25092e+07		-3.8116		0		0		3.79099e+06		834.436		
00:00:33:250		1.25167e+07		-3.80137		0		0		3.79745e+06		835.928		
00:00:33:049		1.25319e+07		-3.78075		0		0		3.8183e+06		843.445		
00:00:33:049		1.25319e+07		-3.78075		0		0		3.8183e+06		843.445		
00:00:32:799		1.25508e+07		-3.75476		0		0		3.82995e+06		844.629		
00:00:32:799		1.25508e+07		-3.75476		0		0		3.82995e+06		844.629		
00:00:32:649		1.2562e+07		-3.73908		0		0		3.83441e+06		843.724		
00:00:32:549		1.25697e+07		-3.7286		0		0		3.84239e+06		846.417		
00:00:32:450		1.25773e+07		-3.7181		0		0		3.85362e+06		851.064		
00:00:32:350		1.25849e+07		-3.70759		0		0		3.86312e+06		854.52		
00:00:32:250		1.25925e+07		-3.69706		0		0		3.86554e+06		853.435		
00:00:32:250		1.25925e+07		-3.69706		0		0		3.86554e+06		853.435		
00:00:32:149		1.26001e+07		-3.68651		0		0		3.86639e+06		852.666		
00:00:32:049		1.26077e+07		-3.67594		0		0		3.86938e+06		851.699		
00:00:31:850		1.26229e+07		-3.65476		0		0		3.88476e+06		855.178		
00:00:31:850		1.26229e+07		-3.65476		0		0		3.88476e+06		855.178		
00:00:31:750		1.26305e+07		-3.64413		0		0		3.89567e+06		859.595		
00:00:31:649		1.26381e+07		-3.6335		0		0		3.90639e+06		863.903		
00:00:31:550		1.26457e+07		-3.62285		0		0		3.91024e+06		863.152		
00:00:31:449		1.26571e+07		-3.60684		0		0		3.91153e+06		861.055		
00:00:31:300		1.26647e+07		-3.59616		0		0		3.91645e+06		861.277		
00:00:31:199		1.26723e+07		-3.58545		0		0		3.92616e+06		864.872		
00:00:31:100		1.26799e+07		-3.57474		0		0		3.93763e+06		869.444		
00:00:31:000		1.26875e+07		-3.56401		0		0		3.94607e+06		872.048		
00:00:30:800		1.27028e+07		-3.54247		0		0		3.94982e+06		870.082		
00:00:30:800		1.27028e+07		-3.54247		0		0		3.94982e+06		870.082		
00:00:30:699		1.27104e+07		-3.53166		0		0		3.95358e+06		869.337		
00:00:30:600		1.2718e+07		-3.52083		0		0		3.96054e+06		870.767		
00:00:30:500		1.27257e+07		-3.50997		0		11.1594		3.97159e+06		874.132		
00:00:30:399		1.27333e+07		-3.4991		0		0		3.98338e+06		879.274		
00:00:30:300		1.2741e+07		-3.48822		0		0		3.99302e+06		882.22		
00:00:30:199		1.27487e+07		-3.47731		0		0		3.99479e+06		880.399		
00:00:30:100		1.27564e+07		-3.46638		0		0		3.99615e+06		879.491		
00:00:29:899		1.27718e+07		-3.44448		0		0		4.00977e+06		881.886		
00:00:29:800		1.27796e+07		-3.43349		0		0		4.02203e+06		886.747		
00:00:29:800		1.27796e+07		-3.43349		0		0		4.02203e+06		886.747		
00:00:29:699		1.27874e+07		-3.42249		0		0		4.03279e+06		890.735		
00:00:29:600		1.27951e+07		-3.41146		0		0		4.03686e+06		889.992		
00:00:29:449		1.28068e+07		-3.39487		0		0		4.03987e+06		888.731		
00:00:29:350		1.28146e+07		-3.38378		0		0		4.04535e+06		888.865		
00:00:29:250		1.28224e+07		-3.37266		0		0		4.0543e+06		891.49		
00:00:29:149		1.28303e+07		-3.36151		0		11.4176		4.06621e+06		895.581		
00:00:29:050		1.28381e+07		-3.35034		0		0		4.07649e+06		899.152		
00:00:28:949		1.2846e+07		-3.33914		0		0		4.08271e+06		899.685		
00:00:28:850		1.28538e+07		-3.32792		0		0		4.08521e+06		898.579		
00:00:28:850		1.28538e+07		-3.32792		0		0		4.08521e+06		898.579		
00:00:28:649		1.28696e+07		-3.30541		0		0		4.09958e+06		902.137		
00:00:28:550		1.28775e+07		-3.29412		0		0		4.10877e+06		904.531		
00:00:28:449		1.28854e+07		-3.28281		0		0		4.11641e+06		906.421		
00:00:28:350		1.28934e+07		-3.27148		0		0		4.12357e+06		908.005		
00:00:28:250		1.29013e+07		-3.26013		0		0		4.12875e+06		907.362		
00:00:28:250		1.29013e+07		-3.26013		0		0		4.12875e+06		907.362		
00:00:28:149		1.29093e+07		-3.24876		0		0		4.1356e+06		909.631		
00:00:28:050		1.29173e+07		-3.23736		0		0		4.14611e+06		912.92		
00:00:27:850		1.29334e+07		-3.21451		0		0		4.16169e+06		917.461		
00:00:27:750		1.29414e+07		-3.20306		0		11.6085		4.16602e+06		917.109		
00:00:27:750		1.29414e+07		-3.20306		0		11.6085		4.16602e+06		917.109		
00:00:27:649		1.29495e+07		-3.19158		0		0		4.17069e+06		918.132		
00:00:27:449		1.29656e+07		-3.16855		0		0		4.18336e+06		920.909		
00:00:27:449		1.29656e+07		-3.16855		0		0		4.18336e+06		920.909		
00:00:27:350		1.29737e+07		-3.15701		0		0		4.19027e+06		922.041		
00:00:27:250		1.29818e+07		-3.14543		0		0		4.19673e+06		923.482		
00:00:27:149		1.29899e+07		-3.13384		0		0		4.20433e+06		925.792		
00:00:27:000		1.30021e+07		-3.11638		0		0		4.21457e+06		927.464		
00:00:26:800		1.30185e+07		-3.09302		0		0		4.22553e+06		930.046		
00:00:26:800		1.30185e+07		-3.09302		0		0		4.22553e+06		930.046		
00:00:26:699		1.30267e+07		-3.0813		0		0		4.23335e+06		931.372		
00:00:26:600		1.30349e+07		-3.06955		0		10.0787		4.23924e+06		931.77		
00:00:26:500		1.30432e+07		-3.05778		0		10.6291		4.24629e+06		933.692		
00:00:26:399		1.30514e+07		-3.04597		0		10.3566		4.25625e+06		937.415		
00:00:26:300		1.30597e+07		-3.03415		0		0		4.26498e+06		939.361		
00:00:26:199		1.30679e+07		-3.0223		0		10.8302		4.26758e+06		938.151		
00:00:26:100		1.30762e+07		-3.01042		0		10.1487		4.27353e+06		939.971		
00:00:26:000		1.30845e+07		-2.99851		0		10.2876		4.28118e+06		940.996		
00:00:25:800		1.31012e+07		-2.9746		0		11.0941		4.29645e+06		944.107		
00:00:25:800		1.31012e+07		-2.9746		0		11.0941		4.29645e+06		944.107		
00:00:25:699		1.31095e+07		-2.96262		0		12.0451		4.30686e+06		947.792		
00:00:25:600		1.31179e+07		-2.9506		0		10.0787		4.31659e+06		951.051		
00:00:25:500		1.31262e+07		-2.93856		0		10.9627		4.32059e+06		949.834		
00:00:25:399		1.31347e+07		-2.92649		0		11.0941		4.32496e+06		950.499		
00:00:25:300		1.31431e+07		-2.9144		0		11.0941		4.33237e+06		951.952		
00:00:25:199		1.31515e+07		-2.90227		0		11.3535		4.34042e+06		953.415		
00:00:25:100		1.316e+07		-2.89012		0		12.0451		4.34873e+06		955.032		
00:00:24:899		1.3177e+07		-2.86572		0		10.5614		4.36918e+06		962.423		
00:00:24:800		1.31855e+07		-2.85348		0		11.6085		4.37508e+06		961.765		
00:00:24:800		1.31855e+07		-2.85348		0		11.6085		4.37508e+06		961.765		
00:00:24:699		1.3194e+07		-2.8412		0		11.8595		4.37846e+06		961.986		
00:00:24:550		1.32069e+07		-2.82271		0		0		4.38966e+06		964.165		
00:00:24:449		1.32155e+07		-2.81036		0		0		4.39795e+06		965.611		
00:00:24:350		1.32241e+07		-2.79797		0		0		4.4066e+06		967.664		
00:00:24:250		1.32327e+07		-2.78555		0		0		4.41735e+06		971.505		
00:00:24:149		1.32414e+07		-2.7731		0		0		4.4273e+06		974.676		
00:00:24:050		1.325e+07		-2.76062		0		0		4.43148e+06		973.536		
00:00:23:899		1.32631e+07		-2.74186		0		0		4.43997e+06		975.029		
00:00:23:800		1.32719e+07		-2.72931		0		0		4.44815e+06		976.609		
00:00:23:800		1.32719e+07		-2.72931		0		0		4.44815e+06		976.609		
00:00:23:649		1.32851e+07		-2.71045		0		10.2183		4.46107e+06		978.988		
00:00:23:550		1.32939e+07		-2.69783		0		10.4935		4.47134e+06		982.512		
00:00:23:550		1.32939e+07		-2.69783		0		10.4935		4.47134e+06		982.512		
00:00:23:350		1.33116e+07		-2.67249		0		0		4.48889e+06		986.217		
00:00:23:250		1.33205e+07		-2.65976		0		9.93773		4.49251e+06		986.347		
00:00:23:149		1.33295e+07		-2.647		0		10.0084		4.49984e+06		987.788		
00:00:23:050		1.33384e+07		-2.6342		0		9.93773		4.50834e+06		989.462		
00:00:23:050		1.33384e+07		-2.6342		0		9.93773		4.50834e+06		989.462		
00:00:22:850		1.33564e+07		-2.60849		0		17.324		4.5266e+06		993.758		
00:00:22:850		1.33564e+07		-2.60849		0		17.324		4.5266e+06		993.758		
00:00:22:750		1.33654e+07		-2.59557		0		13.2313		4.53789e+06		997.79		
00:00:22:649		1.33745e+07		-2.58261		0		13.4588		4.54692e+06		999.398		
00:00:22:449		1.33926e+07		-2.55657		0		13.9051		4.55698e+06		999.973		
00:00:22:350		1.34018e+07		-2.54349		0		13.85		4.56541e+06		1001.63		
00:00:22:250		1.3411e+07		-2.53037		0		10.8966		4.57441e+06		1003.29		
00:00:22:149		1.34202e+07		-2.51722		0		11.6085		4.58361e+06		1005.39		
00:00:22:050		1.34293e+07		-2.50404		0		11.4815		4.59491e+06		1009.46		
00:00:21:949		1.34385e+07		-2.49083		0		10.4935		4.60532e+06		1012.53		
00:00:21:850		1.34477e+07		-2.47759		0		17.3702		4.61001e+06		1011.59		
00:00:21:850		1.34477e+07		-2.47759		0		17.3702		4.61001e+06		1011.59		
00:00:21:750		1.34569e+07		-2.4643		0		11.2891		4.61553e+06		1012.47		
00:00:21:649		1.34661e+07		-2.45098		0		17.5539		4.62384e+06		1014.15		
00:00:21:550		1.34753e+07		-2.43762		0		11.2891		4.63289e+06		1015.93		
00:00:21:449		1.34845e+07		-2.42421		0		12.2893		4.6421e+06		1017.55		
00:00:21:250		1.35031e+07		-2.39726		0		11.0286		4.66402e+06		1025.09		
00:00:21:250		1.35031e+07		-2.39726		0		11.0286		4.66402e+06		1025.09		
00:00:21:149		1.35124e+07		-2.3837		0		11.7345		4.67164e+06		1025.24		
00:00:21:050		1.35218e+07		-2.3701		0		11.9216		4.67579e+06		1025.41		
00:00:20:800		1.35455e+07		-2.33591		0		0		4.69718e+06		1029.57		
00:00:20:800		1.35455e+07		-2.33591		0		0		4.69718e+06		1029.57		
00:00:20:699		1.3555e+07		-2.32215		0		10.0787		4.70659e+06		1031.28		
00:00:20:600		1.35645e+07		-2.30835		0		10.1487		4.71746e+06		1035.09		
00:00:20:500		1.35741e+07		-2.2945		0		0		4.72899e+06		1038.96		
00:00:20:399		1.35837e+07		-2.2806		0		0		4.73588e+06		1038.62		
00:00:20:300		1.35933e+07		-2.26666		0		0		4.74058e+06		1039.09		
00:00:20:199		1.3603e+07		-2.25267		0		0		4.74877e+06		1040.71		
00:00:20:100		1.36127e+07		-2.23864		0		0		4.75807e+06		1042.55		
00:00:20:000		1.36224e+07		-2.22458		0		10.5614		4.76767e+06		1044.23		
00:00:19:800		1.36419e+07		-2.19637		0		9.93773		4.78999e+06		1051.46		
00:00:19:800		1.36419e+07		-2.19637		0		9.93773		4.78999e+06		1051.46		
00:00:19:699		1.36517e+07		-2.18222		0		10.1487		4.79951e+06		1052.95		
00:00:19:600		1.36615e+07		-2.16805		0		10.4252		4.80382e+06		1052.7		
00:00:19:500		1.36713e+07		-2.15387		0		10.4935		4.81109e+06		1053.99		
00:00:19:350		1.36861e+07		-2.13257		0		10.5614		4.82494e+06		1056.76		
00:00:19:250		1.36959e+07		-2.11838		0		11.1594		4.83462e+06		1058.45		
00:00:19:199		1.37009e+07		-2.11128		0		11.4815		4.83948e+06		1059.56		
00:00:19:100		1.37108e+07		-2.09711		0		11.4815		4.85099e+06		1063.67		
00:00:19:000		1.37207e+07		-2.08295		0		10.6291		4.86247e+06		1067.18		
00:00:18:800		1.37407e+07		-2.05468		0		11.1594		4.87428e+06		1067.41		
00:00:18:800		1.37407e+07		-2.05468		0		11.1594		4.87428e+06		1067.41		
00:00:18:699		1.37507e+07		-2.04058		0		11.2891		4.88281e+06		1069.14		
00:00:18:600		1.37608e+07		-2.02651		0		11.2891		4.89235e+06		1071.01		
00:00:18:449		1.3776e+07		-2.00549		0		12.5298		4.90709e+06		1073.82		
00:00:18:350		1.37861e+07		-1.99153		0		12.2893		4.91862e+06		1077.87		
00:00:18:250		1.37964e+07		-1.97763		0		11.4815		4.93029e+06		1081.43		
00:00:18:149		1.38066e+07		-1.96377		0		11.9834		4.93682e+06		1081.03		
00:00:18:050		1.38169e+07		-1.94996		0		12.2286		4.9428e+06		1081.9		
00:00:17:850		1.38376e+07		-1.92252		0		12.47		4.96114e+06		1085.53		
00:00:17:750		1.3848e+07		-1.9089		0		13.4588		4.97113e+06		1087.3		
00:00:17:750		1.3848e+07		-1.9089		0		13.4588		4.97113e+06		1087.3		
00:00:17:649		1.38584e+07		-1.89535		0		13.5714		4.98177e+06		1090.68		
00:00:17:550		1.38689e+07		-1.88186		0		12.5298		4.99435e+06		1094.92		
00:00:17:449		1.38794e+07		-1.86845		0		13.0586		5.0023e+06		1094.96		
00:00:17:449		1.38794e+07		-1.86845		0		13.0586		5.0023e+06		1094.96		
00:00:17:350		1.38901e+07		-1.8551		0		13.4022		5.00748e+06		1095.47		
00:00:17:250		1.39007e+07		-1.84184		0		13.6275		5.01613e+06		1097.08		
00:00:17:149		1.39115e+07		-1.82864		0		13.9051		5.02609e+06		1099.14		
00:00:16:949		1.39331e+07		-1.80234		0		13.7946		5.04808e+06		1105.69		
00:00:16:850		1.39441e+07		-1.78922		0		14.2327		5.05847e+06		1106.91		
00:00:16:850		1.39441e+07		-1.78922		0		14.2327		5.05847e+06		1106.91		
00:00:16:750		1.39551e+07		-1.77609		0		14.5012		5.06456e+06		1107.71		
00:00:16:600		1.3972e+07		-1.75635		0		15.2331		5.07808e+06		1110.32		
00:00:16:500		1.39834e+07		-1.74314		0		15.1303		5.08853e+06		1113.2		
00:00:16:300		1.40069e+07		-1.7165		0		15.4878		5.10738e+06		1116.74		
00:00:16:300		1.40069e+07		-1.7165		0		15.4878		5.10738e+06		1116.74		
00:00:16:199		1.40189e+07		-1.70306		0		15.6892		5.11673e+06		1118.67		
00:00:16:100		1.40313e+07		-1.6895		0		15.938		5.12653e+06		1120.79		
00:00:16:000		1.4044e+07		-1.67584		0		16.0859		5.1366e+06		1123.07		
00:00:15:800		1.40705e+07		-1.64825		0		16.5229		5.15596e+06		1126.97		
00:00:15:800		1.40705e+07		-1.64825		0		16.5229		5.15596e+06		1126.97		
00:00:15:699		1.40839e+07		-1.63432		0		16.7142		5.16583e+06		1129.03		
00:00:15:599		1.40973e+07		-1.62027		0		16.9038		5.17584e+06		1131.17		
00:00:15:500		1.41106e+07		-1.60609		0		17.0916		5.18587e+06		1133.25		
00:00:15:400		1.41237e+07		-1.59174		0		17.3702		5.19586e+06		1135.33		
00:00:15:199		1.41487e+07		-1.5624		0		17.7361		5.21613e+06		1139.59		
00:00:15:199		1.41487e+07		-1.5624		0		17.7361		5.21613e+06		1139.59		
00:00:15:099		1.41601e+07		-1.54744		0		17.9168		5.22634e+06		1141.73		
00:00:15:000		1.4171e+07		-1.53237		0		18.1405		5.23657e+06		1143.87		
00:00:14:800		1.41924e+07		-1.50204		0		18.5814		5.25713e+06		1148.17		
00:00:14:800		1.41924e+07		-1.50204		0		18.5814		5.25713e+06		1148.17		
00:00:14:699		1.4203e+07		-1.4868		0		18.7986		5.26747e+06		1150.33		
00:00:14:599		1.42138e+07		-1.47148		0		19.0137		5.27787e+06		1152.5		
00:00:14:500		1.42244e+07		-1.45615		0		19.0992		5.28831e+06		1154.67		
00:00:14:400		1.4235e+07		-1.44075		0		19.3116		5.29879e+06		1156.86		
00:00:14:300		1.42456e+07		-1.4253		0		19.5221		5.30932e+06		1159.04		
00:00:14:199		1.42562e+07		-1.40979		0		19.7721		5.31991e+06		1161.24		
00:00:14:099		1.42667e+07		-1.3943		0		20.1015		5.33057e+06		1163.45		
00:00:14:000		1.42769e+07		-1.37873		0		20.3051		5.3413e+06		1165.67		
00:00:13:900		1.42877e+07		-1.36319		0		20.5472		5.3521e+06		1167.91		
00:00:13:750		1.43039e+07		-1.3398		0		20.8663		5.36841e+06		1171.3		
00:00:13:650		1.43146e+07		-1.32414		0		21.1029		5.37937e+06		1173.58		
00:00:13:550		1.43254e+07		-1.30843		0		21.2984		5.39038e+06		1175.85		
00:00:13:449		1.4336e+07		-1.29267		0.132648		21.4924		5.40143e+06		1178.12		
00:00:13:349		1.43467e+07		-1.27686		0.264947		21.685		5.41257e+06		1180.42		
00:00:13:250		1.43572e+07		-1.26099		0.396126		21.9141		5.42379e+06		1182.74		
00:00:13:150		1.43678e+07		-1.24507		0.525545		22.1413		5.4351e+06		1185.07		
00:00:13:050		1.43783e+07		-1.22908		0.65247		22.3664		5.44649e+06		1187.42		
00:00:12:949		1.43887e+07		-1.21305		0.77622		22.5155		5.45797e+06		1189.78		
00:00:12:949		1.43887e+07		-1.21305		0.77622		22.5155		5.45797e+06		1189.78		
00:00:12:750		1.44094e+07		-1.1808		1.01212		22.9211		5.48119e+06		1194.56		
00:00:12:750		1.44094e+07		-1.1808		1.01212		22.9211		5.48119e+06		1194.56		
00:00:12:650		1.44195e+07		-1.16458		1.12337		23.0671		5.49293e+06		1196.98		
00:00:12:449		1.44392e+07		-1.13194		1.33086		23.4287		5.51675e+06		1201.86		
00:00:12:349		1.44486e+07		-1.11558		1.42661		23.6077		5.52883e+06		1204.34		
00:00:12:250		1.44583e+07		-1.09927		1.51703		23.7145		5.54102e+06		1206.84		
00:00:12:150		1.44685e+07		-1.083		1.60215		23.8563		5.55332e+06		1209.36		
00:00:12:050		1.4479e+07		-1.06666		1.68143		23.9974		5.5657e+06		1211.9		
00:00:12:050		1.4479e+07		-1.06666		1.68143		23.9974		5.5657e+06		1211.9		
00:00:11:849		1.44985e+07		-1.03365		1.82247		24.1728		5.59083e+06		1217.02		
00:00:11:849		1.44985e+07		-1.03365		1.82247		24.1728		5.59083e+06		1217.02		
00:00:11:750		1.45081e+07		-1.01699		1.88832		24.2775		5.60359e+06		1219.62		
00:00:11:650		1.45171e+07		-1.00021		1.95487		24.3818		5.61652e+06		1222.26		
00:00:11:550		1.45252e+07		-0.983329		2.01865		25.4715		5.6296e+06		1224.94		
00:00:11:449		1.45362e+07		-0.958099		2.11728		36.2352		5.64949e+06		1229.03		
00:00:11:349		1.45399e+07		-0.949762		2.15175		38.7499		5.65619e+06		1230.43		
00:00:11:199		1.45517e+07		-0.925014		2.24		44.4682		5.67647e+06		1234.66		
00:00:11:099		1.45603e+07		-0.908759		2.29542		47.1165		5.69006e+06		1237.53		
00:00:11:000		1.45696e+07		-0.892712		2.34073		49.1364		5.70366e+06		1240.39		
00:00:10:900		1.45798e+07		-0.876834		2.38352		50.7417		5.71724e+06		1243.21		
00:00:10:800		1.45906e+07		-0.86101		2.42411		52.0735		5.73082e+06		1246.02		
00:00:10:699		1.46014e+07		-0.845193		2.46248		53.2198		5.74446e+06		1248.86		
00:00:10:599		1.46121e+07		-0.829385		2.49862		54.1409		5.75819e+06		1251.74		
00:00:10:500		1.46228e+07		-0.813578		2.53282		54.9142		5.77199e+06		1254.64		
00:00:10:400		1.46336e+07		-0.797775		2.56541		55.4793		5.78582e+06		1257.55		
00:00:10:300		1.46443e+07		-0.781983		2.59662		56.0063		5.79961e+06		1260.43		
00:00:10:199		1.4655e+07		-0.766207		2.62701		56.5124		5.81334e+06		1263.28		
00:00:10:099		1.46657e+07		-0.750451		2.65462		56.9982		5.82711e+06		1266.13		
00:00:10:000		1.46764e+07		-0.734717		2.68085		57.4161		5.84093e+06		1269.01		
00:00:09:800		1.46976e+07		-0.703325		2.72793		58.0852		5.86877e+06		1274.87		
00:00:09:800		1.46976e+07		-0.703325		2.72793		58.0852		5.86877e+06		1274.87		
00:00:09:699		1.47082e+07		-0.687675		2.74969		58.3382		5.88268e+06		1277.78		
00:00:09:599		1.47188e+07		-0.672074		2.77042		58.5902		5.89652e+06		1280.65		
00:00:09:500		1.47293e+07		-0.656511		2.79033		58.8881		5.91033e+06		1283.49		
00:00:09:400		1.47399e+07		-0.640991		2.80913		59.2314		5.92417e+06		1286.34		
00:00:09:300		1.47504e+07		-0.625519		2.82685		60.9808		5.93809e+06		1289.21		
00:00:09:199		1.47608e+07		-0.610095		2.84359		72.095		5.95206e+06		1292.11		
00:00:09:099		1.47712e+07		-0.594728		2.85924		59.4023		5.96608e+06		1295.01		
00:00:08:900		1.4792e+07		-0.564183		2.88946		59.6346		5.99415e+06		1300.8		
00:00:08:800		1.48024e+07		-0.549008		2.90375		59.7273		6.00824e+06		1303.72		
00:00:08:800		1.48024e+07		-0.549008		2.90375		59.7273		6.00824e+06		1303.72		
00:00:08:699		1.48127e+07		-0.533897		2.91677		59.8044		6.02237e+06		1306.67		
00:00:08:599		1.4823e+07		-0.518863		2.9289		59.8661		6.03651e+06		1309.63		
00:00:08:500		1.48333e+07		-0.503911		2.94017		59.8198		6.05055e+06		1312.52		
00:00:08:400		1.48436e+07		-0.489046		2.95134		59.6964		6.06447e+06		1315.33		
00:00:08:250		1.48589e+07		-0.466921		2.96709		59.5727		6.08524e+06		1319.39		
00:00:08:150		1.48691e+07		-0.452293		2.97633		59.6037		6.09923e+06		1322.1		
00:00:08:050		1.48792e+07		-0.437765		2.98546		59.5882		6.1135e+06		1324.88		
00:00:07:950		1.48894e+07		-0.423335		2.99422		59.4643		6.12807e+06		1327.69		
00:00:07:849		1.48996e+07		-0.409002		3.00195		59.2936		6.14288e+06		1330.49		
00:00:07:750		1.49098e+07		-0.394776		3.00918		59.1068		6.15801e+06		1333.32		
00:00:07:750		1.49098e+07		-0.394776		3.00918		59.1068		6.15801e+06		1333.32		
00:00:07:650		1.492e+07		-0.380663		3.01587		58.8881		6.17358e+06		1336.25		
00:00:07:450		1.49403e+07		-0.352789		3.02853		58.0376		6.20658e+06		1342.78		
00:00:07:450		1.49403e+07		-0.352789		3.02853		58.0376		6.20658e+06		1342.78		
00:00:07:349		1.49505e+07		-0.339052		3.03421		57.2235		6.22381e+06		1346.3		
00:00:07:150		1.4971e+07		-0.311946		3.04574		55.2805		6.25885e+06		1353.51		
00:00:07:049		1.49813e+07		-0.29856		3.05031		54.0902		6.27649e+06		1357.12		
00:00:07:049		1.49813e+07		-0.29856		3.05031		54.0902		6.27649e+06		1357.12		
00:00:06:950		1.49917e+07		-0.2853		3.05319		52.8749		6.29416e+06		1360.71		
00:00:06:750		1.50128e+07		-0.259199		3.05849		50.3448		6.32976e+06		1367.94		
00:00:06:750		1.50128e+07		-0.259199		3.05849		50.3448		6.32976e+06		1367.94		
00:00:06:650		1.50235e+07		-0.246335		3.06078		48.988		6.3477e+06		1371.57		
00:00:06:549		1.50343e+07		-0.233584		3.06253		47.5383		6.36573e+06		1375.22		
00:00:06:450		1.50453e+07		-0.220931		3.06316		45.9087		6.38383e+06		1378.86		
00:00:06:349		1.50565e+07		-0.208354		3.06291		43.9785		6.40199e+06		1382.45		
00:00:06:200		1.50735e+07		-0.189569		3.06123		40.065		6.4293e+06		1387.7		
00:00:06:099		1.5084e+07		-0.176936		3.06047		39.2079		6.4476e+06		1391.05		
00:00:05:900		1.51018e+07		-0.151859		3.05554		36.6005		6.48559e+06		1398.05		
00:00:05:849		1.51063e+07		-0.145708		3.05367		35.4944		6.49533e+06		1399.7		
00:00:05:849		1.51063e+07		-0.145708		3.05367		35.4944		6.49533e+06		1399.7		
00:00:05:700		1.51197e+07		-0.127518		3.04642		32.2176		6.52451e+06		1403.37		
00:00:05:599		1.51289e+07		-0.115633		3.04095		30.0889		6.54371e+06		1403.14		
00:00:05:500		1.51382e+07		-0.10395		3.03515		28.0644		6.56237e+06		1397.09		
00:00:05:400		1.51478e+07		-0.092453		3.02646		26.2956		6.58013e+06		1377.22		
00:00:05:299		1.51576e+07		-0.0811338		3.01575		24.6582		6.5967e+06		1319.34		
00:00:05:200		1.51676e+07		-0.069983		3.00525		23.1761		6.61209e+06		1263.62		
00:00:05:099		1.51777e+07		-0.05897		2.99556		21.838		6.62638e+06		1211.68		
00:00:05:000		1.51879e+07		-0.0480924		2.98517		20.6673		6.63968e+06		1164.09		
00:00:04:799		1.5208e+07		-0.026804		2.95878		19.0137		6.66367e+06		1082.49		
00:00:04:799		1.5208e+07		-0.026804		2.95878		19.0137		6.66367e+06		1082.49		
00:00:04:700		1.52181e+07		-0.0164113		2.94349		21.1029		6.67453e+06		1048.15		
00:00:04:599		1.5228e+07		-0.00618505		2.93106		30.6334		6.68474e+06		1017.72		
00:00:04:500		1.52379e+07		0.00387573		2.91967		39.998		6.69436e+06		990.799		
00:00:04:400		1.52478e+07		0.0137706		2.90499		48.2964		6.70347e+06		967.013		
00:00:04:299		1.52576e+07		0.0234876		2.88351		55.957		6.71212e+06		945.964		
00:00:04:200		1.52674e+07		0.0330052		2.86128		63.2278		6.72036e+06		927.268		
00:00:04:099		1.52771e+07		0.0422807		2.84599		70.2501		6.72822e+06		910.534		
00:00:04:000		1.52867e+07		0.051312		2.83853		77.0884		6.73571e+06		895.374		
00:00:03:899		1.52963e+07		0.060113		2.82588		83.7522		6.74286e+06		881.393		
00:00:03:799		1.53058e+07		0.0687089		2.7945		90.2264		6.74968e+06		868.131		
00:00:03:700		1.53154e+07		0.077105		2.75759		96.4986		6.75616e+06		855.037		
00:00:03:600		1.53253e+07		0.0852661		2.74085		102.595		6.76231e+06		841.434		
00:00:03:500		1.53352e+07		0.0931034		2.75451		108.659		6.76812e+06		826.562		
00:00:03:399		1.53449e+07		0.100494		2.76002		114.487		6.77363e+06		812.606		
00:00:03:299		1.53539e+07		0.107357		2.7014		119.851		6.77885e+06		799.582		
00:00:03:200		1.53617e+07		0.113777		2.6138		124.961		6.78384e+06		787.608		
00:00:03:100		1.53688e+07		0.11975		2.58517		130.258		6.78867e+06		776.888		
00:00:03:000		1.53765e+07		0.125769		2.68647		135.874		6.79343e+06		767.81		
00:00:02:850		1.53896e+07		0.134658		2.77429		145.93		6.80067e+06		758.797		
00:00:02:750		1.53986e+07		0.140284		2.81097		157.886		6.80579e+06		757.68		
00:00:02:649		1.54077e+07		0.145687		2.83658		181.557		6.81139e+06		762.921		
00:00:02:549		1.54169e+07		0.150862		2.85533		221.695		6.81774e+06		778.142		
00:00:02:450		1.54264e+07		0.155753		2.86539		268.175		6.82515e+06		808.419		
00:00:02:350		1.54364e+07		0.160234		2.87538		314.317		6.83384e+06		861.16		
00:00:02:250		1.54465e+07		0.164134		2.88418		357.302		6.84372e+06		938.231		
00:00:02:149		1.54561e+07		0.167303		2.88045		395.69		6.85433e+06		965.078		
00:00:02:049		1.54644e+07		0.169668		2.87737		429.106		6.86547e+06		997.107		
00:00:01:949		1.54707e+07		0.171259		2.87326		457.835		6.87688e+06		1015.21		
00:00:01:850		1.54748e+07		0.172194		2.86637		482.143		6.88825e+06		1017.6		
00:00:01:750		1.54772e+07		0.172652		2.85645		501.556		6.89934e+06		1009.33		
00:00:01:649		1.54783e+07		0.172822		2.84605		514.425		6.90981e+06		999.835		
00:00:01:649		1.54783e+07		0.172822		2.84605		514.425		6.90981e+06		999.835		
00:00:01:550		1.54786e+07		0.172858		2.8386		520.891		6.91944e+06		989.829		
00:00:01:449		1.54787e+07		0.172853		2.83659		526.403		6.92999e+06		978.809		
00:00:01:350		1.54786e+07		0.172845		2.8357		529.31		6.94048e+06		962.994		
00:00:01:149		1.54786e+07		0.172839		2.83569		530.243		6.95758e+06		903.063		
00:00:01:149		1.54786e+07		0.172839		2.83569		530.243		6.95758e+06		903.063		
00:00:01:050		1.54786e+07		0.172839		2.83571		530.193		6.96277e+06		845.746		
00:00:00:849		1.54786e+07		0.172839		2.83575		530.201		6.96487e+06		526.823		
00:00:00:750		1.54786e+07		0.17284		2.83574		530.203		6.96486e+06		526.823		
00:00:00:750		1.54786e+07		0.17284		2.83574		530.203		6.96486e+06		526.823		
00:00:00:650		1.54786e+07		0.172839		2.83569		530.204		6.96486e+06		526.823		
00:00:00:550		1.54786e+07		0.17284		2.83569		530.21		6.96485e+06		526.824		
00:00:00:450		1.54786e+07		0.17284		2.83569		530.212		6.96485e+06		526.825		
00:00:00:349		1.54786e+07		0.17284		2.83573		530.214		6.96485e+06		526.825		
00:00:00:250		1.54786e+07		0.17284		2.83572		530.217		6.96484e+06		526.831		
00:00:00:149		1.54785e+07		0.17284		2.83572		530.221		6.96484e+06		526.817		
00:00:00:000		1.54785e+07		0.17284		2.83571		530.225		6.96483e+06		526.826		
00:00:00:000		1.54785e+07		0.17284		2.83571		530.225		6.96483e+06		526.826		
00:00:00:000		1.54785e+07		0.17284		2.83571		530.225		6.96483e+06		526.826		
00:00:00:000		1.54785e+07		0.17284		2.83571		530.225		6.96483e+06		526.826		
00:00:00:000		1.54785e+07		0.17284		2.83571		530.225		6.96483e+06		526.826		
00:00:00:000		1.54785e+07		0.17284		2.83571		530.225		6.96483e+06		526.826		
