	time 		rcpppzr	rcp054rcp007mnzoyout	rcv501std0102fvol	fwfrcp001gv	rcppmssga	msfsg(1)	
00:01:07:799		1.05389e+07		-5.83391		0		0		2.79158e+06		484.504		
00:01:07:700		1.05452e+07		-5.83302		0		0		2.79725e+06		486.043		
00:01:07:599		1.05515e+07		-5.83209		0		0		2.80352e+06		487.445		
00:01:07:500		1.05578e+07		-5.83114		0		0		2.80885e+06		488.474		
00:01:07:299		1.05703e+07		-5.82915		0		0		2.81836e+06		491.508		
00:01:07:299		1.05703e+07		-5.82915		0		0		2.81836e+06		491.508		
00:01:07:099		1.05825e+07		-5.82705		0		0		2.82397e+06		491.103		
00:01:07:000		1.05885e+07		-5.82596		0		0		2.82508e+06		491.479		
00:01:07:000		1.05885e+07		-5.82596		0		0		2.82508e+06		491.479		
00:01:06:900		1.05946e+07		-5.82483		0		0		2.82895e+06		492.174		
00:01:06:799		1.06007e+07		-5.82368		0		0		2.83274e+06		491.892		
00:01:06:700		1.06068e+07		-5.82249		0		0		2.83659e+06		493.2		
00:01:06:599		1.06128e+07		-5.82127		0		0		2.84029e+06		493.272		
00:01:06:500		1.06189e+07		-5.82001		0		0		2.84415e+06		493.538		
00:01:06:400		1.06251e+07		-5.81872		0		0		2.84937e+06		495.063		
00:01:06:299		1.06313e+07		-5.8174		0		0		2.85585e+06		496.445		
00:01:06:099		1.06436e+07		-5.81463		0		0		2.86651e+06		498.738		
00:01:06:000		1.06498e+07		-5.81319		0		0		2.87129e+06		500.46		
00:01:06:000		1.06498e+07		-5.81319		0		0		2.87129e+06		500.46		
00:01:05:799		1.06618e+07		-5.81021		0		0		2.87806e+06		500.857		
00:01:05:799		1.06618e+07		-5.81021		0		0		2.87806e+06		500.857		
00:01:05:700		1.06678e+07		-5.80865		0		0		2.87829e+06		500.645		
00:01:05:599		1.06738e+07		-5.80706		0		0		2.88158e+06		501.276		
00:01:05:500		1.06799e+07		-5.80542		0		0		2.88544e+06		501.913		
00:01:05:400		1.06859e+07		-5.80374		0		0		2.88927e+06		502.446		
00:01:05:299		1.0692e+07		-5.80201		0		0		2.89296e+06		502.568		
00:01:05:200		1.0698e+07		-5.80024		0		0		2.89659e+06		502.546		
00:01:05:099		1.07042e+07		-5.79843		0		0		2.90126e+06		503.624		
00:01:05:000		1.07104e+07		-5.79657		0		0		2.90767e+06		505.292		
00:01:04:849		1.07196e+07		-5.7937		0		0		2.91646e+06		507.084		
00:01:04:750		1.07256e+07		-5.79174		0		0		2.92136e+06		508.37		
00:01:04:650		1.07317e+07		-5.78974		0		0		2.92621e+06		510.312		
00:01:04:549		1.07376e+07		-5.78769		0		0		2.93059e+06		511.35		
00:01:04:450		1.07436e+07		-5.7856		0		0		2.93185e+06		509.887		
00:01:04:349		1.07495e+07		-5.78346		0		0		2.93218e+06		509.985		
00:01:04:250		1.07555e+07		-5.78128		0		0		2.93588e+06		510.79		
00:01:04:150		1.07615e+07		-5.77905		0		0		2.93966e+06		511.317		
00:01:04:049		1.07674e+07		-5.77679		0		0		2.94348e+06		511.811		
00:01:03:950		1.07734e+07		-5.77448		0		0		2.9471e+06		511.88		
00:01:03:850		1.07794e+07		-5.77213		0		0		2.95076e+06		510.637		
00:01:03:850		1.07794e+07		-5.77213		0		0		2.95076e+06		510.637		
00:01:03:750		1.07855e+07		-5.76974		0		0		2.95581e+06		513.157		
00:01:03:549		1.07916e+07		-5.76732		0		0		2.96244e+06		514.819		
00:01:03:549		1.07978e+07		-5.76485		0		0		2.96844e+06		516.014		
00:01:03:450		1.0804e+07		-5.76235		0		0		2.97349e+06		517.226		
00:01:03:350		1.08101e+07		-5.75981		0		0		2.97837e+06		519.055		
00:01:03:100		1.08251e+07		-5.7533		0		0		2.98494e+06		518.847		
00:01:03:000		1.08312e+07		-5.75063		0		0		2.98574e+06		519.203		
00:01:03:000		1.08312e+07		-5.75063		0		0		2.98574e+06		519.203		
00:01:02:899		1.08372e+07		-5.74792		0		0		2.98964e+06		519.926		
00:01:02:799		1.08432e+07		-5.74518		0		0		2.99338e+06		520.571		
00:01:02:700		1.08493e+07		-5.74239		0		0		2.99717e+06		520.98		
00:01:02:649		1.08523e+07		-5.74098		0		0		2.99898e+06		520.984		
00:01:02:549		1.08584e+07		-5.73813		0		0		3.0025e+06		520.824		
00:01:02:450		1.08645e+07		-5.73523		0		0		3.00692e+06		521.82		
00:01:02:350		1.08708e+07		-5.73229		0		0		3.01335e+06		523.528		
00:01:02:250		1.08802e+07		-5.7278		0		0		3.02224e+06		525.345		
00:01:02:000		1.08928e+07		-5.72166		0		0		3.03212e+06		528.935		
00:01:02:000		1.08928e+07		-5.72166		0		0		3.03212e+06		528.935		
00:01:01:899		1.0899e+07		-5.71853		0		0		3.03653e+06		529.921		
00:01:01:799		1.09052e+07		-5.71535		0		0		3.03705e+06		527.953		
00:01:01:700		1.09115e+07		-5.71212		0		0		3.03684e+06		528.102		
00:01:01:600		1.09179e+07		-5.70885		0		0		3.04046e+06		528.755		
00:01:01:500		1.09243e+07		-5.70553		0		0		3.04412e+06		529.419		
00:01:01:399		1.09307e+07		-5.70216		0		0		3.04782e+06		529.901		
00:01:01:299		1.09371e+07		-5.69875		0		0		3.05128e+06		529.64		
00:01:01:100		1.09501e+07		-5.69179		0		0		3.06023e+06		531.366		
00:01:01:000		1.09567e+07		-5.68824		0		0		3.06689e+06		533.02		
00:01:01:000		1.09567e+07		-5.68824		0		0		3.06689e+06		533.02		
00:01:00:899		1.09633e+07		-5.68465		0		0		3.07257e+06		532.97		
00:01:00:799		1.09698e+07		-5.68101		0		0		3.07747e+06		535.426		
00:01:00:700		1.09763e+07		-5.67734		0		0		3.08236e+06		537.68		
00:01:00:600		1.09828e+07		-5.67362		0		0		3.08672e+06		538.777		
00:01:00:500		1.09892e+07		-5.66987		0		0		3.08715e+06		536.725		
00:01:00:399		1.09955e+07		-5.66607		0		0		3.08644e+06		536.629		
00:01:00:299		1.1002e+07		-5.66223		0		0		3.08991e+06		537.305		
00:01:00:200		1.10083e+07		-5.65834		0		0		3.09354e+06		537.945		
00:01:00:100		1.10147e+07		-5.65441		0		0		3.09719e+06		538.355		
00:01:00:000		1.1021e+07		-5.65044		0		0		3.10057e+06		538.183		
00:00:59:950		1.10242e+07		-5.64844		0		0		3.10221e+06		538.063		
00:00:59:850		1.10306e+07		-5.6444		0		0		3.10633e+06		538.942		
00:00:59:700		1.10403e+07		-5.63824		0		0		3.11592e+06		541.411		
00:00:59:600		1.10467e+07		-5.63408		0		0		3.12151e+06		542.518		
00:00:59:500		1.10531e+07		-5.62988		0		0		3.12635e+06		543.93		
00:00:59:399		1.10594e+07		-5.62563		0		0		3.13127e+06		546.356		
00:00:59:299		1.10657e+07		-5.62134		0		0		3.13553e+06		547.229		
00:00:59:200		1.1072e+07		-5.61701		0		0		3.13536e+06		545.013		
00:00:59:100		1.10783e+07		-5.61262		0		0		3.13467e+06		545.072		
00:00:59:000		1.10846e+07		-5.60819		0		0		3.13808e+06		545.654		
00:00:58:899		1.10909e+07		-5.60371		0		0		3.14154e+06		546.284		
00:00:58:799		1.10972e+07		-5.59918		0		0		3.14507e+06		546.614		
00:00:58:799		1.10972e+07		-5.59918		0		0		3.14507e+06		546.614		
00:00:58:700		1.11034e+07		-5.59461		0		0		3.14825e+06		546.291		
00:00:58:500		1.11161e+07		-5.5853		0		0		3.15722e+06		548.229		
00:00:58:399		1.11226e+07		-5.58058		0		0		3.16378e+06		549.699		
00:00:58:299		1.1129e+07		-5.57581		0		0		3.16912e+06		550.768		
00:00:58:299		1.1129e+07		-5.57581		0		0		3.16912e+06		550.768		
00:00:58:100		1.11419e+07		-5.56616		0		0		3.17887e+06		554.936		
00:00:58:100		1.11419e+07		-5.56616		0		0		3.17887e+06		554.936		
00:00:58:000		1.11483e+07		-5.56127		0		0		3.18277e+06		555.338		
00:00:57:899		1.11547e+07		-5.55633		0		0		3.18163e+06		552.87		
00:00:57:750		1.11643e+07		-5.54883		0		0		3.1828e+06		553.469		
00:00:57:649		1.11708e+07		-5.54377		0		0		3.18625e+06		554.069		
00:00:57:549		1.11772e+07		-5.53867		0		0		3.1897e+06		554.553		
00:00:57:450		1.11836e+07		-5.53351		0		0		3.19286e+06		554.363		
00:00:57:350		1.119e+07		-5.5283		0		0		3.19582e+06		554.081		
00:00:57:149		1.12031e+07		-5.51772		0		0		3.207e+06		557.076		
00:00:57:049		1.12096e+07		-5.51236		0		0		3.21264e+06		558.173		
00:00:57:049		1.12096e+07		-5.51236		0		0		3.21264e+06		558.173		
00:00:56:950		1.12162e+07		-5.50694		0		0		3.21753e+06		559.528		
00:00:56:850		1.12227e+07		-5.50148		0		0		3.22253e+06		562.059		
00:00:56:750		1.12292e+07		-5.49598		0		0		3.22723e+06		563.839		
00:00:56:649		1.12356e+07		-5.49042		0		0		3.22756e+06		561.434		
00:00:56:549		1.12421e+07		-5.48481		0		0		3.22536e+06		559.795		
00:00:56:450		1.12485e+07		-5.47914		0		0		3.22794e+06		561.241		
00:00:56:350		1.1255e+07		-5.47342		0		0		3.23146e+06		561.031		
00:00:56:149		1.12679e+07		-5.4618		0		0		3.23824e+06		562.025		
00:00:56:049		1.12743e+07		-5.45587		0		0		3.24131e+06		562.002		
00:00:56:049		1.12743e+07		-5.45587		0		0		3.24131e+06		562.002		
00:00:55:950		1.12808e+07		-5.44987		0		0		3.24644e+06		563.608		
00:00:55:850		1.12874e+07		-5.4438		0		0		3.25288e+06		564.932		
00:00:55:750		1.12939e+07		-5.43767		0		0		3.25816e+06		565.98		
00:00:55:600		1.13037e+07		-5.42837		0		0		3.26588e+06		569.14		
00:00:55:549		1.1307e+07		-5.42524		0		0		3.26861e+06		570.6		
00:00:55:450		1.13134e+07		-5.41894		0		0		3.27263e+06		571.069		
00:00:55:350		1.13198e+07		-5.41259		0		0		3.27118e+06		568.276		
00:00:55:250		1.13262e+07		-5.40619		0		0		3.26995e+06		568.163		
00:00:55:149		1.13359e+07		-5.39648		0		0		3.27553e+06		569.289		
00:00:55:000		1.13423e+07		-5.38996		0		0		3.27945e+06		569.921		
00:00:54:899		1.13487e+07		-5.3834		0		0		3.28308e+06		570.003		
00:00:54:799		1.13551e+07		-5.37681		0		0		3.28642e+06		569.872		
00:00:54:700		1.13615e+07		-5.37019		0		0		3.29093e+06		571.11		
00:00:54:600		1.1368e+07		-5.36356		0		0		3.2972e+06		572.486		
00:00:54:500		1.13744e+07		-5.3569		0		0		3.30265e+06		573.288		
00:00:54:399		1.13809e+07		-5.35024		0		0		3.30776e+06		575.202		
00:00:54:299		1.13873e+07		-5.34358		0		0		3.31397e+06		578.626		
00:00:54:200		1.13936e+07		-5.33691		0		0		3.31824e+06		578.847		
00:00:54:100		1.13999e+07		-5.33023		0		0		3.31651e+06		576.023		
00:00:54:000		1.14062e+07		-5.32354		0		0		3.31527e+06		575.693		
00:00:53:899		1.14125e+07		-5.31681		0		0		3.31902e+06		576.534		
00:00:53:899		1.14125e+07		-5.31681		0		0		3.31902e+06		576.534		
00:00:53:799		1.14188e+07		-5.31006		0		0		3.32333e+06		577.202		
00:00:53:700		1.14251e+07		-5.30327		0		0		3.32747e+06		577.959		
00:00:53:600		1.14313e+07		-5.29646		0		0		3.33126e+06		577.983		
00:00:53:500		1.14375e+07		-5.28959		0		0		3.33509e+06		578.412		
00:00:53:399		1.14438e+07		-5.28269		0		0		3.3405e+06		579.835		
00:00:53:299		1.14502e+07		-5.27574		0		0		3.34646e+06		580.893		
00:00:53:100		1.14629e+07		-5.26175		0		0		3.35744e+06		585.468		
00:00:53:100		1.14629e+07		-5.26175		0		0		3.35744e+06		585.468		
00:00:53:000		1.14692e+07		-5.25471		0		0		3.36301e+06		587.376		
00:00:52:899		1.14785e+07		-5.24408		0		0		3.36135e+06		583.455		
00:00:52:750		1.14848e+07		-5.23695		0		0		3.36074e+06		583.37		
00:00:52:649		1.14911e+07		-5.22977		0		0		3.36508e+06		584.389		
00:00:52:549		1.14974e+07		-5.22256		0		0		3.36974e+06		585.217		
00:00:52:450		1.15037e+07		-5.21532		0		0		3.37413e+06		585.825		
00:00:52:350		1.151e+07		-5.20804		0		0		3.37828e+06		586.084		
00:00:52:149		1.15227e+07		-5.19336		0		0		3.38796e+06		587.901		
00:00:52:049		1.15291e+07		-5.18597		0		0		3.39387e+06		589.08		
00:00:52:049		1.15291e+07		-5.18597		0		0		3.39387e+06		589.08		
00:00:51:950		1.15354e+07		-5.17854		0		0		3.39946e+06		591.307		
00:00:51:850		1.15418e+07		-5.17109		0		0		3.40579e+06		594.728		
00:00:51:750		1.15481e+07		-5.1636		0		0		3.40975e+06		594.726		
00:00:51:649		1.15544e+07		-5.15607		0		0		3.40738e+06		591.765		
00:00:51:549		1.15607e+07		-5.1485		0		0		3.40573e+06		590.705		
00:00:51:450		1.1567e+07		-5.14088		0		0		3.40916e+06		591.829		
00:00:51:350		1.15734e+07		-5.13321		0		0		3.41435e+06		592.705		
00:00:51:250		1.15798e+07		-5.12551		0		0		3.41907e+06		593.343		
00:00:51:049		1.15926e+07		-5.10997		0		0		3.4284e+06		594.438		
00:00:51:049		1.15926e+07		-5.10997		0		0		3.4284e+06		594.438		
00:00:50:950		1.15991e+07		-5.10214		0		0		3.43407e+06		595.736		
00:00:50:850		1.16055e+07		-5.09429		0		0		3.44028e+06		597.189		
00:00:50:750		1.16119e+07		-5.08641		0		0		3.44642e+06		600.272		
00:00:50:649		1.16215e+07		-5.07455		0		0		3.45484e+06		603.034		
00:00:50:500		1.16278e+07		-5.06662		0		0		3.4533e+06		600.314		
00:00:50:450		1.1631e+07		-5.06265		0		0		3.45167e+06		599.147		
00:00:50:299		1.16405e+07		-5.0507		0		0		3.45269e+06		599.113		
00:00:50:100		1.16533e+07		-5.0347		0		0		3.46319e+06		601.059		
00:00:50:000		1.16597e+07		-5.02669		0		0		3.46802e+06		601.437		
00:00:50:000		1.16597e+07		-5.02669		0		0		3.46802e+06		601.437		
00:00:49:899		1.16662e+07		-5.01866		0		0		3.47305e+06		601.935		
00:00:49:799		1.16727e+07		-5.01062		0		0		3.47908e+06		603.32		
00:00:49:700		1.16792e+07		-5.0026		0		0		3.48578e+06		605.176		
00:00:49:600		1.16856e+07		-4.99458		0		0		3.49259e+06		608.582		
00:00:49:500		1.1692e+07		-4.98658		0		0		3.49891e+06		611.405		
00:00:49:450		1.16952e+07		-4.98257		0		0		3.5002e+06		610.502		
00:00:49:350		1.17016e+07		-4.97456		0		0		3.49767e+06		608.337		
00:00:49:200		1.17111e+07		-4.96248		0		0		3.49602e+06		606.118		
00:00:49:100		1.17175e+07		-4.95437		0		0		3.50039e+06		607.252		
00:00:49:000		1.17239e+07		-4.94623		0		0		3.50575e+06		608.053		
00:00:48:899		1.17304e+07		-4.93806		0		0		3.51094e+06		608.637		
00:00:48:799		1.17369e+07		-4.92986		0		0		3.51609e+06		609.118		
00:00:48:700		1.17434e+07		-4.92164		0		0		3.52191e+06		610.282		
00:00:48:600		1.175e+07		-4.91342		0		0		3.5289e+06		612.357		
00:00:48:500		1.17565e+07		-4.9052		0		0		3.53645e+06		616.245		
00:00:48:399		1.17629e+07		-4.89698		0		0		3.54364e+06		618.985		
00:00:48:299		1.17694e+07		-4.88876		0		0		3.54498e+06		617.397		
00:00:48:200		1.17758e+07		-4.88053		0		0		3.54202e+06		615.057		
00:00:48:100		1.17822e+07		-4.87226		0		0		3.54135e+06		613.455		
00:00:48:100		1.17822e+07		-4.87226		0		0		3.54135e+06		613.455		
00:00:47:899		1.17951e+07		-4.8556		0		0		3.55013e+06		615.584		
00:00:47:899		1.17951e+07		-4.8556		0		0		3.55013e+06		615.584		
00:00:47:799		1.18016e+07		-4.84722		0		0		3.55517e+06		616.06		
00:00:47:549		1.18179e+07		-4.82623		0		0		3.57026e+06		618.951		
00:00:47:549		1.18179e+07		-4.82623		0		0		3.57026e+06		618.951		
00:00:47:500		1.18212e+07		-4.82203		0		0		3.57421e+06		620.685		
00:00:47:350		1.18309e+07		-4.80944		0		0		3.58668e+06		626.308		
00:00:47:250		1.18374e+07		-4.80105		0		0		3.59011e+06		625.551		
00:00:47:049		1.18502e+07		-4.78425		0		0		3.58639e+06		621.693		
00:00:47:049		1.18502e+07		-4.78425		0		0		3.58639e+06		621.693		
00:00:46:950		1.18567e+07		-4.77579		0		0		3.58778e+06		622.149		
00:00:46:850		1.18631e+07		-4.76729		0		0		3.59346e+06		623.151		
00:00:46:750		1.18697e+07		-4.75877		0		0		3.59872e+06		623.609		
00:00:46:649		1.18762e+07		-4.75022		0		0		3.6039e+06		623.823		
00:00:46:549		1.18828e+07		-4.74165		0		0		3.60983e+06		624.848		
00:00:46:450		1.18893e+07		-4.73308		0		0		3.61769e+06		627.548		
00:00:46:350		1.18959e+07		-4.72451		0		0		3.62659e+06		632.236		
00:00:46:250		1.19024e+07		-4.71595		0		0		3.63298e+06		633.692		
00:00:46:049		1.19154e+07		-4.6988		0		0		3.63082e+06		630.087		
00:00:46:049		1.19154e+07		-4.6988		0		0		3.63082e+06		630.087		
00:00:45:950		1.19219e+07		-4.69018		0		0		3.63095e+06		628.841		
00:00:45:850		1.19284e+07		-4.68153		0		0		3.63488e+06		630.282		
00:00:45:750		1.1935e+07		-4.67285		0		0		3.64096e+06		630.94		
00:00:45:649		1.19416e+07		-4.66416		0		0		3.64643e+06		631.337		
00:00:45:549		1.19483e+07		-4.65547		0		0		3.65231e+06		632.138		
00:00:45:450		1.19549e+07		-4.64684		0		0		3.6598e+06		635.251		
00:00:45:350		1.19614e+07		-4.6383		0		0		3.66922e+06		639.91		
00:00:45:250		1.19677e+07		-4.62977		0		0		3.67531e+06		640.44		
00:00:45:049		1.19803e+07		-4.61272		0		0		3.67342e+06		637.367		
00:00:45:049		1.19803e+07		-4.61272		0		0		3.67342e+06		637.367		
00:00:44:950		1.19866e+07		-4.60416		0		0		3.67406e+06		636.223		
00:00:44:850		1.1993e+07		-4.59557		0		0		3.67821e+06		637.549		
00:00:44:700		1.20027e+07		-4.58263		0		0		3.68753e+06		638.498		
00:00:44:600		1.20091e+07		-4.57399		0		0		3.69359e+06		639.391		
00:00:44:500		1.20156e+07		-4.56535		0		0		3.70099e+06		642.543		
00:00:44:399		1.20221e+07		-4.55674		0		0		3.71012e+06		646.989		
00:00:44:299		1.20285e+07		-4.54814		0		0		3.71569e+06		646.941		
00:00:44:100		1.20413e+07		-4.53093		0		0		3.71398e+06		643.846		
00:00:44:000		1.20477e+07		-4.52228		0		0		3.71531e+06		643.213		
00:00:44:000		1.20477e+07		-4.52228		0		0		3.71531e+06		643.213		
00:00:43:899		1.20542e+07		-4.51359		0		0		3.72044e+06		644.476		
00:00:43:799		1.20607e+07		-4.50488		0		0		3.7271e+06		645.178		
00:00:43:700		1.20672e+07		-4.49615		0		0		3.73371e+06		647.136		
00:00:43:600		1.20738e+07		-4.48743		0		0		3.74221e+06		651.444		
00:00:43:500		1.20802e+07		-4.47871		0		0		3.7498e+06		653.204		
00:00:43:399		1.20867e+07		-4.46997		0		0		3.75067e+06		651.785		
00:00:43:299		1.20931e+07		-4.4612		0		0		3.75041e+06		651		
00:00:43:200		1.20995e+07		-4.45238		0		0		3.75171e+06		649.527		
00:00:43:100		1.21059e+07		-4.44351		0		0		3.75456e+06		650.116		
00:00:43:100		1.21059e+07		-4.44351		0		0		3.75456e+06		650.116		
00:00:43:000		1.21125e+07		-4.43458		0		0		3.76141e+06		651.213		
00:00:42:899		1.2119e+07		-4.42563		0		0		3.76805e+06		652.345		
00:00:42:700		1.2132e+07		-4.40774		0		0		3.78464e+06		659.552		
00:00:42:600		1.21385e+07		-4.39879		0		0		3.78842e+06		658.527		
00:00:42:500		1.21449e+07		-4.38985		0		0		3.78733e+06		657.257		
00:00:42:399		1.21512e+07		-4.3809		0		0		3.78841e+06		655.843		
00:00:42:399		1.21512e+07		-4.3809		0		0		3.78841e+06		655.843		
00:00:42:299		1.21575e+07		-4.37193		0		0		3.7912e+06		655.936		
00:00:42:049		1.21735e+07		-4.3495		0		0		3.81019e+06		662.533		
00:00:42:049		1.21735e+07		-4.3495		0		0		3.81019e+06		662.533		
00:00:41:950		1.21798e+07		-4.34054		0		0		3.81733e+06		664.412		
00:00:41:850		1.21862e+07		-4.33158		0		0		3.81869e+06		663.244		
00:00:41:750		1.21925e+07		-4.32262		0		0		3.81903e+06		662.316		
00:00:41:649		1.21988e+07		-4.31364		0		19.9374		3.8207e+06		660.891		
00:00:41:549		1.22051e+07		-4.30463		0		0		3.82441e+06		661.469		
00:00:41:450		1.22115e+07		-4.29562		0		0		3.83211e+06		663.772		
00:00:41:350		1.22179e+07		-4.28661		0		0		3.84004e+06		667.162		
00:00:41:250		1.22243e+07		-4.27762		0		0		3.84804e+06		669.836		
00:00:41:049		1.2237e+07		-4.25964		0		0		3.8511e+06		667.762		
00:00:41:049		1.2237e+07		-4.25964		0		0		3.8511e+06		667.762		
00:00:40:950		1.22433e+07		-4.25065		0		0		3.85316e+06		666.683		
00:00:40:850		1.22497e+07		-4.24164		0		0		3.85706e+06		667.583		
00:00:40:750		1.22561e+07		-4.23264		0		0		3.86497e+06		670.469		
00:00:40:649		1.22625e+07		-4.22364		0		0		3.87304e+06		672.763		
00:00:40:549		1.2269e+07		-4.21464		0		0		3.87782e+06		673.559		
00:00:40:450		1.22754e+07		-4.20565		0		0		3.87857e+06		672.663		
00:00:40:350		1.22818e+07		-4.19663		0		0		3.88054e+06		671.834		
00:00:40:250		1.22883e+07		-4.1876		0		0		3.88376e+06		671.916		
00:00:40:049		1.23012e+07		-4.1695		0		0		3.89912e+06		676.783		
00:00:40:049		1.23012e+07		-4.1695		0		0		3.89912e+06		676.783		
00:00:39:950		1.23076e+07		-4.16044		0		0		3.90449e+06		678.18		
00:00:39:850		1.23141e+07		-4.15136		0		0		3.90575e+06		677.507		
00:00:39:750		1.23205e+07		-4.14228		0		0		3.90782e+06		676.756		
00:00:39:649		1.2327e+07		-4.13318		0		0		3.91095e+06		676.508		
00:00:39:549		1.23334e+07		-4.12408		0		0		3.91711e+06		679.367		
00:00:39:450		1.23399e+07		-4.11499		0		0		3.92573e+06		682.371		
00:00:39:299		1.23496e+07		-4.10139		0		0		3.93223e+06		682.303		
00:00:39:200		1.23561e+07		-4.09235		0		0		3.93364e+06		681.843		
00:00:39:000		1.2369e+07		-4.07432		0		0		3.94081e+06		682.474		
00:00:39:000		1.2369e+07		-4.07432		0		0		3.94081e+06		682.474		
00:00:38:899		1.23755e+07		-4.06533		0		0		3.94875e+06		685.8		
00:00:38:799		1.2382e+07		-4.05637		0		0		3.9558e+06		687.265		
00:00:38:700		1.23884e+07		-4.04742		0		0		3.95868e+06		686.613		
00:00:38:600		1.23949e+07		-4.03847		0		0		3.96066e+06		686.339		
00:00:38:500		1.24013e+07		-4.0295		0		0		3.96403e+06		685.846		
00:00:38:399		1.24078e+07		-4.02051		0		0		3.96883e+06		687.751		
00:00:38:299		1.24143e+07		-4.01148		0		0		3.97709e+06		690.982		
00:00:38:100		1.24271e+07		-3.99326		0		0		3.98522e+06		690.962		
00:00:38:000		1.24336e+07		-3.98406		0		0		3.98776e+06		690.716		
00:00:38:000		1.24336e+07		-3.98406		0		0		3.98776e+06		690.716		
00:00:37:899		1.244e+07		-3.97479		0		0		3.9915e+06		690.576		
00:00:37:799		1.24465e+07		-3.96545		0		0		3.99722e+06		693.237		
00:00:37:700		1.2453e+07		-3.95605		0		0		4.00551e+06		695.963		
00:00:37:600		1.24594e+07		-3.94661		0		0		4.01043e+06		695.832		
00:00:37:500		1.24659e+07		-3.93715		0		0		4.01223e+06		695.391		
00:00:37:399		1.24723e+07		-3.9277		0		0		4.01531e+06		695.092		
00:00:37:299		1.24788e+07		-3.91831		0		0		4.01949e+06		695.514		
00:00:37:100		1.24918e+07		-3.89986		0		0		4.03434e+06		700.647		
00:00:37:000		1.24983e+07		-3.89087		0		0		4.03788e+06		700.107		
00:00:37:000		1.24983e+07		-3.89087		0		0		4.03788e+06		700.107		
00:00:37:000		1.24983e+07		-3.89087		0		0		4.03788e+06		700.107		
00:00:36:899		1.25048e+07		-3.88206		0		0		4.03996e+06		699.854		
00:00:36:799		1.25113e+07		-3.87342		0		0		4.04373e+06		699.647		
00:00:36:700		1.25178e+07		-3.86494		0		3.46914		4.0486e+06		701.003		
00:00:36:450		1.25342e+07		-3.84417		0		0		4.06513e+06		704.934		
00:00:36:450		1.25342e+07		-3.84417		0		0		4.06513e+06		704.934		
00:00:36:350		1.25407e+07		-3.83594		0		0		4.06691e+06		704.462		
00:00:36:250		1.25472e+07		-3.82769		0		0		4.07054e+06		704.427		
00:00:36:149		1.25537e+07		-3.81939		0		3.46914		4.07534e+06		705.216		
00:00:36:049		1.25603e+07		-3.81104		0		0		4.08271e+06		708.591		
00:00:35:950		1.25668e+07		-3.80261		0		0		4.09052e+06		710.252		
00:00:35:850		1.25734e+07		-3.79411		0		0		4.09392e+06		709.566		
00:00:35:750		1.25799e+07		-3.78552		0		0		4.09609e+06		709.367		
00:00:35:700		1.25832e+07		-3.7812		0		0		4.09798e+06		709.363		
00:00:35:549		1.2593e+07		-3.76811		0		0		4.10554e+06		710.971		
00:00:35:450		1.25996e+07		-3.75929		0		0		4.11394e+06		714.615		
00:00:35:399		1.26029e+07		-3.75486		0		0		4.11808e+06		715.409		
00:00:35:299		1.26095e+07		-3.74595		0		0		4.12226e+06		714.8		
00:00:35:049		1.26259e+07		-3.72342		0		0		4.13053e+06		714.449		
00:00:35:049		1.26259e+07		-3.72342		0		0		4.13053e+06		714.449		
00:00:34:950		1.26324e+07		-3.71432		0		0		4.13675e+06		717.138		
00:00:34:850		1.2639e+07		-3.70517		0		0		4.14574e+06		720.269		
00:00:34:750		1.26455e+07		-3.696		0		0		4.15117e+06		720.131		
00:00:34:649		1.2652e+07		-3.68678		0		0		4.15308e+06		719.407		
00:00:34:549		1.26585e+07		-3.67753		0		0		4.15656e+06		719.441		
00:00:34:450		1.26649e+07		-3.66827		0		0		4.16173e+06		719.93		
00:00:34:350		1.26714e+07		-3.65899		0		0		4.16903e+06		723.342		
00:00:34:250		1.2678e+07		-3.6497		0		0		4.17798e+06		725.72		
00:00:34:049		1.2691e+07		-3.63112		0		0		4.18439e+06		723.738		
00:00:34:049		1.2691e+07		-3.63112		0		0		4.18439e+06		723.738		
00:00:33:950		1.26975e+07		-3.62181		0		0		4.18827e+06		724.714		
00:00:33:799		1.27072e+07		-3.60783		0		0		4.19718e+06		727.247		
00:00:33:700		1.27137e+07		-3.59851		0		0		4.20637e+06		730.561		
00:00:33:600		1.27202e+07		-3.58917		0		0		4.21263e+06		730.725		
00:00:33:500		1.27267e+07		-3.57982		0		0		4.21494e+06		729.948		
00:00:33:399		1.27332e+07		-3.57046		0		0		4.21845e+06		730.027		
00:00:33:299		1.27397e+07		-3.56108		0		0		4.22396e+06		730.646		
00:00:33:250		1.2743e+07		-3.55638		0		0		4.22727e+06		732.018		
00:00:33:149		1.27495e+07		-3.54699		0		0		4.23611e+06		735.366		
00:00:33:049		1.2756e+07		-3.53758		0		0		4.24316e+06		735.958		
00:00:32:899		1.27658e+07		-3.52346		0		0		4.24774e+06		735.326		
00:00:32:850		1.27691e+07		-3.51875		0		3.46914		4.24996e+06		735.53		
00:00:32:750		1.27757e+07		-3.50933		0		0		4.25577e+06		736.57		
00:00:32:600		1.27855e+07		-3.49518		0		0		4.26734e+06		740.745		
00:00:32:500		1.27921e+07		-3.48573		0		0		4.27409e+06		741.313		
00:00:32:399		1.27986e+07		-3.47627		0		0		4.27704e+06		740.663		
00:00:32:299		1.28052e+07		-3.46678		0		0		4.28073e+06		740.881		
00:00:32:100		1.28183e+07		-3.44774		0		0		4.29319e+06		742.936		
00:00:32:000		1.28248e+07		-3.43819		0		0		4.30127e+06		746.243		
00:00:32:000		1.28248e+07		-3.43819		0		0		4.30127e+06		746.243		
00:00:32:000		1.28248e+07		-3.43819		0		0		4.30127e+06		746.243		
00:00:31:800		1.2838e+07		-3.41903		0		0		4.31303e+06		746.378		
00:00:31:699		1.28446e+07		-3.40943		0		0		4.31631e+06		746.04		
00:00:31:600		1.28512e+07		-3.39982		0		0		4.32302e+06		748.158		
00:00:31:500		1.28578e+07		-3.39021		0		0		4.33258e+06		751.772		
00:00:31:399		1.28643e+07		-3.38059		0		0		4.34091e+06		753.265		
00:00:31:399		1.28643e+07		-3.38059		0		0		4.34091e+06		753.265		
00:00:31:300		1.28709e+07		-3.37096		0		0		4.3447e+06		752.674		
00:00:31:100		1.28841e+07		-3.35166		0		0		4.35326e+06		753.48		
00:00:31:000		1.28907e+07		-3.34198		0		0		4.35798e+06		754.508		
00:00:31:000		1.28907e+07		-3.34198		0		0		4.35798e+06		754.508		
00:00:30:850		1.29007e+07		-3.32746		0		0		4.36834e+06		757.013		
00:00:30:750		1.29073e+07		-3.31777		0		0		4.37475e+06		758.077		
00:00:30:649		1.29139e+07		-3.30806		0		0		4.38061e+06		760.544		
00:00:30:550		1.29206e+07		-3.29835		0		0		4.3866e+06		760.717		
00:00:30:350		1.29339e+07		-3.27887		0		0		4.39231e+06		760.145		
00:00:30:350		1.29339e+07		-3.27887		0		0		4.39231e+06		760.145		
00:00:30:250		1.29406e+07		-3.26912		0		0		4.39916e+06		760.543		
00:00:30:100		1.29506e+07		-3.25447		0		0		4.40948e+06		763.826		
00:00:30:100		1.29506e+07		-3.25447		0		0		4.40948e+06		763.826		
00:00:30:000		1.29573e+07		-3.2447		0		0		4.4156e+06		766.524		
00:00:29:850		1.29673e+07		-3.23		0		0		4.4221e+06		765.272		
00:00:29:750		1.2974e+07		-3.22018		0		0		4.42676e+06		766.613		
00:00:29:649		1.29807e+07		-3.21035		0		0		4.43317e+06		767.531		
00:00:29:550		1.29874e+07		-3.2005		0		0		4.4394e+06		769.067		
00:00:29:449		1.29942e+07		-3.19063		0		0		4.44564e+06		769.7		
00:00:29:350		1.30009e+07		-3.18074		0		0		4.4511e+06		770.546		
00:00:29:250		1.30076e+07		-3.17084		0		0		4.4572e+06		771.471		
00:00:29:050		1.30212e+07		-3.15097		0		0		4.46991e+06		773.875		
00:00:29:050		1.30212e+07		-3.15097		0		0		4.46991e+06		773.875		
00:00:28:949		1.3028e+07		-3.14101		0		0		4.47602e+06		774.874		
00:00:28:850		1.30347e+07		-3.13103		0		0		4.48224e+06		775.951		
00:00:28:750		1.30415e+07		-3.12103		0		0		4.48855e+06		777.116		
00:00:28:649		1.30483e+07		-3.11102		0		0		4.49491e+06		776.624		
00:00:28:550		1.30552e+07		-3.10099		0		0		4.50124e+06		779.138		
00:00:28:399		1.30654e+07		-3.08591		0		0		4.51078e+06		780.762		
00:00:28:350		1.30688e+07		-3.08088		0		0		4.51398e+06		781.314		
00:00:28:250		1.30756e+07		-3.0708		0		0		4.52039e+06		782.428		
00:00:28:149		1.30825e+07		-3.0607		0		0		4.52682e+06		783.593		
00:00:28:050		1.30893e+07		-3.05058		0		0		4.53325e+06		783.072		
00:00:27:949		1.30962e+07		-3.04044		0		0		4.53972e+06		785.653		
00:00:27:850		1.3103e+07		-3.03027		0		0		4.54621e+06		786.751		
00:00:27:750		1.31099e+07		-3.02008		0		0		4.55272e+06		787.852		
00:00:27:649		1.31168e+07		-3.00987		0		0		4.55925e+06		788.954		
00:00:27:550		1.31237e+07		-2.99963		0		0		4.56581e+06		790.062		
00:00:27:449		1.31306e+07		-2.98937		0		0		4.57239e+06		791.169		
00:00:27:350		1.31376e+07		-2.97908		0		10.9627		4.579e+06		792.283		
00:00:27:250		1.31445e+07		-2.96877		0		0		4.58564e+06		793.399		
00:00:27:100		1.3155e+07		-2.95325		0		0		4.59564e+06		795.061		
00:00:27:000		1.3162e+07		-2.94288		0		0		4.60235e+06		796.126		
00:00:26:899		1.3169e+07		-2.93247		0		11.4176		4.60908e+06		797.03		
00:00:26:800		1.3176e+07		-2.92204		0		0		4.61584e+06		798.497		
00:00:26:699		1.3183e+07		-2.91157		0		0		4.62263e+06		799.644		
00:00:26:600		1.31901e+07		-2.90108		0		0		4.62945e+06		800.806		
00:00:26:500		1.31971e+07		-2.89055		0		0		4.6363e+06		801.969		
00:00:26:399		1.32042e+07		-2.88		0		11.8595		4.64316e+06		803.124		
00:00:26:300		1.32113e+07		-2.86941		0		0		4.65002e+06		804.275		
00:00:26:100		1.32255e+07		-2.84814		0		0		4.66381e+06		806.531		
00:00:26:000		1.32327e+07		-2.83746		0		0		4.67074e+06		807.481		
00:00:26:000		1.32327e+07		-2.83746		0		0		4.67074e+06		807.481		
00:00:26:000		1.32327e+07		-2.83746		0		0		4.67074e+06		807.481		
00:00:25:899		1.32398e+07		-2.82675		0		0		4.67769e+06		809.035		
00:00:25:800		1.3247e+07		-2.81601		0		0		4.68466e+06		810.382		
00:00:25:649		1.32578e+07		-2.79984		0		0		4.69515e+06		811.905		
00:00:25:500		1.32687e+07		-2.78361		0		0		4.70568e+06		813.671		
00:00:25:399		1.3276e+07		-2.77275		0		0		4.71274e+06		814.86		
00:00:25:300		1.32833e+07		-2.76186		0		0		4.71984e+06		816.053		
00:00:25:100		1.3298e+07		-2.73997		0		0		4.73412e+06		818.455		
00:00:25:000		1.33054e+07		-2.72897		0		0		4.7413e+06		819.661		
00:00:25:000		1.33054e+07		-2.72897		0		0		4.7413e+06		819.661		
00:00:24:899		1.33128e+07		-2.71793		0		0		4.74852e+06		820.875		
00:00:24:800		1.33203e+07		-2.70686		0		0		4.75577e+06		822.094		
00:00:24:699		1.33277e+07		-2.69575		0		0		4.76304e+06		823.322		
00:00:24:699		1.33277e+07		-2.69575		0		0		4.76304e+06		823.322		
00:00:24:600		1.33352e+07		-2.6846		0		0		4.77035e+06		824.556		
00:00:24:449		1.33465e+07		-2.6678		0		10.4935		4.78135e+06		826.427		
00:00:24:250		1.33616e+07		-2.64526		0		10.7634		4.79608e+06		828.918		
00:00:24:250		1.33616e+07		-2.64526		0		10.7634		4.79608e+06		828.918		
00:00:24:149		1.33692e+07		-2.63393		0		10.8302		4.80345e+06		830.177		
00:00:24:050		1.33768e+07		-2.62255		0		10.8966		4.81084e+06		831.449		
00:00:23:949		1.33844e+07		-2.61112		0		11.0286		4.81825e+06		832.761		
00:00:23:850		1.33921e+07		-2.59965		0		11.0941		4.82567e+06		834.203		
00:00:23:750		1.33998e+07		-2.58814		0		11.2244		4.83311e+06		835.213		
00:00:23:649		1.34075e+07		-2.57659		0		11.2891		4.84056e+06		836.471		
00:00:23:550		1.34152e+07		-2.56499		0		11.4176		4.84803e+06		837.716		
00:00:23:449		1.3423e+07		-2.55334		0		11.6085		4.8555e+06		838.916		
00:00:23:350		1.34308e+07		-2.54165		0		11.6716		4.86299e+06		839.928		
00:00:23:250		1.34386e+07		-2.52992		0		11.7345		4.8705e+06		841.551		
00:00:23:149		1.34464e+07		-2.51815		0		11.8595		4.87803e+06		842.815		
00:00:23:050		1.34542e+07		-2.50633		0		11.8595		4.88558e+06		844.067		
00:00:22:949		1.3462e+07		-2.49446		0		11.9834		4.89316e+06		845.274		
00:00:22:850		1.34699e+07		-2.48255		0		12.0451		4.90078e+06		846.305		
00:00:22:649		1.34857e+07		-2.4586		0		12.2893		4.91611e+06		849.267		
00:00:22:649		1.34857e+07		-2.4586		0		12.2893		4.91611e+06		849.267		
00:00:22:550		1.34936e+07		-2.44656		0		12.41		4.9238e+06		850.573		
00:00:22:449		1.35016e+07		-2.43447		0		12.5298		4.93151e+06		851.876		
00:00:22:350		1.35096e+07		-2.42232		0		12.6488		4.93925e+06		853.183		
00:00:22:250		1.35177e+07		-2.41012		0		12.7669		4.947e+06		854.496		
00:00:22:050		1.35339e+07		-2.3856		0		12.9425		4.96256e+06		857.12		
00:00:22:050		1.35339e+07		-2.3856		0		12.9425		4.96256e+06		857.12		
00:00:21:949		1.35421e+07		-2.37328		0		13.0007		4.97038e+06		858.438		
00:00:21:850		1.35503e+07		-2.36091		0		13.1739		4.97822e+06		859.758		
00:00:21:699		1.35627e+07		-2.34227		0		0		4.99002e+06		861.739		
00:00:21:600		1.3571e+07		-2.32979		0		0		4.99791e+06		863.042		
00:00:21:500		1.35793e+07		-2.31728		0		0		5.00583e+06		864.29		
00:00:21:399		1.35877e+07		-2.30472		0		0		5.01375e+06		865.325		
00:00:21:300		1.35961e+07		-2.29212		0		0		5.02171e+06		866.913		
00:00:21:100		1.36129e+07		-2.26684		0		0		5.03769e+06		869.81		
00:00:21:000		1.36213e+07		-2.25417		0		0		5.04572e+06		871.161		
00:00:21:000		1.36213e+07		-2.25417		0		0		5.04572e+06		871.161		
00:00:20:899		1.36298e+07		-2.24147		0		0		5.05378e+06		872.516		
00:00:20:800		1.36382e+07		-2.22874		0		0		5.06188e+06		873.862		
00:00:20:699		1.36467e+07		-2.216		0		0		5.07001e+06		875.155		
00:00:20:699		1.36467e+07		-2.216		0		0		5.07001e+06		875.155		
00:00:20:600		1.36553e+07		-2.20323		0		0		5.07817e+06		876.926		
00:00:20:500		1.36638e+07		-2.19047		0		0		5.08634e+06		877.986		
00:00:20:399		1.36724e+07		-2.17769		0		0		5.09452e+06		879.226		
00:00:20:100		1.36983e+07		-2.13938		0		0		5.1192e+06		883.485		
00:00:20:100		1.36983e+07		-2.13938		0		0		5.1192e+06		883.485		
00:00:20:000		1.3707e+07		-2.12661		0		0		5.12748e+06		884.609		
00:00:19:899		1.37157e+07		-2.11384		0		0		5.13579e+06		886.405		
00:00:19:800		1.37245e+07		-2.10107		0		0		5.14413e+06		887.809		
00:00:19:699		1.37333e+07		-2.08832		0		0		5.1525e+06		889.211		
00:00:19:600		1.37422e+07		-2.07557		0		0		5.1609e+06		890.605		
00:00:19:500		1.37511e+07		-2.06284		0		0		5.16935e+06		891.982		
00:00:19:500		1.37511e+07		-2.06284		0		0		5.16935e+06		891.982		
00:00:19:399		1.376e+07		-2.05012		0		12.8842		5.17785e+06		893.267		
00:00:19:300		1.37689e+07		-2.03743		0		10.1487		5.18639e+06		894.913		
00:00:19:100		1.37869e+07		-2.01212		0		10.3566		5.20362e+06		897.807		
00:00:18:949		1.38006e+07		-1.99322		0		10.5614		5.21667e+06		900.019		
00:00:18:850		1.38097e+07		-1.98066		0		10.6964		5.22543e+06		901.508		
00:00:18:850		1.38097e+07		-1.98066		0		10.6964		5.22543e+06		901.508		
00:00:18:750		1.38189e+07		-1.96814		0		10.8302		5.23422e+06		902.992		
00:00:18:649		1.38281e+07		-1.95565		0		10.9627		5.24302e+06		904.47		
00:00:18:550		1.38374e+07		-1.9432		0		10.8966		5.25184e+06		905.952		
00:00:18:449		1.38467e+07		-1.93079		0		11.2244		5.26071e+06		907.424		
00:00:18:350		1.3856e+07		-1.91842		0		11.2891		5.2696e+06		908.872		
00:00:18:250		1.38653e+07		-1.9061		0		11.2244		5.27855e+06		910.216		
00:00:18:050		1.38842e+07		-1.88158		0		11.4815		5.29655e+06		913.351		
00:00:18:050		1.38842e+07		-1.88158		0		11.4815		5.29655e+06		913.351		
00:00:17:949		1.38938e+07		-1.86938		0		11.6085		5.30562e+06		914.574		
00:00:17:899		1.38986e+07		-1.86331		0		11.6716		5.31017e+06		915.761		
00:00:17:800		1.39082e+07		-1.85118		0		11.7345		5.3193e+06		917.295		
00:00:17:699		1.39179e+07		-1.83907		0		11.9216		5.32848e+06		918.826		
00:00:17:550		1.39326e+07		-1.82092		0		12.1065		5.34234e+06		921.138		
00:00:17:449		1.39424e+07		-1.80881		0		12.2286		5.35165e+06		922.679		
00:00:17:350		1.39524e+07		-1.79669		0		12.3497		5.36101e+06		924.201		
00:00:17:250		1.39625e+07		-1.78454		0		12.47		5.37043e+06		925.63		
00:00:17:050		1.3983e+07		-1.7601		0		12.7079		5.38942e+06		929.07		
00:00:17:050		1.3983e+07		-1.7601		0		12.7079		5.38942e+06		929.07		
00:00:16:949		1.39935e+07		-1.74778		0		12.7669		5.39894e+06		930.657		
00:00:16:850		1.40042e+07		-1.73539		0		12.8257		5.40849e+06		932.255		
00:00:16:750		1.40151e+07		-1.72292		0		12.9425		5.41811e+06		933.866		
00:00:16:649		1.40262e+07		-1.71035		0		13.0007		5.42777e+06		935.482		
00:00:16:550		1.40377e+07		-1.6977		0		13.1739		5.43748e+06		937.11		
00:00:16:449		1.40495e+07		-1.685		0		13.2313		5.44725e+06		938.753		
00:00:16:350		1.40615e+07		-1.67222		0		13.2884		5.45707e+06		940.406		
00:00:16:199		1.40794e+07		-1.65285		0		13.4022		5.47186e+06		942.878		
00:00:16:100		1.40912e+07		-1.6398		0		13.5152		5.48175e+06		944.53		
00:00:16:000		1.41029e+07		-1.6266		0		13.6275		5.49169e+06		946.188		
00:00:15:900		1.41143e+07		-1.61325		0		13.6275		5.5017e+06		947.864		
00:00:15:800		1.41253e+07		-1.59977		0		13.7391		5.51178e+06		949.561		
00:00:15:699		1.41362e+07		-1.58624		0		13.7946		5.52193e+06		951.281		
00:00:15:599		1.41472e+07		-1.57258		0		13.7946		5.53213e+06		953.026		
00:00:15:500		1.41577e+07		-1.55875		0		13.7391		5.54236e+06		954.757		
00:00:15:400		1.41678e+07		-1.54486		0		13.85		5.55257e+06		956.49		
00:00:15:300		1.41779e+07		-1.53091		0		13.9051		5.56281e+06		958.22		
00:00:15:199		1.4188e+07		-1.5169		0		13.9051		5.57306e+06		959.94		
00:00:15:099		1.41981e+07		-1.50283		0		13.9602		5.58332e+06		961.655		
00:00:15:000		1.42082e+07		-1.4887		0		14.0697		5.59361e+06		963.364		
00:00:15:000		1.42082e+07		-1.4887		0		14.0697		5.59361e+06		963.364		
00:00:14:800		1.42283e+07		-1.46029		0		14.1785		5.61437e+06		966.851		
00:00:14:699		1.42384e+07		-1.44601		0		14.2327		5.62487e+06		968.644		
00:00:14:599		1.42485e+07		-1.43167		0		14.2867		5.6354e+06		970.436		
00:00:14:500		1.42586e+07		-1.41728		0		14.2867		5.6459e+06		972.183		
00:00:14:400		1.42686e+07		-1.40284		0		14.2867		5.65638e+06		973.902		
00:00:14:300		1.42787e+07		-1.38835		0		14.2867		5.66688e+06		975.61		
00:00:14:199		1.42887e+07		-1.37381		0		14.2867		5.67748e+06		977.357		
00:00:14:099		1.42988e+07		-1.35922		0		14.3406		5.68822e+06		979.177		
00:00:14:000		1.43088e+07		-1.34456		0		14.3406		5.6991e+06		981.081		
00:00:14:000		1.43088e+07		-1.34456		0		14.3406		5.6991e+06		981.081		
00:00:13:900		1.43188e+07		-1.32986		0		14.3406		5.71004e+06		983.038		
00:00:13:800		1.43288e+07		-1.31509		0		14.3406		5.72096e+06		982.087		
00:00:13:699		1.43387e+07		-1.30027		0		14.2867		5.73185e+06		986.651		
00:00:13:599		1.43486e+07		-1.2854		0		14.2867		5.74271e+06		988.489		
00:00:13:449		1.43634e+07		-1.26296		0		14.2867		5.75902e+06		991.27		
00:00:13:349		1.43732e+07		-1.24793		0		14.2867		5.76994e+06		993.152		
00:00:13:250		1.4383e+07		-1.23282		0.0662272		14.2327		5.78085e+06		995.012		
00:00:13:050		1.44024e+07		-1.20243		0.330681		14.0697		5.8025e+06		998.301		
00:00:12:949		1.44119e+07		-1.18713		0.461039		14.015		5.81323e+06		1000.6		
00:00:12:949		1.44119e+07		-1.18713		0.461039		14.015		5.81323e+06		1000.6		
00:00:12:849		1.44213e+07		-1.17176		0.589239		14.015		5.82393e+06		1002.41		
00:00:12:750		1.44306e+07		-1.1563		0.714509		14.015		5.83463e+06		1004.23		
00:00:12:650		1.44396e+07		-1.14077		0.836257		14.015		5.84535e+06		1006.07		
00:00:12:550		1.44482e+07		-1.12517		0.954043		14.015		5.85607e+06		1007.9		
00:00:12:449		1.44567e+07		-1.10957		1.06721		14.015		5.86678e+06		1009.73		
00:00:12:349		1.44653e+07		-1.09401		1.17548		14.0697		5.87749e+06		1011.53		
00:00:12:250		1.44742e+07		-1.0785		1.27852		14.015		5.88817e+06		1013.29		
00:00:12:099		1.44885e+07		-1.05531		1.42295		14.0697		5.9042e+06		1015.62		
00:00:12:099		1.44885e+07		-1.05531		1.42295		14.0697		5.9042e+06		1015.62		
00:00:11:849		1.45123e+07		-1.01624		1.6363		14.0697		5.931e+06		1020.63		
00:00:11:849		1.45123e+07		-1.01624		1.6363		14.0697		5.931e+06		1020.63		
00:00:11:650		1.45295e+07		-0.984503		1.78007		14.0697		5.95252e+06		1024.2		
00:00:11:550		1.45371e+07		-0.968454		1.84481		14.0697		5.96332e+06		1025.86		
00:00:11:550		1.45371e+07		-0.968454		1.84481		14.0697		5.96332e+06		1025.86		
00:00:11:449		1.45442e+07		-0.952525		1.90893		14.1242		5.97412e+06		1027.94		
00:00:11:349		1.45516e+07		-0.936734		1.97238		14.7659		5.98494e+06		1029.77		
00:00:11:250		1.45595e+07		-0.921099		2.03304		22.0279		5.99577e+06		1031.6		
00:00:11:150		1.45679e+07		-0.905644		2.09865		26.8433		6.00663e+06		1033.43		
00:00:11:050		1.45771e+07		-0.890358		2.16529		30.3192		6.01752e+06		1035.27		
00:00:10:949		1.45871e+07		-0.87518		2.21965		32.8643		6.02841e+06		1037.08		
00:00:10:849		1.45974e+07		-0.860007		2.27429		34.8156		6.03931e+06		1038.76		
00:00:10:750		1.46076e+07		-0.844833		2.31864		36.3085		6.05017e+06		1040.85		
00:00:10:650		1.46178e+07		-0.829652		2.36064		37.5353		6.06102e+06		1042.69		
00:00:10:500		1.46331e+07		-0.80687		2.41924		38.9337		6.07732e+06		1045.45		
00:00:10:400		1.46433e+07		-0.791677		2.4559		39.7062		6.08819e+06		1047.29		
00:00:10:300		1.46535e+07		-0.776489		2.49162		40.3544		6.09905e+06		1049.13		
00:00:10:199		1.46637e+07		-0.761309		2.5235		40.9277		6.10989e+06		1050.95		
00:00:10:099		1.46739e+07		-0.74614		2.55372		41.4287		6.12074e+06		1052.75		
00:00:10:000		1.46841e+07		-0.730982		2.58251		41.86		6.13157e+06		1054.48		
00:00:09:900		1.46942e+07		-0.71584		2.61004		42.2446		6.1424e+06		1055.96		
00:00:09:800		1.47044e+07		-0.700713		2.63613		42.5839		6.15321e+06		1058.2		
00:00:09:699		1.47145e+07		-0.685616		2.66085		42.8787		6.16403e+06		1059.9		
00:00:09:599		1.47246e+07		-0.670554		2.68413		43.1508		6.17484e+06		1061.35		
00:00:09:500		1.47347e+07		-0.655523		2.70591		43.3591		6.18568e+06		1063.59		
00:00:09:400		1.47448e+07		-0.640527		2.72657		43.5458		6.19658e+06		1065.34		
00:00:09:300		1.47549e+07		-0.62557		2.74592		43.7111		6.20753e+06		1067.02		
00:00:09:199		1.47649e+07		-0.610654		2.76458		43.8552		6.21855e+06		1068.58		
00:00:09:199		1.47649e+07		-0.610654		2.76458		43.8552		6.21855e+06		1068.58		
00:00:09:000		1.4785e+07		-0.580969		2.79901		44.0195		6.24109e+06		1072.3		
00:00:09:000		1.4785e+07		-0.580969		2.79901		44.0195		6.24109e+06		1072.3		
00:00:08:900		1.47949e+07		-0.566208		2.81493		44.0604		6.2527e+06		1074.08		
00:00:08:750		1.48099e+07		-0.544171		2.83687		44.1014		6.27068e+06		1076.91		
00:00:08:550		1.48297e+07		-0.515002		2.86446		43.6904		6.29571e+06		1081		
00:00:08:550		1.48297e+07		-0.515002		2.86446		43.6904		6.29571e+06		1081		
00:00:08:400		1.48446e+07		-0.493314		2.88366		43.1717		6.315e+06		1084.19		
00:00:08:300		1.48545e+07		-0.478957		2.89505		42.6894		6.32801e+06		1086.36		
00:00:08:300		1.48545e+07		-0.478957		2.89505		42.6894		6.32801e+06		1086.36		
00:00:08:199		1.48643e+07		-0.46468		2.90668		42.1594		6.34111e+06		1088.57		
00:00:08:000		1.4884e+07		-0.436392		2.92734		40.9277		6.36743e+06		1093.01		
00:00:07:900		1.48939e+07		-0.422383		2.93633		40.2878		6.38057e+06		1095.19		
00:00:07:900		1.48939e+07		-0.422383		2.93633		40.2878		6.38057e+06		1095.19		
00:00:07:750		1.49086e+07		-0.401536		2.94928		39.2989		6.40022e+06		1098.37		
00:00:07:650		1.49185e+07		-0.387761		2.95745		38.5884		6.41333e+06		1100.34		
00:00:07:549		1.49283e+07		-0.37409		2.96536		37.8423		6.42648e+06		1102.83		
00:00:07:349		1.4948e+07		-0.347085		2.9791		36.1863		6.45291e+06		1107.19		
00:00:07:349		1.4948e+07		-0.347085		2.9791		36.1863		6.45291e+06		1107.19		
00:00:07:250		1.49579e+07		-0.333765		2.98568		35.2694		6.46621e+06		1109.38		
00:00:07:049		1.49777e+07		-0.307449		2.99548		33.3419		6.49304e+06		1113.78		
00:00:06:950		1.49877e+07		-0.294444		3.00031		32.2991		6.50654e+06		1115.95		
00:00:06:950		1.49877e+07		-0.294444		3.00031		32.2991		6.50654e+06		1115.95		
00:00:06:849		1.49978e+07		-0.281552		3.00534		31.1694		6.52009e+06		1117.99		
00:00:06:750		1.50079e+07		-0.268798		3.01053		29.7988		6.53366e+06		1120.52		
00:00:06:650		1.50182e+07		-0.256158		3.01437		28.0337		6.54723e+06		1122.66		
00:00:06:549		1.50286e+07		-0.24363		3.01761		26.1652		6.56078e+06		1124.68		
00:00:06:450		1.50391e+07		-0.23121		3.0193		26.1652		6.57441e+06		1126.72		
00:00:06:349		1.50497e+07		-0.218878		3.02053		25.3376		6.58843e+06		1128.96		
00:00:06:250		1.50605e+07		-0.206626		3.02136		23.7855		6.60284e+06		1131.25		
00:00:06:150		1.50767e+07		-0.188341		3.02174		21.2594		6.62466e+06		1134.62		
00:00:06:000		1.50869e+07		-0.17607		3.02021		19.5639		6.63926e+06		1136.66		
00:00:05:900		1.50958e+07		-0.16382		3.01831		17.8718		6.6538e+06		1138.13		
00:00:05:799		1.51044e+07		-0.151748		3.01545		16.1838		6.66819e+06		1137.93		
00:00:05:750		1.51088e+07		-0.14578		3.0134		15.3354		6.67527e+06		1137.44		
00:00:05:650		1.51176e+07		-0.133966		3.00878		13.85		6.68902e+06		1130.21		
00:00:05:549		1.51266e+07		-0.122328		3.00416		12.5298		6.70196e+06		1101.62		
00:00:05:450		1.51357e+07		-0.110873		2.9987		11.2244		6.71392e+06		1057.89		
00:00:05:349		1.51451e+07		-0.0995946		2.99205		10.1487		6.72493e+06		1014.11		
00:00:05:250		1.51546e+07		-0.0884748		2.98435		9.21007		6.73498e+06		972.956		
00:00:05:150		1.51643e+07		-0.0774903		2.97526		8.59754		6.74415e+06		935.131		
00:00:05:049		1.51741e+07		-0.0666351		2.96536		0		6.75259e+06		901.203		
00:00:04:900		1.51885e+07		-0.0506425		2.9514		0		6.76404e+06		857.486		
00:00:04:799		1.51982e+07		-0.040185		2.94116		0		6.77099e+06		832.769		
00:00:04:700		1.52079e+07		-0.0298657		2.93007		0		6.77747e+06		811.085		
00:00:04:599		1.52176e+07		-0.0196924		2.91659		0		6.78352e+06		792.538		
00:00:04:500		1.52272e+07		-0.00966692		2.90272		0		6.7892e+06		776.22		
00:00:04:400		1.52367e+07		0.000205517		2.89141		19.4801		6.79453e+06		761.995		
00:00:04:299		1.52463e+07		0.00992107		2.88092		31.1974		6.79955e+06		749.556		
00:00:04:200		1.52558e+07		0.0194731		2.86641		41.1244		6.80429e+06		738.625		
00:00:04:099		1.52653e+07		0.0288463		2.846		50.0543		6.80879e+06		729.073		
00:00:04:000		1.52747e+07		0.0379996		2.82571		58.4013		6.81305e+06		720.487		
00:00:03:899		1.5284e+07		0.0469179		2.81218		66.2754		6.81708e+06		712.695		
00:00:03:899		1.5284e+07		0.0469179		2.81218		66.2754		6.81708e+06		712.695		
00:00:03:700		1.53024e+07		0.0641174		2.79356		81.2509		6.82449e+06		698.339		
00:00:03:600		1.53117e+07		0.0724354		2.76271		88.4564		6.82782e+06		691.273		
00:00:03:600		1.53117e+07		0.0724354		2.76271		88.4564		6.82782e+06		691.273		
00:00:03:500		1.53212e+07		0.0805459		2.72933		95.3571		6.83087e+06		683.37		
00:00:03:399		1.53308e+07		0.088376		2.71481		101.948		6.83362e+06		673.973		
00:00:03:200		1.53493e+07		0.102767		2.73164		115.017		6.83814e+06		650.212		
00:00:03:100		1.53572e+07		0.109258		2.67132		121.193		6.83994e+06		639.108		
00:00:03:000		1.53642e+07		0.115385		2.59221		127.078		6.84147e+06		628.511		
00:00:02:899		1.53714e+07		0.121346		2.57059		133.127		6.84277e+06		618.635		
00:00:02:799		1.53795e+07		0.127331		2.6887		139.716		6.84392e+06		609.811		
00:00:02:700		1.53882e+07		0.133123		2.76198		147.281		6.84505e+06		602.707		
00:00:02:600		1.53882e+07		0.133123		2.76198		147.281		6.84505e+06		602.707		
00:00:02:500		1.54056e+07		0.143962		2.82352		176.922		6.84794e+06		599.015		
00:00:02:500		1.54056e+07		0.143962		2.82352		176.922		6.84794e+06		599.015		
00:00:02:399		1.54144e+07		0.149048		2.84417		212.105		6.8502e+06		607.844		
00:00:02:299		1.54234e+07		0.153886		2.85945		258.715		6.85343e+06		630.868		
00:00:02:149		1.54375e+07		0.160482		2.86984		328.543		6.86082e+06		712.121		
00:00:01:949		1.54564e+07		0.167295		2.87508		407.018		6.87526e+06		837.486		
00:00:01:949		1.54564e+07		0.167295		2.87508		407.018		6.87526e+06		837.486		
00:00:01:850		1.54643e+07		0.169609		2.87573		438.35		6.88357e+06		876.201		
00:00:01:750		1.54705e+07		0.171187		2.87251		464.692		6.89225e+06		898.895		
00:00:01:649		1.54746e+07		0.172132		2.8652		486.411		6.90096e+06		903.896		
00:00:01:550		1.5477e+07		0.172609		2.85527		503.212		6.90938e+06		896.961		
00:00:01:449		1.54782e+07		0.172799		2.84556		513.702		6.91726e+06		889.785		
00:00:01:350		1.54786e+07		0.172851		2.838		519.207		6.92475e+06		884.89		
00:00:01:250		1.54786e+07		0.172854		2.83694		523.651		6.93339e+06		879.16		
00:00:01:050		1.54786e+07		0.172842		2.8355		529.354		6.94972e+06		855.782		
00:00:01:000		1.54786e+07		0.17284		2.83554		529.89		6.95326e+06		845.597		
00:00:01:000		1.54786e+07		0.17284		2.83554		529.89		6.95326e+06		845.597		
00:00:00:900		1.54786e+07		0.172839		2.83568		530.21		6.95922e+06		816.764		
00:00:00:750		1.54786e+07		0.17284		2.83574		530.203		6.96437e+06		736.798		
00:00:00:650		1.54786e+07		0.172839		2.83569		530.206		6.96486e+06		526.824		
00:00:00:550		1.54786e+07		0.17284		2.83569		530.208		6.96485e+06		526.825		
00:00:00:450		1.54786e+07		0.17284		2.83569		530.212		6.96485e+06		526.825		
00:00:00:349		1.54786e+07		0.17284		2.83568		530.216		6.96485e+06		526.826		
00:00:00:250		1.54786e+07		0.17284		2.83572		530.217		6.96484e+06		526.827		
00:00:00:050		1.54785e+07		0.17284		2.83567		530.223		6.96484e+06		526.826		
00:00:00:000		1.54785e+07		0.17284		2.83571		530.225		6.96483e+06		526.826		
00:00:00:000		1.54785e+07		0.17284		2.83571		530.225		6.96483e+06		526.826		
00:00:00:000		1.54785e+07		0.17284		2.83571		530.225		6.96483e+06		526.826		
00:00:00:000		1.54785e+07		0.17284		2.83571		530.225		6.96483e+06		526.826		
00:00:00:000		1.54785e+07		0.17284		2.83571		530.225		6.96483e+06		526.826		
00:00:00:000		1.54785e+07		0.17284		2.83571		530.225		6.96483e+06		526.826		
00:00:00:000		1.54785e+07		0.17284		2.83571		530.225		6.96483e+06		526.826		
