	time 		rcpppzr	rcp054rcp007mnzoyout	rcv501std0102fvol	fwfrcp001gv	rcppmssga	msfsg(1)	
00:01:04:299		1.3326e+07		-2.98496		0		0		6.86314e+06		71.1255		
00:01:04:200		1.33269e+07		-2.98337		0		0		6.86379e+06		71.1137		
00:01:04:099		1.33277e+07		-2.98178		0		0		6.86443e+06		71.1403		
00:01:04:099		1.33277e+07		-2.98178		0		0		6.86443e+06		71.1403		
00:01:04:000		1.33286e+07		-2.98018		0		0		6.86508e+06		71.1656		
00:01:03:899		1.33294e+07		-2.97857		0		0		6.86572e+06		71.1816		
00:01:03:700		1.3331e+07		-2.97533		0		0		6.867e+06		71.2341		
00:01:03:700		1.3331e+07		-2.97533		0		0		6.867e+06		71.2341		
00:01:03:600		1.33319e+07		-2.9737		0		0		6.86764e+06		71.2523		
00:01:03:500		1.33327e+07		-2.97206		0		0		6.86828e+06		71.2533		
00:01:03:399		1.33335e+07		-2.97041		0		0		6.86892e+06		71.3062		
00:01:03:299		1.33344e+07		-2.96875		0		0		6.86956e+06		71.2934		
00:01:03:100		1.3336e+07		-2.96541		0		0		6.87083e+06		71.3713		
00:01:03:100		1.3336e+07		-2.96541		0		0		6.87083e+06		71.3713		
00:01:03:000		1.33369e+07		-2.96373		0		0		6.87147e+06		71.3677		
00:01:02:899		1.33378e+07		-2.96204		0		0		6.8721e+06		71.3818		
00:01:02:750		1.3339e+07		-2.95951		0		0		6.87305e+06		71.4112		
00:01:02:649		1.33399e+07		-2.95781		0		0		6.87368e+06		71.4495		
00:01:02:549		1.33408e+07		-2.9561		0		0		6.87431e+06		71.4952		
00:01:02:450		1.33416e+07		-2.95439		0		0		6.87494e+06		71.5195		
00:01:02:350		1.33425e+07		-2.95268		0		0		6.87557e+06		71.5211		
00:01:02:250		1.33433e+07		-2.95096		0		0		6.8762e+06		71.5266		
00:01:02:049		1.33451e+07		-2.9475		0		0		6.87745e+06		71.6028		
00:01:02:049		1.33451e+07		-2.9475		0		0		6.87745e+06		71.6028		
00:01:02:000		1.33455e+07		-2.94663		0		0		6.87776e+06		71.6059		
00:01:01:899		1.33464e+07		-2.94489		0		0		6.87839e+06		71.6533		
00:01:01:799		1.33472e+07		-2.94314		0		0		6.87901e+06		71.6757		
00:01:01:700		1.33481e+07		-2.94138		0		0		6.87963e+06		71.6888		
00:01:01:600		1.3349e+07		-2.93962		0		0		6.88025e+06		71.6827		
00:01:01:500		1.33499e+07		-2.93785		0		0		6.88087e+06		71.707		
00:01:01:399		1.33507e+07		-2.93606		0		0		6.88149e+06		71.7658		
00:01:01:250		1.33521e+07		-2.93336		0		0		6.88241e+06		71.7747		
00:01:01:049		1.33538e+07		-2.92972		0		0		6.88364e+06		71.8464		
00:01:01:049		1.33538e+07		-2.92972		0		0		6.88364e+06		71.8464		
00:01:00:950		1.33547e+07		-2.9279		0		0		6.88426e+06		71.8664		
00:01:00:850		1.33556e+07		-2.92606		0		0		6.88487e+06		71.9008		
00:01:00:750		1.33565e+07		-2.92422		0		0		6.88548e+06		71.9255		
00:01:00:649		1.33574e+07		-2.92237		0		0		6.88609e+06		71.9948		
00:01:00:549		1.33582e+07		-2.92051		0		0		6.8867e+06		72.0247		
00:01:00:450		1.33591e+07		-2.91865		0		0		6.88731e+06		72.0235		
00:01:00:350		1.336e+07		-2.91678		0		0		6.88791e+06		72.0866		
00:01:00:250		1.33609e+07		-2.91489		0		0		6.88852e+06		72.1104		
00:01:00:049		1.33627e+07		-2.9111		0		0		6.88972e+06		72.1832		
00:01:00:049		1.33627e+07		-2.9111		0		0		6.88972e+06		72.1832		
00:01:00:000		1.33632e+07		-2.91015		0		0		6.89002e+06		72.1749		
00:00:59:899		1.33641e+07		-2.90824		0		0		6.89062e+06		72.2003		
00:00:59:799		1.3365e+07		-2.90632		0		0		6.89122e+06		72.2339		
00:00:59:700		1.33659e+07		-2.90438		0		0		6.89182e+06		72.2807		
00:00:59:600		1.33668e+07		-2.90244		0		0		6.89241e+06		72.3412		
00:00:59:500		1.33678e+07		-2.90049		0		0		6.89301e+06		72.3652		
00:00:59:399		1.33687e+07		-2.89853		0		0		6.8936e+06		72.4086		
00:00:59:200		1.33705e+07		-2.89457		0		0		6.89478e+06		72.4991		
00:00:59:100		1.33715e+07		-2.89258		0		0		6.89537e+06		72.5069		
00:00:59:100		1.33715e+07		-2.89258		0		0		6.89537e+06		72.5069		
00:00:59:000		1.33724e+07		-2.89057		0		0		6.89595e+06		72.5506		
00:00:58:899		1.33734e+07		-2.88856		0		0		6.89654e+06		72.5863		
00:00:58:799		1.33743e+07		-2.88653		0		0		6.89712e+06		72.6344		
00:00:58:700		1.33753e+07		-2.88449		0		0		6.8977e+06		72.6853		
00:00:58:600		1.33762e+07		-2.88244		0		0		6.89828e+06		72.7661		
00:00:58:450		1.33776e+07		-2.87934		0		0		6.89915e+06		72.8034		
00:00:58:350		1.33786e+07		-2.87726		0		0		6.89972e+06		72.8807		
00:00:58:200		1.33801e+07		-2.87412		0		0		6.90058e+06		72.9255		
00:00:58:100		1.3381e+07		-2.872		0		0		6.90115e+06		72.9755		
00:00:58:100		1.3381e+07		-2.872		0		0		6.90115e+06		72.9755		
00:00:58:000		1.3382e+07		-2.86987		0		0		6.90172e+06		73.0528		
00:00:57:850		1.33835e+07		-2.86666		0		0		6.90257e+06		73.1243		
00:00:57:799		1.3384e+07		-2.86558		0		0		6.90286e+06		73.138		
00:00:57:649		1.33855e+07		-2.86231		0		0		6.9037e+06		73.2193		
00:00:57:549		1.33865e+07		-2.86012		0		0		6.90426e+06		73.2826		
00:00:57:450		1.33875e+07		-2.85791		0		0		6.90482e+06		73.37		
00:00:57:350		1.33885e+07		-2.85569		0		0		6.90537e+06		73.3838		
00:00:57:350		1.33885e+07		-2.85569		0		0		6.90537e+06		73.3838		
00:00:57:149		1.33905e+07		-2.85119		0		0		6.90648e+06		73.5239		
00:00:57:049		1.33916e+07		-2.84892		0		0		6.90703e+06		73.6101		
00:00:56:950		1.33926e+07		-2.84663		0		0		6.90757e+06		73.6708		
00:00:56:950		1.33926e+07		-2.84663		0		0		6.90757e+06		73.6708		
00:00:56:850		1.33936e+07		-2.84432		0		0		6.90812e+06		73.7015		
00:00:56:750		1.33947e+07		-2.842		0		0		6.90866e+06		73.7913		
00:00:56:549		1.33968e+07		-2.83729		0		0		6.90974e+06		73.9078		
00:00:56:549		1.33968e+07		-2.83729		0		0		6.90974e+06		73.9078		
00:00:56:450		1.33979e+07		-2.83491		0		0		6.91027e+06		73.993		
00:00:56:350		1.33989e+07		-2.83251		0		0		6.9108e+06		74.0511		
00:00:56:149		1.34011e+07		-2.82764		0		0		6.91186e+06		74.2061		
00:00:56:149		1.34011e+07		-2.82764		0		0		6.91186e+06		74.2061		
00:00:56:049		1.34022e+07		-2.82518		0		0		6.91238e+06		74.3151		
00:00:55:950		1.34033e+07		-2.82269		0		0		6.9129e+06		74.3631		
00:00:55:850		1.34044e+07		-2.82018		0		0		6.91342e+06		74.4391		
00:00:55:750		1.34056e+07		-2.81765		0		0		6.91394e+06		74.5302		
00:00:55:649		1.34067e+07		-2.8151		0		0		6.91445e+06		74.6184		
00:00:55:450		1.3409e+07		-2.80992		0		0		6.91547e+06		74.783		
00:00:55:450		1.3409e+07		-2.80992		0		0		6.91547e+06		74.783		
00:00:55:350		1.34102e+07		-2.8073		0		0		6.91597e+06		74.8868		
00:00:55:149		1.34125e+07		-2.80197		0		0		6.91697e+06		75.0536		
00:00:55:149		1.34125e+07		-2.80197		0		0		6.91697e+06		75.0536		
00:00:55:049		1.34137e+07		-2.79927		0		0		6.91746e+06		75.1503		
00:00:54:950		1.34149e+07		-2.79654		0		0		6.91795e+06		75.2463		
00:00:54:850		1.34161e+07		-2.79378		0		0		6.91844e+06		75.3669		
00:00:54:750		1.34179e+07		-2.78959		0		0		6.91916e+06		75.5043		
00:00:54:649		1.34186e+07		-2.78817		0		0		6.9194e+06		75.5599		
00:00:54:549		1.34198e+07		-2.78533		0		0		6.91988e+06		75.6551		
00:00:54:399		1.34217e+07		-2.781		0		0		6.92058e+06		75.8108		
00:00:54:299		1.3423e+07		-2.77807		0		0		6.92105e+06		75.9273		
00:00:54:149		1.34249e+07		-2.77363		0		0		6.92174e+06		76.0742		
00:00:54:149		1.34249e+07		-2.77363		0		0		6.92174e+06		76.0742		
00:00:54:049		1.34262e+07		-2.77062		0		0		6.9222e+06		76.1612		
00:00:53:899		1.34282e+07		-2.76604		0		0		6.92287e+06		76.3023		
00:00:53:799		1.34296e+07		-2.76295		0		0		6.92332e+06		76.4245		
00:00:53:700		1.34309e+07		-2.75982		0		0		6.92376e+06		76.5112		
00:00:53:600		1.34323e+07		-2.75665		0		0		6.9242e+06		76.6217		
00:00:53:549		1.3433e+07		-2.75505		0		0		6.92441e+06		76.688		
00:00:53:450		1.34344e+07		-2.75182		0		0		6.92485e+06		76.8598		
00:00:53:299		1.34366e+07		-2.74691		0		0		6.92549e+06		77.0805		
00:00:53:100		1.34395e+07		-2.74021		0		0		6.92634e+06		77.5028		
00:00:53:100		1.34395e+07		-2.74021		0		0		6.92634e+06		77.5028		
00:00:53:000		1.3441e+07		-2.73679		0		0		6.92676e+06		77.6821		
00:00:52:899		1.34425e+07		-2.73334		0		0		6.92718e+06		77.8816		
00:00:52:799		1.3444e+07		-2.72983		0		0		6.92758e+06		78.0457		
00:00:52:700		1.34456e+07		-2.72629		0		0		6.92798e+06		78.1687		
00:00:52:600		1.34471e+07		-2.72269		0		0		6.92837e+06		78.1812		
00:00:52:500		1.34487e+07		-2.71905		0		0		6.92875e+06		78.1297		
00:00:52:399		1.34503e+07		-2.71536		0		0		6.92911e+06		77.9985		
00:00:52:299		1.3452e+07		-2.71162		0		0		6.92946e+06		77.7403		
00:00:52:100		1.34554e+07		-2.70399		0		0		6.93012e+06		77.1504		
00:00:52:100		1.34554e+07		-2.70399		0		0		6.93012e+06		77.1504		
00:00:52:000		1.34571e+07		-2.7001		0		0		6.93045e+06		77.2069		
00:00:51:899		1.34589e+07		-2.69615		0		0		6.93083e+06		77.7195		
00:00:51:799		1.34607e+07		-2.69214		0		0		6.93124e+06		78.3914		
00:00:51:700		1.34625e+07		-2.68809		0		0		6.93166e+06		79.0143		
00:00:51:600		1.34644e+07		-2.68397		0		0		6.93208e+06		79.3282		
00:00:51:500		1.34662e+07		-2.6798		0		0		6.93248e+06		79.4715		
00:00:51:399		1.34682e+07		-2.67558		0		0		6.93288e+06		79.5715		
00:00:51:299		1.34701e+07		-2.67129		0		0		6.93327e+06		79.7525		
00:00:51:200		1.34721e+07		-2.66695		0		0		6.93366e+06		80.1038		
00:00:51:100		1.34741e+07		-2.66255		0		0		6.93407e+06		80.5738		
00:00:51:000		1.34761e+07		-2.6581		0		0		6.93447e+06		81.0465		
00:00:50:899		1.34782e+07		-2.65358		0		0		6.93484e+06		81.3203		
00:00:50:799		1.34803e+07		-2.64901		0		0		6.93519e+06		81.3563		
00:00:50:700		1.34824e+07		-2.64439		0		0		6.93552e+06		81.4675		
00:00:50:600		1.34845e+07		-2.63971		0		0		6.93585e+06		81.6258		
00:00:50:500		1.34867e+07		-2.63497		0		0		6.93619e+06		81.9084		
00:00:50:399		1.34889e+07		-2.63017		0		0		6.93649e+06		82.0615		
00:00:50:250		1.34923e+07		-2.62282		0		0		6.93692e+06		82.3767		
00:00:50:149		1.34946e+07		-2.61783		0		0		6.93718e+06		82.2793		
00:00:50:049		1.3497e+07		-2.61278		0		0		6.93743e+06		82.3297		
00:00:49:950		1.34994e+07		-2.60766		0		0		6.93767e+06		82.4642		
00:00:49:850		1.35019e+07		-2.60247		0		0		6.93789e+06		82.4528		
00:00:49:750		1.35044e+07		-2.59722		0		0		6.9381e+06		82.5209		
00:00:49:649		1.3507e+07		-2.59191		0		0		6.9383e+06		82.6577		
00:00:49:649		1.3507e+07		-2.59191		0		0		6.9383e+06		82.6577		
00:00:49:549		1.35095e+07		-2.58653		0		0		6.93849e+06		82.849		
00:00:49:350		1.35148e+07		-2.57555		0		0		6.93885e+06		83.4068		
00:00:49:250		1.35176e+07		-2.56996		0		0		6.93902e+06		83.7065		
00:00:49:250		1.35176e+07		-2.56996		0		0		6.93902e+06		83.7065		
00:00:49:049		1.35232e+07		-2.55855		0		0		6.93932e+06		84.2804		
00:00:49:049		1.35232e+07		-2.55855		0		0		6.93932e+06		84.2804		
00:00:48:850		1.35289e+07		-2.54686		0		0		6.93958e+06		84.8824		
00:00:48:750		1.35289e+07		-2.54686		0		0		6.93958e+06		84.8824		
00:00:48:750		1.35319e+07		-2.54091		0		0		6.93968e+06		85.1977		
00:00:48:649		1.35349e+07		-2.53489		0		0		6.93977e+06		85.5026		
00:00:48:549		1.3538e+07		-2.5288		0		0		6.93984e+06		85.7921		
00:00:48:350		1.35443e+07		-2.51639		0		0		6.9399e+06		86.0109		
00:00:48:350		1.35443e+07		-2.51639		0		0		6.9399e+06		86.0109		
00:00:48:149		1.35508e+07		-2.50369		0		0		6.93982e+06		86.0711		
00:00:48:049		1.35542e+07		-2.49723		0		0		6.93974e+06		86.2398		
00:00:48:049		1.35542e+07		-2.49723		0		0		6.93974e+06		86.2398		
00:00:47:950		1.35576e+07		-2.49069		0		0		6.93966e+06		86.4414		
00:00:47:850		1.3561e+07		-2.48408		0		0		6.93956e+06		86.6451		
00:00:47:750		1.35645e+07		-2.4774		0		0		6.93944e+06		86.8445		
00:00:47:649		1.35681e+07		-2.47064		0		0		6.93931e+06		87.033		
00:00:47:549		1.35717e+07		-2.46381		0		0		6.93917e+06		87.2131		
00:00:47:450		1.35754e+07		-2.4569		0		0		6.93901e+06		87.3802		
00:00:47:350		1.35791e+07		-2.44991		0		0		6.93883e+06		87.5493		
00:00:47:149		1.35868e+07		-2.43572		0		0		6.93844e+06		87.8923		
00:00:47:049		1.35907e+07		-2.42851		0		0		6.93823e+06		88.1027		
00:00:46:899		1.35967e+07		-2.41756		0		0		6.93791e+06		88.8794		
00:00:46:899		1.35967e+07		-2.41756		0		0		6.93791e+06		88.8794		
00:00:46:799		1.36007e+07		-2.41017		0		0		6.93769e+06		89.4687		
00:00:46:750		1.36028e+07		-2.40645		0		0		6.93758e+06		89.768		
00:00:46:649		1.36069e+07		-2.39895		0		0		6.93737e+06		90.469		
00:00:46:549		1.36111e+07		-2.39139		0		0		6.93715e+06		91.2695		
00:00:46:399		1.36176e+07		-2.3799		0		0		6.93683e+06		92.6697		
00:00:46:299		1.36219e+07		-2.37217		0		0		6.93662e+06		93.6878		
00:00:46:200		1.36263e+07		-2.36436		0		0		6.9364e+06		94.7187		
00:00:46:100		1.36308e+07		-2.35648		0		0		6.93617e+06		95.6161		
00:00:46:000		1.36353e+07		-2.34854		0		0		6.93592e+06		96.3426		
00:00:45:899		1.36399e+07		-2.34052		0		0		6.93562e+06		96.7106		
00:00:45:850		1.36422e+07		-2.33649		0		0		6.93545e+06		96.7829		
00:00:45:750		1.36469e+07		-2.32837		0		0		6.93508e+06		96.6612		
00:00:45:500		1.36589e+07		-2.3078		0		0		6.93408e+06		96.3609		
00:00:45:500		1.36589e+07		-2.3078		0		0		6.93408e+06		96.3609		
00:00:45:399		1.36638e+07		-2.29947		0		0		6.93373e+06		96.7383		
00:00:45:299		1.36688e+07		-2.29107		0		0		6.93342e+06		97.5199		
00:00:45:200		1.36738e+07		-2.2826		0		0		6.93312e+06		98.3217		
00:00:45:100		1.36789e+07		-2.27408		0		0		6.93282e+06		99.0753		
00:00:45:000		1.3684e+07		-2.26548		0		0		6.93252e+06		99.7456		
00:00:44:899		1.36892e+07		-2.25683		0		0		6.9322e+06		100.369		
00:00:44:799		1.36945e+07		-2.24812		0		0		6.93188e+06		100.904		
00:00:44:700		1.36998e+07		-2.23935		0		0		6.93155e+06		101.378		
00:00:44:600		1.37052e+07		-2.23051		0		0		6.93122e+06		101.914		
00:00:44:500		1.37106e+07		-2.22162		0		0		6.93089e+06		102.557		
00:00:44:399		1.37161e+07		-2.21268		0		0		6.93056e+06		103.416		
00:00:44:299		1.37217e+07		-2.20367		0		0		6.93025e+06		104.529		
00:00:44:200		1.37273e+07		-2.19462		0		0		6.92995e+06		105.876		
00:00:44:100		1.3733e+07		-2.1855		0		0		6.92966e+06		107.295		
00:00:44:000		1.37387e+07		-2.17634		0		0		6.92938e+06		108.733		
00:00:43:899		1.37445e+07		-2.16712		0		0		6.92911e+06		110.026		
00:00:43:799		1.37504e+07		-2.15785		0		0		6.92885e+06		111.127		
00:00:43:700		1.37563e+07		-2.14854		0		0		6.92859e+06		112.167		
00:00:43:600		1.37623e+07		-2.13918		0		0		6.92834e+06		113.173		
00:00:43:500		1.37683e+07		-2.12978		0		0		6.9281e+06		114.325		
00:00:43:399		1.37744e+07		-2.12036		0		0		6.92787e+06		115.586		
00:00:43:299		1.37805e+07		-2.11092		0		0		6.92764e+06		116.821		
00:00:43:100		1.3793e+07		-2.09197		0		0		6.92722e+06		119.318		
00:00:43:100		1.3793e+07		-2.09197		0		0		6.92722e+06		119.318		
00:00:43:000		1.37993e+07		-2.08246		0		0		6.92702e+06		120.578		
00:00:42:899		1.38057e+07		-2.07294		0		0		6.92682e+06		121.833		
00:00:42:799		1.38121e+07		-2.0634		0		0		6.92664e+06		123.082		
00:00:42:649		1.38219e+07		-2.04907		0		0		6.92638e+06		124.976		
00:00:42:549		1.38285e+07		-2.03949		0		0		6.92621e+06		126.252		
00:00:42:450		1.38351e+07		-2.02991		0		0		6.92605e+06		127.485		
00:00:42:399		1.38384e+07		-2.02512		0		0		6.92597e+06		128.1		
00:00:42:250		1.38485e+07		-2.01072		0		0		6.92575e+06		129.953		
00:00:42:149		1.38553e+07		-2.00111		0		0		6.9256e+06		131.196		
00:00:42:049		1.38621e+07		-1.99149		0		0		6.92547e+06		132.431		
00:00:41:950		1.3869e+07		-1.98187		0		0		6.92533e+06		133.647		
00:00:41:850		1.3876e+07		-1.97224		0		0		6.92521e+06		134.871		
00:00:41:850		1.3876e+07		-1.97224		0		0		6.92521e+06		134.871		
00:00:41:700		1.38865e+07		-1.95778		0		0		6.92502e+06		136.709		
00:00:41:600		1.38936e+07		-1.94812		0		0		6.9249e+06		137.92		
00:00:41:500		1.39044e+07		-1.93363		0		0		6.92473e+06		139.731		
00:00:41:350		1.39116e+07		-1.92393		0		0		6.92462e+06		140.933		
00:00:41:250		1.39189e+07		-1.9142		0		0		6.92452e+06		142.14		
00:00:41:149		1.39262e+07		-1.90441		0		0		6.92441e+06		143.335		
00:00:41:100		1.39299e+07		-1.89949		0		0		6.92436e+06		143.951		
00:00:41:000		1.39374e+07		-1.88961		0		0		6.92426e+06		145.162		
00:00:40:850		1.39489e+07		-1.87466		0		0		6.92411e+06		147		
00:00:40:750		1.39489e+07		-1.87466		0		0		6.92411e+06		147		
00:00:40:750		1.39566e+07		-1.86461		0		0		6.92401e+06		148.228		
00:00:40:649		1.39645e+07		-1.85447		0		0		6.92392e+06		149.483		
00:00:40:549		1.39726e+07		-1.84425		0		0		6.92383e+06		150.72		
00:00:40:450		1.39807e+07		-1.83393		0		0		6.92374e+06		152.015		
00:00:40:350		1.39891e+07		-1.82352		0		0		6.92366e+06		153.274		
00:00:40:149		1.40064e+07		-1.80256		0		0		6.92351e+06		155.808		
00:00:40:049		1.40152e+07		-1.79203		0		0		6.92345e+06		157.106		
00:00:40:049		1.40152e+07		-1.79203		0		0		6.92345e+06		157.106		
00:00:39:850		1.40332e+07		-1.77091		0		0		6.92341e+06		160.751		
00:00:39:850		1.40332e+07		-1.77091		0		0		6.92341e+06		160.751		
00:00:39:750		1.40424e+07		-1.76031		0		0		6.92344e+06		162.963		
00:00:39:649		1.40518e+07		-1.74967		0		0		6.92349e+06		165.162		
00:00:39:549		1.40614e+07		-1.73896		0		0		6.92357e+06		167.359		
00:00:39:450		1.40709e+07		-1.72817		0		0		6.92368e+06		169.561		
00:00:39:299		1.40853e+07		-1.71183		0		0		6.9239e+06		172.831		
00:00:39:149		1.40997e+07		-1.69528		0		0		6.92418e+06		176.08		
00:00:39:000		1.4114e+07		-1.6785		0		0		6.92453e+06		179.333		
00:00:39:000		1.4114e+07		-1.6785		0		0		6.92453e+06		179.333		
00:00:38:899		1.41234e+07		-1.66716		0		0		6.9248e+06		181.487		
00:00:38:799		1.41326e+07		-1.65568		0		0		6.92511e+06		183.689		
00:00:38:700		1.41414e+07		-1.64406		0		0		6.92544e+06		185.869		
00:00:38:600		1.41498e+07		-1.63235		0		0		6.9258e+06		188.034		
00:00:38:500		1.41583e+07		-1.62059		0		0		6.92618e+06		190.206		
00:00:38:399		1.41667e+07		-1.60879		0		0		6.9266e+06		192.365		
00:00:38:299		1.41752e+07		-1.59693		0		0		6.92705e+06		194.564		
00:00:38:100		1.41922e+07		-1.57307		0		0		6.9281e+06		199.179		
00:00:38:100		1.41922e+07		-1.57307		0		0		6.9281e+06		199.179		
00:00:38:000		1.42007e+07		-1.56106		0		0		6.92868e+06		201.464		
00:00:37:899		1.42092e+07		-1.54899		0		0		6.92928e+06		203.782		
00:00:37:799		1.42177e+07		-1.53687		0		0		6.92992e+06		206.068		
00:00:37:700		1.42262e+07		-1.52469		0		0		6.93058e+06		208.37		
00:00:37:600		1.42348e+07		-1.51247		0		0		6.93128e+06		210.663		
00:00:37:500		1.42434e+07		-1.5002		0		0		6.932e+06		212.962		
00:00:37:399		1.4252e+07		-1.48789		0		0		6.93276e+06		215.247		
00:00:37:299		1.42606e+07		-1.47552		0		0		6.93354e+06		217.534		
00:00:37:100		1.42778e+07		-1.45066		0		0		6.93518e+06		222.006		
00:00:37:100		1.42778e+07		-1.45066		0		0		6.93518e+06		222.006		
00:00:37:000		1.42864e+07		-1.43815		0		0		6.93603e+06		224.049		
00:00:36:899		1.42951e+07		-1.42561		0		0		6.9369e+06		225.965		
00:00:36:799		1.43037e+07		-1.41302		0		0		6.93779e+06		227.807		
00:00:36:700		1.43124e+07		-1.40039		0		0		6.93869e+06		229.597		
00:00:36:600		1.4321e+07		-1.38771		0		0		6.93961e+06		231.383		
00:00:36:500		1.43296e+07		-1.37496		0		0		6.94055e+06		233.169		
00:00:36:399		1.43383e+07		-1.36217		0		0		6.9415e+06		234.942		
00:00:36:299		1.43469e+07		-1.34933		0		0		6.94246e+06		236.717		
00:00:36:200		1.43554e+07		-1.33643		0		0		6.94344e+06		238.492		
00:00:36:100		1.4364e+07		-1.32348		0		0		6.94444e+06		240.245		
00:00:36:000		1.43726e+07		-1.31047		0.0652874		0		6.94545e+06		242.004		
00:00:35:899		1.43812e+07		-1.29741		0.195934		0		6.94647e+06		243.748		
00:00:35:799		1.43897e+07		-1.28429		0.325461		0		6.9475e+06		245.474		
00:00:35:700		1.43983e+07		-1.27112		0.452839		0		6.94854e+06		247.197		
00:00:35:600		1.44068e+07		-1.2579		0.577196		0		6.94958e+06		248.884		
00:00:35:500		1.44152e+07		-1.24462		0.697625		0		6.95061e+06		250.484		
00:00:35:399		1.44236e+07		-1.23127		0.813482		0		6.95163e+06		251.961		
00:00:35:299		1.44319e+07		-1.21785		0.924253		0		6.95267e+06		253.444		
00:00:35:200		1.44401e+07		-1.20437		1.02958		0		6.95379e+06		255.115		
00:00:35:100		1.44482e+07		-1.19082		1.1292		0		6.95494e+06		256.772		
00:00:35:000		1.44562e+07		-1.1772		1.22291		0		6.95609e+06		258.319		
00:00:34:899		1.44641e+07		-1.1635		1.31063		0		6.95725e+06		259.806		
00:00:34:799		1.44717e+07		-1.14973		1.39243		0		6.95842e+06		261.384		
00:00:34:649		1.44825e+07		-1.12898		1.50433		0		6.96008e+06		263.006		
00:00:34:549		1.44895e+07		-1.11515		1.5713		0		6.96106e+06		264.095		
00:00:34:450		1.44967e+07		-1.10135		1.63148		0		6.9622e+06		265.737		
00:00:34:350		1.4504e+07		-1.08758		1.68573		0		6.96342e+06		267.568		
00:00:34:250		1.45114e+07		-1.07386		1.73722		0		6.96469e+06		269.463		
00:00:34:250		1.45114e+07		-1.07386		1.73722		0		6.96469e+06		269.463		
00:00:34:049		1.45269e+07		-1.04654		1.83893		0		6.96725e+06		273.436		
00:00:33:950		1.45353e+07		-1.03295		1.89011		0		6.96853e+06		275.589		
00:00:33:850		1.45439e+07		-1.01931		1.94567		0		6.96976e+06		277.414		
00:00:33:850		1.45439e+07		-1.01931		1.94567		0		6.96976e+06		277.414		
00:00:33:750		1.4552e+07		-1.0056		1.99724		0		6.97096e+06		278.954		
00:00:33:649		1.45602e+07		-0.991836		2.0386		0		6.97212e+06		280.348		
00:00:33:549		1.45678e+07		-0.977975		2.07779		0		6.97323e+06		281.64		
00:00:33:450		1.45749e+07		-0.964147		2.11078		0		6.97428e+06		282.553		
00:00:33:250		1.45898e+07		-0.936906		2.17074		0		6.97611e+06		284.154		
00:00:33:250		1.45898e+07		-0.936906		2.17074		0		6.97611e+06		284.154		
00:00:33:049		1.46065e+07		-0.910167		2.22328		0		6.97775e+06		286.098		
00:00:33:049		1.46065e+07		-0.910167		2.22328		0		6.97775e+06		286.098		
00:00:32:950		1.46155e+07		-0.896873		2.24723		0		6.97858e+06		287.354		
00:00:32:850		1.46245e+07		-0.883582		2.26974		0		6.97939e+06		288.736		
00:00:32:750		1.46335e+07		-0.870293		2.29087		0		6.98015e+06		290.167		
00:00:32:649		1.46424e+07		-0.857008		2.31085		0		6.98088e+06		291.524		
00:00:32:549		1.46514e+07		-0.843736		2.32973		0		6.98156e+06		292.761		
00:00:32:450		1.46604e+07		-0.830481		2.34758		0		6.98219e+06		293.982		
00:00:32:350		1.46694e+07		-0.817235		2.3645		0		6.98278e+06		295.229		
00:00:32:149		1.46874e+07		-0.790776		2.39572		0		6.98381e+06		297.707		
00:00:32:049		1.46964e+07		-0.777575		2.41042		0		6.98425e+06		298.952		
00:00:32:049		1.46964e+07		-0.777575		2.41042		0		6.98425e+06		298.952		
00:00:31:899		1.47098e+07		-0.757813		2.43064		0		6.98481e+06		300.861		
00:00:31:800		1.47188e+07		-0.744672		2.44307		0		6.98511e+06		302.125		
00:00:31:750		1.47233e+07		-0.738114		2.44902		0		6.98524e+06		302.777		
00:00:31:649		1.47322e+07		-0.725031		2.46047		0		6.98546e+06		304.045		
00:00:31:550		1.47411e+07		-0.711977		2.4715		0		6.98563e+06		305.338		
00:00:31:449		1.47501e+07		-0.69896		2.48192		0		6.98573e+06		306.597		
00:00:31:350		1.4759e+07		-0.685984		2.49163		0		6.98578e+06		307.839		
00:00:31:149		1.47768e+07		-0.660169		2.50973		0		6.98568e+06		310.387		
00:00:31:149		1.47768e+07		-0.660169		2.50973		0		6.98568e+06		310.387		
00:00:31:050		1.47857e+07		-0.647337		2.5182		0		6.98554e+06		311.622		
00:00:30:899		1.4799e+07		-0.628199		2.52953		0		6.9852e+06		313.5		
00:00:30:800		1.48079e+07		-0.615513		2.53688		0		6.98489e+06		314.75		
00:00:30:699		1.48168e+07		-0.60289		2.54365		0		6.98451e+06		316.001		
00:00:30:600		1.48257e+07		-0.590336		2.55019		0		6.98406e+06		317.243		
00:00:30:500		1.48345e+07		-0.577856		2.55644		0		6.98354e+06		318.503		
00:00:30:399		1.48434e+07		-0.56546		2.5622		0		6.98295e+06		319.742		
00:00:30:300		1.48522e+07		-0.553145		2.56698		0		6.98229e+06		320.958		
00:00:30:199		1.4861e+07		-0.540912		2.57116		0		6.98156e+06		322.146		
00:00:30:100		1.48698e+07		-0.528765		2.57513		0		6.98077e+06		323.311		
00:00:30:000		1.48787e+07		-0.516705		2.57868		0		6.97989e+06		324.299		
00:00:29:899		1.48875e+07		-0.504742		2.58229		0		6.97891e+06		324.798		
00:00:29:800		1.48964e+07		-0.49288		2.58562		0		6.97782e+06		324.99		
00:00:29:699		1.49097e+07		-0.47528		2.58983		0		6.97596e+06		325.24		
00:00:29:600		1.49142e+07		-0.469467		2.59104		0		6.97528e+06		325.307		
00:00:29:449		1.49275e+07		-0.452199		2.59379		0		6.97307e+06		325.499		
00:00:29:399		1.49319e+07		-0.446503		2.59432		0		6.97227e+06		325.588		
00:00:29:300		1.49408e+07		-0.4352		2.59564		0		6.97061e+06		325.754		
00:00:29:149		1.49542e+07		-0.418482		2.59612		0		6.9679e+06		325.951		
00:00:29:050		1.49631e+07		-0.407492		2.5962		0		6.96594e+06		326.063		
00:00:29:000		1.49675e+07		-0.402054		2.59598		0		6.96492e+06		326.097		
00:00:28:899		1.49765e+07		-0.391274		2.59491		0		6.96278e+06		326.192		
00:00:28:800		1.49854e+07		-0.380629		2.59304		0		6.96053e+06		326.268		
00:00:28:699		1.49943e+07		-0.37012		2.59142		0		6.95815e+06		326.333		
00:00:28:600		1.50034e+07		-0.359736		2.58861		0		6.95564e+06		326.38		
00:00:28:500		1.50123e+07		-0.34949		2.58535		0		6.95302e+06		326.415		
00:00:28:399		1.50258e+07		-0.33437		2.58054		0		6.94886e+06		326.468		
00:00:28:300		1.50304e+07		-0.329407		2.57868		0		6.94742e+06		326.493		
00:00:28:149		1.50439e+07		-0.314722		2.57265		0		6.94294e+06		326.514		
00:00:28:050		1.5053e+07		-0.305102		2.56787		0		6.9398e+06		326.531		
00:00:27:949		1.5062e+07		-0.295615		2.56289		0		6.93656e+06		326.537		
00:00:27:850		1.50711e+07		-0.286263		2.55748		0		6.93321e+06		326.533		
00:00:27:750		1.50801e+07		-0.277036		2.55098		0		6.92974e+06		326.475		
00:00:27:649		1.50892e+07		-0.267921		2.54448		0		6.92618e+06		326.385		
00:00:27:649		1.50892e+07		-0.267921		2.54448		0		6.92618e+06		326.385		
00:00:27:550		1.50982e+07		-0.258933		2.53703		0		6.92255e+06		326.288		
00:00:27:449		1.51071e+07		-0.250095		2.52962		0		6.91889e+06		326.241		
00:00:27:350		1.5116e+07		-0.2414		2.52225		0		6.91528e+06		326.385		
00:00:27:149		1.51333e+07		-0.224427		2.50538		0		6.90826e+06		327.004		
00:00:27:050		1.51417e+07		-0.216141		2.49607		16.1838		6.90456e+06		327.046		
00:00:27:050		1.51417e+07		-0.216141		2.49607		16.1838		6.90456e+06		327.046		
00:00:26:949		1.515e+07		-0.20799		2.48701		27.9105		6.90063e+06		327.026		
00:00:26:850		1.51583e+07		-0.199986		2.47714		38.7729		6.8965e+06		327.004		
00:00:26:750		1.51666e+07		-0.19216		2.46614		47.2127		6.89217e+06		326.938		
00:00:26:649		1.51749e+07		-0.184567		2.45389		57.0465		6.88764e+06		326.802		
00:00:26:550		1.5183e+07		-0.177276		2.44058		64.9756		6.88289e+06		326.552		
00:00:26:449		1.5194e+07		-0.166973		2.42144		75.6443		6.87529e+06		325.623		
00:00:26:300		1.52006e+07		-0.160415		2.41104		84.0319		6.86984e+06		324.124		
00:00:26:100		1.52137e+07		-0.147314		2.39134		100.367		6.85767e+06		312.64		
00:00:26:000		1.52211e+07		-0.140802		2.37953		108.58		6.85086e+06		301.884		
00:00:26:000		1.52211e+07		-0.140802		2.37953		108.58		6.85086e+06		301.884		
00:00:25:899		1.52285e+07		-0.134464		2.3675		116.617		6.84356e+06		291.049		
00:00:25:800		1.52359e+07		-0.128323		2.35526		124.816		6.83578e+06		280.123		
00:00:25:699		1.52432e+07		-0.122385		2.34301		133.849		6.82755e+06		269.054		
00:00:25:600		1.52505e+07		-0.116655		2.33061		144.718		6.81892e+06		257.796		
00:00:25:500		1.52577e+07		-0.111156		2.31848		159.769		6.80996e+06		246.297		
00:00:25:399		1.52648e+07		-0.105895		2.30597		184.626		6.80083e+06		234.542		
00:00:25:300		1.52718e+07		-0.100887		2.2933		227.143		6.79172e+06		222.821		
00:00:25:199		1.52787e+07		-0.0961442		2.28042		281.679		6.78299e+06		212.538		
00:00:25:100		1.52856e+07		-0.0916891		2.26811		334.812		6.77517e+06		209.897		
00:00:25:000		1.52923e+07		-0.0875573		2.25693		382.473		6.76902e+06		232.449		
00:00:24:899		1.52988e+07		-0.0838003		2.24726		423.565		6.76516e+06		313.339		
00:00:24:800		1.53049e+07		-0.0804739		2.23935		458.103		6.76349e+06		458.911		
00:00:24:699		1.53105e+07		-0.0776243		2.23209		486.527		6.76298e+06		501.898		
00:00:24:600		1.53153e+07		-0.0752664		2.22542		509.476		6.76328e+06		553.151		
00:00:24:500		1.53191e+07		-0.0733771		2.2194		527.665		6.76401e+06		587.103		
00:00:24:399		1.53219e+07		-0.0718927		2.21356		541.587		6.76477e+06		597.35		
00:00:24:300		1.53237e+07		-0.0707197		2.20776		551.148		6.7654e+06		590.797		
00:00:24:199		1.53248e+07		-0.0697532		2.20189		555.462		6.76595e+06		586.087		
00:00:24:050		1.53256e+07		-0.0684781		2.1963		555.82		6.76675e+06		584.214		
00:00:23:949		1.53259e+07		-0.0676522		2.19801		555.713		6.76728e+06		584.213		
00:00:23:899		1.53261e+07		-0.0672388		2.1984		555.658		6.76755e+06		584.222		
00:00:23:750		1.53265e+07		-0.0659933		2.20058		555.495		6.76835e+06		584.219		
00:00:23:649		1.53268e+07		-0.0651593		2.20253		555.384		6.76888e+06		584.225		
00:00:23:550		1.53271e+07		-0.0643225		2.20438		555.277		6.76942e+06		584.234		
00:00:23:449		1.53274e+07		-0.0634823		2.20617		555.167		6.76996e+06		584.237		
00:00:23:350		1.53277e+07		-0.0626388		2.20732		555.054		6.77049e+06		584.228		
00:00:23:250		1.5328e+07		-0.0617924		2.209		554.947		6.77103e+06		584.234		
00:00:23:149		1.53283e+07		-0.0609431		2.21068		554.834		6.77158e+06		584.247		
00:00:23:050		1.53286e+07		-0.0600901		2.21236		554.725		6.77212e+06		584.25		
00:00:23:050		1.53286e+07		-0.0600901		2.21236		554.725		6.77212e+06		584.25		
00:00:22:949		1.53289e+07		-0.0592341		2.2141		554.613		6.77266e+06		584.25		
00:00:22:850		1.53292e+07		-0.0583739		2.21577		554.502		6.77321e+06		584.252		
00:00:22:750		1.53295e+07		-0.0575109		2.21745		554.389		6.77376e+06		584.246		
00:00:22:649		1.53298e+07		-0.056644		2.21923		554.278		6.77431e+06		584.26		
00:00:22:550		1.53301e+07		-0.0557733		2.22096		554.166		6.77486e+06		584.264		
00:00:22:350		1.53307e+07		-0.0540204		2.22441		553.944		6.77596e+06		584.273		
00:00:22:250		1.53309e+07		-0.0531383		2.22608		553.829		6.77652e+06		584.278		
00:00:22:149		1.53312e+07		-0.0522523		2.22786		553.716		6.77707e+06		584.281		
00:00:22:050		1.53315e+07		-0.0513625		2.22974		553.602		6.77763e+06		584.292		
00:00:22:050		1.53315e+07		-0.0513625		2.22974		553.602		6.77763e+06		584.292		
00:00:21:949		1.53318e+07		-0.050468		2.23146		553.491		6.7782e+06		584.293		
00:00:21:850		1.53321e+07		-0.0495706		2.23312		553.374		6.77876e+06		584.303		
00:00:21:750		1.53324e+07		-0.0486684		2.23468		553.261		6.77932e+06		584.307		
00:00:21:649		1.53327e+07		-0.0477614		2.23671		553.145		6.77989e+06		584.312		
00:00:21:550		1.5333e+07		-0.0468507		2.23895		553.032		6.78046e+06		584.32		
00:00:21:449		1.53332e+07		-0.0459356		2.24045		552.917		6.78103e+06		584.321		
00:00:21:350		1.53335e+07		-0.0450158		2.24205		552.803		6.7816e+06		584.327		
00:00:21:250		1.53338e+07		-0.0440917		2.24293		552.688		6.78218e+06		584.324		
00:00:21:000		1.53345e+07		-0.0417595		2.25103		552.397		6.78362e+06		584.356		
00:00:21:000		1.53345e+07		-0.0417595		2.25103		552.397		6.78362e+06		584.356		
00:00:20:949		1.53346e+07		-0.0412893		2.25263		552.338		6.78392e+06		584.355		
00:00:20:850		1.53349e+07		-0.0403452		2.25569		552.222		6.7845e+06		584.364		
00:00:20:750		1.53352e+07		-0.0393958		2.25806		552.105		6.78509e+06		584.373		
00:00:20:649		1.53354e+07		-0.0384412		2.26079		551.99		6.78568e+06		584.381		
00:00:20:550		1.53357e+07		-0.0374813		2.26352		551.872		6.78627e+06		584.392		
00:00:20:350		1.53362e+07		-0.0355449		2.26869		551.635		6.78746e+06		584.41		
00:00:20:350		1.53362e+07		-0.0355449		2.26869		551.635		6.78746e+06		584.41		
00:00:20:149		1.53367e+07		-0.0335841		2.27312		551.396		6.78866e+06		584.426		
00:00:20:050		1.5337e+07		-0.0325947		2.27531		551.279		6.78926e+06		584.438		
00:00:20:050		1.5337e+07		-0.0325947		2.27531		551.279		6.78926e+06		584.438		
00:00:19:949		1.53372e+07		-0.031599		2.27718		551.159		6.78987e+06		584.449		
00:00:19:750		1.53377e+07		-0.0295858		2.2809		550.922		6.79109e+06		584.469		
00:00:19:750		1.53377e+07		-0.0295858		2.2809		550.922		6.79109e+06		584.469		
00:00:19:600		1.53381e+07		-0.0280566		2.28285		550.741		6.79201e+06		584.485		
00:00:19:500		1.53383e+07		-0.0270257		2.28372		550.619		6.79263e+06		584.498		
00:00:19:399		1.53385e+07		-0.0259857		2.28509		550.498		6.79325e+06		584.511		
00:00:19:300		1.53387e+07		-0.0249362		2.2865		550.378		6.79388e+06		584.525		
00:00:19:100		1.53392e+07		-0.0228071		2.28651		550.133		6.79514e+06		584.551		
00:00:19:000		1.53394e+07		-0.0217276		2.28564		550.012		6.79577e+06		584.561		
00:00:19:000		1.53394e+07		-0.0217276		2.28564		550.012		6.79577e+06		584.561		
00:00:18:899		1.53396e+07		-0.0206375		2.28719		549.888		6.7964e+06		584.571		
00:00:18:800		1.53398e+07		-0.0195374		2.28925		549.766		6.79704e+06		584.588		
00:00:18:699		1.534e+07		-0.0184274		2.2913		549.641		6.79768e+06		584.597		
00:00:18:600		1.53402e+07		-0.0173059		2.29331		549.519		6.79833e+06		584.618		
00:00:18:500		1.53404e+07		-0.0161734		2.29537		549.395		6.79897e+06		584.638		
00:00:18:399		1.53405e+07		-0.015028		2.29748		549.27		6.79962e+06		584.647		
00:00:18:250		1.53408e+07		-0.0137291		2.30049		549.082		6.8006e+06		584.669		
00:00:18:149		1.53411e+07		-0.0128794		2.30254		548.956		6.80126e+06		584.684		
00:00:18:050		1.53414e+07		-0.0120234		2.30468		548.829		6.80192e+06		584.695		
00:00:18:000		1.53415e+07		-0.0115929		2.30572		548.765		6.80225e+06		584.704		
00:00:17:899		1.53418e+07		-0.0107269		2.30774		548.641		6.80291e+06		584.724		
00:00:17:800		1.5342e+07		-0.00985336		2.30975		548.516		6.80357e+06		584.737		
00:00:17:699		1.53423e+07		-0.00897121		2.31196		548.388		6.80424e+06		584.745		
00:00:17:600		1.53426e+07		-0.00808048		2.31407		548.264		6.80491e+06		584.775		
00:00:17:500		1.53428e+07		-0.00717974		2.31671		548.138		6.80559e+06		584.784		
00:00:17:399		1.53431e+07		-0.0062685		2.31839		548.011		6.80626e+06		584.804		
00:00:17:199		1.53437e+07		-0.00441122		2.32282		547.76		6.80762e+06		584.838		
00:00:17:199		1.53437e+07		-0.00441122		2.32282		547.76		6.80762e+06		584.838		
00:00:17:100		1.5344e+07		-0.00346518		2.32511		547.63		6.8083e+06		584.853		
00:00:17:000		1.53443e+07		-0.00250721		2.32737		547.502		6.80899e+06		584.875		
00:00:16:850		1.53447e+07		-0.00104952		2.33021		547.309		6.81002e+06		584.904		
00:00:16:750		1.53451e+07		-6.4373e-05		2.33248		547.181		6.81071e+06		584.913		
00:00:16:649		1.53454e+07		0.000930786		2.33466		547.051		6.8114e+06		584.93		
00:00:16:550		1.53457e+07		0.00193691		2.33689		546.924		6.8121e+06		584.956		
00:00:16:449		1.53457e+07		0.00193691		2.33689		546.924		6.8121e+06		584.956		
00:00:16:449		1.53461e+07		0.00295401		2.33916		546.792		6.8128e+06		584.966		
00:00:16:350		1.53465e+07		0.00398207		2.34137		546.662		6.8135e+06		584.986		
00:00:16:149		1.53472e+07		0.00607109		2.34591		546.401		6.8149e+06		585.021		
00:00:16:050		1.53476e+07		0.00713253		2.34818		546.271		6.81561e+06		585.041		
00:00:16:050		1.53476e+07		0.00713253		2.34818		546.271		6.81561e+06		585.041		
00:00:15:849		1.53484e+07		0.00928974		2.35266		546.008		6.81703e+06		585.078		
00:00:15:849		1.53484e+07		0.00928974		2.35266		546.008		6.81703e+06		585.078		
00:00:15:750		1.53488e+07		0.010386		2.35487		545.876		6.81774e+06		585.096		
00:00:15:650		1.53492e+07		0.0114932		2.35733		545.749		6.81845e+06		585.115		
00:00:15:400		1.53503e+07		0.0143085		2.36301		545.418		6.82025e+06		585.161		
00:00:15:400		1.53503e+07		0.0143085		2.36301		545.418		6.82025e+06		585.161		
00:00:15:300		1.53508e+07		0.0154524		2.3652		545.286		6.82097e+06		585.186		
00:00:15:150		1.53515e+07		0.0171885		2.36915		545.085		6.82205e+06		585.206		
00:00:15:050		1.5352e+07		0.0183587		2.37179		544.955		6.82278e+06		585.232		
00:00:15:050		1.5352e+07		0.0183587		2.37179		544.955		6.82278e+06		585.232		
00:00:14:949		1.53525e+07		0.0195403		2.37373		544.822		6.82351e+06		585.243		
00:00:14:849		1.5353e+07		0.0207314		2.3751		544.688		6.82423e+06		585.278		
00:00:14:650		1.53541e+07		0.0231462		2.38094		544.421		6.8257e+06		585.305		
00:00:14:550		1.53546e+07		0.0243697		2.38388		544.288		6.82643e+06		585.326		
00:00:14:550		1.53546e+07		0.0243697		2.38388		544.288		6.82643e+06		585.326		
00:00:14:449		1.53552e+07		0.0256033		2.38464		544.155		6.82717e+06		585.342		
00:00:14:300		1.5356e+07		0.027472		2.38613		543.955		6.82827e+06		585.377		
00:00:14:099		1.53572e+07		0.0299959		2.39744		543.687		6.82976e+06		585.425		
00:00:14:000		1.53578e+07		0.0312715		2.4042		543.553		6.8305e+06		585.435		
00:00:14:000		1.53578e+07		0.0312715		2.4042		543.553		6.8305e+06		585.435		
00:00:13:900		1.53584e+07		0.032557		2.41087		543.418		6.83124e+06		585.456		
00:00:13:800		1.5359e+07		0.0338507		2.41772		543.285		6.83199e+06		585.464		
00:00:13:699		1.53597e+07		0.0351543		2.42438		543.149		6.83274e+06		585.491		
00:00:13:599		1.53603e+07		0.0364661		2.43166		543.014		6.83348e+06		585.498		
00:00:13:500		1.5361e+07		0.0377874		2.4395		542.879		6.83423e+06		585.518		
00:00:13:400		1.53617e+07		0.0391178		2.4466		542.746		6.83499e+06		585.532		
00:00:13:300		1.53624e+07		0.0404568		2.45402		542.611		6.83574e+06		585.565		
00:00:13:199		1.53631e+07		0.0418048		2.4624		542.477		6.83649e+06		585.572		
00:00:13:099		1.53638e+07		0.0431609		2.47076		542.343		6.83725e+06		585.597		
00:00:13:000		1.53645e+07		0.0445242		2.47874		542.207		6.838e+06		585.61		
00:00:12:849		1.53656e+07		0.0465827		2.49062		542.005		6.83914e+06		585.627		
00:00:12:750		1.53664e+07		0.0479636		2.4992		541.868		6.8399e+06		585.659		
00:00:12:650		1.53671e+07		0.0493503		2.50786		541.737		6.84066e+06		585.668		
00:00:12:599		1.53675e+07		0.0500464		2.51254		541.672		6.84104e+06		585.676		
00:00:12:500		1.53683e+07		0.0514431		2.52117		541.535		6.8418e+06		585.694		
00:00:12:400		1.53691e+07		0.052845		2.53079		541.398		6.84257e+06		585.712		
00:00:12:300		1.53699e+07		0.0542526		2.53947		541.263		6.84333e+06		585.737		
00:00:12:199		1.53707e+07		0.055666		2.55057		541.128		6.8441e+06		585.744		
00:00:12:099		1.53716e+07		0.0570846		2.56051		540.994		6.84487e+06		585.762		
00:00:12:000		1.53724e+07		0.0585084		2.56977		540.859		6.84564e+06		585.779		
00:00:11:900		1.53732e+07		0.059938		2.58179		540.724		6.84641e+06		585.795		
00:00:11:800		1.53741e+07		0.0613723		2.5934		540.592		6.84718e+06		585.811		
00:00:11:699		1.5375e+07		0.0628109		2.60469		540.458		6.84795e+06		585.824		
00:00:11:599		1.53759e+07		0.0642548		2.61442		540.321		6.84873e+06		585.847		
00:00:11:449		1.53772e+07		0.0664263		2.62975		540.121		6.84989e+06		585.866		
00:00:11:349		1.53782e+07		0.0678778		2.64531		539.987		6.85067e+06		585.868		
00:00:11:250		1.53791e+07		0.0693302		2.66165		539.853		6.85145e+06		585.898		
00:00:11:150		1.538e+07		0.070785		2.66973		539.72		6.85223e+06		585.912		
00:00:11:050		1.5381e+07		0.0722404		2.67277		539.584		6.85301e+06		585.911		
00:00:11:050		1.5381e+07		0.0722404		2.67277		539.584		6.85301e+06		585.911		
00:00:10:949		1.5382e+07		0.0736961		2.67596		539.45		6.8538e+06		585.936		
00:00:10:849		1.53829e+07		0.0751514		2.67883		539.316		6.85458e+06		585.94		
00:00:10:750		1.53839e+07		0.0766068		2.68228		539.186		6.85537e+06		585.949		
00:00:10:650		1.53849e+07		0.0780611		2.68565		539.049		6.85616e+06		585.969		
00:00:10:550		1.53859e+07		0.079514		2.6885		538.917		6.85695e+06		585.979		
00:00:10:449		1.53869e+07		0.0809665		2.69157		538.784		6.85774e+06		585.992		
00:00:10:349		1.53879e+07		0.082417		2.69375		538.654		6.85854e+06		585.999		
00:00:10:150		1.53899e+07		0.0853124		2.70161		538.386		6.86013e+06		586.032		
00:00:10:050		1.5391e+07		0.0867572		2.70411		538.252		6.86093e+06		586.037		
00:00:10:050		1.5391e+07		0.0867572		2.70411		538.252		6.86093e+06		586.037		
00:00:09:949		1.5392e+07		0.0881991		2.70712		538.119		6.86173e+06		586.053		
00:00:09:800		1.53936e+07		0.0903568		2.71205		537.924		6.86294e+06		586.065		
00:00:09:699		1.53946e+07		0.0917907		2.71561		537.789		6.86375e+06		586.088		
00:00:09:650		1.53951e+07		0.0925064		2.71678		537.724		6.86415e+06		586.086		
00:00:09:550		1.53962e+07		0.0939345		2.71992		537.59		6.86497e+06		586.098		
00:00:09:449		1.53973e+07		0.0953579		2.72215		537.459		6.86578e+06		586.108		
00:00:09:349		1.53983e+07		0.096777		2.72619		537.328		6.8666e+06		586.123		
00:00:09:150		1.54005e+07		0.0995998		2.73246		537.067		6.86824e+06		586.15		
00:00:09:050		1.54016e+07		0.101004		2.73561		536.938		6.86906e+06		586.166		
00:00:09:050		1.54016e+07		0.101004		2.73561		536.938		6.86906e+06		586.166		
00:00:08:949		1.54027e+07		0.102402		2.73876		536.807		6.86989e+06		586.179		
00:00:08:849		1.54038e+07		0.103794		2.74175		536.676		6.87072e+06		586.182		
00:00:08:750		1.54049e+07		0.10518		2.74462		536.545		6.87156e+06		586.206		
00:00:08:650		1.5406e+07		0.106559		2.7478		536.416		6.8724e+06		586.224		
00:00:08:500		1.54077e+07		0.108615		2.75254		536.222		6.87366e+06		586.232		
00:00:08:400		1.54088e+07		0.109977		2.7553		536.092		6.87451e+06		586.246		
00:00:08:300		1.54099e+07		0.111331		2.75807		535.963		6.87536e+06		586.266		
00:00:08:099		1.54121e+07		0.114014		2.76422		535.706		6.87707e+06		586.281		
00:00:08:000		1.54133e+07		0.115342		2.76729		535.579		6.87793e+06		586.3		
00:00:08:000		1.54133e+07		0.115342		2.76729		535.579		6.87793e+06		586.3		
00:00:07:900		1.54144e+07		0.116661		2.76955		535.45		6.87879e+06		586.326		
00:00:07:799		1.54155e+07		0.117969		2.77231		535.322		6.87966e+06		586.336		
00:00:07:700		1.54166e+07		0.119267		2.77507		535.196		6.88054e+06		586.361		
00:00:07:599		1.54178e+07		0.120556		2.77775		535.067		6.88142e+06		586.362		
00:00:07:500		1.54189e+07		0.121834		2.78044		534.943		6.8823e+06		586.388		
00:00:07:400		1.542e+07		0.123101		2.78312		534.815		6.88319e+06		586.405		
00:00:07:299		1.54217e+07		0.124981		2.78698		534.624		6.88453e+06		586.441		
00:00:07:150		1.54228e+07		0.126221		2.78944		534.498		6.88543e+06		586.462		
00:00:07:049		1.54239e+07		0.12745		2.79191		534.374		6.88633e+06		586.483		
00:00:06:950		1.5425e+07		0.128666		2.79412		534.25		6.88724e+06		586.499		
00:00:06:900		1.54256e+07		0.129271		2.7956		534.187		6.8877e+06		586.508		
00:00:06:799		1.54267e+07		0.130469		2.79798		534.061		6.88862e+06		586.538		
00:00:06:700		1.54278e+07		0.131657		2.80088		533.935		6.88954e+06		586.556		
00:00:06:599		1.54289e+07		0.132832		2.80257		533.811		6.89047e+06		586.583		
00:00:06:500		1.543e+07		0.133995		2.80458		533.689		6.8914e+06		586.612		
00:00:06:400		1.54311e+07		0.135145		2.80707		533.563		6.89234e+06		586.651		
00:00:06:299		1.54321e+07		0.136283		2.80923		533.44		6.89329e+06		586.68		
00:00:06:200		1.54332e+07		0.137408		2.81145		533.312		6.89424e+06		586.71		
00:00:06:099		1.54343e+07		0.138521		2.81278		533.189		6.8952e+06		586.74		
00:00:05:950		1.54359e+07		0.140166		2.8157		533.01		6.89665e+06		586.797		
00:00:05:849		1.5437e+07		0.141246		2.81753		532.887		6.89762e+06		586.837		
00:00:05:750		1.5438e+07		0.142314		2.81941		532.763		6.8986e+06		586.877		
00:00:05:650		1.54391e+07		0.143368		2.82115		532.642		6.89959e+06		586.916		
00:00:05:549		1.54401e+07		0.14441		2.82284		532.519		6.90058e+06		586.967		
00:00:05:450		1.54412e+07		0.145438		2.82443		532.397		6.90158e+06		587.009		
00:00:05:450		1.54412e+07		0.145438		2.82443		532.397		6.90158e+06		587.009		
00:00:05:349		1.54422e+07		0.146453		2.82607		532.274		6.90259e+06		587.065		
00:00:05:250		1.54432e+07		0.147454		2.82761		532.153		6.9036e+06		587.111		
00:00:05:049		1.54453e+07		0.149416		2.83055		531.904		6.90565e+06		587.222		
00:00:05:049		1.54453e+07		0.149416		2.83055		531.904		6.90565e+06		587.222		
00:00:04:950		1.54463e+07		0.150375		2.83191		531.781		6.90668e+06		587.274		
00:00:04:849		1.54473e+07		0.15132		2.8333		531.66		6.90773e+06		587.336		
00:00:04:750		1.54483e+07		0.152251		2.83456		531.539		6.90878e+06		587.41		
00:00:04:650		1.54493e+07		0.153167		2.83578		531.419		6.90983e+06		587.47		
00:00:04:450		1.54512e+07		0.154956		2.83788		531.175		6.91197e+06		587.617		
00:00:04:450		1.54512e+07		0.154956		2.83788		531.175		6.91197e+06		587.617		
00:00:04:349		1.54522e+07		0.155829		2.8389		531.054		6.91305e+06		587.69		
00:00:04:200		1.54536e+07		0.157112		2.84027		530.87		6.91469e+06		587.801		
00:00:04:000		1.54555e+07		0.158772		2.84175		530.626		6.9169e+06		587.972		
00:00:04:000		1.54555e+07		0.158772		2.84175		530.626		6.9169e+06		587.972		
00:00:03:899		1.54565e+07		0.159579		2.84232		530.501		6.91803e+06		588.065		
00:00:03:799		1.54574e+07		0.16037		2.84292		530.374		6.91915e+06		588.145		
00:00:03:700		1.54583e+07		0.161143		2.84347		530.245		6.92029e+06		588.239		
00:00:03:649		1.54588e+07		0.161522		2.84372		530.181		6.92087e+06		588.289		
00:00:03:549		1.54598e+07		0.162266		2.8441		530.046		6.92202e+06		588.382		
00:00:03:450		1.54607e+07		0.162989		2.84443		529.914		6.92319e+06		588.496		
00:00:03:350		1.54616e+07		0.163689		2.84464		529.774		6.92437e+06		588.613		
00:00:03:100		1.54638e+07		0.16534		2.84491		529.422		6.92736e+06		588.941		
00:00:03:000		1.54646e+07		0.165962		2.84483		529.282		6.92858e+06		589.1		
00:00:03:000		1.54646e+07		0.165962		2.84483		529.282		6.92858e+06		589.1		
00:00:02:899		1.54654e+07		0.166564		2.8446		529.144		6.92981e+06		589.275		
00:00:02:799		1.54663e+07		0.167147		2.84427		529.013		6.93106e+06		589.47		
00:00:02:700		1.54671e+07		0.167714		2.84386		528.889		6.93232e+06		589.7		
00:00:02:600		1.54679e+07		0.168264		2.84337		528.78		6.93358e+06		589.943		
00:00:02:500		1.54688e+07		0.168798		2.84281		528.681		6.93485e+06		590.211		
00:00:02:399		1.54697e+07		0.169316		2.84225		528.585		6.93611e+06		590.489		
00:00:02:299		1.54706e+07		0.169815		2.84152		528.494		6.93736e+06		590.726		
00:00:02:100		1.54725e+07		0.17074		2.84032		528.293		6.93974e+06		590.77		
00:00:02:000		1.54735e+07		0.171155		2.83977		528.181		6.94083e+06		590.375		
00:00:02:000		1.54735e+07		0.171155		2.83977		528.181		6.94083e+06		590.375		
00:00:01:899		1.54744e+07		0.17153		2.83934		528.059		6.94192e+06		590.174		
00:00:01:800		1.54753e+07		0.171859		2.83893		527.948		6.94332e+06		590.278		
00:00:01:699		1.54761e+07		0.172137		2.83867		527.857		6.94479e+06		590.386		
00:00:01:550		1.54771e+07		0.172455		2.83837		527.793		6.94707e+06		590.562		
00:00:01:449		1.54776e+07		0.172604		2.83814		527.822		6.94865e+06		590.704		
00:00:01:350		1.54781e+07		0.172708		2.83778		527.929		6.95028e+06		590.864		
00:00:01:250		1.54783e+07		0.172774		2.83752		528.136		6.95196e+06		591.037		
00:00:01:149		1.54785e+07		0.172814		2.83706		528.439		6.95368e+06		591.194		
00:00:01:050		1.54786e+07		0.172834		2.83672		528.827		6.95542e+06		591.29		
00:00:00:949		1.54786e+07		0.172842		2.83632		529.26		6.95716e+06		591.223		
00:00:00:900		1.54786e+07		0.172843		2.83614		529.479		6.95803e+06		591.093		
00:00:00:800		1.54786e+07		0.172842		2.8358		529.881		6.9597e+06		590.469		
00:00:00:699		1.54786e+07		0.172841		2.83568		530.144		6.96127e+06		589.152		
00:00:00:599		1.54786e+07		0.17284		2.83567		530.227		6.96267e+06		586.634		
00:00:00:500		1.54786e+07		0.17284		2.83574		530.217		6.96379e+06		582.032		
00:00:00:349		1.54786e+07		0.17284		2.83573		530.214		6.96476e+06		567.639		
00:00:00:299		1.54786e+07		0.17284		2.83568		530.216		6.96485e+06		559.706		
00:00:00:149		1.54785e+07		0.17284		2.83572		530.221		6.96484e+06		526.817		
00:00:00:050		1.54785e+07		0.17284		2.83567		530.223		6.96484e+06		526.826		
00:00:00:000		1.54785e+07		0.17284		2.83571		530.225		6.96483e+06		526.826		
00:00:00:000		1.54785e+07		0.17284		2.83571		530.225		6.96483e+06		526.826		
00:00:00:000		1.54785e+07		0.17284		2.83571		530.225		6.96483e+06		526.826		
00:00:00:000		1.54785e+07		0.17284		2.83571		530.225		6.96483e+06		526.826		
00:00:00:000		1.54785e+07		0.17284		2.83571		530.225		6.96483e+06		526.826		
00:00:00:000		1.54785e+07		0.17284		2.83571		530.225		6.96483e+06		526.826		
