	time 		gpv001pnt10113ppntm	evf507ety101mpzoyout	chtcon(1)	chavg(1)	chlhsumpa	rcptavgn	
00:01:03:799		1.50715e+06		303.182		131.058		0		3		265.337		
00:01:03:750		1.50715e+06		302.803		131.058		0		3		265.363		
00:01:03:649		1.50716e+06		302.803		131.043		0		3		265.415		
00:01:03:549		1.50717e+06		302.803		131.043		0		3		265.467		
00:01:03:450		1.50718e+06		302.423		131.027		0		3		265.519		
00:01:03:350		1.50718e+06		302.423		131.027		0		3		265.57		
00:01:03:250		1.50719e+06		302.042		131.027		0		3		265.617		
00:01:03:149		1.50721e+06		302.042		131.011		0		3		265.686		
00:01:03:000		1.50721e+06		301.658		131.011		0		3		265.735		
00:01:02:899		1.50722e+06		301.658		130.996		0		3		265.786		
00:01:02:799		1.50723e+06		301.658		130.996		0		3		265.838		
00:01:02:700		1.50724e+06		301.273		130.981		0		3		265.891		
00:01:02:600		1.50725e+06		301.273		130.981		0		3		265.945		
00:01:02:500		1.50726e+06		300.887		130.981		0		3		265.998		
00:01:02:399		1.50726e+06		300.887		130.965		0		3		266.051		
00:01:02:299		1.50727e+06		300.887		130.965		0		3		266.101		
00:01:02:200		1.50728e+06		300.498		130.95		0		3		266.148		
00:01:02:200		1.50728e+06		300.498		130.95		0		3		266.148		
00:01:02:100		1.50729e+06		300.498		130.95		0		3		266.199		
00:01:01:899		1.50731e+06		300.11		130.935		0		3		266.305		
00:01:01:799		1.50732e+06		300.11		130.935		0		3		266.36		
00:01:01:799		1.50732e+06		300.11		130.935		0		3		266.36		
00:01:01:700		1.50732e+06		299.72		130.92		0		3		266.415		
00:01:01:500		1.50734e+06		299.33		130.92		0		3		266.525		
00:01:01:399		1.50735e+06		299.33		130.906		0		3		266.578		
00:01:01:299		1.50736e+06		299.33		130.906		0		3		266.629		
00:01:01:250		1.50737e+06		298.937		130.891		0		3		266.68		
00:01:01:100		1.50738e+06		298.937		130.891		0		3		266.734		
00:01:01:000		1.50738e+06		298.543		130.891		0		3		266.788		
00:01:01:000		1.50738e+06		298.543		130.891		0		3		266.788		
00:01:00:799		1.5074e+06		298.543		130.877		0		3		266.901		
00:01:00:799		1.5074e+06		298.543		130.877		0		3		266.901		
00:01:00:600		1.50742e+06		298.148		130.864		0		3		267.013		
00:01:00:600		1.50742e+06		298.148		130.864		0		3		267.013		
00:01:00:500		1.50743e+06		297.75		130.864		0		3		267.068		
00:01:00:399		1.50743e+06		297.75		130.851		0		3		267.122		
00:01:00:299		1.50744e+06		297.75		130.851		0		3		267.174		
00:01:00:200		1.50745e+06		297.351		130.839		0		3		267.23		
00:01:00:100		1.50746e+06		297.351		130.839		0		3		267.285		
00:00:59:950		1.50747e+06		296.951		130.828		0		3		267.371		
00:00:59:850		1.50748e+06		296.951		130.828		0		3		267.429		
00:00:59:850		1.50748e+06		296.951		130.828		0		3		267.429		
00:00:59:750		1.50749e+06		296.551		130.828		0		3		267.486		
00:00:59:649		1.5075e+06		296.551		130.818		0		3		267.542		
00:00:59:549		1.50751e+06		296.551		130.818		0		3		267.599		
00:00:59:450		1.50752e+06		296.149		130.808		0		3		267.655		
00:00:59:350		1.50752e+06		296.149		130.808		0		3		267.711		
00:00:59:250		1.50753e+06		295.744		130.808		0		3		267.767		
00:00:59:100		1.50755e+06		295.744		130.799		0		3		267.852		
00:00:58:899		1.50756e+06		295.34		130.791		0		3		267.969		
00:00:58:799		1.50757e+06		295.34		130.791		0		3		268.028		
00:00:58:799		1.50757e+06		295.34		130.791		0		3		268.028		
00:00:58:700		1.50758e+06		294.934		130.784		0		3		268.085		
00:00:58:600		1.50759e+06		294.934		130.784		0		3		268.142		
00:00:58:500		1.5076e+06		294.527		130.784		0		3		268.199		
00:00:58:399		1.5076e+06		294.527		130.777		0		3		268.256		
00:00:58:299		1.50761e+06		294.527		130.777		0		3		268.312		
00:00:58:200		1.50762e+06		294.119		130.772		0		3		268.368		
00:00:58:100		1.50763e+06		294.119		130.772		0		3		268.424		
00:00:58:000		1.50764e+06		293.71		130.772		0		3		268.48		
00:00:57:899		1.50765e+06		293.71		130.767		0		3		268.536		
00:00:57:799		1.50766e+06		293.71		130.767		0		3		268.592		
00:00:57:700		1.50766e+06		293.299		130.764		0		3		268.648		
00:00:57:600		1.50767e+06		293.299		130.764		0		3		268.703		
00:00:57:500		1.50768e+06		292.887		130.764		0		3		268.756		
00:00:57:399		1.50769e+06		292.887		130.761		0		3		268.809		
00:00:57:299		1.5077e+06		292.887		130.761		0		3		268.863		
00:00:57:200		1.50771e+06		292.474		130.76		0		3		268.916		
00:00:57:049		1.50772e+06		292.474		130.76		0		3		268.995		
00:00:56:950		1.50773e+06		292.059		130.759		0		3		269.047		
00:00:56:850		1.50774e+06		292.059		130.759		0		3		269.099		
00:00:56:750		1.50774e+06		291.644		130.759		0		3		269.151		
00:00:56:649		1.50775e+06		291.644		130.76		0		3		269.203		
00:00:56:549		1.50776e+06		291.644		130.76		0		3		269.255		
00:00:56:450		1.50777e+06		291.227		130.762		0		3		269.307		
00:00:56:350		1.50778e+06		291.227		130.762		0		3		269.359		
00:00:56:250		1.50779e+06		290.81		130.762		0		3		269.409		
00:00:56:149		1.5078e+06		290.81		130.765		0		3		269.46		
00:00:56:149		1.5078e+06		290.81		130.765		0		3		269.46		
00:00:56:049		1.5078e+06		290.81		130.765		0		3		269.513		
00:00:55:850		1.50782e+06		290.392		130.769		0		3		269.618		
00:00:55:750		1.50783e+06		289.972		130.769		0		3		269.671		
00:00:55:750		1.50783e+06		289.972		130.769		0		3		269.671		
00:00:55:649		1.50784e+06		289.972		130.775		0		3		269.725		
00:00:55:549		1.50785e+06		289.972		130.775		0		3		269.78		
00:00:55:450		1.50786e+06		289.551		130.782		0		3		269.833		
00:00:55:350		1.50786e+06		289.551		130.782		0		3		269.886		
00:00:55:149		1.50788e+06		289.129		130.79		0		3		269.991		
00:00:55:149		1.50788e+06		289.129		130.79		0		3		269.991		
00:00:54:950		1.5079e+06		288.707		130.799		0		3		270.097		
00:00:54:850		1.50791e+06		288.707		130.799		0		3		270.15		
00:00:54:750		1.50792e+06		288.283		130.799		0		3		270.205		
00:00:54:649		1.50792e+06		288.283		130.81		0		3		270.263		
00:00:54:549		1.50793e+06		288.283		130.81		0		3		270.32		
00:00:54:450		1.50794e+06		287.858		130.823		0		3		270.375		
00:00:54:450		1.50794e+06		287.858		130.823		0		3		270.375		
00:00:54:350		1.50795e+06		287.858		130.823		0		3		270.424		
00:00:54:250		1.50796e+06		287.431		130.823		0		3		270.477		
00:00:54:149		1.50797e+06		287.431		130.836		0		3		270.532		
00:00:54:049		1.50797e+06		287.431		130.836		0		3		270.582		
00:00:53:850		1.50799e+06		287.002		130.852		0		3		270.668		
00:00:53:850		1.50799e+06		287.002		130.852		0		3		270.668		
00:00:53:750		1.508e+06		286.571		130.852		0		3		270.714		
00:00:53:649		1.50801e+06		286.571		130.869		0		3		270.759		
00:00:53:500		1.50802e+06		286.139		130.869		0		3		270.827		
00:00:53:399		1.50803e+06		286.139		130.887		0		3		270.875		
00:00:53:299		1.50804e+06		286.139		130.887		0		3		270.924		
00:00:53:200		1.50805e+06		285.706		130.908		0		3		270.972		
00:00:53:100		1.50806e+06		285.706		130.908		0		3		271.019		
00:00:52:899		1.50807e+06		285.271		130.93		0		3		271.116		
00:00:52:799		1.50808e+06		285.271		130.93		0		3		271.165		
00:00:52:799		1.50808e+06		285.271		130.93		0		3		271.165		
00:00:52:700		1.50809e+06		284.835		130.954		0		3		271.215		
00:00:52:600		1.5081e+06		284.835		130.954		0		3		271.265		
00:00:52:500		1.50811e+06		284.399		130.954		0		3		271.316		
00:00:52:399		1.50811e+06		284.399		130.981		0		3		271.367		
00:00:52:299		1.50812e+06		284.399		130.981		0		3		271.418		
00:00:52:200		1.50813e+06		283.961		131.01		0		3		271.468		
00:00:52:100		1.50814e+06		283.961		131.01		0		3		271.521		
00:00:52:000		1.50815e+06		283.523		131.01		0		3		271.571		
00:00:51:899		1.50816e+06		283.523		131.04		0		3		271.615		
00:00:51:799		1.50817e+06		283.523		131.04		0		3		271.665		
00:00:51:700		1.50817e+06		283.083		131.073		0		3		271.717		
00:00:51:600		1.50818e+06		283.083		131.073		0		3		271.768		
00:00:51:500		1.50819e+06		282.639		131.073		0		3		271.812		
00:00:51:399		1.5082e+06		282.639		131.109		0		3		271.856		
00:00:51:299		1.50821e+06		282.639		131.109		0		3		271.899		
00:00:51:200		1.50822e+06		282.193		131.147		0		3		271.946		
00:00:51:100		1.50823e+06		282.193		131.147		0		3		271.996		
00:00:51:000		1.50823e+06		281.747		131.147		0		3		272.049		
00:00:50:899		1.50824e+06		281.747		131.187		0		3		272.102		
00:00:50:750		1.50826e+06		281.298		131.187		0		3		272.174		
00:00:50:649		1.50826e+06		281.298		131.23		0		3		272.221		
00:00:50:549		1.50827e+06		281.298		131.23		0		3		272.272		
00:00:50:450		1.50828e+06		280.847		131.276		0		3		272.324		
00:00:50:350		1.50829e+06		280.847		131.276		0		3		272.372		
00:00:50:250		1.5083e+06		280.395		131.276		0		3		272.414		
00:00:50:149		1.50831e+06		280.395		131.325		0		3		272.458		
00:00:50:049		1.50831e+06		280.395		131.325		0		3		272.504		
00:00:50:049		1.50831e+06		280.395		131.325		0		3		272.504		
00:00:49:850		1.50833e+06		279.941		131.376		0		3		272.605		
00:00:49:750		1.50834e+06		279.486		131.376		0		3		272.659		
00:00:49:750		1.50834e+06		279.486		131.376		0		3		272.659		
00:00:49:649		1.50835e+06		279.486		131.431		0		3		272.711		
00:00:49:549		1.50836e+06		279.486		131.431		0		3		272.757		
00:00:49:450		1.50837e+06		279.029		131.488		0		3		272.804		
00:00:49:350		1.50837e+06		279.029		131.488		0		3		272.855		
00:00:49:250		1.50838e+06		278.569		131.488		0		3		272.906		
00:00:49:149		1.50839e+06		278.569		131.549		0		3		272.953		
00:00:49:000		1.5084e+06		278.108		131.549		0		3		273.017		
00:00:48:850		1.50842e+06		278.108		131.613		0		3		273.087		
00:00:48:850		1.50842e+06		278.108		131.613		0		3		273.087		
00:00:48:750		1.50842e+06		277.646		131.613		0		3		273.137		
00:00:48:600		1.50844e+06		277.646		131.681		0		3		273.216		
00:00:48:500		1.50845e+06		277.181		131.681		0		3		273.269		
00:00:48:399		1.50845e+06		277.181		131.752		0		3		273.317		
00:00:48:299		1.50846e+06		277.181		131.752		0		3		273.362		
00:00:48:200		1.50847e+06		276.714		131.827		0		3		273.41		
00:00:48:100		1.50848e+06		276.714		131.827		0		3		273.46		
00:00:48:000		1.50849e+06		276.247		131.827		0		3		273.508		
00:00:47:799		1.50851e+06		276.247		131.905		0		2.99096		273.595		
00:00:47:799		1.50851e+06		276.247		131.905		0		2.99096		273.595		
00:00:47:700		1.50851e+06		275.778		131.987		0		2.97654		273.643		
00:00:47:600		1.50852e+06		275.778		131.987		0		2.97654		273.694		
00:00:47:500		1.50853e+06		275.306		131.987		0		2.97654		273.748		
00:00:47:399		1.50854e+06		275.306		132.074		0		2.96211		273.802		
00:00:47:299		1.50855e+06		275.306		132.074		0		2.96211		273.853		
00:00:47:200		1.50856e+06		274.834		132.165		0		2.94766		273.898		
00:00:47:100		1.50857e+06		274.834		132.165		0		2.94766		273.944		
00:00:46:899		1.50858e+06		274.359		132.26		0		2.93316		274.039		
00:00:46:799		1.50859e+06		274.359		132.26		0		2.93316		274.085		
00:00:46:799		1.50859e+06		274.359		132.26		0		2.93316		274.085		
00:00:46:700		1.5086e+06		273.881		132.359		0		2.91863		274.129		
00:00:46:600		1.50861e+06		273.881		132.359		0		2.91863		274.177		
00:00:46:500		1.50862e+06		273.402		132.359		0		2.91863		274.228		
00:00:46:399		1.50862e+06		273.402		132.463		0		2.90409		274.282		
00:00:46:299		1.50863e+06		273.402		132.463		0		2.90409		274.337		
00:00:46:200		1.50864e+06		272.921		132.572		0		2.88952		274.389		
00:00:46:100		1.50865e+06		272.921		132.572		0		2.88952		274.436		
00:00:45:950		1.50866e+06		272.436		132.686		0		2.87492		274.503		
00:00:45:850		1.50867e+06		272.436		132.686		0		2.87492		274.549		
00:00:45:750		1.50868e+06		271.952		132.686		0		2.87492		274.595		
00:00:45:700		1.50868e+06		271.952		132.804		0		2.86027		274.618		
00:00:45:600		1.50869e+06		271.952		132.804		0		2.86027		274.664		
00:00:45:500		1.5087e+06		271.466		132.804		0		2.86027		274.713		
00:00:45:350		1.50871e+06		271.466		132.928		0		2.8456		274.793		
00:00:45:250		1.50872e+06		270.977		132.928		0		2.8456		274.848		
00:00:45:149		1.50873e+06		270.977		133.056		0		2.83092		274.901		
00:00:45:049		1.50874e+06		270.977		133.056		0		2.83092		274.951		
00:00:44:950		1.50875e+06		270.489		133.19		0		2.8162		274.995		
00:00:44:850		1.50876e+06		270.489		133.19		0		2.8162		275.042		
00:00:44:750		1.50876e+06		269.996		133.19		0		2.8162		275.088		
00:00:44:750		1.50876e+06		269.996		133.19		0		2.8162		275.088		
00:00:44:549		1.50878e+06		269.996		133.329		0		2.80144		275.18		
00:00:44:549		1.50878e+06		269.996		133.329		0		2.80144		275.18		
00:00:44:450		1.50879e+06		269.501		133.474		0		2.78665		275.229		
00:00:44:350		1.5088e+06		269.501		133.474		0		2.78665		275.282		
00:00:44:250		1.50881e+06		269.008		133.474		0		2.78665		275.337		
00:00:44:149		1.50882e+06		269.008		133.625		0		2.77185		275.391		
00:00:44:049		1.50882e+06		269.008		133.625		0		2.77185		275.444		
00:00:43:850		1.50884e+06		268.515		133.781		0		2.75701		275.537		
00:00:43:850		1.50884e+06		268.515		133.781		0		2.75701		275.537		
00:00:43:750		1.50885e+06		268.019		133.781		0		2.75701		275.584		
00:00:43:600		1.50886e+06		268.019		133.942		0		2.74213		275.653		
00:00:43:549		1.50887e+06		268.019		133.942		0		2.74213		275.677		
00:00:43:399		1.50888e+06		267.521		134.107		0		2.72721		275.752		
00:00:43:299		1.50889e+06		267.521		134.107		0		2.72721		275.806		
00:00:43:200		1.5089e+06		267.021		134.278		0		2.71229		275.862		
00:00:43:100		1.50891e+06		267.021		134.278		0		2.71229		275.916		
00:00:43:000		1.50891e+06		266.521		134.278		0		2.71229		275.97		
00:00:42:799		1.50893e+06		266.521		134.452		0		2.69733		276.064		
00:00:42:799		1.50893e+06		266.521		134.452		0		2.69733		276.064		
00:00:42:700		1.50894e+06		266.019		134.63		0		2.68232		276.111		
00:00:42:600		1.50895e+06		266.019		134.63		0		2.68232		276.158		
00:00:42:500		1.50896e+06		265.514		134.63		0		2.68232		276.206		
00:00:42:399		1.50896e+06		265.514		134.813		0		2.66728		276.258		
00:00:42:299		1.50897e+06		265.514		134.813		0		2.66728		276.314		
00:00:42:200		1.50898e+06		265.007		134.999		0		2.65223		276.369		
00:00:42:100		1.50899e+06		265.007		134.999		0		2.65223		276.425		
00:00:41:899		1.50901e+06		264.501		135.19		0		2.63714		276.528		
00:00:41:799		1.50902e+06		264.501		135.19		0		2.63714		276.574		
00:00:41:799		1.50902e+06		264.501		135.19		0		2.63714		276.574		
00:00:41:700		1.50902e+06		263.991		135.384		0		2.62201		276.622		
00:00:41:600		1.50903e+06		263.991		135.384		0		2.62201		276.67		
00:00:41:500		1.50904e+06		263.479		135.384		0		2.62201		276.721		
00:00:41:399		1.50905e+06		263.479		135.583		0		2.60685		276.775		
00:00:41:299		1.50906e+06		262.964		135.583		0		2.60685		276.86		
00:00:41:149		1.50907e+06		262.964		135.786		0		2.59167		276.916		
00:00:41:049		1.50908e+06		262.964		135.786		0		2.59167		276.97		
00:00:40:899		1.50909e+06		262.447		135.993		0		2.57646		277.044		
00:00:40:799		1.5091e+06		262.447		135.993		0		2.57646		277.091		
00:00:40:799		1.5091e+06		262.447		135.993		0		2.57646		277.091		
00:00:40:649		1.50911e+06		261.929		136.205		0		2.56119		277.166		
00:00:40:549		1.50912e+06		261.929		136.205		0		2.56119		277.218		
00:00:40:450		1.50913e+06		261.408		136.422		0		2.54591		277.275		
00:00:40:450		1.50913e+06		261.408		136.422		0		2.54591		277.275		
00:00:40:350		1.50914e+06		261.408		136.422		0		2.54591		277.331		
00:00:40:250		1.50915e+06		260.886		136.422		0		2.54591		277.387		
00:00:40:149		1.50916e+06		260.886		136.643		0		2.5306		277.442		
00:00:40:049		1.50916e+06		260.886		136.643		0		2.5306		277.493		
00:00:39:850		1.50918e+06		260.361		136.868		0		2.51525		277.589		
00:00:39:850		1.50918e+06		260.361		136.868		0		2.51525		277.589		
00:00:39:750		1.50919e+06		259.834		136.868		0		2.51525		277.64		
00:00:39:549		1.50921e+06		259.834		137.098		0		2.49986		277.751		
00:00:39:450		1.50922e+06		259.305		137.333		0		2.48446		277.807		
00:00:39:350		1.50922e+06		259.305		137.333		0		2.48446		277.862		
00:00:39:250		1.50923e+06		258.775		137.333		0		2.48446		277.916		
00:00:39:149		1.50924e+06		258.775		137.573		0		2.46902		277.966		
00:00:39:049		1.50925e+06		258.775		137.573		0		2.46902		278.013		
00:00:39:049		1.50925e+06		258.775		137.573		0		2.46902		278.013		
00:00:38:850		1.50927e+06		258.242		137.818		0		2.45353		278.118		
00:00:38:850		1.50927e+06		258.242		137.818		0		2.45353		278.118		
00:00:38:750		1.50928e+06		257.707		137.818		0		2.45353		278.174		
00:00:38:649		1.50928e+06		257.707		138.067		0		2.43803		278.23		
00:00:38:549		1.50929e+06		257.707		138.067		0		2.43803		278.285		
00:00:38:450		1.5093e+06		257.169		138.322		0		2.42249		278.338		
00:00:38:350		1.50931e+06		257.169		138.322		0		2.42249		278.389		
00:00:38:100		1.50933e+06		256.63		138.581		0		2.4069		278.514		
00:00:38:100		1.50933e+06		256.63		138.581		0		2.4069		278.514		
00:00:38:000		1.50934e+06		256.088		138.581		0		2.4069		278.569		
00:00:37:799		1.50936e+06		256.088		138.845		0		2.3913		278.678		
00:00:37:799		1.50936e+06		256.088		138.845		0		2.3913		278.678		
00:00:37:700		1.50936e+06		255.544		139.114		0		2.37566		278.731		
00:00:37:600		1.50937e+06		255.544		139.114		0		2.37566		278.782		
00:00:37:500		1.50938e+06		254.997		139.114		0		2.37566		278.831		
00:00:37:399		1.50939e+06		254.997		139.388		0		2.35997		278.884		
00:00:37:299		1.5094e+06		254.997		139.388		0		2.35997		278.939		
00:00:37:200		1.50941e+06		254.448		139.667		0		2.34427		278.994		
00:00:37:100		1.50942e+06		254.448		139.667		0		2.34427		279.049		
00:00:37:000		1.50942e+06		253.896		139.667		0		2.34427		279.102		
00:00:36:799		1.50944e+06		253.896		139.951		0		2.32853		279.203		
00:00:36:799		1.50944e+06		253.896		139.951		0		2.32853		279.203		
00:00:36:700		1.50945e+06		253.341		140.24		0		2.31275		279.256		
00:00:36:600		1.50946e+06		253.341		140.24		0		2.31275		279.311		
00:00:36:500		1.50947e+06		252.783		140.24		0		2.31275		279.366		
00:00:36:399		1.50947e+06		252.783		140.534		0		2.29695		279.419		
00:00:36:299		1.50948e+06		252.783		140.534		0		2.29695		279.472		
00:00:36:200		1.50949e+06		252.221		140.833		0		2.2811		279.524		
00:00:36:100		1.5095e+06		252.221		140.833		0		2.2811		279.575		
00:00:36:000		1.50951e+06		251.655		140.833		0		2.2811		279.63		
00:00:35:799		1.50953e+06		251.655		141.137		0		2.26522		279.738		
00:00:35:799		1.50953e+06		251.655		141.137		0		2.26522		279.738		
00:00:35:700		1.50953e+06		251.082		141.447		0		2.24931		279.792		
00:00:35:549		1.50955e+06		251.082		141.447		0		2.24931		279.869		
00:00:35:450		1.50956e+06		250.501		141.763		0		2.23336		279.92		
00:00:35:350		1.50956e+06		250.501		141.763		0		2.23336		279.976		
00:00:35:299		1.50957e+06		250.501		141.763		0		2.23336		280.003		
00:00:35:200		1.50958e+06		249.91		142.086		0		2.21739		280.057		
00:00:35:049		1.50959e+06		249.91		142.086		0		2.21739		280.137		
00:00:34:899		1.5096e+06		249.303		142.416		0		2.20136		280.216		
00:00:34:750		1.50962e+06		248.669		142.416		0		2.20136		280.297		
00:00:34:750		1.50962e+06		248.669		142.416		0		2.20136		280.297		
00:00:34:649		1.50962e+06		248.669		142.755		0		2.18532		280.352		
00:00:34:549		1.50963e+06		248.669		142.755		0		2.18532		280.406		
00:00:34:450		1.50964e+06		247.988		143.103		0		2.16922		280.46		
00:00:34:350		1.50965e+06		247.988		143.103		0		2.16922		280.514		
00:00:34:250		1.50966e+06		247.62		143.103		0		2.16922		280.565		
00:00:34:149		1.50967e+06		247.62		143.451		0		2.1531		280.62		
00:00:34:149		1.50967e+06		247.62		143.451		0		2.1531		280.62		
00:00:34:049		1.50967e+06		247.62		143.451		0		2.1531		280.676		
00:00:33:850		1.50969e+06		247.252		143.799		0		2.13695		280.785		
00:00:33:750		1.5097e+06		246.883		143.799		0		2.13695		280.839		
00:00:33:750		1.5097e+06		246.883		143.799		0		2.13695		280.839		
00:00:33:649		1.50971e+06		246.883		144.147		0		2.12075		280.891		
00:00:33:549		1.50972e+06		246.883		144.147		0		2.12075		280.946		
00:00:33:450		1.50973e+06		246.512		144.495		0		2.10453		281.002		
00:00:33:350		1.50973e+06		246.512		144.495		0		2.10453		281.058		
00:00:33:250		1.50974e+06		246.141		144.495		0		2.10453		281.113		
00:00:33:149		1.50975e+06		246.141		144.842		0		2.08825		281.167		
00:00:33:049		1.50976e+06		246.141		144.842		0		2.08825		281.22		
00:00:32:850		1.50978e+06		245.769		145.188		0		2.07195		281.332		
00:00:32:850		1.50978e+06		245.769		145.188		0		2.07195		281.332		
00:00:32:700		1.50979e+06		245.395		145.533		0		2.05562		281.415		
00:00:32:649		1.50979e+06		245.395		145.533		0		2.05562		281.443		
00:00:32:500		1.50981e+06		245.02		145.533		0		2.05562		281.524		
00:00:32:450		1.50981e+06		245.02		145.876		0		2.03923		281.55		
00:00:32:299		1.50982e+06		245.02		145.876		0		2.03923		281.634		
00:00:32:200		1.50983e+06		244.643		146.217		0		2.02283		281.69		
00:00:32:100		1.50984e+06		244.643		146.217		0		2.02283		281.746		
00:00:32:000		1.50985e+06		244.266		146.217		0		2.02283		281.802		
00:00:31:899		1.50986e+06		244.266		146.558		0		2.00636		281.857		
00:00:31:800		1.50987e+06		244.266		146.558		0		2.00636		281.91		
00:00:31:699		1.50987e+06		243.885		146.898		0		1.98988		281.968		
00:00:31:600		1.50988e+06		243.885		146.898		0		1.98988		282.025		
00:00:31:500		1.50989e+06		243.501		146.898		0		1.98988		282.081		
00:00:31:399		1.5099e+06		243.501		147.237		0		1.97337		282.137		
00:00:31:300		1.50991e+06		243.501		147.237		0		1.97337		282.192		
00:00:31:199		1.50992e+06		243.114		147.574		0		1.95683		282.246		
00:00:31:100		1.50993e+06		243.114		147.574		0		1.95683		282.304		
00:00:30:899		1.50994e+06		242.724		147.909		0		1.94027		282.417		
00:00:30:800		1.50995e+06		242.724		147.909		0		1.94027		282.474		
00:00:30:800		1.50995e+06		242.724		147.909		0		1.94027		282.474		
00:00:30:699		1.50996e+06		242.331		148.242		0		1.92367		282.53		
00:00:30:600		1.50997e+06		242.331		148.242		0		1.92367		282.585		
00:00:30:500		1.50998e+06		241.933		148.242		0		1.92367		282.642		
00:00:30:399		1.50998e+06		241.933		148.573		0		1.90705		282.699		
00:00:30:300		1.50999e+06		241.933		148.573		0		1.90705		282.756		
00:00:30:199		1.51e+06		241.532		148.902		0		1.89039		282.813		
00:00:30:050		1.51001e+06		241.532		148.902		0		1.89039		282.897		
00:00:29:949		1.51002e+06		241.127		149.227		0		1.87371		282.951		
00:00:29:850		1.51003e+06		241.127		149.227		0		1.87371		283.008		
00:00:29:800		1.51004e+06		241.127		149.227		0		1.87371		283.036		
00:00:29:699		1.51004e+06		240.719		149.549		0		1.857		283.092		
00:00:29:600		1.51005e+06		240.719		149.549		0		1.857		283.149		
00:00:29:449		1.51007e+06		240.306		149.867		0		1.84026		283.235		
00:00:29:350		1.51007e+06		240.306		149.867		0		1.84026		283.29		
00:00:29:250		1.51008e+06		239.889		149.867		0		1.84026		283.345		
00:00:29:149		1.51009e+06		239.889		150.18		0		1.82349		283.4		
00:00:29:050		1.5101e+06		239.889		150.18		0		1.82349		283.454		
00:00:28:850		1.51012e+06		239.467		150.489		0		1.8067		283.565		
00:00:28:750		1.51012e+06		239.042		150.489		0		1.8067		283.622		
00:00:28:750		1.51012e+06		239.042		150.489		0		1.8067		283.622		
00:00:28:750		1.51012e+06		239.042		150.489		0		1.8067		283.622		
00:00:28:649		1.51013e+06		239.042		150.792		0		1.78989		283.678		
00:00:28:550		1.51014e+06		239.042		150.792		0		1.78989		283.732		
00:00:28:350		1.51016e+06		238.612		151.089		0		1.77305		283.841		
00:00:28:250		1.51017e+06		238.177		151.089		0		1.77305		283.896		
00:00:28:250		1.51017e+06		238.177		151.089		0		1.77305		283.896		
00:00:28:149		1.51018e+06		238.177		151.38		0		1.75619		283.951		
00:00:27:949		1.51019e+06		237.738		151.663		0		1.73932		284.061		
00:00:27:850		1.5102e+06		237.738		151.663		0		1.73932		284.115		
00:00:27:850		1.5102e+06		237.738		151.663		0		1.73932		284.115		
00:00:27:750		1.51021e+06		237.294		151.663		0		1.73932		284.169		
00:00:27:649		1.51022e+06		237.294		151.939		0		1.72242		284.223		
00:00:27:550		1.51023e+06		237.294		151.939		0		1.72242		284.277		
00:00:27:449		1.51024e+06		236.845		152.206		0		1.70549		284.357		
00:00:27:350		1.51024e+06		236.845		152.206		0		1.70549		284.384		
00:00:27:149		1.51026e+06		236.39		152.465		0		1.68855		284.493		
00:00:27:149		1.51026e+06		236.39		152.465		0		1.68855		284.493		
00:00:27:000		1.51027e+06		235.93		152.465		0		1.68855		284.571		
00:00:26:800		1.51029e+06		235.93		152.713		0		1.67158		284.675		
00:00:26:800		1.51029e+06		235.93		152.713		0		1.67158		284.675		
00:00:26:699		1.5103e+06		235.464		152.951		0		1.65458		284.728		
00:00:26:600		1.51031e+06		235.464		152.951		0		1.65458		284.781		
00:00:26:500		1.51032e+06		234.992		152.951		0		1.65458		284.835		
00:00:26:399		1.51032e+06		234.992		153.178		0		1.63757		284.888		
00:00:26:300		1.51033e+06		234.992		153.178		0		1.63757		284.939		
00:00:26:199		1.51034e+06		234.515		153.392		0		1.62053		284.99		
00:00:26:100		1.51035e+06		234.515		153.392		0		1.62053		285.042		
00:00:26:000		1.51036e+06		234.03		153.392		0		1.62053		285.094		
00:00:25:899		1.51037e+06		234.03		153.593		0		1.60347		285.146		
00:00:25:800		1.51038e+06		234.03		153.593		0		1.60347		285.2		
00:00:25:699		1.51038e+06		233.538		153.78		0		1.58639		285.252		
00:00:25:600		1.51039e+06		233.538		153.78		0		1.58639		285.303		
00:00:25:500		1.5104e+06		233.039		153.78		0		1.58639		285.354		
00:00:25:399		1.51041e+06		233.039		153.951		0		1.56929		285.405		
00:00:25:300		1.51042e+06		233.039		153.951		0		1.56929		285.457		
00:00:25:199		1.51043e+06		232.533		154.106		0		1.55217		285.509		
00:00:25:100		1.51044e+06		232.533		154.106		0		1.55217		285.562		
00:00:25:000		1.51044e+06		232.018		154.106		0		1.55217		285.614		
00:00:24:899		1.51045e+06		232.018		154.244		0		1.53504		285.664		
00:00:24:800		1.51046e+06		232.018		154.244		0		1.53504		285.715		
00:00:24:699		1.51047e+06		231.495		154.364		0		1.51788		285.79		
00:00:24:550		1.51048e+06		231.495		154.364		0		1.51788		285.841		
00:00:24:500		1.51049e+06		230.964		154.364		0		1.51788		285.866		
00:00:24:399		1.51049e+06		230.964		154.463		0		1.5007		285.919		
00:00:24:250		1.51057e+06		230.425		154.463		0		1.5007		285.996		
00:00:24:149		1.51067e+06		230.425		154.542		0		1.48351		286.047		
00:00:24:050		1.51081e+06		230.425		154.542		0		1.48351		286.097		
00:00:23:850		1.51121e+06		229.877		154.598		0		1.46631		286.198		
00:00:23:750		1.51147e+06		229.321		154.598		0		1.46631		286.249		
00:00:23:750		1.51147e+06		229.321		154.598		0		1.46631		286.249		
00:00:23:750		1.51147e+06		229.321		154.598		0		1.46631		286.249		
00:00:23:550		1.51211e+06		229.321		154.63		0		1.44908		286.354		
00:00:23:449		1.5125e+06		228.755		154.636		0		1.43185		286.405		
00:00:23:350		1.51292e+06		228.755		154.636		0		1.43185		286.455		
00:00:23:350		1.51292e+06		228.755		154.636		0		1.43185		286.455		
00:00:23:250		1.51338e+06		228.18		154.636		0		1.43185		286.506		
00:00:23:149		1.51389e+06		228.18		154.616		0		1.4146		286.557		
00:00:23:050		1.51443e+06		228.18		154.616		0		1.4146		286.609		
00:00:22:850		1.51564e+06		227.595		154.567		0		1.39734		286.714		
00:00:22:750		1.51631e+06		227.001		154.567		0		1.39734		286.766		
00:00:22:750		1.51631e+06		227.001		154.567		0		1.39734		286.766		
00:00:22:649		1.51702e+06		227.001		154.489		0		1.38008		286.817		
00:00:22:550		1.51777e+06		227.001		154.489		0		1.38008		286.868		
00:00:22:449		1.51856e+06		226.396		154.378		0		1.3628		286.92		
00:00:22:350		1.5194e+06		226.396		154.378		0		1.3628		286.972		
00:00:22:250		1.52031e+06		225.78		154.378		0		1.3628		287.025		
00:00:22:149		1.52131e+06		225.78		154.235		0		1.34552		287.079		
00:00:22:050		1.5224e+06		225.78		154.235		0		1.34552		287.132		
00:00:21:850		1.52481e+06		225.154		154.055		0		1.32823		287.236		
00:00:21:850		1.52481e+06		225.154		154.055		0		1.32823		287.236		
00:00:21:750		1.52614e+06		224.516		154.055		0		1.32823		287.289		
00:00:21:600		1.52829e+06		224.516		153.838		0		1.31093		287.369		
00:00:21:500		1.52982e+06		223.867		153.838		0		1.31093		287.424		
00:00:21:399		1.53144e+06		223.867		153.581		0		1.29364		287.479		
00:00:21:350		1.53228e+06		223.867		153.581		0		1.29364		287.506		
00:00:21:250		1.53403e+06		223.205		153.581		0		1.29364		287.56		
00:00:21:100		1.5368e+06		223.205		153.282		0		1.27635		287.641		
00:00:21:000		1.53876e+06		222.527		153.282		0		1.27635		287.695		
00:00:20:899		1.5408e+06		222.527		152.939		0		1.25908		287.751		
00:00:20:800		1.54292e+06		222.527		152.939		0		1.25908		287.807		
00:00:20:699		1.54514e+06		221.81		152.553		0		1.24201		287.862		
00:00:20:600		1.54743e+06		221.81		152.553		0		1.24201		287.918		
00:00:20:500		1.54981e+06		221.057		152.553		0		1.24201		287.974		
00:00:20:399		1.55228e+06		221.057		152.121		0		1.22513		288.031		
00:00:20:300		1.55484e+06		221.057		152.121		0		1.22513		288.087		
00:00:20:199		1.55748e+06		220.265		151.645		0		1.20843		288.144		
00:00:20:100		1.56021e+06		220.265		151.645		0		1.20843		288.201		
00:00:20:000		1.56303e+06		219.434		151.645		0		1.20843		288.259		
00:00:19:899		1.56597e+06		219.434		151.125		0		1.19192		288.317		
00:00:19:800		1.56904e+06		219.434		151.125		0		1.19192		288.375		
00:00:19:699		1.57224e+06		218.565		150.559		0		1.17559		288.433		
00:00:19:600		1.57558e+06		218.565		150.559		0		1.17559		288.492		
00:00:19:500		1.57905e+06		217.658		150.559		0		1.17559		288.551		
00:00:19:399		1.58265e+06		217.658		149.949		0		1.15945		288.61		
00:00:19:300		1.5883e+06		216.711		149.949		0		1.15945		288.699		
00:00:19:149		1.59225e+06		216.711		149.293		0		1.1435		288.759		
00:00:19:050		1.59632e+06		216.711		149.293		0		1.1435		288.82		
00:00:18:899		1.6027e+06		215.725		148.593		0		1.12773		288.911		
00:00:18:800		1.60713e+06		215.725		148.593		0		1.12773		288.972		
00:00:18:800		1.60713e+06		215.725		148.593		0		1.12773		288.972		
00:00:18:699		1.61169e+06		214.699		147.849		0		1.11215		289.033		
00:00:18:600		1.6164e+06		214.699		147.849		0		1.11215		289.095		
00:00:18:500		1.62125e+06		213.633		147.849		0		1.11215		289.157		
00:00:18:399		1.62625e+06		213.633		147.06		0		1.09676		289.219		
00:00:18:300		1.63139e+06		213.633		147.06		0		1.09676		289.282		
00:00:18:149		1.63938e+06		212.526		146.227		0		1.08155		289.376		
00:00:18:050		1.64489e+06		212.526		146.227		0		1.08155		289.44		
00:00:17:949		1.65055e+06		211.378		145.35		0		1.06653		289.504		
00:00:17:850		1.65636e+06		211.378		145.35		0		1.06653		289.568		
00:00:17:750		1.66233e+06		210.188		145.35		0		1.06653		289.632		
00:00:17:750		1.66233e+06		210.188		145.35		0		1.06653		289.632		
00:00:17:649		1.66845e+06		210.188		144.431		0		1.05171		289.697		
00:00:17:550		1.67472e+06		210.188		144.431		0		1.05171		289.762		
00:00:17:350		1.68775e+06		208.956		143.47		0		1.03708		289.893		
00:00:17:350		1.68775e+06		208.956		143.47		0		1.03708		289.893		
00:00:17:250		1.6945e+06		207.679		143.47		0		1.03708		289.96		
00:00:17:149		1.70141e+06		207.679		142.469		0		1.02265		290.026		
00:00:17:050		1.70849e+06		207.679		142.469		0		1.02265		290.093		
00:00:16:850		1.72314e+06		206.355		141.427		0		1.00845		290.227		
00:00:16:750		1.73072e+06		204.979		141.427		0		1.00845		290.294		
00:00:16:750		1.73072e+06		204.979		141.427		0		1.00845		290.294		
00:00:16:649		1.73857e+06		204.979		140.349		0		0.994497		290.361		
00:00:16:550		1.74674e+06		204.979		140.349		0		0.994497		290.428		
00:00:16:449		1.75522e+06		203.539		139.237		0		0.980884		290.497		
00:00:16:350		1.76402e+06		203.539		139.237		0		0.980884		290.565		
00:00:16:250		1.77315e+06		202.027		139.237		0		0.980884		290.635		
00:00:16:149		1.7826e+06		202.027		138.095		0		0.967673		290.704		
00:00:16:050		1.79239e+06		202.027		138.095		0		0.967673		290.774		
00:00:15:849		1.81298e+06		200.506		136.923		0		0.954402		290.916		
00:00:15:750		1.82379e+06		198.972		136.923		0		0.954402		290.988		
00:00:15:750		1.82379e+06		198.972		136.923		0		0.954402		290.988		
00:00:15:650		1.83496e+06		198.972		135.719		0		0.94107		291.06		
00:00:15:550		1.84649e+06		198.972		135.719		0		0.94107		291.133		
00:00:15:400		1.86446e+06		197.426		134.482		0		0.927698		291.243		
00:00:15:300		1.87691e+06		197.426		134.482		0		0.927698		291.317		
00:00:15:199		1.88973e+06		195.869		133.212		0		0.914263		291.392		
00:00:15:099		1.90295e+06		195.869		133.212		0		0.914263		291.468		
00:00:15:000		1.91655e+06		194.301		133.212		0		0.914263		291.545		
00:00:14:900		1.93055e+06		194.301		131.908		0		0.900765		291.622		
00:00:14:800		1.94496e+06		194.301		131.908		0		0.900765		291.7		
00:00:14:699		1.95979e+06		192.72		130.569		0		0.887202		291.779		
00:00:14:599		1.97503e+06		192.72		130.569		0		0.887202		291.858		
00:00:14:500		1.99071e+06		191.128		130.569		0		0.887202		291.939		
00:00:14:400		2.00682e+06		191.128		129.195		0		0.873573		292.02		
00:00:14:300		2.02333e+06		191.128		129.195		0		0.873573		292.103		
00:00:14:199		2.04025e+06		189.528		127.783		0		0.859856		292.186		
00:00:14:099		2.05757e+06		189.528		127.783		0		0.859856		292.27		
00:00:14:000		2.07531e+06		187.915		127.783		0		0.859856		292.353		
00:00:13:900		2.09347e+06		187.915		126.334		0		0.846071		292.438		
00:00:13:800		2.11207e+06		187.915		126.334		0		0.846071		292.523		
00:00:13:699		2.1311e+06		186.288		124.847		0		0.832241		292.609		
00:00:13:550		2.16049e+06		186.288		124.847		0		0.832241		292.739		
00:00:13:449		2.18066e+06		184.648		123.32		0		0.818342		292.827		
00:00:13:400		2.19092e+06		184.648		123.32		0		0.818342		292.871		
00:00:13:300		2.21179e+06		184.648		123.32		0		0.818342		292.96		
00:00:13:150		2.24401e+06		182.995		121.753		0		0.80437		293.095		
00:00:13:050		2.26611e+06		182.995		121.753		0		0.80437		293.185		
00:00:13:000		2.27735e+06		181.329		121.753		0		0.80437		293.231		
00:00:12:849		2.31184e+06		181.329		120.143		0		0.790327		293.368		
00:00:12:750		2.3355e+06		179.653		120.143		0		0.790327		293.459		
00:00:12:650		2.3597e+06		179.653		118.489		0		0.776187		293.552		
00:00:12:550		2.38445e+06		179.653		118.489		0		0.776187		293.644		
00:00:12:449		2.40977e+06		177.961		116.791		0		0.761994		293.737		
00:00:12:349		2.43565e+06		177.961		116.791		0		0.761994		293.83		
00:00:12:349		2.43565e+06		177.961		116.791		0		0.761994		293.83		
00:00:12:150		2.489e+06		176.255		115.047		0		0.747723		294.017		
00:00:12:050		2.5165e+06		176.255		115.047		0		0.747723		294.111		
00:00:12:050		2.5165e+06		176.255		115.047		0		0.747723		294.111		
00:00:11:949		2.54455e+06		174.536		113.26		0		0.733376		294.205		
00:00:11:750		2.60236e+06		172.806		113.26		0		0.733376		294.396		
00:00:11:650		2.63215e+06		172.806		111.43		0		0.718911		294.493		
00:00:11:550		2.66244e+06		172.806		111.43		0		0.718911		294.59		
00:00:11:449		2.69322e+06		171.06		109.558		0		0.704411		294.689		
00:00:11:349		2.72452e+06		171.06		109.558		0		0.704411		294.789		
00:00:11:349		2.72452e+06		171.06		109.558		0		0.704411		294.789		
00:00:11:250		2.75635e+06		169.3		109.558		0		0.704411		294.89		
00:00:11:150		2.78874e+06		169.3		107.643		0		0.689835		294.992		
00:00:11:050		2.8217e+06		169.3		107.643		0		0.689835		295.096		
00:00:10:949		2.85527e+06		167.526		105.687		0		0.675183		295.2		
00:00:10:750		2.92427e+06		165.739		105.687		0		0.675183		295.414		
00:00:10:750		2.92427e+06		165.739		105.687		0		0.675183		295.414		
00:00:10:650		2.95975e+06		165.739		103.696		0		0.660455		295.524		
00:00:10:550		2.99589e+06		165.739		103.696		0		0.660455		295.634		
00:00:10:449		3.03273e+06		163.938		101.676		0		0.645652		295.747		
00:00:10:300		3.08931e+06		163.938		101.676		0		0.645652		295.919		
00:00:10:199		3.12796e+06		162.125		99.629		0		0.630773		296.036		
00:00:10:099		3.16735e+06		162.125		99.629		0		0.630773		296.155		
00:00:10:000		3.20751e+06		160.298		99.629		0		0.630773		296.274		
00:00:09:800		3.29001e+06		160.298		97.5556		0		0.615818		296.521		
00:00:09:800		3.29001e+06		160.298		97.5556		0		0.615818		296.521		
00:00:09:699		3.33236e+06		158.458		95.4557		0		0.600787		296.646		
00:00:09:599		3.37547e+06		158.458		95.4557		0		0.600787		296.772		
00:00:09:500		3.41934e+06		156.607		95.4557		0		0.600787		296.899		
00:00:09:400		3.464e+06		156.607		93.3273		0		0.585679		297.029		
00:00:09:300		3.50946e+06		156.607		93.3273		0		0.585679		297.161		
00:00:09:199		3.55574e+06		154.745		91.1735		0		0.570496		297.295		
00:00:09:099		3.60285e+06		154.745		91.1735		0		0.570496		297.43		
00:00:09:000		3.65081e+06		152.871		91.1735		0		0.570496		297.568		
00:00:08:900		3.69964e+06		152.871		88.9995		0		0.555236		297.707		
00:00:08:800		3.74935e+06		152.871		88.9995		0		0.555236		297.85		
00:00:08:699		3.79995e+06		150.989		86.8089		0		0.539898		297.994		
00:00:08:599		3.85147e+06		150.989		86.8089		0		0.539898		298.14		
00:00:08:500		3.90394e+06		149.098		86.8089		0		0.539898		298.289		
00:00:08:400		3.95736e+06		149.098		84.6046		0		0.524482		298.439		
00:00:08:300		4.01176e+06		149.098		84.6046		0		0.524482		298.592		
00:00:08:199		4.06716e+06		147.198		82.3896		0		0.508979		298.745		
00:00:08:050		4.15217e+06		147.198		82.3896		0		0.508979		298.98		
00:00:07:950		4.21015e+06		145.291		80.1676		0		0.493387		299.139		
00:00:07:900		4.23953e+06		145.291		80.1676		0		0.493387		299.219		
00:00:07:799		4.29911e+06		145.291		80.1676		0		0.493387		299.382		
00:00:07:700		4.35978e+06		143.377		77.9429		0		0.477701		299.547		
00:00:07:549		4.4529e+06		143.377		77.9429		0		0.477701		299.799		
00:00:07:450		4.5164e+06		141.459		75.7206		0		0.46192		299.969		
00:00:07:349		4.58108e+06		141.459		75.7206		0		0.46192		300.14		
00:00:07:250		4.64695e+06		139.538		75.7206		0		0.46192		300.311		
00:00:07:150		4.71405e+06		139.538		73.5068		0		0.446045		300.485		
00:00:07:099		4.74806e+06		139.538		73.5068		0		0.446045		300.572		
00:00:06:849		4.92284e+06		137.617		71.308		0		0.430072		301.017		
00:00:06:849		4.92284e+06		137.617		71.308		0		0.430072		301.017		
00:00:06:750		4.99503e+06		135.698		71.308		0		0.430072		301.199		
00:00:06:650		4.99503e+06		135.698		71.308		0		0.430072		301.199		
00:00:06:650		5.06828e+06		135.698		69.1314		0		0.414001		301.382		
00:00:06:549		5.14251e+06		135.698		69.1314		0		0.414001		301.567		
00:00:06:450		5.21775e+06		133.783		66.9834		0		0.397828		301.755		
00:00:06:349		5.29400e+06		133.783		66.9834		0		0.397828		301.944		
00:00:06:250		5.37128e+06		131.875		66.9834		0		0.397828		302.134		
00:00:06:150		5.44959e+06		131.875		64.871		0		0.381549		302.326		
00:00:06:049		5.52895e+06		131.875		64.871		0		0.381549		302.521		
00:00:05:849		5.69089e+06		129.975		62.8032		0		0.365155		302.916		
00:00:05:750		5.7735e+06		128.089		62.8032		0		0.365155		303.116		
00:00:05:750		5.7735e+06		128.089		62.8032		0		0.365155		303.116		
00:00:05:650		5.85722e+06		128.089		60.7886		0		0.348632		303.315		
00:00:05:549		5.9421e+06		128.089		60.7886		0		0.348632		303.517		
00:00:05:400		6.07169e+06		126.218		58.8352		0		0.331816		303.823		
00:00:05:299		6.15984e+06		126.218		58.8352		0		0.331816		304.029		
00:00:05:200		6.24381e+06		124.365		56.9472		0		0.314499		304.237		
00:00:05:099		6.30767e+06		124.365		56.9472		0		0.314499		304.446		
00:00:05:000		6.35707e+06		122.533		56.9472		0		0.314499		304.657		
00:00:04:799		6.42722e+06		122.533		55.1228		0		0.296807		305.078		
00:00:04:700		6.45207e+06		120.732		53.3471		0		0.278848		305.291		
00:00:04:700		6.45207e+06		120.732		53.3471		0		0.278848		305.291		
00:00:04:599		6.47223e+06		120.732		53.3471		0		0.278848		305.504		
00:00:04:500		6.48881e+06		118.967		53.3471		0		0.278848		305.716		
00:00:04:400		6.5027e+06		118.967		51.6257		0		0.260696		305.927		
00:00:04:299		6.51457e+06		118.967		51.6257		0		0.260696		306.138		
00:00:04:200		6.52488e+06		117.245		49.9645		0		0.242402		306.35		
00:00:04:099		6.53404e+06		117.245		49.9645		0		0.242402		306.562		
00:00:04:000		6.54231e+06		115.573		49.9645		0		0.242402		306.774		
00:00:03:899		6.54999e+06		115.573		48.3694		0		0.223997		306.985		
00:00:03:799		6.55734e+06		115.573		48.3694		0		0.223997		307.194		
00:00:03:700		6.56448e+06		113.955		46.8455		0		0.205498		307.403		
00:00:03:600		6.57171e+06		113.955		46.8455		0		0.205498		307.61		
00:00:03:500		6.57937e+06		112.399		46.8455		0		0.205498		307.812		
00:00:03:399		6.5879e+06		112.399		45.3975		0		0.186906		308.011		
00:00:03:299		6.59806e+06		112.399		45.3975		0		0.186906		308.206		
00:00:03:200		6.60817e+06		110.91		44.03		0		0.168229		308.394		
00:00:03:100		6.61761e+06		110.91		44.03		0		0.168229		308.575		
00:00:03:000		6.62627e+06		109.494		44.03		0		0.168229		308.745		
00:00:02:899		6.63413e+06		109.494		42.7471		0		0.149483		308.906		
00:00:02:750		6.64416e+06		108.157		42.7471		0		0.149483		309.13		
00:00:02:649		6.64916e+06		108.157		41.5531		0		0.130693		309.263		
00:00:02:600		6.65097e+06		108.157		41.5531		0		0.130693		309.325		
00:00:02:500		6.65246e+06		106.907		41.5531		0		0.130693		309.436		
00:00:02:350		6.64568e+06		106.907		40.4524		0		0.111925		309.572		
00:00:02:250		6.63009e+06		105.751		40.4524		0		0.111925		309.643		
00:00:02:149		6.59898e+06		105.751		39.4518		0		0.0934154		309.697		
00:00:02:049		6.54904e+06		105.751		39.4518		0		0.0934154		309.739		
00:00:01:949		6.51198e+06		104.696		38.5644		0		0.0750012		309.77		
00:00:01:949		6.51198e+06		104.696		38.5644		0		0.0750012		309.77		
00:00:01:750		6.47971e+06		103.745		38.5644		0		0.0750012		309.809		
00:00:01:750		6.47971e+06		103.745		38.5644		0		0.0750012		309.809		
00:00:01:649		6.47917e+06		103.745		37.8069		0		0.0565216		309.822		
00:00:01:550		6.4967e+06		103.745		37.8069		0		0.0565216		309.832		
00:00:01:449		6.51475e+06		102.897		37.1872		0		0.0379121		309.839		
00:00:01:250		6.55216e+06		102.173		37.1872		0		0.0379121		309.846		
00:00:01:250		6.55216e+06		102.173		37.1872		0		0.0379121		309.846		
00:00:01:149		6.57497e+06		102.173		36.6969		0		0.0191275		309.846		
00:00:01:050		6.60361e+06		102.173		36.6969		0		0.0191275		309.846		
00:00:00:900		6.66484e+06		101.493		36.3828		0		0		309.846		
00:00:00:699		6.83118e+06		100.069		36.3831		0		0		309.846		
00:00:00:699		6.83118e+06		100.069		36.3831		0		0		309.846		
00:00:00:599		6.83117e+06		100.069		36.3831		0		0		309.846		
00:00:00:500		6.83116e+06		100.069		36.3831		0		0		309.846		
00:00:00:400		6.83116e+06		100.069		36.3834		0		0		309.846		
00:00:00:299		6.83116e+06		100.069		36.3834		0		0		309.846		
00:00:00:250		6.83116e+06		100.069		36.3837		0		0		309.846		
00:00:00:100		6.83116e+06		100.069		36.3837		0		0		309.846		
00:00:00:000		6.83115e+06		100.069		36.3837		0		0		309.846		
00:00:00:000		6.83115e+06		100.069		36.3837		0		0		309.846		
00:00:00:000		6.83115e+06		100.069		36.3837		0		0		309.846		
00:00:00:000		6.83115e+06		100.069		36.3837		0		0		309.846		
00:00:00:000		6.83115e+06		100.069		36.3837		0		0		309.846		
00:00:00:000		6.83115e+06		100.069		36.3837		0		0		309.846		
