	time 		rcpppzr	rcp054rcp007mnzoyout	rcv501std0102fvol	fwfrcp001gv	rcppmssga	msfsg(1)	
00:01:10:799		9.73184e+06		-5.84733		0		0		2.65263e+06		504.504		
00:01:10:700		9.74444e+06		-5.84734		0		0		2.65592e+06		504.675		
00:01:10:599		9.75708e+06		-5.84735		0		0		2.66079e+06		506.441		
00:01:10:500		9.76966e+06		-5.84735		0		0		2.66673e+06		507.936		
00:01:10:400		9.78212e+06		-5.84734		0		0		2.67154e+06		508.909		
00:01:10:299		9.79444e+06		-5.84731		0		0		2.67545e+06		509.763		
00:01:10:200		9.80658e+06		-5.84728		0		0		2.6792e+06		510.865		
00:01:10:099		9.81854e+06		-5.84722		0		0		2.683e+06		512.512		
00:01:10:000		9.83037e+06		-5.84716		0		0		2.68614e+06		512.297		
00:01:09:900		9.84212e+06		-5.84708		0		0		2.68662e+06		511.76		
00:01:09:900		9.84212e+06		-5.84708		0		0		2.68662e+06		511.76		
00:01:09:700		9.86547e+06		-5.84689		0		0		2.69224e+06		512.748		
00:01:09:700		9.86547e+06		-5.84689		0		0		2.69224e+06		512.748		
00:01:09:549		9.88286e+06		-5.84675		0		0		2.69736e+06		513.344		
00:01:09:450		9.89442e+06		-5.84667		0		0		2.70085e+06		513.561		
00:01:09:349		9.90601e+06		-5.84662		0		0		2.70489e+06		514.634		
00:01:09:250		9.9176e+06		-5.84661		0		0		2.7102e+06		516.327		
00:01:09:049		9.94051e+06		-5.84676		0		0		2.71896e+06		518.573		
00:01:09:049		9.94051e+06		-5.84676		0		0		2.71896e+06		518.573		
00:01:08:900		9.96295e+06		-5.8471		0		0		2.72496e+06		520.794		
00:01:08:900		9.96295e+06		-5.8471		0		0		2.72496e+06		520.794		
00:01:08:750		9.97402e+06		-5.84735		0		0		2.72735e+06		520.679		
00:01:08:650		9.98503e+06		-5.84766		0		0		2.72719e+06		519.119		
00:01:08:549		9.99605e+06		-5.84803		0		0		2.72829e+06		519.607		
00:01:08:450		1.00071e+07		-5.84845		0		0		2.73199e+06		520.131		
00:01:08:349		1.00181e+07		-5.84889		0		0		2.73555e+06		520.699		
00:01:08:250		1.00291e+07		-5.84932		0		0		2.73934e+06		521.448		
00:01:08:049		1.00512e+07		-5.85019		0		0		2.74805e+06		523.728		
00:01:08:049		1.00512e+07		-5.85019		0		0		2.74805e+06		523.728		
00:01:07:950		1.00623e+07		-5.85065		0		0		2.75266e+06		524.952		
00:01:07:750		1.00841e+07		-5.85163		0		0		2.75934e+06		526.839		
00:01:07:750		1.00841e+07		-5.85163		0		0		2.75934e+06		526.839		
00:01:07:650		1.00949e+07		-5.85216		0		0		2.76179e+06		527.985		
00:01:07:549		1.01056e+07		-5.85273		0		0		2.76353e+06		527.195		
00:01:07:450		1.01164e+07		-5.85334		0		0		2.76304e+06		525.75		
00:01:07:349		1.01273e+07		-5.85398		0		0		2.7646e+06		526.263		
00:01:07:250		1.01383e+07		-5.85467		0		0		2.76856e+06		526.902		
00:01:07:049		1.01601e+07		-5.85613		0		0		2.77676e+06		528.599		
00:01:07:049		1.01601e+07		-5.85613		0		0		2.77676e+06		528.599		
00:01:06:950		1.01709e+07		-5.85689		0		0		2.78121e+06		529.902		
00:01:06:799		1.01869e+07		-5.85799		0		0		2.78753e+06		531.878		
00:01:06:700		1.01974e+07		-5.85867		0		0		2.79056e+06		532.643		
00:01:06:599		1.02079e+07		-5.85927		0		0		2.7929e+06		533.711		
00:01:06:549		1.02131e+07		-5.85953		0		0		2.79401e+06		533.773		
00:01:06:400		1.02286e+07		-5.86008		0		0		2.79461e+06		531.763		
00:01:06:299		1.02389e+07		-5.86023		0		0		2.79557e+06		531.787		
00:01:06:150		1.02544e+07		-5.86005		0		0		2.80186e+06		533.278		
00:01:06:049		1.02647e+07		-5.85964		0		0		2.80633e+06		534.388		
00:01:06:049		1.02647e+07		-5.85964		0		0		2.80633e+06		534.388		
00:01:05:950		1.0275e+07		-5.85899		0		0		2.81071e+06		535.608		
00:01:05:849		1.02851e+07		-5.85808		0		0		2.81476e+06		536.872		
00:01:05:700		1.03003e+07		-5.85627		0		0		2.81965e+06		538.377		
00:01:05:599		1.03103e+07		-5.85478		0		0		2.82191e+06		539.029		
00:01:05:549		1.03153e+07		-5.85396		0		0		2.82272e+06		538.922		
00:01:05:400		1.03302e+07		-5.85123		0		0		2.82338e+06		537.027		
00:01:05:299		1.03401e+07		-5.84925		0		0		2.82479e+06		537.301		
00:01:05:099		1.03599e+07		-5.84507		0		0		2.83407e+06		540.007		
00:01:05:000		1.03697e+07		-5.84299		0		0		2.83843e+06		540.945		
00:01:05:000		1.03697e+07		-5.84299		0		0		2.83843e+06		540.945		
00:01:04:900		1.03795e+07		-5.841		0		0		2.84222e+06		542.199		
00:01:04:799		1.03891e+07		-5.83914		0		0		2.84571e+06		543.286		
00:01:04:700		1.03987e+07		-5.83748		0		0		2.84809e+06		543.847		
00:01:04:599		1.04083e+07		-5.83608		0		0		2.84957e+06		543.959		
00:01:04:500		1.04178e+07		-5.83481		0		0		2.85049e+06		542.722		
00:01:04:400		1.04273e+07		-5.83348		0		0		2.85099e+06		541.974		
00:01:04:299		1.04368e+07		-5.83211		0		0		2.85439e+06		543.39		
00:01:04:200		1.04463e+07		-5.83069		0		0		2.8597e+06		544.853		
00:01:04:049		1.04604e+07		-5.82846		0		0		2.86618e+06		546.289		
00:01:04:049		1.04604e+07		-5.82846		0		0		2.86618e+06		546.289		
00:01:03:950		1.04698e+07		-5.82691		0		0		2.8698e+06		547.683		
00:01:03:750		1.04883e+07		-5.82366		0		0		2.87503e+06		548.736		
00:01:03:750		1.04883e+07		-5.82366		0		0		2.87503e+06		548.736		
00:01:03:649		1.04975e+07		-5.82196		0		0		2.8765e+06		548.803		
00:01:03:549		1.05067e+07		-5.8202		0		0		2.87751e+06		547.576		
00:01:03:450		1.05159e+07		-5.81839		0		0		2.87882e+06		547.439		
00:01:03:350		1.05251e+07		-5.81653		0		0		2.88288e+06		549.066		
00:01:03:250		1.05342e+07		-5.81461		0		0		2.88797e+06		550.295		
00:01:03:100		1.05478e+07		-5.81163		0		0		2.89367e+06		551.634		
00:01:03:000		1.05568e+07		-5.80958		0		0		2.89743e+06		553.074		
00:01:02:899		1.05658e+07		-5.80748		0		0		2.9004e+06		553.456		
00:01:02:799		1.05747e+07		-5.80532		0		0		2.90183e+06		553.218		
00:01:02:700		1.05836e+07		-5.80311		0		0		2.90379e+06		554.347		
00:01:02:700		1.05836e+07		-5.80311		0		0		2.90379e+06		554.347		
00:01:02:549		1.05969e+07		-5.79969		0		0		2.90763e+06		554.174		
00:01:02:450		1.06057e+07		-5.79735		0		0		2.90821e+06		553.536		
00:01:02:350		1.06145e+07		-5.79496		0		0		2.91069e+06		554.304		
00:01:02:250		1.06233e+07		-5.79251		0		0		2.915e+06		555.688		
00:01:02:049		1.06408e+07		-5.78746		0		0		2.92181e+06		556.809		
00:01:02:049		1.06408e+07		-5.78746		0		0		2.92181e+06		556.809		
00:01:01:950		1.06494e+07		-5.78486		0		0		2.92559e+06		558.223		
00:01:01:850		1.06581e+07		-5.78221		0		0		2.92901e+06		559.32		
00:01:01:750		1.06666e+07		-5.77951		0		0		2.9314e+06		559.585		
00:01:01:649		1.06752e+07		-5.77676		0		0		2.93222e+06		559.562		
00:01:01:549		1.06838e+07		-5.77396		0		0		2.93416e+06		560.2		
00:01:01:450		1.06923e+07		-5.77112		0		0		2.93526e+06		559.29		
00:01:01:350		1.07009e+07		-5.76824		0		0		2.93635e+06		559.037		
00:01:01:200		1.07135e+07		-5.76384		0		0		2.94127e+06		560.633		
00:01:01:000		1.07301e+07		-5.75784		0		0		2.94813e+06		562.193		
00:01:01:000		1.07301e+07		-5.75784		0		0		2.94813e+06		562.193		
00:01:00:950		1.07342e+07		-5.75632		0		0		2.95e+06		562.83		
00:01:00:799		1.07465e+07		-5.75168		0		0		2.95447e+06		563.846		
00:01:00:700		1.07547e+07		-5.74854		0		0		2.95653e+06		563.961		
00:01:00:649		1.07588e+07		-5.74695		0		0		2.9574e+06		564.162		
00:01:00:549		1.07669e+07		-5.74374		0		0		2.95954e+06		564.999		
00:01:00:450		1.0775e+07		-5.7405		0		0		2.96196e+06		565.643		
00:01:00:350		1.07831e+07		-5.73721		0		0		2.96317e+06		565.151		
00:01:00:250		1.07911e+07		-5.73387		0		0		2.96396e+06		564.688		
00:01:00:049		1.08071e+07		-5.72709		0		0		2.9692e+06		566.089		
00:01:00:049		1.08071e+07		-5.72709		0		0		2.9692e+06		566.089		
00:00:59:950		1.08151e+07		-5.72363		0		0		2.97294e+06		566.694		
00:00:59:850		1.0823e+07		-5.72013		0		0		2.97618e+06		568.259		
00:00:59:750		1.08309e+07		-5.71659		0		0		2.97965e+06		569.41		
00:00:59:649		1.08388e+07		-5.71302		0		0		2.98111e+06		569.145		
00:00:59:549		1.08467e+07		-5.7094		0		0		2.98161e+06		568.919		
00:00:59:450		1.08546e+07		-5.70573		0		0		2.98274e+06		568.752		
00:00:59:350		1.08624e+07		-5.70202		0		0		2.98425e+06		568.917		
00:00:59:149		1.0878e+07		-5.69448		0		0		2.98921e+06		570.016		
00:00:59:049		1.08858e+07		-5.69063		0		0		2.99273e+06		570.797		
00:00:59:049		1.08858e+07		-5.69063		0		0		2.99273e+06		570.797		
00:00:58:950		1.08935e+07		-5.68674		0		0		2.99521e+06		571.366		
00:00:58:850		1.09012e+07		-5.6828		0		0		2.99788e+06		572.423		
00:00:58:750		1.09088e+07		-5.6788		0		0		3.00033e+06		573.395		
00:00:58:649		1.09165e+07		-5.67476		0		0		3.00195e+06		573.112		
00:00:58:549		1.09243e+07		-5.67066		0		0		3.00188e+06		572.134		
00:00:58:450		1.0932e+07		-5.66651		0		0		3.00262e+06		571.929		
00:00:58:350		1.09398e+07		-5.66231		0		0		3.0052e+06		572.31		
00:00:58:149		1.09554e+07		-5.65378		0		0		3.01156e+06		572.21		
00:00:58:049		1.09632e+07		-5.64944		0		0		3.01589e+06		573.287		
00:00:58:049		1.09632e+07		-5.64944		0		0		3.01589e+06		573.287		
00:00:57:950		1.0971e+07		-5.64505		0		0		3.0224e+06		575.485		
00:00:57:850		1.09788e+07		-5.64062		0		0		3.02842e+06		576.794		
00:00:57:750		1.09866e+07		-5.63614		0		0		3.03322e+06		578.275		
00:00:57:649		1.09944e+07		-5.63161		0		0		3.03745e+06		580.017		
00:00:57:549		1.10021e+07		-5.62704		0		0		3.04092e+06		581.365		
00:00:57:450		1.10098e+07		-5.62242		0		0		3.04214e+06		580.21		
00:00:57:299		1.10212e+07		-5.61542		0		0		3.04248e+06		580.047		
00:00:57:299		1.10212e+07		-5.61542		0		0		3.04248e+06		580.047		
00:00:57:149		1.10325e+07		-5.60832		0		0		3.0461e+06		580.513		
00:00:57:049		1.10399e+07		-5.60353		0		0		3.04902e+06		581.521		
00:00:56:950		1.10472e+07		-5.59871		0		0		3.05213e+06		582.349		
00:00:56:850		1.10545e+07		-5.59385		0		0		3.05507e+06		583.916		
00:00:56:850		1.10545e+07		-5.59385		0		0		3.05507e+06		583.916		
00:00:56:600		1.10722e+07		-5.58151		0		0		3.05777e+06		584.756		
00:00:56:600		1.10722e+07		-5.58151		0		0		3.05777e+06		584.756		
00:00:56:399		1.10861e+07		-5.57146		0		0		3.05815e+06		582.383		
00:00:56:399		1.10861e+07		-5.57146		0		0		3.05815e+06		582.383		
00:00:56:299		1.10931e+07		-5.56636		0		0		3.05762e+06		582.487		
00:00:56:149		1.11036e+07		-5.55862		0		0		3.06217e+06		583.241		
00:00:56:049		1.11106e+07		-5.5534		0		0		3.06551e+06		583.471		
00:00:56:049		1.11106e+07		-5.5534		0		0		3.06551e+06		583.471		
00:00:55:899		1.1121e+07		-5.54548		0		0		3.0701e+06		582.926		
00:00:55:799		1.1128e+07		-5.54013		0		0		3.07478e+06		584.559		
00:00:55:700		1.11351e+07		-5.53472		0		0		3.08147e+06		586.347		
00:00:55:500		1.11492e+07		-5.52377		0		0		3.09198e+06		589.34		
00:00:55:500		1.11492e+07		-5.52377		0		0		3.09198e+06		589.34		
00:00:55:299		1.1163e+07		-5.51262		0		0		3.10099e+06		593.31		
00:00:55:299		1.1163e+07		-5.51262		0		0		3.10099e+06		593.31		
00:00:55:100		1.11768e+07		-5.50125		0		0		3.09894e+06		590.088		
00:00:55:100		1.11768e+07		-5.50125		0		0		3.09894e+06		590.088		
00:00:55:000		1.11837e+07		-5.49549		0		0		3.10181e+06		590.722		
00:00:54:899		1.11906e+07		-5.48967		0		0		3.10523e+06		591.308		
00:00:54:700		1.12043e+07		-5.47785		0		0		3.11172e+06		590.816		
00:00:54:700		1.12043e+07		-5.47785		0		0		3.11172e+06		590.816		
00:00:54:600		1.12113e+07		-5.47184		0		0		3.11571e+06		591.938		
00:00:54:500		1.12182e+07		-5.46576		0		0		3.12231e+06		593.775		
00:00:54:399		1.12252e+07		-5.4596		0		0		3.12827e+06		594.966		
00:00:54:200		1.12391e+07		-5.44706		0		0		3.13903e+06		598.918		
00:00:54:100		1.1246e+07		-5.4407		0		0		3.14462e+06		602.003		
00:00:54:100		1.1246e+07		-5.4407		0		0		3.14462e+06		602.003		
00:00:54:000		1.12529e+07		-5.43428		0		0		3.14686e+06		600.224		
00:00:53:899		1.12597e+07		-5.42779		0		0		3.14398e+06		598.108		
00:00:53:799		1.12665e+07		-5.42124		0		0		3.14537e+06		598.72		
00:00:53:700		1.12734e+07		-5.41462		0		0		3.14915e+06		599.496		
00:00:53:600		1.12802e+07		-5.40795		0		0		3.15297e+06		599.932		
00:00:53:500		1.12871e+07		-5.40123		0		0		3.15635e+06		599.628		
00:00:53:399		1.12939e+07		-5.39445		0		0		3.15997e+06		600.298		
00:00:53:299		1.13008e+07		-5.38763		0		0		3.16598e+06		602.022		
00:00:53:049		1.13182e+07		-5.37046		0		0		3.18031e+06		605.174		
00:00:53:049		1.13182e+07		-5.37046		0		0		3.18031e+06		605.174		
00:00:52:950		1.13252e+07		-5.36356		0		0		3.18631e+06		608.559		
00:00:52:850		1.1332e+07		-5.35665		0		0		3.19202e+06		610.994		
00:00:52:750		1.13388e+07		-5.34974		0		0		3.19233e+06		607.907		
00:00:52:700		1.13423e+07		-5.34627		0		0		3.19048e+06		606.713		
00:00:52:600		1.13491e+07		-5.33934		0		0		3.19037e+06		607.095		
00:00:52:500		1.13559e+07		-5.33238		0		0		3.19438e+06		607.825		
00:00:52:350		1.13661e+07		-5.32191		0		0		3.20054e+06		608.627		
00:00:52:149		1.13797e+07		-5.30784		0		0		3.20821e+06		609.216		
00:00:52:049		1.13865e+07		-5.30075		0		0		3.21468e+06		611.039		
00:00:52:049		1.13865e+07		-5.30075		0		0		3.21468e+06		611.039		
00:00:51:950		1.13932e+07		-5.29363		0		0		3.22076e+06		611.926		
00:00:51:850		1.14e+07		-5.28647		0		0		3.22599e+06		613.4		
00:00:51:750		1.14069e+07		-5.27927		0		0		3.23231e+06		617.397		
00:00:51:649		1.14136e+07		-5.27205		0		0		3.23888e+06		619.931		
00:00:51:549		1.14204e+07		-5.26479		0		0		3.23967e+06		617.2		
00:00:51:450		1.14271e+07		-5.25749		0		0		3.23656e+06		615.204		
00:00:51:350		1.14339e+07		-5.25015		0		0		3.23857e+06		615.929		
00:00:51:250		1.14406e+07		-5.24277		0		0		3.24317e+06		616.915		
00:00:51:100		1.14508e+07		-5.23164		0		0		3.24968e+06		617.763		
00:00:51:100		1.14508e+07		-5.23164		0		0		3.24968e+06		617.763		
00:00:51:000		1.14575e+07		-5.22417		0		0		3.25358e+06		617.888		
00:00:50:850		1.14678e+07		-5.21289		0		0		3.26175e+06		619.782		
00:00:50:750		1.14746e+07		-5.20532		0		0		3.26803e+06		620.847		
00:00:50:649		1.14814e+07		-5.19772		0		0		3.27349e+06		622.413		
00:00:50:549		1.14882e+07		-5.19008		0		0		3.27989e+06		626.417		
00:00:50:450		1.1495e+07		-5.18242		0		0		3.28627e+06		628.863		
00:00:50:350		1.15017e+07		-5.17471		0		0		3.28626e+06		625.709		
00:00:50:250		1.15085e+07		-5.16697		0		0		3.28313e+06		623.636		
00:00:50:149		1.15152e+07		-5.15917		0		0		3.28544e+06		624.647		
00:00:50:049		1.1522e+07		-5.15134		0		0		3.2905e+06		625.853		
00:00:49:950		1.15288e+07		-5.14346		0		0		3.29528e+06		626.477		
00:00:49:850		1.15355e+07		-5.13554		0		0		3.29972e+06		626.776		
00:00:49:750		1.15424e+07		-5.12757		0		0		3.30429e+06		627.255		
00:00:49:649		1.15493e+07		-5.11957		0		0		3.31023e+06		628.781		
00:00:49:549		1.15561e+07		-5.11153		0		0		3.31646e+06		630.007		
00:00:49:450		1.1563e+07		-5.10346		0		0		3.32237e+06		632.61		
00:00:49:350		1.15699e+07		-5.09537		0		0		3.32933e+06		636.86		
00:00:49:100		1.15869e+07		-5.07507		0		0		3.32943e+06		632.176		
00:00:49:100		1.15869e+07		-5.07507		0		0		3.32943e+06		632.176		
00:00:49:000		1.15937e+07		-5.06691		0		0		3.33058e+06		632.862		
00:00:48:950		1.15971e+07		-5.06283		0		0		3.33318e+06		633.447		
00:00:48:950		1.15971e+07		-5.06283		0		0		3.33318e+06		633.447		
00:00:48:799		1.16074e+07		-5.05056		0		0		3.34102e+06		634.967		
00:00:48:700		1.16143e+07		-5.04237		0		0		3.34579e+06		635.165		
00:00:48:600		1.16212e+07		-5.03418		0		0		3.35068e+06		635.842		
00:00:48:500		1.16281e+07		-5.02597		0		0		3.35662e+06		637.365		
00:00:48:399		1.16351e+07		-5.01775		0		0		3.36315e+06		638.706		
00:00:48:149		1.16523e+07		-4.99713		0		0		3.37949e+06		646.454		
00:00:48:149		1.16523e+07		-4.99713		0		0		3.37949e+06		646.454		
00:00:48:049		1.16591e+07		-4.98884		0		0		3.3786e+06		643.274		
00:00:47:950		1.16659e+07		-4.98051		0		0		3.37552e+06		640.696		
00:00:47:850		1.16727e+07		-4.97215		0		0		3.37706e+06		641.436		
00:00:47:750		1.16796e+07		-4.96375		0		0		3.38264e+06		642.503		
00:00:47:649		1.16865e+07		-4.95531		0		0		3.38797e+06		643.216		
00:00:47:549		1.16934e+07		-4.94685		0		0		3.39305e+06		643.687		
00:00:47:399		1.17038e+07		-4.93409		0		0		3.40187e+06		645.567		
00:00:47:399		1.17038e+07		-4.93409		0		0		3.40187e+06		645.567		
00:00:47:299		1.17108e+07		-4.92556		0		0		3.40885e+06		647.309		
00:00:47:100		1.17246e+07		-4.90843		0		0		3.42328e+06		654.961		
00:00:47:100		1.17246e+07		-4.90843		0		0		3.42328e+06		654.961		
00:00:47:000		1.17314e+07		-4.89984		0		0		3.42648e+06		653.799		
00:00:46:899		1.17382e+07		-4.89124		0		0		3.42316e+06		650.718		
00:00:46:799		1.17451e+07		-4.8826		0		0		3.42209e+06		649.357		
00:00:46:700		1.17519e+07		-4.87392		0		0		3.42584e+06		650.529		
00:00:46:600		1.17588e+07		-4.86521		0		0		3.43146e+06		651.368		
00:00:46:500		1.17657e+07		-4.85645		0		0		3.43692e+06		651.971		
00:00:46:399		1.17727e+07		-4.84767		0		0		3.44247e+06		652.643		
00:00:46:200		1.17867e+07		-4.83006		0		0		3.45649e+06		656.538		
00:00:46:200		1.17867e+07		-4.83006		0		0		3.45649e+06		656.538		
00:00:46:100		1.17936e+07		-4.82126		0		0		3.46417e+06		660.865		
00:00:46:000		1.18005e+07		-4.81248		0		0		3.47139e+06		664.041		
00:00:45:899		1.18074e+07		-4.8037		0		0		3.47227e+06		661.692		
00:00:45:799		1.18142e+07		-4.79492		0		0		3.46927e+06		659.054		
00:00:45:700		1.1821e+07		-4.7861		0		0		3.46902e+06		658.247		
00:00:45:600		1.18279e+07		-4.77724		0		0		3.4737e+06		659.392		
00:00:45:500		1.18347e+07		-4.76833		0		0		3.47935e+06		660.056		
00:00:45:399		1.18417e+07		-4.75939		0		0		3.48484e+06		660.719		
00:00:45:299		1.18487e+07		-4.75042		0		0		3.49098e+06		661.416		
00:00:45:200		1.18557e+07		-4.74145		0		0		3.49853e+06		663.803		
00:00:45:100		1.18626e+07		-4.73248		0		0		3.50717e+06		667.878		
00:00:45:000		1.18696e+07		-4.72353		0		0		3.51553e+06		672.31		
00:00:44:899		1.18764e+07		-4.71458		0		0		3.51915e+06		671.428		
00:00:44:750		1.18867e+07		-4.70113		0		0		3.51531e+06		667.531		
00:00:44:649		1.18936e+07		-4.69212		0		0		3.51531e+06		666.674		
00:00:44:549		1.19005e+07		-4.68307		0		0		3.52023e+06		668.091		
00:00:44:450		1.19074e+07		-4.67398		0		0		3.52619e+06		668.684		
00:00:44:350		1.19145e+07		-4.66486		0		0		3.53175e+06		668.912		
00:00:44:250		1.19215e+07		-4.65576		0		0		3.53801e+06		670.046		
00:00:44:149		1.19286e+07		-4.64671		0		0		3.54637e+06		673.323		
00:00:44:049		1.19355e+07		-4.63777		0		0		3.55603e+06		678.547		
00:00:43:950		1.19423e+07		-4.62886		0		0		3.56364e+06		681.045		
00:00:43:850		1.19489e+07		-4.61997		0		0		3.56372e+06		678.848		
00:00:43:750		1.19556e+07		-4.61107		0		0		3.56136e+06		676.719		
00:00:43:649		1.19622e+07		-4.60214		0		0		3.56113e+06		675.378		
00:00:43:549		1.19689e+07		-4.59316		0		0		3.56513e+06		676.619		
00:00:43:450		1.19757e+07		-4.58416		0		0		3.57156e+06		677.215		
00:00:43:350		1.19825e+07		-4.57513		0		0		3.5774e+06		677.649		
00:00:43:250		1.19894e+07		-4.5661		0		0		3.58383e+06		678.999		
00:00:43:149		1.19962e+07		-4.55707		0		0		3.59224e+06		682.615		
00:00:43:049		1.20031e+07		-4.54806		0		0		3.60219e+06		687.949		
00:00:42:950		1.20099e+07		-4.53905		0		0		3.60824e+06		688.453		
00:00:42:850		1.20166e+07		-4.53003		0		0		3.6066e+06		686.373		
00:00:42:750		1.20234e+07		-4.52098		0		0		3.60586e+06		684.347		
00:00:42:649		1.20301e+07		-4.51188		0		0		3.60678e+06		683.589		
00:00:42:549		1.2037e+07		-4.50272		0		0		3.61217e+06		685.02		
00:00:42:450		1.20439e+07		-4.49351		0		0		3.61876e+06		685.841		
00:00:42:350		1.20508e+07		-4.48427		0		0		3.62522e+06		686.438		
00:00:42:250		1.20577e+07		-4.47501		0		0		3.63291e+06		689.645		
00:00:42:149		1.20646e+07		-4.46575		0		0		3.643e+06		695.385		
00:00:42:049		1.20714e+07		-4.45648		0		0		3.65033e+06		696.472		
00:00:41:950		1.20782e+07		-4.44721		0		0		3.64941e+06		694.589		
00:00:41:850		1.2085e+07		-4.43793		0		0		3.64878e+06		693.102		
00:00:41:750		1.20918e+07		-4.42863		0		0		3.64976e+06		691.627		
00:00:41:649		1.20987e+07		-4.41929		0		0		3.65395e+06		692.876		
00:00:41:549		1.21056e+07		-4.40992		0		0		3.66106e+06		693.783		
00:00:41:549		1.21056e+07		-4.40992		0		0		3.66106e+06		693.783		
00:00:41:399		1.2116e+07		-4.39587		0		0		3.67155e+06		696.147		
00:00:41:100		1.21365e+07		-4.36782		0		0		3.6908e+06		702.376		
00:00:41:000		1.21432e+07		-4.35847		0		0		3.68981e+06		701.166		
00:00:41:000		1.21432e+07		-4.35847		0		0		3.68981e+06		701.166		
00:00:41:000		1.21432e+07		-4.35847		0		0		3.68981e+06		701.166		
00:00:40:899		1.21499e+07		-4.34911		0		0		3.69105e+06		699.377		
00:00:40:799		1.21566e+07		-4.33973		0		0		3.69465e+06		700.272		
00:00:40:700		1.21634e+07		-4.33034		0		0		3.70215e+06		701.403		
00:00:40:600		1.21701e+07		-4.32096		0		0		3.70943e+06		703.408		
00:00:40:500		1.21769e+07		-4.31159		0		0		3.71843e+06		708.548		
00:00:40:399		1.21836e+07		-4.30223		0		0		3.72713e+06		711.309		
00:00:40:299		1.21903e+07		-4.29288		0		0		3.7285e+06		709.603		
00:00:40:100		1.22036e+07		-4.27416		0		0		3.72907e+06		706.478		
00:00:40:100		1.22036e+07		-4.27416		0		0		3.72907e+06		706.478		
00:00:40:000		1.22103e+07		-4.26477		0		0		3.73273e+06		707.291		
00:00:39:899		1.22171e+07		-4.25537		0		0		3.74044e+06		708.687		
00:00:39:799		1.22239e+07		-4.24596		0		0		3.74819e+06		711.665		
00:00:39:700		1.22307e+07		-4.23655		0		0		3.75758e+06		716.635		
00:00:39:600		1.22375e+07		-4.22714		0		0		3.76413e+06		717.055		
00:00:39:500		1.22442e+07		-4.21771		0		0		3.7639e+06		715.447		
00:00:39:399		1.2251e+07		-4.20827		0		0		3.7649e+06		713.943		
00:00:39:299		1.22578e+07		-4.19879		0		0		3.7674e+06		713.192		
00:00:39:200		1.22646e+07		-4.1893		0		0		3.77386e+06		715.4		
00:00:39:100		1.22714e+07		-4.1798		0		0		3.7827e+06		719.023		
00:00:38:950		1.22816e+07		-4.16557		0		0		3.79564e+06		723.65		
00:00:38:850		1.22885e+07		-4.15611		0		0		3.79759e+06		722.067		
00:00:38:750		1.22953e+07		-4.14665		0		0		3.7978e+06		721.001		
00:00:38:649		1.23021e+07		-4.13722		0		0		3.80001e+06		719.792		
00:00:38:549		1.23089e+07		-4.12779		0		0		3.80462e+06		720.965		
00:00:38:450		1.23157e+07		-4.11839		0		0		3.81344e+06		724.44		
00:00:38:350		1.23226e+07		-4.10901		0		0		3.82242e+06		728.323		
00:00:38:250		1.23295e+07		-4.09966		0		0		3.8289e+06		728.901		
00:00:38:149		1.23363e+07		-4.09032		0		0		3.82958e+06		727.471		
00:00:38:049		1.23431e+07		-4.08098		0		0		3.8311e+06		726.343		
00:00:37:950		1.235e+07		-4.07164		0		0		3.83435e+06		725.9		
00:00:37:850		1.23568e+07		-4.06225		0		0		3.84107e+06		728.968		
00:00:37:750		1.23636e+07		-4.05282		0		0		3.85047e+06		733.106		
00:00:37:649		1.23705e+07		-4.04335		0		0		3.85764e+06		734.488		
00:00:37:549		1.23773e+07		-4.03381		0		0		3.85923e+06		733.125		
00:00:37:450		1.23841e+07		-4.0242		0		0		3.86061e+06		732.307		
00:00:37:350		1.23909e+07		-4.01451		0		0		3.86383e+06		731.466		
00:00:37:250		1.23977e+07		-4.00473		0		0		3.86988e+06		734.238		
00:00:37:149		1.24046e+07		-3.99487		0		0		3.87937e+06		738.415		
00:00:37:049		1.24114e+07		-3.98498		0		0		3.88659e+06		739.795		
00:00:36:950		1.24182e+07		-3.97506		0		0		3.88847e+06		738.523		
00:00:36:850		1.2425e+07		-3.96518		0		0		3.89011e+06		737.616		
00:00:36:750		1.24318e+07		-3.95536		0		0		3.89338e+06		736.942		
00:00:36:649		1.24386e+07		-3.94567		0		0		3.89951e+06		739.791		
00:00:36:549		1.24455e+07		-3.93613		0		0		3.90912e+06		743.882		
00:00:36:450		1.24523e+07		-3.92679		0		0		3.91617e+06		745.133		
00:00:36:350		1.24592e+07		-3.91764		0		0		3.91808e+06		743.899		
00:00:36:250		1.2466e+07		-3.90867		0		0		3.91994e+06		743.04		
00:00:36:149		1.24729e+07		-3.89986		0		0		3.92352e+06		742.501		
00:00:36:000		1.24832e+07		-3.88682		0		0		3.93481e+06		747.782		
00:00:36:000		1.24832e+07		-3.88682		0		0		3.93481e+06		747.782		
00:00:35:850		1.24935e+07		-3.87388		0		0		3.94673e+06		750.627		
00:00:35:750		1.25038e+07		-3.86093		0		0		3.94912e+06		749.026		
00:00:35:750		1.25038e+07		-3.86093		0		0		3.94912e+06		749.026		
00:00:35:600		1.25107e+07		-3.85223		0		0		3.95248e+06		748.385		
00:00:35:450		1.2521e+07		-3.83905		0		0		3.96145e+06		752.198		
00:00:35:350		1.25279e+07		-3.83015		0		0		3.97131e+06		755.98		
00:00:35:149		1.25417e+07		-3.81211		0		0		3.97901e+06		755.227		
00:00:35:149		1.25417e+07		-3.81211		0		0		3.97901e+06		755.227		
00:00:35:049		1.25487e+07		-3.80297		0		0		3.98143e+06		754.503		
00:00:34:950		1.25556e+07		-3.79375		0		0		3.98561e+06		754.641		
00:00:34:850		1.2566e+07		-3.77978		0		0		3.99812e+06		760.229		
00:00:34:850		1.2566e+07		-3.77978		0		0		3.99812e+06		760.229		
00:00:34:700		1.2573e+07		-3.7704		0		0		4.00637e+06		762.084		
00:00:34:600		1.25799e+07		-3.76097		0		0		4.00968e+06		760.903		
00:00:34:399		1.25937e+07		-3.74194		0		0		4.01541e+06		759.737		
00:00:34:399		1.25937e+07		-3.74194		0		0		4.01541e+06		759.737		
00:00:34:299		1.26006e+07		-3.73236		0		0		4.02129e+06		761.976		
00:00:34:100		1.26144e+07		-3.71308		0		0		4.03894e+06		768.136		
00:00:34:000		1.26212e+07		-3.7034		0		0		4.04178e+06		766.781		
00:00:33:899		1.26281e+07		-3.6937		0		3.46914		4.0436e+06		766.288		
00:00:33:899		1.26281e+07		-3.6937		0		3.46914		4.0436e+06		766.288		
00:00:33:799		1.26351e+07		-3.68398		0		0		4.04793e+06		765.861		
00:00:33:700		1.2642e+07		-3.67423		0		0		4.05425e+06		768.803		
00:00:33:600		1.26489e+07		-3.66448		0		0		4.0643e+06		772.751		
00:00:33:500		1.26557e+07		-3.65472		0		0		4.07189e+06		773.849		
00:00:33:299		1.26695e+07		-3.63517		0		0		4.07678e+06		772.234		
00:00:33:299		1.26695e+07		-3.63517		0		0		4.07678e+06		772.234		
00:00:33:100		1.26832e+07		-3.61559		0		0		4.08822e+06		775.08		
00:00:33:000		1.26901e+07		-3.60578		0		0		4.09846e+06		779.109		
00:00:33:000		1.26901e+07		-3.60578		0		0		4.09846e+06		779.109		
00:00:32:899		1.2697e+07		-3.59597		0		0		4.10563e+06		779.968		
00:00:32:799		1.27039e+07		-3.58615		0		0		4.10789e+06		778.698		
00:00:32:700		1.27107e+07		-3.57631		0		0		4.11062e+06		778.22		
00:00:32:600		1.27176e+07		-3.56646		0		0		4.1156e+06		778.118		
00:00:32:500		1.27245e+07		-3.55658		0		0		4.12295e+06		781.508		
00:00:32:399		1.27314e+07		-3.5467		0		0		4.13369e+06		785.974		
00:00:32:299		1.27383e+07		-3.5368		0		0		4.14072e+06		786.395		
00:00:32:200		1.27452e+07		-3.52689		0		0		4.14251e+06		784.974		
00:00:32:100		1.27522e+07		-3.51696		0		0		4.14542e+06		784.756		
00:00:31:949		1.27626e+07		-3.50201		0		0		4.15432e+06		786.27		
00:00:31:850		1.27696e+07		-3.49202		0		0		4.16416e+06		790.884		
00:00:31:800		1.2773e+07		-3.48702		0		0		4.16931e+06		792.264		
00:00:31:699		1.278e+07		-3.477		0		0		4.17536e+06		791.979		
00:00:31:600		1.2787e+07		-3.46697		0		0		4.17778e+06		791.145		
00:00:31:500		1.2794e+07		-3.45693		0		0		4.18222e+06		791.544		
00:00:31:350		1.28045e+07		-3.44183		0		0		4.19317e+06		795.279		
00:00:31:250		1.28115e+07		-3.43174		0		0		4.20259e+06		798.345		
00:00:31:199		1.2815e+07		-3.42669		0		0		4.20649e+06		798.816		
00:00:31:100		1.2822e+07		-3.41658		0		0		4.21054e+06		797.93		
00:00:31:000		1.2829e+07		-3.40644		0		0		4.21355e+06		797.804		
00:00:30:899		1.2836e+07		-3.39629		0		0		4.21913e+06		798.582		
00:00:30:800		1.2843e+07		-3.38611		0		0		4.22602e+06		799.589		
00:00:30:649		1.28536e+07		-3.3708		0		0		4.23895e+06		804.295		
00:00:30:550		1.28607e+07		-3.36058		0		0		4.24621e+06		805.195		
00:00:30:449		1.28677e+07		-3.35034		0		0		4.25059e+06		804.056		
00:00:30:350		1.28748e+07		-3.34009		0		0		4.25495e+06		804.767		
00:00:30:250		1.28819e+07		-3.32982		0		0		4.26362e+06		808.1		
00:00:30:149		1.2889e+07		-3.31954		0		0		4.2737e+06		811.397		
00:00:30:050		1.28961e+07		-3.30926		0		0		4.28039e+06		812.478		
00:00:29:949		1.29032e+07		-3.29896		0		0		4.28402e+06		811.669		
00:00:29:850		1.29103e+07		-3.28864		0		0		4.28803e+06		812.72		
00:00:29:750		1.29174e+07		-3.27831		0		0		4.29332e+06		813		
00:00:29:649		1.29246e+07		-3.26795		0		0		4.29957e+06		814.578		
00:00:29:550		1.29318e+07		-3.25758		0		0		4.3069e+06		816.301		
00:00:29:449		1.2939e+07		-3.2472		0		0		4.31334e+06		817.398		
00:00:29:350		1.29462e+07		-3.23681		0		0		4.31969e+06		820.28		
00:00:29:250		1.29533e+07		-3.2264		0		0		4.32641e+06		820.948		
00:00:29:149		1.29605e+07		-3.21598		0		0		4.32961e+06		819.712		
00:00:29:050		1.29677e+07		-3.20553		0		10.6964		4.33301e+06		819.906		
00:00:28:949		1.29749e+07		-3.19507		0		0		4.34014e+06		822.666		
00:00:28:850		1.29821e+07		-3.18457		0		0		4.3484e+06		824.075		
00:00:28:750		1.29894e+07		-3.17405		0		0		4.3539e+06		823.858		
00:00:28:649		1.29966e+07		-3.16351		0		0		4.35988e+06		827.014		
00:00:28:550		1.30039e+07		-3.15296		0		0		4.36929e+06		829.875		
00:00:28:449		1.30112e+07		-3.14239		0		0		4.37425e+06		827.97		
00:00:28:350		1.30185e+07		-3.13181		0		0		4.37627e+06		827.953		
00:00:28:250		1.30257e+07		-3.1212		0		0		4.38347e+06		830.498		
00:00:28:100		1.30367e+07		-3.10521		0		0		4.39394e+06		830.958		
00:00:28:000		1.3044e+07		-3.09451		0		0		4.40018e+06		832.172		
00:00:28:000		1.3044e+07		-3.09451		0		0		4.40018e+06		832.172		
00:00:27:800		1.30588e+07		-3.07307		0		0		4.41874e+06		838.602		
00:00:27:800		1.30588e+07		-3.07307		0		0		4.41874e+06		838.602		
00:00:27:600		1.30735e+07		-3.0516		0		0		4.42526e+06		837.216		
00:00:27:600		1.30735e+07		-3.0516		0		0		4.42526e+06		837.216		
00:00:27:500		1.30809e+07		-3.04084		0		11.1594		4.43183e+06		838.669		
00:00:27:399		1.30882e+07		-3.03003		0		0		4.43936e+06		839.644		
00:00:27:300		1.30956e+07		-3.01917		0		0		4.44681e+06		840.536		
00:00:27:199		1.31031e+07		-3.00829		0		12.8842		4.45522e+06		844.589		
00:00:27:000		1.31181e+07		-2.98647		0		0		4.47037e+06		846.027		
00:00:27:000		1.31181e+07		-2.98647		0		0		4.47037e+06		846.027		
00:00:26:899		1.31255e+07		-2.97555		0		11.8595		4.47308e+06		846.038		
00:00:26:800		1.3133e+07		-2.9646		0		0		4.47936e+06		847.303		
00:00:26:600		1.3148e+07		-2.94256		0		0		4.49474e+06		849.764		
00:00:26:600		1.3148e+07		-2.94256		0		0		4.49474e+06		849.764		
00:00:26:500		1.31555e+07		-2.93148		0		0		4.50276e+06		852.636		
00:00:26:399		1.31632e+07		-2.92037		0		0		4.51344e+06		856.802		
00:00:26:300		1.31708e+07		-2.90925		0		0		4.52005e+06		855.673		
00:00:26:100		1.3186e+07		-2.88693		0		0		4.52812e+06		856.277		
00:00:26:000		1.31935e+07		-2.87572		0		0		4.53583e+06		857.669		
00:00:26:000		1.31935e+07		-2.87572		0		0		4.53583e+06		857.669		
00:00:25:899		1.32012e+07		-2.86447		0		0		4.54369e+06		858.814		
00:00:25:800		1.32088e+07		-2.85316		0		0		4.55154e+06		860.733		
00:00:25:699		1.32165e+07		-2.84182		0		0		4.56179e+06		865.385		
00:00:25:600		1.32243e+07		-2.83046		0		0		4.57051e+06		865.638		
00:00:25:399		1.32398e+07		-2.80766		0		0		4.57827e+06		865.442		
00:00:25:399		1.32398e+07		-2.80766		0		0		4.57827e+06		865.442		
00:00:25:300		1.32475e+07		-2.79623		0		0		4.58573e+06		866.818		
00:00:25:100		1.32631e+07		-2.77324		0		0		4.60187e+06		870.007		
00:00:25:000		1.3271e+07		-2.76169		0		0		4.61182e+06		874.583		
00:00:25:000		1.3271e+07		-2.76169		0		0		4.61182e+06		874.583		
00:00:24:899		1.32789e+07		-2.75012		0		0		4.62114e+06		874.98		
00:00:24:800		1.32868e+07		-2.73852		0		0		4.62399e+06		874.13		
00:00:24:699		1.32947e+07		-2.72688		0		0		4.62953e+06		874.909		
00:00:24:600		1.33026e+07		-2.7152		0		0		4.63709e+06		876.297		
00:00:24:500		1.33106e+07		-2.70348		0		0		4.64537e+06		878.098		
00:00:24:300		1.33266e+07		-2.67992		0		0		4.66301e+06		881.834		
00:00:24:300		1.33266e+07		-2.67992		0		0		4.66301e+06		881.834		
00:00:24:100		1.33427e+07		-2.65621		0		0		4.67446e+06		883.799		
00:00:24:000		1.33508e+07		-2.64428		0		0		4.68224e+06		885.384		
00:00:24:000		1.33508e+07		-2.64428		0		0		4.68224e+06		885.384		
00:00:23:899		1.3359e+07		-2.63232		0		0		4.69072e+06		887.151		
00:00:23:750		1.33712e+07		-2.61428		0		11.7345		4.70136e+06		888.666		
00:00:23:649		1.33794e+07		-2.6022		0		11.9216		4.70879e+06		890.008		
00:00:23:600		1.33835e+07		-2.59613		0		0		4.71262e+06		890.747		
00:00:23:449		1.33958e+07		-2.57788		0		11.9216		4.72443e+06		893.052		
00:00:23:350		1.34041e+07		-2.56567		0		12.0451		4.73207e+06		894.348		
00:00:23:250		1.34124e+07		-2.55343		0		12.1676		4.73969e+06		895.744		
00:00:23:149		1.34208e+07		-2.54115		0		12.2893		4.74747e+06		897.186		
00:00:23:050		1.34291e+07		-2.52883		0		12.3497		4.75532e+06		898.657		
00:00:22:949		1.34374e+07		-2.51649		0		12.47		4.76317e+06		900.078		
00:00:22:850		1.34458e+07		-2.50412		0		12.5298		4.771e+06		901.523		
00:00:22:750		1.34541e+07		-2.49172		0		12.6488		4.77889e+06		902.987		
00:00:22:649		1.34624e+07		-2.47929		0		12.7669		4.7868e+06		904.453		
00:00:22:550		1.34708e+07		-2.46683		0		12.7669		4.79471e+06		905.908		
00:00:22:449		1.34792e+07		-2.45433		0		12.9425		4.80262e+06		907.368		
00:00:22:350		1.34876e+07		-2.44178		0		13.0007		4.81055e+06		908.831		
00:00:22:250		1.3496e+07		-2.42919		0		13.1164		4.8185e+06		910.296		
00:00:22:149		1.35045e+07		-2.41655		0		13.2313		4.82645e+06		911.764		
00:00:22:050		1.3513e+07		-2.40387		0		13.3454		4.83441e+06		913.237		
00:00:21:949		1.35216e+07		-2.39114		0		13.4022		4.84238e+06		914.714		
00:00:21:850		1.35302e+07		-2.37838		0		13.5152		4.85036e+06		916.202		
00:00:21:750		1.35388e+07		-2.36557		0		13.6834		4.85835e+06		917.737		
00:00:21:649		1.35475e+07		-2.35271		0		13.7946		4.86636e+06		919.46		
00:00:21:550		1.35562e+07		-2.3398		0		13.9051		4.8744e+06		920.577		
00:00:21:449		1.35649e+07		-2.32685		0		13.9602		4.88246e+06		922.065		
00:00:21:350		1.35736e+07		-2.31385		0		10.8966		4.89055e+06		923.577		
00:00:21:250		1.35824e+07		-2.30081		0		0		4.89866e+06		925.142		
00:00:21:149		1.35913e+07		-2.28773		0		0		4.9068e+06		926.9		
00:00:21:050		1.36001e+07		-2.2746		0		0		4.91497e+06		928.042		
00:00:20:949		1.3609e+07		-2.26143		0		0		4.92316e+06		929.551		
00:00:20:850		1.36179e+07		-2.24823		0		0		4.93137e+06		931.064		
00:00:20:750		1.36268e+07		-2.23501		0		0		4.9396e+06		932.582		
00:00:20:649		1.36358e+07		-2.22176		0		0		4.94785e+06		934.105		
00:00:20:550		1.36448e+07		-2.20848		0		0		4.95613e+06		935.634		
00:00:20:449		1.36538e+07		-2.19519		0		0		4.96442e+06		937.162		
00:00:20:350		1.36628e+07		-2.18188		0		0		4.97272e+06		938.687		
00:00:20:250		1.36719e+07		-2.16856		0		0		4.98103e+06		940.214		
00:00:20:149		1.3681e+07		-2.15524		0		0		4.98937e+06		941.745		
00:00:20:050		1.36901e+07		-2.14193		0		0		4.99773e+06		943.285		
00:00:19:949		1.36992e+07		-2.12862		0		0		5.00611e+06		944.852		
00:00:19:850		1.37083e+07		-2.11531		0		0		5.01452e+06		946.477		
00:00:19:750		1.37175e+07		-2.10201		0		9.93773		5.02295e+06		948.305		
00:00:19:649		1.37268e+07		-2.08872		0		9.93773		5.03141e+06		949.525		
00:00:19:550		1.3736e+07		-2.07544		0		13.0586		5.0399e+06		951.217		
00:00:19:449		1.37453e+07		-2.06218		0		10.3566		5.04842e+06		952.586		
00:00:19:350		1.37547e+07		-2.04894		0		10.4252		5.05699e+06		954.161		
00:00:19:350		1.37547e+07		-2.04894		0		10.4252		5.05699e+06		954.161		
00:00:19:199		1.37688e+07		-2.02912		0		10.6291		5.0699e+06		956.543		
00:00:19:000		1.37877e+07		-2.00283		0		10.9627		5.0872e+06		959.733		
00:00:19:000		1.37877e+07		-2.00283		0		10.9627		5.0872e+06		959.733		
00:00:18:800		1.38067e+07		-1.97667		0		11.0941		5.10456e+06		962.922		
00:00:18:800		1.38067e+07		-1.97667		0		11.0941		5.10456e+06		962.922		
00:00:18:699		1.38163e+07		-1.96366		0		11.2244		5.11329e+06		964.523		
00:00:18:600		1.3826e+07		-1.95068		0		11.3535		5.12204e+06		966.128		
00:00:18:500		1.38357e+07		-1.93776		0		11.4815		5.13083e+06		967.74		
00:00:18:399		1.38454e+07		-1.92488		0		11.7345		5.13965e+06		969.361		
00:00:18:300		1.38551e+07		-1.91206		0		11.8595		5.1485e+06		970.998		
00:00:18:199		1.38649e+07		-1.89928		0		11.9834		5.15738e+06		972.686		
00:00:18:050		1.38796e+07		-1.88022		0		12.2893		5.1708e+06		975.011		
00:00:17:949		1.38896e+07		-1.86759		0		12.47		5.17981e+06		976.653		
00:00:17:800		1.39046e+07		-1.84874		0		12.7079		5.19343e+06		979.133		
00:00:17:800		1.39046e+07		-1.84874		0		12.7079		5.19343e+06		979.133		
00:00:17:699		1.39146e+07		-1.83622		0		12.8257		5.20257e+06		980.8		
00:00:17:600		1.39248e+07		-1.82372		0		13.0007		5.21176e+06		982.48		
00:00:17:500		1.3935e+07		-1.81123		0		13.1739		5.22099e+06		984.177		
00:00:17:399		1.39453e+07		-1.79874		0		13.2884		5.23027e+06		985.886		
00:00:17:300		1.39557e+07		-1.78623		0		13.4588		5.23958e+06		987.595		
00:00:17:100		1.39769e+07		-1.7611		0		13.7946		5.25829e+06		991.077		
00:00:17:000		1.39877e+07		-1.74846		0		13.9602		5.2677e+06		992.94		
00:00:17:000		1.39877e+07		-1.74846		0		13.9602		5.2677e+06		992.94		
00:00:16:899		1.39987e+07		-1.73573		0		14.1242		5.27715e+06		994.445		
00:00:16:800		1.40099e+07		-1.72293		0		14.2867		5.28665e+06		996.175		
00:00:16:699		1.40214e+07		-1.71004		0		14.4479		5.2962e+06		997.913		
00:00:16:600		1.40331e+07		-1.69705		0		14.6076		5.30581e+06		999.659		
00:00:16:500		1.40453e+07		-1.68397		0		14.7659		5.31547e+06		1001.41		
00:00:16:399		1.40577e+07		-1.67084		0		14.9229		5.32518e+06		1003.18		
00:00:16:300		1.40702e+07		-1.6576		0		15.1303		5.33495e+06		1004.95		
00:00:16:100		1.40951e+07		-1.63078		0		15.4371		5.35467e+06		1008.53		
00:00:16:000		1.41072e+07		-1.61716		0		15.5384		5.36462e+06		1010.34		
00:00:16:000		1.41072e+07		-1.61716		0		15.5384		5.36462e+06		1010.34		
00:00:15:900		1.41191e+07		-1.60337		0		15.6892		5.37462e+06		1012.17		
00:00:15:800		1.41305e+07		-1.58941		0		15.7392		5.38469e+06		1014		
00:00:15:699		1.41416e+07		-1.57535		0		15.8885		5.39479e+06		1015.83		
00:00:15:599		1.41523e+07		-1.56117		0		16.0859		5.40493e+06		1017.67		
00:00:15:500		1.41629e+07		-1.54691		0		16.1838		5.41515e+06		1019.52		
00:00:15:400		1.41733e+07		-1.53259		0		16.2813		5.42543e+06		1021.39		
00:00:15:300		1.41837e+07		-1.51821		0		16.4266		5.43576e+06		1023.26		
00:00:15:099		1.42045e+07		-1.48929		0		16.6188		5.4566e+06		1027.06		
00:00:15:000		1.42149e+07		-1.47475		0		16.8092		5.46711e+06		1029.05		
00:00:15:000		1.42149e+07		-1.47475		0		16.8092		5.46711e+06		1029.05		
00:00:14:849		1.42304e+07		-1.45284		0		16.9979		5.48302e+06		1031.79		
00:00:14:800		1.42356e+07		-1.44551		0		16.9979		5.48837e+06		1032.75		
00:00:14:650		1.42512e+07		-1.42345		0		17.1849		5.5045e+06		1035.68		
00:00:14:550		1.42615e+07		-1.40869		0		17.2777		5.51534e+06		1037.64		
00:00:14:449		1.42719e+07		-1.39387		0		17.4163		5.52623e+06		1039.62		
00:00:14:400		1.42771e+07		-1.38644		0		17.4623		5.53171e+06		1040.62		
00:00:14:250		1.42925e+07		-1.3641		0		17.9168		5.54822e+06		1043.65		
00:00:14:050		1.43131e+07		-1.33411		0		17.6907		5.57044e+06		1048.14		
00:00:13:949		1.43234e+07		-1.31904		0		17.7361		5.58166e+06		1049.8		
00:00:13:949		1.43234e+07		-1.31904		0		17.7361		5.58166e+06		1049.8		
00:00:13:849		1.43336e+07		-1.30392		0		17.7814		5.59293e+06		1052.18		
00:00:13:750		1.43437e+07		-1.28874		0		17.8718		5.60427e+06		1053.76		
00:00:13:699		1.43488e+07		-1.28112		0		17.8718		5.60996e+06		1054.79		
00:00:13:599		1.43589e+07		-1.26586		0		17.9168		5.62139e+06		1056.87		
00:00:13:500		1.4374e+07		-1.24284		0.132604		17.9168		5.63865e+06		1060.08		
00:00:13:349		1.4384e+07		-1.22742		0.264908		17.8266		5.65025e+06		1062.51		
00:00:13:250		1.4394e+07		-1.21194		0.396092		17.8718		5.66196e+06		1064.16		
00:00:13:150		1.44039e+07		-1.19639		0.5255		17.8718		5.67382e+06		1066.45		
00:00:13:050		1.44136e+07		-1.18078		0.652309		17.8718		5.68576e+06		1069.04		
00:00:12:949		1.44232e+07		-1.16509		0.775919		17.8266		5.69774e+06		1070.79		
00:00:12:849		1.44327e+07		-1.14933		0.895747		17.7814		5.70966e+06		1072.99		
00:00:12:750		1.44418e+07		-1.13349		1.01138		17.8266		5.72153e+06		1075.16		
00:00:12:650		1.44506e+07		-1.11763		1.12226		17.8266		5.73341e+06		1077.36		
00:00:12:550		1.44594e+07		-1.1018		1.2283		18.096		5.74534e+06		1079.59		
00:00:12:449		1.44686e+07		-1.08601		1.32908		38.4495		5.7573e+06		1081.86		
00:00:12:349		1.44782e+07		-1.07028		1.42439		42.4358		5.76922e+06		1084.11		
00:00:12:250		1.44883e+07		-1.05454		1.51427		17.5539		5.78106e+06		1086.31		
00:00:12:150		1.4498e+07		-1.03863		1.59892		17.5082		5.79281e+06		1088.47		
00:00:12:050		1.45076e+07		-1.02267		1.67791		17.5082		5.80451e+06		1090.6		
00:00:11:949		1.45166e+07		-1.00656		1.75057		17.5082		5.8162e+06		1092.74		
00:00:11:849		1.45251e+07		-0.990371		1.81759		17.5082		5.82793e+06		1094.89		
00:00:11:750		1.45329e+07		-0.974021		1.88156		17.5539		5.83971e+06		1097.06		
00:00:11:650		1.454e+07		-0.957782		1.94599		17.6452		5.8515e+06		1099.24		
00:00:11:550		1.45474e+07		-0.941686		2.00722		22.3664		5.86329e+06		1101.41		
00:00:11:449		1.45552e+07		-0.92575		2.07107		28.4612		5.87507e+06		1103.58		
00:00:11:349		1.45635e+07		-0.909995		2.13664		32.7573		5.88683e+06		1105.73		
00:00:11:250		1.45726e+07		-0.894428		2.19815		35.8912		5.8986e+06		1107.88		
00:00:11:150		1.45825e+07		-0.87901		2.25115		38.2636		5.91036e+06		1110.01		
00:00:11:050		1.4593e+07		-0.863626		2.30324		40.132		5.92215e+06		1112.17		
00:00:10:949		1.46034e+07		-0.848246		2.34634		41.6017		5.93398e+06		1114.33		
00:00:10:849		1.46137e+07		-0.832866		2.38714		42.7736		5.94582e+06		1116.5		
00:00:10:750		1.46241e+07		-0.817479		2.42596		43.7729		5.95767e+06		1118.67		
00:00:10:750		1.46241e+07		-0.817479		2.42596		43.7729		5.95767e+06		1118.67		
00:00:10:599		1.46397e+07		-0.794398		2.48013		44.9531		5.97548e+06		1121.94		
00:00:10:449		1.46552e+07		-0.771328		2.53049		45.889		5.99333e+06		1125.23		
00:00:10:349		1.46656e+07		-0.755962		2.56274		46.3992		6.00526e+06		1127.46		
00:00:10:250		1.46759e+07		-0.74061		2.59175		46.8656		6.0172e+06		1129.76		
00:00:10:150		1.46863e+07		-0.725275		2.61941		47.2895		6.02916e+06		1132.31		
00:00:10:000		1.47017e+07		-0.702308		2.65802		47.8049		6.04706e+06		1135.11		
00:00:09:900		1.4712e+07		-0.687031		2.68181		48.1079		6.05896e+06		1137.3		
00:00:09:900		1.4712e+07		-0.687031		2.68181		48.1079		6.05896e+06		1137.3		
00:00:09:800		1.47223e+07		-0.671793		2.70456		48.3716		6.07085e+06		1139.48		
00:00:09:699		1.47325e+07		-0.656589		2.72643		48.634		6.08274e+06		1141.65		
00:00:09:599		1.47428e+07		-0.641422		2.74717		48.8392		6.09461e+06		1143.82		
00:00:09:500		1.4753e+07		-0.626297		2.76669		49.0622		6.10648e+06		1145.98		
00:00:09:400		1.47631e+07		-0.611215		2.78514		49.2289		6.11834e+06		1148.11		
00:00:09:300		1.47733e+07		-0.596184		2.80294		49.3766		6.1302e+06		1150.23		
00:00:09:199		1.47834e+07		-0.581212		2.81922		49.5238		6.14207e+06		1152.32		
00:00:09:000		1.48037e+07		-0.551442		2.84908		49.689		6.16596e+06		1156.43		
00:00:09:000		1.48037e+07		-0.551442		2.84908		49.689		6.16596e+06		1156.43		
00:00:08:900		1.48137e+07		-0.536645		2.86299		49.744		6.17808e+06		1158.48		
00:00:08:800		1.48238e+07		-0.521916		2.87631		49.7806		6.19039e+06		1160.6		
00:00:08:699		1.48338e+07		-0.507263		2.88904		49.7806		6.20296e+06		1162.86		
00:00:08:599		1.48438e+07		-0.492687		2.90113		49.7806		6.2158e+06		1164.69		
00:00:08:500		1.48538e+07		-0.478197		2.91289		49.7623		6.22899e+06		1166.91		
00:00:08:400		1.48638e+07		-0.463792		2.92459		49.7806		6.24255e+06		1169.25		
00:00:08:099		1.48936e+07		-0.42114		2.95378		29.5942		6.285e+06		1176.82		
00:00:08:099		1.48936e+07		-0.42114		2.95378		29.5942		6.285e+06		1176.82		
00:00:08:000		1.49036e+07		-0.407107		2.9618		47.7669		6.29948e+06		1179.43		
00:00:08:000		1.49036e+07		-0.407107		2.9618		47.7669		6.29948e+06		1179.43		
00:00:07:900		1.49136e+07		-0.393177		2.96952		47.1742		6.31404e+06		1182.06		
00:00:07:700		1.49334e+07		-0.365634		2.98445		57.384		6.34328e+06		1187.15		
00:00:07:700		1.49334e+07		-0.365634		2.98445		57.384		6.34328e+06		1187.15		
00:00:07:599		1.49434e+07		-0.352038		2.99128		44.5088		6.35795e+06		1193.16		
00:00:07:500		1.49533e+07		-0.338572		2.99776		43.6491		6.37262e+06		1192.68		
00:00:07:400		1.49633e+07		-0.325223		3.00378		42.7526		6.3873e+06		1195.32		
00:00:07:299		1.49733e+07		-0.311986		3.00912		41.817		6.40203e+06		1198.01		
00:00:07:200		1.49834e+07		-0.298848		3.01315		40.8619		6.41683e+06		1200.86		
00:00:07:000		1.50037e+07		-0.272936		3.0206		38.8189		6.44662e+06		1205.85		
00:00:07:000		1.50037e+07		-0.272936		3.0206		38.8189		6.44662e+06		1205.85		
00:00:06:900		1.5014e+07		-0.260171		3.02559		37.8423		6.4616e+06		1208.51		
00:00:06:799		1.50245e+07		-0.24752		3.0294		39.2534		6.47666e+06		1211.17		
00:00:06:700		1.5035e+07		-0.23498		3.03148		17.8718		6.49178e+06		1213.77		
00:00:06:599		1.50457e+07		-0.222537		3.03298		32.0268		6.50693e+06		1216.26		
00:00:06:450		1.50621e+07		-0.204014		3.03417		31.3927		6.52987e+06		1219.99		
00:00:06:400		1.50676e+07		-0.197875		3.03395		30.9165		6.53771e+06		1221.35		
00:00:06:299		1.50785e+07		-0.185571		3.03389		29.2998		6.55377e+06		1224.12		
00:00:06:099		1.50972e+07		-0.160841		3.03177		25.6382		6.58631e+06		1229.43		
00:00:06:000		1.51059e+07		-0.148701		3.02959		23.7145		6.6026e+06		1231.62		
00:00:06:000		1.51059e+07		-0.148701		3.02959		23.7145		6.6026e+06		1231.62		
00:00:05:900		1.51147e+07		-0.136734		3.02599		21.838		6.61878e+06		1232.73		
00:00:05:750		1.51282e+07		-0.119113		3.01853		19.1419		6.64245e+06		1227.98		
00:00:05:650		1.51374e+07		-0.107604		3.0135		17.5996		6.6574e+06		1212.44		
00:00:05:549		1.51469e+07		-0.0962696		3.00719		16.0367		6.67133e+06		1163.35		
00:00:05:450		1.51565e+07		-0.0850987		2.99905		14.8707		6.68422e+06		1114.68		
00:00:05:349		1.51663e+07		-0.07407		2.98969		13.6834		6.6961e+06		1068.48		
00:00:05:250		1.51762e+07		-0.0631757		2.97924		12.7079		6.70705e+06		1025.84		
00:00:05:150		1.51859e+07		-0.0524302		2.96987		11.8595		6.71715e+06		987.276		
00:00:04:950		1.52056e+07		-0.0314221		2.94895		10.3566		6.73513e+06		922.372		
00:00:04:950		1.52056e+07		-0.0314221		2.94895		10.3566		6.73513e+06		922.372		
00:00:04:849		1.52154e+07		-0.0211439		2.93636		9.93773		6.74318e+06		895.575		
00:00:04:750		1.52251e+07		-0.0110183		2.92173		11.6085		6.75071e+06		872.128		
00:00:04:650		1.52348e+07		-0.00104856		2.90882		23.1761		6.75778e+06		851.44		
00:00:04:549		1.52444e+07		0.00876188		2.89806		34.073		6.76444e+06		833.413		
00:00:04:450		1.5254e+07		0.0184064		2.88552		43.4214		6.77074e+06		817.6		
00:00:04:349		1.52636e+07		0.0278726		2.86731		51.9681		6.77671e+06		803.676		
00:00:04:250		1.52732e+07		0.0371208		2.84548		59.9584		6.78239e+06		791.323		
00:00:04:049		1.5292e+07		0.0549088		2.81931		74.8624		6.79291e+06		770.097		
00:00:03:950		1.53012e+07		0.0634837		2.81054		82.0889		6.79777e+06		760.572		
00:00:03:950		1.53012e+07		0.0634837		2.81054		82.0889		6.79777e+06		760.572		
00:00:03:850		1.53106e+07		0.0718708		2.78851		89.1135		6.80235e+06		751.234		
00:00:03:750		1.53201e+07		0.0800529		2.75163		95.8803		6.80665e+06		741.5		
00:00:03:649		1.53298e+07		0.0879626		2.72581		102.355		6.81062e+06		730.625		
00:00:03:549		1.53395e+07		0.0954938		2.73236		108.755		6.81426e+06		717.602		
00:00:03:399		1.53528e+07		0.105869		2.73815		118.148		6.81911e+06		699.203		
00:00:03:399		1.53528e+07		0.105869		2.73815		118.148		6.81911e+06		699.203		
00:00:03:200		1.53674e+07		0.118205		2.59353		129.612		6.82462e+06		677.103		
00:00:03:200		1.53674e+07		0.118205		2.59353		129.612		6.82462e+06		677.103		
00:00:03:000		1.53835e+07		0.130144		2.69723		142.319		6.82946e+06		659.32		
00:00:03:000		1.53835e+07		0.130144		2.69723		142.319		6.82946e+06		659.32		
00:00:02:899		1.53923e+07		0.135842		2.77064		150.522		6.83192e+06		653.688		
00:00:02:799		1.5401e+07		0.141293		2.80533		163.731		6.83462e+06		651.926		
00:00:02:700		1.54098e+07		0.146523		2.8325		189.081		6.83782e+06		656.498		
00:00:02:600		1.54187e+07		0.151526		2.85253		230.877		6.84176e+06		671.749		
00:00:02:500		1.5428e+07		0.15625		2.86538		278.127		6.8468e+06		704.13		
00:00:02:399		1.54376e+07		0.160574		2.87248		324.142		6.85321e+06		762.426		
00:00:02:299		1.54473e+07		0.164342		2.87589		366.37		6.86098e+06		849.915		
00:00:02:200		1.54566e+07		0.167412		2.8784		403.77		6.86961e+06		879.915		
00:00:02:000		1.54708e+07		0.171269		2.876		462.986		6.88846e+06		937.086		
00:00:02:000		1.54708e+07		0.171269		2.876		462.986		6.88846e+06		937.086		
00:00:01:899		1.54749e+07		0.172187		2.86962		484.626		6.89805e+06		940.987		
00:00:01:800		1.54772e+07		0.172641		2.86085		502.378		6.90732e+06		932.912		
00:00:01:699		1.54783e+07		0.172812		2.85067		514.488		6.91597e+06		924.02		
00:00:01:600		1.54786e+07		0.172854		2.84161		520.696		6.92417e+06		916.989		
00:00:01:500		1.54787e+07		0.172853		2.83731		524.85		6.93351e+06		908.911		
00:00:01:300		1.54786e+07		0.17284		2.83553		529.921		6.95072e+06		876.336		
00:00:01:300		1.54786e+07		0.17284		2.83553		529.921		6.95072e+06		876.336		
00:00:01:199		1.54786e+07		0.172839		2.83557		530.201		6.95751e+06		845.055		
00:00:01:000		1.54786e+07		0.172839		2.83571		530.197		6.96468e+06		716.279		
00:00:01:000		1.54786e+07		0.172839		2.83571		530.197		6.96468e+06		716.279		
00:00:00:849		1.54786e+07		0.172839		2.83566		530.201		6.96487e+06		526.823		
00:00:00:800		1.54786e+07		0.172839		2.8357		530.201		6.96487e+06		526.823		
00:00:00:699		1.54786e+07		0.17284		2.8357		530.204		6.96486e+06		526.823		
00:00:00:599		1.54786e+07		0.172839		2.83569		530.208		6.96486e+06		526.823		
00:00:00:500		1.54786e+07		0.172839		2.83573		530.21		6.96485e+06		526.803		
00:00:00:400		1.54786e+07		0.17284		2.83568		530.214		6.96485e+06		526.824		
00:00:00:299		1.54786e+07		0.17284		2.83568		530.216		6.96485e+06		526.825		
00:00:00:149		1.54785e+07		0.17284		2.83572		530.221		6.96484e+06		526.825		
00:00:00:000		1.54785e+07		0.17284		2.83571		530.225		6.96483e+06		526.826		
00:00:00:000		1.54785e+07		0.17284		2.83571		530.225		6.96483e+06		526.826		
00:00:00:000		1.54785e+07		0.17284		2.83571		530.225		6.96483e+06		526.826		
00:00:00:000		1.54785e+07		0.17284		2.83571		530.225		6.96483e+06		526.826		
00:00:00:000		1.54785e+07		0.17284		2.83571		530.225		6.96483e+06		526.826		
