	time 		rcpppzr	rcp054rcp007mnzoyout	rcv501std0102fvol	fwfrcp001gv	rcppmssga	msfsg(1)	
00:01:08:000		1.22915e+07		-4.46222		0		0		4.92843e+06		367.063		
00:01:07:900		1.22941e+07		-4.45825		0		0		4.93116e+06		367.132		
00:01:07:799		1.22966e+07		-4.45429		0		0		4.93391e+06		367.516		
00:01:07:700		1.22991e+07		-4.45033		0		0		4.93668e+06		367.733		
00:01:07:549		1.23029e+07		-4.44441		0		0		4.94082e+06		368.049		
00:01:07:450		1.23054e+07		-4.44046		0		0		4.94357e+06		368.245		
00:01:07:400		1.23067e+07		-4.43849		0		0		4.94494e+06		368.34		
00:01:07:299		1.23092e+07		-4.43455		0		0		4.94768e+06		368.529		
00:01:07:150		1.23129e+07		-4.42865		0		0		4.95184e+06		368.832		
00:01:07:049		1.23154e+07		-4.42473		0		0		4.95464e+06		369.048		
00:01:06:950		1.23179e+07		-4.4208		0		0		4.95744e+06		369.265		
00:01:06:849		1.23203e+07		-4.41687		0		0		4.96023e+06		369.462		
00:01:06:750		1.23228e+07		-4.41295		0		0		4.96301e+06		369.66		
00:01:06:650		1.23253e+07		-4.40902		0		0		4.96581e+06		369.868		
00:01:06:549		1.23278e+07		-4.40509		0		0		4.96862e+06		370.073		
00:01:06:450		1.23303e+07		-4.40117		0		0		4.97143e+06		370.278		
00:01:06:349		1.23327e+07		-4.39724		0		0		4.97426e+06		370.481		
00:01:06:349		1.23327e+07		-4.39724		0		0		4.97426e+06		370.481		
00:01:06:049		1.23402e+07		-4.38545		0		0		4.98275e+06		371.114		
00:01:06:049		1.23402e+07		-4.38545		0		0		4.98275e+06		371.114		
00:01:05:950		1.23426e+07		-4.38152		0		0		4.98559e+06		371.322		
00:01:05:950		1.23426e+07		-4.38152		0		0		4.98559e+06		371.322		
00:01:05:849		1.23451e+07		-4.37759		0		0		4.98843e+06		371.53		
00:01:05:750		1.23476e+07		-4.37366		0		0		4.99128e+06		371.738		
00:01:05:599		1.23513e+07		-4.36776		0		0		4.99556e+06		372.053		
00:01:05:500		1.23538e+07		-4.36382		0		0		4.99842e+06		372.259		
00:01:05:400		1.23563e+07		-4.35989		0		0		5.00129e+06		372.458		
00:01:05:349		1.23575e+07		-4.35792		0		0		5.00273e+06		372.55		
00:01:05:150		1.23625e+07		-4.35005		0		0		5.00848e+06		372.986		
00:01:05:049		1.23649e+07		-4.34611		0		0		5.01136e+06		373.16		
00:01:04:950		1.23674e+07		-4.34217		0		0		5.01425e+06		373.238		
00:01:04:950		1.23674e+07		-4.34217		0		0		5.01425e+06		373.238		
00:01:04:799		1.23711e+07		-4.33626		0		0		5.0186e+06		373.745		
00:01:04:700		1.23736e+07		-4.33232		0		0		5.0215e+06		373.96		
00:01:04:599		1.23761e+07		-4.32838		0		0		5.02442e+06		374.175		
00:01:04:500		1.23786e+07		-4.32444		0		0		5.02734e+06		374.391		
00:01:04:400		1.23811e+07		-4.32049		0		0		5.03026e+06		374.604		
00:01:04:299		1.23835e+07		-4.31655		0		0		5.03319e+06		374.82		
00:01:04:099		1.23885e+07		-4.30866		0		0		5.03906e+06		375.252		
00:01:04:099		1.23885e+07		-4.30866		0		0		5.03906e+06		375.252		
00:01:04:000		1.2391e+07		-4.30471		0		0		5.04201e+06		375.47		
00:01:03:899		1.23935e+07		-4.30076		0		0		5.04497e+06		375.688		
00:01:03:799		1.23959e+07		-4.29681		0		0		5.04793e+06		375.905		
00:01:03:700		1.23984e+07		-4.29287		0		0		5.05089e+06		376.122		
00:01:03:600		1.24009e+07		-4.28891		0		0		5.05386e+06		376.338		
00:01:03:500		1.24034e+07		-4.28496		0		0		5.05684e+06		376.552		
00:01:03:399		1.24059e+07		-4.28101		0		0		5.05983e+06		376.758		
00:01:03:299		1.24083e+07		-4.27705		0		0		5.06282e+06		376.938		
00:01:03:100		1.24133e+07		-4.26914		0		0		5.06884e+06		377.429		
00:01:03:100		1.24133e+07		-4.26914		0		0		5.06884e+06		377.429		
00:01:03:000		1.24158e+07		-4.26518		0		0		5.07186e+06		377.652		
00:01:02:899		1.24183e+07		-4.26123		0		0		5.07489e+06		377.874		
00:01:02:799		1.24207e+07		-4.25726		0		0		5.07794e+06		378.098		
00:01:02:700		1.24232e+07		-4.2533		0		0		5.08098e+06		378.323		
00:01:02:600		1.24269e+07		-4.24735		0		0		5.08557e+06		378.659		
00:01:02:450		1.24294e+07		-4.24339		0		0		5.08863e+06		378.874		
00:01:02:399		1.24307e+07		-4.2414		0		0		5.09016e+06		378.973		
00:01:02:299		1.24332e+07		-4.23743		0		0		5.09322e+06		379.125		
00:01:02:200		1.24356e+07		-4.23346		0		0		5.0963e+06		379.456		
00:01:02:100		1.24381e+07		-4.22949		0		0		5.09937e+06		379.682		
00:01:02:000		1.24406e+07		-4.22553		0		0		5.10245e+06		379.908		
00:01:01:899		1.24431e+07		-4.22156		0		0		5.10554e+06		380.135		
00:01:01:799		1.24456e+07		-4.21759		0		0		5.10864e+06		380.362		
00:01:01:700		1.2448e+07		-4.21362		0		0		5.11174e+06		380.589		
00:01:01:600		1.24505e+07		-4.20964		0		0		5.11485e+06		380.82		
00:01:01:500		1.2453e+07		-4.20567		0		0		5.11797e+06		381.051		
00:01:01:350		1.24568e+07		-4.1997		0		0		5.12265e+06		381.395		
00:01:01:250		1.24593e+07		-4.19573		0		0		5.12578e+06		381.625		
00:01:01:149		1.24618e+07		-4.19175		0		0		5.12892e+06		381.855		
00:01:01:049		1.24643e+07		-4.18777		0		0		5.13206e+06		382.087		
00:01:00:950		1.24668e+07		-4.18379		0		0		5.13522e+06		382.321		
00:01:00:850		1.24693e+07		-4.17981		0		0		5.13838e+06		382.554		
00:01:00:750		1.24718e+07		-4.17583		0		0		5.14154e+06		382.787		
00:01:00:649		1.24743e+07		-4.17185		0		0		5.14471e+06		383.021		
00:01:00:549		1.24768e+07		-4.16787		0		0		5.14789e+06		383.26		
00:01:00:450		1.24793e+07		-4.16389		0		0		5.15108e+06		383.518		
00:01:00:450		1.24793e+07		-4.16389		0		0		5.15108e+06		383.518		
00:01:00:149		1.24868e+07		-4.15195		0		0		5.1607e+06		384.19		
00:01:00:149		1.24868e+07		-4.15195		0		0		5.1607e+06		384.19		
00:01:00:049		1.24893e+07		-4.14797		0		0		5.16392e+06		384.422		
00:01:00:049		1.24893e+07		-4.14797		0		0		5.16392e+06		384.422		
00:01:00:000		1.24906e+07		-4.14599		0		0		5.16553e+06		384.537		
00:00:59:899		1.24931e+07		-4.14201		0		0		5.16877e+06		384.765		
00:00:59:799		1.24956e+07		-4.13804		0		0		5.17201e+06		384.982		
00:00:59:649		1.24993e+07		-4.13208		0		0		5.17691e+06		385.168		
00:00:59:549		1.25018e+07		-4.12811		0		0		5.18018e+06		385.65		
00:00:59:500		1.25031e+07		-4.12612		0		0		5.18182e+06		385.806		
00:00:59:399		1.25056e+07		-4.12215		0		0		5.18511e+06		385.104		
00:00:59:149		1.25118e+07		-4.11223		0		0		5.1934e+06		386.549		
00:00:59:049		1.25143e+07		-4.10827		0		0		5.19674e+06		386.79		
00:00:59:049		1.25143e+07		-4.10827		0		0		5.19674e+06		386.79		
00:00:58:950		1.25168e+07		-4.10431		0		0		5.20011e+06		387.033		
00:00:58:850		1.25193e+07		-4.10035		0		0		5.20349e+06		387.273		
00:00:58:750		1.25218e+07		-4.09639		0		0		5.20688e+06		387.506		
00:00:58:649		1.25243e+07		-4.09243		0		0		5.21028e+06		387.71		
00:00:58:549		1.25268e+07		-4.08848		0		0		5.2137e+06		387.796		
00:00:58:450		1.25293e+07		-4.08453		0		0		5.21713e+06		388.263		
00:00:58:350		1.25318e+07		-4.08058		0		0		5.22057e+06		388.487		
00:00:58:049		1.25392e+07		-4.06875		0		0		5.23096e+06		389.262		
00:00:58:049		1.25392e+07		-4.06875		0		0		5.23096e+06		389.262		
00:00:58:049		1.25392e+07		-4.06875		0		0		5.23096e+06		389.262		
00:00:57:950		1.25417e+07		-4.06481		0		0		5.23445e+06		389.474		
00:00:57:850		1.25442e+07		-4.06087		0		0		5.23794e+06		389.568		
00:00:57:750		1.25467e+07		-4.05694		0		0		5.24145e+06		390.053		
00:00:57:649		1.25491e+07		-4.05302		0		0		5.24495e+06		390.311		
00:00:57:549		1.25516e+07		-4.0491		0		0		5.24847e+06		390.57		
00:00:57:450		1.25541e+07		-4.04519		0		0		5.252e+06		390.829		
00:00:57:350		1.25566e+07		-4.04128		0		0		5.25553e+06		391.095		
00:00:57:250		1.2559e+07		-4.03737		0		0		5.25907e+06		391.381		
00:00:57:149		1.25615e+07		-4.03347		0		0		5.26263e+06		391.736		
00:00:57:049		1.25639e+07		-4.02957		0		0		5.26619e+06		391.741		
00:00:56:950		1.25664e+07		-4.02567		0		0		5.26976e+06		392.126		
00:00:56:850		1.25688e+07		-4.02178		0		0		5.27335e+06		392.387		
00:00:56:649		1.25737e+07		-4.01399		0		0		5.28054e+06		392.918		
00:00:56:649		1.25737e+07		-4.01399		0		0		5.28054e+06		392.918		
00:00:56:549		1.25762e+07		-4.01009		0		0		5.28415e+06		393.177		
00:00:56:450		1.25786e+07		-4.00619		0		0		5.28777e+06		393.433		
00:00:56:350		1.25811e+07		-4.00228		0		0		5.2914e+06		393.671		
00:00:56:250		1.25835e+07		-3.99836		0		0		5.29504e+06		393.847		
00:00:56:149		1.2586e+07		-3.99444		0		0		5.29869e+06		394.238		
00:00:56:049		1.25884e+07		-3.99052		0		0		5.30235e+06		394.505		
00:00:55:950		1.25908e+07		-3.98658		0		0		5.30603e+06		394.774		
00:00:55:850		1.25933e+07		-3.98265		0		0		5.30971e+06		395.043		
00:00:55:750		1.25957e+07		-3.97871		0		0		5.3134e+06		395.307		
00:00:55:600		1.25993e+07		-3.9728		0		0		5.31896e+06		395.68		
00:00:55:549		1.26005e+07		-3.97084		0		0		5.32082e+06		395.784		
00:00:55:450		1.2603e+07		-3.9669		0		0		5.32455e+06		395.879		
00:00:55:299		1.26066e+07		-3.96101		0		0		5.33016e+06		396.53		
00:00:55:200		1.2609e+07		-3.95708		0		0		5.33392e+06		396.801		
00:00:55:100		1.26114e+07		-3.95316		0		0		5.33769e+06		397.071		
00:00:55:000		1.26139e+07		-3.94924		0		0		5.34148e+06		397.342		
00:00:54:899		1.26163e+07		-3.94532		0		0		5.34528e+06		397.603		
00:00:54:799		1.26187e+07		-3.94141		0		0		5.3491e+06		397.827		
00:00:54:700		1.26211e+07		-3.9375		0		0		5.35292e+06		397.922		
00:00:54:600		1.26235e+07		-3.93359		0		0		5.35677e+06		398.45		
00:00:54:600		1.26235e+07		-3.93359		0		0		5.35677e+06		398.45		
00:00:54:500		1.26259e+07		-3.92968		0		0		5.36062e+06		398.728		
00:00:54:299		1.26307e+07		-3.92189		0		0		5.36839e+06		399.281		
00:00:54:200		1.26331e+07		-3.91799		0		0		5.37229e+06		399.552		
00:00:54:100		1.26355e+07		-3.9141		0		0		5.37622e+06		399.808		
00:00:54:100		1.26355e+07		-3.9141		0		0		5.37622e+06		399.808		
00:00:54:000		1.26379e+07		-3.91021		0		0		5.38016e+06		399.996		
00:00:53:899		1.26403e+07		-3.90632		0		0		5.38412e+06		400.417		
00:00:53:799		1.26427e+07		-3.90244		0		0		5.3881e+06		400.707		
00:00:53:649		1.26463e+07		-3.89662		0		0		5.39409e+06		401.141		
00:00:53:549		1.26487e+07		-3.89274		0		0		5.39809e+06		401.424		
00:00:53:399		1.26523e+07		-3.88693		0		0		5.40413e+06		401.821		
00:00:53:399		1.26523e+07		-3.88693		0		0		5.40413e+06		401.821		
00:00:53:299		1.26547e+07		-3.88307		0		0		5.40817e+06		402.006		
00:00:53:100		1.26595e+07		-3.87535		0		0		5.41633e+06		402.743		
00:00:53:000		1.26618e+07		-3.87149		0		0		5.42043e+06		403.019		
00:00:52:850		1.26618e+07		-3.87149		0		0		5.42043e+06		403.019		
00:00:52:850		1.26654e+07		-3.86573		0		0		5.42662e+06		403.467		
00:00:52:750		1.26677e+07		-3.86189		0		0		5.43078e+06		403.758		
00:00:52:649		1.26701e+07		-3.85805		0		0		5.43496e+06		404.011		
00:00:52:549		1.26724e+07		-3.85422		0		0		5.43914e+06		404.122		
00:00:52:450		1.26748e+07		-3.85039		0		0		5.44333e+06		404.706		
00:00:52:350		1.26771e+07		-3.84657		0		0		5.44752e+06		405.018		
00:00:52:149		1.26818e+07		-3.83893		0		0		5.45594e+06		405.643		
00:00:52:049		1.26841e+07		-3.83511		0		0		5.46016e+06		405.956		
00:00:52:049		1.26841e+07		-3.83511		0		0		5.46016e+06		405.956		
00:00:51:950		1.26864e+07		-3.8313		0		0		5.46439e+06		406.269		
00:00:51:850		1.26888e+07		-3.82749		0		0		5.46863e+06		406.585		
00:00:51:750		1.26911e+07		-3.82368		0		0		5.47288e+06		406.899		
00:00:51:649		1.26934e+07		-3.81988		0		0		5.47713e+06		407.213		
00:00:51:549		1.26957e+07		-3.81609		0		0		5.48139e+06		407.527		
00:00:51:450		1.2698e+07		-3.81229		0		0		5.48566e+06		407.842		
00:00:51:350		1.27003e+07		-3.80851		0		0		5.48995e+06		408.158		
00:00:51:149		1.2705e+07		-3.80094		0		0		5.49854e+06		408.788		
00:00:51:049		1.27073e+07		-3.79715		0		0		5.50286e+06		409.101		
00:00:51:049		1.27073e+07		-3.79715		0		0		5.50286e+06		409.101		
00:00:50:950		1.27096e+07		-3.79338		0		0		5.50719e+06		409.414		
00:00:50:850		1.27119e+07		-3.7896		0		0		5.51154e+06		409.72		
00:00:50:750		1.27142e+07		-3.78582		0		0		5.5159e+06		410.004		
00:00:50:649		1.27165e+07		-3.78205		0		0		5.52029e+06		410.217		
00:00:50:549		1.27188e+07		-3.77828		0		0		5.5247e+06		410.695		
00:00:50:450		1.27211e+07		-3.77451		0		0		5.52912e+06		411.021		
00:00:50:350		1.27234e+07		-3.77075		0		0		5.53355e+06		411.367		
00:00:50:149		1.2728e+07		-3.76322		0		0		5.54248e+06		412.234		
00:00:50:149		1.2728e+07		-3.76322		0		0		5.54248e+06		412.234		
00:00:50:049		1.27303e+07		-3.75946		0		0		5.54682e+06		412.571		
00:00:49:950		1.27326e+07		-3.7557		0		0		5.55092e+06		412.664		
00:00:49:850		1.27349e+07		-3.75195		0		0		5.55496e+06		412.983		
00:00:49:700		1.27384e+07		-3.74631		0		0		5.56138e+06		413.4		
00:00:49:600		1.27407e+07		-3.74256		0		0		5.56585e+06		413.718		
00:00:49:500		1.2743e+07		-3.73881		0		0		5.57036e+06		414.019		
00:00:49:399		1.27453e+07		-3.73506		0		0		5.57489e+06		414.266		
00:00:49:299		1.27476e+07		-3.73131		0		0		5.57944e+06		414.307		
00:00:49:200		1.27499e+07		-3.72757		0		0		5.58401e+06		414.628		
00:00:49:100		1.27522e+07		-3.72383		0		0		5.58856e+06		415.33		
00:00:49:000		1.27545e+07		-3.72008		0		0		5.59306e+06		415.829		
00:00:48:899		1.27568e+07		-3.71635		0		0		5.59754e+06		416.165		
00:00:48:799		1.27591e+07		-3.71261		0		0		5.602e+06		416.504		
00:00:48:700		1.27613e+07		-3.70888		0		0		5.60647e+06		416.855		
00:00:48:600		1.27636e+07		-3.70515		0		0		5.61093e+06		417.189		
00:00:48:500		1.27659e+07		-3.70142		0		0		5.61537e+06		417.518		
00:00:48:399		1.27682e+07		-3.69769		0		0		5.61981e+06		417.843		
00:00:48:299		1.27705e+07		-3.69397		0		0		5.62425e+06		418.164		
00:00:48:200		1.27728e+07		-3.69025		0		0		5.62871e+06		418.483		
00:00:48:100		1.2775e+07		-3.68653		0		0		5.63318e+06		418.801		
00:00:48:100		1.2775e+07		-3.68653		0		0		5.63318e+06		418.801		
00:00:48:000		1.27773e+07		-3.68281		0		0		5.63767e+06		419.117		
00:00:47:799		1.27819e+07		-3.67538		0		0		5.64673e+06		419.755		
00:00:47:799		1.27819e+07		-3.67538		0		0		5.64673e+06		419.755		
00:00:47:700		1.27842e+07		-3.67167		0		0		5.65129e+06		420.052		
00:00:47:600		1.27864e+07		-3.66795		0		0		5.65589e+06		420.38		
00:00:47:500		1.27887e+07		-3.66424		0		0		5.66056e+06		420.716		
00:00:47:350		1.27921e+07		-3.65868		0		0		5.6676e+06		421.222		
00:00:47:149		1.27933e+07		-3.65682		0		0		5.66996e+06		421.389		
00:00:47:100		1.27978e+07		-3.64939		0		0		5.67943e+06		422.022		
00:00:47:100		1.27978e+07		-3.64939		0		0		5.67943e+06		422.022		
00:00:47:000		1.28001e+07		-3.64567		0		0		5.6842e+06		422.211		
00:00:46:850		1.28035e+07		-3.64008		0		0		5.69138e+06		422.819		
00:00:46:750		1.28058e+07		-3.63634		0		0		5.6962e+06		423.163		
00:00:46:549		1.28103e+07		-3.62887		0		0		5.70588e+06		423.784		
00:00:46:549		1.28103e+07		-3.62887		0		0		5.70588e+06		423.784		
00:00:46:450		1.28126e+07		-3.62513		0		0		5.71075e+06		423.892		
00:00:46:350		1.28149e+07		-3.62139		0		0		5.71564e+06		424.5		
00:00:46:149		1.28194e+07		-3.61392		0		0		5.72545e+06		425.279		
00:00:46:049		1.28217e+07		-3.61019		0		0		5.73039e+06		425.578		
00:00:46:049		1.28217e+07		-3.61019		0		0		5.73039e+06		425.578		
00:00:45:950		1.2824e+07		-3.60647		0		0		5.73535e+06		425.747		
00:00:45:850		1.28262e+07		-3.60276		0		0		5.74035e+06		426.039		
00:00:45:750		1.28285e+07		-3.59906		0		0		5.74536e+06		426.701		
00:00:45:649		1.28308e+07		-3.59536		0		0		5.75039e+06		426.94		
00:00:45:549		1.28331e+07		-3.59168		0		0		5.75543e+06		427.462		
00:00:45:450		1.28354e+07		-3.588		0		0		5.76048e+06		427.757		
00:00:45:350		1.28376e+07		-3.58433		0		0		5.76555e+06		427.859		
00:00:45:149		1.28422e+07		-3.57698		0		0		5.77574e+06		428.467		
00:00:45:149		1.28422e+07		-3.57698		0		0		5.77574e+06		428.467		
00:00:45:049		1.28445e+07		-3.57329		0		0		5.78086e+06		429.345		
00:00:44:950		1.28467e+07		-3.56959		0		0		5.78599e+06		429.69		
00:00:44:850		1.2849e+07		-3.56588		0		0		5.79113e+06		429.96		
00:00:44:750		1.28513e+07		-3.56213		0		0		5.7963e+06		429.967		
00:00:44:649		1.28536e+07		-3.55837		0		0		5.80149e+06		430.865		
00:00:44:549		1.28558e+07		-3.55457		0		0		5.80669e+06		431.245		
00:00:44:450		1.28581e+07		-3.55075		0		0		5.81191e+06		431.626		
00:00:44:299		1.28615e+07		-3.54496		0		0		5.81977e+06		432.185		
00:00:44:200		1.28638e+07		-3.54108		0		0		5.82503e+06		432.538		
00:00:44:100		1.28661e+07		-3.53719		0		0		5.83032e+06		432.81		
00:00:44:000		1.28683e+07		-3.53329		0		0		5.83562e+06		432.81		
00:00:43:899		1.28706e+07		-3.52941		0		0		5.84096e+06		433.732		
00:00:43:799		1.28729e+07		-3.52556		0		0		5.84632e+06		434.119		
00:00:43:700		1.28751e+07		-3.52176		0		0		5.8517e+06		434.504		
00:00:43:600		1.28774e+07		-3.51801		0		0		5.85711e+06		434.896		
00:00:43:500		1.28797e+07		-3.51433		0		0		5.86255e+06		435.294		
00:00:43:399		1.28819e+07		-3.51073		0		0		5.86801e+06		435.701		
00:00:43:299		1.28842e+07		-3.50721		0		0		5.87349e+06		436.104		
00:00:43:200		1.28865e+07		-3.50376		0		0		5.87898e+06		436.469		
00:00:43:100		1.28888e+07		-3.50039		0		0		5.88446e+06		436.699		
00:00:43:000		1.2891e+07		-3.49708		0		0		5.88993e+06		437.101		
00:00:42:899		1.28933e+07		-3.49381		0		0		5.89539e+06		437.439		
00:00:42:799		1.28956e+07		-3.49057		0		0		5.90084e+06		438.167		
00:00:42:700		1.28979e+07		-3.48734		0		0		5.90627e+06		438.436		
00:00:42:700		1.28979e+07		-3.48734		0		0		5.90627e+06		438.436		
00:00:42:600		1.29002e+07		-3.48411		0		0		5.9117e+06		438.365		
00:00:42:399		1.29048e+07		-3.4776		0		0		5.92262e+06		439.791		
00:00:42:399		1.29048e+07		-3.4776		0		0		5.92262e+06		439.791		
00:00:42:200		1.29094e+07		-3.47096		0		0		5.93365e+06		440.563		
00:00:42:100		1.29117e+07		-3.46757		0		0		5.93921e+06		440.919		
00:00:42:000		1.2914e+07		-3.46414		0		0		5.94481e+06		441.177		
00:00:42:000		1.2914e+07		-3.46414		0		0		5.94481e+06		441.177		
00:00:41:899		1.29163e+07		-3.46065		0		0		5.95044e+06		441.761		
00:00:41:799		1.29186e+07		-3.45713		0		0		5.95609e+06		442.124		
00:00:41:700		1.2921e+07		-3.45355		0		0		5.96179e+06		442.399		
00:00:41:600		1.29233e+07		-3.44993		0		0		5.96752e+06		442.369		
00:00:41:350		1.29292e+07		-3.44069		0		0		5.98205e+06		444.036		
00:00:41:350		1.29292e+07		-3.44069		0		0		5.98205e+06		444.036		
00:00:41:149		1.29339e+07		-3.43313		0		0		5.99377e+06		444.81		
00:00:41:049		1.29363e+07		-3.42929		0		0		5.99964e+06		444.929		
00:00:41:049		1.29363e+07		-3.42929		0		0		5.99964e+06		444.929		
00:00:40:950		1.29386e+07		-3.42542		0		0		6.00549e+06		445.864		
00:00:40:850		1.2941e+07		-3.42151		0		0		6.01131e+06		446.309		
00:00:40:750		1.29433e+07		-3.41758		0		0		6.01712e+06		446.745		
00:00:40:649		1.29457e+07		-3.41362		0		0		6.02291e+06		447.174		
00:00:40:549		1.2948e+07		-3.40962		0		0		6.0287e+06		447.599		
00:00:40:450		1.29504e+07		-3.40561		0		0		6.0345e+06		448.02		
00:00:40:350		1.29528e+07		-3.40156		0		0		6.04032e+06		448.44		
00:00:40:250		1.29551e+07		-3.3975		0		0		6.04616e+06		448.852		
00:00:40:049		1.296e+07		-3.38934		0		0		6.05791e+06		449.664		
00:00:40:049		1.296e+07		-3.38934		0		0		6.05791e+06		449.664		
00:00:39:950		1.29624e+07		-3.38524		0		0		6.06386e+06		450.063		
00:00:39:850		1.29648e+07		-3.38112		0		0		6.06985e+06		450.438		
00:00:39:750		1.29672e+07		-3.37699		0		0		6.07589e+06		450.711		
00:00:39:649		1.29696e+07		-3.37284		0		0		6.08199e+06		451.35		
00:00:39:549		1.2972e+07		-3.36868		0		0		6.08813e+06		451.779		
00:00:39:399		1.29757e+07		-3.36241		0		0		6.09742e+06		452.423		
00:00:39:299		1.29781e+07		-3.3582		0		0		6.10368e+06		452.866		
00:00:39:149		1.29818e+07		-3.35187		0		0		6.11317e+06		453.566		
00:00:39:049		1.29842e+07		-3.34763		0		0		6.11955e+06		454.06		
00:00:39:049		1.29842e+07		-3.34763		0		0		6.11955e+06		454.06		
00:00:38:950		1.29867e+07		-3.34337		0		0		6.12594e+06		454.563		
00:00:38:850		1.29904e+07		-3.33695		0		0		6.13549e+06		455.321		
00:00:38:700		1.29929e+07		-3.33264		0		0		6.14182e+06		455.824		
00:00:38:649		1.29941e+07		-3.33048		0		0		6.14498e+06		456.069		
00:00:38:500		1.29979e+07		-3.32398		0		0		6.15437e+06		456.731		
00:00:38:399		1.30004e+07		-3.31961		0		0		6.16058e+06		456.983		
00:00:38:299		1.30029e+07		-3.31522		0		0		6.16676e+06		455.937		
00:00:38:200		1.30054e+07		-3.31081		0		0		6.17295e+06		458.233		
00:00:38:100		1.3008e+07		-3.30638		0		0		6.17911e+06		458.667		
00:00:38:000		1.30105e+07		-3.30192		0		0		6.18528e+06		459.091		
00:00:37:899		1.30131e+07		-3.29744		0		0		6.19151e+06		459.508		
00:00:37:799		1.30157e+07		-3.29294		0		0		6.19777e+06		459.86		
00:00:37:700		1.30183e+07		-3.2884		0		0		6.2041e+06		460.127		
00:00:37:600		1.30209e+07		-3.28385		0		0		6.21056e+06		460.813		
00:00:37:500		1.30236e+07		-3.27926		0		0		6.21708e+06		461.23		
00:00:37:450		1.30249e+07		-3.27696		0		0		6.22035e+06		461.375		
00:00:37:299		1.30289e+07		-3.26999		0		0		6.23013e+06		462.316		
00:00:37:200		1.30315e+07		-3.2653		0		0		6.23666e+06		462.775		
00:00:37:100		1.30342e+07		-3.26058		0		0		6.24322e+06		463.232		
00:00:37:000		1.30369e+07		-3.25584		0		0		6.24983e+06		463.705		
00:00:37:000		1.30369e+07		-3.25584		0		0		6.24983e+06		463.705		
00:00:36:799		1.30424e+07		-3.24626		0		0		6.26325e+06		464.715		
00:00:36:700		1.30452e+07		-3.24142		0		0		6.27001e+06		465.261		
00:00:36:600		1.30479e+07		-3.23656		0		0		6.27678e+06		465.82		
00:00:36:500		1.30507e+07		-3.23166		0		0		6.2835e+06		466.376		
00:00:36:399		1.30535e+07		-3.22674		0		0		6.29017e+06		466.929		
00:00:36:299		1.30564e+07		-3.22178		0		0		6.29677e+06		467.472		
00:00:36:200		1.30592e+07		-3.21679		0		0		6.30331e+06		468.009		
00:00:36:100		1.30621e+07		-3.21178		0		0		6.3098e+06		468.533		
00:00:36:100		1.30621e+07		-3.21178		0		0		6.3098e+06		468.533		
00:00:35:950		1.30664e+07		-3.2042		0		0		6.31941e+06		469.281		
00:00:35:850		1.30693e+07		-3.19911		0		0		6.32577e+06		469.754		
00:00:35:799		1.30708e+07		-3.19655		0		0		6.32894e+06		469.98		
00:00:35:649		1.30752e+07		-3.18883		0		0		6.33846e+06		470.609		
00:00:35:549		1.30782e+07		-3.18364		0		0		6.34485e+06		470.95		
00:00:35:450		1.30812e+07		-3.17841		0		0		6.3513e+06		471.066		
00:00:35:350		1.30842e+07		-3.17316		0		0		6.35783e+06		471.907		
00:00:35:250		1.30872e+07		-3.16787		0		0		6.36445e+06		472.234		
00:00:35:049		1.30934e+07		-3.15718		0		0		6.37799e+06		473.362		
00:00:35:049		1.30934e+07		-3.15718		0		0		6.37799e+06		473.362		
00:00:34:950		1.30964e+07		-3.15179		0		0		6.38489e+06		473.981		
00:00:34:850		1.30996e+07		-3.14637		0		0		6.39185e+06		472.487		
00:00:34:750		1.31027e+07		-3.14091		0		0		6.39887e+06		474.853		
00:00:34:649		1.31059e+07		-3.13543		0		0		6.40591e+06		475.385		
00:00:34:549		1.3109e+07		-3.12991		0		0		6.41296e+06		475.903		
00:00:34:450		1.31122e+07		-3.12436		0		0		6.42003e+06		476.431		
00:00:34:350		1.31155e+07		-3.11877		0		0		6.42713e+06		476.964		
00:00:34:250		1.31203e+07		-3.11034		0		0		6.43784e+06		477.745		
00:00:34:049		1.31252e+07		-3.10183		0		0		6.44866e+06		478.532		
00:00:34:049		1.31252e+07		-3.10183		0		0		6.44866e+06		478.532		
00:00:33:950		1.31286e+07		-3.09612		0		0		6.45594e+06		479.046		
00:00:33:850		1.31319e+07		-3.09038		0		0		6.46328e+06		479.542		
00:00:33:750		1.31369e+07		-3.08171		0		0		6.47444e+06		480.119		
00:00:33:600		1.31403e+07		-3.07588		0		0		6.482e+06		480.919		
00:00:33:549		1.3142e+07		-3.07296		0		0		6.48581e+06		481.166		
00:00:33:399		1.31471e+07		-3.06414		0		0		6.49739e+06		481.915		
00:00:33:299		1.31505e+07		-3.05821		0		0		6.50524e+06		482.432		
00:00:33:100		1.31575e+07		-3.04626		0		0		6.52129e+06		483.559		
00:00:33:000		1.3161e+07		-3.04023		0		0		6.52944e+06		484.133		
00:00:33:000		1.3161e+07		-3.04023		0		0		6.52944e+06		484.133		
00:00:32:899		1.31645e+07		-3.03417		0		0		6.53759e+06		484.47		
00:00:32:799		1.3168e+07		-3.02807		0		0		6.54559e+06		483.674		
00:00:32:700		1.31716e+07		-3.02193		0		0		6.55324e+06		478.702		
00:00:32:600		1.31752e+07		-3.01576		0		0		6.56025e+06		449.665		
00:00:32:500		1.31788e+07		-3.00955		0		0		6.56648e+06		409.236		
00:00:32:399		1.31824e+07		-3.00331		0		0		6.57204e+06		375.494		
00:00:32:299		1.31861e+07		-2.99702		0		0		6.57703e+06		347.125		
00:00:32:200		1.31898e+07		-2.9907		0		0		6.58154e+06		323.234		
00:00:32:100		1.31935e+07		-2.98434		0		0		6.58566e+06		303.094		
00:00:32:000		1.31972e+07		-2.97794		0		0		6.58945e+06		286.079		
00:00:32:000		1.31972e+07		-2.97794		0		0		6.58945e+06		286.079		
00:00:31:899		1.32009e+07		-2.9715		0		0		6.59295e+06		271.681		
00:00:31:800		1.32047e+07		-2.96502		0		0		6.5962e+06		259.465		
00:00:31:699		1.32085e+07		-2.9585		0		0		6.59923e+06		249.134		
00:00:31:600		1.32124e+07		-2.95194		0		0		6.60207e+06		240.381		
00:00:31:399		1.32201e+07		-2.9387		0		0		6.60731e+06		226.475		
00:00:31:300		1.32239e+07		-2.93201		0		0		6.60974e+06		221.01		
00:00:31:199		1.32278e+07		-2.92529		0		0		6.61207e+06		216.399		
00:00:31:100		1.32317e+07		-2.91851		0		0		6.61431e+06		212.39		
00:00:31:000		1.32357e+07		-2.91168		0		0		6.61646e+06		208.998		
00:00:30:899		1.32396e+07		-2.90479		0		0		6.61855e+06		205.967		
00:00:30:899		1.32396e+07		-2.90479		0		0		6.61855e+06		205.967		
00:00:30:699		1.32478e+07		-2.89083		0		0		6.62255e+06		201.143		
00:00:30:699		1.32478e+07		-2.89083		0		0		6.62255e+06		201.143		
00:00:30:550		1.3254e+07		-2.88024		0		0		6.62543e+06		198.427		
00:00:30:500		1.32561e+07		-2.87668		0		0		6.62636e+06		197.618		
00:00:30:399		1.32603e+07		-2.86953		0		0		6.6282e+06		196.048		
00:00:30:250		1.32667e+07		-2.85873		0		0		6.63088e+06		194.241		
00:00:30:050		1.32753e+07		-2.84414		0		0		6.63436e+06		192.259		
00:00:30:050		1.32753e+07		-2.84414		0		0		6.63436e+06		192.259		
00:00:29:949		1.32796e+07		-2.83677		0		0		6.63605e+06		191.481		
00:00:29:850		1.3284e+07		-2.82934		0		0		6.63772e+06		190.852		
00:00:29:750		1.32885e+07		-2.82186		0		0		6.63936e+06		190.031		
00:00:29:649		1.32929e+07		-2.81432		0		0		6.64098e+06		189.411		
00:00:29:449		1.3302e+07		-2.79907		0		0		6.64415e+06		188.368		
00:00:29:449		1.3302e+07		-2.79907		0		0		6.64415e+06		188.368		
00:00:29:350		1.33066e+07		-2.79137		0		0		6.6457e+06		187.972		
00:00:29:250		1.33112e+07		-2.7836		0		0		6.64723e+06		187.698		
00:00:29:050		1.33206e+07		-2.76789		0		0		6.65021e+06		186.639		
00:00:29:050		1.33206e+07		-2.76789		0		0		6.65021e+06		186.639		
00:00:28:949		1.33254e+07		-2.75994		0		0		6.65166e+06		186.088		
00:00:28:850		1.33302e+07		-2.75194		0		0		6.65308e+06		185.699		
00:00:28:750		1.3335e+07		-2.74387		0		0		6.65449e+06		185.077		
00:00:28:649		1.33399e+07		-2.73574		0		0		6.65588e+06		184.61		
00:00:28:550		1.33448e+07		-2.72755		0		0		6.65725e+06		184.781		
00:00:28:449		1.33498e+07		-2.7193		0		0		6.65862e+06		185.053		
00:00:28:350		1.33548e+07		-2.71099		0		0		6.65997e+06		185.322		
00:00:28:149		1.3365e+07		-2.69416		0		0		6.66265e+06		185.534		
00:00:28:050		1.33701e+07		-2.68566		0		0		6.66397e+06		185.782		
00:00:28:050		1.33701e+07		-2.68566		0		0		6.66397e+06		185.782		
00:00:27:949		1.33753e+07		-2.67708		0		0		6.66528e+06		186.061		
00:00:27:850		1.33806e+07		-2.66844		0		0		6.66658e+06		186.213		
00:00:27:750		1.33859e+07		-2.65974		0		0		6.66787e+06		186.308		
00:00:27:600		1.33939e+07		-2.64655		0		0		6.66979e+06		186.515		
00:00:27:500		1.33993e+07		-2.63767		0		0		6.67105e+06		186.752		
00:00:27:399		1.34048e+07		-2.62873		0		0		6.6723e+06		187.062		
00:00:27:300		1.34103e+07		-2.61972		0		0		6.67354e+06		187.177		
00:00:27:100		1.34215e+07		-2.6015		0		0		6.676e+06		187.577		
00:00:27:000		1.34272e+07		-2.59229		0		0		6.67722e+06		187.868		
00:00:27:000		1.34272e+07		-2.59229		0		0		6.67722e+06		187.868		
00:00:26:899		1.34329e+07		-2.58301		0		0		6.67842e+06		188.122		
00:00:26:850		1.34358e+07		-2.57835		0		0		6.67902e+06		188.195		
00:00:26:699		1.34444e+07		-2.56427		0		0		6.6808e+06		188.611		
00:00:26:600		1.34502e+07		-2.5548		0		0		6.68197e+06		188.963		
00:00:26:500		1.3456e+07		-2.54525		0		0		6.68312e+06		189.148		
00:00:26:399		1.34619e+07		-2.53564		0		0		6.68426e+06		189.255		
00:00:26:300		1.34678e+07		-2.52597		0		0		6.68539e+06		189.313		
00:00:26:149		1.34768e+07		-2.51132		0		0		6.68706e+06		189.414		
00:00:26:000		1.34858e+07		-2.49652		0		0		6.68877e+06		189.831		
00:00:26:000		1.34858e+07		-2.49652		0		0		6.68877e+06		189.831		
00:00:25:899		1.34919e+07		-2.48656		0		0		6.68992e+06		190.191		
00:00:25:800		1.34981e+07		-2.47654		0		0		6.69106e+06		190.345		
00:00:25:699		1.35043e+07		-2.46644		0		0		6.69219e+06		190.547		
00:00:25:600		1.35106e+07		-2.45627		0		0		6.69331e+06		190.973		
00:00:25:500		1.35169e+07		-2.44602		0		0		6.69444e+06		191.279		
00:00:25:399		1.35233e+07		-2.4357		0		0		6.69559e+06		191.663		
00:00:25:399		1.35233e+07		-2.4357		0		0		6.69559e+06		191.663		
00:00:25:300		1.35298e+07		-2.42532		0		0		6.69672e+06		191.794		
00:00:25:100		1.35429e+07		-2.40437		0		0		6.69886e+06		192.849		
00:00:25:100		1.35429e+07		-2.40437		0		0		6.69886e+06		192.849		
00:00:25:000		1.35495e+07		-2.39378		0		0		6.69992e+06		193.32		
00:00:24:800		1.35629e+07		-2.37239		0		0		6.70204e+06		194.426		
00:00:24:800		1.35629e+07		-2.37239		0		0		6.70204e+06		194.426		
00:00:24:649		1.35731e+07		-2.35615		0		0		6.70362e+06		195.272		
00:00:24:550		1.35799e+07		-2.34524		0		0		6.70468e+06		195.706		
00:00:24:449		1.35868e+07		-2.33426		0		0		6.70574e+06		196.204		
00:00:24:350		1.35938e+07		-2.32321		0		0		6.7068e+06		196.644		
00:00:24:250		1.36008e+07		-2.3121		0		0		6.70786e+06		197.12		
00:00:24:050		1.3615e+07		-2.2897		0		0		6.70994e+06		198.11		
00:00:24:050		1.3615e+07		-2.2897		0		0		6.70994e+06		198.11		
00:00:23:949		1.36222e+07		-2.27844		0		0		6.71095e+06		198.68		
00:00:23:850		1.36293e+07		-2.26712		0		0		6.71197e+06		199.396		
00:00:23:800		1.36329e+07		-2.26144		0		0		6.71248e+06		199.74		
00:00:23:649		1.36438e+07		-2.24434		0		0		6.71403e+06		200.923		
00:00:23:550		1.36512e+07		-2.23288		0		0		6.71505e+06		201.654		
00:00:23:449		1.36586e+07		-2.22138		0		0		6.71607e+06		202.501		
00:00:23:399		1.36623e+07		-2.21561		0		0		6.71659e+06		202.985		
00:00:23:300		1.36697e+07		-2.20405		0		0		6.71763e+06		203.851		
00:00:23:050		1.36886e+07		-2.17503		0		0		6.72027e+06		206		
00:00:23:050		1.36886e+07		-2.17503		0		0		6.72027e+06		206		
00:00:22:949		1.36962e+07		-2.16338		0		0		6.72133e+06		206.862		
00:00:22:850		1.37038e+07		-2.15171		0		0		6.7224e+06		207.713		
00:00:22:750		1.37115e+07		-2.14002		0		0		6.72346e+06		208.618		
00:00:22:649		1.37192e+07		-2.12831		0		0		6.72453e+06		209.475		
00:00:22:550		1.3727e+07		-2.11657		0		0		6.7256e+06		210.386		
00:00:22:449		1.37349e+07		-2.10481		0		0		6.72668e+06		211.267		
00:00:22:350		1.37428e+07		-2.09302		0		0		6.72777e+06		212.295		
00:00:22:250		1.37509e+07		-2.08121		0		0		6.72887e+06		213.649		
00:00:22:050		1.37672e+07		-2.0576		0		0		6.7311e+06		216.03		
00:00:22:050		1.37672e+07		-2.0576		0		0		6.7311e+06		216.03		
00:00:21:949		1.37754e+07		-2.04582		0		0		6.73222e+06		217.302		
00:00:21:850		1.37836e+07		-2.03406		0		0		6.73335e+06		218.485		
00:00:21:750		1.37919e+07		-2.02231		0		0		6.73447e+06		219.578		
00:00:21:600		1.38044e+07		-2.00471		0		0		6.73613e+06		221.191		
00:00:21:500		1.38128e+07		-1.993		0		0		6.7372e+06		222.03		
00:00:21:399		1.38212e+07		-1.98131		0		0		6.73826e+06		222.927		
00:00:21:350		1.38254e+07		-1.97547		0		0		6.7388e+06		223.362		
00:00:21:250		1.38339e+07		-1.96381		0		0		6.73989e+06		224.402		
00:00:21:000		1.38554e+07		-1.93477		0		0		6.74279e+06		227.356		
00:00:21:000		1.38554e+07		-1.93477		0		0		6.74279e+06		227.356		
00:00:20:949		1.38597e+07		-1.92898		0		0		6.74338e+06		227.892		
00:00:20:800		1.38727e+07		-1.91164		0		0		6.74516e+06		229.673		
00:00:20:699		1.38815e+07		-1.90012		0		0		6.74636e+06		230.976		
00:00:20:600		1.38904e+07		-1.88861		0		0		6.74756e+06		232.341		
00:00:20:500		1.38993e+07		-1.87714		0		0		6.74876e+06		233.805		
00:00:20:399		1.39083e+07		-1.86567		0		0		6.75001e+06		235.336		
00:00:20:300		1.39173e+07		-1.85421		0		0		6.75127e+06		236.795		
00:00:20:100		1.39356e+07		-1.83124		0		0		6.75381e+06		239.503		
00:00:20:000		1.39449e+07		-1.81972		0		0		6.75509e+06		240.901		
00:00:20:000		1.39449e+07		-1.81972		0		0		6.75509e+06		240.901		
00:00:19:899		1.39543e+07		-1.80816		0		0		6.75636e+06		242.317		
00:00:19:800		1.39638e+07		-1.79656		0		0		6.75764e+06		243.631		
00:00:19:699		1.39735e+07		-1.78489		0		0		6.75893e+06		245.055		
00:00:19:600		1.39833e+07		-1.77315		0		0		6.76022e+06		246.334		
00:00:19:500		1.39932e+07		-1.76134		0		0		6.76151e+06		247.685		
00:00:19:449		1.39982e+07		-1.75541		0		0		6.76217e+06		248.271		
00:00:19:350		1.40085e+07		-1.74347		0		0		6.76348e+06		249.88		
00:00:19:100		1.40352e+07		-1.71331		0		0		6.76685e+06		255.38		
00:00:19:000		1.40464e+07		-1.70115		0		0		6.76824e+06		257.574		
00:00:19:000		1.40464e+07		-1.70115		0		0		6.76824e+06		257.574		
00:00:18:899		1.40576e+07		-1.6889		0		0		6.76966e+06		259.821		
00:00:18:800		1.40687e+07		-1.67655		0		0		6.77109e+06		262.012		
00:00:18:699		1.40797e+07		-1.66408		0		0		6.77255e+06		262.989		
00:00:18:600		1.40905e+07		-1.65152		0		0		6.77404e+06		266.377		
00:00:18:500		1.41013e+07		-1.63888		0		0		6.77554e+06		268.635		
00:00:18:399		1.41121e+07		-1.62617		0		0		6.77707e+06		270.756		
00:00:18:300		1.41231e+07		-1.61339		0		0		6.77862e+06		272.997		
00:00:18:199		1.41341e+07		-1.60045		0		0		6.7802e+06		275.098		
00:00:18:100		1.41445e+07		-1.58734		0		0		6.78181e+06		277.338		
00:00:18:100		1.41445e+07		-1.58734		0		0		6.78181e+06		277.338		
00:00:18:000		1.41545e+07		-1.57408		0		0		6.78344e+06		279.76		
00:00:17:800		1.41738e+07		-1.54741		0		0		6.78679e+06		284.376		
00:00:17:800		1.41738e+07		-1.54741		0		0		6.78679e+06		284.376		
00:00:17:699		1.41834e+07		-1.53399		0		0		6.78851e+06		286.605		
00:00:17:600		1.41931e+07		-1.52052		0		0		6.79025e+06		288.779		
00:00:17:449		1.42075e+07		-1.50019		0		0		6.79291e+06		292.235		
00:00:17:399		1.42124e+07		-1.49339		0		0		6.79381e+06		293.357		
00:00:17:300		1.4222e+07		-1.47975		0		0		6.79564e+06		295.944		
00:00:17:050		1.42462e+07		-1.44544		0		0		6.80025e+06		301.019		
00:00:17:050		1.42462e+07		-1.44544		0		0		6.80025e+06		301.019		
00:00:16:949		1.42559e+07		-1.43163		0		0		6.80184e+06		302.371		
00:00:16:800		1.42704e+07		-1.41082		0		0		6.80429e+06		305.081		
00:00:16:649		1.42849e+07		-1.38991		0		0		6.8071e+06		308.342		
00:00:16:649		1.42849e+07		-1.38991		0		0		6.8071e+06		308.342		
00:00:16:550		1.42945e+07		-1.37591		0		0		6.80904e+06		310.507		
00:00:16:449		1.43041e+07		-1.36186		0		0		6.81101e+06		312.777		
00:00:16:350		1.43138e+07		-1.34776		0		0		6.813e+06		314.982		
00:00:16:250		1.43234e+07		-1.33361		0		0		6.81499e+06		317		
00:00:16:050		1.43425e+07		-1.30515		0		0		6.81888e+06		320.696		
00:00:16:050		1.43425e+07		-1.30515		0		0		6.81888e+06		320.696		
00:00:15:949		1.4352e+07		-1.29083		0		0		6.82082e+06		322.848		
00:00:15:849		1.43615e+07		-1.27646		0		0		6.82276e+06		325.264		
00:00:15:750		1.43709e+07		-1.26204		0		0		6.82471e+06		327.407		
00:00:15:650		1.43803e+07		-1.24755		0		0		6.82667e+06		329.442		
00:00:15:550		1.43897e+07		-1.23301		0		0		6.82867e+06		331.37		
00:00:15:449		1.4399e+07		-1.21841		0		0		6.83065e+06		333.084		
00:00:15:349		1.44082e+07		-1.20375		0		0		6.83265e+06		334.681		
00:00:15:250		1.44174e+07		-1.18902		0.0664228		0		6.83464e+06		336.134		
00:00:15:099		1.44308e+07		-1.16679		0.265597		0		6.83759e+06		338.322		
00:00:15:099		1.44308e+07		-1.16679		0.265597		0		6.83759e+06		338.322		
00:00:14:949		1.44438e+07		-1.14439		0.462102		0		6.84064e+06		340.986		
00:00:14:849		1.4452e+07		-1.12936		0.590411		0		6.84269e+06		342.741		
00:00:14:750		1.44599e+07		-1.11432		0.715852		0		6.84475e+06		344.526		
00:00:14:650		1.44679e+07		-1.09931		0.837649		0		6.84682e+06		346.135		
00:00:14:550		1.44761e+07		-1.08434		0.955312		0		6.84888e+06		347.88		
00:00:14:449		1.44845e+07		-1.06943		1.06845		0		6.85096e+06		349.513		
00:00:14:349		1.44932e+07		-1.05458		1.17646		0		6.85305e+06		351.317		
00:00:14:250		1.45024e+07		-1.03978		1.27925		0		6.85515e+06		353.204		
00:00:14:050		1.45208e+07		-1.00988		1.46818		0		6.85938e+06		356.592		
00:00:14:050		1.45208e+07		-1.00988		1.46818		0		6.85938e+06		356.592		
00:00:13:949		1.45297e+07		-0.99478		1.55441		0		6.86151e+06		358.426		
00:00:13:849		1.45378e+07		-0.97958		1.63489		0		6.86365e+06		360.225		
00:00:13:750		1.45452e+07		-0.964282		1.70935		0		6.86578e+06		361.914		
00:00:13:650		1.45522e+07		-0.949103		1.77749		0		6.86789e+06		363.34		
00:00:13:550		1.45596e+07		-0.93406		1.84137		0		6.86998e+06		364.907		
00:00:13:449		1.45674e+07		-0.91917		1.90303		0		6.87205e+06		366.242		
00:00:13:349		1.45758e+07		-0.904449		1.96333		0		6.87409e+06		367.607		
00:00:13:199		1.45898e+07		-0.882601		2.05329		0		6.87715e+06		369.58		
00:00:13:099		1.45997e+07		-0.868068		2.1174		0		6.87921e+06		370.99		
00:00:13:000		1.46094e+07		-0.853534		2.17764		0		6.88131e+06		372.507		
00:00:12:900		1.46191e+07		-0.838997		2.22778		0		6.88343e+06		373.953		
00:00:12:849		1.4624e+07		-0.831725		2.25616		0		6.88449e+06		374.64		
00:00:12:750		1.46337e+07		-0.817181		2.29927		0		6.88661e+06		376.047		
00:00:12:599		1.46484e+07		-0.79537		2.35944		0		6.88978e+06		377.948		
00:00:12:500		1.46581e+07		-0.780837		2.39739		0		6.8919e+06		379.388		
00:00:12:400		1.46679e+07		-0.766315		2.43169		0		6.89404e+06		380.796		
00:00:12:300		1.46776e+07		-0.751805		2.46405		0		6.8962e+06		382.136		
00:00:12:199		1.46873e+07		-0.737309		2.4944		0		6.89839e+06		383.496		
00:00:12:000		1.47066e+07		-0.708369		2.55015		0		6.90285e+06		386.187		
00:00:12:000		1.47066e+07		-0.708369		2.55015		0		6.90285e+06		386.187		
00:00:11:900		1.47163e+07		-0.693927		2.57603		0		6.90506e+06		387.423		
00:00:11:800		1.47259e+07		-0.679523		2.60026		0		6.90726e+06		388.703		
00:00:11:699		1.47356e+07		-0.665148		2.62316		0		6.90943e+06		389.894		
00:00:11:599		1.47452e+07		-0.650806		2.64493		0		6.91159e+06		391.176		
00:00:11:500		1.47548e+07		-0.636499		2.66552		0		6.91372e+06		392.481		
00:00:11:400		1.47644e+07		-0.622232		2.68523		0		6.91583e+06		393.751		
00:00:11:300		1.4774e+07		-0.608005		2.70386		0		6.91792e+06		395.023		
00:00:11:199		1.47835e+07		-0.59383		2.72159		0		6.91998e+06		396.273		
00:00:11:000		1.48026e+07		-0.56564		2.75391		0		6.92403e+06		399.031		
00:00:11:000		1.48026e+07		-0.56564		2.75391		0		6.92403e+06		399.031		
00:00:10:900		1.48121e+07		-0.551629		2.76855		0		6.92601e+06		400.324		
00:00:10:800		1.48216e+07		-0.537676		2.78238		0		6.92795e+06		401.605		
00:00:10:699		1.4831e+07		-0.523787		2.79569		0		6.92985e+06		402.899		
00:00:10:599		1.48405e+07		-0.509973		2.80848		0		6.9317e+06		404.192		
00:00:10:500		1.48499e+07		-0.496232		2.82097		0		6.93351e+06		405.525		
00:00:10:400		1.48593e+07		-0.48257		2.83211		0		6.93527e+06		406.766		
00:00:10:300		1.48687e+07		-0.468987		2.84239		0		6.93698e+06		408.127		
00:00:10:199		1.48782e+07		-0.455486		2.85266		0		6.93864e+06		409.453		
00:00:10:199		1.48782e+07		-0.455486		2.85266		0		6.93864e+06		409.453		
00:00:10:000		1.4897e+07		-0.428755		2.87306		0		6.9418e+06		411.916		
00:00:09:900		1.49064e+07		-0.415528		2.87961		0		6.9433e+06		413.266		
00:00:09:800		1.49158e+07		-0.402389		2.88792		0		6.94473e+06		414.517		
00:00:09:699		1.49252e+07		-0.38935		2.89527		0		6.94609e+06		415.719		
00:00:09:599		1.49346e+07		-0.376413		2.90231		0		6.94738e+06		416.898		
00:00:09:500		1.4944e+07		-0.363578		2.90861		0		6.94861e+06		418.029		
00:00:09:500		1.4944e+07		-0.363578		2.90861		0		6.94861e+06		418.029		
00:00:09:400		1.49534e+07		-0.350865		2.91389		0		6.94976e+06		418.928		
00:00:09:300		1.49628e+07		-0.338268		2.91938		0		6.95082e+06		419.362		
00:00:09:099		1.49816e+07		-0.313406		2.93135		0		6.95265e+06		419.884		
00:00:08:949		1.49958e+07		-0.295021		2.93552		0		6.95376e+06		420.159		
00:00:08:949		1.49958e+07		-0.295021		2.93552		0		6.95376e+06		420.159		
00:00:08:849		1.50053e+07		-0.282903		2.93909		0		6.95438e+06		420.314		
00:00:08:750		1.50149e+07		-0.270919		2.94044		0		6.9549e+06		420.448		
00:00:08:699		1.50197e+07		-0.264967		2.94318		0		6.95512e+06		420.533		
00:00:08:550		1.50342e+07		-0.247275		2.94693		0		6.95564e+06		420.751		
00:00:08:449		1.50439e+07		-0.23561		2.94836		0		6.95587e+06		420.917		
00:00:08:349		1.50536e+07		-0.224038		2.94884		0		6.95603e+06		421.169		
00:00:08:250		1.50634e+07		-0.212547		2.94846		0		6.95616e+06		421.621		
00:00:08:099		1.50782e+07		-0.195467		2.9484		0		6.9564e+06		422.698		
00:00:08:099		1.50782e+07		-0.195467		2.9484		0		6.9564e+06		422.698		
00:00:08:000		1.50881e+07		-0.184136		2.9468		0		6.95653e+06		423.378		
00:00:07:849		1.51019e+07		-0.16712		2.94436		0		6.9565e+06		424.112		
00:00:07:750		1.51104e+07		-0.155904		2.94267		0		6.95633e+06		424.362		
00:00:07:650		1.51191e+07		-0.144808		2.93987		0		6.95603e+06		424.439		
00:00:07:450		1.5136e+07		-0.122984		2.9324		0		6.95502e+06		424.485		
00:00:07:450		1.5136e+07		-0.122984		2.9324		0		6.95502e+06		424.485		
00:00:07:349		1.51446e+07		-0.112295		2.92775		0		6.95433e+06		424.483		
00:00:07:250		1.51533e+07		-0.10176		2.92308		0		6.95353e+06		424.558		
00:00:07:049		1.51709e+07		-0.081193		2.91354		0		6.95157e+06		424.682		
00:00:07:049		1.51709e+07		-0.081193		2.91354		0		6.95157e+06		424.682		
00:00:06:950		1.51799e+07		-0.071105		2.90319		0		6.95042e+06		424.749		
00:00:06:849		1.51889e+07		-0.0611329		2.8951		0		6.94918e+06		424.851		
00:00:06:750		1.51979e+07		-0.0512829		2.88785		0		6.94784e+06		424.852		
00:00:06:650		1.52068e+07		-0.0415573		2.87975		0		6.94639e+06		424.93		
00:00:06:549		1.52157e+07		-0.0319567		2.8706		0		6.94486e+06		425.086		
00:00:06:450		1.52246e+07		-0.0224867		2.85903		0		6.94322e+06		425.176		
00:00:06:349		1.52335e+07		-0.013155		2.84773		13.9051		6.94147e+06		425.035		
00:00:06:250		1.52423e+07		-0.00396633		2.83882		25.6714		6.93961e+06		424.978		
00:00:06:150		1.52511e+07		0.00507355		2.82886		34.6886		6.93764e+06		424.916		
00:00:06:049		1.52598e+07		0.0139523		2.81735		44.6304		6.93554e+06		424.841		
00:00:05:950		1.52685e+07		0.022665		2.7986		53.7845		6.93331e+06		424.531		
00:00:05:849		1.52771e+07		0.0311985		2.78209		62.3886		6.93093e+06		424.143		
00:00:05:750		1.52856e+07		0.0395522		2.77278		70.8044		6.92836e+06		423.404		
00:00:05:650		1.52942e+07		0.0477424		2.76998		79.0182		6.92557e+06		422.141		
00:00:05:549		1.53029e+07		0.0557637		2.75982		86.8144		6.92251e+06		419.952		
00:00:05:450		1.53118e+07		0.0635729		2.73059		94.3724		6.9191e+06		415.708		
00:00:05:349		1.53207e+07		0.071094		2.69936		102.003		6.91528e+06		406.977		
00:00:05:250		1.53293e+07		0.0782318		2.69101		109.684		6.91101e+06		395.968		
00:00:05:150		1.53373e+07		0.0849314		2.71156		117.105		6.90631e+06		384.9		
00:00:05:049		1.53444e+07		0.091279		2.71444		124.388		6.90119e+06		374.46		
00:00:04:950		1.53509e+07		0.0975132		2.65382		132.076		6.89571e+06		363.171		
00:00:04:849		1.53579e+07		0.103517		2.57734		140.697		6.88989e+06		352.184		
00:00:04:700		1.53698e+07		0.112309		2.63229		158.104		6.88084e+06		335.807		
00:00:04:599		1.5378e+07		0.117843		2.74782		178.771		6.87481e+06		325.827		
00:00:04:500		1.53861e+07		0.123091		2.78922		215.611		6.86901e+06		318.275		
00:00:04:400		1.5394e+07		0.128044		2.82351		264.942		6.86384e+06		317.184		
00:00:04:299		1.54018e+07		0.132685		2.85153		314.107		6.85983e+06		332.909		
00:00:04:200		1.54094e+07		0.136991		2.86951		358.928		6.85762e+06		382.879		
00:00:04:099		1.54167e+07		0.140923		2.87996		397.992		6.85749e+06		481.198		
00:00:04:000		1.54235e+07		0.144447		2.88782		431.003		6.8589e+06		578.311		
00:00:03:899		1.54298e+07		0.147537		2.89043		458.188		6.86118e+06		625.634		
00:00:03:799		1.54353e+07		0.15019		2.88906		480.113		6.86408e+06		665.23		
00:00:03:700		1.54399e+07		0.152437		2.88514		497.369		6.86721e+06		691.23		
00:00:03:600		1.54436e+07		0.154334		2.88077		510.217		6.87028e+06		686.024		
00:00:03:500		1.54465e+07		0.155963		2.87411		518.03		6.87327e+06		680.661		
00:00:03:399		1.54487e+07		0.15741		2.86551		520.2		6.87623e+06		677.504		
00:00:03:299		1.54507e+07		0.158752		2.85851		520.219		6.87922e+06		677.82		
00:00:03:200		1.54525e+07		0.160035		2.85776		520.17		6.88224e+06		678.141		
00:00:03:100		1.54542e+07		0.161263		2.85705		520.121		6.8853e+06		678.501		
00:00:03:000		1.54559e+07		0.16244		2.85613		520.07		6.8884e+06		678.823		
00:00:02:899		1.54575e+07		0.163572		2.85496		520.014		6.89153e+06		679.272		
00:00:02:799		1.54592e+07		0.164661		2.85342		519.962		6.89469e+06		679.655		
00:00:02:700		1.54608e+07		0.165713		2.8518		519.913		6.89789e+06		678.679		
00:00:02:600		1.54626e+07		0.166726		2.84999		519.875		6.90114e+06		680.485		
00:00:02:500		1.54644e+07		0.167696		2.84821		519.859		6.90444e+06		680.97		
00:00:02:399		1.54663e+07		0.168617		2.84655		519.872		6.90778e+06		681.5		
00:00:02:399		1.54663e+07		0.168617		2.84655		519.872		6.90778e+06		681.5		
00:00:02:299		1.54682e+07		0.169473		2.84513		519.934		6.91117e+06		682.012		
00:00:02:200		1.54702e+07		0.17025		2.84415		520.055		6.91459e+06		682.629		
00:00:02:000		1.54737e+07		0.171503		2.84298		520.577		6.92151e+06		683.727		
00:00:02:000		1.54737e+07		0.171503		2.84298		520.577		6.92151e+06		683.727		
00:00:01:899		1.54752e+07		0.171959		2.84254		521.019		6.92494e+06		684.086		
00:00:01:800		1.54764e+07		0.172303		2.84194		521.615		6.92828e+06		683.92		
00:00:01:649		1.54776e+07		0.172629		2.84098		522.852		6.93298e+06		683.02		
00:00:01:550		1.54781e+07		0.172747		2.84008		523.946		6.93665e+06		683.263		
00:00:01:449		1.54785e+07		0.17281		2.83917		525.234		6.94065e+06		683.169		
00:00:01:350		1.54786e+07		0.172838		2.83811		526.61		6.94471e+06		682.844		
00:00:01:250		1.54786e+07		0.172847		2.83704		527.955		6.94878e+06		681.852		
00:00:00:949		1.54786e+07		0.17284		2.83561		530.182		6.95976e+06		668.834		
00:00:00:949		1.54786e+07		0.17284		2.83561		530.182		6.95976e+06		668.834		
00:00:00:949		1.54786e+07		0.17284		2.83561		530.182		6.95976e+06		668.834		
00:00:00:849		1.54786e+07		0.172839		2.83566		530.203		6.9624e+06		656.761		
00:00:00:750		1.54786e+07		0.17284		2.8357		530.203		6.96416e+06		636.203		
00:00:00:650		1.54786e+07		0.172839		2.83569		530.206		6.96486e+06		602.385		
00:00:00:550		1.54786e+07		0.17284		2.83569		530.21		6.96486e+06		526.824		
00:00:00:450		1.54786e+07		0.17284		2.83569		530.212		6.96485e+06		526.824		
00:00:00:349		1.54786e+07		0.17284		2.83573		530.216		6.96485e+06		526.834		
00:00:00:250		1.54786e+07		0.17284		2.83572		530.219		6.96484e+06		526.825		
00:00:00:149		1.54785e+07		0.17284		2.83572		530.221		6.96484e+06		526.824		
00:00:00:050		1.54785e+07		0.17284		2.83567		530.223		6.96484e+06		526.826		
00:00:00:000		1.54785e+07		0.17284		2.83571		530.225		6.96483e+06		526.826		
00:00:00:000		1.54785e+07		0.17284		2.83571		530.225		6.96483e+06		526.826		
00:00:00:000		1.54785e+07		0.17284		2.83571		530.225		6.96483e+06		526.826		
00:00:00:000		1.54785e+07		0.17284		2.83571		530.225		6.96483e+06		526.826		
00:00:00:000		1.54785e+07		0.17284		2.83571		530.225		6.96483e+06		526.826		
