	time 		rcpppzr	rcp054rcp007mnzoyout	rcv501std0102fvol	fwfrcp001gv	rcppmssga	msfsg(1)	
00:01:02:350		1.01381e+07		-5.86056		0		0		2.66507e+06		573.895		
00:01:02:250		1.01495e+07		-5.86086		0		0		2.66962e+06		575.201		
00:01:02:149		1.01609e+07		-5.86096		0		0		2.67282e+06		575.937		
00:01:02:149		1.01609e+07		-5.86096		0		0		2.67282e+06		575.937		
00:01:02:049		1.01721e+07		-5.86082		0		0		2.6755e+06		577.072		
00:01:01:899		1.01887e+07		-5.86012		0		0		2.6791e+06		577.766		
00:01:01:799		1.01998e+07		-5.8593		0		0		2.678e+06		576.042		
00:01:01:649		1.02164e+07		-5.85752		0		0		2.68163e+06		576.658		
00:01:01:500		1.0233e+07		-5.8551		0		0		2.68814e+06		577.895		
00:01:01:500		1.0233e+07		-5.8551		0		0		2.68814e+06		577.895		
00:01:01:399		1.0244e+07		-5.85317		0		0		2.69304e+06		579.095		
00:01:01:350		1.02494e+07		-5.85211		0		0		2.69565e+06		579.844		
00:01:01:200		1.02657e+07		-5.84867		0		0		2.70337e+06		582.384		
00:01:01:100		1.02765e+07		-5.8462		0		0		2.70732e+06		583.36		
00:01:01:000		1.02873e+07		-5.84368		0		0		2.70979e+06		584.026		
00:01:00:899		1.0298e+07		-5.84116		0		0		2.71267e+06		585.493		
00:01:00:799		1.03086e+07		-5.83873		0		0		2.71438e+06		585.12		
00:01:00:600		1.03299e+07		-5.83442		0		0		2.71531e+06		583.671		
00:01:00:600		1.03299e+07		-5.83442		0		0		2.71531e+06		583.671		
00:01:00:500		1.03405e+07		-5.83271		0		0		2.72003e+06		584.754		
00:01:00:399		1.03511e+07		-5.83106		0		0		2.72512e+06		586.023		
00:01:00:299		1.03616e+07		-5.82935		0		0		2.73025e+06		587.476		
00:01:00:200		1.03721e+07		-5.82757		0		0		2.73512e+06		588.995		
00:01:00:100		1.03825e+07		-5.82573		0		0		2.73924e+06		590.191		
00:01:00:000		1.03928e+07		-5.82382		0		0		2.74214e+06		590.99		
00:00:59:950		1.03979e+07		-5.82284		0		0		2.7435e+06		591.635		
00:00:59:850		1.04082e+07		-5.82083		0		0		2.74609e+06		592.415		
00:00:59:750		1.04184e+07		-5.81875		0		0		2.74657e+06		591.464		
00:00:59:649		1.04286e+07		-5.8166		0		0		2.74642e+06		590.127		
00:00:59:549		1.04388e+07		-5.81439		0		0		2.74962e+06		591.091		
00:00:59:450		1.0449e+07		-5.8121		0		0		2.75516e+06		592.571		
00:00:59:350		1.04592e+07		-5.80975		0		0		2.76034e+06		593.976		
00:00:59:250		1.04693e+07		-5.80734		0		0		2.76484e+06		595.243		
00:00:59:149		1.04793e+07		-5.80485		0		0		2.76895e+06		596.597		
00:00:59:049		1.04893e+07		-5.8023		0		0		2.77218e+06		597.56		
00:00:58:950		1.04992e+07		-5.79969		0		0		2.77471e+06		598.391		
00:00:58:850		1.05091e+07		-5.797		0		0		2.77616e+06		598.461		
00:00:58:649		1.05289e+07		-5.79144		0		0		2.77746e+06		596.697		
00:00:58:649		1.05289e+07		-5.79144		0		0		2.77746e+06		596.697		
00:00:58:549		1.05387e+07		-5.78857		0		0		2.78246e+06		598.496		
00:00:58:399		1.05535e+07		-5.78413		0		0		2.79024e+06		600.418		
00:00:58:299		1.05632e+07		-5.7811		0		0		2.79433e+06		601.695		
00:00:58:200		1.0573e+07		-5.77802		0		0		2.79852e+06		603.084		
00:00:58:100		1.05826e+07		-5.77487		0		0		2.80132e+06		603.764		
00:00:58:000		1.05923e+07		-5.77167		0		0		2.80318e+06		604.201		
00:00:57:899		1.06019e+07		-5.76843		0		0		2.80512e+06		604.577		
00:00:57:799		1.06115e+07		-5.76513		0		0		2.80568e+06		603.23		
00:00:57:700		1.06211e+07		-5.76178		0		0		2.80724e+06		603.211		
00:00:57:600		1.06307e+07		-5.75838		0		0		2.8124e+06		605.102		
00:00:57:500		1.06402e+07		-5.75493		0		0		2.81752e+06		606.205		
00:00:57:399		1.06497e+07		-5.75143		0		0		2.82148e+06		607.377		
00:00:57:299		1.06592e+07		-5.74788		0		0		2.82586e+06		608.945		
00:00:57:200		1.06686e+07		-5.74428		0		0		2.82875e+06		609.428		
00:00:57:100		1.0678e+07		-5.74062		0		0		2.83048e+06		609.677		
00:00:57:000		1.06874e+07		-5.73691		0		0		2.83301e+06		610.551		
00:00:56:899		1.06967e+07		-5.73314		0		0		2.83466e+06		609.794		
00:00:56:700		1.07151e+07		-5.72547		0		0		2.84014e+06		611.063		
00:00:56:700		1.07151e+07		-5.72547		0		0		2.84014e+06		611.063		
00:00:56:600		1.07243e+07		-5.72156		0		0		2.8452e+06		612.181		
00:00:56:600		1.07243e+07		-5.72156		0		0		2.8452e+06		612.181		
00:00:56:450		1.0738e+07		-5.71561		0		0		2.85063e+06		613.485		
00:00:56:399		1.0747e+07		-5.71158		0		0		2.85499e+06		614.979		
00:00:56:250		1.0756e+07		-5.7075		0		0		2.8583e+06		615.908		
00:00:56:049		1.0774e+07		-5.69919		0		0		2.86202e+06		616.549		
00:00:56:049		1.0774e+07		-5.69919		0		0		2.86202e+06		616.549		
00:00:55:950		1.0783e+07		-5.69496		0		0		2.86521e+06		617.243		
00:00:55:850		1.07919e+07		-5.69068		0		0		2.86612e+06		616.319		
00:00:55:600		1.08142e+07		-5.67975		0		0		2.87541e+06		618.687		
00:00:55:600		1.08142e+07		-5.67975		0		0		2.87541e+06		618.687		
00:00:55:600		1.08142e+07		-5.67975		0		0		2.87541e+06		618.687		
00:00:55:450		1.08275e+07		-5.67304		0		0		2.88062e+06		619.715		
00:00:55:350		1.08363e+07		-5.66851		0		0		2.88491e+06		621.186		
00:00:55:250		1.08451e+07		-5.66393		0		0		2.8886e+06		622.124		
00:00:55:149		1.08539e+07		-5.6593		0		0		2.89163e+06		623.253		
00:00:55:049		1.08627e+07		-5.6546		0		0		2.89372e+06		623.245		
00:00:54:950		1.08714e+07		-5.64986		0		0		2.89533e+06		624.12		
00:00:54:850		1.08802e+07		-5.64505		0		0		2.89726e+06		623.623		
00:00:54:649		1.08979e+07		-5.63524		0		0		2.90115e+06		624.095		
00:00:54:649		1.08979e+07		-5.63524		0		0		2.90115e+06		624.095		
00:00:54:549		1.09067e+07		-5.63024		0		0		2.90576e+06		625.225		
00:00:54:450		1.09155e+07		-5.62518		0		0		2.90922e+06		625.825		
00:00:54:350		1.09244e+07		-5.62005		0		0		2.9132e+06		627.228		
00:00:54:250		1.09333e+07		-5.61486		0		0		2.9171e+06		628.123		
00:00:54:149		1.09422e+07		-5.60962		0		0		2.91979e+06		628.789		
00:00:54:049		1.0951e+07		-5.60432		0		0		2.92261e+06		629.55		
00:00:53:950		1.09598e+07		-5.59897		0		0		2.92501e+06		630.238		
00:00:53:850		1.09686e+07		-5.59357		0		0		2.92743e+06		631.02		
00:00:53:649		1.0986e+07		-5.5826		0		0		2.92953e+06		630.197		
00:00:53:649		1.0986e+07		-5.5826		0		0		2.92953e+06		630.197		
00:00:53:549		1.09947e+07		-5.57705		0		0		2.93181e+06		630.734		
00:00:53:399		1.10076e+07		-5.56864		0		0		2.93764e+06		632.047		
00:00:53:299		1.10162e+07		-5.56296		0		0		2.94116e+06		633.227		
00:00:53:200		1.10248e+07		-5.55724		0		0		2.94483e+06		634.063		
00:00:53:100		1.10333e+07		-5.55147		0		0		2.94748e+06		634.494		
00:00:53:000		1.10417e+07		-5.54565		0		0		2.95008e+06		634.825		
00:00:52:899		1.10502e+07		-5.53977		0		0		2.95275e+06		635.114		
00:00:52:799		1.10585e+07		-5.53385		0		0		2.95648e+06		636.399		
00:00:52:700		1.10669e+07		-5.52787		0		0		2.96099e+06		638.362		
00:00:52:600		1.10752e+07		-5.52184		0		0		2.96435e+06		639.266		
00:00:52:500		1.10835e+07		-5.51576		0		0		2.96445e+06		638.373		
00:00:52:399		1.10917e+07		-5.50962		0		0		2.96508e+06		637.927		
00:00:52:299		1.10999e+07		-5.50342		0		0		2.96763e+06		638.643		
00:00:52:200		1.11081e+07		-5.49717		0		0		2.97148e+06		639.583		
00:00:52:100		1.11162e+07		-5.49085		0		0		2.97462e+06		640.572		
00:00:52:000		1.11244e+07		-5.48448		0		0		2.97822e+06		641.627		
00:00:51:899		1.11324e+07		-5.47804		0		0		2.98024e+06		641.675		
00:00:51:799		1.11405e+07		-5.47154		0		0		2.98213e+06		641.709		
00:00:51:700		1.11485e+07		-5.46495		0		0		2.98471e+06		642.305		
00:00:51:600		1.11564e+07		-5.45829		0		0		2.98855e+06		643.684		
00:00:51:500		1.11643e+07		-5.45157		0		0		2.99214e+06		645.003		
00:00:51:399		1.11721e+07		-5.44478		0		0		2.99426e+06		645.068		
00:00:51:299		1.11799e+07		-5.43793		0		0		2.9956e+06		645.929		
00:00:51:200		1.11877e+07		-5.43101		0		0		2.99742e+06		646.221		
00:00:51:100		1.11954e+07		-5.42402		0		0		2.99717e+06		644.934		
00:00:51:000		1.12032e+07		-5.41696		0		0		2.99809e+06		644.353		
00:00:51:000		1.12032e+07		-5.41696		0		0		2.99809e+06		644.353		
00:00:50:899		1.12109e+07		-5.40984		0		0		3.00052e+06		643.85		
00:00:50:799		1.12187e+07		-5.40267		0		0		3.00569e+06		645.492		
00:00:50:600		1.12343e+07		-5.38817		0		0		3.01885e+06		648.87		
00:00:50:600		1.12343e+07		-5.38817		0		0		3.01885e+06		648.87		
00:00:50:500		1.12421e+07		-5.38087		0		0		3.02396e+06		650.295		
00:00:50:399		1.12498e+07		-5.37355		0		0		3.02928e+06		652.177		
00:00:50:299		1.12576e+07		-5.36622		0		0		3.03397e+06		654.182		
00:00:50:200		1.12691e+07		-5.35521		0		0		3.03696e+06		654.503		
00:00:50:049		1.12767e+07		-5.34785		0		0		3.03762e+06		654.556		
00:00:49:950		1.12843e+07		-5.34049		0		0		3.03761e+06		653.445		
00:00:49:850		1.12919e+07		-5.3331		0		0		3.03922e+06		653.602		
00:00:49:649		1.1307e+07		-5.31826		0		0		3.04546e+06		653.236		
00:00:49:549		1.13147e+07		-5.3108		0		0		3.0519e+06		655.424		
00:00:49:549		1.13147e+07		-5.3108		0		0		3.0519e+06		655.424		
00:00:49:450		1.13223e+07		-5.30329		0		0		3.05936e+06		657.247		
00:00:49:350		1.13299e+07		-5.29576		0		0		3.065e+06		658.325		
00:00:49:250		1.13375e+07		-5.28818		0		0		3.07063e+06		659.985		
00:00:49:149		1.13451e+07		-5.28057		0		0		3.07708e+06		662.912		
00:00:49:049		1.13528e+07		-5.27292		0		0		3.0828e+06		665.376		
00:00:48:950		1.13603e+07		-5.26523		0		0		3.08326e+06		663.896		
00:00:48:850		1.13678e+07		-5.25751		0		0		3.08235e+06		663.223		
00:00:48:750		1.13753e+07		-5.24975		0		0		3.08408e+06		663.16		
00:00:48:649		1.13828e+07		-5.24194		0		0		3.08736e+06		663.766		
00:00:48:549		1.13903e+07		-5.2341		0		0		3.09087e+06		663.815		
00:00:48:450		1.13978e+07		-5.22622		0		0		3.09471e+06		664.124		
00:00:48:350		1.14053e+07		-5.2183		0		0		3.10075e+06		666.046		
00:00:48:250		1.14128e+07		-5.21034		0		0		3.10736e+06		667.46		
00:00:48:149		1.14204e+07		-5.20234		0		0		3.11267e+06		668.621		
00:00:48:049		1.14279e+07		-5.19431		0		0		3.11858e+06		670.856		
00:00:47:950		1.14354e+07		-5.18623		0		0		3.12515e+06		674.31		
00:00:47:799		1.14465e+07		-5.17405		0		0		3.12762e+06		672.984		
00:00:47:649		1.14576e+07		-5.16176		0		0		3.1266e+06		671.974		
00:00:47:649		1.14576e+07		-5.16176		0		0		3.1266e+06		671.974		
00:00:47:549		1.14651e+07		-5.15351		0		0		3.13066e+06		672.813		
00:00:47:450		1.14725e+07		-5.14523		0		0		3.135e+06		673.441		
00:00:47:350		1.148e+07		-5.1369		0		0		3.13901e+06		673.587		
00:00:47:250		1.14874e+07		-5.12853		0		0		3.14398e+06		674.71		
00:00:47:100		1.14986e+07		-5.11591		0		0		3.1542e+06		677.217		
00:00:47:000		1.15061e+07		-5.10747		0		0		3.15984e+06		678.381		
00:00:46:899		1.15136e+07		-5.09901		0		0		3.16615e+06		680.937		
00:00:46:799		1.15211e+07		-5.09054		0		0		3.1737e+06		685.095		
00:00:46:700		1.15285e+07		-5.08206		0		0		3.17676e+06		684.774		
00:00:46:600		1.15359e+07		-5.07357		0		0		3.1731e+06		681.617		
00:00:46:500		1.15434e+07		-5.06506		0		0		3.1737e+06		681.621		
00:00:46:399		1.15509e+07		-5.05656		0		0		3.17844e+06		682.674		
00:00:46:299		1.15584e+07		-5.04804		0		0		3.18355e+06		683.64		
00:00:46:200		1.15659e+07		-5.03952		0		0		3.1882e+06		684.031		
00:00:46:100		1.15734e+07		-5.03097		0		0		3.19337e+06		685.146		
00:00:46:000		1.1581e+07		-5.02241		0		0		3.20021e+06		686.853		
00:00:45:899		1.15886e+07		-5.01382		0		0		3.20643e+06		688.114		
00:00:45:799		1.15962e+07		-5.0052		0		0		3.21282e+06		690.311		
00:00:45:700		1.16037e+07		-4.99657		0		0		3.2205e+06		694.581		
00:00:45:600		1.16112e+07		-4.98791		0		0		3.22546e+06		695.843		
00:00:45:500		1.16186e+07		-4.97922		0		0		3.22228e+06		692.382		
00:00:45:399		1.16261e+07		-4.9705		0		0		3.22098e+06		691.204		
00:00:45:399		1.16261e+07		-4.9705		0		0		3.22098e+06		691.204		
00:00:45:200		1.16411e+07		-4.95295		0		0		3.23114e+06		693.597		
00:00:45:200		1.16411e+07		-4.95295		0		0		3.23114e+06		693.597		
00:00:45:049		1.16524e+07		-4.9397		0		0		3.2389e+06		694.593		
00:00:44:950		1.166e+07		-4.93082		0		0		3.24485e+06		695.952		
00:00:44:850		1.16676e+07		-4.92191		0		0		3.25189e+06		697.581		
00:00:44:799		1.16714e+07		-4.91745		0		0		3.2552e+06		698.257		
00:00:44:549		1.16903e+07		-4.89509		0		0		3.27362e+06		706.711		
00:00:44:549		1.16903e+07		-4.89509		0		0		3.27362e+06		706.711		
00:00:44:450		1.16978e+07		-4.88611		0		0		3.27273e+06		704.164		
00:00:44:350		1.17053e+07		-4.87709		0		0		3.26923e+06		701.444		
00:00:44:250		1.17128e+07		-4.86803		0		0		3.27122e+06		701.906		
00:00:44:149		1.17204e+07		-4.85894		0		0		3.27705e+06		703.086		
00:00:43:950		1.17355e+07		-4.84069		0		0		3.28846e+06		704.831		
00:00:43:950		1.17355e+07		-4.84069		0		0		3.28846e+06		704.831		
00:00:43:850		1.17431e+07		-4.83153		0		0		3.29513e+06		706.445		
00:00:43:649		1.17583e+07		-4.81311		0		0		3.3099e+06		710.905		
00:00:43:549		1.17658e+07		-4.80386		0		0		3.31869e+06		715.773		
00:00:43:450		1.17734e+07		-4.79459		0		0		3.32305e+06		716.445		
00:00:43:450		1.17734e+07		-4.79459		0		0		3.32305e+06		716.445		
00:00:43:350		1.17809e+07		-4.78529		0		0		3.31935e+06		713.093		
00:00:43:250		1.17885e+07		-4.77594		0		0		3.31782e+06		711.31		
00:00:43:149		1.17961e+07		-4.76657		0		0		3.32201e+06		712.505		
00:00:43:049		1.18036e+07		-4.75719		0		0		3.32809e+06		713.537		
00:00:42:950		1.18112e+07		-4.74779		0		0		3.33409e+06		714.383		
00:00:42:850		1.18187e+07		-4.73837		0		0		3.34055e+06		715.604		
00:00:42:750		1.18262e+07		-4.72892		0		0		3.34838e+06		717.677		
00:00:42:649		1.18337e+07		-4.71943		0		0		3.35646e+06		720.137		
00:00:42:500		1.18451e+07		-4.70516		0		0		3.36915e+06		726.699		
00:00:42:399		1.18526e+07		-4.69563		0		0		3.37198e+06		726.315		
00:00:42:299		1.18602e+07		-4.68608		0		0		3.36813e+06		723.281		
00:00:42:200		1.18678e+07		-4.67652		0		0		3.36723e+06		721.652		
00:00:42:100		1.18753e+07		-4.66695		0		0		3.3719e+06		722.986		
00:00:42:000		1.18829e+07		-4.65738		0		0		3.37807e+06		723.854		
00:00:41:899		1.18904e+07		-4.64783		0		0		3.38413e+06		724.601		
00:00:41:799		1.18979e+07		-4.63834		0		0		3.39128e+06		726.094		
00:00:41:700		1.19052e+07		-4.62884		0		0		3.4e+06		728.622		
00:00:41:600		1.19125e+07		-4.61931		0		0		3.40912e+06		732.411		
00:00:41:500		1.19199e+07		-4.60977		0		0		3.41824e+06		737.108		
00:00:41:399		1.19273e+07		-4.60022		0		0		3.42108e+06		736.687		
00:00:41:299		1.19346e+07		-4.59068		0		0		3.41766e+06		734.108		
00:00:41:200		1.1942e+07		-4.58112		0		0		3.41674e+06		732.094		
00:00:41:100		1.19493e+07		-4.57154		0		0		3.4205e+06		733.205		
00:00:41:000		1.19566e+07		-4.56195		0		0		3.42716e+06		734.224		
00:00:40:899		1.19639e+07		-4.55233		0		0		3.43329e+06		734.854		
00:00:40:799		1.19712e+07		-4.54268		0		0		3.44037e+06		736.329		
00:00:40:700		1.19785e+07		-4.53297		0		0		3.44964e+06		739.432		
00:00:40:600		1.19858e+07		-4.52322		0		0		3.45953e+06		744.093		
00:00:40:500		1.19932e+07		-4.51343		0		0		3.46758e+06		747.568		
00:00:40:399		1.20006e+07		-4.50362		0		0		3.46745e+06		745.566		
00:00:40:299		1.2008e+07		-4.49379		0		0		3.46504e+06		743.398		
00:00:40:200		1.20154e+07		-4.48394		0		0		3.46542e+06		742.111		
00:00:40:100		1.20228e+07		-4.4741		0		0		3.47101e+06		743.683		
00:00:40:000		1.20302e+07		-4.46425		0		0		3.47781e+06		744.636		
00:00:39:899		1.20376e+07		-4.45441		0		0		3.48439e+06		745.451		
00:00:39:799		1.2045e+07		-4.44455		0		0		3.49251e+06		747.738		
00:00:39:799		1.2045e+07		-4.44455		0		0		3.49251e+06		747.738		
00:00:39:600		1.20598e+07		-4.4248		0		0		3.51252e+06		756.926		
00:00:39:600		1.20598e+07		-4.4248		0		0		3.51252e+06		756.926		
00:00:39:399		1.20746e+07		-4.40506		0		3.46914		3.51246e+06		754.21		
00:00:39:299		1.2082e+07		-4.39521		0		0		3.51222e+06		752.244		
00:00:39:299		1.2082e+07		-4.39521		0		0		3.51222e+06		752.244		
00:00:39:200		1.20894e+07		-4.38535		0		0		3.5155e+06		752.918		
00:00:39:100		1.20968e+07		-4.37549		0		0		3.52264e+06		754.144		
00:00:39:000		1.21042e+07		-4.36564		0		0		3.52947e+06		755.04		
00:00:38:850		1.21152e+07		-4.35082		0		0		3.54221e+06		759.078		
00:00:38:750		1.21226e+07		-4.34092		0		0		3.55309e+06		764.424		
00:00:38:549		1.21373e+07		-4.32108		0		0		3.55849e+06		764.336		
00:00:38:549		1.21373e+07		-4.32108		0		0		3.55849e+06		764.336		
00:00:38:450		1.21445e+07		-4.31116		0		0		3.55822e+06		762.774		
00:00:38:250		1.2159e+07		-4.29132		0		0		3.56575e+06		763.355		
00:00:38:250		1.2159e+07		-4.29132		0		0		3.56575e+06		763.355		
00:00:38:149		1.21663e+07		-4.28138		0		0		3.57316e+06		764.47		
00:00:38:049		1.21736e+07		-4.27141		0		0		3.5808e+06		766.094		
00:00:37:950		1.21808e+07		-4.26142		0		0		3.59076e+06		770.675		
00:00:37:850		1.21881e+07		-4.25142		0		0		3.60137e+06		775.489		
00:00:37:750		1.21954e+07		-4.24142		0		0		3.60408e+06		774.546		
00:00:37:549		1.22099e+07		-4.22143		0		0		3.6032e+06		771.357		
00:00:37:549		1.22099e+07		-4.22143		0		0		3.6032e+06		771.357		
00:00:37:350		1.22245e+07		-4.20148		0		0		3.61541e+06		773.517		
00:00:37:350		1.22245e+07		-4.20148		0		0		3.61541e+06		773.517		
00:00:37:250		1.22317e+07		-4.19154		0		0		3.62346e+06		775.559		
00:00:37:149		1.2239e+07		-4.18162		0		0		3.63376e+06		780.596		
00:00:37:049		1.22463e+07		-4.17172		0		0		3.64304e+06		784.154		
00:00:36:950		1.22536e+07		-4.16183		0		0		3.64382e+06		782.559		
00:00:36:850		1.22609e+07		-4.15197		0		0		3.64358e+06		781.867		
00:00:36:649		1.22756e+07		-4.13225		0		0		3.64898e+06		780.862		
00:00:36:500		1.22866e+07		-4.11741		0		11.6401		3.66105e+06		783.188		
00:00:36:500		1.22866e+07		-4.11741		0		11.6401		3.66105e+06		783.188		
00:00:36:399		1.2294e+07		-4.10746		0		0		3.66971e+06		786.096		
00:00:36:299		1.23013e+07		-4.09746		0		0		3.68088e+06		791.835		
00:00:36:250		1.2305e+07		-4.09243		0		0		3.68554e+06		793.311		
00:00:36:100		1.2316e+07		-4.07724		0		0		3.68606e+06		790.476		
00:00:36:000		1.23233e+07		-4.06701		0		0		3.68706e+06		789.128		
00:00:35:899		1.23306e+07		-4.05669		0		0		3.69154e+06		789.805		
00:00:35:799		1.23379e+07		-4.04629		0		0		3.70081e+06		792.822		
00:00:35:700		1.23452e+07		-4.03583		0		0		3.71045e+06		797.122		
00:00:35:600		1.23525e+07		-4.02534		0		0		3.71817e+06		799.505		
00:00:35:500		1.23599e+07		-4.01488		0		0		3.71886e+06		798.282		
00:00:35:450		1.23636e+07		-4.00967		0		0		3.71911e+06		798.063		
00:00:35:350		1.23709e+07		-3.99934		0		0		3.72107e+06		796.997		
00:00:35:200		1.23819e+07		-3.98414		0		0		3.72726e+06		797.32		
00:00:35:149		1.23856e+07		-3.97917		0		10.9957		3.73172e+06		798.396		
00:00:35:000		1.23967e+07		-3.96455		0		0		3.74569e+06		802.944		
00:00:34:899		1.2404e+07		-3.95506		0		0		3.75665e+06		808.065		
00:00:34:799		1.24114e+07		-3.94573		0		0		3.76127e+06		807.619		
00:00:34:700		1.24187e+07		-3.93651		0		0		3.76015e+06		805.677		
00:00:34:600		1.2426e+07		-3.92736		0		0		3.76282e+06		804.873		
00:00:34:500		1.24334e+07		-3.91823		0		0		3.76884e+06		806.512		
00:00:34:399		1.24407e+07		-3.90907		0		0		3.77912e+06		810.687		
00:00:34:299		1.24481e+07		-3.89987		0		0		3.78851e+06		814.482		
00:00:34:200		1.24555e+07		-3.89059		0		0		3.79182e+06		813.918		
00:00:34:100		1.24628e+07		-3.88122		0		0		3.79229e+06		813.12		
00:00:34:000		1.24702e+07		-3.87176		0		0		3.79468e+06		812.005		
00:00:33:899		1.24776e+07		-3.86221		0		0		3.79893e+06		812.072		
00:00:33:799		1.2485e+07		-3.85256		0		0		3.80784e+06		814.554		
00:00:33:700		1.24924e+07		-3.84282		0		0		3.81807e+06		818.478		
00:00:33:600		1.24998e+07		-3.833		0		0		3.82872e+06		823.172		
00:00:33:500		1.25073e+07		-3.82311		0		0		3.83296e+06		822.673		
00:00:33:399		1.25147e+07		-3.81315		0		0		3.83237e+06		820.891		
00:00:33:299		1.25222e+07		-3.80314		0		0		3.83508e+06		819.985		
00:00:33:200		1.25296e+07		-3.79307		0		0		3.84126e+06		821.545		
00:00:33:100		1.2537e+07		-3.78294		0		0		3.85189e+06		825.71		
00:00:33:000		1.25444e+07		-3.77277		0		0		3.86179e+06		829.774		
00:00:32:899		1.25519e+07		-3.76255		0		0		3.86609e+06		829.615		
00:00:32:799		1.25593e+07		-3.75229		0		0		3.86658e+06		828.594		
00:00:32:799		1.25593e+07		-3.75229		0		0		3.86658e+06		828.594		
00:00:32:600		1.25741e+07		-3.73169		0		0		3.87384e+06		827.684		
00:00:32:500		1.25816e+07		-3.72135		0		0		3.88306e+06		830.442		
00:00:32:500		1.25816e+07		-3.72135		0		0		3.88306e+06		830.442		
00:00:32:399		1.25891e+07		-3.711		0		0		3.89388e+06		834.801		
00:00:32:299		1.25965e+07		-3.70063		0		0		3.90423e+06		838.948		
00:00:32:200		1.2604e+07		-3.69026		0		0		3.90732e+06		837.823		
00:00:32:049		1.26152e+07		-3.67467		0		0		3.90883e+06		835.932		
00:00:31:949		1.26226e+07		-3.66425		0		0		3.91364e+06		836.041		
00:00:31:850		1.26301e+07		-3.65381		0		0		3.92297e+06		839.486		
00:00:31:750		1.26375e+07		-3.64336		0		0		3.93434e+06		844.239		
00:00:31:550		1.26524e+07		-3.62239		0		0		3.94359e+06		844.992		
00:00:31:550		1.26524e+07		-3.62239		0		0		3.94359e+06		844.992		
00:00:31:449		1.26599e+07		-3.61189		0		0		3.94512e+06		844.087		
00:00:31:350		1.26674e+07		-3.60137		0		0		3.94917e+06		843.497		
00:00:31:250		1.26748e+07		-3.59084		0		0		3.95641e+06		845.242		
00:00:31:149		1.26823e+07		-3.5803		0		0		3.96756e+06		849.123		
00:00:31:050		1.26898e+07		-3.56975		0		0		3.97874e+06		853.965		
00:00:30:949		1.26973e+07		-3.55918		0		0		3.98546e+06		854.996		
00:00:30:850		1.27047e+07		-3.54859		0		0		3.98599e+06		853.361		
00:00:30:750		1.27122e+07		-3.53798		0		0		3.98842e+06		852.497		
00:00:30:550		1.27272e+07		-3.51668		0		0		4.00319e+06		856.127		
00:00:30:550		1.27272e+07		-3.51668		0		0		4.00319e+06		856.127		
00:00:30:449		1.27347e+07		-3.50599		0		0		4.01464e+06		860.481		
00:00:30:350		1.27422e+07		-3.49528		0		0		4.023e+06		863.035		
00:00:30:250		1.27497e+07		-3.48456		0		0		4.02583e+06		862.033		
00:00:30:149		1.27573e+07		-3.47382		0		0		4.02779e+06		861.25		
00:00:30:050		1.27649e+07		-3.46306		0		10.2876		4.0322e+06		860.725		
00:00:29:949		1.27724e+07		-3.45228		0		0		4.03977e+06		862.608		
00:00:29:850		1.27801e+07		-3.44148		0		0		4.05161e+06		866.834		
00:00:29:649		1.27953e+07		-3.41982		0		0		4.06919e+06		871.851		
00:00:29:500		1.28067e+07		-3.40352		0		0		4.07193e+06		870.216		
00:00:29:500		1.28067e+07		-3.40352		0		0		4.07193e+06		870.216		
00:00:29:399		1.28144e+07		-3.39262		0		0		4.07753e+06		870.539		
00:00:29:300		1.2822e+07		-3.3817		0		11.2244		4.08596e+06		872.91		
00:00:29:199		1.28297e+07		-3.37076		0		0		4.09704e+06		876.941		
00:00:29:100		1.28374e+07		-3.35978		0		0		4.10622e+06		879.73		
00:00:29:000		1.28451e+07		-3.34878		0		0		4.11101e+06		879.364		
00:00:28:899		1.28528e+07		-3.33776		0		0		4.11391e+06		878.984		
00:00:28:800		1.28605e+07		-3.32671		0		0		4.12047e+06		880.249		
00:00:28:699		1.28682e+07		-3.31565		0		0		4.12889e+06		882.56		
00:00:28:600		1.2876e+07		-3.30456		0		0		4.13786e+06		884.914		
00:00:28:500		1.28837e+07		-3.29346		0		0		4.14545e+06		886.906		
00:00:28:399		1.28915e+07		-3.28234		0		0		4.15219e+06		887.918		
00:00:28:300		1.28993e+07		-3.2712		0		11.3535		4.15669e+06		887.287		
00:00:28:199		1.29071e+07		-3.26003		0		0		4.16448e+06		889.947		
00:00:28:100		1.29149e+07		-3.24885		0		0		4.17459e+06		892.917		
00:00:28:000		1.29227e+07		-3.23765		0		0		4.18239e+06		895.131		
00:00:27:899		1.29306e+07		-3.22642		0		10.0084		4.18962e+06		897.115		
00:00:27:800		1.29385e+07		-3.21518		0		0		4.1931e+06		896.685		
00:00:27:699		1.29464e+07		-3.20391		0		0		4.19815e+06		897.513		
00:00:27:600		1.29543e+07		-3.19263		0		0		4.20362e+06		898.59		
00:00:27:500		1.29622e+07		-3.18132		0		11.6716		4.21092e+06		900.488		
00:00:27:399		1.29701e+07		-3.16999		0		0		4.21764e+06		901.55		
00:00:27:300		1.2978e+07		-3.15864		0		0		4.2241e+06		903.089		
00:00:27:199		1.2986e+07		-3.14726		0		0		4.23169e+06		905.493		
00:00:27:100		1.29939e+07		-3.13586		0		0		4.23858e+06		906.842		
00:00:27:100		1.29939e+07		-3.13586		0		0		4.23858e+06		906.842		
00:00:27:000		1.30019e+07		-3.12442		0		9.8667		4.24168e+06		905.822		
00:00:26:850		1.30139e+07		-3.10722		0		0		4.25242e+06		909.256		
00:00:26:750		1.30219e+07		-3.09572		0		0		4.2598e+06		910.345		
00:00:26:600		1.3034e+07		-3.07843		0		0		4.26876e+06		911.352		
00:00:26:449		1.30461e+07		-3.06108		0		11.6716		4.28295e+06		916.901		
00:00:26:449		1.30461e+07		-3.06108		0		11.6716		4.28295e+06		916.901		
00:00:26:350		1.30542e+07		-3.04948		0		0		4.29017e+06		917.242		
00:00:26:250		1.30623e+07		-3.03786		0		0		4.29231e+06		916.604		
00:00:26:149		1.30704e+07		-3.02622		0		0		4.29926e+06		918.623		
00:00:26:050		1.30785e+07		-3.01456		0		0		4.30663e+06		919.431		
00:00:25:850		1.30947e+07		-2.99114		0		10.7634		4.3221e+06		922.861		
00:00:25:750		1.31029e+07		-2.97938		0		10.5614		4.33262e+06		926.775		
00:00:25:750		1.31029e+07		-2.97938		0		10.5614		4.33262e+06		926.775		
00:00:25:550		1.31192e+07		-2.95578		0		10.4935		4.34406e+06		927.618		
00:00:25:550		1.31192e+07		-2.95578		0		10.4935		4.34406e+06		927.618		
00:00:25:449		1.31274e+07		-2.94393		0		10.4935		4.34935e+06		928.542		
00:00:25:350		1.31357e+07		-2.93204		0		10.3566		4.35692e+06		929.974		
00:00:25:250		1.31439e+07		-2.92012		0		10.7634		4.36489e+06		931.296		
00:00:25:149		1.31522e+07		-2.90817		0		11.3535		4.37315e+06		933.133		
00:00:25:050		1.31605e+07		-2.89617		0		11.8595		4.38361e+06		937.023		
00:00:24:949		1.31688e+07		-2.88416		0		10.1487		4.3933e+06		940.006		
00:00:24:850		1.31772e+07		-2.87211		0		11.0286		4.39699e+06		938.72		
00:00:24:649		1.31939e+07		-2.84793		0		11.2244		4.40907e+06		940.847		
00:00:24:550		1.32023e+07		-2.83578		0		11.3535		4.41718e+06		942.292		
00:00:24:550		1.32023e+07		-2.83578		0		11.3535		4.41718e+06		942.292		
00:00:24:449		1.32107e+07		-2.82361		0		12.2286		4.42549e+06		943.811		
00:00:24:350		1.32191e+07		-2.81141		0		12.2893		4.43561e+06		947.492		
00:00:24:199		1.32318e+07		-2.79305		0		0		4.44965e+06		951.002		
00:00:24:100		1.32402e+07		-2.78078		0		0		4.45254e+06		950.159		
00:00:24:000		1.32488e+07		-2.76847		0		0		4.45851e+06		951.202		
00:00:23:899		1.32573e+07		-2.75614		0		0		4.4665e+06		952.726		
00:00:23:800		1.32658e+07		-2.74379		0		0		4.4749e+06		954.166		
00:00:23:699		1.32744e+07		-2.73141		0		0		4.48356e+06		956.125		
00:00:23:600		1.32831e+07		-2.719		0		0		4.49442e+06		960.149		
00:00:23:500		1.32917e+07		-2.70656		0		0		4.50425e+06		962.92		
00:00:23:399		1.33004e+07		-2.69408		0		0		4.50817e+06		961.825		
00:00:23:300		1.33091e+07		-2.68157		0		0		4.5133e+06		962.58		
00:00:23:199		1.33178e+07		-2.66902		0		0		4.52117e+06		964.141		
00:00:23:100		1.33266e+07		-2.65644		0		0		4.5297e+06		965.727		
00:00:23:000		1.33354e+07		-2.64382		0		0		4.53835e+06		967.206		
00:00:22:899		1.33442e+07		-2.63116		0		0		4.54849e+06		970.766		
00:00:22:800		1.3353e+07		-2.61847		0		0		4.55931e+06		974.573		
00:00:22:699		1.33618e+07		-2.60574		0		0		4.56575e+06		974.153		
00:00:22:600		1.33707e+07		-2.59296		0		0		4.56951e+06		974.305		
00:00:22:500		1.33796e+07		-2.58014		0		0		4.57695e+06		975.743		
00:00:22:399		1.33885e+07		-2.56728		0		0		4.58553e+06		977.376		
00:00:22:399		1.33885e+07		-2.56728		0		0		4.58553e+06		977.376		
00:00:22:250		1.3402e+07		-2.54792		0		11.0286		4.59884e+06		979.802		
00:00:22:100		1.34155e+07		-2.52848		0		0		4.6153e+06		985.736		
00:00:22:000		1.34245e+07		-2.51547		0		0		4.62408e+06		986.985		
00:00:21:899		1.34335e+07		-2.50244		0		0		4.62761e+06		986.484		
00:00:21:800		1.34425e+07		-2.48938		0		0		4.63427e+06		987.636		
00:00:21:800		1.34425e+07		-2.48938		0		0		4.63427e+06		987.636		
00:00:21:600		1.34606e+07		-2.46315		0		0		4.65182e+06		990.958		
00:00:21:600		1.34606e+07		-2.46315		0		0		4.65182e+06		990.958		
00:00:21:449		1.34742e+07		-2.44337		0		11.8595		4.66603e+06		994.626		
00:00:21:350		1.34833e+07		-2.43013		0		13.85		4.67762e+06		998.78		
00:00:21:250		1.34924e+07		-2.41685		0		10.8966		4.68607e+06		999.577		
00:00:21:149		1.35015e+07		-2.40351		0		17.5539		4.68968e+06		999.302		
00:00:21:050		1.35107e+07		-2.39013		0		11.2891		4.69676e+06		1000.55		
00:00:20:850		1.35292e+07		-2.36323		0		11.7971		4.71474e+06		1003.89		
00:00:20:750		1.35385e+07		-2.34972		0		12.5298		4.72409e+06		1005.92		
00:00:20:750		1.35385e+07		-2.34972		0		12.5298		4.72409e+06		1005.92		
00:00:20:550		1.35572e+07		-2.32254		0		11.3535		4.74604e+06		1012.84		
00:00:20:550		1.35572e+07		-2.32254		0		11.3535		4.74604e+06		1012.84		
00:00:20:449		1.35666e+07		-2.30889		0		11.9216		4.75072e+06		1012.04		
00:00:20:350		1.3576e+07		-2.29518		0		12.0451		4.75673e+06		1012.92		
00:00:20:250		1.35855e+07		-2.28143		0		12.1676		4.7653e+06		1014.65		
00:00:20:149		1.3595e+07		-2.26763		0		12.0451		4.77459e+06		1016.42		
00:00:20:050		1.36045e+07		-2.2538		0		10.1487		4.784e+06		1017.99		
00:00:19:949		1.3614e+07		-2.23992		0		13.1739		4.7945e+06		1021.54		
00:00:19:850		1.36236e+07		-2.22602		0		11.9834		4.80636e+06		1025.58		
00:00:19:750		1.36332e+07		-2.21209		0		12.5298		4.81375e+06		1025.54		
00:00:19:550		1.36525e+07		-2.18412		0		12.7079		4.82605e+06		1027.26		
00:00:19:550		1.36525e+07		-2.18412		0		12.7079		4.82605e+06		1027.26		
00:00:19:449		1.36622e+07		-2.17011		0		12.8257		4.83525e+06		1029.03		
00:00:19:350		1.36719e+07		-2.15609		0		10.3566		4.84469e+06		1030.68		
00:00:19:250		1.36815e+07		-2.14205		0		11.2244		4.85433e+06		1032.89		
00:00:19:149		1.36912e+07		-2.12802		0		13.3454		4.86625e+06		1037.23		
00:00:19:050		1.3701e+07		-2.114		0		10.1487		4.87666e+06		1039.59		
00:00:18:899		1.37156e+07		-2.09299		0		10.6291		4.88415e+06		1039.36		
00:00:18:800		1.37255e+07		-2.079		0		10.7634		4.89218e+06		1040.83		
00:00:18:699		1.37353e+07		-2.06504		0		10.8302		4.90151e+06		1042.65		
00:00:18:500		1.37551e+07		-2.03718		0		11.8595		4.92123e+06		1047.14		
00:00:18:500		1.37551e+07		-2.03718		0		11.8595		4.92123e+06		1047.14		
00:00:18:449		1.37601e+07		-2.03023		0		11.4815		4.92727e+06		1049.58		
00:00:18:300		1.3775e+07		-2.00945		0		11.3535		4.94213e+06		1052.08		
00:00:18:199		1.37851e+07		-1.99565		0		11.4176		4.94664e+06		1052.22		
00:00:18:100		1.37951e+07		-1.9819		0		11.5452		4.95473e+06		1053.68		
00:00:18:000		1.38053e+07		-1.9682		0		11.9216		4.96423e+06		1055.57		
00:00:17:899		1.38154e+07		-1.95454		0		12.8257		4.9741e+06		1057.64		
00:00:17:800		1.38256e+07		-1.94095		0		11.6716		4.985e+06		1061.6		
00:00:17:600		1.38461e+07		-1.91393		0		12.47		5.00098e+06		1063.51		
00:00:17:500		1.38563e+07		-1.90051		0		13.0007		5.00945e+06		1064.99		
00:00:17:500		1.38563e+07		-1.90051		0		13.0007		5.00945e+06		1064.99		
00:00:17:399		1.38667e+07		-1.88716		0		13.1164		5.0188e+06		1067.22		
00:00:17:300		1.38771e+07		-1.87387		0		13.0007		5.02906e+06		1069.74		
00:00:17:199		1.38875e+07		-1.86066		0		13.2884		5.03784e+06		1071.11		
00:00:17:100		1.38981e+07		-1.84752		0		13.4588		5.0464e+06		1072.81		
00:00:17:100		1.38981e+07		-1.84752		0		13.4588		5.0464e+06		1072.81		
00:00:16:899		1.39193e+07		-1.82139		0		13.85		5.06523e+06		1076.82		
00:00:16:899		1.39193e+07		-1.82139		0		13.85		5.06523e+06		1076.82		
00:00:16:800		1.393e+07		-1.80838		0		14.015		5.07484e+06		1078.79		
00:00:16:550		1.39572e+07		-1.77587		0		14.5012		5.09809e+06		1083.5		
00:00:16:550		1.39572e+07		-1.77587		0		14.5012		5.09809e+06		1083.5		
00:00:16:449		1.39683e+07		-1.76283		0		14.6076		5.10761e+06		1085.49		
00:00:16:399		1.39739e+07		-1.7563		0		14.7659		5.11239e+06		1086.47		
00:00:16:300		1.39852e+07		-1.74319		0		14.975		5.12186e+06		1088.39		
00:00:16:199		1.39967e+07		-1.73001		0		15.1818		5.13137e+06		1090.33		
00:00:16:050		1.40144e+07		-1.7101		0		15.4371		5.14576e+06		1093.28		
00:00:15:949		1.40265e+07		-1.6967		0		15.639		5.15539e+06		1095.24		
00:00:15:900		1.40327e+07		-1.68996		0		15.6892		5.16021e+06		1096.21		
00:00:15:750		1.40518e+07		-1.66958		0		15.938		5.1748e+06		1099.19		
00:00:15:550		1.40782e+07		-1.64213		0		16.3783		5.19445e+06		1103.19		
00:00:15:550		1.40782e+07		-1.64213		0		16.3783		5.19445e+06		1103.19		
00:00:15:449		1.40914e+07		-1.62824		0		16.5709		5.20435e+06		1105.21		
00:00:15:349		1.41046e+07		-1.61423		0		16.7618		5.2143e+06		1107.25		
00:00:15:250		1.41176e+07		-1.60005		0		16.9979		5.2243e+06		1109.29		
00:00:15:050		1.41424e+07		-1.57107		0		17.3702		5.2444e+06		1113.39		
00:00:15:050		1.41424e+07		-1.57107		0		17.3702		5.2444e+06		1113.39		
00:00:14:949		1.41537e+07		-1.55628		0		17.5082		5.2545e+06		1115.45		
00:00:14:849		1.41645e+07		-1.54141		0		17.7361		5.26464e+06		1117.51		
00:00:14:750		1.41753e+07		-1.52644		0		17.9617		5.27484e+06		1119.58		
00:00:14:500		1.42017e+07		-1.48881		0		18.45		5.30054e+06		1124.8		
00:00:14:500		1.42017e+07		-1.48881		0		18.45		5.30054e+06		1124.8		
00:00:14:449		1.42069e+07		-1.48127		0		18.5814		5.30572e+06		1125.85		
00:00:14:349		1.42177e+07		-1.46609		0		18.7986		5.31612e+06		1127.95		
00:00:14:250		1.42282e+07		-1.45085		0		19.0137		5.32658e+06		1130.07		
00:00:14:099		1.42439e+07		-1.42793		0		19.2269		5.34238e+06		1133.26		
00:00:14:000		1.42543e+07		-1.41267		0		19.4381		5.35299e+06		1135.41		
00:00:13:900		1.4265e+07		-1.39737		0		19.6474		5.36366e+06		1137.57		
00:00:13:800		1.42758e+07		-1.38201		0		19.7721		5.3744e+06		1139.75		
00:00:13:699		1.42865e+07		-1.36662		0		20.1015		5.38519e+06		1141.93		
00:00:13:500		1.43078e+07		-1.33567		0		20.507		5.40691e+06		1146.31		
00:00:13:500		1.43078e+07		-1.33567		0		20.507		5.40691e+06		1146.31		
00:00:13:400		1.43185e+07		-1.32012		0		20.7072		5.4179e+06		1148.52		
00:00:13:349		1.43238e+07		-1.31233		0		20.7869		5.42342e+06		1149.64		
00:00:13:250		1.43344e+07		-1.29671		0		20.9849		5.43453e+06		1151.88		
00:00:13:150		1.43449e+07		-1.28103		0.132657		21.1813		5.44571e+06		1154.13		
00:00:13:050		1.43554e+07		-1.2653		0.264983		21.3762		5.45697e+06		1156.39		
00:00:12:900		1.43711e+07		-1.24159		0.461163		21.6081		5.47402e+06		1159.82		
00:00:12:800		1.43815e+07		-1.22572		0.589408		21.7998		5.48549e+06		1162.12		
00:00:12:699		1.43918e+07		-1.20979		0.714833		21.99		5.49706e+06		1164.43		
00:00:12:599		1.44021e+07		-1.1938		0.836844		22.1035		5.50873e+06		1166.77		
00:00:12:500		1.44122e+07		-1.17774		0.954826		22.2916		5.5205e+06		1169.12		
00:00:12:400		1.44222e+07		-1.16163		1.06837		22.4038		5.53239e+06		1171.51		
00:00:12:300		1.4432e+07		-1.14544		1.17713		22.5526		5.54439e+06		1173.92		
00:00:12:199		1.44415e+07		-1.12919		1.28099		22.6637		5.55646e+06		1176.34		
00:00:12:099		1.44508e+07		-1.11294		1.3794		22.7743		5.56861e+06		1178.76		
00:00:12:000		1.44604e+07		-1.09675		1.47256		22.8845		5.58086e+06		1181.2		
00:00:11:900		1.44705e+07		-1.08059		1.56047		22.9577		5.59323e+06		1183.65		
00:00:11:900		1.44705e+07		-1.08059		1.56047		22.9577		5.59323e+06		1183.65		
00:00:11:800		1.4481e+07		-1.06437		1.64302		23.0307		5.60575e+06		1186.14		
00:00:11:550		1.45052e+07		-1.02332		1.82376		23.2123		5.6377e+06		1192.52		
00:00:11:550		1.45052e+07		-1.02332		1.82376		23.2123		5.6377e+06		1192.52		
00:00:11:449		1.45143e+07		-1.00676		1.88882		23.2846		5.65072e+06		1195.13		
00:00:11:250		1.45304e+07		-0.973267		2.01629		28.4309		5.67714e+06		1200.51		
00:00:11:250		1.45304e+07		-0.973267		2.01629		28.4309		5.67714e+06		1200.51		
00:00:11:150		1.45377e+07		-0.95661		2.08116		34.7902		5.69046e+06		1203.25		
00:00:11:050		1.45452e+07		-0.94011		2.14769		39.3217		5.70379e+06		1205.99		
00:00:10:949		1.45532e+07		-0.923786		2.20976		42.7105		5.71711e+06		1208.71		
00:00:10:849		1.45618e+07		-0.907659		2.26366		45.2537		5.73043e+06		1211.43		
00:00:10:800		1.45663e+07		-0.899672		2.29292		46.3015		5.7371e+06		1212.8		
00:00:10:599		1.45867e+07		-0.868103		2.38081		49.5054		5.76384e+06		1218.31		
00:00:10:599		1.45867e+07		-0.868103		2.38081		49.5054		5.76384e+06		1218.31		
00:00:10:500		1.45974e+07		-0.852377		2.42114		50.5616		5.77718e+06		1221.04		
00:00:10:349		1.46134e+07		-0.828804		2.4776		51.9857		5.79708e+06		1225.06		
00:00:10:250		1.4624e+07		-0.813089		2.51278		52.7883		5.81041e+06		1227.75		
00:00:10:150		1.46347e+07		-0.797377		2.54641		53.4943		5.82382e+06		1230.49		
00:00:10:050		1.46454e+07		-0.781676		2.57858		54.0563		5.83732e+06		1233.27		
00:00:09:949		1.4656e+07		-0.76599		2.6096		54.5625		5.85083e+06		1236.05		
00:00:09:849		1.46666e+07		-0.750324		2.63741		54.9976		5.8643e+06		1238.82		
00:00:09:750		1.46772e+07		-0.734679		2.66352		55.3634		5.8777e+06		1241.54		
00:00:09:650		1.46878e+07		-0.719058		2.68821		55.7269		5.89106e+06		1244.24		
00:00:09:550		1.46983e+07		-0.70346		2.7118		56.0226		5.90442e+06		1246.93		
00:00:09:449		1.47089e+07		-0.687893		2.73442		56.3006		5.91783e+06		1249.64		
00:00:09:349		1.47194e+07		-0.672373		2.75586		56.5449		5.93129e+06		1252.36		
00:00:09:250		1.47298e+07		-0.656891		2.77617		56.7881		5.94479e+06		1255.09		
00:00:09:150		1.47403e+07		-0.64145		2.7952		56.9659		5.95831e+06		1257.82		
00:00:09:050		1.47507e+07		-0.626055		2.81326		57.1271		5.97186e+06		1260.56		
00:00:08:949		1.47611e+07		-0.610708		2.83026		57.2878		5.98543e+06		1263.29		
00:00:08:849		1.47715e+07		-0.595416		2.8466		57.4		5.99901e+06		1266.03		
00:00:08:750		1.47818e+07		-0.580186		2.8626		57.5441		6.01261e+06		1268.78		
00:00:08:550		1.47922e+07		-0.565018		2.87773		57.6559		6.02625e+06		1271.55		
00:00:08:550		1.48025e+07		-0.549915		2.89167		57.7675		6.0399e+06		1274.31		
00:00:08:400		1.48179e+07		-0.527383		2.91128		57.8312		6.06023e+06		1278.39		
00:00:08:300		1.48281e+07		-0.512459		2.92316		57.8471		6.07373e+06		1281.05		
00:00:08:199		1.48383e+07		-0.497616		2.93442		57.7834		6.08723e+06		1283.66		
00:00:08:099		1.48485e+07		-0.482862		2.94555		57.7834		6.10079e+06		1286.27		
00:00:08:000		1.48586e+07		-0.468198		2.95612		57.7834		6.1145e+06		1288.9		
00:00:07:900		1.48688e+07		-0.45363		2.9659		57.7197		6.12838e+06		1291.52		
00:00:07:799		1.48789e+07		-0.439163		2.97562		57.624		6.14244e+06		1294.11		
00:00:07:599		1.48992e+07		-0.410517		2.99231		57.3199		6.17149e+06		1299.4		
00:00:07:500		1.49093e+07		-0.396347		2.99968		57.111		6.18678e+06		1302.28		
00:00:07:500		1.49093e+07		-0.396347		2.99968		57.111		6.18678e+06		1302.28		
00:00:07:400		1.49194e+07		-0.382288		3.00653		56.869		6.20272e+06		1305.39		
00:00:07:299		1.49296e+07		-0.368341		3.01306		56.268		6.21912e+06		1308.65		
00:00:07:200		1.49397e+07		-0.354516		3.0194		55.5124		6.23577e+06		1311.98		
00:00:07:150		1.49447e+07		-0.347658		3.0225		55.1143		6.24414e+06		1313.65		
00:00:07:049		1.49549e+07		-0.334032		3.02838		54.1579		6.26098e+06		1317.01		
00:00:06:900		1.49701e+07		-0.313822		3.03691		52.5627		6.28639e+06		1322.08		
00:00:06:799		1.49804e+07		-0.300482		3.04129		51.456		6.30345e+06		1325.48		
00:00:06:700		1.49907e+07		-0.287266		3.04392		50.3086		6.32057e+06		1328.88		
00:00:06:599		1.50011e+07		-0.274189		3.04699		49.1178		6.33776e+06		1332.29		
00:00:06:500		1.50116e+07		-0.261243		3.0506		47.8618		6.35502e+06		1335.71		
00:00:06:400		1.50222e+07		-0.248418		3.05333		46.5552		6.37237e+06		1339.14		
00:00:06:299		1.5033e+07		-0.235708		3.05473		45.0936		6.38978e+06		1342.56		
00:00:06:200		1.50439e+07		-0.223101		3.05589		43.4422		6.40725e+06		1345.96		
00:00:06:099		1.5055e+07		-0.210569		3.05592		41.3203		6.42478e+06		1349.34		
00:00:06:000		1.50662e+07		-0.19811		3.05501		38.6807		6.44234e+06		1352.6		
00:00:05:900		1.50773e+07		-0.185631		3.05403		37.8187		6.45998e+06		1355.76		
00:00:05:900		1.50773e+07		-0.185631		3.05403		37.8187		6.45998e+06		1355.76		
00:00:05:799		1.50874e+07		-0.173045		3.0534		37.3691		6.47804e+06		1359.08		
00:00:05:599		1.51049e+07		-0.148221		3.04778		33.2627		6.51558e+06		1365.73		
00:00:05:450		1.51183e+07		-0.130085		3.04082		30.06		6.54386e+06		1369.23		
00:00:05:450		1.51183e+07		-0.130085		3.04082		30.06		6.54386e+06		1369.23		
00:00:05:349		1.51274e+07		-0.11823		3.03531		27.9721		6.56241e+06		1368.98		
00:00:05:250		1.51367e+07		-0.106574		3.02966		26.0343		6.58045e+06		1363.15		
00:00:05:150		1.51462e+07		-0.0951056		3.02161		24.2775		6.59763e+06		1343.95		
00:00:05:049		1.5156e+07		-0.0838141		3.01151		22.7006		6.61364e+06		1287.55		
00:00:04:849		1.5176e+07		-0.0617013		2.99105		19.9374		6.64226e+06		1182.09		
00:00:04:849		1.5176e+07		-0.0617013		2.99105		19.9374		6.64226e+06		1182.09		
00:00:04:750		1.51859e+07		-0.0508475		2.98107		18.7553		6.65505e+06		1135.42		
00:00:04:549		1.52061e+07		-0.0296197		2.9564		17.1383		6.67805e+06		1055.38		
00:00:04:549		1.52061e+07		-0.0296197		2.9564		17.1383		6.67805e+06		1055.38		
00:00:04:450		1.5216e+07		-0.0192485		2.94117		19.0565		6.68844e+06		1021.75		
00:00:04:299		1.52308e+07		-0.00399637		2.92196		33.8135		6.70283e+06		978.423		
00:00:04:299		1.52308e+07		-0.00399637		2.92196		33.8135		6.70283e+06		978.423		
00:00:04:150		1.52455e+07		0.0108876		2.9036		46.8463		6.71603e+06		942.484		
00:00:04:049		1.52553e+07		0.0205965		2.88487		54.6464		6.72425e+06		921.971		
00:00:03:950		1.5265e+07		0.0301175		2.86237		62.0618		6.73205e+06		903.75		
00:00:03:850		1.52747e+07		0.0394077		2.8438		69.2229		6.73948e+06		887.448		
00:00:03:750		1.52843e+07		0.0484533		2.83492		76.2226		6.74655e+06		872.692		
00:00:03:549		1.53032e+07		0.0658731		2.8027		89.7346		6.75969e+06		846.133		
00:00:03:549		1.53032e+07		0.0658731		2.8027		89.7346		6.75969e+06		846.133		
00:00:03:450		1.53127e+07		0.0742841		2.76519		96.2047		6.76578e+06		833.318		
00:00:03:350		1.53224e+07		0.0824766		2.73871		102.457		6.77152e+06		819.902		
00:00:03:250		1.53323e+07		0.090374		2.74473		108.589		6.77691e+06		805.083		
00:00:03:149		1.5342e+07		0.0978608		2.75617		114.736		6.78197e+06		791.121		
00:00:03:049		1.53512e+07		0.104836		2.72976		120.571		6.78674e+06		778.009		
00:00:02:950		1.53592e+07		0.111332		2.64044		126.039		6.79125e+06		765.805		
00:00:02:799		1.53699e+07		0.120447		2.58522		134.44		6.79765e+06		749.505		
00:00:02:700		1.53777e+07		0.126468		2.70314		140.677		6.80177e+06		740.441		
00:00:02:600		1.53865e+07		0.132385		2.77615		148.104		6.80592e+06		733.494		
00:00:02:500		1.53954e+07		0.138047		2.81035		159.781		6.81023e+06		729.74		
00:00:02:399		1.54042e+07		0.14347		2.83693		182.85		6.8149e+06		730.656		
00:00:02:299		1.54132e+07		0.148671		2.85611		222.3		6.82015e+06		739.117		
00:00:02:200		1.54224e+07		0.153625		2.86859		267.723		6.82629e+06		759.588		
00:00:02:100		1.5432e+07		0.158246		2.87548		312.804		6.83367e+06		798.113		
00:00:02:000		1.54419e+07		0.162388		2.87882		354.717		6.84248e+06		859.137		
00:00:01:899		1.54517e+07		0.165886		2.88066		392.185		6.85255e+06		947.608		
00:00:01:800		1.54606e+07		0.168626		2.88079		424.775		6.86327e+06		980.58		
00:00:01:649		1.54707e+07		0.171276		2.87477		465.053		6.87982e+06		1006.14		
00:00:01:550		1.54749e+07		0.172203		2.86683		486.469		6.89076e+06		998.939		
00:00:01:550		1.54749e+07		0.172203		2.86683		486.469		6.89076e+06		998.939		
00:00:01:449		1.54772e+07		0.172655		2.85613		502.62		6.90139e+06		991.218		
00:00:01:300		1.54785e+07		0.17285		2.8415		516.021		6.91597e+06		978.479		
00:00:01:199		1.54786e+07		0.172857		2.83721		522.355		6.9258e+06		969.536		
00:00:01:100		1.54786e+07		0.17285		2.83587		527.064		6.9363e+06		957.146		
00:00:01:000		1.54786e+07		0.172843		2.83548		529.56		6.94601e+06		938.762		
00:00:00:900		1.54786e+07		0.17284		2.83559		530.236		6.95437e+06		910.4		
00:00:00:800		1.54786e+07		0.172839		2.8357		530.216		6.96067e+06		866.112		
00:00:00:599		1.54786e+07		0.172839		2.83569		530.208		6.96486e+06		526.825		
00:00:00:500		1.54786e+07		0.172839		2.83569		530.21		6.96485e+06		526.825		
00:00:00:500		1.54786e+07		0.172839		2.83569		530.21		6.96485e+06		526.825		
00:00:00:400		1.54786e+07		0.17284		2.83568		530.214		6.96485e+06		526.823		
00:00:00:299		1.54786e+07		0.17284		2.83568		530.216		6.96485e+06		526.826		
00:00:00:200		1.54785e+07		0.17284		2.83568		530.219		6.96484e+06		526.826		
00:00:00:200		1.54785e+07		0.17284		2.83568		530.219		6.96484e+06		526.826		
00:00:00:050		1.54785e+07		0.17284		2.83567		530.223		6.96484e+06		526.826		
00:00:00:000		1.54785e+07		0.17284		2.83571		530.225		6.96483e+06		526.826		
00:00:00:000		1.54785e+07		0.17284		2.83571		530.225		6.96483e+06		526.826		
00:00:00:000		1.54785e+07		0.17284		2.83571		530.225		6.96483e+06		526.826		
00:00:00:000		1.54785e+07		0.17284		2.83571		530.225		6.96483e+06		526.826		
00:00:00:000		1.54785e+07		0.17284		2.83571		530.225		6.96483e+06		526.826		
00:00:00:000		1.54785e+07		0.17284		2.83571		530.225		6.96483e+06		526.826		
