	time 		gpv001pnt10113ppntm	evf507ety101mpzoyout	chtcon(1)	chavg(1)	chlhsumpa	rcptavgn	
00:01:01:600		1.51269e+06		303.679		130.766		0		3		264.809		
00:01:01:500		1.5127e+06		303.269		130.766		0		3		264.855		
00:01:01:299		1.51271e+06		303.269		130.732		0		3		264.949		
00:01:01:299		1.51271e+06		303.269		130.732		0		3		264.949		
00:01:01:200		1.51272e+06		302.856		130.698		0		3		264.999		
00:01:01:100		1.51273e+06		302.856		130.698		0		3		265.05		
00:01:01:000		1.51274e+06		302.442		130.698		0		3		265.102		
00:01:00:899		1.51275e+06		302.442		130.663		0		3		265.156		
00:01:00:799		1.51276e+06		302.442		130.663		0		3		265.211		
00:01:00:799		1.51276e+06		302.442		130.663		0		3		265.211		
00:01:00:600		1.51277e+06		302.026		130.629		0		3		265.313		
00:01:00:399		1.51279e+06		301.609		130.594		0		3		265.408		
00:01:00:299		1.51279e+06		301.609		130.594		0		3		265.408		
00:01:00:299		1.5128e+06		301.609		130.594		0		3		265.457		
00:01:00:200		1.51281e+06		301.189		130.559		0		3		265.508		
00:01:00:100		1.51281e+06		301.189		130.559		0		3		265.508		
00:01:00:100		1.51281e+06		301.189		130.559		0		3		265.561		
00:01:00:000		1.51282e+06		300.767		130.559		0		3		265.615		
00:00:59:850		1.51284e+06		300.767		130.525		0		3		265.699		
00:00:59:850		1.51284e+06		300.767		130.525		0		3		265.699		
00:00:59:700		1.51285e+06		300.344		130.49		0		3		265.782		
00:00:59:600		1.51286e+06		300.344		130.49		0		3		265.836		
00:00:59:399		1.51287e+06		299.918		130.455		0		3		265.935		
00:00:59:399		1.51287e+06		299.918		130.455		0		3		265.935		
00:00:59:299		1.51288e+06		299.918		130.455		0		3		265.988		
00:00:59:200		1.51289e+06		299.492		130.42		0		3		266.042		
00:00:59:149		1.5129e+06		299.492		130.42		0		3		266.069		
00:00:59:000		1.51291e+06		299.065		130.42		0		3		266.154		
00:00:58:899		1.51292e+06		299.065		130.385		0		3		266.211		
00:00:58:799		1.51293e+06		299.065		130.385		0		3		266.269		
00:00:58:700		1.51293e+06		298.634		130.35		0		3		266.327		
00:00:58:600		1.51294e+06		298.634		130.35		0		3		266.382		
00:00:58:399		1.51296e+06		298.202		130.316		0		3		266.488		
00:00:58:399		1.51296e+06		298.202		130.316		0		3		266.488		
00:00:58:200		1.51298e+06		297.768		130.281		0		3		266.601		
00:00:58:200		1.51298e+06		297.768		130.281		0		3		266.601		
00:00:58:100		1.51298e+06		297.768		130.281		0		3		266.659		
00:00:58:000		1.51299e+06		297.332		130.281		0		3		266.718		
00:00:57:899		1.513e+06		297.332		130.246		0		3		266.778		
00:00:57:799		1.51301e+06		297.332		130.246		0		3		266.837		
00:00:57:700		1.51302e+06		296.895		130.211		0		3		266.895		
00:00:57:600		1.51303e+06		296.895		130.211		0		3		266.951		
00:00:57:500		1.51304e+06		296.456		130.211		0		3		267.005		
00:00:57:399		1.51304e+06		296.456		130.177		0		3		267.063		
00:00:57:299		1.51306e+06		296.016		130.177		0		3		267.151		
00:00:57:200		1.51306e+06		296.016		130.143		0		3		267.181		
00:00:57:049		1.51307e+06		296.016		130.143		0		3		267.271		
00:00:56:950		1.51308e+06		295.572		130.108		0		3		267.331		
00:00:56:850		1.51309e+06		295.572		130.108		0		3		267.39		
00:00:56:750		1.5131e+06		295.128		130.108		0		3		267.449		
00:00:56:649		1.51311e+06		295.128		130.074		0		3		267.507		
00:00:56:549		1.51312e+06		295.128		130.074		0		3		267.564		
00:00:56:350		1.51313e+06		294.684		130.04		0		3		267.681		
00:00:56:350		1.51313e+06		294.684		130.04		0		3		267.681		
00:00:56:250		1.51314e+06		294.237		130.04		0		3		267.741		
00:00:56:200		1.51315e+06		294.237		130.007		0		3		267.802		
00:00:56:049		1.51316e+06		294.237		130.007		0		3		267.862		
00:00:55:950		1.51317e+06		293.788		129.973		0		3		267.921		
00:00:55:850		1.51318e+06		293.788		129.973		0		3		267.98		
00:00:55:750		1.51318e+06		293.337		129.973		0		3		268.039		
00:00:55:649		1.51319e+06		293.337		129.939		0		3		268.098		
00:00:55:549		1.5132e+06		293.337		129.939		0		3		268.156		
00:00:55:450		1.51321e+06		292.886		129.906		0		3		268.215		
00:00:55:350		1.51322e+06		292.886		129.906		0		3		268.275		
00:00:55:250		1.51323e+06		292.433		129.906		0		3		268.335		
00:00:55:149		1.51324e+06		292.433		129.873		0		3		268.396		
00:00:55:149		1.51324e+06		292.433		129.873		0		3		268.396		
00:00:55:049		1.51324e+06		292.433		129.873		0		3		268.457		
00:00:54:950		1.51325e+06		291.977		129.84		0		3		268.518		
00:00:54:850		1.51326e+06		291.977		129.84		0		3		268.578		
00:00:54:750		1.51327e+06		291.519		129.807		0		3		268.667		
00:00:54:600		1.51328e+06		291.519		129.807		0		3		268.727		
00:00:54:399		1.5133e+06		291.062		129.774		0		3		268.848		
00:00:54:299		1.51331e+06		291.062		129.774		0		3		268.908		
00:00:54:299		1.51331e+06		291.062		129.774		0		3		268.908		
00:00:54:200		1.51332e+06		290.6		129.742		0		3		268.968		
00:00:54:100		1.51332e+06		290.6		129.742		0		3		269.029		
00:00:54:000		1.51333e+06		290.138		129.742		0		3		269.091		
00:00:53:899		1.51334e+06		290.138		129.709		0		3		269.151		
00:00:53:799		1.51335e+06		290.138		129.709		0		3		269.21		
00:00:53:700		1.51336e+06		289.675		129.677		0		3		269.268		
00:00:53:600		1.51337e+06		289.675		129.677		0		3		269.327		
00:00:53:399		1.51338e+06		289.212		129.645		0		3		269.443		
00:00:53:399		1.51338e+06		289.212		129.645		0		3		269.443		
00:00:53:299		1.51339e+06		289.212		129.645		0		3		269.501		
00:00:53:200		1.5134e+06		288.746		129.613		0		3		269.558		
00:00:53:100		1.51341e+06		288.746		129.613		0		3		269.616		
00:00:53:000		1.51342e+06		288.278		129.613		0		3		269.674		
00:00:52:899		1.51343e+06		288.278		129.582		0		3		269.731		
00:00:52:799		1.51344e+06		288.278		129.582		0		3		269.787		
00:00:52:700		1.51344e+06		287.808		129.55		0		3		269.842		
00:00:52:600		1.51345e+06		287.808		129.55		0		3		269.897		
00:00:52:500		1.51346e+06		287.336		129.55		0		3		269.952		
00:00:52:399		1.51347e+06		287.336		129.519		0		3		270.007		
00:00:52:299		1.51348e+06		287.336		129.519		0		3		270.062		
00:00:52:200		1.51349e+06		286.865		129.488		0		3		270.115		
00:00:52:100		1.51349e+06		286.865		129.488		0		3		270.169		
00:00:52:000		1.5135e+06		286.39		129.488		0		3		270.224		
00:00:51:850		1.51352e+06		286.39		129.457		0		3		270.305		
00:00:51:750		1.51352e+06		285.915		129.457		0		3		270.359		
00:00:51:649		1.51353e+06		285.915		129.427		0		3		270.413		
00:00:51:549		1.51354e+06		285.915		129.427		0		3		270.464		
00:00:51:450		1.51355e+06		285.44		129.397		0		3		270.517		
00:00:51:350		1.51356e+06		285.44		129.397		0		3		270.57		
00:00:51:250		1.51357e+06		284.963		129.397		0		3		270.624		
00:00:51:149		1.51358e+06		284.963		129.367		0		3		270.677		
00:00:51:049		1.51358e+06		284.963		129.367		0		3		270.729		
00:00:50:950		1.51359e+06		284.482		129.338		0		3		270.783		
00:00:50:850		1.5136e+06		284.482		129.338		0		3		270.836		
00:00:50:799		1.51361e+06		284.482		129.338		0		3		270.863		
00:00:50:700		1.51361e+06		284.001		129.31		0		3		270.917		
00:00:50:600		1.51362e+06		284.001		129.31		0		3		270.972		
00:00:50:450		1.51363e+06		283.517		129.282		0		3		271.059		
00:00:50:350		1.51364e+06		283.517		129.282		0		3		271.118		
00:00:50:250		1.51365e+06		283.03		129.282		0		3		271.171		
00:00:50:149		1.51366e+06		283.03		129.254		0		3		271.225		
00:00:50:049		1.51367e+06		283.03		129.254		0		3		271.275		
00:00:49:950		1.51368e+06		282.542		129.226		0		3		271.32		
00:00:49:850		1.51369e+06		282.542		129.226		0		3		271.369		
00:00:49:750		1.51369e+06		282.053		129.226		0		3		271.416		
00:00:49:649		1.5137e+06		282.053		129.2		0		3		271.463		
00:00:49:549		1.51371e+06		282.053		129.2		0		3		271.514		
00:00:49:549		1.51371e+06		282.053		129.2		0		3		271.514		
00:00:49:350		1.51373e+06		281.562		129.173		0		3		271.621		
00:00:49:350		1.51373e+06		281.562		129.173		0		3		271.621		
00:00:49:200		1.51374e+06		281.067		129.147		0		3		271.706		
00:00:49:100		1.51375e+06		281.067		129.147		0		3		271.763		
00:00:49:049		1.51375e+06		281.067		129.147		0		3		271.789		
00:00:48:950		1.51377e+06		280.571		129.122		0		3		271.868		
00:00:48:799		1.51378e+06		280.571		129.122		0		3		271.919		
00:00:48:700		1.51378e+06		280.073		129.097		0		3		271.966		
00:00:48:600		1.51379e+06		280.073		129.097		0		3		272.013		
00:00:48:299		1.51382e+06		279.573		129.073		0		3		272.162		
00:00:48:299		1.51382e+06		279.573		129.073		0		3		272.162		
00:00:48:200		1.51383e+06		279.07		129.05		0		3		272.216		
00:00:48:200		1.51383e+06		279.07		129.05		0		3		272.216		
00:00:48:100		1.51383e+06		279.07		129.05		0		3		272.272		
00:00:48:000		1.51384e+06		278.565		129.05		0		3		272.327		
00:00:47:899		1.51385e+06		278.565		129.027		0		3		272.378		
00:00:47:799		1.51386e+06		278.565		129.027		0		3		272.429		
00:00:47:700		1.51387e+06		278.056		129.005		0		3		272.482		
00:00:47:600		1.51388e+06		278.056		129.005		0		3		272.533		
00:00:47:399		1.51389e+06		277.547		128.983		0		3		272.626		
00:00:47:399		1.51389e+06		277.547		128.983		0		3		272.626		
00:00:47:299		1.5139e+06		277.547		128.983		0		3		272.676		
00:00:47:200		1.51391e+06		277.035		128.962		0		3		272.728		
00:00:47:000		1.51392e+06		277.035		128.962		0		3		272.782		
00:00:47:000		1.51393e+06		276.522		128.962		0		3		272.838		
00:00:46:899		1.51394e+06		276.522		128.942		0		3		272.892		
00:00:46:799		1.51395e+06		276.522		128.942		0		3		272.941		
00:00:46:700		1.51395e+06		276.006		128.922		0		3		272.99		
00:00:46:600		1.51396e+06		276.006		128.922		0		3		273.043		
00:00:46:399		1.51397e+06		275.487		128.922		0		3		273.096		
00:00:46:399		1.51398e+06		275.487		128.903		0		3		273.143		
00:00:46:299		1.51399e+06		275.487		128.903		0		3		273.189		
00:00:46:200		1.514e+06		274.964		128.885		0		3		273.238		
00:00:46:100		1.514e+06		274.964		128.885		0		3		273.29		
00:00:45:950		1.51402e+06		274.441		128.867		0		3		273.372		
00:00:45:850		1.51403e+06		274.441		128.867		0		3		273.429		
00:00:45:750		1.51403e+06		273.916		128.867		0		3		273.482		
00:00:45:649		1.51404e+06		273.916		128.851		0		3		273.528		
00:00:45:549		1.51405e+06		273.916		128.851		0		3		273.579		
00:00:45:450		1.51406e+06		273.387		128.835		0		3		273.632		
00:00:45:350		1.51407e+06		273.387		128.835		0		3		273.683		
00:00:45:250		1.51408e+06		272.854		128.835		0		3		273.729		
00:00:45:200		1.51408e+06		272.854		128.82		0		3		273.752		
00:00:45:100		1.51409e+06		272.854		128.82		0		3		273.801		
00:00:45:000		1.5141e+06		272.321		128.82		0		3		273.854		
00:00:44:899		1.51411e+06		272.321		128.806		0		3		273.909		
00:00:44:750		1.51412e+06		271.785		128.806		0		3		273.995		
00:00:44:649		1.51413e+06		271.785		128.793		0		3		274.05		
00:00:44:549		1.51414e+06		271.785		128.793		0		3		274.099		
00:00:44:450		1.51414e+06		271.247		128.782		0		3		274.147		
00:00:44:350		1.51415e+06		271.247		128.782		0		3		274.198		
00:00:44:250		1.51416e+06		270.705		128.782		0		3		274.249		
00:00:44:149		1.51417e+06		270.705		128.771		0		3		274.297		
00:00:44:049		1.51418e+06		270.705		128.771		0		3		274.346		
00:00:43:950		1.51419e+06		270.161		128.761		0		3		274.398		
00:00:43:850		1.5142e+06		270.161		128.761		0		3		274.454		
00:00:43:750		1.5142e+06		269.614		128.761		0		3		274.512		
00:00:43:750		1.5142e+06		269.614		128.761		0		3		274.512		
00:00:43:649		1.51421e+06		269.614		128.753		0		3		274.571		
00:00:43:549		1.51422e+06		269.614		128.753		0		3		274.627		
00:00:43:299		1.51424e+06		269.066		128.745		0		3		274.749		
00:00:43:299		1.51424e+06		269.066		128.745		0		3		274.749		
00:00:43:200		1.51425e+06		268.514		128.739		0		3		274.799		
00:00:43:100		1.51426e+06		268.514		128.739		0		3		274.848		
00:00:43:000		1.51427e+06		267.961		128.739		0		3		274.899		
00:00:42:899		1.51428e+06		267.961		128.734		0		3		274.951		
00:00:42:799		1.51429e+06		267.961		128.734		0		3		275.008		
00:00:42:700		1.51429e+06		267.403		128.73		0		2.99966		275.067		
00:00:42:600		1.5143e+06		267.403		128.73		0		2.99966		275.125		
00:00:42:549		1.51431e+06		267.403		128.73		0		2.99966		275.153		
00:00:42:350		1.51432e+06		266.844		128.728		0		2.98443		275.254		
00:00:42:350		1.51432e+06		266.844		128.728		0		2.98443		275.254		
00:00:42:200		1.51434e+06		266.284		128.727		0		2.96915		275.327		
00:00:42:100		1.51434e+06		266.284		128.727		0		2.96915		275.376		
00:00:42:000		1.51435e+06		265.72		128.727		0		2.96915		275.426		
00:00:41:899		1.51436e+06		265.72		128.728		0		2.95382		275.479		
00:00:41:799		1.51437e+06		265.72		128.728		0		2.95382		275.536		
00:00:41:700		1.51438e+06		265.153		128.73		0		2.93848		275.595		
00:00:41:600		1.51439e+06		265.153		128.73		0		2.93848		275.654		
00:00:41:399		1.5144e+06		264.586		128.733		0		2.92311		275.764		
00:00:41:299		1.51441e+06		264.586		128.733		0		2.92311		275.812		
00:00:41:299		1.51441e+06		264.586		128.733		0		2.92311		275.812		
00:00:41:200		1.51442e+06		264.013		128.739		0		2.90769		275.862		
00:00:41:100		1.51443e+06		264.013		128.739		0		2.90769		275.911		
00:00:41:000		1.51444e+06		263.438		128.739		0		2.90769		275.962		
00:00:40:899		1.51445e+06		263.438		128.746		0		2.89222		276.015		
00:00:40:799		1.51446e+06		263.438		128.746		0		2.89222		276.074		
00:00:40:700		1.51446e+06		262.861		128.755		0		2.87675		276.134		
00:00:40:600		1.51447e+06		262.861		128.755		0		2.87675		276.193		
00:00:40:450		1.51448e+06		262.281		128.765		0		2.86124		276.277		
00:00:40:350		1.51449e+06		262.281		128.765		0		2.86124		276.325		
00:00:40:250		1.5145e+06		261.699		128.765		0		2.86124		276.377		
00:00:40:149		1.51451e+06		261.699		128.778		0		2.84568		276.427		
00:00:40:049		1.51452e+06		261.699		128.778		0		2.84568		276.478		
00:00:39:950		1.51453e+06		261.114		128.792		0		2.83007		276.532		
00:00:39:850		1.51454e+06		261.114		128.792		0		2.83007		276.591		
00:00:39:750		1.51454e+06		260.526		128.792		0		2.83007		276.65		
00:00:39:649		1.51455e+06		260.526		128.809		0		2.81446		276.71		
00:00:39:549		1.51456e+06		260.526		128.809		0		2.81446		276.768		
00:00:39:450		1.51457e+06		259.935		128.828		0		2.7988		276.822		
00:00:39:350		1.51458e+06		259.935		128.828		0		2.7988		276.87		
00:00:39:250		1.51459e+06		259.341		128.828		0		2.7988		276.921		
00:00:39:149		1.5146e+06		259.341		128.848		0		2.78309		276.972		
00:00:39:049		1.5146e+06		259.341		128.848		0		2.78309		277.025		
00:00:38:950		1.51461e+06		258.743		128.871		0		2.76735		277.082		
00:00:38:850		1.51462e+06		258.743		128.871		0		2.76735		277.141		
00:00:38:750		1.51463e+06		258.144		128.871		0		2.76735		277.2		
00:00:38:649		1.51464e+06		258.144		128.896		0		2.75159		277.257		
00:00:38:549		1.51465e+06		258.144		128.896		0		2.75159		277.312		
00:00:38:450		1.51465e+06		257.541		128.923		0		2.73579		277.36		
00:00:38:350		1.51466e+06		257.541		128.923		0		2.73579		277.411		
00:00:38:350		1.51466e+06		257.541		128.923		0		2.73579		277.411		
00:00:38:250		1.51467e+06		256.936		128.923		0		2.73579		277.462		
00:00:38:149		1.51468e+06		256.936		128.953		0		2.71992		277.515		
00:00:38:049		1.51469e+06		256.936		128.953		0		2.71992		277.572		
00:00:37:950		1.5147e+06		256.329		128.985		0		2.70405		277.631		
00:00:37:850		1.51471e+06		256.329		128.985		0		2.70405		277.717		
00:00:37:700		1.51472e+06		255.719		129.021		0		2.68814		277.772		
00:00:37:649		1.51472e+06		255.719		129.021		0		2.68814		277.799		
00:00:37:500		1.51474e+06		255.107		129.021		0		2.68814		277.872		
00:00:37:299		1.51475e+06		255.107		129.059		0		2.67217		277.978		
00:00:37:299		1.51475e+06		255.107		129.059		0		2.67217		277.978		
00:00:37:200		1.51476e+06		254.493		129.099		0		2.65618		278.035		
00:00:37:100		1.51477e+06		254.493		129.099		0		2.65618		278.093		
00:00:37:000		1.51478e+06		253.876		129.099		0		2.65618		278.15		
00:00:36:899		1.51479e+06		253.876		129.141		0		2.64016		278.206		
00:00:36:799		1.5148e+06		253.876		129.141		0		2.64016		278.259		
00:00:36:700		1.5148e+06		253.256		129.186		0		2.62408		278.308		
00:00:36:600		1.51481e+06		253.256		129.186		0		2.62408		278.361		
00:00:36:500		1.51482e+06		252.634		129.186		0		2.62408		278.417		
00:00:36:299		1.51484e+06		252.634		129.232		0		2.60798		278.533		
00:00:36:299		1.51484e+06		252.634		129.232		0		2.60798		278.533		
00:00:36:200		1.51485e+06		252.008		129.28		0		2.59185		278.591		
00:00:36:100		1.51485e+06		252.008		129.28		0		2.59185		278.647		
00:00:36:000		1.51486e+06		251.379		129.28		0		2.59185		278.701		
00:00:35:899		1.51487e+06		251.379		129.331		0		2.57567		278.75		
00:00:35:799		1.51488e+06		251.379		129.331		0		2.57567		278.804		
00:00:35:700		1.51489e+06		250.746		129.383		0		2.55945		278.86		
00:00:35:600		1.5149e+06		250.746		129.383		0		2.55945		278.918		
00:00:35:399		1.51491e+06		250.111		129.438		0		2.5432		279.032		
00:00:35:299		1.51492e+06		250.111		129.438		0		2.5432		279.087		
00:00:35:299		1.51492e+06		250.111		129.438		0		2.5432		279.087		
00:00:35:200		1.51493e+06		249.472		129.495		0		2.5269		279.14		
00:00:35:100		1.51494e+06		249.472		129.495		0		2.5269		279.195		
00:00:34:950		1.51495e+06		248.831		129.555		0		2.51058		279.284		
00:00:34:850		1.51496e+06		248.831		129.555		0		2.51058		279.342		
00:00:34:750		1.51497e+06		248.187		129.555		0		2.51058		279.4		
00:00:34:649		1.51498e+06		248.187		129.617		0		2.49421		279.456		
00:00:34:549		1.51499e+06		248.187		129.617		0		2.49421		279.509		
00:00:34:450		1.51499e+06		247.54		129.682		0		2.47779		279.561		
00:00:34:350		1.515e+06		247.54		129.682		0		2.47779		279.617		
00:00:34:250		1.51501e+06		246.89		129.682		0		2.47779		279.676		
00:00:34:200		1.51502e+06		246.89		129.748		0		2.46135		279.705		
00:00:34:049		1.51503e+06		246.89		129.748		0		2.46135		279.789		
00:00:33:950		1.51504e+06		246.237		129.816		0		2.44486		279.845		
00:00:33:850		1.51505e+06		246.237		129.816		0		2.44486		279.901		
00:00:33:750		1.51505e+06		245.58		129.816		0		2.44486		279.957		
00:00:33:649		1.51506e+06		245.58		129.885		0		2.42834		280.016		
00:00:33:549		1.51507e+06		245.58		129.885		0		2.42834		280.074		
00:00:33:450		1.51508e+06		244.921		129.956		0		2.41178		280.132		
00:00:33:350		1.51509e+06		244.921		129.956		0		2.41178		280.189		
00:00:33:250		1.5151e+06		244.258		129.956		0		2.41178		280.242		
00:00:33:149		1.51511e+06		244.258		130.028		0		2.39517		280.295		
00:00:33:149		1.51511e+06		244.258		130.028		0		2.39517		280.295		
00:00:33:049		1.51511e+06		244.258		130.028		0		2.39517		280.351		
00:00:32:950		1.51512e+06		243.591		130.103		0		2.37852		280.41		
00:00:32:750		1.51514e+06		242.921		130.103		0		2.37852		280.525		
00:00:32:649		1.51515e+06		242.921		130.179		0		2.36183		280.581		
00:00:32:649		1.51515e+06		242.921		130.179		0		2.36183		280.581		
00:00:32:549		1.51516e+06		242.921		130.179		0		2.36183		280.637		
00:00:32:350		1.51517e+06		242.247		130.257		0		2.3451		280.752		
00:00:32:350		1.51517e+06		242.247		130.257		0		2.3451		280.752		
00:00:32:250		1.51518e+06		241.57		130.257		0		2.3451		280.811		
00:00:32:149		1.51519e+06		241.57		130.338		0		2.32834		280.898		
00:00:32:000		1.5152e+06		240.89		130.338		0		2.32834		280.954		
00:00:31:899		1.51521e+06		240.89		130.421		0		2.31152		281.007		
00:00:31:750		1.51522e+06		240.206		130.421		0		2.31152		281.091		
00:00:31:600		1.51524e+06		240.206		130.507		0		2.29467		281.18		
00:00:31:600		1.51524e+06		240.206		130.507		0		2.29467		281.18		
00:00:31:500		1.51525e+06		239.517		130.507		0		2.29467		281.238		
00:00:31:300		1.51526e+06		239.517		130.595		0		2.27777		281.352		
00:00:31:300		1.51526e+06		239.517		130.595		0		2.27777		281.352		
00:00:31:199		1.51527e+06		238.825		130.686		0		2.26083		281.407		
00:00:31:100		1.51528e+06		238.825		130.686		0		2.26083		281.467		
00:00:31:000		1.51529e+06		238.13		130.686		0		2.26083		281.527		
00:00:30:899		1.5153e+06		238.13		130.78		0		2.24385		281.586		
00:00:30:800		1.51531e+06		238.13		130.78		0		2.24385		281.645		
00:00:30:699		1.51531e+06		237.431		130.877		0		2.22682		281.702		
00:00:30:600		1.51532e+06		237.431		130.877		0		2.22682		281.756		
00:00:30:500		1.51533e+06		236.728		130.877		0		2.22682		281.813		
00:00:30:300		1.51535e+06		236.728		130.976		0		2.20974		281.933		
00:00:30:300		1.51535e+06		236.728		130.976		0		2.20974		281.933		
00:00:30:199		1.51536e+06		236.021		131.079		0		2.19263		281.992		
00:00:30:100		1.51536e+06		236.021		131.079		0		2.19263		282.051		
00:00:30:000		1.51537e+06		235.309		131.079		0		2.19263		282.109		
00:00:29:899		1.51538e+06		235.309		131.184		0		2.17546		282.165		
00:00:29:800		1.51539e+06		235.309		131.184		0		2.17546		282.225		
00:00:29:649		1.5154e+06		234.594		131.292		0		2.15826		282.315		
00:00:29:600		1.51541e+06		234.594		131.292		0		2.15826		282.345		
00:00:29:399		1.51542e+06		233.875		131.402		0		2.141		282.463		
00:00:29:300		1.51543e+06		233.875		131.402		0		2.141		282.52		
00:00:29:300		1.51543e+06		233.875		131.402		0		2.141		282.52		
00:00:29:199		1.51544e+06		233.152		131.515		0		2.12369		282.576		
00:00:29:050		1.51545e+06		233.152		131.515		0		2.12369		282.667		
00:00:28:949		1.51546e+06		232.425		131.629		0		2.10634		282.726		
00:00:28:850		1.51547e+06		232.425		131.629		0		2.10634		282.785		
00:00:28:750		1.51548e+06		231.693		131.629		0		2.10634		282.844		
00:00:28:649		1.51549e+06		231.693		131.746		0		2.08893		282.902		
00:00:28:600		1.51549e+06		231.693		131.746		0		2.08893		282.929		
00:00:28:500		1.5155e+06		230.957		131.746		0		2.08893		282.987		
00:00:28:399		1.51551e+06		230.957		131.866		0		2.07147		283.045		
00:00:28:300		1.51552e+06		230.957		131.866		0		2.07147		283.103		
00:00:28:149		1.51553e+06		230.218		131.987		0		2.05396		283.19		
00:00:28:050		1.51554e+06		230.218		131.987		0		2.05396		283.249		
00:00:27:949		1.51555e+06		229.474		132.11		0		2.03641		283.308		
00:00:27:850		1.51556e+06		229.474		132.11		0		2.03641		283.364		
00:00:27:750		1.51556e+06		228.727		132.11		0		2.03641		283.42		
00:00:27:649		1.51557e+06		228.727		132.236		0		2.01881		283.477		
00:00:27:550		1.51558e+06		228.727		132.236		0		2.01881		283.534		
00:00:27:449		1.51559e+06		227.975		132.363		0		2.00116		283.591		
00:00:27:350		1.5156e+06		227.975		132.363		0		2.00116		283.649		
00:00:27:250		1.51561e+06		227.219		132.363		0		2.00116		283.707		
00:00:27:149		1.51562e+06		227.219		132.492		0		1.98347		283.764		
00:00:27:050		1.51562e+06		227.219		132.492		0		1.98347		283.82		
00:00:27:050		1.51562e+06		227.219		132.492		0		1.98347		283.82		
00:00:26:949		1.51563e+06		226.458		132.622		0		1.96574		283.876		
00:00:26:850		1.51564e+06		226.458		132.622		0		1.96574		283.932		
00:00:26:699		1.51565e+06		225.693		132.754		0		1.94796		284.017		
00:00:26:600		1.51566e+06		225.693		132.754		0		1.94796		284.073		
00:00:26:550		1.51567e+06		225.693		132.754		0		1.94796		284.102		
00:00:26:300		1.51569e+06		224.924		132.887		0		1.93013		284.241		
00:00:26:300		1.51569e+06		224.924		132.887		0		1.93013		284.241		
00:00:26:199		1.5157e+06		224.15		133.02		0		1.91226		284.297		
00:00:26:100		1.5157e+06		224.15		133.02		0		1.91226		284.352		
00:00:25:899		1.51572e+06		223.371		133.155		0		1.89433		284.462		
00:00:25:899		1.51572e+06		223.371		133.155		0		1.89433		284.462		
00:00:25:800		1.51573e+06		223.371		133.155		0		1.89433		284.519		
00:00:25:699		1.51574e+06		222.587		133.289		0		1.87636		284.575		
00:00:25:600		1.51575e+06		222.587		133.289		0		1.87636		284.628		
00:00:25:500		1.51576e+06		221.797		133.289		0		1.87636		284.682		
00:00:25:300		1.51577e+06		221.797		133.424		0		1.85833		284.789		
00:00:25:199		1.51578e+06		221.002		133.559		0		1.84024		284.843		
00:00:25:199		1.51578e+06		221.002		133.559		0		1.84024		284.843		
00:00:25:100		1.51579e+06		221.002		133.559		0		1.84024		284.899		
00:00:25:000		1.5158e+06		220.201		133.559		0		1.84024		284.954		
00:00:24:899		1.51581e+06		220.201		133.692		0		1.82212		285.007		
00:00:24:800		1.51582e+06		220.201		133.692		0		1.82212		285.06		
00:00:24:699		1.51582e+06		219.394		133.826		0		1.80393		285.113		
00:00:24:600		1.51583e+06		219.394		133.826		0		1.80393		285.167		
00:00:24:500		1.51584e+06		218.579		133.826		0		1.80393		285.221		
00:00:24:300		1.51586e+06		218.579		133.958		0		1.78569		285.33		
00:00:24:300		1.51586e+06		218.579		133.958		0		1.78569		285.33		
00:00:24:199		1.51587e+06		217.757		134.089		0		1.76741		285.384		
00:00:24:100		1.51587e+06		217.757		134.089		0		1.76741		285.437		
00:00:24:000		1.51588e+06		216.924		134.089		0		1.76741		285.489		
00:00:23:899		1.5159e+06		216.924		134.219		0		1.74907		285.568		
00:00:23:800		1.5159e+06		216.924		134.219		0		1.74907		285.594		
00:00:23:699		1.51591e+06		216.079		134.349		0		1.73069		285.648		
00:00:23:600		1.51595e+06		216.079		134.349		0		1.73069		285.702		
00:00:23:500		1.51603e+06		215.215		134.349		0		1.73069		285.755		
00:00:23:250		1.5164e+06		214.323		134.48		0		1.71228		285.886		
00:00:23:250		1.5164e+06		214.323		134.48		0		1.71228		285.886		
00:00:23:149		1.51662e+06		214.323		134.611		0		1.69381		285.938		
00:00:23:100		1.51675e+06		214.323		134.611		0		1.69381		285.964		
00:00:22:949		1.51719e+06		213.383		134.741		0		1.67531		286.045		
00:00:22:850		1.51753e+06		213.383		134.741		0		1.67531		286.099		
00:00:22:800		1.51772e+06		213.383		134.741		0		1.67531		286.126		
00:00:22:649		1.51834e+06		212.75		134.863		0		1.65677		286.205		
00:00:22:550		1.5188e+06		212.75		134.863		0		1.65677		286.257		
00:00:22:350		1.51986e+06		212.113		134.975		0		1.63818		286.363		
00:00:22:250		1.52044e+06		211.469		134.975		0		1.63818		286.417		
00:00:22:250		1.52044e+06		211.469		134.975		0		1.63818		286.417		
00:00:22:149		1.52107e+06		211.469		135.077		0		1.61955		286.472		
00:00:22:050		1.52174e+06		211.469		135.077		0		1.61955		286.527		
00:00:21:949		1.52245e+06		210.82		135.169		0		1.60088		286.579		
00:00:21:850		1.5232e+06		210.82		135.169		0		1.60088		286.633		
00:00:21:850		1.5232e+06		210.82		135.169		0		1.60088		286.633		
00:00:21:750		1.52399e+06		210.165		135.169		0		1.60088		286.686		
00:00:21:649		1.52484e+06		210.165		135.249		0		1.58216		286.74		
00:00:21:449		1.52676e+06		209.504		135.319		0		1.56341		286.85		
00:00:21:350		1.52784e+06		209.504		135.319		0		1.56341		286.906		
00:00:21:350		1.52784e+06		209.504		135.319		0		1.56341		286.906		
00:00:21:250		1.52962e+06		208.836		135.376		0		1.54462		286.988		
00:00:21:100		1.53091e+06		208.836		135.376		0		1.54462		287.042		
00:00:21:000		1.53228e+06		208.162		135.376		0		1.54462		287.097		
00:00:20:899		1.53374e+06		208.162		135.42		0		1.52578		287.153		
00:00:20:800		1.53528e+06		208.162		135.42		0		1.52578		287.209		
00:00:20:699		1.53691e+06		207.482		135.45		0		1.5069		287.266		
00:00:20:649		1.53775e+06		207.482		135.45		0		1.5069		287.295		
00:00:20:500		1.54041e+06		206.795		135.45		0		1.5069		287.379		
00:00:20:300		1.54424e+06		206.795		135.465		0		1.48799		287.492		
00:00:20:300		1.54424e+06		206.795		135.465		0		1.48799		287.492		
00:00:20:199		1.54629e+06		206.101		135.464		0		1.46903		287.549		
00:00:20:100		1.54842e+06		206.101		135.464		0		1.46903		287.606		
00:00:19:899		1.55294e+06		205.399		135.447		0		1.45003		287.725		
00:00:19:899		1.55294e+06		205.399		135.447		0		1.45003		287.725		
00:00:19:800		1.55533e+06		205.399		135.447		0		1.45003		287.783		
00:00:19:699		1.55781e+06		204.69		135.412		0		1.431		287.841		
00:00:19:600		1.56037e+06		204.69		135.412		0		1.431		287.899		
00:00:19:500		1.56302e+06		203.974		135.412		0		1.431		287.958		
00:00:19:300		1.56865e+06		203.974		135.358		0		1.41192		288.077		
00:00:19:300		1.56865e+06		203.974		135.358		0		1.41192		288.077		
00:00:19:199		1.57166e+06		203.249		135.284		0		1.3928		288.139		
00:00:19:100		1.5748e+06		203.249		135.284		0		1.3928		288.2		
00:00:19:000		1.57808e+06		202.517		135.284		0		1.3928		288.259		
00:00:18:899		1.58149e+06		202.517		135.19		0		1.37366		288.32		
00:00:18:800		1.58503e+06		202.517		135.19		0		1.37366		288.38		
00:00:18:699		1.5887e+06		201.776		135.073		0		1.35446		288.441		
00:00:18:600		1.59252e+06		201.776		135.073		0		1.35446		288.503		
00:00:18:500		1.59647e+06		201.026		135.073		0		1.35446		288.566		
00:00:18:300		1.60695e+06		200.267		134.932		0		1.33524		288.723		
00:00:18:300		1.60695e+06		200.267		134.932		0		1.33524		288.723		
00:00:18:149		1.61138e+06		200.267		134.767		0		1.31598		288.786		
00:00:18:050		1.61596e+06		200.267		134.767		0		1.31598		288.849		
00:00:17:949		1.62068e+06		199.499		134.575		0		1.29667		288.912		
00:00:17:850		1.62554e+06		199.499		134.575		0		1.29667		288.977		
00:00:17:750		1.63055e+06		198.722		134.575		0		1.29667		289.042		
00:00:17:649		1.6357e+06		198.722		134.356		0		1.27734		289.108		
00:00:17:550		1.641e+06		198.722		134.356		0		1.27734		289.172		
00:00:17:399		1.65205e+06		197.934		134.107		0		1.25798		289.303		
00:00:17:250		1.6578e+06		197.137		134.107		0		1.25798		289.369		
00:00:17:250		1.6578e+06		197.137		134.107		0		1.25798		289.369		
00:00:17:149		1.6637e+06		197.137		133.827		0		1.23858		289.436		
00:00:17:050		1.66976e+06		197.137		133.827		0		1.23858		289.504		
00:00:16:949		1.67597e+06		196.329		133.514		0		1.21915		289.57		
00:00:16:850		1.68234e+06		196.329		133.514		0		1.21915		289.638		
00:00:16:750		1.68886e+06		195.51		133.514		0		1.21915		289.706		
00:00:16:649		1.69555e+06		195.51		133.166		0		1.19969		289.775		
00:00:16:550		1.7024e+06		195.51		133.166		0		1.19969		289.843		
00:00:16:449		1.70941e+06		194.679		132.781		0		1.18019		289.913		
00:00:16:350		1.71659e+06		194.679		132.781		0		1.18019		289.982		
00:00:16:250		1.72403e+06		193.836		132.781		0		1.18019		290.052		
00:00:16:149		1.73179e+06		193.836		132.357		0		1.16067		290.122		
00:00:16:050		1.73985e+06		193.836		132.357		0		1.16067		290.192		
00:00:15:949		1.73985e+06		193.836		132.357		0		1.16067		290.192		
00:00:15:949		1.74822e+06		192.981		131.892		0		1.14111		290.263		
00:00:15:849		1.75692e+06		192.981		131.892		0		1.14111		290.334		
00:00:15:750		1.76593e+06		192.113		131.892		0		1.14111		290.405		
00:00:15:650		1.78007e+06		192.113		131.384		0		1.12153		290.513		
00:00:15:500		1.78991e+06		191.232		131.384		0		1.12153		290.586		
00:00:15:300		1.81061e+06		191.232		130.83		0		1.10192		290.733		
00:00:15:300		1.81061e+06		191.232		130.83		0		1.10192		290.733		
00:00:15:199		1.82148e+06		190.335		130.228		0		1.08227		290.808		
00:00:15:150		1.82705e+06		190.335		130.228		0		1.08227		290.845		
00:00:15:000		1.84429e+06		189.425		130.228		0		1.08227		290.959		
00:00:14:900		1.85624e+06		189.425		129.574		0		1.06261		291.035		
00:00:14:800		1.86855e+06		189.425		129.574		0		1.06261		291.113		
00:00:14:699		1.88125e+06		188.498		128.867		0		1.04291		291.191		
00:00:14:500		1.90779e+06		187.556		128.867		0		1.04291		291.349		
00:00:14:500		1.90779e+06		187.556		128.867		0		1.04291		291.349		
00:00:14:300		1.93592e+06		187.556		128.104		0		1.0232		291.511		
00:00:14:300		1.93592e+06		187.556		128.104		0		1.0232		291.511		
00:00:14:199		1.9506e+06		186.597		127.281		0		1.00345		291.594		
00:00:14:099		1.9657e+06		186.597		127.281		0		1.00345		291.677		
00:00:14:000		1.98122e+06		185.621		127.281		0		1.00345		291.761		
00:00:13:900		1.99717e+06		185.621		126.397		0		0.98369		291.846		
00:00:13:800		2.01357e+06		185.621		126.397		0		0.98369		291.932		
00:00:13:699		2.03042e+06		184.627		125.448		0		0.963905		292.019		
00:00:13:599		2.04769e+06		184.627		125.448		0		0.963905		292.107		
00:00:13:500		2.06537e+06		183.616		125.448		0		0.963905		292.194		
00:00:13:300		2.102e+06		183.616		124.433		0		0.9441		292.37		
00:00:13:300		2.102e+06		183.616		124.433		0		0.9441		292.37		
00:00:13:199		2.12097e+06		182.581		123.349		0		0.924308		292.46		
00:00:13:099		2.14039e+06		182.581		123.349		0		0.924308		292.55		
00:00:13:000		2.16026e+06		181.504		123.349		0		0.924308		292.641		
00:00:12:900		2.18059e+06		181.504		122.195		0		0.904677		292.733		
00:00:12:800		2.2014e+06		181.504		122.195		0		0.904677		292.825		
00:00:12:699		2.22269e+06		180.382		120.97		0		0.885207		292.918		
00:00:12:599		2.24447e+06		180.382		120.97		0		0.885207		293.012		
00:00:12:500		2.26674e+06		179.215		120.97		0		0.885207		293.106		
00:00:12:300		2.31285e+06		179.215		119.674		0		0.865895		293.295		
00:00:12:300		2.31285e+06		179.215		119.674		0		0.865895		293.295		
00:00:12:199		2.33669e+06		178.003		118.306		0		0.846741		293.39		
00:00:12:050		2.37349e+06		178.003		118.306		0		0.846741		293.534		
00:00:11:949		2.39872e+06		176.747		116.864		0		0.827741		293.629		
00:00:11:849		2.42453e+06		176.747		116.864		0		0.827741		293.726		
00:00:11:750		2.45093e+06		175.444		116.864		0		0.827741		293.822		
00:00:11:650		2.47791e+06		175.444		115.35		0		0.808894		293.919		
00:00:11:550		2.50545e+06		175.444		115.35		0		0.808894		294.017		
00:00:11:449		2.53355e+06		174.096		113.762		0		0.790198		294.115		
00:00:11:250		2.59144e+06		172.7		113.762		0		0.790198		294.315		
00:00:11:250		2.59144e+06		172.7		113.762		0		0.790198		294.315		
00:00:11:150		2.62112e+06		172.7		112.101		0		0.77165		294.416		
00:00:11:050		2.65129e+06		172.7		112.101		0		0.77165		294.519		
00:00:10:949		2.68197e+06		171.259		110.367		0		0.753249		294.623		
00:00:10:849		2.71318e+06		171.259		110.367		0		0.753249		294.728		
00:00:10:750		2.74495e+06		169.772		110.367		0		0.753249		294.835		
00:00:10:650		2.77728e+06		169.772		108.562		0		0.734995		294.942		
00:00:10:550		2.81021e+06		169.772		108.562		0		0.734995		295.051		
00:00:10:550		2.81021e+06		169.772		108.562		0		0.734995		295.051		
00:00:10:349		2.87792e+06		168.237		106.685		0		0.716887		295.274		
00:00:10:250		2.91273e+06		166.656		106.685		0		0.716887		295.388		
00:00:10:250		2.91273e+06		166.656		106.685		0		0.716887		295.388		
00:00:10:150		2.9482e+06		166.656		104.74		0		0.698928		295.503		
00:00:10:000		3.00269e+06		165.028		104.74		0		0.698928		295.68		
00:00:09:900		3.0399e+06		165.028		102.733		0		0.681117		295.8		
00:00:09:800		3.07784e+06		165.028		102.733		0		0.681117		295.921		
00:00:09:699		3.11651e+06		163.354		100.671		0		0.663456		296.044		
00:00:09:599		3.15595e+06		163.354		100.671		0		0.663456		296.17		
00:00:09:500		3.19616e+06		161.633		100.671		0		0.663456		296.299		
00:00:09:349		3.2579e+06		161.633		98.5606		0		0.64595		296.494		
00:00:09:349		3.2579e+06		161.633		98.5606		0		0.64595		296.494		
00:00:09:199		3.3213e+06		159.863		96.4068		0		0.628605		296.689		
00:00:09:099		3.36452e+06		159.863		96.4068		0		0.628605		296.822		
00:00:09:000		3.40851e+06		158.045		96.4068		0		0.628605		296.956		
00:00:08:900		3.45329e+06		158.045		94.2121		0		0.611431		297.093		
00:00:08:800		3.49887e+06		158.045		94.2121		0		0.611431		297.232		
00:00:08:699		3.54528e+06		156.176		91.9825		0		0.594451		297.373		
00:00:08:599		3.59254e+06		156.176		91.9825		0		0.594451		297.516		
00:00:08:500		3.64064e+06		154.249		91.9825		0		0.594451		297.661		
00:00:08:400		3.68962e+06		154.249		89.7287		0		0.577726		297.808		
00:00:08:300		3.73948e+06		154.249		89.7287		0		0.577726		297.957		
00:00:08:199		3.79025e+06		152.241		87.4557		0		0.561438		298.108		
00:00:08:099		3.84194e+06		152.241		87.4557		0		0.561438		298.262		
00:00:08:000		3.89458e+06		150.224		87.4557		0		0.561438		298.418		
00:00:07:900		3.94818e+06		150.224		85.1663		0		0.545062		298.575		
00:00:07:799		4.00277e+06		150.224		85.1663		0		0.545062		298.734		
00:00:07:700		4.05836e+06		148.197		82.8637		0		0.528617		298.896		
00:00:07:599		4.11498e+06		148.197		82.8637		0		0.528617		299.059		
00:00:07:500		4.17263e+06		146.163		82.8637		0		0.528617		299.225		
00:00:07:400		4.23135e+06		146.163		80.5519		0		0.512074		299.393		
00:00:07:299		4.29114e+06		146.163		80.5519		0		0.512074		299.564		
00:00:07:200		4.35204e+06		144.124		78.2352		0		0.495426		299.737		
00:00:07:049		4.44551e+06		144.124		78.2352		0		0.495426		299.998		
00:00:07:000		4.47724e+06		142.08		78.2352		0		0.495426		300.085		
00:00:06:900		4.54157e+06		142.08		75.9192		0		0.478669		300.261		
00:00:06:750		4.64032e+06		140.036		75.9192		0		0.478669		300.528		
00:00:06:650		4.70768e+06		140.036		73.6101		0		0.461801		300.709		
00:00:06:599		4.74183e+06		140.036		73.6101		0		0.461801		300.801		
00:00:06:500		4.81107e+06		137.995		73.6101		0		0.461801		300.985		
00:00:06:349		4.91734e+06		137.995		71.3155		0		0.444798		301.265		
00:00:06:250		4.98956e+06		135.958		71.3155		0		0.444798		301.454		
00:00:06:150		5.06276e+06		135.958		69.0434		0		0.427681		301.645		
00:00:06:049		5.13694e+06		135.958		69.0434		0		0.427681		301.837		
00:00:05:950		5.21212e+06		133.926		66.8025		0		0.41047		302.031		
00:00:05:900		5.25009e+06		133.926		66.8025		0		0.41047		302.128		
00:00:05:750		5.36555e+06		131.903		66.8025		0		0.41047		302.424		
00:00:05:650		5.44381e+06		131.903		64.6		0		0.393136		302.624		
00:00:05:549		5.52313e+06		131.903		64.6		0		0.393136		302.825		
00:00:05:349		5.68497e+06		129.893		62.4445		0		0.375666		303.231		
00:00:05:250		5.76753e+06		127.899		62.4445		0		0.375666		303.435		
00:00:05:250		5.76753e+06		127.899		62.4445		0		0.375666		303.435		
00:00:05:150		5.85121e+06		127.899		60.3456		0		0.358025		303.641		
00:00:05:049		5.93605e+06		127.899		60.3456		0		0.358025		303.85		
00:00:04:950		6.02213e+06		125.925		58.3125		0		0.339921		304.06		
00:00:04:849		6.10963e+06		125.925		58.3125		0		0.339921		304.271		
00:00:04:849		6.10963e+06		125.925		58.3125		0		0.339921		304.271		
00:00:04:750		6.19313e+06		123.973		58.3125		0		0.339921		304.485		
00:00:04:650		6.25729e+06		123.973		56.3512		0		0.321227		304.698		
00:00:04:549		6.30664e+06		123.973		56.3512		0		0.321227		304.912		
00:00:04:299		6.39063e+06		122.053		54.4601		0		0.302071		305.45		
00:00:04:200		6.41348e+06		120.174		52.624		0		0.282577		305.665		
00:00:04:200		6.41348e+06		120.174		52.624		0		0.282577		305.665		
00:00:04:099		6.43227e+06		120.174		52.624		0		0.282577		305.878		
00:00:04:000		6.44802e+06		118.342		52.624		0		0.282577		306.092		
00:00:03:899		6.46147e+06		118.342		50.8502		0		0.262841		306.307		
00:00:03:799		6.47318e+06		118.342		50.8502		0		0.262841		306.521		
00:00:03:700		6.48363e+06		116.56		49.1457		0		0.242942		306.735		
00:00:03:600		6.49317e+06		116.56		49.1457		0		0.242942		306.949		
00:00:03:500		6.50211e+06		114.83		49.1457		0		0.242942		307.16		
00:00:03:399		6.51075e+06		114.83		47.5176		0		0.222961		307.371		
00:00:03:299		6.5194e+06		114.83		47.5176		0		0.222961		307.58		
00:00:03:200		6.52843e+06		113.167		45.9716		0		0.202854		307.784		
00:00:03:100		6.53833e+06		113.167		45.9716		0		0.202854		307.985		
00:00:03:000		6.54981e+06		111.577		45.9716		0		0.202854		308.182		
00:00:02:899		6.56118e+06		111.577		44.5131		0		0.182627		308.372		
00:00:02:799		6.57176e+06		111.577		44.5131		0		0.182627		308.555		
00:00:02:700		6.58155e+06		110.067		43.1468		0		0.162304		308.727		
00:00:02:600		6.59051e+06		110.067		43.1468		0		0.162304		308.89		
00:00:02:500		6.59852e+06		108.643		43.1468		0		0.162304		309.042		
00:00:02:399		6.60535e+06		108.643		41.8772		0		0.141909		309.184		
00:00:02:299		6.61059e+06		108.643		41.8772		0		0.141909		309.312		
00:00:02:200		6.6135e+06		107.314		40.7084		0		0.121493		309.424		
00:00:02:100		6.61276e+06		107.314		40.7084		0		0.121493		309.521		
00:00:02:000		6.60605e+06		106.086		40.7084		0		0.121493		309.602		
00:00:01:899		6.58956e+06		106.086		39.6458		0		0.101215		309.666		
00:00:01:800		6.55748e+06		106.086		39.6458		0		0.101215		309.715		
00:00:01:699		6.50698e+06		104.968		38.699		0		0.0811659		309.752		
00:00:01:600		6.46986e+06		104.968		38.699		0		0.0811659		309.779		
00:00:01:449		6.44174e+06		103.964		37.8885		0		0.0611306		309.806		
00:00:01:250		6.44699e+06		103.072		37.8885		0		0.0611306		309.829		
00:00:01:250		6.44699e+06		103.072		37.8885		0		0.0611306		309.829		
00:00:01:149		6.46488e+06		103.072		37.2301		0		0.0409544		309.837		
00:00:01:050		6.48268e+06		103.072		37.2301		0		0.0409544		309.842		
00:00:01:000		6.49153e+06		102.312		37.2301		0		0.0409544		309.844		
00:00:00:900		6.51141e+06		102.312		36.7133		0		0.0206115		309.846		
00:00:00:800		6.5348e+06		102.312		36.7133		0		0.0206115		309.846		
00:00:00:650		6.58044e+06		101.605		36.3831		0		0		309.846		
00:00:00:550		6.62237e+06		101.605		36.3831		0		0		309.846		
00:00:00:450		6.68028e+06		100.069		36.3834		0		0		309.846		
00:00:00:349		6.76804e+06		100.069		36.3834		0		0		309.846		
00:00:00:250		6.83116e+06		100.069		36.3834		0		0		309.846		
00:00:00:149		6.83116e+06		100.069		36.3837		0		0		309.846		
00:00:00:050		6.83115e+06		100.069		36.3837		0		0		309.846		
00:00:00:000		6.83115e+06		100.069		36.3837		0		0		309.846		
00:00:00:000		6.83115e+06		100.069		36.3837		0		0		309.846		
00:00:00:000		6.83115e+06		100.069		36.3837		0		0		309.846		
00:00:00:000		6.83115e+06		100.069		36.3837		0		0		309.846		
00:00:00:000		6.83115e+06		100.069		36.3837		0		0		309.846		
00:00:00:000		6.83115e+06		100.069		36.3837		0		0		309.846		
