	time 		rcpppzr	rcp054rcp007mnzoyout	rcv501std0102fvol	fwfrcp001gv	rcppmssga	msfsg(1)	
00:01:02:600		1.03499e+07		-5.84061		0		0		2.79678e+06		559.575		
00:01:02:549		1.03549e+07		-5.83956		0		0		2.79797e+06		560.323		
00:01:02:450		1.03649e+07		-5.8376		0		0		2.79942e+06		560.036		
00:01:02:200		1.03898e+07		-5.83371		0		0		2.8026e+06		558.332		
00:01:02:200		1.03898e+07		-5.83371		0		0		2.8026e+06		558.332		
00:01:02:100		1.03997e+07		-5.83226		0		0		2.80787e+06		561.019		
00:01:02:049		1.04047e+07		-5.83151		0		0		2.81034e+06		560.63		
00:01:01:899		1.04195e+07		-5.82917		0		0		2.81697e+06		562.492		
00:01:01:799		1.04292e+07		-5.82755		0		0		2.82082e+06		563.886		
00:01:01:750		1.04341e+07		-5.82671		0		0		2.82257e+06		564.384		
00:01:01:600		1.04486e+07		-5.82412		0		0		2.82596e+06		565.686		
00:01:01:549		1.04582e+07		-5.82231		0		0		2.82743e+06		565.548		
00:01:01:399		1.04677e+07		-5.82045		0		0		2.82794e+06		564.037		
00:01:01:200		1.04869e+07		-5.81655		0		0		2.83398e+06		565.172		
00:01:01:200		1.04869e+07		-5.81655		0		0		2.83398e+06		565.172		
00:01:01:149		1.04916e+07		-5.81553		0		0		2.83685e+06		565.877		
00:01:01:000		1.05059e+07		-5.8124		0		0		2.84353e+06		568.571		
00:01:00:899		1.05153e+07		-5.81024		0		0		2.84739e+06		569.25		
00:01:00:799		1.05247e+07		-5.80802		0		0		2.85072e+06		570.149		
00:01:00:700		1.0534e+07		-5.80574		0		0		2.85249e+06		570.388		
00:01:00:600		1.05434e+07		-5.8034		0		0		2.85426e+06		571.014		
00:01:00:500		1.05527e+07		-5.801		0		0		2.85528e+06		569.603		
00:01:00:399		1.05619e+07		-5.79854		0		0		2.85645e+06		570.032		
00:01:00:299		1.05712e+07		-5.79603		0		0		2.86078e+06		570.459		
00:01:00:200		1.05805e+07		-5.79345		0		0		2.86626e+06		572.053		
00:01:00:049		1.05943e+07		-5.78948		0		0		2.87218e+06		573.555		
00:01:00:000		1.05989e+07		-5.78813		0		0		2.87416e+06		574.375		
00:00:59:950		1.06034e+07		-5.78677		0		0		2.87617e+06		575.031		
00:00:59:850		1.06125e+07		-5.784		0		0		2.87888e+06		575.766		
00:00:59:750		1.06216e+07		-5.78118		0		0		2.88035e+06		576.03		
00:00:59:600		1.06351e+07		-5.77685		0		0		2.88448e+06		577.058		
00:00:59:500		1.06441e+07		-5.7739		0		0		2.8859e+06		576.158		
00:00:59:399		1.06531e+07		-5.7709		0		0		2.88686e+06		575.491		
00:00:59:299		1.06621e+07		-5.76786		0		0		2.89046e+06		576.62		
00:00:59:200		1.06711e+07		-5.76476		0		0		2.89554e+06		578.076		
00:00:59:100		1.06801e+07		-5.76162		0		0		2.89906e+06		578.579		
00:00:59:000		1.0689e+07		-5.75843		0		0		2.9025e+06		579.595		
00:00:58:899		1.06979e+07		-5.7552		0		0		2.90653e+06		580.982		
00:00:58:799		1.07066e+07		-5.75193		0		0		2.90945e+06		581.909		
00:00:58:700		1.07153e+07		-5.74861		0		0		2.91117e+06		581.519		
00:00:58:600		1.0724e+07		-5.74525		0		0		2.91264e+06		583.052		
00:00:58:600		1.0724e+07		-5.74525		0		0		2.91264e+06		583.052		
00:00:58:500		1.07326e+07		-5.74184		0		0		2.91547e+06		582.768		
00:00:58:200		1.07584e+07		-5.73134		0		0		2.92252e+06		583.397		
00:00:58:200		1.07584e+07		-5.73134		0		0		2.92252e+06		583.397		
00:00:58:200		1.07584e+07		-5.73134		0		0		2.92252e+06		583.397		
00:00:58:100		1.07669e+07		-5.72775		0		0		2.92653e+06		584.058		
00:00:58:000		1.07754e+07		-5.72412		0		0		2.92963e+06		584.773		
00:00:57:899		1.07839e+07		-5.72044		0		0		2.93347e+06		586.142		
00:00:57:700		1.08008e+07		-5.71295		0		0		2.93945e+06		587.759		
00:00:57:700		1.08008e+07		-5.71295		0		0		2.93945e+06		587.759		
00:00:57:600		1.08091e+07		-5.70914		0		0		2.94208e+06		588.533		
00:00:57:450		1.08217e+07		-5.70333		0		0		2.94425e+06		589.005		
00:00:57:250		1.08383e+07		-5.69545		0		0		2.94636e+06		588.581		
00:00:57:149		1.08466e+07		-5.69144		0		0		2.949e+06		588.42		
00:00:57:149		1.08466e+07		-5.69144		0		0		2.949e+06		588.42		
00:00:57:049		1.08548e+07		-5.68738		0		0		2.95304e+06		590.258		
00:00:56:950		1.08631e+07		-5.68327		0		0		2.95648e+06		590.284		
00:00:56:850		1.08714e+07		-5.67911		0		0		2.96023e+06		592.153		
00:00:56:750		1.08796e+07		-5.67489		0		0		2.96312e+06		592.106		
00:00:56:649		1.08879e+07		-5.67063		0		0		2.96521e+06		592.273		
00:00:56:549		1.08962e+07		-5.66631		0		0		2.96767e+06		592.51		
00:00:56:450		1.09045e+07		-5.66193		0		0		2.97044e+06		592.994		
00:00:56:350		1.09128e+07		-5.6575		0		0		2.97398e+06		595.048		
00:00:56:250		1.09212e+07		-5.65301		0		0		2.97755e+06		596.267		
00:00:56:149		1.09296e+07		-5.64847		0		0		2.97934e+06		595.6		
00:00:56:049		1.0938e+07		-5.64388		0		0		2.97985e+06		594.88		
00:00:55:950		1.09463e+07		-5.63924		0		0		2.98179e+06		594.835		
00:00:55:850		1.09547e+07		-5.63455		0		0		2.98526e+06		595.869		
00:00:55:750		1.09629e+07		-5.62981		0		0		2.98925e+06		597.58		
00:00:55:649		1.09711e+07		-5.62502		0		0		2.99273e+06		599.087		
00:00:55:549		1.09793e+07		-5.62019		0		0		2.99638e+06		600.154		
00:00:55:450		1.09874e+07		-5.61531		0		0		2.99788e+06		600.183		
00:00:55:350		1.09954e+07		-5.61038		0		0		2.99847e+06		599.964		
00:00:55:250		1.10034e+07		-5.6054		0		0		2.99847e+06		599.057		
00:00:55:149		1.10113e+07		-5.60038		0		0		2.99981e+06		599.704		
00:00:55:049		1.10192e+07		-5.59531		0		0		3.00251e+06		599.436		
00:00:54:950		1.10269e+07		-5.5902		0		0		3.00542e+06		600.048		
00:00:54:799		1.10384e+07		-5.58246		0		0		3.01069e+06		601.248		
00:00:54:700		1.1046e+07		-5.57724		0		0		3.01374e+06		602.453		
00:00:54:600		1.10535e+07		-5.57199		0		0		3.01743e+06		604.539		
00:00:54:500		1.1061e+07		-5.5667		0		0		3.01938e+06		605.292		
00:00:54:399		1.10685e+07		-5.56135		0		0		3.01809e+06		603.413		
00:00:54:299		1.10759e+07		-5.55595		0		0		3.01738e+06		602.568		
00:00:54:200		1.10833e+07		-5.5505		0		0		3.01907e+06		603.232		
00:00:54:149		1.1087e+07		-5.54776		0		0		3.0204e+06		602.694		
00:00:54:049		1.10945e+07		-5.54222		0		0		3.02329e+06		602.374		
00:00:53:950		1.1102e+07		-5.53663		0		0		3.02615e+06		601.529		
00:00:53:850		1.11095e+07		-5.53098		0		0		3.03141e+06		602.662		
00:00:53:750		1.11172e+07		-5.52526		0		0		3.03919e+06		605.023		
00:00:53:649		1.11248e+07		-5.5195		0		0		3.04604e+06		606.632		
00:00:53:500		1.11362e+07		-5.51076		0		0		3.05486e+06		608.728		
00:00:53:299		1.11515e+07		-5.49891		0		0		3.06581e+06		613.711		
00:00:53:299		1.11515e+07		-5.49891		0		0		3.06581e+06		613.711		
00:00:53:200		1.11591e+07		-5.49291		0		0		3.0697e+06		614.92		
00:00:53:100		1.11667e+07		-5.48685		0		0		3.06903e+06		612.975		
00:00:53:000		1.11742e+07		-5.48074		0		0		3.06943e+06		612.736		
00:00:52:899		1.11817e+07		-5.47457		0		0		3.07221e+06		614.055		
00:00:52:799		1.11892e+07		-5.46833		0		0		3.0757e+06		614.396		
00:00:52:700		1.11966e+07		-5.46202		0		0		3.07917e+06		615.28		
00:00:52:700		1.11966e+07		-5.46202		0		0		3.07917e+06		615.28		
00:00:52:600		1.1204e+07		-5.45563		0		0		3.08211e+06		617.139		
00:00:52:500		1.12113e+07		-5.44919		0		0		3.08433e+06		617.068		
00:00:52:299		1.12257e+07		-5.43611		0		0		3.08601e+06		617.029		
00:00:52:200		1.12329e+07		-5.42948		0		0		3.08985e+06		619.603		
00:00:52:200		1.12329e+07		-5.42948		0		0		3.08985e+06		619.603		
00:00:51:950		1.12507e+07		-5.41262		0		0		3.08841e+06		616.75		
00:00:51:950		1.12507e+07		-5.41262		0		0		3.08841e+06		616.75		
00:00:51:850		1.12579e+07		-5.40577		0		0		3.09171e+06		616.534		
00:00:51:750		1.1265e+07		-5.39887		0		0		3.09554e+06		617.284		
00:00:51:700		1.12686e+07		-5.3954		0		0		3.09741e+06		618.218		
00:00:51:549		1.12793e+07		-5.38494		0		0		3.10265e+06		618.616		
00:00:51:500		1.12829e+07		-5.38143		0		0		3.10511e+06		617.952		
00:00:51:299		1.13009e+07		-5.36381		0		0		3.12024e+06		621.308		
00:00:51:149		1.13081e+07		-5.35674		0		0		3.12583e+06		624.963		
00:00:51:149		1.13081e+07		-5.35674		0		0		3.12583e+06		624.963		
00:00:51:049		1.13152e+07		-5.34967		0		0		3.13197e+06		627.047		
00:00:50:950		1.13223e+07		-5.34258		0		0		3.13617e+06		628.763		
00:00:50:850		1.13294e+07		-5.33549		0		0		3.13407e+06		625.366		
00:00:50:750		1.13365e+07		-5.32837		0		0		3.13342e+06		624.633		
00:00:50:649		1.13436e+07		-5.32123		0		0		3.13724e+06		626.367		
00:00:50:549		1.13506e+07		-5.31407		0		0		3.14144e+06		626.061		
00:00:50:450		1.13577e+07		-5.30686		0		0		3.1453e+06		626.946		
00:00:50:350		1.13648e+07		-5.29962		0		0		3.14906e+06		627.572		
00:00:50:250		1.13717e+07		-5.29234		0		0		3.15493e+06		629.424		
00:00:50:149		1.13788e+07		-5.285		0		0		3.16163e+06		630.518		
00:00:50:049		1.13859e+07		-5.27763		0		0		3.16697e+06		630.273		
00:00:49:950		1.1393e+07		-5.27023		0		0		3.17283e+06		633.946		
00:00:49:850		1.14001e+07		-5.2628		0		0		3.17989e+06		637.676		
00:00:49:750		1.14071e+07		-5.25534		0		0		3.18423e+06		638.023		
00:00:49:649		1.14141e+07		-5.24785		0		0		3.18122e+06		634.442		
00:00:49:549		1.14211e+07		-5.24031		0		0		3.18088e+06		634.897		
00:00:49:450		1.14281e+07		-5.23273		0		0		3.18513e+06		634.784		
00:00:49:250		1.14422e+07		-5.21747		0		0		3.1938e+06		635.777		
00:00:49:250		1.14422e+07		-5.21747		0		0		3.1938e+06		635.777		
00:00:49:100		1.14527e+07		-5.20591		0		0		3.20043e+06		636.505		
00:00:49:049		1.14562e+07		-5.20203		0		0		3.20374e+06		639.104		
00:00:48:899		1.14669e+07		-5.19035		0		0		3.213e+06		640.646		
00:00:48:799		1.1474e+07		-5.18252		0		0		3.2185e+06		640.563		
00:00:48:750		1.14775e+07		-5.17859		0		0		3.22171e+06		644.092		
00:00:48:600		1.1488e+07		-5.16675		0		0		3.2317e+06		647.976		
00:00:48:549		1.14915e+07		-5.16278		0		0		3.23205e+06		646.925		
00:00:48:399		1.1502e+07		-5.15081		0		0		3.22802e+06		642.802		
00:00:48:299		1.1509e+07		-5.14278		0		0		3.23151e+06		643.695		
00:00:48:200		1.1516e+07		-5.1347		0		0		3.23648e+06		644.777		
00:00:48:100		1.1523e+07		-5.12659		0		0		3.24119e+06		645.44		
00:00:48:000		1.15301e+07		-5.11844		0		0		3.2455e+06		645.573		
00:00:47:899		1.15371e+07		-5.11024		0		0		3.25069e+06		646.661		
00:00:47:799		1.15443e+07		-5.10202		0		0		3.25731e+06		648.252		
00:00:47:700		1.15514e+07		-5.09378		0		0		3.26328e+06		649.431		
00:00:47:600		1.15586e+07		-5.08552		0		0		3.26962e+06		652.172		
00:00:47:500		1.15657e+07		-5.07726		0		0		3.27692e+06		657.124		
00:00:47:399		1.15727e+07		-5.06898		0		0		3.27967e+06		656.519		
00:00:47:299		1.15798e+07		-5.0607		0		0		3.27605e+06		652.789		
00:00:47:200		1.15868e+07		-5.05241		0		0		3.27604e+06		652.015		
00:00:47:200		1.15868e+07		-5.05241		0		0		3.27604e+06		652.015		
00:00:47:000		1.16011e+07		-5.0358		0		0		3.28631e+06		655.178		
00:00:47:000		1.16011e+07		-5.0358		0		0		3.28631e+06		655.178		
00:00:46:899		1.16082e+07		-5.02748		0		0		3.29116e+06		654.616		
00:00:46:799		1.16153e+07		-5.01913		0		0		3.29605e+06		655.137		
00:00:46:700		1.16225e+07		-5.01076		0		0		3.3021e+06		656.773		
00:00:46:600		1.16297e+07		-5.00237		0		0		3.30877e+06		658.028		
00:00:46:500		1.16368e+07		-4.99395		0		0		3.3151e+06		660.558		
00:00:46:399		1.16439e+07		-4.98551		0		0		3.32281e+06		665.357		
00:00:46:200		1.16581e+07		-4.96855		0		0		3.32374e+06		662.929		
00:00:46:200		1.16581e+07		-4.96855		0		0		3.32374e+06		662.929		
00:00:46:049		1.16687e+07		-4.95574		0		0		3.32334e+06		661.244		
00:00:45:950		1.16758e+07		-4.94715		0		0		3.32895e+06		662.429		
00:00:45:850		1.16829e+07		-4.93853		0		0		3.3344e+06		664.53		
00:00:45:799		1.16865e+07		-4.93421		0		0		3.33698e+06		663.641		
00:00:45:649		1.16973e+07		-4.9212		0		0		3.34533e+06		664.865		
00:00:45:549		1.17045e+07		-4.91249		0		0		3.35223e+06		666.488		
00:00:45:450		1.17117e+07		-4.90377		0		0		3.35909e+06		670.05		
00:00:45:250		1.1726e+07		-4.88626		0		0		3.37313e+06		676.183		
00:00:45:149		1.1733e+07		-4.87747		0		0		3.37235e+06		673.629		
00:00:45:149		1.1733e+07		-4.87747		0		0		3.37235e+06		673.629		
00:00:45:049		1.17401e+07		-4.86866		0		0		3.36912e+06		670.873		
00:00:44:950		1.17471e+07		-4.8598		0		0		3.37051e+06		671.711		
00:00:44:850		1.17543e+07		-4.85091		0		0		3.3763e+06		672.835		
00:00:44:750		1.17614e+07		-4.84198		0		0		3.38189e+06		672.389		
00:00:44:649		1.17686e+07		-4.83302		0		0		3.38741e+06		674.416		
00:00:44:549		1.17759e+07		-4.82402		0		0		3.3936e+06		674.014		
00:00:44:450		1.17832e+07		-4.815		0		0		3.401e+06		677.594		
00:00:44:350		1.17904e+07		-4.80597		0		0		3.4085e+06		680.632		
00:00:44:250		1.17975e+07		-4.79693		0		0		3.41673e+06		683.673		
00:00:44:149		1.18046e+07		-4.7879		0		0		3.42159e+06		684.377		
00:00:44:049		1.18117e+07		-4.77887		0		0		3.41877e+06		682.158		
00:00:43:950		1.18187e+07		-4.76981		0		0		3.41702e+06		679.626		
00:00:43:850		1.18258e+07		-4.7607		0		0		3.41967e+06		680.109		
00:00:43:750		1.18329e+07		-4.75153		0		0		3.42566e+06		680.994		
00:00:43:649		1.18401e+07		-4.74233		0		0		3.43133e+06		683.121		
00:00:43:549		1.18473e+07		-4.7331		0		0		3.43735e+06		682.448		
00:00:43:450		1.18546e+07		-4.72385		0		0		3.44454e+06		684.122		
00:00:43:350		1.18618e+07		-4.71461		0		0		3.45289e+06		686.806		
00:00:43:250		1.1869e+07		-4.70539		0		0		3.46141e+06		691.363		
00:00:43:149		1.18761e+07		-4.69618		0		0		3.46815e+06		694.823		
00:00:43:049		1.18832e+07		-4.68698		0		0		3.46737e+06		692.484		
00:00:42:950		1.18902e+07		-4.67776		0		0		3.46482e+06		690.062		
00:00:42:850		1.18973e+07		-4.6685		0		0		3.46541e+06		688.698		
00:00:42:700		1.19081e+07		-4.65456		0		0		3.47393e+06		690.436		
00:00:42:600		1.19153e+07		-4.64529		0		0		3.47953e+06		690.71		
00:00:42:500		1.19225e+07		-4.63609		0		0		3.48564e+06		691.06		
00:00:42:399		1.19296e+07		-4.6269		0		0		3.49374e+06		693.476		
00:00:42:299		1.19366e+07		-4.61773		0		0		3.5032e+06		697.812		
00:00:42:200		1.19436e+07		-4.60858		0		0		3.51216e+06		702.846		
00:00:42:100		1.19505e+07		-4.59945		0		0		3.51554e+06		703.09		
00:00:42:000		1.19574e+07		-4.59032		0		0		3.51277e+06		700.528		
00:00:41:899		1.19643e+07		-4.58116		0		0		3.51194e+06		697.927		
00:00:41:899		1.19643e+07		-4.58116		0		0		3.51194e+06		697.927		
00:00:41:799		1.19712e+07		-4.57195		0		0		3.51444e+06		699.743		
00:00:41:700		1.19782e+07		-4.56271		0		0		3.52114e+06		699.632		
00:00:41:600		1.19852e+07		-4.55346		0		0		3.52715e+06		700.192		
00:00:41:399		1.19993e+07		-4.53486		0		0		3.54173e+06		703.386		
00:00:41:399		1.19993e+07		-4.53486		0		0		3.54173e+06		703.386		
00:00:41:200		1.20134e+07		-4.51619		0		0		3.5601e+06		712.688		
00:00:41:200		1.20134e+07		-4.51619		0		0		3.5601e+06		712.688		
00:00:41:100		1.20204e+07		-4.50683		0		0		3.56052e+06		710.883		
00:00:41:000		1.20274e+07		-4.49744		0		0		3.55838e+06		708.987		
00:00:40:899		1.20344e+07		-4.48801		0		0		3.55861e+06		706.967		
00:00:40:799		1.20415e+07		-4.47855		0		0		3.5625e+06		707.916		
00:00:40:649		1.2052e+07		-4.4643		0		0		3.57257e+06		709.029		
00:00:40:549		1.20591e+07		-4.45477		0		0		3.57928e+06		709.639		
00:00:40:450		1.20662e+07		-4.44523		0		0		3.58765e+06		715.103		
00:00:40:250		1.20804e+07		-4.42617		0		0		3.60509e+06		721.152		
00:00:40:149		1.20874e+07		-4.41665		0		0		3.60357e+06		718.763		
00:00:40:149		1.20874e+07		-4.41665		0		0		3.60357e+06		718.763		
00:00:40:049		1.20945e+07		-4.40713		0		0		3.60286e+06		717.154		
00:00:39:950		1.21015e+07		-4.39761		0		0		3.60391e+06		715.49		
00:00:39:899		1.2105e+07		-4.39285		0		0		3.60577e+06		715.857		
00:00:39:750		1.21156e+07		-4.37853		0		0		3.61611e+06		717.443		
00:00:39:649		1.21227e+07		-4.36896		0		0		3.62311e+06		718.636		
00:00:39:549		1.21297e+07		-4.35938		0		0		3.63178e+06		722.209		
00:00:39:450		1.21368e+07		-4.34979		0		0		3.64247e+06		728.197		
00:00:39:250		1.21506e+07		-4.33067		0		0		3.64526e+06		726.783		
00:00:39:149		1.21575e+07		-4.32113		0		0		3.64573e+06		725.184		
00:00:39:149		1.21575e+07		-4.32113		0		0		3.64573e+06		725.184		
00:00:39:049		1.21644e+07		-4.31159		0		0		3.64777e+06		724.07		
00:00:38:950		1.21712e+07		-4.30204		0		0		3.6542e+06		725.537		
00:00:38:850		1.21781e+07		-4.29246		0		0		3.66157e+06		726.47		
00:00:38:750		1.2185e+07		-4.28286		0		0		3.66947e+06		728.844		
00:00:38:649		1.2192e+07		-4.27326		0		0		3.6797e+06		734.486		
00:00:38:549		1.2199e+07		-4.26365		0		0		3.68705e+06		737.039		
00:00:38:450		1.22059e+07		-4.25404		0		0		3.68632e+06		734.965		
00:00:38:250		1.22198e+07		-4.23479		0		11.8906		3.68832e+06		732.18		
00:00:38:149		1.22268e+07		-4.22514		0		0		3.69385e+06		733.271		
00:00:38:149		1.22268e+07		-4.22514		0		0		3.69385e+06		733.271		
00:00:38:049		1.22337e+07		-4.21546		0		0		3.70197e+06		734.614		
00:00:37:899		1.22442e+07		-4.20091		0		0		3.71537e+06		740.473		
00:00:37:799		1.22512e+07		-4.19122		0		0		3.72416e+06		744.499		
00:00:37:700		1.22582e+07		-4.18154		0		0		3.72503e+06		742.479		
00:00:37:600		1.22652e+07		-4.17188		0		0		3.72479e+06		741.125		
00:00:37:549		1.22687e+07		-4.16706		0		0		3.72568e+06		740.915		
00:00:37:450		1.22757e+07		-4.15744		0		0		3.72852e+06		741.251		
00:00:37:350		1.22827e+07		-4.14783		0		0		3.73581e+06		743.415		
00:00:37:250		1.22897e+07		-4.13824		0		0		3.74455e+06		744.064		
00:00:37:100		1.23003e+07		-4.12389		0		0		3.75865e+06		751.02		
00:00:37:000		1.23073e+07		-4.11435		0		0		3.76136e+06		749.947		
00:00:36:899		1.23143e+07		-4.10482		0		0		3.76088e+06		748.489		
00:00:36:799		1.23213e+07		-4.09529		0		12.8257		3.76286e+06		748.118		
00:00:36:700		1.23283e+07		-4.08572		0		0		3.76709e+06		747.216		
00:00:36:600		1.23354e+07		-4.0761		0		0		3.77585e+06		749.754		
00:00:36:500		1.23424e+07		-4.06643		0		0		3.78507e+06		755.817		
00:00:36:500		1.23424e+07		-4.06643		0		0		3.78507e+06		755.817		
00:00:36:299		1.23565e+07		-4.04688		0		0		3.79518e+06		756.078		
00:00:36:200		1.23635e+07		-4.03699		0		0		3.7957e+06		754.929		
00:00:36:100		1.23705e+07		-4.02702		0		0		3.79851e+06		753.661		
00:00:36:000		1.23775e+07		-4.01696		0		0		3.80404e+06		754.809		
00:00:35:899		1.23845e+07		-4.00685		0		0		3.81361e+06		758.513		
00:00:35:799		1.23915e+07		-3.99672		0		0		3.82286e+06		762.94		
00:00:35:700		1.23986e+07		-3.9866		0		0		3.82726e+06		762.909		
00:00:35:600		1.24056e+07		-3.97655		0		0		3.82737e+06		761.453		
00:00:35:600		1.24056e+07		-3.97655		0		0		3.82737e+06		761.453		
00:00:35:500		1.24126e+07		-3.96662		0		0		3.82974e+06		760.043		
00:00:35:399		1.24196e+07		-3.95684		0		0		3.83407e+06		760.074		
00:00:35:200		1.24336e+07		-3.93785		0		0		3.8527e+06		768.256		
00:00:35:200		1.24336e+07		-3.93785		0		0		3.8527e+06		768.256		
00:00:35:100		1.24407e+07		-3.92866		0		0		3.85885e+06		769.443		
00:00:35:000		1.24477e+07		-3.91964		0		0		3.85926e+06		767.782		
00:00:34:850		1.24582e+07		-3.90632		0		0		3.86297e+06		766.096		
00:00:34:750		1.24653e+07		-3.89751		0		0		3.86861e+06		769.694		
00:00:34:649		1.24723e+07		-3.8887		0		0		3.87854e+06		771.58		
00:00:34:450		1.24864e+07		-3.87097		0		0		3.89112e+06		774.789		
00:00:34:450		1.24864e+07		-3.87097		0		0		3.89112e+06		774.789		
00:00:34:350		1.24935e+07		-3.86201		0		0		3.89184e+06		774.438		
00:00:34:149		1.25076e+07		-3.84383		0		0		3.90031e+06		773.415		
00:00:34:149		1.25076e+07		-3.84383		0		0		3.90031e+06		773.415		
00:00:34:049		1.25147e+07		-3.8346		0		0		3.9101e+06		777.644		
00:00:33:950		1.25218e+07		-3.82528		0		0		3.91946e+06		781.672		
00:00:33:850		1.2529e+07		-3.81589		0		0		3.92327e+06		781.269		
00:00:33:750		1.25361e+07		-3.80642		0		0		3.92397e+06		780.637		
00:00:33:649		1.25432e+07		-3.79689		0		0		3.92722e+06		778.823		
00:00:33:549		1.25503e+07		-3.78729		0		0		3.93274e+06		779.447		
00:00:33:450		1.25574e+07		-3.77763		0		0		3.94266e+06		785.992		
00:00:33:250		1.25717e+07		-3.75815		0		0		3.95629e+06		787.505		
00:00:33:149		1.25788e+07		-3.74835		0		0		3.95711e+06		787.056		
00:00:33:149		1.25788e+07		-3.74835		0		0		3.95711e+06		787.056		
00:00:33:049		1.25859e+07		-3.73851		0		0		3.96044e+06		785.203		
00:00:32:950		1.25929e+07		-3.72863		0		0		3.96594e+06		785.958		
00:00:32:850		1.26e+07		-3.71872		0		0		3.97562e+06		790.016		
00:00:32:750		1.26071e+07		-3.70878		0		0		3.98533e+06		794.345		
00:00:32:649		1.26143e+07		-3.69883		0		0		3.98977e+06		794.163		
00:00:32:549		1.26214e+07		-3.68886		0		0		3.99047e+06		792.413		
00:00:32:450		1.26285e+07		-3.67889		0		0		3.99403e+06		791.792		
00:00:32:250		1.26426e+07		-3.65888		0		0		4.00927e+06		796.37		
00:00:32:149		1.26497e+07		-3.64886		0		0		4.01898e+06		801.431		
00:00:32:149		1.26497e+07		-3.64886		0		0		4.01898e+06		801.431		
00:00:32:049		1.26568e+07		-3.63882		0		0		4.02382e+06		800.944		
00:00:31:949		1.26639e+07		-3.62877		0		0		4.02504e+06		799.225		
00:00:31:850		1.2671e+07		-3.61872		0		0		4.02849e+06		799.603		
00:00:31:699		1.26816e+07		-3.60362		0		0		4.03848e+06		803.127		
00:00:31:600		1.26887e+07		-3.59353		0		0		4.04921e+06		805.305		
00:00:31:500		1.26958e+07		-3.58342		0		0		4.05686e+06		807.873		
00:00:31:399		1.27029e+07		-3.57331		0		0		4.05955e+06		806.524		
00:00:31:300		1.271e+07		-3.56317		0		0		4.06184e+06		806.766		
00:00:31:199		1.27172e+07		-3.55302		0		0		4.06669e+06		805.146		
00:00:31:100		1.27243e+07		-3.54285		0		0		4.07418e+06		809.984		
00:00:31:000		1.27314e+07		-3.53266		0		0		4.08536e+06		812.647		
00:00:31:000		1.27314e+07		-3.53266		0		0		4.08536e+06		812.647		
00:00:30:850		1.27422e+07		-3.51734		0		0		4.09516e+06		814.687		
00:00:30:750		1.27493e+07		-3.5071		0		0		4.09632e+06		813.865		
00:00:30:600		1.27601e+07		-3.4917		0		0		4.1031e+06		813.795		
00:00:30:500		1.27673e+07		-3.48143		0		0		4.11072e+06		817.368		
00:00:30:399		1.27745e+07		-3.47113		0		0		4.12192e+06		819.55		
00:00:30:300		1.27817e+07		-3.46082		0		0		4.13001e+06		822.15		
00:00:30:199		1.27889e+07		-3.45049		0		0		4.13273e+06		821.18		
00:00:30:100		1.27961e+07		-3.44014		0		0		4.13584e+06		819.721		
00:00:30:000		1.28033e+07		-3.42976		0		0		4.1421e+06		820.055		
00:00:29:899		1.28105e+07		-3.41936		0		0		4.15082e+06		825.857		
00:00:29:899		1.28105e+07		-3.41936		0		0		4.15082e+06		825.857		
00:00:29:800		1.28178e+07		-3.40893		0		0		4.16081e+06		828.575		
00:00:29:699		1.28251e+07		-3.39849		0		0		4.16666e+06		828.01		
00:00:29:600		1.28324e+07		-3.38802		0		0		4.1694e+06		828.211		
00:00:29:500		1.28397e+07		-3.37753		0		0		4.17425e+06		827.539		
00:00:29:399		1.28506e+07		-3.36176		0		0		4.18478e+06		828.812		
00:00:29:149		1.28653e+07		-3.34068		0		0		4.20262e+06		834.712		
00:00:29:149		1.28653e+07		-3.34068		0		0		4.20262e+06		834.712		
00:00:29:050		1.28726e+07		-3.33012		0		0		4.20824e+06		835.53		
00:00:28:850		1.28873e+07		-3.30895		0		0		4.21975e+06		838.418		
00:00:28:850		1.28873e+07		-3.30895		0		0		4.21975e+06		838.418		
00:00:28:750		1.28946e+07		-3.29834		0		0		4.23046e+06		842.187		
00:00:28:649		1.2902e+07		-3.28771		0		0		4.23834e+06		842.689		
00:00:28:550		1.29093e+07		-3.27707		0		0		4.24277e+06		842.284		
00:00:28:449		1.29167e+07		-3.26641		0		0		4.24595e+06		844.119		
00:00:28:250		1.29316e+07		-3.24503		0		0		4.25778e+06		846.332		
00:00:28:199		1.29353e+07		-3.23967		0		0		4.26162e+06		845.652		
00:00:28:199		1.29353e+07		-3.23967		0		0		4.26162e+06		845.652		
00:00:28:100		1.29428e+07		-3.22894		0		10.4935		4.26894e+06		847.213		
00:00:28:000		1.29502e+07		-3.21819		0		0		4.275e+06		848.283		
00:00:27:800		1.29652e+07		-3.19665		0		0		4.28819e+06		852.107		
00:00:27:800		1.29652e+07		-3.19665		0		0		4.28819e+06		852.107		
00:00:27:649		1.29764e+07		-3.18043		0		11.6085		4.29326e+06		850.865		
00:00:27:550		1.29839e+07		-3.16959		0		0		4.29968e+06		852.803		
00:00:27:449		1.29914e+07		-3.15873		0		0		4.30805e+06		854.928		
00:00:27:350		1.29989e+07		-3.14785		0		0		4.31398e+06		856.647		
00:00:27:149		1.30141e+07		-3.126		0		0		4.32892e+06		860.413		
00:00:27:149		1.30141e+07		-3.126		0		0		4.32892e+06		860.413		
00:00:27:050		1.30216e+07		-3.11505		0		3.46914		4.33597e+06		860.948		
00:00:26:949		1.30292e+07		-3.10407		0		11.7971		4.33788e+06		859.125		
00:00:26:850		1.30368e+07		-3.09307		0		0		4.34427e+06		861.456		
00:00:26:750		1.30444e+07		-3.08205		0		0		4.35233e+06		864.076		
00:00:26:649		1.30521e+07		-3.07099		0		0		4.35829e+06		864.525		
00:00:26:550		1.30597e+07		-3.05992		0		10.0787		4.36549e+06		864.734		
00:00:26:449		1.30674e+07		-3.04882		0		10.6291		4.37562e+06		869.158		
00:00:26:250		1.30827e+07		-3.02658		0		0		4.38634e+06		869.504		
00:00:26:100		1.30942e+07		-3.00983		0		0		4.39452e+06		870.398		
00:00:26:100		1.30942e+07		-3.00983		0		0		4.39452e+06		870.398		
00:00:26:000		1.31019e+07		-2.99863		0		0		4.4021e+06		871.755		
00:00:25:899		1.31096e+07		-2.98739		0		9.93773		4.40976e+06		874.417		
00:00:25:800		1.31174e+07		-2.97612		0		13.4022		4.41803e+06		875.18		
00:00:25:699		1.31252e+07		-2.96482		0		0		4.42864e+06		879.954		
00:00:25:600		1.3133e+07		-2.95349		0		0		4.43556e+06		880.74		
00:00:25:500		1.31408e+07		-2.94214		0		0		4.43767e+06		879.249		
00:00:25:399		1.31486e+07		-2.93077		0		0		4.44353e+06		879.863		
00:00:25:399		1.31486e+07		-2.93077		0		0		4.44353e+06		879.863		
00:00:25:250		1.31603e+07		-2.91365		0		0		4.45513e+06		882.023		
00:00:25:149		1.31681e+07		-2.90218		0		10.9627		4.46306e+06		882.614		
00:00:25:000		1.318e+07		-2.88491		0		0		4.47778e+06		888.839		
00:00:24:899		1.31879e+07		-2.87336		0		0		4.48638e+06		890.648		
00:00:24:800		1.31958e+07		-2.86178		0		0		4.48888e+06		889.184		
00:00:24:699		1.32038e+07		-2.85018		0		0		4.4942e+06		889.492		
00:00:24:600		1.32117e+07		-2.83853		0		0		4.50182e+06		892.885		
00:00:24:500		1.32197e+07		-2.82685		0		0		4.50986e+06		892.638		
00:00:24:399		1.32276e+07		-2.81513		0		0		4.51793e+06		893.859		
00:00:24:300		1.32357e+07		-2.80337		0		0		4.52801e+06		897.949		
00:00:24:199		1.32437e+07		-2.79158		0		0		4.53782e+06		901.228		
00:00:24:100		1.32518e+07		-2.77976		0		0		4.54143e+06		899.559		
00:00:24:100		1.32518e+07		-2.77976		0		0		4.54143e+06		899.559		
00:00:23:899		1.3268e+07		-2.75604		0		0		4.55334e+06		900.884		
00:00:23:899		1.3268e+07		-2.75604		0		0		4.55334e+06		900.884		
00:00:23:800		1.32762e+07		-2.74413		0		0		4.56152e+06		904.431		
00:00:23:649		1.32885e+07		-2.72619		0		12.1065		4.57405e+06		907.341		
00:00:23:600		1.32926e+07		-2.72019		0		0		4.57911e+06		906.822		
00:00:23:449		1.33049e+07		-2.70213		0		11.3535		4.59389e+06		911.746		
00:00:23:350		1.33132e+07		-2.69004		0		11.6716		4.59705e+06		911.37		
00:00:23:149		1.33298e+07		-2.66576		0		11.6085		4.6104e+06		914.031		
00:00:23:149		1.33298e+07		-2.66576		0		11.6085		4.6104e+06		914.031		
00:00:23:050		1.33382e+07		-2.65358		0		12.1676		4.61881e+06		915.571		
00:00:22:949		1.33466e+07		-2.64135		0		12.8257		4.62723e+06		914.785		
00:00:22:850		1.33549e+07		-2.62909		0		11.6085		4.63711e+06		918.434		
00:00:22:750		1.33634e+07		-2.61679		0		11.7345		4.64786e+06		923.246		
00:00:22:649		1.33718e+07		-2.60445		0		12.1676		4.65284e+06		921.028		
00:00:22:550		1.33803e+07		-2.59207		0		12.2286		4.65713e+06		922.988		
00:00:22:449		1.33887e+07		-2.57965		0		12.2893		4.66449e+06		924.544		
00:00:22:350		1.33973e+07		-2.56719		0		12.3497		4.67297e+06		923.85		
00:00:22:149		1.34144e+07		-2.54217		0		13.0007		4.69063e+06		930.629		
00:00:22:149		1.34144e+07		-2.54217		0		13.0007		4.69063e+06		930.629		
00:00:22:050		1.3423e+07		-2.5296		0		12.1676		4.70203e+06		932.575		
00:00:21:949		1.34316e+07		-2.517		0		12.7079		4.70986e+06		932.949		
00:00:21:850		1.34402e+07		-2.50437		0		12.9425		4.71314e+06		933.846		
00:00:21:750		1.34488e+07		-2.49171		0		13.0007		4.71989e+06		935.167		
00:00:21:649		1.34574e+07		-2.47903		0		12.9425		4.72835e+06		936.892		
00:00:21:550		1.3466e+07		-2.4663		0		10.8302		4.73725e+06		936.323		
00:00:21:399		1.3479e+07		-2.44715		0		0		4.75175e+06		940.983		
00:00:21:250		1.3492e+07		-2.42789		0		13.4022		4.76578e+06		944.059		
00:00:21:149		1.35007e+07		-2.415		0		13.6275		4.76933e+06		944.752		
00:00:21:149		1.35007e+07		-2.415		0		13.6275		4.76933e+06		944.752		
00:00:21:050		1.35095e+07		-2.40205		0		13.7946		4.77666e+06		946.198		
00:00:20:949		1.35183e+07		-2.38907		0		11.2891		4.7853e+06		945.694		
00:00:20:850		1.35272e+07		-2.37604		0		13.6275		4.79452e+06		950.554		
00:00:20:750		1.35361e+07		-2.36297		0		10.7634		4.80491e+06		952.801		
00:00:20:649		1.35494e+07		-2.34327		0		0		4.81444e+06		951.709		
00:00:20:500		1.35584e+07		-2.33008		0		0		4.82213e+06		953.008		
00:00:20:399		1.35674e+07		-2.31685		0		0		4.83052e+06		954.815		
00:00:20:199		1.35855e+07		-2.29024		0		0		4.84767e+06		960.045		
00:00:20:100		1.35946e+07		-2.27687		0		0		4.85541e+06		959.919		
00:00:20:100		1.35946e+07		-2.27687		0		0		4.85541e+06		959.919		
00:00:20:000		1.36037e+07		-2.26346		0		0		4.8637e+06		961.037		
00:00:19:899		1.36128e+07		-2.25		0		0		4.87219e+06		964.825		
00:00:19:800		1.3622e+07		-2.23653		0		0		4.88071e+06		964.585		
00:00:19:699		1.3622e+07		-2.23653		0		0		4.88071e+06		964.585		
00:00:19:600		1.36404e+07		-2.20948		0		0		4.89729e+06		967.787		
00:00:19:600		1.36404e+07		-2.20948		0		0		4.89729e+06		967.787		
00:00:19:500		1.36497e+07		-2.19592		0		0		4.90575e+06		969.674		
00:00:19:399		1.36589e+07		-2.18234		0		0		4.91426e+06		971.289		
00:00:19:199		1.36775e+07		-2.15514		0		0		4.93122e+06		974.151		
00:00:19:199		1.36775e+07		-2.15514		0		0		4.93122e+06		974.151		
00:00:19:100		1.36869e+07		-2.14154		0		0		4.93976e+06		975.776		
00:00:18:899		1.37056e+07		-2.11436		0		10.1487		4.9569e+06		981.04		
00:00:18:899		1.37056e+07		-2.11436		0		10.1487		4.9569e+06		981.04		
00:00:18:800		1.3715e+07		-2.10078		0		10.2876		4.96547e+06		980.835		
00:00:18:699		1.37245e+07		-2.08722		0		10.4252		4.97406e+06		982.63		
00:00:18:600		1.3734e+07		-2.07367		0		10.5614		4.98268e+06		983.915		
00:00:18:449		1.37483e+07		-2.05337		0		10.8302		4.99565e+06		988.622		
00:00:18:250		1.37674e+07		-2.0264		0		11.0941		5.01302e+06		991.891		
00:00:18:199		1.37723e+07		-2.01967		0		10.9627		5.01738e+06		990.558		
00:00:18:199		1.37723e+07		-2.01967		0		10.9627		5.01738e+06		990.558		
00:00:18:100		1.37819e+07		-2.00626		0		11.1594		5.02614e+06		994.319		
00:00:18:000		1.37917e+07		-1.99288		0		11.2891		5.03491e+06		994.058		
00:00:17:899		1.38014e+07		-1.97955		0		11.4176		5.04372e+06		995.725		
00:00:17:800		1.38112e+07		-1.96626		0		11.5452		5.05257e+06		999.771		
00:00:17:649		1.3826e+07		-1.94641		0		11.7345		5.0659e+06		1000.18		
00:00:17:550		1.38359e+07		-1.93324		0		11.9216		5.07483e+06		1003.87		
00:00:17:449		1.38458e+07		-1.92013		0		12.1065		5.08379e+06		1005.54		
00:00:17:350		1.38557e+07		-1.90707		0		12.3497		5.09275e+06		1005.5		
00:00:17:149		1.38758e+07		-1.88112		0		12.7079		5.11075e+06		1010.78		
00:00:17:149		1.38758e+07		-1.88112		0		12.7079		5.11075e+06		1010.78		
00:00:17:050		1.38859e+07		-1.86824		0		12.8257		5.1198e+06		1012.5		
00:00:16:949		1.38961e+07		-1.85541		0		13.0007		5.12888e+06		1014.16		
00:00:16:899		1.39012e+07		-1.84903		0		13.1164		5.13343e+06		1015.27		
00:00:16:750		1.39166e+07		-1.82992		0		13.4022		5.14713e+06		1015.44		
00:00:16:550		1.39374e+07		-1.80452		0		13.6834		5.16555e+06		1021.16		
00:00:16:550		1.39374e+07		-1.80452		0		13.6834		5.16555e+06		1021.16		
00:00:16:449		1.39479e+07		-1.79182		0		13.9051		5.17486e+06		1022.72		
00:00:16:250		1.39694e+07		-1.76635		0		14.2327		5.1936e+06		1024.54		
00:00:16:149		1.39803e+07		-1.75354		0		14.3943		5.20305e+06		1028.41		
00:00:16:149		1.39803e+07		-1.75354		0		14.3943		5.20305e+06		1028.41		
00:00:16:050		1.39914e+07		-1.74068		0		14.6076		5.21255e+06		1030.19		
00:00:15:949		1.40027e+07		-1.72773		0		14.7659		5.22211e+06		1031.86		
00:00:15:849		1.40142e+07		-1.71471		0		14.9229		5.2317e+06		1034.12		
00:00:15:750		1.4026e+07		-1.70159		0		15.1303		5.24131e+06		1033.72		
00:00:15:650		1.40381e+07		-1.68835		0		15.2843		5.25095e+06		1037.8		
00:00:15:550		1.40506e+07		-1.67504		0		15.4371		5.26063e+06		1037.42		
00:00:15:449		1.40634e+07		-1.66165		0		15.639		5.27036e+06		1038.96		
00:00:15:349		1.40762e+07		-1.64816		0		15.7392		5.28014e+06		1043.44		
00:00:15:150		1.41015e+07		-1.62079		0		16.0859		5.29983e+06		1045.08		
00:00:15:150		1.41015e+07		-1.62079		0		16.0859		5.29983e+06		1045.08		
00:00:15:050		1.41139e+07		-1.60687		0		16.2813		5.30975e+06		1047.09		
00:00:14:949		1.41258e+07		-1.59276		0		16.4748		5.31973e+06		1049.43		
00:00:14:849		1.41372e+07		-1.57848		0		16.6188		5.32977e+06		1050.68		
00:00:14:750		1.41481e+07		-1.56407		0		16.7618		5.33987e+06		1052.6		
00:00:14:650		1.41588e+07		-1.54961		0		16.9509		5.35004e+06		1054.53		
00:00:14:550		1.41694e+07		-1.53509		0		17.0448		5.36027e+06		1056.49		
00:00:14:449		1.418e+07		-1.52051		0		17.2777		5.37056e+06		1058.51		
00:00:14:250		1.42011e+07		-1.49118		0		17.5996		5.39131e+06		1062.58		
00:00:14:099		1.4217e+07		-1.46904		0		17.8266		5.40698e+06		1065.3		
00:00:14:099		1.4217e+07		-1.46904		0		17.8266		5.40698e+06		1065.3		
00:00:14:000		1.42275e+07		-1.45422		0		17.9617		5.41753e+06		1067.29		
00:00:13:900		1.42381e+07		-1.43935		0		18.1405		5.42813e+06		1069.3		
00:00:13:800		1.42486e+07		-1.42443		0		18.2294		5.4388e+06		1071.31		
00:00:13:699		1.42591e+07		-1.40946		0		18.4061		5.44952e+06		1073.33		
00:00:13:599		1.42697e+07		-1.39444		0		18.5814		5.46031e+06		1075.36		
00:00:13:500		1.42802e+07		-1.37938		0		18.6685		5.47116e+06		1077.39		
00:00:13:400		1.42906e+07		-1.36427		0		18.7986		5.4821e+06		1079.44		
00:00:13:300		1.43011e+07		-1.34911		0		18.9709		5.49311e+06		1081.5		
00:00:13:199		1.43115e+07		-1.33389		0		19.0565		5.50423e+06		1083.59		
00:00:13:099		1.43219e+07		-1.31862		0		19.0992		5.51542e+06		1085.7		
00:00:13:099		1.43219e+07		-1.31862		0		19.0992		5.51542e+06		1085.7		
00:00:13:000		1.43323e+07		-1.3033		0		19.1844		5.5267e+06		1087.83		
00:00:12:900		1.43426e+07		-1.28793		0		19.2693		5.53804e+06		1089.97		
00:00:12:800		1.43529e+07		-1.2725		0		19.3116		5.54944e+06		1092.11		
00:00:12:699		1.43632e+07		-1.25702		0.132646		19.4801		5.56089e+06		1094.24		
00:00:12:599		1.43734e+07		-1.24147		0.265		19.5221		5.57243e+06		1096.4		
00:00:12:400		1.43937e+07		-1.2102		0.525606		19.6474		5.59583e+06		1100.78		
00:00:12:400		1.43937e+07		-1.2102		0.525606		19.6474		5.59583e+06		1100.78		
00:00:12:300		1.44037e+07		-1.19447		0.652482		19.6891		5.60767e+06		1103		
00:00:12:199		1.44136e+07		-1.17868		0.77618		19.7306		5.61959e+06		1105.24		
00:00:11:949		1.44376e+07		-1.13889		1.06797		19.8549		5.64979e+06		1110.96		
00:00:11:949		1.44376e+07		-1.13889		1.06797		19.8549		5.64979e+06		1110.96		
00:00:11:849		1.44467e+07		-1.12286		1.17662		19.8549		5.66206e+06		1113.47		
00:00:11:750		1.44558e+07		-1.10687		1.28026		19.9374		5.67445e+06		1115.63		
00:00:11:650		1.44651e+07		-1.09092		1.37858		19.8549		5.68696e+06		1118.31		
00:00:11:550		1.4475e+07		-1.07502		1.4714		19.6891		5.69956e+06		1120.84		
00:00:11:449		1.44852e+07		-1.05904		1.55905		19.6474		5.71218e+06		1122.74		
00:00:11:349		1.44946e+07		-1.04294		1.641		19.5221		5.72474e+06		1124.99		
00:00:11:150		1.45134e+07		-1.01049		1.78783		19.3538		5.74955e+06		1130.2		
00:00:11:150		1.45134e+07		-1.01049		1.78783		19.3538		5.74955e+06		1130.2		
00:00:11:050		1.45222e+07		-0.994102		1.85446		19.3116		5.76181e+06		1132.58		
00:00:10:949		1.45301e+07		-0.977623		1.9188		19.3538		5.77408e+06		1135.08		
00:00:10:849		1.45373e+07		-0.96118		1.98154		19.4801		5.78645e+06		1137.2		
00:00:10:750		1.45447e+07		-0.94488		2.04279		24.3471		5.7989e+06		1139.67		
00:00:10:650		1.45524e+07		-0.928741		2.1088		30.4909		5.81136e+06		1142.22		
00:00:10:550		1.45607e+07		-0.912783		2.17467		34.8916		5.82377e+06		1145.06		
00:00:10:449		1.45697e+07		-0.897022		2.23011		38.1236		5.83612e+06		1147.28		
00:00:10:349		1.45795e+07		-0.881429		2.2856		40.5979		5.84844e+06		1149.13		
00:00:10:250		1.459e+07		-0.865901		2.33027		42.4993		5.86076e+06		1151.49		
00:00:10:150		1.46006e+07		-0.850376		2.37265		44.0195		5.87312e+06		1153.86		
00:00:10:050		1.46163e+07		-0.827094		2.4321		45.7902		5.89164e+06		1157.39		
00:00:09:900		1.46268e+07		-0.811573		2.46877		46.7106		5.90399e+06		1159.73		
00:00:09:800		1.46373e+07		-0.796051		2.5034		47.5001		5.91635e+06		1162.08		
00:00:09:699		1.46478e+07		-0.780537		2.53639		48.1834		5.92874e+06		1164.44		
00:00:09:599		1.46583e+07		-0.765034		2.56844		48.7647		5.94116e+06		1166.8		
00:00:09:500		1.46687e+07		-0.749546		2.59847		49.2474		5.95359e+06		1169.17		
00:00:09:449		1.4674e+07		-0.741808		2.6125		49.487		5.95982e+06		1170.37		
00:00:09:349		1.46844e+07		-0.726347		2.63954		49.9085		5.97228e+06		1172.79		
00:00:09:199		1.47e+07		-0.703194		2.67739		50.4352		5.991e+06		1176.75		
00:00:09:099		1.47104e+07		-0.687793		2.70088		50.7237		6.0035e+06		1178.63		
00:00:09:000		1.47208e+07		-0.672435		2.72344		51.0106		6.01601e+06		1181.01		
00:00:08:900		1.47311e+07		-0.657113		2.74476		51.2782		6.02856e+06		1183.42		
00:00:08:800		1.47414e+07		-0.641829		2.76432		51.4737		6.0411e+06		1185.84		
00:00:08:699		1.47517e+07		-0.626588		2.78354		51.6685		6.05358e+06		1188.24		
00:00:08:599		1.4762e+07		-0.611392		2.80123		51.8449		6.06604e+06		1190.62		
00:00:08:500		1.47722e+07		-0.596247		2.81998		52.0033		6.07847e+06		1193.02		
00:00:08:500		1.47722e+07		-0.596247		2.81998		52.0033		6.07847e+06		1193.02		
00:00:08:400		1.47825e+07		-0.581164		2.83592		52.1436		6.09091e+06		1195.49		
00:00:08:199		1.48029e+07		-0.551178		2.86511		52.3361		6.11585e+06		1200.45		
00:00:08:150		1.48079e+07		-0.54372		2.87178		52.3535		6.12209e+06		1201.12		
00:00:08:050		1.48181e+07		-0.528852		2.88478		52.4233		6.13456e+06		1203.38		
00:00:07:900		1.48333e+07		-0.506692		2.90465		52.4408		6.15337e+06		1206.69		
00:00:07:799		1.48434e+07		-0.492019		2.9167		52.4233		6.16613e+06		1208.93		
00:00:07:700		1.48534e+07		-0.477433		2.92661		52.3535		6.1792e+06		1211.29		
00:00:07:599		1.48635e+07		-0.462934		2.9387		52.2662		6.19261e+06		1214.03		
00:00:07:500		1.48735e+07		-0.448534		2.94963		52.1612		6.20639e+06		1216.01		
00:00:07:400		1.48835e+07		-0.434228		2.95999		52.0384		6.22051e+06		1218.89		
00:00:07:299		1.48936e+07		-0.420018		2.96783		51.6331		6.235e+06		1220.99		
00:00:07:200		1.49036e+07		-0.405901		2.97596		51.0285		6.24984e+06		1223.85		
00:00:07:200		1.49036e+07		-0.405901		2.97596		51.0285		6.24984e+06		1223.85		
00:00:07:099		1.49136e+07		-0.39189		2.98267		50.4172		6.26493e+06		1227.08		
00:00:07:000		1.49236e+07		-0.377987		2.99011		49.6524		6.28017e+06		1229.48		
00:00:06:900		1.49337e+07		-0.364194		2.99665		48.8206		6.29554e+06		1232.8		
00:00:06:799		1.49437e+07		-0.350529		3.00451		47.9187		6.31097e+06		1235.19		
00:00:06:700		1.49537e+07		-0.336992		3.0101		47.0009		6.32645e+06		1238.28		
00:00:06:599		1.49638e+07		-0.323576		3.01647		46.0465		6.34197e+06		1241.78		
00:00:06:500		1.49738e+07		-0.310272		3.02147		45.0535		6.35752e+06		1244.68		
00:00:06:349		1.49891e+07		-0.290518		3.02667		43.4836		6.38092e+06		1248.63		
00:00:06:150		1.50097e+07		-0.264629		3.03474		41.1244		6.41233e+06		1254.34		
00:00:06:150		1.50097e+07		-0.264629		3.03474		41.1244		6.41233e+06		1254.34		
00:00:06:049		1.50202e+07		-0.251871		3.03869		39.8411		6.42814e+06		1257.06		
00:00:05:950		1.50308e+07		-0.239227		3.04097		38.3334		6.44402e+06		1260.31		
00:00:05:849		1.50416e+07		-0.226691		3.04235		36.4548		6.45995e+06		1263.2		
00:00:05:750		1.50524e+07		-0.214231		3.0439		34.0988		6.47595e+06		1266.05		
00:00:05:650		1.50635e+07		-0.201847		3.04371		32.971		6.492e+06		1268.77		
00:00:05:549		1.50746e+07		-0.189493		3.04298		32.8108		6.50822e+06		1271.44		
00:00:05:450		1.5085e+07		-0.17704		3.04274		31.0853		6.52492e+06		1274.29		
00:00:05:349		1.5094e+07		-0.164589		3.04174		29.1516		6.54207e+06		1277.02		
00:00:05:250		1.51027e+07		-0.152317		3.03938		27.1926		6.55928e+06		1280.07		
00:00:05:150		1.51115e+07		-0.140228		3.03602		25.2029		6.57645e+06		1282.14		
00:00:05:049		1.51249e+07		-0.122425		3.02898		22.329		6.6019e+06		1283.35		
00:00:04:900		1.51341e+07		-0.110796		3.02409		20.6673		6.61834e+06		1277.88		
00:00:04:799		1.51435e+07		-0.0993543		3.01841		19.0992		6.63398e+06		1261.19		
00:00:04:750		1.51483e+07		-0.0936995		3.01474		18.4061		6.64139e+06		1235.06		
00:00:04:650		1.5158e+07		-0.0825148		3.00575		17.0448		6.65537e+06		1183.21		
00:00:04:549		1.51679e+07		-0.0714812		2.9955		15.938		6.66827e+06		1133.39		
00:00:04:450		1.5178e+07		-0.060576		2.9853		14.8707		6.68018e+06		1087.24		
00:00:04:349		1.51878e+07		-0.0498161		2.97598		13.9051		6.6912e+06		1045.18		
00:00:04:200		1.52027e+07		-0.0339842		2.95975		12.7669		6.70623e+06		990.291		
00:00:04:099		1.52126e+07		-0.023622		2.94694		12.2286		6.71538e+06		958.353		
00:00:04:000		1.52224e+07		-0.0134177		2.93208		12.1676		6.72393e+06		930.494		
00:00:03:899		1.52321e+07		-0.00337029		2.91894		18.5377		6.73196e+06		906.17		
00:00:03:799		1.52418e+07		0.0065155		2.90802		30.3192		6.73949e+06		884.521		
00:00:03:700		1.52515e+07		0.0162368		2.89543		40.0203		6.74659e+06		865.336		
00:00:03:600		1.52612e+07		0.0257812		2.87724		48.7087		6.75331e+06		848.642		
00:00:03:500		1.52708e+07		0.0351176		2.85501		56.7881		6.7597e+06		833.975		
00:00:03:399		1.52803e+07		0.0442123		2.83686		64.5177		6.76577e+06		820.659		
00:00:03:399		1.52803e+07		0.0442123		2.83686		64.5177		6.76577e+06		820.659		
00:00:03:200		1.52991e+07		0.0617185		2.81913		79.1366		6.77702e+06		797.281		
00:00:03:100		1.53085e+07		0.0701718		2.79747		86.075		6.78221e+06		786.42		
00:00:03:100		1.53085e+07		0.0701718		2.79747		86.075		6.78221e+06		786.42		
00:00:03:000		1.53181e+07		0.0784249		2.7599		92.7597		6.78709e+06		775.536		
00:00:02:899		1.53278e+07		0.0864229		2.73431		99.202		6.79163e+06		763.513		
00:00:02:799		1.53375e+07		0.0940652		2.7401		105.579		6.79584e+06		749.815		
00:00:02:700		1.53469e+07		0.101234		2.75217		111.707		6.79973e+06		736.889		
00:00:02:549		1.53591e+07		0.111076		2.68101		120.081		6.80502e+06		718.707		
00:00:02:399		1.53698e+07		0.120182		2.58153		128.266		6.80981e+06		702.711		
00:00:02:149		1.53908e+07		0.134923		2.77502		142.983		6.8175e+06		684.275		
00:00:02:149		1.53908e+07		0.134923		2.77502		142.983		6.8175e+06		684.275		
00:00:02:049		1.53995e+07		0.140422		2.81143		152.513		6.8209e+06		682.565		
00:00:02:049		1.53995e+07		0.140422		2.81143		152.513		6.8209e+06		682.565		
00:00:01:949		1.54084e+07		0.145694		2.83582		170.465		6.82481e+06		687.385		
00:00:01:850		1.54173e+07		0.150737		2.85736		204.196		6.82953e+06		702.508		
00:00:01:750		1.54265e+07		0.155509		2.86854		250.018		6.83536e+06		734.212		
00:00:01:699		1.54312e+07		0.157761		2.8739		273.83		6.83877e+06		758.6		
00:00:01:600		1.54409e+07		0.161906		2.87762		320.192		6.84662e+06		825.224		
00:00:01:500		1.54505e+07		0.16544		2.88008		362.668		6.85549e+06		888.591		
00:00:01:399		1.54595e+07		0.168245		2.8806		399.995		6.86502e+06		921.903		
00:00:01:149		1.54742e+07		0.172042		2.87105		471.339		6.89016e+06		962.503		
00:00:01:149		1.54742e+07		0.172042		2.87105		471.339		6.89016e+06		962.503		
00:00:01:050		1.54768e+07		0.172567		2.86241		491.844		6.90007e+06		955.187		
00:00:00:949		1.54781e+07		0.172784		2.85221		508.231		6.90954e+06		947.109		
00:00:00:849		1.54785e+07		0.172849		2.84304		516.824		6.91825e+06		941.911		
00:00:00:750		1.54786e+07		0.172857		2.83842		522.4		6.92736e+06		934.642		
00:00:00:650		1.54786e+07		0.172851		2.83659		526.699		6.93708e+06		923.707		
00:00:00:550		1.54786e+07		0.172844		2.83564		529.289		6.9461e+06		906.756		
00:00:00:450		1.54786e+07		0.17284		2.83545		530.19		6.95394e+06		880.323		
00:00:00:349		1.54786e+07		0.17284		2.83565		530.234		6.96e+06		838.857		
00:00:00:250		1.54786e+07		0.17284		2.83572		530.217		6.96375e+06		772.457		
00:00:00:149		1.54785e+07		0.17284		2.83572		530.221		6.96484e+06		526.824		
00:00:00:050		1.54785e+07		0.17284		2.83567		530.223		6.96484e+06		526.826		
00:00:00:000		1.54785e+07		0.17284		2.83571		530.225		6.96483e+06		526.826		
00:00:00:000		1.54785e+07		0.17284		2.83571		530.225		6.96483e+06		526.826		
00:00:00:000		1.54785e+07		0.17284		2.83571		530.225		6.96483e+06		526.826		
00:00:00:000		1.54785e+07		0.17284		2.83571		530.225		6.96483e+06		526.826		
00:00:00:000		1.54785e+07		0.17284		2.83571		530.225		6.96483e+06		526.826		
00:00:00:000		1.54785e+07		0.17284		2.83571		530.225		6.96483e+06		526.826		
00:00:00:000		1.54785e+07		0.17284		2.83571		530.225		6.96483e+06		526.826		
