	time 		gpv001pnt10113ppntm	evf507ety101mpzoyout	chtcon(1)	chavg(1)	chlhsumpa	rcptavgn	
00:01:12:400		6.64675e+06		224.363		156.576		0		1.15358		284.175		
00:01:12:299		6.64685e+06		224.363		156.576		0		1.15358		284.186		
00:01:12:200		6.64694e+06		223.983		156.441		0		1.15002		284.198		
00:01:12:099		6.64704e+06		223.983		156.441		0		1.15002		284.21		
00:01:12:000		6.64713e+06		223.602		156.441		0		1.15002		284.221		
00:01:11:900		6.64723e+06		223.602		156.305		0		1.14645		284.233		
00:01:11:849		6.64728e+06		223.602		156.305		0		1.14645		284.239		
00:01:11:650		6.64747e+06		223.221		156.17		0		1.14288		284.262		
00:01:11:650		6.64747e+06		223.221		156.17		0		1.14288		284.262		
00:01:11:549		6.64757e+06		223.221		156.17		0		1.14288		284.274		
00:01:11:450		6.64766e+06		222.839		156.033		0		1.13931		284.285		
00:01:11:349		6.64776e+06		222.839		156.033		0		1.13931		284.297		
00:01:11:250		6.64785e+06		222.457		156.033		0		1.13931		284.308		
00:01:11:150		6.64795e+06		222.457		155.897		0		1.13573		284.32		
00:01:11:000		6.64809e+06		222.074		155.897		0		1.13573		284.337		
00:01:10:900		6.64819e+06		222.074		155.76		0		1.13214		284.349		
00:01:10:700		6.64838e+06		221.691		155.623		0		1.12856		284.372		
00:01:10:599		6.64848e+06		221.691		155.623		0		1.12856		284.383		
00:01:10:599		6.64848e+06		221.691		155.623		0		1.12856		284.383		
00:01:10:500		6.64857e+06		221.307		155.623		0		1.12856		284.394		
00:01:10:400		6.64867e+06		221.307		155.485		0		1.12496		284.406		
00:01:10:299		6.64877e+06		221.307		155.485		0		1.12496		284.417		
00:01:10:200		6.64886e+06		220.923		155.347		0		1.12137		284.428		
00:01:10:099		6.64896e+06		220.923		155.347		0		1.12137		284.44		
00:01:10:099		6.64896e+06		220.923		155.347		0		1.12137		284.44		
00:01:09:900		6.64915e+06		220.538		155.209		0		1.11776		284.462		
00:01:09:799		6.64925e+06		220.538		155.209		0		1.11776		284.474		
00:01:09:799		6.64925e+06		220.538		155.209		0		1.11776		284.474		
00:01:09:599		6.64944e+06		220.153		155.07		0		1.11416		284.496		
00:01:09:599		6.64944e+06		220.153		155.07		0		1.11416		284.496		
00:01:09:400		6.64963e+06		219.768		154.931		0		1.11055		284.518		
00:01:09:299		6.64973e+06		219.768		154.931		0		1.11055		284.529		
00:01:09:200		6.64982e+06		219.382		154.791		0		1.10693		284.54		
00:01:09:099		6.64992e+06		219.382		154.791		0		1.10693		284.552		
00:01:09:000		6.65001e+06		218.995		154.791		0		1.10693		284.563		
00:01:08:900		6.65011e+06		218.995		154.651		0		1.10331		284.574		
00:01:08:700		6.6503e+06		218.608		154.51		0		1.09968		284.596		
00:01:08:599		6.6504e+06		218.608		154.51		0		1.09968		284.607		
00:01:08:599		6.6504e+06		218.608		154.51		0		1.09968		284.607		
00:01:08:599		6.6504e+06		218.608		154.51		0		1.09968		284.607		
00:01:08:500		6.65049e+06		218.22		154.51		0		1.09968		284.617		
00:01:08:400		6.65059e+06		218.22		154.37		0		1.09605		284.628		
00:01:08:200		6.65078e+06		217.832		154.228		0		1.09242		284.65		
00:01:08:049		6.65093e+06		217.832		154.228		0		1.09242		284.666		
00:01:08:049		6.65093e+06		217.832		154.228		0		1.09242		284.666		
00:01:07:950		6.65102e+06		217.443		154.086		0		1.08877		284.677		
00:01:07:849		6.65112e+06		217.443		154.086		0		1.08877		284.688		
00:01:07:750		6.65121e+06		217.054		154.086		0		1.08877		284.698		
00:01:07:650		6.65131e+06		217.054		153.944		0		1.08513		284.709		
00:01:07:549		6.65141e+06		217.054		153.944		0		1.08513		284.72		
00:01:07:450		6.6515e+06		216.664		153.802		0		1.08148		284.731		
00:01:07:250		6.65169e+06		216.274		153.802		0		1.08148		284.752		
00:01:07:250		6.65169e+06		216.274		153.802		0		1.08148		284.752		
00:01:07:150		6.65179e+06		216.274		153.659		0		1.07782		284.763		
00:01:07:049		6.65189e+06		216.274		153.659		0		1.07782		284.773		
00:01:06:950		6.65198e+06		215.883		153.516		0		1.07416		284.784		
00:01:06:849		6.65208e+06		215.883		153.516		0		1.07416		284.795		
00:01:06:750		6.65217e+06		215.492		153.516		0		1.07416		284.805		
00:01:06:650		6.65227e+06		215.492		153.373		0		1.0705		284.816		
00:01:06:549		6.65237e+06		215.492		153.373		0		1.0705		284.827		
00:01:06:450		6.65246e+06		215.1		153.23		0		1.06682		284.837		
00:01:06:349		6.65256e+06		215.1		153.23		0		1.06682		284.848		
00:01:06:250		6.65265e+06		214.707		153.23		0		1.06682		284.858		
00:01:06:150		6.65275e+06		214.707		153.086		0		1.06315		284.869		
00:01:06:049		6.65285e+06		214.707		153.086		0		1.06315		284.88		
00:01:05:950		6.65294e+06		214.314		152.943		0		1.05947		284.89		
00:01:05:849		6.65304e+06		214.314		152.943		0		1.05947		284.901		
00:01:05:750		6.65313e+06		213.921		152.943		0		1.05947		284.911		
00:01:05:650		6.65323e+06		213.921		152.799		0		1.05578		284.922		
00:01:05:549		6.65333e+06		213.921		152.799		0		1.05578		284.932		
00:01:05:450		6.65342e+06		213.526		152.655		0		1.05209		284.943		
00:01:05:349		6.65353e+06		213.526		152.655		0		1.05209		284.953		
00:01:05:250		6.65362e+06		213.132		152.655		0		1.05209		284.964		
00:01:05:150		6.65372e+06		213.132		152.51		0		1.04839		284.974		
00:01:05:049		6.65382e+06		213.132		152.51		0		1.04839		284.984		
00:01:04:950		6.65393e+06		212.736		152.366		0		1.04469		284.995		
00:01:04:849		6.65402e+06		212.736		152.366		0		1.04469		285.005		
00:01:04:750		6.65412e+06		212.341		152.366		0		1.04469		285.016		
00:01:04:650		6.65423e+06		212.341		152.221		0		1.04098		285.026		
00:01:04:549		6.65433e+06		212.341		152.221		0		1.04098		285.036		
00:01:04:450		6.65442e+06		211.944		152.076		0		1.03727		285.047		
00:01:04:349		6.65452e+06		211.944		152.076		0		1.03727		285.057		
00:01:04:250		6.65462e+06		211.547		152.076		0		1.03727		285.067		
00:01:04:099		6.65477e+06		211.547		151.931		0		1.03355		285.083		
00:01:04:000		6.65487e+06		211.15		151.931		0		1.03355		285.093		
00:01:03:899		6.65497e+06		211.15		151.785		0		1.02982		285.103		
00:01:03:799		6.65507e+06		211.15		151.785		0		1.02982		285.114		
00:01:03:700		6.65516e+06		210.752		151.64		0		1.02609		285.124		
00:01:03:600		6.65526e+06		210.752		151.64		0		1.02609		285.134		
00:01:03:500		6.65536e+06		210.353		151.64		0		1.02609		285.145		
00:01:03:399		6.65545e+06		210.353		151.494		0		1.02236		285.155		
00:01:03:299		6.65555e+06		210.353		151.494		0		1.02236		285.165		
00:01:03:200		6.65565e+06		209.954		151.348		0		1.01861		285.175		
00:01:03:100		6.65575e+06		209.954		151.348		0		1.01861		285.186		
00:01:03:000		6.65584e+06		209.554		151.348		0		1.01861		285.196		
00:01:02:899		6.65594e+06		209.554		151.201		0		1.01487		285.206		
00:01:02:850		6.65599e+06		209.554		151.201		0		1.01487		285.211		
00:01:02:600		6.65624e+06		209.153		151.055		0		1.01111		285.237		
00:01:02:600		6.65624e+06		209.153		151.055		0		1.01111		285.237		
00:01:02:500		6.65635e+06		208.752		151.055		0		1.01111		285.247		
00:01:02:399		6.65645e+06		208.752		150.908		0		1.00736		285.257		
00:01:02:299		6.65655e+06		208.752		150.908		0		1.00736		285.268		
00:01:02:200		6.65666e+06		208.351		150.761		0		1.00359		285.278		
00:01:02:100		6.65676e+06		208.351		150.761		0		1.00359		285.288		
00:01:02:000		6.65687e+06		207.948		150.761		0		1.00359		285.298		
00:01:01:899		6.65698e+06		207.948		150.614		0		0.99982		285.309		
00:01:01:799		6.65708e+06		207.948		150.614		0		0.99982		285.319		
00:01:01:700		6.65718e+06		207.545		150.466		0		0.996043		285.329		
00:01:01:600		6.65728e+06		207.545		150.466		0		0.996043		285.339		
00:01:01:600		6.65728e+06		207.545		150.466		0		0.996043		285.339		
00:01:01:399		6.65747e+06		207.142		150.319		0		0.992261		285.36		
00:01:01:299		6.65757e+06		207.142		150.319		0		0.992261		285.37		
00:01:01:299		6.65757e+06		207.142		150.319		0		0.992261		285.37		
00:01:01:200		6.65767e+06		206.737		150.171		0		0.988472		285.381		
00:01:01:100		6.65777e+06		206.737		150.171		0		0.988472		285.391		
00:01:01:000		6.65786e+06		206.332		150.171		0		0.988472		285.401		
00:01:00:899		6.65796e+06		206.332		150.022		0		0.984677		285.412		
00:01:00:799		6.65806e+06		206.332		150.022		0		0.984677		285.422		
00:01:00:600		6.65826e+06		205.927		149.873		0		0.980877		285.443		
00:01:00:500		6.65835e+06		205.521		149.873		0		0.980877		285.453		
00:01:00:399		6.65845e+06		205.521		149.724		0		0.97707		285.464		
00:01:00:299		6.65855e+06		205.521		149.724		0		0.97707		285.474		
00:01:00:200		6.65865e+06		205.114		149.574		0		0.973257		285.485		
00:01:00:100		6.65875e+06		205.114		149.574		0		0.973257		285.495		
00:01:00:100		6.65875e+06		205.114		149.574		0		0.973257		285.495		
00:01:00:000		6.65884e+06		204.706		149.574		0		0.973257		285.506		
00:00:59:750		6.65909e+06		204.298		149.424		0		0.969438		285.532		
00:00:59:750		6.65909e+06		204.298		149.424		0		0.969438		285.532		
00:00:59:649		6.65919e+06		204.298		149.274		0		0.965613		285.543		
00:00:59:649		6.65919e+06		204.298		149.274		0		0.965613		285.543		
00:00:59:500		6.65933e+06		203.889		149.274		0		0.965613		285.559		
00:00:59:450		6.65938e+06		203.889		149.123		0		0.961781		285.564		
00:00:59:299		6.65953e+06		203.889		149.123		0		0.961781		285.58		
00:00:59:200		6.65963e+06		203.479		148.972		0		0.957943		285.591		
00:00:59:100		6.65973e+06		203.479		148.972		0		0.957943		285.601		
00:00:59:000		6.65982e+06		203.069		148.972		0		0.957943		285.612		
00:00:58:899		6.65992e+06		203.069		148.82		0		0.954099		285.623		
00:00:58:750		6.66007e+06		202.658		148.82		0		0.954099		285.639		
00:00:58:600		6.66022e+06		202.658		148.668		0		0.950248		285.656		
00:00:58:600		6.66022e+06		202.658		148.668		0		0.950248		285.656		
00:00:58:500		6.66031e+06		202.246		148.668		0		0.950248		285.666		
00:00:58:450		6.66036e+06		202.246		148.515		0		0.946391		285.672		
00:00:58:350		6.66046e+06		202.246		148.515		0		0.946391		285.683		
00:00:58:250		6.66056e+06		201.834		148.515		0		0.946391		285.694		
00:00:58:100		6.66071e+06		201.834		148.362		0		0.942527		285.71		
00:00:58:000		6.6608e+06		201.421		148.362		0		0.942527		285.722		
00:00:57:899		6.6609e+06		201.421		148.208		0		0.938657		285.733		
00:00:57:600		6.6612e+06		201.007		148.054		0		0.93478		285.766		
00:00:57:600		6.6612e+06		201.007		148.054		0		0.93478		285.766		
00:00:57:600		6.6612e+06		201.007		148.054		0		0.93478		285.766		
00:00:57:500		6.66129e+06		200.593		148.054		0		0.93478		285.778		
00:00:57:399		6.66139e+06		200.593		147.899		0		0.930896		285.789		
00:00:57:299		6.66149e+06		200.593		147.899		0		0.930896		285.8		
00:00:57:200		6.66159e+06		200.177		147.743		0		0.927006		285.812		
00:00:57:100		6.66169e+06		200.177		147.743		0		0.927006		285.823		
00:00:57:000		6.66178e+06		199.762		147.743		0		0.927006		285.835		
00:00:56:899		6.66188e+06		199.762		147.587		0		0.923108		285.846		
00:00:56:700		6.66208e+06		199.345		147.43		0		0.919204		285.869		
00:00:56:700		6.66208e+06		199.345		147.43		0		0.919204		285.869		
00:00:56:600		6.66218e+06		199.345		147.43		0		0.919204		285.881		
00:00:56:500		6.66227e+06		198.928		147.43		0		0.919204		285.893		
00:00:56:399		6.66237e+06		198.928		147.273		0		0.915294		285.904		
00:00:56:299		6.66247e+06		198.928		147.273		0		0.915294		285.916		
00:00:56:200		6.66257e+06		198.509		147.115		0		0.911376		285.928		
00:00:56:100		6.66267e+06		198.509		147.115		0		0.911376		285.94		
00:00:56:000		6.66276e+06		198.091		147.115		0		0.911376		285.951		
00:00:55:899		6.66286e+06		198.091		146.956		0		0.907451		285.963		
00:00:55:700		6.66306e+06		197.671		146.796		0		0.903519		285.987		
00:00:55:700		6.66306e+06		197.671		146.796		0		0.903519		285.987		
00:00:55:600		6.66316e+06		197.671		146.796		0		0.903519		285.999		
00:00:55:450		6.6633e+06		197.251		146.636		0		0.89958		286.017		
00:00:55:350		6.6634e+06		197.251		146.636		0		0.89958		286.029		
00:00:55:250		6.6635e+06		196.829		146.636		0		0.89958		286.041		
00:00:55:149		6.6636e+06		196.829		146.474		0		0.895634		286.053		
00:00:55:049		6.6637e+06		196.829		146.474		0		0.895634		286.065		
00:00:54:950		6.66379e+06		196.408		146.312		0		0.891681		286.077		
00:00:54:850		6.66389e+06		196.408		146.312		0		0.891681		286.089		
00:00:54:750		6.66399e+06		195.985		146.312		0		0.891681		286.101		
00:00:54:649		6.66409e+06		195.985		146.149		0		0.88772		286.113		
00:00:54:549		6.66418e+06		195.985		146.149		0		0.88772		286.125		
00:00:54:450		6.66428e+06		195.561		145.984		0		0.883751		286.137		
00:00:54:350		6.66438e+06		195.561		145.984		0		0.883751		286.149		
00:00:54:299		6.66443e+06		195.561		145.984		0		0.883751		286.155		
00:00:54:200		6.66453e+06		195.137		145.819		0		0.879776		286.167		
00:00:54:049		6.66468e+06		195.137		145.819		0		0.879776		286.185		
00:00:53:950		6.66477e+06		194.712		145.652		0		0.875792		286.197		
00:00:53:850		6.66487e+06		194.712		145.652		0		0.875792		286.209		
00:00:53:750		6.66497e+06		194.286		145.652		0		0.875792		286.221		
00:00:53:649		6.66507e+06		194.286		145.484		0		0.871801		286.233		
00:00:53:549		6.66516e+06		194.286		145.484		0		0.871801		286.245		
00:00:53:450		6.66526e+06		193.859		145.315		0		0.867801		286.257		
00:00:53:350		6.66536e+06		193.859		145.315		0		0.867801		286.269		
00:00:53:250		6.66546e+06		193.431		145.315		0		0.867801		286.281		
00:00:53:149		6.66556e+06		193.431		145.145		0		0.863794		286.293		
00:00:53:049		6.66566e+06		193.431		145.145		0		0.863794		286.305		
00:00:52:950		6.66575e+06		193.002		144.973		0		0.859778		286.317		
00:00:52:950		6.66575e+06		193.002		144.973		0		0.859778		286.317		
00:00:52:750		6.66595e+06		192.572		144.973		0		0.859778		286.341		
00:00:52:649		6.66605e+06		192.572		144.8		0		0.855753		286.353		
00:00:52:649		6.66605e+06		192.572		144.8		0		0.855753		286.353		
00:00:52:450		6.66629e+06		192.142		144.626		0		0.851719		286.384		
00:00:52:450		6.66629e+06		192.142		144.626		0		0.851719		286.384		
00:00:52:299		6.66639e+06		192.142		144.626		0		0.851719		286.396		
00:00:52:200		6.66649e+06		191.71		144.451		0		0.847676		286.408		
00:00:52:100		6.66659e+06		191.71		144.451		0		0.847676		286.42		
00:00:52:000		6.66668e+06		191.278		144.451		0		0.847676		286.432		
00:00:51:950		6.66673e+06		191.278		144.274		0		0.843618		286.438		
00:00:51:850		6.66683e+06		191.278		144.274		0		0.843618		286.451		
00:00:51:600		6.66838e+06		190.844		144.096		0		0.839542		286.481		
00:00:51:600		6.66838e+06		190.844		144.096		0		0.839542		286.481		
00:00:51:500		6.66928e+06		190.409		144.096		0		0.839542		286.493		
00:00:51:399		6.67017e+06		190.409		143.916		0		0.835458		286.506		
00:00:51:350		6.67061e+06		190.409		143.916		0		0.835458		286.512		
00:00:51:200		6.67191e+06		189.973		143.734		0		0.831367		286.53		
00:00:51:000		6.67364e+06		189.536		143.734		0		0.831367		286.555		
00:00:51:000		6.67364e+06		189.536		143.734		0		0.831367		286.555		
00:00:50:899		6.67452e+06		189.536		143.551		0		0.827272		286.568		
00:00:50:700		6.67633e+06		189.099		143.366		0		0.823173		286.592		
00:00:50:600		6.67725e+06		189.099		143.366		0		0.823173		286.605		
00:00:50:600		6.67725e+06		189.099		143.366		0		0.823173		286.605		
00:00:50:500		6.67819e+06		188.662		143.366		0		0.823173		286.617		
00:00:50:399		6.67915e+06		188.662		143.179		0		0.819072		286.63		
00:00:50:299		6.68012e+06		188.662		143.179		0		0.819072		286.642		
00:00:50:200		6.6811e+06		188.224		142.991		0		0.814968		286.655		
00:00:50:100		6.68209e+06		188.224		142.991		0		0.814968		286.667		
00:00:50:000		6.68309e+06		187.786		142.991		0		0.814968		286.68		
00:00:49:899		6.68409e+06		187.786		142.8		0		0.810862		286.692		
00:00:49:799		6.6851e+06		187.786		142.8		0		0.810862		286.705		
00:00:49:700		6.68612e+06		187.348		142.608		0		0.806754		286.718		
00:00:49:600		6.68765e+06		187.348		142.608		0		0.806754		286.736		
00:00:49:450		6.68867e+06		186.909		142.414		0		0.802644		286.749		
00:00:49:350		6.6897e+06		186.909		142.414		0		0.802644		286.762		
00:00:49:250		6.69073e+06		186.47		142.414		0		0.802644		286.775		
00:00:49:149		6.69175e+06		186.47		142.217		0		0.798532		286.787		
00:00:49:049		6.69278e+06		186.47		142.217		0		0.798532		286.8		
00:00:48:950		6.69381e+06		186.031		142.019		0		0.794419		286.812		
00:00:48:850		6.69484e+06		186.031		142.019		0		0.794419		286.825		
00:00:48:799		6.69535e+06		186.031		142.019		0		0.794419		286.831		
00:00:48:700		6.69638e+06		185.592		141.818		0		0.790304		286.844		
00:00:48:600		6.69741e+06		185.592		141.818		0		0.790304		286.857		
00:00:48:500		6.69843e+06		185.152		141.818		0		0.790304		286.87		
00:00:48:399		6.69946e+06		185.152		141.615		0		0.786186		286.882		
00:00:48:299		6.70049e+06		185.152		141.615		0		0.786186		286.895		
00:00:48:200		6.70151e+06		184.713		141.41		0		0.782068		286.908		
00:00:48:049		6.70304e+06		184.713		141.41		0		0.782068		286.928		
00:00:47:950		6.70406e+06		184.273		141.202		0		0.777947		286.94		
00:00:47:850		6.70509e+06		184.273		141.202		0		0.777947		286.953		
00:00:47:750		6.70611e+06		183.832		141.202		0		0.777947		286.967		
00:00:47:649		6.70714e+06		183.832		140.992		0		0.773826		286.98		
00:00:47:549		6.70816e+06		183.832		140.992		0		0.773826		286.993		
00:00:47:450		6.70919e+06		183.392		140.78		0		0.769702		287.006		
00:00:47:350		6.71021e+06		183.392		140.78		0		0.769702		287.019		
00:00:47:250		6.71124e+06		182.951		140.78		0		0.769702		287.032		
00:00:47:250		6.71124e+06		182.951		140.78		0		0.769702		287.032		
00:00:47:049		6.71329e+06		182.951		140.565		0		0.765577		287.059		
00:00:46:950		6.71432e+06		182.51		140.347		0		0.761451		287.072		
00:00:46:950		6.71432e+06		182.51		140.347		0		0.761451		287.072		
00:00:46:799		6.71588e+06		182.51		140.347		0		0.761451		287.092		
00:00:46:649		6.71743e+06		182.069		140.127		0		0.757323		287.112		
00:00:46:649		6.71743e+06		182.069		140.127		0		0.757323		287.112		
00:00:46:500		6.71899e+06		181.628		140.127		0		0.757323		287.133		
00:00:46:399		6.72004e+06		181.628		139.905		0		0.753193		287.146		
00:00:46:299		6.72108e+06		181.628		139.905		0		0.753193		287.16		
00:00:46:200		6.72212e+06		181.186		139.679		0		0.749062		287.173		
00:00:46:100		6.72316e+06		181.186		139.679		0		0.749062		287.187		
00:00:46:000		6.7242e+06		180.744		139.679		0		0.749062		287.201		
00:00:45:899		6.72524e+06		180.744		139.451		0		0.744929		287.215		
00:00:45:700		6.72731e+06		180.302		139.22		0		0.740795		287.242		
00:00:45:600		6.72835e+06		180.302		139.22		0		0.740795		287.256		
00:00:45:600		6.72835e+06		180.302		139.22		0		0.740795		287.256		
00:00:45:500		6.72938e+06		179.86		139.22		0		0.740795		287.27		
00:00:45:399		6.73041e+06		179.86		138.986		0		0.736659		287.283		
00:00:45:299		6.73144e+06		179.86		138.986		0		0.736659		287.297		
00:00:45:200		6.73246e+06		179.418		138.75		0		0.732522		287.311		
00:00:45:100		6.73349e+06		179.418		138.75		0		0.732522		287.325		
00:00:45:000		6.73451e+06		178.975		138.75		0		0.732522		287.339		
00:00:44:899		6.73553e+06		178.975		138.51		0		0.728383		287.353		
00:00:44:799		6.73655e+06		178.975		138.51		0		0.728383		287.367		
00:00:44:700		6.73757e+06		178.532		138.267		0		0.724242		287.381		
00:00:44:600		6.73858e+06		178.532		138.267		0		0.724242		287.395		
00:00:44:450		6.74009e+06		178.089		138.021		0		0.7201		287.416		
00:00:44:350		6.7411e+06		178.089		138.021		0		0.7201		287.43		
00:00:44:250		6.74211e+06		177.645		138.021		0		0.7201		287.444		
00:00:44:149		6.74311e+06		177.645		137.771		0		0.715957		287.457		
00:00:44:049		6.74412e+06		177.645		137.771		0		0.715957		287.471		
00:00:43:950		6.74512e+06		177.201		137.519		0		0.711812		287.485		
00:00:43:850		6.74613e+06		177.201		137.519		0		0.711812		287.499		
00:00:43:750		6.74713e+06		176.757		137.519		0		0.711812		287.513		
00:00:43:649		6.74813e+06		176.757		137.264		0		0.707665		287.527		
00:00:43:549		6.74914e+06		176.757		137.264		0		0.707665		287.541		
00:00:43:450		6.75014e+06		176.313		137.005		0		0.703517		287.555		
00:00:43:350		6.75114e+06		176.313		137.005		0		0.703517		287.569		
00:00:43:250		6.75214e+06		175.869		137.005		0		0.703517		287.583		
00:00:43:149		6.75313e+06		175.869		136.743		0		0.699368		287.597		
00:00:43:049		6.75412e+06		175.869		136.743		0		0.699368		287.611		
00:00:42:950		6.75512e+06		175.424		136.478		0		0.695217		287.625		
00:00:42:850		6.7561e+06		175.424		136.478		0		0.695217		287.64		
00:00:42:750		6.75708e+06		174.979		136.478		0		0.695217		287.654		
00:00:42:649		6.75807e+06		174.979		136.208		0		0.691065		287.668		
00:00:42:549		6.75904e+06		174.979		136.208		0		0.691065		287.683		
00:00:42:549		6.75904e+06		174.979		136.208		0		0.691065		287.683		
00:00:42:450		6.76001e+06		174.534		135.936		0		0.686911		287.697		
00:00:42:350		6.76098e+06		174.534		135.936		0		0.686911		287.712		
00:00:42:250		6.76195e+06		174.088		135.936		0		0.686911		287.727		
00:00:42:149		6.76291e+06		174.088		135.659		0		0.682756		287.742		
00:00:41:950		6.76386e+06		174.088		135.659		0		0.682756		287.757		
00:00:41:950		6.76481e+06		173.642		135.379		0		0.678599		287.772		
00:00:41:850		6.76576e+06		173.642		135.379		0		0.678599		287.787		
00:00:41:649		6.7681e+06		173.197		135.094		0		0.674441		287.826		
00:00:41:649		6.7681e+06		173.197		135.094		0		0.674441		287.826		
00:00:41:500		6.76903e+06		172.75		135.094		0		0.674441		287.842		
00:00:41:350		6.77041e+06		172.75		134.805		0		0.670282		287.865		
00:00:41:350		6.77041e+06		172.75		134.805		0		0.670282		287.865		
00:00:41:200		6.77178e+06		172.304		134.512		0		0.666121		287.889		
00:00:41:100		6.77269e+06		172.304		134.512		0		0.666121		287.906		
00:00:41:000		6.77359e+06		171.857		134.512		0		0.666121		287.922		
00:00:40:700		6.77626e+06		171.411		133.911		0		0.657795		287.973		
00:00:40:700		6.77626e+06		171.411		133.911		0		0.657795		287.973		
00:00:40:600		6.77714e+06		171.411		133.911		0		0.657795		287.99		
00:00:40:600		6.77714e+06		171.411		133.911		0		0.657795		287.99		
00:00:40:500		6.77801e+06		170.964		133.911		0		0.657795		288.007		
00:00:40:399		6.77888e+06		170.964		133.602		0		0.653631		288.025		
00:00:40:299		6.77974e+06		170.964		133.602		0		0.653631		288.043		
00:00:40:200		6.78059e+06		170.516		133.288		0		0.649465		288.061		
00:00:40:100		6.78144e+06		170.516		133.288		0		0.649465		288.08		
00:00:40:000		6.78229e+06		170.069		133.288		0		0.649465		288.097		
00:00:39:899		6.78313e+06		170.069		132.969		0		0.645297		288.115		
00:00:39:799		6.78397e+06		170.069		132.969		0		0.645297		288.134		
00:00:39:600		6.78563e+06		169.621		132.644		0		0.641129		288.171		
00:00:39:600		6.78563e+06		169.621		132.644		0		0.641129		288.171		
00:00:39:500		6.78648e+06		169.173		132.644		0		0.641129		288.191		
00:00:39:399		6.78733e+06		169.173		132.313		0		0.636959		288.21		
00:00:39:299		6.78817e+06		169.173		132.313		0		0.636959		288.23		
00:00:39:200		6.78901e+06		168.724		131.976		0		0.632788		288.249		
00:00:39:100		6.78985e+06		168.724		131.976		0		0.632788		288.268		
00:00:38:950		6.79109e+06		168.276		131.632		0		0.628616		288.299		
00:00:38:850		6.79189e+06		168.276		131.632		0		0.628616		288.319		
00:00:38:750		6.79268e+06		167.827		131.632		0		0.628616		288.339		
00:00:38:649		6.79345e+06		167.827		131.283		0		0.624443		288.36		
00:00:38:549		6.79422e+06		167.827		131.283		0		0.624443		288.381		
00:00:38:450		6.79497e+06		167.378		130.927		0		0.620269		288.401		
00:00:38:399		6.79534e+06		167.378		130.927		0		0.620269		288.412		
00:00:38:250		6.79645e+06		166.929		130.927		0		0.620269		288.444		
00:00:38:149		6.79717e+06		166.929		130.564		0		0.616093		288.465		
00:00:38:049		6.79788e+06		166.929		130.564		0		0.616093		288.487		
00:00:37:950		6.79859e+06		166.479		130.194		0		0.611917		288.508		
00:00:37:850		6.79928e+06		166.479		130.194		0		0.611917		288.53		
00:00:37:750		6.79996e+06		166.03		130.194		0		0.611917		288.552		
00:00:37:649		6.80064e+06		166.03		129.818		0		0.607739		288.575		
00:00:37:549		6.8013e+06		166.03		129.818		0		0.607739		288.597		
00:00:37:450		6.80195e+06		165.58		129.435		0		0.603561		288.62		
00:00:37:350		6.8026e+06		165.58		129.435		0		0.603561		288.643		
00:00:37:250		6.80324e+06		165.13		129.435		0		0.603561		288.666		
00:00:37:149		6.80387e+06		165.13		129.044		0		0.599382		288.689		
00:00:37:049		6.80448e+06		165.13		129.044		0		0.599382		288.712		
00:00:36:950		6.80509e+06		164.68		128.646		0		0.595202		288.736		
00:00:36:850		6.80568e+06		164.68		128.646		0		0.595202		288.76		
00:00:36:850		6.80568e+06		164.68		128.646		0		0.595202		288.76		
00:00:36:649		6.80684e+06		164.229		128.24		0		0.591021		288.808		
00:00:36:549		6.8074e+06		164.229		128.24		0		0.591021		288.832		
00:00:36:549		6.8074e+06		164.229		128.24		0		0.591021		288.832		
00:00:36:450		6.80795e+06		163.779		127.827		0		0.586839		288.857		
00:00:36:350		6.80848e+06		163.779		127.827		0		0.586839		288.881		
00:00:36:250		6.80899e+06		163.328		127.827		0		0.586839		288.906		
00:00:36:100		6.80974e+06		163.328		127.405		0		0.582656		288.944		
00:00:36:000		6.81021e+06		162.877		127.405		0		0.582656		288.97		
00:00:35:899		6.81067e+06		162.877		126.975		0		0.578473		288.996		
00:00:35:799		6.81111e+06		162.877		126.975		0		0.578473		289.022		
00:00:35:649		6.81174e+06		162.426		126.536		0		0.574289		289.061		
00:00:35:500		6.81229e+06		161.975		126.536		0		0.574289		289.101		
00:00:35:500		6.81229e+06		161.975		126.536		0		0.574289		289.101		
00:00:35:399		6.81263e+06		161.975		126.088		0		0.570105		289.128		
00:00:35:299		6.81295e+06		161.975		126.088		0		0.570105		289.156		
00:00:35:200		6.81325e+06		161.523		125.632		0		0.56592		289.183		
00:00:35:100		6.81352e+06		161.523		125.632		0		0.56592		289.211		
00:00:35:000		6.81376e+06		161.071		125.632		0		0.56592		289.239		
00:00:34:899		6.81401e+06		161.071		125.168		0		0.561735		289.267		
00:00:34:700		6.81447e+06		160.619		124.696		0		0.55755		289.324		
00:00:34:600		6.81469e+06		160.619		124.696		0		0.55755		289.353		
00:00:34:600		6.81469e+06		160.619		124.696		0		0.55755		289.353		
00:00:34:500		6.81491e+06		160.167		124.696		0		0.55755		289.383		
00:00:34:399		6.81512e+06		160.167		124.217		0		0.553364		289.412		
00:00:34:299		6.81532e+06		160.167		124.217		0		0.553364		289.442		
00:00:34:200		6.81551e+06		159.715		123.73		0		0.549178		289.472		
00:00:34:100		6.81569e+06		159.715		123.73		0		0.549178		289.503		
00:00:34:000		6.81587e+06		159.263		123.73		0		0.549178		289.534		
00:00:33:899		6.81604e+06		159.263		123.234		0		0.544992		289.565		
00:00:33:799		6.8162e+06		159.263		123.234		0		0.544992		289.596		
00:00:33:549		6.8166e+06		158.811		122.731		0		0.540805		289.676		
00:00:33:549		6.8166e+06		158.811		122.731		0		0.540805		289.676		
00:00:33:450		6.81674e+06		158.358		122.219		0		0.536618		289.709		
00:00:33:350		6.81685e+06		158.358		122.219		0		0.536618		289.742		
00:00:33:299		6.81691e+06		158.358		122.219		0		0.536618		289.759		
00:00:33:200		6.81702e+06		157.906		121.7		0		0.532431		289.792		
00:00:33:100		6.81713e+06		157.906		121.7		0		0.532431		289.826		
00:00:32:950		6.8173e+06		157.453		121.174		0		0.528244		289.877		
00:00:32:850		6.8174e+06		157.453		121.174		0		0.528244		289.912		
00:00:32:700		6.81756e+06		157		120.641		0		0.524057		289.965		
00:00:32:549		6.81771e+06		157		120.641		0		0.524057		290.019		
00:00:32:549		6.81771e+06		157		120.641		0		0.524057		290.019		
00:00:32:450		6.81783e+06		156.547		120.102		0		0.51987		290.055		
00:00:32:350		6.81794e+06		156.547		120.102		0		0.51987		290.092		
00:00:32:250		6.81806e+06		156.094		120.102		0		0.51987		290.13		
00:00:32:149		6.81818e+06		156.094		119.556		0		0.515682		290.167		
00:00:32:049		6.81829e+06		156.094		119.556		0		0.515682		290.206		
00:00:31:949		6.8184e+06		155.641		119.003		0		0.511494		290.244		
00:00:31:850		6.8185e+06		155.641		119.003		0		0.511494		290.283		
00:00:31:750		6.81858e+06		155.188		119.003		0		0.511494		290.323		
00:00:31:649		6.81867e+06		155.188		118.444		0		0.507306		290.363		
00:00:31:550		6.81876e+06		155.188		118.444		0		0.507306		290.403		
00:00:31:550		6.81876e+06		155.188		118.444		0		0.507306		290.403		
00:00:31:449		6.81886e+06		154.734		117.878		0		0.503118		290.443		
00:00:31:350		6.81896e+06		154.734		117.878		0		0.503118		290.484		
00:00:31:250		6.81906e+06		154.281		117.878		0		0.503118		290.525		
00:00:31:050		6.81929e+06		154.281		117.306		0		0.49893		290.609		
00:00:31:050		6.81929e+06		154.281		117.306		0		0.49893		290.609		
00:00:30:949		6.8194e+06		153.827		116.726		0		0.494741		290.652		
00:00:30:850		6.81952e+06		153.827		116.726		0		0.494741		290.695		
00:00:30:649		6.81977e+06		153.373		116.14		0		0.490552		290.783		
00:00:30:649		6.81977e+06		153.373		116.14		0		0.490552		290.783		
00:00:30:500		6.81997e+06		152.919		116.14		0		0.490552		290.851		
00:00:30:399		6.8201e+06		152.919		115.548		0		0.486363		290.897		
00:00:30:300		6.82023e+06		152.919		115.548		0		0.486363		290.943		
00:00:30:199		6.82037e+06		152.465		114.949		0		0.482174		290.991		
00:00:30:100		6.8205e+06		152.465		114.949		0		0.482174		291.039		
00:00:29:899		6.82078e+06		152.012		114.343		0		0.477984		291.137		
00:00:29:899		6.82078e+06		152.012		114.343		0		0.477984		291.137		
00:00:29:800		6.82092e+06		152.012		114.343		0		0.477984		291.187		
00:00:29:600		6.82119e+06		151.558		113.731		0		0.473794		291.288		
00:00:29:600		6.82119e+06		151.558		113.731		0		0.473794		291.288		
00:00:29:500		6.82132e+06		151.104		113.731		0		0.473794		291.339		
00:00:29:399		6.82145e+06		151.104		113.112		0		0.469604		291.391		
00:00:29:300		6.82158e+06		151.104		113.112		0		0.469604		291.444		
00:00:29:199		6.82170e+06		150.649		112.487		0		0.465414		291.496		
00:00:29:100		6.82183e+06		150.649		112.487		0		0.465414		291.55		
00:00:29:000		6.82195e+06		150.195		112.487		0		0.465414		291.604		
00:00:28:899		6.82208e+06		150.195		111.855		0		0.461224		291.659		
00:00:28:800		6.82221e+06		150.195		111.855		0		0.461224		291.714		
00:00:28:600		6.82236e+06		149.741		111.218		0		0.457033		291.827		
00:00:28:600		6.82236e+06		149.741		111.218		0		0.457033		291.827		
00:00:28:500		6.82239e+06		149.286		111.218		0		0.457033		291.885		
00:00:28:399		6.82245e+06		149.286		110.573		0		0.452842		291.943		
00:00:28:300		6.82253e+06		149.286		110.573		0		0.452842		292.002		
00:00:28:149		6.82267e+06		148.832		109.923		0		0.448651		292.092		
00:00:28:050		6.82278e+06		148.832		109.923		0		0.448651		292.152		
00:00:27:949		6.8229e+06		148.377		109.267		0		0.44446		292.214		
00:00:27:899		6.82297e+06		148.377		109.267		0		0.44446		292.245		
00:00:27:649		6.82334e+06		147.922		108.605		0		0.440268		292.403		
00:00:27:550		6.82353e+06		147.922		108.605		0		0.440268		292.468		
00:00:27:550		6.82353e+06		147.922		108.605		0		0.440268		292.468		
00:00:27:500		6.82365e+06		147.467		108.605		0		0.440268		292.5		
00:00:27:350		6.82403e+06		147.467		107.936		0		0.436076		292.6		
00:00:27:250		6.82432e+06		147.012		107.936		0		0.436076		292.667		
00:00:27:149		6.82467e+06		147.012		107.262		0		0.431883		292.735		
00:00:27:050		6.82506e+06		147.012		107.262		0		0.431883		292.804		
00:00:26:949		6.82549e+06		146.557		106.581		0		0.427689		292.874		
00:00:26:850		6.82595e+06		146.557		106.581		0		0.427689		292.945		
00:00:26:750		6.82645e+06		146.102		106.581		0		0.427689		293.017		
00:00:26:649		6.82697e+06		146.102		105.891		0		0.423495		293.088		
00:00:26:550		6.82753e+06		146.102		105.891		0		0.423495		293.16		
00:00:26:449		6.82811e+06		145.646		105.191		0		0.419299		293.233		
00:00:26:350		6.82872e+06		145.646		105.191		0		0.419299		293.307		
00:00:26:250		6.82936e+06		145.19		105.191		0		0.419299		293.381		
00:00:26:149		6.83002e+06		145.19		104.482		0		0.415103		293.457		
00:00:26:149		6.83002e+06		145.19		104.482		0		0.415103		293.457		
00:00:25:949		6.83142e+06		144.734		103.762		0		0.410905		293.609		
00:00:25:850		6.83215e+06		144.734		103.762		0		0.410905		293.686		
00:00:25:750		6.8329e+06		144.277		103.762		0		0.410905		293.764		
00:00:25:649		6.83368e+06		144.277		103.033		0		0.406706		293.842		
00:00:25:649		6.83368e+06		144.277		103.033		0		0.406706		293.842		
00:00:25:550		6.83447e+06		144.277		103.033		0		0.406706		293.96		
00:00:25:399		6.8357e+06		143.82		102.293		0		0.402506		294.038		
00:00:25:300		6.83655e+06		143.82		102.293		0		0.402506		294.116		
00:00:25:149		6.83789e+06		143.363		101.543		0		0.398304		294.234		
00:00:25:149		6.83789e+06		143.363		101.543		0		0.398304		294.234		
00:00:25:050		6.83885e+06		143.363		101.543		0		0.398304		294.312		
00:00:24:899		6.8403e+06		142.906		100.783		0		0.394101		294.428		
00:00:24:800		6.84128e+06		142.906		100.783		0		0.394101		294.505		
00:00:24:600		6.84327e+06		142.448		100.012		0		0.389896		294.658		
00:00:24:600		6.84327e+06		142.448		100.012		0		0.389896		294.658		
00:00:24:500		6.84424e+06		141.991		100.012		0		0.389896		294.734		
00:00:24:399		6.8452e+06		141.991		99.2316		0		0.385689		294.81		
00:00:24:300		6.8462e+06		141.991		99.2316		0		0.385689		294.886		
00:00:24:199		6.84722e+06		141.533		98.441		0		0.381481		294.961		
00:00:24:100		6.84826e+06		141.533		98.441		0		0.381481		295.036		
00:00:24:000		6.84931e+06		141.075		98.441		0		0.381481		295.111		
00:00:23:899		6.85035e+06		141.075		97.6404		0		0.377272		295.187		
00:00:23:800		6.85136e+06		141.075		97.6404		0		0.377272		295.263		
00:00:23:600		6.85318e+06		140.616		96.8301		0		0.373061		295.416		
00:00:23:600		6.85318e+06		140.616		96.8301		0		0.373061		295.416		
00:00:23:500		6.85417e+06		140.158		96.8301		0		0.373061		295.493		
00:00:23:399		6.85524e+06		140.158		96.0102		0		0.368848		295.571		
00:00:23:300		6.85633e+06		140.158		96.0102		0		0.368848		295.649		
00:00:23:199		6.85794e+06		139.699		95.1813		0		0.364634		295.768		
00:00:23:050		6.85898e+06		139.699		95.1813		0		0.364634		295.849		
00:00:23:000		6.8595e+06		139.239		95.1813		0		0.364634		295.889		
00:00:22:899		6.86059e+06		139.239		94.3439		0		0.360418		295.97		
00:00:22:800		6.86172e+06		139.239		94.3439		0		0.360418		296.051		
00:00:22:550		6.86453e+06		138.78		93.5		0		0.3562		296.258		
00:00:22:550		6.86453e+06		138.78		93.5		0		0.3562		296.258		
00:00:22:449		6.86559e+06		138.32		92.6509		0		0.351981		296.342		
00:00:22:350		6.86662e+06		138.32		92.6509		0		0.351981		296.429		
00:00:22:300		6.86714e+06		138.32		92.6509		0		0.351981		296.473		
00:00:22:149		6.8687e+06		137.861		91.7969		0		0.34776		296.607		
00:00:22:050		6.86973e+06		137.861		91.7969		0		0.34776		296.697		
00:00:21:949		6.87074e+06		137.4		90.9373		0		0.343538		296.789		
00:00:21:850		6.87175e+06		137.4		90.9373		0		0.343538		296.881		
00:00:21:649		6.87374e+06		136.94		90.0717		0		0.339315		297.071		
00:00:21:550		6.87467e+06		136.94		90.0717		0		0.339315		297.168		
00:00:21:550		6.87467e+06		136.94		90.0717		0		0.339315		297.168		
00:00:21:449		6.87556e+06		136.48		89.2005		0		0.33509		297.266		
00:00:21:350		6.8764e+06		136.48		89.2005		0		0.33509		297.366		
00:00:21:250		6.8772e+06		136.019		89.2005		0		0.33509		297.466		
00:00:21:149		6.87795e+06		136.019		88.324		0		0.330864		297.566		
00:00:21:050		6.87865e+06		136.019		88.324		0		0.330864		297.668		
00:00:21:050		6.87865e+06		136.019		88.324		0		0.330864		297.668		
00:00:20:949		6.87931e+06		135.559		87.4427		0		0.326638		297.772		
00:00:20:649		6.88095e+06		135.098		86.5573		0		0.322411		298.093		
00:00:20:550		6.88139e+06		135.098		86.5573		0		0.322411		298.203		
00:00:20:550		6.88139e+06		135.098		86.5573		0		0.322411		298.203		
00:00:20:550		6.88139e+06		135.098		86.5573		0		0.322411		298.203		
00:00:20:350		6.8821e+06		134.637		85.6683		0		0.318184		298.43		
00:00:20:350		6.8821e+06		134.637		85.6683		0		0.318184		298.43		
00:00:20:250		6.88236e+06		134.176		85.6683		0		0.318184		298.546		
00:00:20:100		6.88264e+06		134.176		84.7766		0		0.313956		298.723		
00:00:20:050		6.8827e+06		134.176		84.7766		0		0.313956		298.784		
00:00:19:899		6.88279e+06		133.715		83.883		0		0.309729		298.967		
00:00:19:800		6.88277e+06		133.715		83.883		0		0.309729		299.091		
00:00:19:600		6.88252e+06		133.254		82.9885		0		0.305503		299.345		
00:00:19:600		6.88252e+06		133.254		82.9885		0		0.305503		299.345		
00:00:19:500		6.88229e+06		132.793		82.9885		0		0.305503		299.475		
00:00:19:399		6.88199e+06		132.793		82.0942		0		0.301277		299.606		
00:00:19:300		6.88162e+06		132.793		82.0942		0		0.301277		299.74		
00:00:19:199		6.88117e+06		132.332		81.201		0		0.297052		299.876		
00:00:19:100		6.88064e+06		132.332		81.201		0		0.297052		300.014		
00:00:19:000		6.88003e+06		131.871		81.201		0		0.297052		300.155		
00:00:18:899		6.87935e+06		131.871		80.3103		0		0.292828		300.298		
00:00:18:800		6.87862e+06		131.871		80.3103		0		0.292828		300.442		
00:00:18:600		6.87714e+06		131.41		79.4234		0		0.288606		300.733		
00:00:18:600		6.87714e+06		131.41		79.4234		0		0.288606		300.733		
00:00:18:500		6.87637e+06		130.95		79.4234		0		0.288606		300.883		
00:00:18:399		6.8755e+06		130.95		78.5416		0		0.284386		301.035		
00:00:18:300		6.87451e+06		130.95		78.5416		0		0.284386		301.19		
00:00:18:199		6.87342e+06		130.489		77.6663		0		0.280168		301.348		
00:00:18:100		6.87222e+06		130.489		77.6663		0		0.280168		301.509		
00:00:18:000		6.87091e+06		130.029		77.6663		0		0.280168		301.672		
00:00:17:899		6.86949e+06		130.029		76.7989		0		0.275953		301.838		
00:00:17:800		6.86795e+06		130.029		76.7989		0		0.275953		302.007		
00:00:17:600		6.86457e+06		129.569		75.941		0		0.27174		302.35		
00:00:17:600		6.86457e+06		129.569		75.941		0		0.27174		302.35		
00:00:17:500		6.86273e+06		129.109		75.941		0		0.27174		302.526		
00:00:17:399		6.85983e+06		129.109		75.0939		0		0.267531		302.794		
00:00:17:250		6.85784e+06		128.65		75.0939		0		0.267531		302.975		
00:00:17:199		6.85683e+06		128.65		74.2591		0		0.263325		303.065		
00:00:17:100		6.8548e+06		128.65		74.2591		0		0.263325		303.248		
00:00:16:949		6.85167e+06		128.191		73.4378		0		0.259123		303.527		
00:00:16:850		6.84947e+06		128.191		73.4378		0		0.259123		303.717		
00:00:16:800		6.84831e+06		128.191		73.4378		0		0.259123		303.813		
00:00:16:600		6.84326e+06		127.732		72.6309		0		0.254926		304.203		
00:00:16:600		6.84326e+06		127.732		72.6309		0		0.254926		304.203		
00:00:16:500		6.8405e+06		127.274		72.6309		0		0.254926		304.401		
00:00:16:399		6.8376e+06		127.274		71.839		0		0.250733		304.599		
00:00:16:300		6.83458e+06		127.274		71.839		0		0.250733		304.8		
00:00:16:199		6.83142e+06		126.816		71.0618		0		0.246546		305.003		
00:00:16:100		6.82813e+06		126.816		71.0618		0		0.246546		305.205		
00:00:15:949		6.82293e+06		126.358		70.3004		0		0.242365		305.509		
00:00:15:849		6.8193e+06		126.358		70.3004		0		0.242365		305.713		
00:00:15:750		6.81552e+06		125.901		70.3004		0		0.242365		305.919		
00:00:15:650		6.8116e+06		125.901		69.554		0		0.23819		306.125		
00:00:15:550		6.80754e+06		125.901		69.554		0		0.23819		306.332		
00:00:15:449		6.80333e+06		125.445		68.8182		0		0.234022		306.538		
00:00:15:349		6.79903e+06		125.445		68.8182		0		0.234022		306.74		
00:00:15:250		6.79474e+06		124.99		68.8182		0		0.234022		306.94		
00:00:15:150		6.79078e+06		124.99		68.0851		0		0.22986		307.134		
00:00:15:050		6.7878e+06		124.99		68.0851		0		0.22986		307.323		
00:00:14:949		6.7848e+06		124.534		67.3547		0		0.225703		307.508		
00:00:14:849		6.78126e+06		124.534		67.3547		0		0.225703		307.688		
00:00:14:650		6.77269e+06		124.08		66.627		0		0.221553		308.025		
00:00:14:550		6.7678e+06		124.08		66.627		0		0.221553		308.178		
00:00:14:550		6.7678e+06		124.08		66.627		0		0.221553		308.178		
00:00:14:449		6.76266e+06		123.626		65.902		0		0.217411		308.319		
00:00:14:349		6.75737e+06		123.626		65.902		0		0.217411		308.447		
00:00:14:250		6.75204e+06		123.173		65.902		0		0.217411		308.56		
00:00:14:150		6.74643e+06		123.173		65.1795		0		0.213279		308.658		
00:00:14:050		6.73917e+06		123.173		65.1795		0		0.213279		308.741		
00:00:13:949		6.72578e+06		122.722		64.4592		0		0.209196		308.81		
00:00:13:849		6.69576e+06		122.722		64.4592		0		0.209196		308.865		
00:00:13:750		6.6457e+06		122.272		64.4592		0		0.209196		308.908		
00:00:13:750		6.6457e+06		122.272		64.4592		0		0.209196		308.908		
00:00:13:550		6.60112e+06		122.272		63.7406		0		0.205143		308.967		
00:00:13:550		6.60112e+06		122.272		63.7406		0		0.205143		308.967		
00:00:13:349		6.58464e+06		121.823		63.0233		0		0.201095		309.003		
00:00:13:349		6.58464e+06		121.823		63.0233		0		0.201095		309.003		
00:00:13:250		6.58946e+06		121.374		63.0233		0		0.201095		309.015		
00:00:13:150		6.59309e+06		121.374		62.3073		0		0.197043		309.026		
00:00:13:050		6.59506e+06		121.374		62.3073		0		0.197043		309.035		
00:00:12:949		6.59625e+06		120.924		61.5924		0		0.192989		309.042		
00:00:12:650		6.59984e+06		120.474		60.8786		0		0.188933		309.063		
00:00:12:650		6.59984e+06		120.474		60.8786		0		0.188933		309.063		
00:00:12:550		6.60104e+06		120.474		60.8786		0		0.188933		309.071		
00:00:12:550		6.60104e+06		120.474		60.8786		0		0.188933		309.071		
00:00:12:449		6.60224e+06		120.023		60.1659		0		0.184875		309.078		
00:00:12:349		6.60344e+06		120.023		60.1659		0		0.184875		309.086		
00:00:12:250		6.60465e+06		119.572		60.1659		0		0.184875		309.094		
00:00:12:150		6.60647e+06		119.572		59.4542		0		0.180815		309.107		
00:00:12:000		6.60769e+06		119.12		59.4542		0		0.180815		309.115		
00:00:11:800		6.61013e+06		119.12		58.7435		0		0.176753		309.133		
00:00:11:800		6.61013e+06		119.12		58.7435		0		0.176753		309.133		
00:00:11:599		6.61258e+06		118.667		58.034		0		0.17269		309.151		
00:00:11:599		6.61258e+06		118.667		58.034		0		0.17269		309.151		
00:00:11:500		6.61382e+06		118.214		58.034		0		0.17269		309.161		
00:00:11:400		6.61505e+06		118.214		57.3257		0		0.168624		309.171		
00:00:11:300		6.61629e+06		118.214		57.3257		0		0.168624		309.18		
00:00:11:199		6.61753e+06		117.76		56.6186		0		0.164556		309.19		
00:00:11:099		6.61877e+06		117.76		56.6186		0		0.164556		309.2		
00:00:11:000		6.62002e+06		117.305		56.6186		0		0.164556		309.211		
00:00:10:900		6.62127e+06		117.305		55.9127		0		0.160487		309.221		
00:00:10:800		6.62253e+06		117.305		55.9127		0		0.160487		309.231		
00:00:10:599		6.62505e+06		116.85		55.2081		0		0.156415		309.253		
00:00:10:599		6.62505e+06		116.85		55.2081		0		0.156415		309.253		
00:00:10:500		6.62631e+06		116.394		55.2081		0		0.156415		309.264		
00:00:10:400		6.62758e+06		116.394		54.505		0		0.152342		309.275		
00:00:10:300		6.62886e+06		116.394		54.505		0		0.152342		309.286		
00:00:10:199		6.63014e+06		115.938		53.8033		0		0.148267		309.298		
00:00:10:099		6.63142e+06		115.938		53.8033		0		0.148267		309.309		
00:00:10:000		6.63271e+06		115.48		53.8033		0		0.148267		309.321		
00:00:09:900		6.634e+06		115.48		53.1036		0		0.144189		309.332		
00:00:09:800		6.6353e+06		115.48		53.1036		0		0.144189		309.344		
00:00:09:699		6.6366e+06		115.023		52.4064		0		0.14011		309.356		
00:00:09:599		6.63791e+06		115.023		52.4064		0		0.14011		309.367		
00:00:09:500		6.63922e+06		114.564		52.4064		0		0.14011		309.379		
00:00:09:400		6.64054e+06		114.564		51.7136		0		0.136029		309.39		
00:00:09:300		6.64186e+06		114.564		51.7136		0		0.136029		309.402		
00:00:09:199		6.64319e+06		114.105		51.0283		0		0.131945		309.414		
00:00:09:099		6.64452e+06		114.105		51.0283		0		0.131945		309.425		
00:00:09:000		6.64586e+06		113.646		51.0283		0		0.131945		309.437		
00:00:08:900		6.64720e+06		113.646		50.3516		0		0.12786		309.448		
00:00:08:800		6.64855e+06		113.646		50.3516		0		0.12786		309.46		
00:00:08:599		6.65128e+06		113.186		49.6839		0		0.123773		309.483		
00:00:08:599		6.65128e+06		113.186		49.6839		0		0.123773		309.483		
00:00:08:449		6.65333e+06		112.725		49.0256		0		0.119685		309.499		
00:00:08:349		6.65471e+06		112.725		49.0256		0		0.119685		309.511		
00:00:08:250		6.65609e+06		112.264		49.0256		0		0.119685		309.522		
00:00:08:150		6.65749e+06		112.264		48.3774		0		0.115594		309.533		
00:00:08:050		6.65889e+06		112.264		48.3774		0		0.115594		309.543		
00:00:07:950		6.66029e+06		111.803		47.7395		0		0.111503		309.554		
00:00:07:849		6.66170e+06		111.803		47.7395		0		0.111503		309.565		
00:00:07:750		6.66313e+06		111.341		47.7395		0		0.111503		309.575		
00:00:07:650		6.66456e+06		111.341		47.1127		0		0.107409		309.586		
00:00:07:549		6.666e+06		111.341		47.1127		0		0.107409		309.596		
00:00:07:450		6.66744e+06		110.88		46.4972		0		0.103312		309.606		
00:00:07:349		6.6689e+06		110.88		46.4972		0		0.103312		309.616		
00:00:07:250		6.67036e+06		110.418		46.4972		0		0.103312		309.626		
00:00:07:150		6.67183e+06		110.418		45.8936		0		0.0992139		309.635		
00:00:07:049		6.6733e+06		110.418		45.8936		0		0.0992139		309.645		
00:00:06:950		6.67479e+06		109.956		45.3023		0		0.095113		309.654		
00:00:06:849		6.67629e+06		109.956		45.3023		0		0.095113		309.663		
00:00:06:750		6.67779e+06		109.494		45.3023		0		0.095113		309.672		
00:00:06:650		6.6793e+06		109.494		44.7238		0		0.0910097		309.681		
00:00:06:549		6.68082e+06		109.494		44.7238		0		0.0910097		309.69		
00:00:06:450		6.68235e+06		109.033		44.1586		0		0.0869039		309.698		
00:00:06:349		6.68389e+06		109.033		44.1586		0		0.0869039		309.706		
00:00:06:250		6.68544e+06		108.572		44.1586		0		0.0869039		309.714		
00:00:06:250		6.68544e+06		108.572		44.1586		0		0.0869039		309.714		
00:00:06:150		6.687e+06		108.572		43.6069		0		0.0827957		309.722		
00:00:06:049		6.68856e+06		108.572		43.6069		0		0.0827957		309.73		
00:00:05:950		6.69014e+06		108.112		43.0692		0		0.078685		309.737		
00:00:05:849		6.69172e+06		108.112		43.0692		0		0.078685		309.744		
00:00:05:650		6.69493e+06		107.653		42.546		0		0.0745718		309.758		
00:00:05:500		6.69735e+06		107.196		42.546		0		0.0745718		309.768		
00:00:05:500		6.69735e+06		107.196		42.546		0		0.0745718		309.768		
00:00:05:400		6.69898e+06		107.196		42.0375		0		0.070456		309.774		
00:00:05:299		6.70063e+06		107.196		42.0375		0		0.070456		309.78		
00:00:05:200		6.70228e+06		106.74		41.5442		0		0.0663376		309.785		
00:00:05:099		6.70395e+06		106.74		41.5442		0		0.0663376		309.791		
00:00:05:000		6.70562e+06		106.286		41.5442		0		0.0663376		309.796		
00:00:04:900		6.70731e+06		106.286		41.0665		0		0.0622164		309.801		
00:00:04:799		6.70901e+06		106.286		41.0665		0		0.0622164		309.806		
00:00:04:700		6.71072e+06		105.835		40.6055		0		0.0580926		309.81		
00:00:04:599		6.71244e+06		105.835		40.6055		0		0.0580926		309.814		
00:00:04:500		6.71418e+06		105.387		40.6055		0		0.0580926		309.818		
00:00:04:400		6.71593e+06		105.387		40.1632		0		0.0539659		309.821		
00:00:04:299		6.71769e+06		105.387		40.1632		0		0.0539659		309.824		
00:00:04:200		6.71946e+06		104.944		39.7426		0		0.0498364		309.827		
00:00:04:099		6.72125e+06		104.944		39.7426		0		0.0498364		309.83		
00:00:04:000		6.72306e+06		104.505		39.7426		0		0.0498364		309.833		
00:00:03:899		6.72487e+06		104.505		39.3431		0		0.045704		309.835		
00:00:03:799		6.7267e+06		104.505		39.3431		0		0.045704		309.837		
00:00:03:700		6.72855e+06		104.072		38.9636		0		0.0415686		309.839		
00:00:03:600		6.73041e+06		104.072		38.9636		0		0.0415686		309.84		
00:00:03:500		6.73229e+06		103.645		38.9636		0		0.0415686		309.842		
00:00:03:350		6.73513e+06		103.645		38.6041		0		0.0374301		309.844		
00:00:03:250		6.73704e+06		103.227		38.6041		0		0.0374301		309.845		
00:00:03:149		6.73896e+06		103.227		38.2645		0		0.0332884		309.845		
00:00:03:049		6.74089e+06		103.227		38.2645		0		0.0332884		309.845		
00:00:02:950		6.74282e+06		102.819		37.9445		0		0.0291435		309.845		
00:00:02:850		6.74475e+06		102.819		37.9445		0		0.0291435		309.845		
00:00:02:750		6.74667e+06		102.422		37.9445		0		0.0291435		309.845		
00:00:02:649		6.74859e+06		102.422		37.643		0		0.0249954		309.844		
00:00:02:549		6.75053e+06		102.422		37.643		0		0.0249954		309.844		
00:00:02:450		6.75254e+06		102.04		37.3589		0		0.0208435		309.844		
00:00:02:350		6.75469e+06		102.04		37.3589		0		0.0208435		309.843		
00:00:02:250		6.75700e+06		101.674		37.3589		0		0.0208435		309.844		
00:00:02:149		6.75942e+06		101.674		37.0923		0		0.0166874		309.844		
00:00:02:149		6.75942e+06		101.674		37.0923		0		0.0166874		309.844		
00:00:02:049		6.76192e+06		101.674		37.0923		0		0.0166874		309.844		
00:00:01:850		6.76718e+06		101.328		36.8426		0		0.0125267		309.845		
00:00:01:750		6.76997e+06		101.006		36.8426		0		0.0125267		309.846		
00:00:01:750		6.76997e+06		101.006		36.8426		0		0.0125267		309.846		
00:00:01:550		6.77614e+06		101.006		36.6125		0		0.00836059		309.846		
00:00:01:500		6.77977e+06		100.706		36.4239		0		0.00418717		309.846		
00:00:01:350		6.78411e+06		100.706		36.4239		0		0.00418717		309.846		
00:00:01:250		6.78968e+06		100.383		36.4239		0		0.00418717		309.846		
00:00:01:149		6.79747e+06		100.383		36.3825		0		0		309.846		
00:00:01:050		6.8096e+06		100.383		36.3825		0		0		309.846		
00:00:00:949		6.83119e+06		100.069		36.3828		0		0		309.846		
00:00:00:849		6.83119e+06		100.069		36.3828		0		0		309.846		
00:00:00:849		6.83119e+06		100.069		36.3828		0		0		309.846		
00:00:00:750		6.83118e+06		100.069		36.3828		0		0		309.846		
00:00:00:550		6.83117e+06		100.069		36.3831		0		0		309.846		
00:00:00:550		6.83117e+06		100.069		36.3831		0		0		309.846		
00:00:00:450		6.83117e+06		100.069		36.3834		0		0		309.846		
00:00:00:299		6.83116e+06		100.069		36.3834		0		0		309.846		
00:00:00:250		6.83116e+06		100.069		36.3834		0		0		309.846		
00:00:00:100		6.83116e+06		100.069		36.3837		0		0		309.846		
00:00:00:000		6.83115e+06		100.069		36.3837		0		0		309.846		
00:00:00:000		6.83115e+06		100.069		36.3837		0		0		309.846		
00:00:00:000		6.83115e+06		100.069		36.3837		0		0		309.846		
00:00:00:000		6.83115e+06		100.069		36.3837		0		0		309.846		
00:00:00:000		6.83115e+06		100.069		36.3837		0		0		309.846		
00:00:00:000		6.83115e+06		100.069		36.3837		0		0		309.846		
