	time 		gpv001pnt10113ppntm	evf507ety101mpzoyout	chtcon(1)	chavg(1)	chlhsumpa	rcptavgn	
00:01:02:100		6.50825e+06		246.667		136.36		0		2.22483		276.898		
00:01:02:100		6.50825e+06		246.667		136.36		0		2.22483		276.898		
00:01:02:000		6.50834e+06		246.504		136.36		0		2.22483		276.928		
00:01:01:899		6.50843e+06		246.504		136.829		0		2.21309		276.958		
00:01:01:799		6.50852e+06		246.504		136.829		0		2.21309		276.988		
00:01:01:700		6.50861e+06		246.341		137.309		0		2.20133		277.019		
00:01:01:600		6.5087e+06		246.341		137.309		0		2.20133		277.049		
00:01:01:500		6.50879e+06		246.18		137.309		0		2.20133		277.079		
00:01:01:399		6.50888e+06		246.18		137.801		0		2.18957		277.109		
00:01:01:299		6.50897e+06		246.18		137.801		0		2.18957		277.14		
00:01:01:149		6.50911e+06		246.022		138.304		0		2.1778		277.186		
00:01:01:049		6.5092e+06		246.022		138.304		0		2.1778		277.216		
00:01:00:950		6.50929e+06		245.861		138.814		0		2.16602		277.247		
00:01:00:850		6.50938e+06		245.861		138.814		0		2.16602		277.277		
00:01:00:750		6.50947e+06		245.696		138.814		0		2.16602		277.308		
00:01:00:649		6.50956e+06		245.696		139.334		0		2.15423		277.339		
00:01:00:549		6.50965e+06		245.696		139.334		0		2.15423		277.37		
00:01:00:450		6.50974e+06		245.519		139.865		0		2.14242		277.401		
00:01:00:350		6.50983e+06		245.519		139.865		0		2.14242		277.432		
00:01:00:250		6.50992e+06		245.326		139.865		0		2.14242		277.463		
00:01:00:149		6.51001e+06		245.326		140.406		0		2.13061		277.494		
00:01:00:049		6.5101e+06		245.326		140.406		0		2.13061		277.525		
00:01:00:000		6.51014e+06		245.102		140.406		0		2.13061		277.54		
00:00:59:899		6.51023e+06		245.102		140.962		0		2.11879		277.571		
00:00:59:799		6.51032e+06		245.102		140.962		0		2.11879		277.603		
00:00:59:700		6.51041e+06		244.823		141.533		0		2.10696		277.634		
00:00:59:600		6.5105e+06		244.823		141.533		0		2.10696		277.665		
00:00:59:500		6.51059e+06		244.933		141.533		0		2.10696		277.696		
00:00:59:399		6.51068e+06		244.933		142.107		0		2.09512		277.727		
00:00:59:250		6.51082e+06		245.046		142.107		0		2.09512		277.774		
00:00:59:149		6.51091e+06		245.046		142.684		0		2.08327		277.805		
00:00:59:049		6.511e+06		245.046		142.684		0		2.08327		277.837		
00:00:59:049		6.511e+06		245.046		142.684		0		2.08327		277.837		
00:00:58:899		6.51113e+06		245.162		143.262		0		2.07141		277.883		
00:00:58:799		6.51122e+06		245.162		143.262		0		2.07141		277.914		
00:00:58:700		6.51131e+06		245.28		143.842		0		2.05954		277.945		
00:00:58:600		6.5114e+06		245.28		143.842		0		2.05954		277.976		
00:00:58:500		6.51149e+06		245.4		143.842		0		2.05954		278.007		
00:00:58:399		6.51158e+06		245.4		144.424		0		2.04767		278.037		
00:00:58:250		6.51172e+06		245.522		144.424		0		2.04767		278.083		
00:00:58:149		6.51181e+06		245.522		145.007		0		2.03578		278.113		
00:00:58:049		6.5119e+06		245.522		145.007		0		2.03578		278.143		
00:00:58:049		6.5119e+06		245.522		145.007		0		2.03578		278.143		
00:00:57:950		6.51199e+06		245.647		145.591		0		2.02388		278.173		
00:00:57:850		6.51208e+06		245.647		145.591		0		2.02388		278.203		
00:00:57:649		6.51226e+06		245.773		146.175		0		2.01197		278.261		
00:00:57:649		6.51226e+06		245.773		146.175		0		2.01197		278.261		
00:00:57:549		6.51235e+06		245.773		146.175		0		2.01197		278.29		
00:00:57:450		6.51244e+06		245.901		146.76		0		2.00007		278.318		
00:00:57:350		6.51253e+06		245.901		146.76		0		2.00007		278.346		
00:00:57:149		6.51271e+06		246.029		147.346		0		1.98816		278.401		
00:00:57:049		6.5128e+06		246.029		147.346		0		1.98816		278.429		
00:00:57:049		6.5128e+06		246.029		147.346		0		1.98816		278.429		
00:00:56:950		6.51289e+06		246.157		147.931		0		1.97626		278.455		
00:00:56:850		6.51298e+06		246.157		147.931		0		1.97626		278.482		
00:00:56:750		6.51307e+06		246.286		147.931		0		1.97626		278.508		
00:00:56:549		6.51325e+06		246.286		148.516		0		1.96436		278.559		
00:00:56:549		6.51325e+06		246.286		148.516		0		1.96436		278.559		
00:00:56:450		6.51334e+06		246.414		149.1		0		1.95246		278.584		
00:00:56:350		6.51343e+06		246.414		149.1		0		1.95246		278.609		
00:00:56:100		6.51365e+06		246.543		149.684		0		1.94057		278.671		
00:00:56:049		6.5137e+06		246.543		149.684		0		1.94057		278.683		
00:00:56:049		6.5137e+06		246.543		149.684		0		1.94057		278.683		
00:00:55:950		6.51379e+06		246.671		150.267		0		1.92868		278.707		
00:00:55:850		6.51388e+06		246.671		150.267		0		1.92868		278.731		
00:00:55:700		6.51401e+06		246.8		150.848		0		1.91679		278.767		
00:00:55:600		6.5141e+06		246.8		150.848		0		1.91679		278.791		
00:00:55:500		6.51419e+06		246.928		150.848		0		1.91679		278.815		
00:00:55:399		6.51428e+06		246.928		151.427		0		1.9049		278.84		
00:00:55:299		6.51437e+06		246.928		151.427		0		1.9049		278.864		
00:00:55:100		6.51455e+06		247.056		152.004		0		1.89302		278.913		
00:00:55:000		6.51464e+06		247.183		152.004		0		1.89302		278.937		
00:00:55:000		6.51464e+06		247.183		152.004		0		1.89302		278.937		
00:00:54:950		6.51469e+06		247.183		152.579		0		1.88115		278.95		
00:00:54:799		6.51482e+06		247.183		152.579		0		1.88115		278.987		
00:00:54:700		6.51491e+06		247.309		153.152		0		1.86928		279.012		
00:00:54:600		6.515e+06		247.309		153.152		0		1.86928		279.038		
00:00:54:500		6.51509e+06		247.434		153.152		0		1.86928		279.063		
00:00:54:399		6.51518e+06		247.434		153.721		0		1.85742		279.089		
00:00:54:299		6.51527e+06		247.434		153.721		0		1.85742		279.114		
00:00:54:200		6.51536e+06		247.559		154.286		0		1.84556		279.141		
00:00:54:100		6.51545e+06		247.559		154.286		0		1.84556		279.167		
00:00:54:000		6.51554e+06		247.682		154.286		0		1.84556		279.193		
00:00:53:899		6.51563e+06		247.682		154.847		0		1.83371		279.22		
00:00:53:799		6.51572e+06		247.682		154.847		0		1.83371		279.246		
00:00:53:700		6.51581e+06		247.804		155.404		0		1.82186		279.273		
00:00:53:600		6.5159e+06		247.804		155.404		0		1.82186		279.3		
00:00:53:500		6.51599e+06		247.925		155.404		0		1.82186		279.327		
00:00:53:399		6.51608e+06		247.925		155.955		0		1.81003		279.354		
00:00:53:299		6.51617e+06		247.925		155.955		0		1.81003		279.381		
00:00:53:200		6.51626e+06		248.044		156.501		0		1.7982		279.408		
00:00:53:100		6.51635e+06		248.044		156.501		0		1.7982		279.435		
00:00:53:000		6.51644e+06		248.162		156.501		0		1.7982		279.462		
00:00:52:899		6.51653e+06		248.162		157.042		0		1.78638		279.489		
00:00:52:799		6.51662e+06		248.162		157.042		0		1.78638		279.516		
00:00:52:700		6.51671e+06		248.278		157.575		0		1.77457		279.543		
00:00:52:600		6.5168e+06		248.278		157.575		0		1.77457		279.57		
00:00:52:500		6.51689e+06		248.392		157.575		0		1.77457		279.597		
00:00:52:399		6.51698e+06		248.392		158.101		0		1.76277		279.624		
00:00:52:250		6.51712e+06		248.503		158.101		0		1.76277		279.665		
00:00:52:149		6.51721e+06		248.503		158.62		0		1.75099		279.692		
00:00:52:049		6.5173e+06		248.503		158.62		0		1.75099		279.719		
00:00:52:049		6.5173e+06		248.503		158.62		0		1.75099		279.719		
00:00:51:950		6.51739e+06		248.611		159.13		0		1.73921		279.746		
00:00:51:750		6.51757e+06		248.717		159.13		0		1.73921		279.801		
00:00:51:750		6.51757e+06		248.717		159.13		0		1.73921		279.801		
00:00:51:649		6.51766e+06		248.717		159.631		0		1.72745		279.828		
00:00:51:549		6.51775e+06		248.717		159.631		0		1.72745		279.855		
00:00:51:450		6.51784e+06		248.818		160.122		0		1.7157		279.883		
00:00:51:350		6.51793e+06		248.818		160.122		0		1.7157		279.91		
00:00:51:250		6.51802e+06		248.916		160.122		0		1.7157		279.938		
00:00:51:049		6.5182e+06		248.916		160.603		0		1.70396		279.993		
00:00:51:049		6.5182e+06		248.916		160.603		0		1.70396		279.993		
00:00:50:850		6.51838e+06		249.011		161.073		0		1.69224		280.048		
00:00:50:850		6.51838e+06		249.011		161.073		0		1.69224		280.048		
00:00:50:750		6.51847e+06		249.102		161.073		0		1.69224		280.076		
00:00:50:649		6.51856e+06		249.102		161.531		0		1.68053		280.103		
00:00:50:549		6.51865e+06		249.102		161.531		0		1.68053		280.131		
00:00:50:450		6.51874e+06		249.188		161.977		0		1.66885		280.159		
00:00:50:350		6.51883e+06		249.188		161.977		0		1.66885		280.187		
00:00:50:250		6.51892e+06		249.271		161.977		0		1.66885		280.214		
00:00:50:049		6.5191e+06		249.271		162.408		0		1.65718		280.27		
00:00:50:049		6.5191e+06		249.271		162.408		0		1.65718		280.27		
00:00:49:950		6.51919e+06		249.349		162.826		0		1.64552		280.298		
00:00:49:850		6.51928e+06		249.349		162.826		0		1.64552		280.326		
00:00:49:750		6.51937e+06		249.422		162.826		0		1.64552		280.354		
00:00:49:649		6.51946e+06		249.422		163.228		0		1.63389		280.382		
00:00:49:549		6.51955e+06		249.422		163.228		0		1.63389		280.41		
00:00:49:450		6.51964e+06		249.491		163.614		0		1.62228		280.438		
00:00:49:350		6.51973e+06		249.491		163.614		0		1.62228		280.466		
00:00:49:100		6.51995e+06		249.555		163.982		0		1.6107		280.535		
00:00:49:000		6.52004e+06		249.613		163.982		0		1.6107		280.563		
00:00:49:000		6.52004e+06		249.613		163.982		0		1.6107		280.563		
00:00:48:899		6.52013e+06		249.613		164.333		0		1.59913		280.591		
00:00:48:799		6.52022e+06		249.613		164.333		0		1.59913		280.619		
00:00:48:700		6.52031e+06		249.666		164.664		0		1.5876		280.647		
00:00:48:600		6.5204e+06		249.666		164.664		0		1.5876		280.674		
00:00:48:500		6.52049e+06		249.714		164.664		0		1.5876		280.702		
00:00:48:399		6.52058e+06		249.714		164.974		0		1.57609		280.73		
00:00:48:299		6.52067e+06		249.714		164.974		0		1.57609		280.758		
00:00:48:100		6.52085e+06		249.755		165.263		0		1.56461		280.813		
00:00:48:000		6.52094e+06		249.79		165.263		0		1.56461		280.84		
00:00:48:000		6.52094e+06		249.79		165.263		0		1.56461		280.84		
00:00:47:899		6.52103e+06		249.79		165.529		0		1.55315		280.868		
00:00:47:799		6.52112e+06		249.79		165.529		0		1.55315		280.896		
00:00:47:700		6.52121e+06		249.819		165.77		0		1.54173		280.923		
00:00:47:600		6.5213e+06		249.819		165.77		0		1.54173		280.951		
00:00:47:500		6.52139e+06		249.841		165.77		0		1.54173		280.978		
00:00:47:399		6.52148e+06		249.841		165.986		0		1.53035		281.006		
00:00:47:299		6.52157e+06		249.841		165.986		0		1.53035		281.033		
00:00:47:200		6.52166e+06		249.856		166.176		0		1.519		281.061		
00:00:47:049		6.5218e+06		249.856		166.176		0		1.519		281.102		
00:00:46:950		6.52189e+06		249.864		166.336		0		1.50768		281.13		
00:00:46:850		6.52198e+06		249.864		166.336		0		1.50768		281.157		
00:00:46:750		6.52207e+06		249.859		166.336		0		1.50768		281.185		
00:00:46:750		6.52207e+06		249.859		166.336		0		1.50768		281.185		
00:00:46:649		6.52216e+06		249.859		166.468		0		1.49644		281.212		
00:00:46:549		6.52225e+06		249.859		166.468		0		1.49644		281.24		
00:00:46:450		6.52234e+06		249.822		166.571		0		1.48542		281.267		
00:00:46:350		6.52243e+06		249.822		166.571		0		1.48542		281.295		
00:00:46:250		6.52252e+06		249.752		166.571		0		1.48542		281.322		
00:00:46:049		6.5227e+06		249.752		166.645		0		1.47464		281.377		
00:00:46:049		6.5227e+06		249.752		166.645		0		1.47464		281.377		
00:00:45:950		6.52279e+06		249.649		166.692		0		1.46408		281.405		
00:00:45:850		6.52288e+06		249.649		166.692		0		1.46408		281.432		
00:00:45:750		6.52297e+06		249.513		166.692		0		1.46408		281.459		
00:00:45:649		6.52306e+06		249.513		166.711		0		1.45374		281.487		
00:00:45:549		6.52315e+06		249.513		166.711		0		1.45374		281.514		
00:00:45:450		6.52324e+06		249.344		166.704		0		1.44364		281.542		
00:00:45:350		6.52333e+06		249.344		166.704		0		1.44364		281.569		
00:00:45:250		6.52342e+06		249.141		166.704		0		1.44364		281.596		
00:00:45:049		6.5236e+06		249.141		166.671		0		1.43377		281.651		
00:00:45:049		6.5236e+06		249.141		166.671		0		1.43377		281.651		
00:00:44:950		6.52369e+06		248.904		166.613		0		1.42413		281.678		
00:00:44:850		6.52378e+06		248.904		166.613		0		1.42413		281.705		
00:00:44:750		6.52387e+06		248.634		166.613		0		1.42413		281.732		
00:00:44:649		6.52396e+06		248.634		166.532		0		1.41472		281.759		
00:00:44:549		6.52405e+06		248.634		166.532		0		1.41472		281.786		
00:00:44:350		6.52423e+06		248.33		166.427		0		1.40554		281.84		
00:00:44:350		6.52423e+06		248.33		166.427		0		1.40554		281.84		
00:00:44:200		6.52436e+06		247.991		166.301		0		1.3966		281.88		
00:00:44:049		6.5245e+06		247.991		166.301		0		1.3966		281.92		
00:00:44:049		6.5245e+06		247.991		166.301		0		1.3966		281.92		
00:00:43:950		6.52459e+06		247.617		166.155		0		1.38789		281.947		
00:00:43:850		6.52468e+06		247.617		166.155		0		1.38789		281.973		
00:00:43:750		6.52477e+06		247.208		166.155		0		1.38789		282		
00:00:43:649		6.52486e+06		247.208		165.989		0		1.37943		282.027		
00:00:43:549		6.52495e+06		247.208		165.989		0		1.37943		282.053		
00:00:43:399		6.52508e+06		246.763		165.806		0		1.37121		282.093		
00:00:43:299		6.52517e+06		246.763		165.806		0		1.37121		282.12		
00:00:43:200		6.52526e+06		246.279		165.607		0		1.36326		282.146		
00:00:43:000		6.52544e+06		245.755		165.607		0		1.36326		282.199		
00:00:43:000		6.52544e+06		245.755		165.607		0		1.36326		282.199		
00:00:42:899		6.52553e+06		245.755		165.395		0		1.35557		282.225		
00:00:42:799		6.52562e+06		245.755		165.395		0		1.35557		282.252		
00:00:42:700		6.52571e+06		245.186		165.172		0		1.3482		282.278		
00:00:42:600		6.5258e+06		245.186		165.172		0		1.3482		282.304		
00:00:42:500		6.52589e+06		244.539		165.172		0		1.3482		282.331		
00:00:42:399		6.52598e+06		244.539		164.944		0		1.34122		282.357		
00:00:42:299		6.52607e+06		244.539		164.944		0		1.34122		282.383		
00:00:42:200		6.52616e+06		243.84		164.714		0		1.33476		282.409		
00:00:42:100		6.52625e+06		243.84		164.714		0		1.33476		282.436		
00:00:42:000		6.52634e+06		243.14		164.714		0		1.33476		282.462		
00:00:41:899		6.52643e+06		243.14		164.482		0		1.32828		282.488		
00:00:41:799		6.52652e+06		243.14		164.482		0		1.32828		282.514		
00:00:41:700		6.52661e+06		242.438		164.249		0		1.32178		282.541		
00:00:41:600		6.5267e+06		242.438		164.249		0		1.32178		282.567		
00:00:41:500		6.52679e+06		241.733		164.249		0		1.32178		282.593		
00:00:41:399		6.52688e+06		241.733		164.014		0		1.31527		282.619		
00:00:41:299		6.52697e+06		241.733		164.014		0		1.31527		282.645		
00:00:41:149		6.52711e+06		241.027		163.777		0		1.30874		282.685		
00:00:41:100		6.52715e+06		241.027		163.777		0		1.30874		282.698		
00:00:41:000		6.52724e+06		240.32		163.777		0		1.30874		282.724		
00:00:40:899		6.52733e+06		240.32		163.538		0		1.3022		282.75		
00:00:40:799		6.52742e+06		240.32		163.538		0		1.3022		282.776		
00:00:40:649		6.52756e+06		239.61		163.298		0		1.29564		282.816		
00:00:40:549		6.52765e+06		239.61		163.298		0		1.29564		282.842		
00:00:40:549		6.52765e+06		239.61		163.298		0		1.29564		282.842		
00:00:40:450		6.52774e+06		238.898		163.056		0		1.28906		282.868		
00:00:40:350		6.52783e+06		238.898		163.056		0		1.28906		282.894		
00:00:40:250		6.52792e+06		238.185		163.056		0		1.28906		282.92		
00:00:40:049		6.52810e+06		238.185		162.812		0		1.28247		282.973		
00:00:40:049		6.52810e+06		238.185		162.812		0		1.28247		282.973		
00:00:39:950		6.5282e+06		237.469		162.565		0		1.27586		282.999		
00:00:39:850		6.52829e+06		237.469		162.565		0		1.27586		283.025		
00:00:39:750		6.52838e+06		236.752		162.565		0		1.27586		283.052		
00:00:39:649		6.52847e+06		236.752		162.317		0		1.26923		283.078		
00:00:39:549		6.52856e+06		236.752		162.317		0		1.26923		283.104		
00:00:39:450		6.52865e+06		236.033		162.067		0		1.26258		283.13		
00:00:39:350		6.52875e+06		236.033		162.067		0		1.26258		283.157		
00:00:39:250		6.52884e+06		235.312		162.067		0		1.26258		283.183		
00:00:39:049		6.52902e+06		235.312		161.814		0		1.25592		283.235		
00:00:39:049		6.52902e+06		235.312		161.814		0		1.25592		283.235		
00:00:38:950		6.52911e+06		234.588		161.559		0		1.24924		283.262		
00:00:38:850		6.52921e+06		234.588		161.559		0		1.24924		283.288		
00:00:38:700		6.52934e+06		233.863		161.301		0		1.24254		283.327		
00:00:38:600		6.52944e+06		233.863		161.301		0		1.24254		283.353		
00:00:38:549		6.52948e+06		233.863		161.301		0		1.24254		283.367		
00:00:38:450		6.52957e+06		233.136		161.041		0		1.23582		283.393		
00:00:38:299		6.52971e+06		233.136		161.041		0		1.23582		283.432		
00:00:38:200		6.5298e+06		232.407		160.779		0		1.22908		283.458		
00:00:38:000		6.52999e+06		231.675		160.779		0		1.22908		283.511		
00:00:38:000		6.52999e+06		231.675		160.779		0		1.22908		283.511		
00:00:37:899		6.53008e+06		231.675		160.513		0		1.22233		283.537		
00:00:37:799		6.53017e+06		231.675		160.513		0		1.22233		283.563		
00:00:37:700		6.53026e+06		230.942		160.245		0		1.21556		283.589		
00:00:37:600		6.53036e+06		230.942		160.245		0		1.21556		283.615		
00:00:37:500		6.53045e+06		230.206		160.245		0		1.21556		283.642		
00:00:37:399		6.53054e+06		230.206		159.974		0		1.20877		283.668		
00:00:37:299		6.53063e+06		230.206		159.974		0		1.20877		283.694		
00:00:37:200		6.53072e+06		229.469		159.7		0		1.20196		283.72		
00:00:37:000		6.53091e+06		228.729		159.7		0		1.20196		283.772		
00:00:37:000		6.53091e+06		228.729		159.7		0		1.20196		283.772		
00:00:36:899		6.531e+06		228.729		159.423		0		1.19513		283.798		
00:00:36:799		6.53109e+06		228.729		159.423		0		1.19513		283.824		
00:00:36:700		6.53118e+06		227.987		159.143		0		1.18829		283.85		
00:00:36:600		6.53128e+06		227.987		159.143		0		1.18829		283.876		
00:00:36:500		6.53137e+06		227.242		159.143		0		1.18829		283.901		
00:00:36:399		6.53146e+06		227.242		158.859		0		1.18142		283.927		
00:00:36:299		6.53155e+06		227.242		158.859		0		1.18142		283.953		
00:00:36:100		6.53174e+06		226.496		158.572		0		1.17453		284.005		
00:00:35:950		6.53187e+06		225.747		158.282		0		1.16763		284.043		
00:00:35:950		6.53187e+06		225.747		158.282		0		1.16763		284.043		
00:00:35:950		6.53187e+06		225.747		158.282		0		1.16763		284.043		
00:00:35:850		6.53197e+06		225.747		158.282		0		1.16763		284.069		
00:00:35:750		6.53206e+06		224.996		158.282		0		1.16763		284.094		
00:00:35:649		6.53215e+06		224.996		157.988		0		1.1607		284.12		
00:00:35:549		6.53224e+06		224.996		157.988		0		1.1607		284.145		
00:00:35:450		6.53233e+06		224.243		157.691		0		1.15376		284.17		
00:00:35:350		6.53243e+06		224.243		157.691		0		1.15376		284.196		
00:00:35:250		6.53252e+06		223.487		157.691		0		1.15376		284.221		
00:00:35:049		6.5327e+06		223.487		157.39		0		1.14679		284.271		
00:00:35:049		6.5327e+06		223.487		157.39		0		1.14679		284.271		
00:00:34:950		6.53279e+06		222.73		157.086		0		1.13981		284.296		
00:00:34:850		6.53289e+06		222.73		157.086		0		1.13981		284.321		
00:00:34:750		6.53298e+06		221.97		157.086		0		1.13981		284.346		
00:00:34:649		6.53307e+06		221.97		156.778		0		1.1328		284.37		
00:00:34:549		6.53316e+06		221.97		156.778		0		1.1328		284.395		
00:00:34:450		6.53325e+06		221.208		156.467		0		1.12577		284.419		
00:00:34:350		6.53335e+06		221.208		156.467		0		1.12577		284.444		
00:00:34:250		6.53344e+06		220.443		156.467		0		1.12577		284.468		
00:00:34:049		6.53362e+06		220.443		156.151		0		1.11873		284.515		
00:00:34:049		6.53362e+06		220.443		156.151		0		1.11873		284.515		
00:00:33:950		6.53372e+06		219.676		155.831		0		1.11166		284.539		
00:00:33:850		6.53381e+06		219.676		155.831		0		1.11166		284.563		
00:00:33:750		6.5339e+06		218.907		155.831		0		1.11166		284.587		
00:00:33:649		6.534e+06		218.907		155.508		0		1.10457		284.611		
00:00:33:549		6.53409e+06		218.907		155.508		0		1.10457		284.634		
00:00:33:450		6.53418e+06		218.136		155.18		0		1.09747		284.658		
00:00:33:350		6.53427e+06		218.136		155.18		0		1.09747		284.682		
00:00:33:250		6.53436e+06		217.362		155.18		0		1.09747		284.706		
00:00:33:000		6.53459e+06		216.586		154.848		0		1.09034		284.765		
00:00:33:000		6.53459e+06		216.586		154.848		0		1.09034		284.765		
00:00:32:899		6.53469e+06		216.586		154.511		0		1.08319		284.789		
00:00:32:799		6.53478e+06		216.586		154.511		0		1.08319		284.814		
00:00:32:700		6.53487e+06		215.807		154.169		0		1.07601		284.838		
00:00:32:600		6.53496e+06		215.807		154.169		0		1.07601		284.862		
00:00:32:500		6.53505e+06		215.025		154.169		0		1.07601		284.886		
00:00:32:399		6.53515e+06		215.025		153.823		0		1.06882		284.911		
00:00:32:299		6.53524e+06		215.025		153.823		0		1.06882		284.935		
00:00:32:100		6.53542e+06		214.242		153.472		0		1.0616		284.984		
00:00:32:000		6.53551e+06		213.455		153.472		0		1.0616		285.009		
00:00:32:000		6.53551e+06		213.455		153.472		0		1.0616		285.009		
00:00:31:899		6.53561e+06		213.455		153.115		0		1.05436		285.034		
00:00:31:800		6.5357e+06		213.455		153.115		0		1.05436		285.058		
00:00:31:699		6.53579e+06		212.667		152.753		0		1.0471		285.083		
00:00:31:600		6.53588e+06		212.667		152.753		0		1.0471		285.108		
00:00:31:500		6.53597e+06		211.875		152.753		0		1.0471		285.133		
00:00:31:399		6.53607e+06		211.875		152.385		0		1.03981		285.158		
00:00:31:300		6.53616e+06		211.875		152.385		0		1.03981		285.183		
00:00:31:100		6.53634e+06		211.082		152.011		0		1.0325		285.234		
00:00:30:949		6.53648e+06		210.285		151.632		0		1.02517		285.272		
00:00:30:949		6.53648e+06		210.285		151.632		0		1.02517		285.272		
00:00:30:850		6.53648e+06		210.285		151.632		0		1.02517		285.272		
00:00:30:850		6.53657e+06		210.285		151.632		0		1.02517		285.298		
00:00:30:649		6.53676e+06		209.486		151.246		0		1.01781		285.351		
00:00:30:550		6.53685e+06		209.486		151.246		0		1.01781		285.378		
00:00:30:500		6.53689e+06		208.684		151.246		0		1.01781		285.391		
00:00:30:399		6.53699e+06		208.684		150.854		0		1.01043		285.416		
00:00:30:250		6.53712e+06		207.88		150.854		0		1.01043		285.456		
00:00:30:250		6.53712e+06		207.88		150.854		0		1.01043		285.456		
00:00:30:050		6.53731e+06		207.88		150.455		0		1.00303		285.51		
00:00:30:050		6.53731e+06		207.88		150.455		0		1.00303		285.51		
00:00:29:949		6.5374e+06		207.073		150.049		0		0.995597		285.537		
00:00:29:850		6.53749e+06		207.073		150.049		0		0.995597		285.564		
00:00:29:750		6.53758e+06		206.263		150.049		0		0.995597		285.592		
00:00:29:550		6.53777e+06		206.263		149.636		0		0.988143		285.647		
00:00:29:550		6.53777e+06		206.263		149.636		0		0.988143		285.647		
00:00:29:449		6.53786e+06		205.45		149.216		0		0.980666		285.675		
00:00:29:350		6.53795e+06		205.45		149.216		0		0.980666		285.704		
00:00:29:250		6.53804e+06		204.635		149.216		0		0.980666		285.732		
00:00:29:050		6.53823e+06		204.635		148.788		0		0.973163		285.789		
00:00:28:949		6.53832e+06		203.816		148.353		0		0.965636		285.817		
00:00:28:850		6.53841e+06		203.816		148.353		0		0.965636		285.846		
00:00:28:850		6.53841e+06		203.816		148.353		0		0.965636		285.846		
00:00:28:750		6.5385e+06		202.995		148.353		0		0.965636		285.875		
00:00:28:649		6.5386e+06		202.995		147.909		0		0.958083		285.904		
00:00:28:550		6.53869e+06		202.995		147.909		0		0.958083		285.934		
00:00:28:449		6.53878e+06		202.171		147.456		0		0.950505		285.963		
00:00:28:350		6.53887e+06		202.171		147.456		0		0.950505		285.993		
00:00:28:250		6.53896e+06		201.344		147.456		0		0.950505		286.023		
00:00:28:050		6.53915e+06		201.344		146.995		0		0.942903		286.083		
00:00:28:050		6.53915e+06		201.344		146.995		0		0.942903		286.083		
00:00:27:949		6.53924e+06		200.514		146.524		0		0.935275		286.114		
00:00:27:850		6.53933e+06		200.514		146.524		0		0.935275		286.144		
00:00:27:649		6.53952e+06		199.681		146.044		0		0.927622		286.206		
00:00:27:649		6.53952e+06		199.681		146.044		0		0.927622		286.206		
00:00:27:500		6.53965e+06		198.845		146.044		0		0.927622		286.252		
00:00:27:399		6.53975e+06		198.845		145.554		0		0.919944		286.283		
00:00:27:300		6.53984e+06		198.845		145.554		0		0.919944		286.314		
00:00:27:199		6.53993e+06		198.005		145.054		0		0.91224		286.345		
00:00:27:000		6.54011e+06		197.163		145.054		0		0.91224		286.408		
00:00:27:000		6.54011e+06		197.163		145.054		0		0.91224		286.408		
00:00:26:899		6.54021e+06		197.163		144.544		0		0.904511		286.44		
00:00:26:800		6.5403e+06		197.163		144.544		0		0.904511		286.472		
00:00:26:699		6.54039e+06		196.318		144.022		0		0.896756		286.504		
00:00:26:600		6.54048e+06		196.318		144.022		0		0.896756		286.537		
00:00:26:500		6.54057e+06		195.469		144.022		0		0.896756		286.569		
00:00:26:399		6.54067e+06		195.469		143.49		0		0.888975		286.602		
00:00:26:300		6.54076e+06		195.469		143.49		0		0.888975		286.635		
00:00:26:199		6.54085e+06		194.617		142.945		0		0.881168		286.668		
00:00:26:000		6.54103e+06		193.762		142.945		0		0.881168		286.734		
00:00:26:000		6.54103e+06		193.762		142.945		0		0.881168		286.734		
00:00:25:899		6.54113e+06		193.762		142.389		0		0.873333		286.768		
00:00:25:800		6.54122e+06		193.762		142.389		0		0.873333		286.802		
00:00:25:699		6.54131e+06		192.903		141.82		0		0.865473		286.836		
00:00:25:600		6.5414e+06		192.903		141.82		0		0.865473		286.87		
00:00:25:500		6.54149e+06		192.041		141.82		0		0.865473		286.904		
00:00:25:399		6.54159e+06		192.041		141.239		0		0.857586		286.939		
00:00:25:300		6.54168e+06		192.041		141.239		0		0.857586		286.973		
00:00:25:199		6.54177e+06		191.176		140.645		0		0.849672		287.008		
00:00:25:100		6.54186e+06		191.176		140.645		0		0.849672		287.043		
00:00:25:000		6.54195e+06		190.307		140.645		0		0.849672		287.079		
00:00:24:899		6.54205e+06		190.307		140.037		0		0.841731		287.114		
00:00:24:800		6.54218e+06		189.435		140.037		0		0.841731		287.168		
00:00:24:649		6.54228e+06		189.435		139.415		0		0.83376		287.204		
00:00:24:550		6.54237e+06		189.435		139.415		0		0.83376		287.24		
00:00:24:449		6.54246e+06		188.559		138.779		0		0.82576		287.277		
00:00:24:350		6.54255e+06		188.559		138.779		0		0.82576		287.313		
00:00:24:250		6.54264e+06		187.68		138.779		0		0.82576		287.35		
00:00:24:250		6.54264e+06		187.68		138.779		0		0.82576		287.35		
00:00:24:050		6.54283e+06		187.68		138.129		0		0.81773		287.425		
00:00:24:050		6.54283e+06		187.68		138.129		0		0.81773		287.425		
00:00:23:949		6.54292e+06		186.796		137.463		0		0.809671		287.463		
00:00:23:850		6.54301e+06		186.796		137.463		0		0.809671		287.501		
00:00:23:750		6.5431e+06		185.909		137.463		0		0.809671		287.539		
00:00:23:649		6.5432e+06		185.909		136.782		0		0.801583		287.577		
00:00:23:550		6.54329e+06		185.909		136.782		0		0.801583		287.616		
00:00:23:449		6.54338e+06		185.019		136.086		0		0.793464		287.655		
00:00:23:350		6.54347e+06		185.019		136.086		0		0.793464		287.694		
00:00:23:149		6.54366e+06		184.124		135.374		0		0.785314		287.773		
00:00:23:050		6.54375e+06		184.124		135.374		0		0.785314		287.813		
00:00:23:050		6.54375e+06		184.124		135.374		0		0.785314		287.813		
00:00:22:949		6.54384e+06		183.225		134.646		0		0.777132		287.854		
00:00:22:850		6.54393e+06		183.225		134.646		0		0.777132		287.894		
00:00:22:750		6.54402e+06		182.322		134.646		0		0.777132		287.935		
00:00:22:649		6.54416e+06		182.322		133.903		0		0.768915		287.976		
00:00:22:500		6.54466e+06		181.414		133.903		0		0.768915		288.038		
00:00:22:399		6.54521e+06		181.414		133.143		0		0.760617		288.08		
00:00:22:300		6.54592e+06		181.414		133.143		0		0.760617		288.122		
00:00:22:199		6.54738e+06		180.5		132.366		0		0.752231		288.165		
00:00:22:100		6.54916e+06		180.5		132.366		0		0.752231		288.208		
00:00:22:050		6.55005e+06		180.5		132.366		0		0.752231		288.23		
00:00:21:949		6.55176e+06		179.581		131.572		0		0.743791		288.274		
00:00:21:800		6.55409e+06		179.581		131.572		0		0.743791		288.341		
00:00:21:699		6.55553e+06		178.657		130.759		0		0.735315		288.387		
00:00:21:600		6.55687e+06		178.657		130.759		0		0.735315		288.432		
00:00:21:500		6.55814e+06		177.73		130.759		0		0.735315		288.478		
00:00:21:399		6.55933e+06		177.73		129.928		0		0.726814		288.525		
00:00:21:300		6.56048e+06		177.73		129.928		0		0.726814		288.572		
00:00:21:100		6.56277e+06		176.801		129.076		0		0.718294		288.666		
00:00:21:000		6.56395e+06		175.87		129.076		0		0.718294		288.714		
00:00:21:000		6.56395e+06		175.87		129.076		0		0.718294		288.714		
00:00:20:899		6.56512e+06		175.87		128.204		0		0.70976		288.763		
00:00:20:800		6.56629e+06		175.87		128.204		0		0.70976		288.812		
00:00:20:699		6.56756e+06		174.937		127.311		0		0.701213		288.861		
00:00:20:600		6.56876e+06		174.937		127.311		0		0.701213		288.911		
00:00:20:500		6.57007e+06		174.003		127.311		0		0.701213		288.961		
00:00:20:399		6.57136e+06		174.003		126.396		0		0.692657		289.012		
00:00:20:300		6.57261e+06		174.003		126.396		0		0.692657		289.063		
00:00:20:199		6.57379e+06		173.067		125.458		0		0.684092		289.115		
00:00:20:100		6.57505e+06		173.067		125.458		0		0.684092		289.167		
00:00:20:000		6.57633e+06		172.13		125.458		0		0.684092		289.22		
00:00:19:899		6.57755e+06		172.13		124.498		0		0.675521		289.274		
00:00:19:800		6.57881e+06		172.13		124.498		0		0.675521		289.327		
00:00:19:699		6.58008e+06		171.192		123.515		0		0.666943		289.382		
00:00:19:600		6.58143e+06		171.192		123.515		0		0.666943		289.437		
00:00:19:500		6.5827e+06		170.253		123.515		0		0.666943		289.492		
00:00:19:399		6.58402e+06		170.253		122.508		0		0.65836		289.548		
00:00:19:300		6.58533e+06		170.253		122.508		0		0.65836		289.605		
00:00:19:100		6.58804e+06		169.312		121.478		0		0.64977		289.719		
00:00:18:949		6.59008e+06		168.37		120.422		0		0.641174		289.807		
00:00:18:949		6.59008e+06		168.37		120.422		0		0.641174		289.807		
00:00:18:949		6.59008e+06		168.37		120.422		0		0.641174		289.807		
00:00:18:850		6.5914e+06		168.37		120.422		0		0.641174		289.866		
00:00:18:750		6.59282e+06		167.427		120.422		0		0.641174		289.926		
00:00:18:649		6.59423e+06		167.427		119.344		0		0.632573		289.986		
00:00:18:449		6.59692e+06		166.482		118.246		0		0.623967		290.108		
00:00:18:449		6.59692e+06		166.482		118.246		0		0.623967		290.108		
00:00:18:350		6.59834e+06		166.482		118.246		0		0.623967		290.17		
00:00:18:250		6.59973e+06		165.537		118.246		0		0.623967		290.232		
00:00:18:050		6.60256e+06		165.537		117.13		0		0.615356		290.359		
00:00:18:050		6.60256e+06		165.537		117.13		0		0.615356		290.359		
00:00:17:949		6.60402e+06		164.59		115.996		0		0.60674		290.423		
00:00:17:850		6.60549e+06		164.59		115.996		0		0.60674		290.487		
00:00:17:750		6.60696e+06		163.642		115.996		0		0.60674		290.552		
00:00:17:649		6.60838e+06		163.642		114.843		0		0.598119		290.617		
00:00:17:550		6.60981e+06		163.642		114.843		0		0.598119		290.683		
00:00:17:449		6.61115e+06		162.693		113.673		0		0.589493		290.75		
00:00:17:350		6.61248e+06		162.693		113.673		0		0.589493		290.817		
00:00:17:250		6.61388e+06		161.742		113.673		0		0.589493		290.884		
00:00:17:149		6.61533e+06		161.742		112.485		0		0.580863		290.953		
00:00:17:050		6.6167e+06		161.742		112.485		0		0.580863		291.022		
00:00:16:949		6.61811e+06		160.79		111.279		0		0.572227		291.092		
00:00:16:800		6.62035e+06		160.79		111.279		0		0.572227		291.197		
00:00:16:699		6.62185e+06		159.836		110.055		0		0.563587		291.269		
00:00:16:600		6.62332e+06		159.836		110.055		0		0.563587		291.341		
00:00:16:500		6.62493e+06		158.881		110.055		0		0.563587		291.414		
00:00:16:399		6.62654e+06		158.881		108.814		0		0.55494		291.488		
00:00:16:300		6.62819e+06		158.881		108.814		0		0.55494		291.563		
00:00:16:199		6.6298e+06		157.925		107.556		0		0.546288		291.638		
00:00:16:100		6.63153e+06		157.925		107.556		0		0.546288		291.714		
00:00:16:000		6.63322e+06		156.967		107.556		0		0.546288		291.791		
00:00:15:900		6.63495e+06		156.967		106.281		0		0.537631		291.869		
00:00:15:800		6.63664e+06		156.967		106.281		0		0.537631		291.948		
00:00:15:699		6.63825e+06		156.007		104.988		0		0.528967		292.028		
00:00:15:599		6.63988e+06		156.007		104.988		0		0.528967		292.108		
00:00:15:500		6.64147e+06		155.046		104.988		0		0.528967		292.19		
00:00:15:400		6.64311e+06		155.046		103.675		0		0.520298		292.272		
00:00:15:300		6.64481e+06		155.046		103.675		0		0.520298		292.356		
00:00:15:199		6.6466e+06		154.083		102.343		0		0.511623		292.44		
00:00:15:099		6.64845e+06		154.083		102.343		0		0.511623		292.525		
00:00:15:000		6.65022e+06		153.119		102.343		0		0.511623		292.61		
00:00:14:900		6.65201e+06		153.119		100.995		0		0.502942		292.696		
00:00:14:800		6.65385e+06		153.119		100.995		0		0.502942		292.783		
00:00:14:650		6.65663e+06		152.153		99.6301		0		0.494254		292.914		
00:00:14:650		6.65663e+06		152.153		99.6301		0		0.494254		292.914		
00:00:14:550		6.65841e+06		152.153		99.6301		0		0.494254		293.003		
00:00:14:449		6.66024e+06		151.185		98.2501		0		0.48556		293.093		
00:00:14:349		6.66205e+06		151.185		98.2501		0		0.48556		293.183		
00:00:14:250		6.66394e+06		150.216		98.2501		0		0.48556		293.275		
00:00:14:150		6.66585e+06		150.216		96.8551		0		0.47686		293.367		
00:00:13:949		6.66963e+06		149.245		95.4458		0		0.468153		293.553		
00:00:13:949		6.66963e+06		149.245		95.4458		0		0.468153		293.553		
00:00:13:750		6.67361e+06		148.272		95.4458		0		0.468153		293.74		
00:00:13:650		6.67556e+06		148.272		94.0231		0		0.459439		293.834		
00:00:13:650		6.67556e+06		148.272		94.0231		0		0.459439		293.834		
00:00:13:550		6.67764e+06		148.272		94.0231		0		0.459439		293.929		
00:00:13:449		6.67967e+06		147.297		92.5878		0		0.450718		294.023		
00:00:13:349		6.68172e+06		147.297		92.5878		0		0.450718		294.117		
00:00:13:250		6.68383e+06		146.32		92.5878		0		0.450718		294.211		
00:00:13:050		6.68798e+06		146.32		91.1407		0		0.44199		294.399		
00:00:13:050		6.68798e+06		146.32		91.1407		0		0.44199		294.399		
00:00:12:949		6.6902e+06		145.34		89.6828		0		0.433255		294.493		
00:00:12:849		6.69233e+06		145.34		89.6828		0		0.433255		294.586		
00:00:12:750		6.69462e+06		144.359		89.6828		0		0.433255		294.68		
00:00:12:650		6.69682e+06		144.359		88.2153		0		0.424512		294.773		
00:00:12:550		6.69914e+06		144.359		88.2153		0		0.424512		294.866		
00:00:12:449		6.70142e+06		143.374		86.7393		0		0.415761		294.959		
00:00:12:349		6.70378e+06		143.374		86.7393		0		0.415761		295.052		
00:00:12:250		6.70618e+06		142.388		85.2565		0		0.407003		295.146		
00:00:12:150		6.70957e+06		142.388		85.2565		0		0.407003		295.288		
00:00:12:000		6.71184e+06		141.399		85.2565		0		0.407003		295.383		
00:00:11:900		6.71416e+06		141.399		83.7682		0		0.398237		295.479		
00:00:11:849		6.71533e+06		141.399		83.7682		0		0.398237		295.526		
00:00:11:750		6.71762e+06		140.408		82.2759		0		0.389463		295.623		
00:00:11:599		6.72108e+06		140.408		82.2759		0		0.389463		295.769		
00:00:11:500		6.72347e+06		139.415		82.2759		0		0.389463		295.868		
00:00:11:400		6.72579e+06		139.415		80.7806		0		0.380681		295.967		
00:00:11:300		6.72821e+06		139.415		80.7806		0		0.380681		296.067		
00:00:11:199		6.73059e+06		138.42		79.2845		0		0.371892		296.169		
00:00:11:000		6.73538e+06		137.422		79.2845		0		0.371892		296.374		
00:00:11:000		6.73538e+06		137.422		79.2845		0		0.371892		296.374		
00:00:10:900		6.73765e+06		137.422		77.7903		0		0.363095		296.479		
00:00:10:800		6.73996e+06		137.422		77.7903		0		0.363095		296.584		
00:00:10:699		6.74227e+06		136.423		76.3008		0		0.35429		296.691		
00:00:10:599		6.74457e+06		136.423		76.3008		0		0.35429		296.8		
00:00:10:500		6.74685e+06		135.422		76.3008		0		0.35429		296.911		
00:00:10:400		6.74913e+06		135.422		74.8195		0		0.345477		297.023		
00:00:10:300		6.75139e+06		135.422		74.8195		0		0.345477		297.136		
00:00:10:199		6.75362e+06		134.418		73.3497		0		0.336658		297.251		
00:00:10:099		6.75580e+06		134.418		73.3497		0		0.336658		297.365		
00:00:10:000		6.75801e+06		133.413		73.3497		0		0.336658		297.48		
00:00:09:900		6.76014e+06		133.413		71.8953		0		0.327831		297.597		
00:00:09:800		6.76229e+06		133.413		71.8953		0		0.327831		297.715		
00:00:09:699		6.76449e+06		132.406		70.4604		0		0.318997		297.834		
00:00:09:599		6.76660e+06		132.406		70.4604		0		0.318997		297.955		
00:00:09:500		6.76876e+06		131.398		70.4604		0		0.318997		298.077		
00:00:09:400		6.77087e+06		131.398		69.049		0		0.310157		298.201		
00:00:09:300		6.77292e+06		131.398		69.049		0		0.310157		298.326		
00:00:09:199		6.77498e+06		130.389		67.6653		0		0.301309		298.453		
00:00:09:099		6.77798e+06		130.389		67.6653		0		0.301309		298.647		
00:00:08:949		6.7799e+06		129.377		66.313		0		0.292455		298.778		
00:00:08:849		6.78181e+06		129.377		66.313		0		0.292455		298.911		
00:00:08:849		6.78181e+06		129.377		66.313		0		0.292455		298.911		
00:00:08:650		6.78549e+06		128.366		64.9952		0		0.283596		299.181		
00:00:08:650		6.78549e+06		128.366		64.9952		0		0.283596		299.181		
00:00:08:550		6.78732e+06		128.366		64.9952		0		0.283596		299.319		
00:00:08:449		6.78913e+06		127.353		63.7128		0		0.274731		299.457		
00:00:08:349		6.79084e+06		127.353		63.7128		0		0.274731		299.597		
00:00:08:250		6.79256e+06		126.339		63.7128		0		0.274731		299.738		
00:00:08:050		6.79593e+06		126.339		62.4622		0		0.26586		300.028		
00:00:07:950		6.79751e+06		125.326		61.2293		0		0.256984		300.175		
00:00:07:950		6.79751e+06		125.326		61.2293		0		0.256984		300.175		
00:00:07:849		6.7991e+06		125.326		61.2293		0		0.256984		300.324		
00:00:07:750		6.80075e+06		124.313		61.2293		0		0.256984		300.476		
00:00:07:650		6.80246e+06		124.313		60.0088		0		0.248102		300.628		
00:00:07:549		6.80426e+06		124.313		60.0088		0		0.248102		300.781		
00:00:07:450		6.80619e+06		123.301		58.8013		0		0.239214		300.934		
00:00:07:349		6.80804e+06		123.301		58.8013		0		0.239214		301.09		
00:00:07:250		6.80983e+06		122.29		58.8013		0		0.239214		301.248		
00:00:07:049		6.81323e+06		122.29		57.6075		0		0.230321		301.57		
00:00:06:950		6.81482e+06		121.281		56.4282		0		0.221423		301.735		
00:00:06:950		6.81482e+06		121.281		56.4282		0		0.221423		301.735		
00:00:06:849		6.8164e+06		121.281		56.4282		0		0.221423		301.901		
00:00:06:750		6.81785e+06		120.274		56.4282		0		0.221423		302.07		
00:00:06:650		6.81928e+06		120.274		55.264		0		0.212521		302.241		
00:00:06:549		6.8206e+06		120.274		55.264		0		0.212521		302.413		
00:00:06:400		6.8224e+06		119.271		54.1157		0		0.203616		302.675		
00:00:06:299		6.82348e+06		119.271		54.1157		0		0.203616		302.852		
00:00:06:200		6.82446e+06		118.272		52.9841		0		0.194707		303.032		
00:00:06:099		6.82538e+06		118.272		52.9841		0		0.194707		303.213		
00:00:06:000		6.8262e+06		117.279		52.9841		0		0.194707		303.397		
00:00:05:900		6.82694e+06		117.279		51.87		0		0.185797		303.58		
00:00:05:799		6.82758e+06		117.279		51.87		0		0.185797		303.765		
00:00:05:700		6.82809e+06		116.292		50.7744		0		0.176886		303.952		
00:00:05:599		6.82853e+06		116.292		50.7744		0		0.176886		304.142		
00:00:05:500		6.82887e+06		115.313		50.7744		0		0.176886		304.333		
00:00:05:400		6.82913e+06		115.313		49.6983		0		0.167974		304.527		
00:00:05:299		6.82931e+06		115.313		49.6983		0		0.167974		304.722		
00:00:05:200		6.82941e+06		114.343		48.6429		0		0.159062		304.92		
00:00:05:099		6.82943e+06		114.343		48.6429		0		0.159062		305.117		
00:00:05:000		6.82937e+06		113.382		48.6429		0		0.159062		305.316		
00:00:04:900		6.82923e+06		113.382		47.6095		0		0.150151		305.517		
00:00:04:799		6.82902e+06		113.382		47.6095		0		0.150151		305.719		
00:00:04:700		6.82874e+06		112.434		46.5995		0		0.141242		305.92		
00:00:04:599		6.82837e+06		112.434		46.5995		0		0.141242		306.122		
00:00:04:500		6.82793e+06		111.499		46.5995		0		0.141242		306.324		
00:00:04:400		6.8274e+06		111.499		45.6157		0		0.132335		306.527		
00:00:04:299		6.8268e+06		111.499		45.6157		0		0.132335		306.731		
00:00:04:200		6.8261e+06		110.579		44.6619		0		0.123431		306.935		
00:00:04:049		6.82492e+06		110.579		44.6619		0		0.123431		307.24		
00:00:03:950		6.82409e+06		109.676		43.7458		0		0.11453		307.442		
00:00:03:850		6.82409e+06		109.676		43.7458		0		0.11453		307.442		
00:00:03:850		6.82335e+06		109.676		43.7458		0		0.11453		307.643		
00:00:03:649		6.82307e+06		108.793		42.8752		0		0.105628		308.035		
00:00:03:649		6.82307e+06		108.793		42.8752		0		0.105628		308.035		
00:00:03:549		6.82451e+06		108.793		42.8752		0		0.105628		308.224		
00:00:03:450		6.82602e+06		107.931		42.0519		0		0.0967244		308.407		
00:00:03:250		6.8278e+06		107.094		42.0519		0		0.0967244		308.75		
00:00:03:250		6.8278e+06		107.094		42.0519		0		0.0967244		308.75		
00:00:03:049		6.82805e+06		107.094		41.2771		0		0.0878227		309.06		
00:00:02:950		6.82752e+06		106.283		40.5521		0		0.0789268		309.199		
00:00:02:950		6.82752e+06		106.283		40.5521		0		0.0789268		309.199		
00:00:02:850		6.82641e+06		106.283		40.5521		0		0.0789268		309.324		
00:00:02:750		6.82486e+06		105.503		40.5521		0		0.0789268		309.435		
00:00:02:649		6.82172e+06		105.503		39.8776		0		0.0700479		309.53		
00:00:02:549		6.81456e+06		105.503		39.8776		0		0.0700479		309.609		
00:00:02:450		6.79806e+06		104.757		39.2538		0		0.0612883		309.673		
00:00:02:350		6.76292e+06		104.757		39.2538		0		0.0612883		309.722		
00:00:02:250		6.71002e+06		104.049		39.2538		0		0.0612883		309.759		
00:00:02:149		6.68988e+06		104.049		38.6798		0		0.0525903		309.785		
00:00:01:949		6.65453e+06		103.381		38.1553		0		0.0438909		309.816		
00:00:01:949		6.65453e+06		103.381		38.1553		0		0.0438909		309.816		
00:00:01:850		6.6569e+06		103.381		38.1553		0		0.0438909		309.825		
00:00:01:750		6.66524e+06		102.757		38.1553		0		0.0438909		309.832		
00:00:01:649		6.67235e+06		102.757		37.6803		0		0.03517		309.838		
00:00:01:550		6.67782e+06		102.757		37.6803		0		0.03517		309.841		
00:00:01:449		6.68286e+06		102.182		37.2541		0		0.0264298		309.843		
00:00:01:350		6.6884e+06		102.182		37.2541		0		0.0264298		309.844		
00:00:01:250		6.69429e+06		101.66		37.2541		0		0.0264298		309.845		
00:00:01:050		6.70789e+06		101.66		36.8786		0		0.0176657		309.846		
00:00:00:900		6.72091e+06		101.202		36.5647		0		0.00886732		309.846		
00:00:00:900		6.72091e+06		101.202		36.5647		0		0.00886732		309.846		
00:00:00:800		6.73221e+06		101.202		36.5647		0		0.00886732		309.846		
00:00:00:699		6.74727e+06		100.731		36.3831		0		0		309.846		
00:00:00:599		6.76898e+06		100.731		36.3831		0		0		309.846		
00:00:00:500		6.80435e+06		100.069		36.3831		0		0		309.846		
00:00:00:400		6.83117e+06		100.069		36.3834		0		0		309.846		
00:00:00:299		6.83116e+06		100.069		36.3834		0		0		309.846		
00:00:00:200		6.83116e+06		100.069		36.3837		0		0		309.846		
00:00:00:100		6.83115e+06		100.069		36.3837		0		0		309.846		
00:00:00:000		6.83115e+06		100.069		36.3837		0		0		309.846		
00:00:00:000		6.83115e+06		100.069		36.3837		0		0		309.846		
00:00:00:000		6.83115e+06		100.069		36.3837		0		0		309.846		
00:00:00:000		6.83115e+06		100.069		36.3837		0		0		309.846		
00:00:00:000		6.83115e+06		100.069		36.3837		0		0		309.846		
