	time 		rcpppzr	rcp054rcp007mnzoyout	rcv501std0102fvol	fwfrcp001gv	rcppmssga	msfsg(1)	
00:01:07:150		8.67973e+06		-5.84191		0		0		2.22142e+06		537.948		
00:01:07:049		8.703e+06		-5.84196		0		0		2.22598e+06		539.15		
00:01:06:950		8.72614e+06		-5.84204		0		0		2.23045e+06		540.457		
00:01:06:849		8.74924e+06		-5.84215		0		0		2.23475e+06		541.735		
00:01:06:750		8.77215e+06		-5.84228		0		0		2.23846e+06		542.916		
00:01:06:650		8.79477e+06		-5.84245		0		0		2.24199e+06		544.392		
00:01:06:549		8.81707e+06		-5.84264		0		0		2.24435e+06		544.768		
00:01:06:299		8.87157e+06		-5.84318		0		0		2.24678e+06		544.072		
00:01:06:200		8.89324e+06		-5.84339		0		0		2.24885e+06		543.926		
00:01:06:200		8.89324e+06		-5.84339		0		0		2.24885e+06		543.926		
00:01:06:099		8.91495e+06		-5.84359		0		0		2.25329e+06		545.345		
00:01:06:000		8.93658e+06		-5.84377		0		0		2.25886e+06		546.767		
00:01:05:900		8.95808e+06		-5.84395		0		0		2.26388e+06		548.075		
00:01:05:799		8.97936e+06		-5.84412		0		0		2.26882e+06		549.515		
00:01:05:700		9.00033e+06		-5.84428		0		0		2.2736e+06		550.978		
00:01:05:599		9.02097e+06		-5.84445		0		0		2.27765e+06		551.97		
00:01:05:500		9.04138e+06		-5.84462		0		0		2.2809e+06		552.758		
00:01:05:299		9.08142e+06		-5.84495		0		0		2.28816e+06		555.555		
00:01:05:200		9.10109e+06		-5.8451		0		0		2.28943e+06		555.219		
00:01:05:200		9.10109e+06		-5.8451		0		0		2.28943e+06		555.219		
00:01:05:099		9.12054e+06		-5.84525		0		0		2.29028e+06		555.236		
00:01:04:950		9.14942e+06		-5.84549		0		0		2.29283e+06		554.685		
00:01:04:900		9.15904e+06		-5.84557		0		0		2.29388e+06		554.634		
00:01:04:799		9.18786e+06		-5.84583		0		0		2.30129e+06		556.961		
00:01:04:650		9.2069e+06		-5.84601		0		0		2.3069e+06		558.543		
00:01:04:549		9.22575e+06		-5.8462		0		0		2.31206e+06		560.141		
00:01:04:450		9.24443e+06		-5.84641		0		0		2.31648e+06		561.288		
00:01:04:299		9.27209e+06		-5.84675		0		0		2.32149e+06		562.358		
00:01:04:200		9.29025e+06		-5.847		0		0		2.32521e+06		563.783		
00:01:04:200		9.29025e+06		-5.847		0		0		2.32521e+06		563.783		
00:01:04:099		9.30818e+06		-5.84726		0		0		2.32927e+06		565.323		
00:01:04:000		9.32586e+06		-5.84751		0		0		2.33139e+06		565.359		
00:01:03:899		9.34328e+06		-5.84773		0		0		2.33219e+06		565.217		
00:01:03:799		9.36047e+06		-5.84791		0		0		2.33418e+06		565.353		
00:01:03:700		9.37754e+06		-5.84805		0		0		2.33636e+06		565.017		
00:01:03:549		9.40304e+06		-5.84818		0		0		2.34269e+06		566.971		
00:01:03:450		9.41989e+06		-5.84821		0		0		2.34885e+06		568.854		
00:01:03:250		9.45311e+06		-5.84818		0		0		2.35745e+06		570.92		
00:01:03:149		9.4695e+06		-5.84813		0		0		2.36086e+06		571.709		
00:01:03:149		9.4695e+06		-5.84813		0		0		2.36086e+06		571.709		
00:01:03:049		9.48574e+06		-5.84806		0		0		2.36489e+06		573.257		
00:01:02:950		9.50178e+06		-5.84798		0		0		2.36916e+06		574.794		
00:01:02:850		9.51761e+06		-5.84789		0		0		2.37144e+06		574.865		
00:01:02:850		9.51761e+06		-5.84789		0		0		2.37144e+06		574.865		
00:01:02:750		9.5332e+06		-5.84782		0		0		2.37243e+06		574.734		
00:01:02:649		9.54857e+06		-5.84776		0		0		2.37474e+06		575.072		
00:01:02:549		9.56379e+06		-5.84773		0		0		2.37741e+06		575.007		
00:01:02:350		9.59403e+06		-5.8478		0		0		2.38673e+06		577.871		
00:01:02:200		9.61644e+06		-5.84799		0		0		2.39432e+06		579.714		
00:01:02:200		9.61644e+06		-5.84799		0		0		2.39432e+06		579.714		
00:01:02:100		9.63121e+06		-5.84819		0		0		2.39807e+06		580.506		
00:01:02:000		9.64582e+06		-5.84846		0		0		2.40204e+06		581.712		
00:01:01:899		9.66027e+06		-5.8488		0		0		2.40677e+06		583.567		
00:01:01:799		9.67454e+06		-5.84916		0		0		2.41045e+06		584.425		
00:01:01:700		9.68861e+06		-5.84952		0		0		2.41204e+06		584.231		
00:01:01:649		9.69556e+06		-5.8497		0		0		2.41285e+06		584.324		
00:01:01:549		9.7093e+06		-5.85005		0		0		2.41554e+06		584.822		
00:01:01:450		9.72289e+06		-5.85039		0		0		2.4187e+06		585.047		
00:01:01:250		9.74987e+06		-5.85107		0		0		2.42785e+06		587.66		
00:01:01:250		9.74987e+06		-5.85107		0		0		2.42785e+06		587.66		
00:01:01:149		9.76324e+06		-5.85141		0		0		2.43352e+06		589.071		
00:01:01:049		9.77651e+06		-5.85176		0		0		2.43765e+06		589.907		
00:01:00:950		9.78965e+06		-5.8521		0		0		2.4418e+06		590.977		
00:01:00:799		9.80918e+06		-5.85256		0		0		2.44922e+06		593.734		
00:01:00:700		9.82209e+06		-5.85284		0		0		2.45267e+06		594.314		
00:01:00:600		9.83489e+06		-5.8531		0		0		2.4544e+06		594.231		
00:01:00:500		9.8476e+06		-5.85335		0		0		2.45693e+06		594.695		
00:01:00:299		9.87286e+06		-5.85386		0		0		2.46375e+06		595.498		
00:01:00:200		9.88549e+06		-5.85413		0		0		2.46908e+06		597.19		
00:01:00:200		9.88549e+06		-5.85413		0		0		2.46908e+06		597.19		
00:01:00:100		9.89807e+06		-5.85444		0		0		2.47577e+06		599.181		
00:01:00:000		9.91065e+06		-5.85479		0		0		2.48076e+06		600.296		
00:00:59:950		9.91693e+06		-5.85499		0		0		2.48292e+06		600.812		
00:00:59:850		9.92946e+06		-5.85544		0		0		2.48735e+06		602.124		
00:00:59:750		9.94195e+06		-5.85597		0		0		2.49231e+06		604.313		
00:00:59:649		9.95443e+06		-5.85657		0		0		2.49642e+06		605.226		
00:00:59:549		9.96692e+06		-5.85724		0		0		2.49695e+06		604.42		
00:00:59:299		9.9982e+06		-5.85913		0		0		2.50416e+06		605.593		
00:00:59:200		1.00108e+07		-5.85991		0		0		2.50787e+06		606.036		
00:00:59:200		1.00108e+07		-5.85991		0		0		2.50787e+06		606.036		
00:00:59:100		1.00234e+07		-5.86063		0		0		2.513e+06		607.543		
00:00:59:000		1.0036e+07		-5.86125		0		0		2.51996e+06		609.732		
00:00:58:899		1.00485e+07		-5.86171		0		0		2.52533e+06		611.037		
00:00:58:799		1.00609e+07		-5.86198		0		0		2.52987e+06		612.265		
00:00:58:700		1.00733e+07		-5.862		0		0		2.53441e+06		613.969		
00:00:58:600		1.00855e+07		-5.86175		0		0		2.53914e+06		615.967		
00:00:58:600		1.00855e+07		-5.86175		0		0		2.53914e+06		615.967		
00:00:58:500		1.00976e+07		-5.86121		0		0		2.54091e+06		615.12		
00:00:58:299		1.01218e+07		-5.85915		0		0		2.54446e+06		615.521		
00:00:58:299		1.01218e+07		-5.85915		0		0		2.54446e+06		615.521		
00:00:58:200		1.01338e+07		-5.85761		0		0		2.54829e+06		616.263		
00:00:58:100		1.01458e+07		-5.85574		0		0		2.55239e+06		616.837		
00:00:58:000		1.01577e+07		-5.85355		0		0		2.55722e+06		618.208		
00:00:57:899		1.01696e+07		-5.85108		0		0		2.56363e+06		620.484		
00:00:57:799		1.01814e+07		-5.84837		0		0		2.5691e+06		622.071		
00:00:57:600		1.02048e+07		-5.84252		0		0		2.57615e+06		623.942		
00:00:57:600		1.02048e+07		-5.84252		0		0		2.57615e+06		623.942		
00:00:57:500		1.02163e+07		-5.83953		0		0		2.57937e+06		625.6		
00:00:57:299		1.02393e+07		-5.8339		0		0		2.58163e+06		624.384		
00:00:57:299		1.02393e+07		-5.8339		0		0		2.58163e+06		624.384		
00:00:57:100		1.02622e+07		-5.82937		0		0		2.58722e+06		625.518		
00:00:57:100		1.02622e+07		-5.82937		0		0		2.58722e+06		625.518		
00:00:57:000		1.02737e+07		-5.82735		0		0		2.59196e+06		626.628		
00:00:56:899		1.02851e+07		-5.82525		0		0		2.59714e+06		627.991		
00:00:56:799		1.02965e+07		-5.82306		0		0		2.60262e+06		629.768		
00:00:56:700		1.03078e+07		-5.82079		0		0		2.60808e+06		631.653		
00:00:56:600		1.03191e+07		-5.81844		0		0		2.61219e+06		632.691		
00:00:56:350		1.0347e+07		-5.81222		0		0		2.61954e+06		635.378		
00:00:56:250		1.0358e+07		-5.80959		0		0		2.62159e+06		635.071		
00:00:56:250		1.0358e+07		-5.80959		0		0		2.62159e+06		635.071		
00:00:56:149		1.03691e+07		-5.80688		0		0		2.62111e+06		633.724		
00:00:56:049		1.03801e+07		-5.8041		0		0		2.62332e+06		634.238		
00:00:55:950		1.03912e+07		-5.80123		0		0		2.62808e+06		635.385		
00:00:55:850		1.04021e+07		-5.79829		0		0		2.63333e+06		636.767		
00:00:55:750		1.04131e+07		-5.79527		0		0		2.63865e+06		638.324		
00:00:55:649		1.0424e+07		-5.79218		0		0		2.64392e+06		640.113		
00:00:55:549		1.04349e+07		-5.78901		0		0		2.64852e+06		641.454		
00:00:55:450		1.04456e+07		-5.78577		0		0		2.65154e+06		642.051		
00:00:55:250		1.04671e+07		-5.77907		0		0		2.65798e+06		644.718		
00:00:55:250		1.04671e+07		-5.77907		0		0		2.65798e+06		644.718		
00:00:55:149		1.04777e+07		-5.77562		0		0		2.65877e+06		643.756		
00:00:55:049		1.04884e+07		-5.7721		0		0		2.65839e+06		642.435		
00:00:54:950		1.04991e+07		-5.76852		0		0		2.66129e+06		643.352		
00:00:54:850		1.05098e+07		-5.76488		0		0		2.66683e+06		644.917		
00:00:54:750		1.05204e+07		-5.76118		0		0		2.67227e+06		646.404		
00:00:54:649		1.0531e+07		-5.75742		0		0		2.67725e+06		647.902		
00:00:54:549		1.05468e+07		-5.75166		0		0		2.68403e+06		649.938		
00:00:54:299		1.05676e+07		-5.74377		0		0		2.69059e+06		652.377		
00:00:54:200		1.0578e+07		-5.73973		0		0		2.6932e+06		652.836		
00:00:54:200		1.0578e+07		-5.73973		0		0		2.6932e+06		652.836		
00:00:54:149		1.05832e+07		-5.73769		0		0		2.69342e+06		652.391		
00:00:54:049		1.05935e+07		-5.73357		0		0		2.69315e+06		650.795		
00:00:53:950		1.06038e+07		-5.72938		0		0		2.69524e+06		651.442		
00:00:53:850		1.06141e+07		-5.72514		0		0		2.70118e+06		653.318		
00:00:53:750		1.06244e+07		-5.72084		0		0		2.70657e+06		654.729		
00:00:53:600		1.06398e+07		-5.71428		0		0		2.71358e+06		656.935		
00:00:53:500		1.065e+07		-5.70983		0		0		2.71798e+06		658.16		
00:00:53:399		1.06601e+07		-5.70533		0		0		2.72126e+06		659.366		
00:00:53:299		1.06702e+07		-5.70076		0		0		2.72443e+06		660.447		
00:00:53:200		1.06803e+07		-5.69613		0		0		2.72592e+06		660.389		
00:00:53:100		1.06904e+07		-5.69144		0		0		2.72617e+06		658.882		
00:00:53:100		1.06904e+07		-5.69144		0		0		2.72617e+06		658.882		
00:00:52:899		1.07103e+07		-5.68189		0		0		2.73375e+06		661.232		
00:00:52:799		1.07201e+07		-5.67702		0		0		2.73921e+06		662.583		
00:00:52:700		1.073e+07		-5.67209		0		0		2.74376e+06		663.923		
00:00:52:600		1.07398e+07		-5.66711		0		0		2.74867e+06		665.554		
00:00:52:500		1.07496e+07		-5.66207		0		0		2.75244e+06		666.641		
00:00:52:399		1.07593e+07		-5.65696		0		0		2.75567e+06		667.636		
00:00:52:299		1.0769e+07		-5.6518		0		0		2.75813e+06		668.295		
00:00:52:299		1.0769e+07		-5.6518		0		0		2.75813e+06		668.295		
00:00:52:200		1.07786e+07		-5.64658		0		0		2.76009e+06		668.206		
00:00:52:100		1.07883e+07		-5.64129		0		0		2.76064e+06		667.229		
00:00:52:000		1.07979e+07		-5.63594		0		0		2.76412e+06		668.521		
00:00:51:899		1.08075e+07		-5.63053		0		0		2.76976e+06		670.044		
00:00:51:700		1.08266e+07		-5.61952		0		0		2.77845e+06		672.444		
00:00:51:700		1.08266e+07		-5.61952		0		0		2.77845e+06		672.444		
00:00:51:549		1.0841e+07		-5.6111		0		0		2.78505e+06		674.269		
00:00:51:450		1.08505e+07		-5.6054		0		0		2.7885e+06		675.448		
00:00:51:350		1.086e+07		-5.59964		0		0		2.79128e+06		675.956		
00:00:51:250		1.08695e+07		-5.5938		0		0		2.79378e+06		676.819		
00:00:51:200		1.08743e+07		-5.59086		0		0		2.79486e+06		676.476		
00:00:51:049		1.08886e+07		-5.58192		0		0		2.79707e+06		676.297		
00:00:50:950		1.08981e+07		-5.57588		0		0		2.80184e+06		677.847		
00:00:50:850		1.09078e+07		-5.56976		0		0		2.80627e+06		678.618		
00:00:50:750		1.09175e+07		-5.56357		0		0		2.81037e+06		679.791		
00:00:50:700		1.09224e+07		-5.56045		0		0		2.81284e+06		680.667		
00:00:50:549		1.0937e+07		-5.55096		0		0		2.81936e+06		682.357		
00:00:50:450		1.09468e+07		-5.54455		0		0		2.82317e+06		683.846		
00:00:50:250		1.09663e+07		-5.53152		0		0		2.82847e+06		685.233		
00:00:50:250		1.09663e+07		-5.53152		0		0		2.82847e+06		685.233		
00:00:50:149		1.0976e+07		-5.5249		0		0		2.83036e+06		684.496		
00:00:50:049		1.09856e+07		-5.51821		0		0		2.83167e+06		684.511		
00:00:49:950		1.09953e+07		-5.51146		0		0		2.83611e+06		686.022		
00:00:49:850		1.10049e+07		-5.50464		0		0		2.8409e+06		686.939		
00:00:49:750		1.10145e+07		-5.49774		0		0		2.845e+06		688.156		
00:00:49:649		1.1024e+07		-5.49078		0		0		2.8499e+06		689.672		
00:00:49:549		1.10334e+07		-5.48372		0		0		2.85367e+06		690.539		
00:00:49:350		1.10523e+07		-5.46936		0		0		2.86054e+06		692.353		
00:00:49:250		1.10616e+07		-5.46207		0		0		2.86317e+06		693.399		
00:00:49:250		1.10616e+07		-5.46207		0		0		2.86317e+06		693.399		
00:00:49:149		1.1071e+07		-5.4547		0		0		2.86577e+06		693.14		
00:00:49:049		1.10803e+07		-5.44725		0		0		2.867e+06		692.962		
00:00:48:950		1.10895e+07		-5.43973		0		0		2.87112e+06		694.315		
00:00:48:850		1.10988e+07		-5.43214		0		0		2.87607e+06		695.34		
00:00:48:750		1.1108e+07		-5.42447		0		0		2.8802e+06		696.546		
00:00:48:600		1.11219e+07		-5.41284		0		0		2.88717e+06		698.396		
00:00:48:500		1.1131e+07		-5.40502		0		0		2.89074e+06		699.469		
00:00:48:299		1.11494e+07		-5.38924		0		0		2.89772e+06		701.397		
00:00:48:200		1.11585e+07		-5.3813		0		0		2.9005e+06		702.319		
00:00:48:200		1.11585e+07		-5.3813		0		0		2.9005e+06		702.319		
00:00:48:100		1.11676e+07		-5.37334		0		0		2.90266e+06		701.888		
00:00:48:000		1.11767e+07		-5.36536		0		0		2.90394e+06		701.843		
00:00:47:899		1.11857e+07		-5.35738		0		0		2.90819e+06		703.219		
00:00:47:799		1.11947e+07		-5.34938		0		0		2.91283e+06		704.052		
00:00:47:700		1.12037e+07		-5.34138		0		0		2.9172e+06		705.557		
00:00:47:600		1.12127e+07		-5.33336		0		0		2.92202e+06		706.753		
00:00:47:600		1.12127e+07		-5.33336		0		0		2.92202e+06		706.753		
00:00:47:350		1.12349e+07		-5.31325		0		0		2.93095e+06		708.855		
00:00:47:200		1.12481e+07		-5.3011		0		0		2.93695e+06		711.492		
00:00:47:200		1.12481e+07		-5.3011		0		0		2.93695e+06		711.492		
00:00:47:200		1.12481e+07		-5.3011		0		0		2.93695e+06		711.492		
00:00:47:100		1.12567e+07		-5.29296		0		0		2.93984e+06		711.495		
00:00:46:899		1.12742e+07		-5.27655		0		0		2.94226e+06		711.083		
00:00:46:899		1.12742e+07		-5.27655		0		0		2.94226e+06		711.083		
00:00:46:700		1.12917e+07		-5.25999		0		0		2.95142e+06		713.551		
00:00:46:700		1.12917e+07		-5.25999		0		0		2.95142e+06		713.551		
00:00:46:600		1.13004e+07		-5.25165		0		0		2.95609e+06		715.402		
00:00:46:500		1.1309e+07		-5.24328		0		0		2.96009e+06		716.338		
00:00:46:399		1.13176e+07		-5.23488		0		0		2.96261e+06		716.611		
00:00:46:299		1.13262e+07		-5.22644		0		0		2.96489e+06		717.18		
00:00:46:200		1.13348e+07		-5.21795		0		0		2.96894e+06		719.049		
00:00:46:100		1.13433e+07		-5.20943		0		0		2.97196e+06		719.399		
00:00:46:000		1.13517e+07		-5.20086		0		0		2.97332e+06		720.303		
00:00:45:899		1.13601e+07		-5.19225		0		0		2.97533e+06		720.724		
00:00:45:750		1.13727e+07		-5.17923		0		0		2.97464e+06		718.329		
00:00:45:700		1.13769e+07		-5.17486		0		0		2.9751e+06		717.633		
00:00:45:600		1.13853e+07		-5.16608		0		0		2.97817e+06		717.584		
00:00:45:450		1.1398e+07		-5.15284		0		0		2.99082e+06		721.564		
00:00:45:299		1.14107e+07		-5.1395		0		0		3.00305e+06		724.774		
00:00:45:299		1.14107e+07		-5.1395		0		0		3.00305e+06		724.774		
00:00:45:149		1.14236e+07		-5.12606		0		0		3.01313e+06		726.893		
00:00:45:049		1.14322e+07		-5.11707		0		0		3.02019e+06		729.253		
00:00:44:950		1.14408e+07		-5.10807		0		0		3.02891e+06		733.661		
00:00:44:850		1.14494e+07		-5.09906		0		0		3.03543e+06		735.249		
00:00:44:750		1.1458e+07		-5.09005		0		0		3.03432e+06		732.988		
00:00:44:700		1.14622e+07		-5.08555		0		0		3.0342e+06		732.926		
00:00:44:600		1.14707e+07		-5.07656		0		0		3.03765e+06		733.79		
00:00:44:450		1.14833e+07		-5.06306		0		0		3.04567e+06		736.206		
00:00:44:350		1.14918e+07		-5.05406		0		0		3.04992e+06		737.663		
00:00:44:250		1.15002e+07		-5.04505		0		0		3.0544e+06		739.002		
00:00:44:149		1.15086e+07		-5.03603		0		0		3.05658e+06		738.439		
00:00:44:049		1.15171e+07		-5.02699		0		0		3.05869e+06		738.701		
00:00:43:950		1.15255e+07		-5.01793		0		0		3.06406e+06		740.998		
00:00:43:850		1.15339e+07		-5.00884		0		0		3.06997e+06		743.42		
00:00:43:750		1.15423e+07		-4.99972		0		0		3.07255e+06		743.323		
00:00:43:649		1.15506e+07		-4.99057		0		0		3.0742e+06		744.196		
00:00:43:549		1.1559e+07		-4.98139		0		0		3.07517e+06		742.907		
00:00:43:450		1.15675e+07		-4.97216		0		0		3.07598e+06		742.643		
00:00:43:350		1.15759e+07		-4.9629		0		0		3.07962e+06		742.501		
00:00:43:250		1.15845e+07		-4.9536		0		0		3.08449e+06		743.15		
00:00:43:149		1.1593e+07		-4.94428		0		0		3.09304e+06		746.137		
00:00:43:000		1.16058e+07		-4.93027		0		0		3.10542e+06		749.096		
00:00:42:950		1.161e+07		-4.92558		0		0		3.10891e+06		749.965		
00:00:42:850		1.16185e+07		-4.9162		0		0		3.11621e+06		752.397		
00:00:42:700		1.16312e+07		-4.90208		0		0		3.12843e+06		758.009		
00:00:42:600		1.16396e+07		-4.89264		0		0		3.13053e+06		756.463		
00:00:42:500		1.1648e+07		-4.88319		0		0		3.12927e+06		755.438		
00:00:42:399		1.16564e+07		-4.87372		0		0		3.13414e+06		757.702		
00:00:42:299		1.16647e+07		-4.86422		0		0		3.13983e+06		759.642		
00:00:42:200		1.16731e+07		-4.85471		0		0		3.14222e+06		759.208		
00:00:42:100		1.16813e+07		-4.84517		0		0		3.14359e+06		758.722		
00:00:42:000		1.16896e+07		-4.83562		0		0		3.14756e+06		759.55		
00:00:41:899		1.16977e+07		-4.82604		0		0		3.15305e+06		760.779		
00:00:41:850		1.17018e+07		-4.82124		0		0		3.15625e+06		762.036		
00:00:41:700		1.17141e+07		-4.80677		0		0		3.16801e+06		768.047		
00:00:41:600		1.17224e+07		-4.79707		0		0		3.1707e+06		767.159		
00:00:41:500		1.17308e+07		-4.78735		0		0		3.16724e+06		764.512		
00:00:41:299		1.17474e+07		-4.76785		0		0		3.17353e+06		765.589		
00:00:41:200		1.17556e+07		-4.75806		0		0		3.1791e+06		766.531		
00:00:41:200		1.17556e+07		-4.75806		0		0		3.1791e+06		766.531		
00:00:41:200		1.17556e+07		-4.75806		0		0		3.1791e+06		766.531		
00:00:41:100		1.17639e+07		-4.74826		0		0		3.18511e+06		767.656		
00:00:41:000		1.17722e+07		-4.73842		0		0		3.19258e+06		769.823		
00:00:40:899		1.17804e+07		-4.72856		0		0		3.20056e+06		771.804		
00:00:40:799		1.17887e+07		-4.71868		0		0		3.20801e+06		774.252		
00:00:40:600		1.18052e+07		-4.69887		0		0		3.22284e+06		780.526		
00:00:40:600		1.18052e+07		-4.69887		0		0		3.22284e+06		780.526		
00:00:40:500		1.18135e+07		-4.68895		0		0		3.22162e+06		777.485		
00:00:40:299		1.18301e+07		-4.66904		0		0		3.22586e+06		777.47		
00:00:40:299		1.18301e+07		-4.66904		0		0		3.22586e+06		777.47		
00:00:40:200		1.18385e+07		-4.65907		0		0		3.23219e+06		778.573		
00:00:40:100		1.18469e+07		-4.64911		0		0		3.23948e+06		780.091		
00:00:40:000		1.18552e+07		-4.63916		0		0		3.24818e+06		782.66		
00:00:39:850		1.18673e+07		-4.62421		0		0		3.26231e+06		787.691		
00:00:39:750		1.18754e+07		-4.61421		0		0		3.27109e+06		791.909		
00:00:39:649		1.18835e+07		-4.60419		0		0		3.2752e+06		791.649		
00:00:39:549		1.18915e+07		-4.59415		0		0		3.27318e+06		789.406		
00:00:39:450		1.18996e+07		-4.58408		0		0		3.27585e+06		790.353		
00:00:39:299		1.19115e+07		-4.56891		0		0		3.28559e+06		793.828		
00:00:39:299		1.19115e+07		-4.56891		0		0		3.28559e+06		793.828		
00:00:39:200		1.19195e+07		-4.55875		0		0		3.28917e+06		793.601		
00:00:39:100		1.19274e+07		-4.54857		0		0		3.29232e+06		794.232		
00:00:39:000		1.19352e+07		-4.53834		0		0		3.29742e+06		795.523		
00:00:38:899		1.1947e+07		-4.52295		0		0		3.30794e+06		801.222		
00:00:38:750		1.19549e+07		-4.51266		0		0		3.31162e+06		801.277		
00:00:38:649		1.19628e+07		-4.50236		0		0		3.30789e+06		798.211		
00:00:38:549		1.19707e+07		-4.49205		0		0		3.30718e+06		796.76		
00:00:38:450		1.19786e+07		-4.48173		0		0		3.31194e+06		798.14		
00:00:38:250		1.19945e+07		-4.46107		0		0		3.32528e+06		800.357		
00:00:38:250		1.19945e+07		-4.46107		0		0		3.32528e+06		800.357		
00:00:38:149		1.20024e+07		-4.45074		0		0		3.33398e+06		803.069		
00:00:38:049		1.20103e+07		-4.44041		0		0		3.34371e+06		806.291		
00:00:37:950		1.20183e+07		-4.43007		0		0		3.35284e+06		810.976		
00:00:37:850		1.20262e+07		-4.41972		0		0		3.36005e+06		813.474		
00:00:37:750		1.20341e+07		-4.40937		0		0		3.35848e+06		810.857		
00:00:37:649		1.20421e+07		-4.399		0		0		3.3565e+06		808.523		
00:00:37:549		1.205e+07		-4.38862		0		0		3.3588e+06		808.957		
00:00:37:399		1.2062e+07		-4.37301		0		0		3.36947e+06		810.918		
00:00:37:350		1.2066e+07		-4.3678		0		0		3.37292e+06		811.459		
00:00:37:250		1.2074e+07		-4.35737		0		0		3.38112e+06		813.778		
00:00:37:100		1.20859e+07		-4.34169		0		0		3.39636e+06		819.365		
00:00:37:000		1.20939e+07		-4.33121		0		0		3.40607e+06		824.429		
00:00:36:899		1.21019e+07		-4.32071		0		0		3.4106e+06		824.478		
00:00:36:799		1.21098e+07		-4.31019		0		11.1919		3.40745e+06		821.899		
00:00:36:700		1.21178e+07		-4.29964		0		0		3.40694e+06		819.94		
00:00:36:600		1.21258e+07		-4.28907		0		0		3.41134e+06		821.301		
00:00:36:500		1.21337e+07		-4.27851		0		0		3.41906e+06		822.662		
00:00:36:399		1.21416e+07		-4.26796		0		0		3.42647e+06		823.985		
00:00:36:299		1.21494e+07		-4.25744		0		0		3.43572e+06		827.088		
00:00:36:200		1.21573e+07		-4.24697		0		0		3.44677e+06		831.963		
00:00:36:100		1.21573e+07		-4.24697		0		0		3.44677e+06		831.963		
00:00:36:100		1.21651e+07		-4.23653		0		0		3.45672e+06		836.498		
00:00:36:000		1.21729e+07		-4.22612		0		0		3.4588e+06		835.075		
00:00:35:899		1.21807e+07		-4.21573		0		11.7031		3.45651e+06		833.149		
00:00:35:799		1.21885e+07		-4.20535		0		0		3.45717e+06		831.708		
00:00:35:600		1.22041e+07		-4.18462		0		11.2244		3.47032e+06		834.531		
00:00:35:600		1.22041e+07		-4.18462		0		11.2244		3.47032e+06		834.531		
00:00:35:500		1.22119e+07		-4.17423		0		0		3.47843e+06		836.385		
00:00:35:299		1.22275e+07		-4.15335		0		0		3.50061e+06		846.421		
00:00:35:200		1.22353e+07		-4.14281		0		0		3.5069e+06		847.473		
00:00:35:200		1.22353e+07		-4.14281		0		0		3.5069e+06		847.473		
00:00:35:100		1.22431e+07		-4.13217		0		0		3.5046e+06		845.154		
00:00:35:000		1.22509e+07		-4.12143		0		11.7971		3.50457e+06		843.558		
00:00:34:899		1.22587e+07		-4.11059		0		0		3.50721e+06		843.5		
00:00:34:799		1.22665e+07		-4.09966		0		0		3.51489e+06		845.286		
00:00:34:700		1.22744e+07		-4.08866		0		0		3.52302e+06		846.86		
00:00:34:600		1.22822e+07		-4.07762		0		0		3.53265e+06		850.394		
00:00:34:450		1.22939e+07		-4.06107		0		0		3.54978e+06		858.46		
00:00:34:350		1.23018e+07		-4.05012		0		0		3.5532e+06		857.626		
00:00:34:250		1.23096e+07		-4.03929		0		0		3.55117e+06		856.003		
00:00:34:149		1.23175e+07		-4.02865		0		0		3.55198e+06		854.377		
00:00:34:049		1.23254e+07		-4.01821		0		0		3.55608e+06		855.108		
00:00:33:950		1.23333e+07		-4.00799		0		0		3.56477e+06		856.928		
00:00:33:850		1.23412e+07		-3.99798		0		0		3.57372e+06		859.242		
00:00:33:750		1.23491e+07		-3.98814		0		0		3.58499e+06		864.61		
00:00:33:649		1.2357e+07		-3.97841		0		0		3.59618e+06		869.406		
00:00:33:549		1.23649e+07		-3.96873		0		0		3.5984e+06		867.969		
00:00:33:500		1.23688e+07		-3.9639		0		0		3.59717e+06		867.177		
00:00:33:399		1.23767e+07		-3.95421		0		0		3.5977e+06		865.864		
00:00:33:299		1.23847e+07		-3.94446		0		0		3.60045e+06		865.372		
00:00:33:200		1.23926e+07		-3.93464		0		0		3.60809e+06		867.316		
00:00:33:049		1.24045e+07		-3.91973		0		0		3.62241e+06		871.378		
00:00:32:950		1.24124e+07		-3.90965		0		0		3.63453e+06		877.464		
00:00:32:850		1.24203e+07		-3.89948		0		0		3.64376e+06		880.322		
00:00:32:750		1.24282e+07		-3.8892		0		0		3.64322e+06		878.289		
00:00:32:649		1.24362e+07		-3.87883		0		0		3.64335e+06		877.054		
00:00:32:549		1.24441e+07		-3.86838		0		0		3.6454e+06		876.007		
00:00:32:450		1.24521e+07		-3.85786		0		0		3.65221e+06		877.77		
00:00:32:350		1.24601e+07		-3.84727		0		11.7031		3.66188e+06		880.018		
00:00:32:250		1.24681e+07		-3.83661		0		0		3.67277e+06		884.704		
00:00:32:149		1.2476e+07		-3.8259		0		0		3.68499e+06		890.251		
00:00:32:049		1.2484e+07		-3.81513		0		0		3.68959e+06		889.845		
00:00:31:949		1.24919e+07		-3.80431		0		0		3.68829e+06		888.194		
00:00:31:850		1.24999e+07		-3.79343		0		11.8283		3.69024e+06		887.049		
00:00:31:750		1.25079e+07		-3.78252		0		0		3.6949e+06		887.551		
00:00:31:649		1.25159e+07		-3.77157		0		0		3.70439e+06		889.981		
00:00:31:500		1.2528e+07		-3.75513		0		0		3.72081e+06		896.498		
00:00:31:399		1.2536e+07		-3.74414		0		0		3.73277e+06		901.634		
00:00:31:300		1.2544e+07		-3.73313		0		0		3.73617e+06		900.579		
00:00:31:199		1.2552e+07		-3.72211		0		0		3.73505e+06		899.118		
00:00:31:100		1.25601e+07		-3.71106		0		0		3.73729e+06		898.036		
00:00:31:000		1.25681e+07		-3.69999		0		11.3213		3.74242e+06		898.697		
00:00:30:899		1.25762e+07		-3.6889		0		0		3.75222e+06		901.207		
00:00:30:899		1.25762e+07		-3.6889		0		0		3.75222e+06		901.207		
00:00:30:699		1.25924e+07		-3.66668		0		0		3.77582e+06		911.206		
00:00:30:600		1.26004e+07		-3.65555		0		0		3.78412e+06		913		
00:00:30:500		1.26085e+07		-3.64439		0		0		3.7834e+06		910.796		
00:00:30:399		1.26166e+07		-3.63321		0		0		3.78443e+06		909.678		
00:00:30:399		1.26166e+07		-3.63321		0		0		3.78443e+06		909.678		
00:00:30:199		1.26328e+07		-3.61079		0		0		3.79696e+06		911.755		
00:00:30:199		1.26328e+07		-3.61079		0		0		3.79696e+06		911.755		
00:00:30:100		1.26409e+07		-3.59954		0		12.2286		3.80815e+06		915.261		
00:00:30:000		1.26489e+07		-3.58828		0		0		3.82076e+06		921.24		
00:00:29:899		1.2657e+07		-3.577		0		0		3.8305e+06		924.107		
00:00:29:800		1.26651e+07		-3.56568		0		10.9957		3.83115e+06		922.225		
00:00:29:699		1.26732e+07		-3.55434		0		0		3.83204e+06		921.36		
00:00:29:600		1.26813e+07		-3.54297		0		0		3.83556e+06		920.705		
00:00:29:500		1.26895e+07		-3.53158		0		0		3.84263e+06		922.249		
00:00:29:300		1.27057e+07		-3.50876		0		0		3.86524e+06		929.695		
00:00:29:199		1.27139e+07		-3.49732		0		0		3.87843e+06		935.676		
00:00:29:199		1.27139e+07		-3.49732		0		0		3.87843e+06		935.676		
00:00:29:100		1.2722e+07		-3.48586		0		11.2567		3.88441e+06		935.595		
00:00:29:000		1.27302e+07		-3.47439		0		0		3.88354e+06		933.55		
00:00:28:899		1.27383e+07		-3.46288		0		0		3.88634e+06		932.78		
00:00:28:800		1.27465e+07		-3.45136		0		0		3.8928e+06		933.824		
00:00:28:649		1.27588e+07		-3.43403		0		12.6488		3.91014e+06		939.724		
00:00:28:550		1.27671e+07		-3.42245		0		0		3.92291e+06		945.42		
00:00:28:449		1.27753e+07		-3.41085		0		0		3.93103e+06		946.963		
00:00:28:350		1.27836e+07		-3.39921		0		0		3.93166e+06		945.452		
00:00:28:250		1.27919e+07		-3.38755		0		0		3.93426e+06		944.956		
00:00:28:149		1.28002e+07		-3.37587		0		10.3221		3.93907e+06		944.801		
00:00:28:050		1.28085e+07		-3.36416		0		10.0787		3.9473e+06		946.836		
00:00:27:949		1.28169e+07		-3.35242		0		10.5614		3.95887e+06		949.95		
00:00:27:850		1.28252e+07		-3.34066		0		9.93773		3.97093e+06		954.425		
00:00:27:750		1.28336e+07		-3.32888		0		0		3.98289e+06		959.084		
00:00:27:649		1.2842e+07		-3.31707		0		0		3.98956e+06		959.386		
00:00:27:550		1.28504e+07		-3.30524		0		10.0787		3.99075e+06		957.88		
00:00:27:449		1.28588e+07		-3.29338		0		10.5614		3.99647e+06		958.923		
00:00:27:350		1.28672e+07		-3.2815		0		10.1487		4.00578e+06		961.818		
00:00:27:250		1.28756e+07		-3.2696		0		10.1487		4.01623e+06		964.723		
00:00:27:149		1.28841e+07		-3.25768		0		0		4.0249e+06		967.107		
00:00:27:050		1.28926e+07		-3.24574		0		0		4.03291e+06		969.107		
00:00:26:949		1.29011e+07		-3.23378		0		0		4.03862e+06		968.652		
00:00:26:850		1.29096e+07		-3.2218		0		0		4.04546e+06		970.99		
00:00:26:750		1.29182e+07		-3.2098		0		0		4.05651e+06		974.596		
00:00:26:649		1.29267e+07		-3.19778		0		0		4.06529e+06		976.751		
00:00:26:550		1.29353e+07		-3.18574		0		0		4.0731e+06		979.364		
00:00:26:399		1.29482e+07		-3.16763		0		10.4935		4.08087e+06		980.232		
00:00:26:300		1.29569e+07		-3.15554		0		11.0941		4.08707e+06		981.466		
00:00:26:250		1.29612e+07		-3.14948		0		0		4.08986e+06		982.027		
00:00:26:149		1.29698e+07		-3.13735		0		0		4.09683e+06		983.992		
00:00:26:050		1.29785e+07		-3.1252		0		0		4.10384e+06		985.21		
00:00:25:899		1.29915e+07		-3.10693		0		11.4176		4.11417e+06		987.85		
00:00:25:800		1.30002e+07		-3.09471		0		10.9627		4.122e+06		989.462		
00:00:25:699		1.30089e+07		-3.08247		0		10.7634		4.12975e+06		992.704		
00:00:25:600		1.30176e+07		-3.0702		0		12.1676		4.13673e+06		992.827		
00:00:25:500		1.30264e+07		-3.05791		0		11.6085		4.14083e+06		993.738		
00:00:25:399		1.30352e+07		-3.0456		0		11.3535		4.14916e+06		996.113		
00:00:25:399		1.30352e+07		-3.0456		0		11.3535		4.14916e+06		996.113		
00:00:25:199		1.30528e+07		-3.02091		0		11.6085		4.16278e+06		998.058		
00:00:25:199		1.30528e+07		-3.02091		0		11.6085		4.16278e+06		998.058		
00:00:25:100		1.30616e+07		-3.00853		0		13.2884		4.1711e+06		1000.46		
00:00:24:899		1.30792e+07		-2.98371		0		11.9216		4.19134e+06		1007.54		
00:00:24:899		1.30792e+07		-2.98371		0		11.9216		4.19134e+06		1007.54		
00:00:24:800		1.30881e+07		-2.97126		0		12.2893		4.19584e+06		1006.42		
00:00:24:699		1.3097e+07		-2.95878		0		12.1676		4.20021e+06		1007.57		
00:00:24:500		1.31148e+07		-2.93373		0		13.0007		4.21531e+06		1010.25		
00:00:24:500		1.31148e+07		-2.93373		0		13.0007		4.21531e+06		1010.25		
00:00:24:399		1.31237e+07		-2.92117		0		13.1164		4.22405e+06		1012.32		
00:00:24:199		1.31416e+07		-2.89596		0		11.7971		4.24456e+06		1019.41		
00:00:24:199		1.31416e+07		-2.89596		0		11.7971		4.24456e+06		1019.41		
00:00:24:100		1.31506e+07		-2.88331		0		12.8257		4.25427e+06		1021.42		
00:00:24:000		1.31596e+07		-2.87062		0		13.0586		4.25699e+06		1020.61		
00:00:23:899		1.31687e+07		-2.8579		0		13.0007		4.26282e+06		1021.74		
00:00:23:800		1.31777e+07		-2.84515		0		13.2884		4.27072e+06		1023.36		
00:00:23:699		1.31868e+07		-2.83237		0		13.6834		4.27934e+06		1025.02		
00:00:23:550		1.32005e+07		-2.81313		0		0		4.29414e+06		1029.19		
00:00:23:250		1.32279e+07		-2.77442		0		0		4.31858e+06		1034.96		
00:00:23:250		1.32279e+07		-2.77442		0		0		4.31858e+06		1034.96		
00:00:23:149		1.32371e+07		-2.76146		0		0		4.32401e+06		1035.97		
00:00:23:149		1.32371e+07		-2.76146		0		0		4.32401e+06		1035.97		
00:00:23:050		1.32463e+07		-2.74846		0		0		4.33197e+06		1037.64		
00:00:22:949		1.32555e+07		-2.73543		0		0		4.34077e+06		1039.38		
00:00:22:850		1.32648e+07		-2.72239		0		0		4.35006e+06		1041.71		
00:00:22:750		1.32741e+07		-2.70932		0		0		4.36106e+06		1044.93		
00:00:22:649		1.32834e+07		-2.69621		0		0		4.3717e+06		1049.34		
00:00:22:550		1.32928e+07		-2.68307		0		0		4.38045e+06		1050.13		
00:00:22:449		1.33022e+07		-2.66989		0		0		4.38359e+06		1049.98		
00:00:22:250		1.33211e+07		-2.64343		0		0		4.39908e+06		1053.17		
00:00:22:250		1.33211e+07		-2.64343		0		0		4.39908e+06		1053.17		
00:00:22:149		1.33305e+07		-2.63014		0		0		4.40822e+06		1054.95		
00:00:22:050		1.334e+07		-2.61681		0		0		4.41816e+06		1057.88		
00:00:21:949		1.33495e+07		-2.60345		0		0		4.42926e+06		1061.23		
00:00:21:850		1.33591e+07		-2.59004		0		0		4.44012e+06		1065.27		
00:00:21:750		1.33686e+07		-2.57659		0		0		4.44621e+06		1064.76		
00:00:21:699		1.33782e+07		-2.56309		0		0		4.45099e+06		1065.5		
00:00:21:550		1.33878e+07		-2.54956		0		0		4.45894e+06		1067.13		
00:00:21:449		1.33974e+07		-2.53599		0		0		4.46796e+06		1069.03		
00:00:21:350		1.34071e+07		-2.52239		0		9.93773		4.47742e+06		1070.98		
00:00:21:250		1.34168e+07		-2.50875		0		10.2876		4.48827e+06		1074.36		
00:00:21:149		1.34265e+07		-2.49507		0		0		4.49945e+06		1078.35		
00:00:21:050		1.34361e+07		-2.48136		0		0		4.5098e+06		1080.66		
00:00:20:949		1.34458e+07		-2.46762		0		0		4.51381e+06		1080.19		
00:00:20:850		1.34555e+07		-2.45384		0		0		4.52054e+06		1081.49		
00:00:20:750		1.34652e+07		-2.44002		0		9.93773		4.52924e+06		1083.32		
00:00:20:649		1.34749e+07		-2.42615		0		10.5614		4.53874e+06		1085.24		
00:00:20:550		1.34846e+07		-2.41225		0		11.0941		4.54863e+06		1087.75		
00:00:20:449		1.34944e+07		-2.39829		0		13.0586		4.56034e+06		1091.43		
00:00:20:350		1.35041e+07		-2.38429		0		10.0787		4.57162e+06		1095.67		
00:00:20:250		1.3514e+07		-2.37024		0		10.4935		4.57894e+06		1095.51		
00:00:20:100		1.35288e+07		-2.34907		0		10.6291		4.58752e+06		1096.92		
00:00:20:000		1.35387e+07		-2.3349		0		10.6291		4.59644e+06		1098.84		
00:00:19:899		1.35487e+07		-2.32068		0		11.1594		4.60623e+06		1100.85		
00:00:19:800		1.35587e+07		-2.30641		0		11.5452		4.61627e+06		1103.28		
00:00:19:750		1.35637e+07		-2.29926		0		11.9216		4.622e+06		1105.18		
00:00:19:649		1.35737e+07		-2.28493		0		10.5614		4.63389e+06		1109.16		
00:00:19:550		1.35838e+07		-2.27055		0		11.0941		4.64475e+06		1112.01		
00:00:19:399		1.35989e+07		-2.24888		0		11.1594		4.65251e+06		1112.12		
00:00:19:300		1.3609e+07		-2.23438		0		11.4176		4.66075e+06		1113.82		
00:00:19:199		1.36192e+07		-2.21986		0		11.4176		4.67018e+06		1115.84		
00:00:19:100		1.36294e+07		-2.2053		0		12.0451		4.68014e+06		1117.81		
00:00:19:000		1.36396e+07		-2.1907		0		12.47		4.69078e+06		1120.93		
00:00:18:899		1.36498e+07		-2.17606		0		11.1594		4.70293e+06		1124.89		
00:00:18:800		1.36601e+07		-2.1614		0		11.6716		4.71399e+06		1128.02		
00:00:18:800		1.36601e+07		-2.1614		0		11.6716		4.71399e+06		1128.02		
00:00:18:600		1.36806e+07		-2.13203		0		11.9216		4.7264e+06		1129		
00:00:18:600		1.36806e+07		-2.13203		0		11.9216		4.7264e+06		1129		
00:00:18:399		1.37012e+07		-2.10262		0		12.7079		4.7455e+06		1133.03		
00:00:18:399		1.37012e+07		-2.10262		0		12.7079		4.7455e+06		1133.03		
00:00:18:199		1.37219e+07		-2.07328		0		12.5298		4.76767e+06		1139.19		
00:00:18:199		1.37219e+07		-2.07328		0		12.5298		4.76767e+06		1139.19		
00:00:18:100		1.37323e+07		-2.05864		0		12.1676		4.77981e+06		1143.44		
00:00:18:000		1.37427e+07		-2.04403		0		12.7079		4.78851e+06		1143.93		
00:00:17:899		1.37532e+07		-2.02945		0		12.7669		4.79376e+06		1144.61		
00:00:17:800		1.37637e+07		-2.0149		0		12.8257		4.80237e+06		1146.4		
00:00:17:699		1.37742e+07		-2.0004		0		13.0007		4.81215e+06		1148.5		
00:00:17:600		1.37848e+07		-1.98596		0		13.85		4.82241e+06		1150.54		
00:00:17:399		1.38061e+07		-1.95725		0		12.9425		4.84588e+06		1157.89		
00:00:17:399		1.38061e+07		-1.95725		0		12.9425		4.84588e+06		1157.89		
00:00:17:199		1.38275e+07		-1.92878		0		13.6275		4.8625e+06		1160.46		
00:00:17:199		1.38275e+07		-1.92878		0		13.6275		4.8625e+06		1160.46		
00:00:17:100		1.38383e+07		-1.91465		0		13.85		4.86986e+06		1161.93		
00:00:17:000		1.38491e+07		-1.90058		0		13.85		4.87935e+06		1163.96		
00:00:16:899		1.38599e+07		-1.88659		0		14.6076		4.88955e+06		1166.12		
00:00:16:800		1.38708e+07		-1.87269		0		15.1303		4.89999e+06		1168.3		
00:00:16:699		1.38817e+07		-1.85887		0		14.3943		4.9119e+06		1172.28		
00:00:16:600		1.38928e+07		-1.84514		0		14.2867		4.92431e+06		1176.49		
00:00:16:500		1.39038e+07		-1.83149		0		14.7659		4.93306e+06		1176.95		
00:00:16:300		1.39262e+07		-1.80436		0		15.1303		4.94761e+06		1179.61		
00:00:16:199		1.39375e+07		-1.79086		0		15.2843		4.95767e+06		1181.75		
00:00:16:199		1.39375e+07		-1.79086		0		15.2843		4.95767e+06		1181.75		
00:00:16:100		1.39546e+07		-1.77062		0		16.2813		4.97354e+06		1185.05		
00:00:15:949		1.39662e+07		-1.75712		0		15.6892		4.98551e+06		1189.08		
00:00:15:849		1.3978e+07		-1.74358		0		15.5384		4.99811e+06		1193.26		
00:00:15:750		1.39899e+07		-1.72998		0		16.0859		5.00686e+06		1193.67		
00:00:15:650		1.4002e+07		-1.71632		0		16.2813		5.01266e+06		1194.49		
00:00:15:550		1.40143e+07		-1.70258		0		16.4266		5.02183e+06		1196.43		
00:00:15:449		1.4027e+07		-1.68873		0		16.6188		5.03213e+06		1198.64		
00:00:15:300		1.40466e+07		-1.66774		0		17.7361		5.04838e+06		1202.03		
00:00:15:150		1.40671e+07		-1.64653		0		16.7142		5.06727e+06		1208.34		
00:00:15:150		1.40671e+07		-1.64653		0		16.7142		5.06727e+06		1208.34		
00:00:15:050		1.4081e+07		-1.63228		0		17.3702		5.07881e+06		1211.03		
00:00:14:949		1.40949e+07		-1.61793		0		17.6452		5.08479e+06		1210.97		
00:00:14:849		1.41088e+07		-1.60346		0		17.8718		5.09299e+06		1212.64		
00:00:14:750		1.41227e+07		-1.58886		0		17.9617		5.10313e+06		1214.78		
00:00:14:650		1.41363e+07		-1.57408		0		18.8849		5.11395e+06		1217.11		
00:00:14:550		1.41497e+07		-1.5591		0		19.2693		5.12509e+06		1219.57		
00:00:14:449		1.41624e+07		-1.54386		0		18.3179		5.1379e+06		1224.13		
00:00:14:349		1.41741e+07		-1.52839		0		18.7986		5.15053e+06		1227.65		
00:00:14:250		1.41851e+07		-1.5128		0		19.0992		5.15751e+06		1227.37		
00:00:14:150		1.41959e+07		-1.49713		0		19.3538		5.16506e+06		1228.8		
00:00:14:050		1.42068e+07		-1.48144		0		19.5639		5.17537e+06		1231.03		
00:00:13:949		1.42176e+07		-1.46568		0		20.7471		5.18663e+06		1233.52		
00:00:13:849		1.42285e+07		-1.44987		0		20.2239		5.1984e+06		1236.52		
00:00:13:750		1.42393e+07		-1.43404		0		20.1831		5.21184e+06		1241.36		
00:00:13:650		1.42501e+07		-1.41814		0		20.5873		5.22225e+06		1242.25		
00:00:13:550		1.42607e+07		-1.40219		0		21.1029		5.22951e+06		1243.61		
00:00:13:449		1.42715e+07		-1.38625		0		21.685		5.23969e+06		1245.64		
00:00:13:300		1.42929e+07		-1.35422		0		21.7998		5.2631e+06		1251.86		
00:00:13:300		1.42929e+07		-1.35422		0		21.7998		5.2631e+06		1251.86		
00:00:13:150		1.43036e+07		-1.33813		0		22.1035		5.27323e+06		1253.49		
00:00:13:050		1.43143e+07		-1.32197		0.0662705		22.5155		5.28322e+06		1255.67		
00:00:12:849		1.43352e+07		-1.28962		0.330706		22.9211		5.30566e+06		1260.93		
00:00:12:750		1.43461e+07		-1.27345		0.461084		23.2123		5.31709e+06		1263.4		
00:00:12:750		1.43461e+07		-1.27345		0.461084		23.2123		5.31709e+06		1263.4		
00:00:12:650		1.4357e+07		-1.25723		0.589313		23.4646		5.32795e+06		1265.75		
00:00:12:550		1.43678e+07		-1.24096		0.714799		23.75		5.3392e+06		1268.26		
00:00:12:449		1.43786e+07		-1.22463		0.836911		23.9622		5.35065e+06		1270.86		
00:00:12:349		1.43893e+07		-1.20825		0.955138		24.1728		5.3622e+06		1273.45		
00:00:12:250		1.44e+07		-1.19181		1.06896		24.4512		5.37365e+06		1275.98		
00:00:12:150		1.44105e+07		-1.17532		1.17817		24.7268		5.38523e+06		1278.56		
00:00:12:050		1.4421e+07		-1.15877		1.28238		24.9999		5.39689e+06		1281.15		
00:00:11:949		1.44312e+07		-1.14216		1.38146		25.2367		5.40863e+06		1283.76		
00:00:11:849		1.44412e+07		-1.1255		1.47527		25.5049		5.42046e+06		1286.38		
00:00:11:750		1.44512e+07		-1.10887		1.5639		25.7377		5.43238e+06		1289.02		
00:00:11:650		1.44617e+07		-1.09229		1.64726		25.9687		5.44439e+06		1291.67		
00:00:11:550		1.44726e+07		-1.07563		1.72509		26.2305		5.45651e+06		1294.35		
00:00:11:449		1.44826e+07		-1.05882		1.79708		26.4577		5.46873e+06		1297.04		
00:00:11:349		1.44928e+07		-1.04193		1.86494		26.7153		5.48107e+06		1299.76		
00:00:11:250		1.45025e+07		-1.02488		1.93059		26.9389		5.49354e+06		1302.51		
00:00:11:150		1.45112e+07		-1.00773		1.99467		28.2482		5.50612e+06		1305.28		
00:00:11:000		1.45237e+07		-0.981887		2.09116		39.5256		5.52522e+06		1309.48		
00:00:10:900		1.45311e+07		-0.964705		2.15832		44.6304		5.53812e+06		1312.32		
00:00:10:800		1.45386e+07		-0.947674		2.22127		48.503		5.55114e+06		1315.17		
00:00:10:699		1.45465e+07		-0.930823		2.27587		51.5623		5.56429e+06		1318.05		
00:00:10:599		1.45549e+07		-0.914172		2.32935		53.9715		5.57759e+06		1320.96		
00:00:10:500		1.45641e+07		-0.897746		2.37392		55.9406		5.59105e+06		1323.91		
00:00:10:400		1.45741e+07		-0.881521		2.41613		57.5601		5.60466e+06		1326.91		
00:00:10:300		1.4585e+07		-0.865413		2.45611		58.9351		5.61843e+06		1329.95		
00:00:10:199		1.45961e+07		-0.849319		2.49382		60.0813		5.63233e+06		1333.01		
00:00:10:099		1.4607e+07		-0.833242		2.52937		61.0715		5.64638e+06		1336.11		
00:00:10:000		1.4618e+07		-0.817173		2.56308		61.8679		5.66057e+06		1339.27		
00:00:10:000		1.4618e+07		-0.817173		2.56308		61.8679		5.66057e+06		1339.27		
00:00:09:900		1.46289e+07		-0.801111		2.59503		62.4922		5.67489e+06		1342.46		
00:00:09:800		1.46399e+07		-0.785061		2.6254		63.0667		5.6893e+06		1345.68		
00:00:09:699		1.46508e+07		-0.76903		2.65461		63.6072		5.70376e+06		1348.9		
00:00:09:599		1.46617e+07		-0.753022		2.68292		64.1001		5.71828e+06		1352.12		
00:00:09:500		1.46726e+07		-0.73704		2.70828		64.489		5.7329e+06		1355.36		
00:00:09:300		1.46943e+07		-0.705162		2.75524		65.1608		5.76249e+06		1361.92		
00:00:09:199		1.47051e+07		-0.689271		2.77699		65.4021		5.77747e+06		1365.26		
00:00:09:199		1.47051e+07		-0.689271		2.77699		65.4021		5.77747e+06		1365.26		
00:00:09:000		1.47266e+07		-0.657643		2.81729		65.7415		5.80776e+06		1372.04		
00:00:08:900		1.47373e+07		-0.641898		2.83499		65.7697		5.82301e+06		1375.45		
00:00:08:800		1.47479e+07		-0.626204		2.85193		65.826		5.83826e+06		1378.84		
00:00:08:699		1.47586e+07		-0.610563		2.86831		65.9387		5.85351e+06		1382.22		
00:00:08:599		1.47692e+07		-0.594983		2.88402		66.0089		5.86883e+06		1385.61		
00:00:08:500		1.47798e+07		-0.57947		2.89877		66.0651		5.88423e+06		1389.02		
00:00:08:400		1.47903e+07		-0.564022		2.91281		66.0932		5.89974e+06		1392.46		
00:00:08:300		1.48008e+07		-0.548644		2.92621		66.1072		5.91532e+06		1395.93		
00:00:08:199		1.48113e+07		-0.533333		2.9393		66.1633		5.93098e+06		1399.42		
00:00:08:199		1.48113e+07		-0.533333		2.9393		66.1633		5.93098e+06		1399.42		
00:00:08:099		1.48218e+07		-0.518102		2.95192		66.2054		5.94665e+06		1402.91		
00:00:07:900		1.48426e+07		-0.4879		2.97491		66.2194		5.97807e+06		1409.95		
00:00:07:900		1.48426e+07		-0.4879		2.97491		66.2194		5.97807e+06		1409.95		
00:00:07:799		1.4853e+07		-0.472941		2.98527		65.9808		5.99381e+06		1413.54		
00:00:07:599		1.48737e+07		-0.443331		3.00285		65.2034		6.0248e+06		1420.46		
00:00:07:599		1.48737e+07		-0.443331		3.00285		65.2034		6.0248e+06		1420.46		
00:00:07:500		1.4884e+07		-0.42868		3.01079		65.0611		6.03989e+06		1423.65		
00:00:07:400		1.48943e+07		-0.414128		3.01895		65.0754		6.05484e+06		1426.72		
00:00:07:200		1.4915e+07		-0.385352		3.03415		65.0184		6.08557e+06		1432.97		
00:00:07:200		1.4915e+07		-0.385352		3.03415		65.0184		6.08557e+06		1432.97		
00:00:07:099		1.49253e+07		-0.371139		3.04084		64.7327		6.10171e+06		1436.31		
00:00:06:950		1.49408e+07		-0.350062		3.04941		64.1867		6.12692e+06		1441.54		
00:00:06:849		1.49511e+07		-0.336184		3.05435		63.7816		6.14432e+06		1445.15		
00:00:06:750		1.49615e+07		-0.322434		3.05973		63.1986		6.16222e+06		1448.88		
00:00:06:650		1.49719e+07		-0.3088		3.06583		62.1956		6.18066e+06		1452.79		
00:00:06:549		1.49825e+07		-0.295287		3.07129		61.0867		6.19967e+06		1456.88		
00:00:06:450		1.4993e+07		-0.281907		3.07502		59.8352		6.21907e+06		1461.08		
00:00:06:250		1.50145e+07		-0.255591		3.07655		56.869		6.25885e+06		1469.82		
00:00:06:250		1.50145e+07		-0.255591		3.07655		56.869		6.25885e+06		1469.82		
00:00:06:150		1.50255e+07		-0.242622		3.07817		55.2805		6.27893e+06		1474.21		
00:00:06:049		1.50366e+07		-0.229769		3.07991		53.5627		6.29903e+06		1478.57		
00:00:05:950		1.50478e+07		-0.217005		3.0798		51.7215		6.31918e+06		1482.89		
00:00:05:849		1.50593e+07		-0.204317		3.07909		49.6524		6.3394e+06		1487.21		
00:00:05:750		1.50708e+07		-0.191665		3.07769		47.0009		6.35976e+06		1491.51		
00:00:05:650		1.50817e+07		-0.178904		3.07607		43.9169		6.38016e+06		1495.67		
00:00:05:549		1.50911e+07		-0.166112		3.07433		43.4629		6.40055e+06		1499.62		
00:00:05:450		1.50999e+07		-0.153497		3.07113		42.3721		6.42114e+06		1503.46		
00:00:05:349		1.51088e+07		-0.141077		3.06668		40.065		6.44225e+06		1507.09		
00:00:05:250		1.51178e+07		-0.128842		3.06124		37.7009		6.46355e+06		1509.62		
00:00:05:150		1.5127e+07		-0.116809		3.05481		35.4944		6.48468e+06		1509.45		
00:00:05:049		1.51364e+07		-0.104986		3.04848		33.4472		6.5053e+06		1502.89		
00:00:04:900		1.51509e+07		-0.0876117		3.03443		30.7469		6.53441e+06		1450.22		
00:00:04:799		1.51609e+07		-0.0762582		3.02269		29.1219		6.55224e+06		1389.61		
00:00:04:700		1.51711e+07		-0.065074		3.01231		27.6626		6.56885e+06		1332.6		
00:00:04:599		1.51813e+07		-0.0540304		3.0015		26.3281		6.58437e+06		1280.04		
00:00:04:500		1.51917e+07		-0.0431242		2.99044		25.2029		6.5989e+06		1232.31		
00:00:04:400		1.52019e+07		-0.0323744		2.97729		24.6238		6.61254e+06		1189.16		
00:00:04:299		1.5212e+07		-0.0218086		2.96142		26.6189		6.62539e+06		1150.5		
00:00:04:200		1.52222e+07		-0.0114093		2.94601		34.9927		6.63752e+06		1116.06		
00:00:04:099		1.52322e+07		-0.00118351		2.93301		43.3799		6.649e+06		1085.47		
00:00:04:099		1.52322e+07		-0.00118351		2.93301		43.3799		6.649e+06		1085.47		
00:00:04:000		1.52422e+07		0.0088706		2.92034		50.8853		6.6599e+06		1058.3		
00:00:03:799		1.52621e+07		0.0284376		2.88051		64.5464		6.68021e+06		1012.71		
00:00:03:799		1.52621e+07		0.0284376		2.88051		64.5464		6.68021e+06		1012.71		
00:00:03:600		1.52818e+07		0.0471082		2.844		77.391		6.69882e+06		976.223		
00:00:03:500		1.52915e+07		0.0560727		2.83568		83.6513		6.70758e+06		960.439		
00:00:03:500		1.52915e+07		0.0560727		2.83568		83.6513		6.70758e+06		960.439		
00:00:03:399		1.53011e+07		0.0648155		2.81925		89.787		6.71601e+06		945.738		
00:00:03:200		1.53206e+07		0.0816736		2.74954		101.66		6.73184e+06		917.526		
00:00:03:200		1.53206e+07		0.0816736		2.74954		101.66		6.73184e+06		917.526		
00:00:03:100		1.53306e+07		0.0897136		2.73734		107.501		6.73923e+06		902.491		
00:00:03:000		1.53406e+07		0.0973592		2.7524		113.252		6.74631e+06		887.689		
00:00:02:899		1.53501e+07		0.104493		2.74686		118.606		6.75311e+06		873.908		
00:00:02:799		1.53585e+07		0.111107		2.67731		123.589		6.75966e+06		861.218		
00:00:02:700		1.53658e+07		0.11728		2.59585		128.57		6.76605e+06		849.779		
00:00:02:500		1.53814e+07		0.129288		2.70403		139.914		6.77857e+06		831.96		
00:00:02:500		1.53814e+07		0.129288		2.70403		139.914		6.77857e+06		831.96		
00:00:02:399		1.53903e+07		0.135152		2.77601		147.988		6.7849e+06		826.994		
00:00:02:200		1.54084e+07		0.146145		2.83616		193.371		6.7987e+06		831.858		
00:00:02:200		1.54084e+07		0.146145		2.83616		193.371		6.7987e+06		831.858		
00:00:02:049		1.54224e+07		0.15377		2.87704		259.171		6.81092e+06		859.37		
00:00:01:949		1.54321e+07		0.158443		2.87057		304.495		6.82043e+06		897.322		
00:00:01:850		1.54422e+07		0.162613		2.87529		347.395		6.83113e+06		954.699		
00:00:01:750		1.54522e+07		0.166111		2.87821		386.39		6.84273e+06		1008.26		
00:00:01:649		1.54612e+07		0.168826		2.87879		420.784		6.8549e+06		1036.52		
00:00:01:550		1.54684e+07		0.170734		2.87555		450.65		6.86744e+06		1059.01		
00:00:01:449		1.54735e+07		0.171916		2.86928		476.222		6.88007e+06		1072.07		
00:00:01:250		1.5478e+07		0.17279		2.85012		511.173		6.90427e+06		1052.68		
00:00:01:149		1.54786e+07		0.172857		2.84089		519.489		6.91506e+06		1040.09		
00:00:01:149		1.54786e+07		0.172857		2.84089		519.489		6.91506e+06		1040.09		
00:00:01:050		1.54786e+07		0.172856		2.83671		525.383		6.92622e+06		1027.4		
00:00:00:949		1.54786e+07		0.172846		2.83562		528.876		6.93778e+06		1009.21		
00:00:00:849		1.54786e+07		0.172841		2.83544		530.105		6.94818e+06		983.357		
00:00:00:750		1.54786e+07		0.17284		2.83563		530.212		6.9567e+06		943.703		
00:00:00:650		1.54786e+07		0.172839		2.83569		530.206		6.96249e+06		881.621		
00:00:00:550		1.54786e+07		0.17284		2.83569		530.21		6.96486e+06		784.931		
00:00:00:450		1.54786e+07		0.17284		2.83569		530.212		6.96485e+06		526.825		
00:00:00:349		1.54786e+07		0.17284		2.83573		530.216		6.96485e+06		526.826		
00:00:00:250		1.54786e+07		0.17284		2.83572		530.219		6.96484e+06		526.826		
00:00:00:149		1.54785e+07		0.17284		2.83572		530.221		6.96484e+06		526.817		
00:00:00:050		1.54785e+07		0.17284		2.83567		530.223		6.96484e+06		526.826		
00:00:00:000		1.54785e+07		0.17284		2.83571		530.225		6.96483e+06		526.826		
00:00:00:000		1.54785e+07		0.17284		2.83571		530.225		6.96483e+06		526.826		
00:00:00:000		1.54785e+07		0.17284		2.83571		530.225		6.96483e+06		526.826		
00:00:00:000		1.54785e+07		0.17284		2.83571		530.225		6.96483e+06		526.826		
00:00:00:000		1.54785e+07		0.17284		2.83571		530.225		6.96483e+06		526.826		
00:00:00:000		1.54785e+07		0.17284		2.83571		530.225		6.96483e+06		526.826		
00:00:00:000		1.54785e+07		0.17284		2.83571		530.225		6.96483e+06		526.826		
