	time 		rcpppzr	rcp054rcp007mnzoyout	rcv501std0102fvol	fwfrcp001gv	rcppmssga	msfsg(1)	
00:01:02:200		1.05179e+07		-5.81588		0		0		2.87617e+06		555.577		
00:01:02:200		1.05179e+07		-5.81588		0		0		2.87617e+06		555.577		
00:01:02:100		1.0527e+07		-5.8139		0		0		2.87928e+06		556.246		
00:01:02:000		1.05362e+07		-5.81188		0		0		2.88093e+06		556.438		
00:01:01:899		1.05453e+07		-5.80979		0		0		2.8829e+06		556.926		
00:01:01:799		1.05544e+07		-5.80766		0		0		2.88413e+06		556.084		
00:01:01:700		1.05635e+07		-5.80546		0		0		2.8856e+06		555.809		
00:01:01:600		1.05725e+07		-5.80321		0		0		2.88968e+06		557.203		
00:01:01:500		1.05816e+07		-5.80091		0		0		2.89459e+06		558.343		
00:01:01:399		1.05906e+07		-5.79855		0		0		2.89821e+06		559.008		
00:01:01:200		1.06084e+07		-5.79367		0		0		2.90552e+06		561.429		
00:01:01:200		1.06084e+07		-5.79367		0		0		2.90552e+06		561.429		
00:01:01:100		1.06173e+07		-5.79116		0		0		2.90774e+06		561.607		
00:01:01:000		1.06261e+07		-5.78858		0		0		2.90871e+06		561.422		
00:01:00:899		1.06349e+07		-5.78596		0		0		2.91155e+06		562.676		
00:01:00:799		1.06437e+07		-5.78329		0		0		2.91364e+06		562.38		
00:01:00:700		1.06524e+07		-5.78056		0		0		2.91443e+06		561.799		
00:01:00:600		1.06612e+07		-5.77779		0		0		2.91722e+06		562.413		
00:01:00:500		1.06699e+07		-5.77496		0		0		2.92168e+06		563.745		
00:01:00:299		1.06873e+07		-5.76917		0		0		2.92831e+06		564.912		
00:01:00:200		1.0696e+07		-5.76621		0		0		2.93213e+06		566.189		
00:01:00:200		1.0696e+07		-5.76621		0		0		2.93213e+06		566.189		
00:01:00:100		1.07045e+07		-5.76321		0		0		2.93537e+06		567.159		
00:01:00:000		1.0713e+07		-5.76017		0		0		2.93792e+06		567.935		
00:00:59:950		1.07172e+07		-5.75864		0		0		2.93866e+06		567.713		
00:00:59:850		1.07256e+07		-5.75554		0		0		2.93947e+06		568.096		
00:00:59:750		1.0734e+07		-5.7524		0		0		2.9415e+06		568.103		
00:00:59:600		1.07465e+07		-5.74761		0		0		2.94277e+06		567.38		
00:00:59:549		1.07507e+07		-5.74599		0		0		2.94401e+06		567.608		
00:00:59:350		1.07672e+07		-5.73941		0		0		2.95147e+06		569.331		
00:00:59:200		1.07795e+07		-5.73436		0		0		2.95664e+06		570.955		
00:00:59:200		1.07795e+07		-5.73436		0		0		2.95664e+06		570.955		
00:00:59:100		1.07877e+07		-5.73094		0		0		2.95964e+06		571.606		
00:00:59:000		1.07959e+07		-5.72748		0		0		2.96179e+06		571.86		
00:00:58:950		1.07999e+07		-5.72573		0		0		2.96271e+06		571.994		
00:00:58:850		1.0808e+07		-5.72221		0		0		2.96491e+06		572.452		
00:00:58:750		1.08161e+07		-5.71864		0		0		2.96757e+06		573.441		
00:00:58:649		1.08242e+07		-5.71503		0		0		2.97017e+06		574.078		
00:00:58:549		1.08322e+07		-5.71138		0		0		2.97098e+06		573.59		
00:00:58:450		1.08402e+07		-5.70769		0		0		2.97198e+06		573.236		
00:00:58:350		1.08483e+07		-5.70396		0		0		2.97453e+06		573.667		
00:00:58:250		1.08563e+07		-5.70018		0		0		2.97819e+06		574.744		
00:00:58:100		1.08682e+07		-5.69443		0		0		2.98333e+06		576.237		
00:00:58:000		1.08762e+07		-5.69054		0		0		2.98686e+06		577.678		
00:00:57:899		1.08842e+07		-5.68659		0		0		2.98856e+06		577.839		
00:00:57:799		1.08922e+07		-5.6826		0		0		2.98896e+06		577.548		
00:00:57:700		1.09001e+07		-5.67855		0		0		2.98953e+06		577.256		
00:00:57:600		1.09081e+07		-5.67445		0		0		2.99103e+06		577.327		
00:00:57:500		1.09161e+07		-5.6703		0		0		2.99337e+06		577.569		
00:00:57:399		1.09241e+07		-5.6661		0		0		2.99593e+06		578.091		
00:00:57:299		1.09321e+07		-5.66185		0		0		2.99942e+06		579.159		
00:00:57:200		1.09399e+07		-5.65757		0		0		3.00215e+06		579.566		
00:00:57:100		1.09477e+07		-5.65323		0		0		3.00487e+06		580.647		
00:00:57:000		1.09555e+07		-5.64886		0		0		3.00771e+06		581.851		
00:00:56:899		1.09631e+07		-5.64443		0		0		3.00926e+06		582.101		
00:00:56:799		1.09707e+07		-5.63996		0		0		3.00863e+06		580.952		
00:00:56:700		1.09784e+07		-5.63543		0		0		3.00889e+06		580.448		
00:00:56:600		1.0986e+07		-5.63086		0		0		3.01104e+06		580.658		
00:00:56:500		1.09935e+07		-5.62624		0		0		3.01406e+06		580.858		
00:00:56:299		1.10087e+07		-5.61683		0		0		3.02105e+06		580.871		
00:00:56:200		1.10164e+07		-5.61205		0		0		3.02801e+06		582.879		
00:00:56:200		1.10164e+07		-5.61205		0		0		3.02801e+06		582.879		
00:00:56:100		1.1024e+07		-5.60722		0		0		3.03479e+06		584.573		
00:00:56:100		1.1024e+07		-5.60722		0		0		3.03479e+06		584.573		
00:00:55:899		1.10393e+07		-5.59742		0		0		3.0455e+06		587.446		
00:00:55:799		1.10469e+07		-5.59246		0		0		3.05023e+06		589.429		
00:00:55:700		1.10545e+07		-5.58745		0		0		3.05417e+06		591.08		
00:00:55:600		1.1062e+07		-5.58241		0		0		3.05462e+06		589.902		
00:00:55:600		1.1062e+07		-5.58241		0		0		3.05462e+06		589.902		
00:00:55:500		1.10695e+07		-5.57732		0		0		3.05408e+06		589.394		
00:00:55:250		1.10882e+07		-5.56444		0		0		3.06056e+06		590.766		
00:00:55:250		1.10882e+07		-5.56444		0		0		3.06056e+06		590.766		
00:00:55:149		1.10955e+07		-5.55921		0		0		3.06379e+06		591.488		
00:00:54:950		1.11101e+07		-5.54862		0		0		3.06925e+06		593.576		
00:00:54:950		1.11101e+07		-5.54862		0		0		3.06925e+06		593.576		
00:00:54:850		1.11172e+07		-5.54326		0		0		3.06959e+06		592.913		
00:00:54:700		1.11278e+07		-5.53514		0		0		3.07161e+06		594.561		
00:00:54:600		1.11348e+07		-5.52966		0		0		3.07338e+06		594.53		
00:00:54:399		1.11488e+07		-5.51853		0		0		3.07194e+06		592.392		
00:00:54:399		1.11488e+07		-5.51853		0		0		3.07194e+06		592.392		
00:00:54:299		1.11558e+07		-5.51289		0		0		3.07525e+06		592.926		
00:00:54:299		1.11558e+07		-5.51289		0		0		3.07525e+06		592.926		
00:00:54:200		1.11628e+07		-5.5072		0		0		3.07883e+06		593.524		
00:00:54:100		1.11698e+07		-5.50145		0		0		3.08213e+06		593.474		
00:00:53:950		1.11803e+07		-5.49271		0		0		3.08791e+06		594.095		
00:00:53:850		1.11874e+07		-5.4868		0		0		3.09453e+06		595.951		
00:00:53:750		1.11944e+07		-5.48084		0		0		3.10037e+06		597.203		
00:00:53:649		1.12015e+07		-5.47483		0		0		3.10553e+06		598.591		
00:00:53:350		1.12224e+07		-5.45636		0		0		3.11642e+06		601.919		
00:00:53:350		1.12224e+07		-5.45636		0		0		3.11642e+06		601.919		
00:00:53:250		1.12293e+07		-5.45006		0		0		3.11385e+06		600.123		
00:00:53:250		1.12293e+07		-5.45006		0		0		3.11385e+06		600.123		
00:00:53:149		1.12362e+07		-5.44369		0		0		3.11629e+06		600.7		
00:00:53:049		1.12432e+07		-5.43725		0		0		3.11991e+06		601.42		
00:00:52:950		1.12501e+07		-5.43075		0		0		3.1236e+06		601.848		
00:00:52:850		1.1257e+07		-5.42418		0		0		3.12682e+06		601.538		
00:00:52:750		1.1264e+07		-5.41754		0		0		3.13083e+06		602.137		
00:00:52:600		1.12745e+07		-5.40746		0		0		3.14068e+06		604.665		
00:00:52:500		1.12815e+07		-5.40068		0		0		3.14606e+06		605.683		
00:00:52:399		1.12885e+07		-5.39386		0		0		3.15149e+06		607.27		
00:00:52:299		1.12955e+07		-5.387		0		0		3.15746e+06		610.252		
00:00:52:200		1.13025e+07		-5.38012		0		0		3.16249e+06		612.421		
00:00:52:100		1.13094e+07		-5.37322		0		0		3.16129e+06		609.753		
00:00:52:000		1.13163e+07		-5.36629		0		0		3.1596e+06		608.719		
00:00:51:950		1.13197e+07		-5.36282		0		0		3.16102e+06		609.107		
00:00:51:850		1.13267e+07		-5.35587		0		0		3.165e+06		609.885		
00:00:51:750		1.13336e+07		-5.3489		0		0		3.16905e+06		610.548		
00:00:51:600		1.13439e+07		-5.33843		0		0		3.17434e+06		610.389		
00:00:51:500		1.13508e+07		-5.33143		0		0		3.17912e+06		611.518		
00:00:51:399		1.13578e+07		-5.3244		0		0		3.18592e+06		613.265		
00:00:51:299		1.13648e+07		-5.31734		0		0		3.19156e+06		614.148		
00:00:51:200		1.13717e+07		-5.31026		0		0		3.19685e+06		615.519		
00:00:51:100		1.13786e+07		-5.30314		0		0		3.20342e+06		618.902		
00:00:51:000		1.13854e+07		-5.29601		0		0		3.20923e+06		621.427		
00:00:50:899		1.13921e+07		-5.28883		0		0		3.20842e+06		619.022		
00:00:50:799		1.13989e+07		-5.28161		0		0		3.20603e+06		617.32		
00:00:50:700		1.14057e+07		-5.27436		0		0		3.20911e+06		618.086		
00:00:50:600		1.14126e+07		-5.26706		0		0		3.21351e+06		619.003		
00:00:50:500		1.14126e+07		-5.26706		0		0		3.21351e+06		619.003		
00:00:50:399		1.14262e+07		-5.25236		0		0		3.22147e+06		619.515		
00:00:50:250		1.14365e+07		-5.24123		0		0		3.22921e+06		621.273		
00:00:50:250		1.14365e+07		-5.24123		0		0		3.22921e+06		621.273		
00:00:50:149		1.14434e+07		-5.23376		0		0		3.23572e+06		622.622		
00:00:50:049		1.14503e+07		-5.22625		0		0		3.24105e+06		623.512		
00:00:49:899		1.14607e+07		-5.21494		0		0		3.25052e+06		627.865		
00:00:49:899		1.14607e+07		-5.21494		0		0		3.25052e+06		627.865		
00:00:49:649		1.14777e+07		-5.19591		0		0		3.2538e+06		626.478		
00:00:49:649		1.14777e+07		-5.19591		0		0		3.2538e+06		626.478		
00:00:49:549		1.14845e+07		-5.18822		0		0		3.25428e+06		626.447		
00:00:49:450		1.14913e+07		-5.1805		0		0		3.25903e+06		627.488		
00:00:49:250		1.1505e+07		-5.16493		0		0		3.26808e+06		628.824		
00:00:49:250		1.1505e+07		-5.16493		0		0		3.26808e+06		628.824		
00:00:49:149		1.15119e+07		-5.15707		0		0		3.27227e+06		629.097		
00:00:49:049		1.15187e+07		-5.14918		0		0		3.27784e+06		630.5		
00:00:48:950		1.15256e+07		-5.14124		0		0		3.28416e+06		631.809		
00:00:48:899		1.15291e+07		-5.13726		0		0		3.28699e+06		632.314		
00:00:48:750		1.15394e+07		-5.12525		0		0		3.29606e+06		635.96		
00:00:48:649		1.15463e+07		-5.11722		0		0		3.30264e+06		639.344		
00:00:48:549		1.15532e+07		-5.10914		0		0		3.30344e+06		637.67		
00:00:48:450		1.156e+07		-5.10104		0		0		3.30018e+06		634.974		
00:00:48:250		1.15738e+07		-5.08474		0		0		3.30732e+06		636.496		
00:00:48:250		1.15738e+07		-5.08474		0		0		3.30732e+06		636.496		
00:00:48:149		1.15808e+07		-5.07656		0		0		3.31238e+06		637.358		
00:00:48:049		1.15877e+07		-5.06837		0		0		3.31709e+06		637.865		
00:00:47:950		1.15946e+07		-5.06016		0		0		3.32203e+06		638.53		
00:00:47:850		1.16016e+07		-5.05194		0		0		3.32814e+06		639.987		
00:00:47:750		1.16086e+07		-5.04373		0		0		3.33456e+06		641.341		
00:00:47:649		1.16156e+07		-5.03551		0		0		3.34082e+06		643.775		
00:00:47:500		1.1626e+07		-5.02318		0		0		3.35053e+06		648.685		
00:00:47:399		1.16329e+07		-5.01494		0		0		3.34971e+06		646.365		
00:00:47:299		1.16397e+07		-5.00667		0		0		3.3466e+06		643.736		
00:00:47:200		1.16466e+07		-4.99836		0		0		3.34829e+06		643.979		
00:00:47:100		1.16535e+07		-4.99002		0		0		3.3539e+06		645.146		
00:00:47:000		1.16605e+07		-4.98165		0		0		3.35921e+06		645.963		
00:00:46:899		1.16675e+07		-4.97324		0		0		3.36426e+06		646.499		
00:00:46:799		1.16745e+07		-4.9648		0		0		3.3699e+06		647.466		
00:00:46:700		1.16815e+07		-4.95634		0		0		3.37665e+06		649.094		
00:00:46:600		1.16885e+07		-4.94785		0		0		3.38348e+06		650.858		
00:00:46:500		1.16955e+07		-4.93934		0		0		3.39077e+06		654.655		
00:00:46:399		1.17024e+07		-4.93081		0		0		3.39716e+06		657.653		
00:00:46:299		1.17093e+07		-4.92225		0		0		3.39633e+06		655.401		
00:00:46:299		1.17093e+07		-4.92225		0		0		3.39633e+06		655.401		
00:00:46:100		1.17231e+07		-4.90504		0		0		3.39425e+06		652.523		
00:00:46:000		1.173e+07		-4.89639		0		0		3.39983e+06		653.692		
00:00:45:899		1.1737e+07		-4.88769		0		0		3.40537e+06		654.603		
00:00:45:799		1.1744e+07		-4.87897		0		0		3.41082e+06		655.183		
00:00:45:799		1.1744e+07		-4.87897		0		0		3.41082e+06		655.183		
00:00:45:700		1.1751e+07		-4.87022		0		0		3.41672e+06		656.141		
00:00:45:600		1.17581e+07		-4.86144		0		0		3.42389e+06		657.906		
00:00:45:500		1.17651e+07		-4.85264		0		0		3.43142e+06		660.322		
00:00:45:299		1.1779e+07		-4.83505		0		0		3.44465e+06		666.489		
00:00:45:149		1.17894e+07		-4.82184		0		0		3.44063e+06		662.56		
00:00:45:149		1.17894e+07		-4.82184		0		0		3.44063e+06		662.56		
00:00:44:950		1.18032e+07		-4.80411		0		0		3.44454e+06		662.242		
00:00:44:950		1.18032e+07		-4.80411		0		0		3.44454e+06		662.242		
00:00:44:899		1.18067e+07		-4.79966		0		0		3.44751e+06		662.65		
00:00:44:750		1.18172e+07		-4.78625		0		0		3.45578e+06		663.657		
00:00:44:649		1.18242e+07		-4.77728		0		0		3.46177e+06		664.493		
00:00:44:549		1.18313e+07		-4.7683		0		0		3.469e+06		666.28		
00:00:44:450		1.18383e+07		-4.75932		0		0		3.47716e+06		669.054		
00:00:44:250		1.18522e+07		-4.74141		0		0		3.49058e+06		675		
00:00:44:250		1.18522e+07		-4.74141		0		0		3.49058e+06		675		
00:00:44:149		1.18591e+07		-4.73245		0		0		3.4884e+06		672.654		
00:00:44:049		1.1866e+07		-4.72347		0		0		3.48666e+06		670.477		
00:00:43:950		1.18729e+07		-4.71444		0		0		3.48798e+06		670.207		
00:00:43:850		1.18798e+07		-4.70536		0		0		3.49383e+06		671.426		
00:00:43:750		1.18868e+07		-4.69623		0		0		3.49936e+06		672.016		
00:00:43:649		1.18939e+07		-4.68708		0		0		3.50498e+06		672.448		
00:00:43:549		1.1901e+07		-4.67791		0		0		3.51194e+06		673.915		
00:00:43:350		1.19152e+07		-4.65965		0		0		3.52966e+06		681.084		
00:00:43:250		1.19222e+07		-4.65059		0		0		3.53649e+06		684.045		
00:00:43:250		1.19222e+07		-4.65059		0		0		3.53649e+06		684.045		
00:00:43:149		1.19291e+07		-4.64161		0		0		3.53557e+06		681.961		
00:00:43:049		1.19359e+07		-4.63267		0		0		3.53345e+06		679.927		
00:00:42:950		1.19426e+07		-4.62369		0		0		3.53359e+06		678.584		
00:00:42:850		1.19494e+07		-4.61468		0		0		3.53871e+06		679.987		
00:00:42:750		1.19562e+07		-4.60563		0		0		3.54482e+06		680.773		
00:00:42:649		1.1963e+07		-4.59657		0		0		3.55058e+06		681.212		
00:00:42:500		1.19734e+07		-4.58297		0		0		3.56133e+06		683.638		
00:00:42:399		1.19802e+07		-4.57393		0		0		3.5709e+06		687.926		
00:00:42:200		1.19939e+07		-4.55589		0		0		3.5813e+06		690.939		
00:00:42:200		1.19939e+07		-4.55589		0		0		3.5813e+06		690.939		
00:00:42:100		1.20006e+07		-4.54686		0		0		3.57902e+06		689.297		
00:00:42:000		1.20074e+07		-4.53778		0		0		3.57895e+06		687.403		
00:00:41:899		1.20142e+07		-4.52865		0		0		3.58201e+06		687.949		
00:00:41:799		1.20211e+07		-4.51946		0		0		3.58872e+06		689.044		
00:00:41:700		1.20281e+07		-4.51024		0		0		3.5949e+06		689.711		
00:00:41:600		1.20351e+07		-4.50099		0		0		3.60164e+06		690.748		
00:00:41:500		1.2042e+07		-4.49173		0		0		3.61043e+06		694.226		
00:00:41:299		1.20558e+07		-4.4732		0		0		3.62537e+06		699.969		
00:00:41:200		1.20627e+07		-4.46391		0		0		3.62308e+06		698.11		
00:00:41:200		1.20627e+07		-4.46391		0		0		3.62308e+06		698.11		
00:00:41:100		1.20695e+07		-4.45459		0		0		3.62297e+06		696.557		
00:00:41:000		1.20763e+07		-4.44523		0		0		3.62436e+06		695.603		
00:00:40:899		1.20833e+07		-4.43584		0		0		3.63027e+06		697.014		
00:00:40:799		1.20902e+07		-4.42643		0		0		3.63704e+06		697.89		
00:00:40:700		1.20972e+07		-4.41701		0		0		3.64387e+06		698.891		
00:00:40:600		1.21042e+07		-4.40761		0		0		3.65242e+06		702.324		
00:00:40:500		1.21111e+07		-4.39822		0		0		3.66279e+06		707.512		
00:00:40:399		1.2118e+07		-4.38884		0		0		3.6672e+06		707.745		
00:00:40:299		1.21249e+07		-4.37946		0		0		3.66515e+06		705.997		
00:00:40:200		1.21317e+07		-4.37006		0		0		3.66564e+06		704.591		
00:00:40:100		1.21386e+07		-4.36062		0		0		3.66784e+06		703.913		
00:00:40:000		1.21454e+07		-4.35118		0		0		3.6744e+06		705.349		
00:00:39:899		1.21522e+07		-4.34174		0		0		3.68156e+06		706.372		
00:00:39:799		1.2159e+07		-4.33231		0		0		3.68948e+06		708.974		
00:00:39:700		1.21658e+07		-4.3229		0		0		3.69914e+06		713.792		
00:00:39:600		1.21726e+07		-4.3135		0		0		3.70529e+06		715.157		
00:00:39:500		1.21793e+07		-4.3041		0		0		3.70412e+06		713.551		
00:00:39:500		1.21793e+07		-4.3041		0		0		3.70412e+06		713.551		
00:00:39:250		1.21961e+07		-4.28056		0		0		3.70883e+06		711.694		
00:00:39:250		1.21961e+07		-4.28056		0		0		3.70883e+06		711.694		
00:00:39:149		1.22029e+07		-4.27111		0		0		3.71644e+06		713.2		
00:00:39:049		1.22097e+07		-4.26166		0		0		3.72396e+06		714.846		
00:00:38:850		1.22234e+07		-4.24275		0		0		3.74174e+06		722.605		
00:00:38:850		1.22234e+07		-4.24275		0		0		3.74174e+06		722.605		
00:00:38:750		1.22302e+07		-4.23328		0		0		3.74268e+06		721.159		
00:00:38:649		1.2237e+07		-4.22381		0		0		3.74232e+06		719.995		
00:00:38:549		1.22438e+07		-4.21431		0		0		3.74373e+06		718.437		
00:00:38:450		1.22506e+07		-4.2048		0		0		3.74832e+06		719.191		
00:00:38:250		1.22643e+07		-4.1857		0		0		3.76537e+06		724.647		
00:00:38:250		1.22643e+07		-4.1857		0		0		3.76537e+06		724.647		
00:00:38:149		1.22712e+07		-4.17615		0		0		3.77425e+06		728.362		
00:00:38:049		1.22781e+07		-4.16662		0		0		3.77706e+06		727.545		
00:00:37:950		1.22849e+07		-4.1571		0		0		3.777e+06		726.556		
00:00:37:850		1.22918e+07		-4.1476		0		0		3.77913e+06		725.29		
00:00:37:750		1.22986e+07		-4.13811		0		0		3.78329e+06		725.599		
00:00:37:649		1.23055e+07		-4.12864		0		0		3.79193e+06		728.093		
00:00:37:549		1.23124e+07		-4.11919		0		0		3.80107e+06		732.02		
00:00:37:399		1.23228e+07		-4.10507		0		0		3.81054e+06		734.352		
00:00:37:250		1.23332e+07		-4.09099		0		0		3.81103e+06		732.579		
00:00:37:250		1.23332e+07		-4.09099		0		0		3.81103e+06		732.579		
00:00:37:149		1.234e+07		-4.0816		0		11.4496		3.81376e+06		731.583		
00:00:37:049		1.23469e+07		-4.07219		0		0		3.81923e+06		732.864		
00:00:36:899		1.23572e+07		-4.05799		0		0		3.83307e+06		738.329		
00:00:36:799		1.23641e+07		-4.04847		0		0		3.84003e+06		740.302		
00:00:36:750		1.23676e+07		-4.04368		0		0		3.84109e+06		739.666		
00:00:36:649		1.23744e+07		-4.03405		0		0		3.84144e+06		738.588		
00:00:36:549		1.23813e+07		-4.02435		0		0		3.84398e+06		737.691		
00:00:36:399		1.23916e+07		-4.00962		0		0		3.85258e+06		739.873		
00:00:36:200		1.24053e+07		-3.98975		0		0		3.86892e+06		745.604		
00:00:36:200		1.24053e+07		-3.98975		0		0		3.86892e+06		745.604		
00:00:36:100		1.24122e+07		-3.97978		0		0		3.87049e+06		744.495		
00:00:36:000		1.2419e+07		-3.96983		0		0		3.8722e+06		743.791		
00:00:35:899		1.24259e+07		-3.95996		0		0		3.87566e+06		743.096		
00:00:35:799		1.24328e+07		-3.9502		0		0		3.88223e+06		745.276		
00:00:35:700		1.24397e+07		-3.94061		0		0		3.89212e+06		749.318		
00:00:35:600		1.24466e+07		-3.93121		0		0		3.89929e+06		751.31		
00:00:35:500		1.24535e+07		-3.92201		0		0		3.90077e+06		750.167		
00:00:35:450		1.24569e+07		-3.91748		0		0		3.90134e+06		749.838		
00:00:35:200		1.24742e+07		-3.89538		0		0		3.91278e+06		750.964		
00:00:35:200		1.24742e+07		-3.89538		0		0		3.91278e+06		750.964		
00:00:35:100		1.24811e+07		-3.88668		0		0		3.92273e+06		755.085		
00:00:35:000		1.2488e+07		-3.87802		0		0		3.92998e+06		757.082		
00:00:34:899		1.2495e+07		-3.86935		0		0		3.93151e+06		755.906		
00:00:34:799		1.25019e+07		-3.86064		0		0		3.93341e+06		755.242		
00:00:34:700		1.25088e+07		-3.85186		0		0		3.93716e+06		754.72		
00:00:34:600		1.25157e+07		-3.843		0		0		3.9439e+06		756.862		
00:00:34:500		1.25227e+07		-3.83405		0		0		3.95395e+06		760.999		
00:00:34:299		1.25366e+07		-3.81589		0		0		3.96257e+06		761.561		
00:00:34:200		1.25436e+07		-3.80669		0		0		3.96484e+06		761.068		
00:00:34:200		1.25436e+07		-3.80669		0		0		3.96484e+06		761.068		
00:00:34:100		1.25505e+07		-3.79742		0		0		3.96909e+06		760.742		
00:00:34:000		1.25575e+07		-3.78807		0		0		3.97607e+06		763.116		
00:00:33:899		1.25645e+07		-3.77866		0		0		3.98615e+06		767.225		
00:00:33:799		1.25715e+07		-3.7692		0		0		3.99269e+06		768.618		
00:00:33:700		1.25785e+07		-3.75969		0		0		3.99411e+06		767.493		
00:00:33:600		1.25854e+07		-3.75012		0		0		3.99656e+06		766.885		
00:00:33:500		1.25923e+07		-3.74051		0		0		4.00086e+06		766.642		
00:00:33:299		1.26062e+07		-3.72116		0		0		4.01848e+06		773.276		
00:00:33:200		1.26132e+07		-3.71143		0		0		4.02458e+06		774.398		
00:00:33:200		1.26132e+07		-3.71143		0		0		4.02458e+06		774.398		
00:00:33:100		1.26201e+07		-3.70169		0		0		4.02623e+06		773.298		
00:00:33:000		1.26269e+07		-3.69193		0		0		4.0292e+06		772.953		
00:00:32:899		1.2634e+07		-3.68214		0		0		4.03405e+06		772.874		
00:00:32:799		1.26409e+07		-3.67234		0		0		4.04201e+06		775.925		
00:00:32:700		1.26409e+07		-3.67234		0		0		4.04201e+06		775.925		
00:00:32:700		1.26479e+07		-3.66251		0		0		4.05207e+06		779.738		
00:00:32:600		1.26548e+07		-3.65268		0		0		4.05789e+06		780.573		
00:00:32:500		1.26617e+07		-3.64284		0		0		4.05919e+06		779.295		
00:00:32:250		1.26791e+07		-3.6182		0		0		4.07146e+06		780.454		
00:00:32:250		1.26791e+07		-3.6182		0		0		4.07146e+06		780.454		
00:00:32:100		1.26895e+07		-3.60338		0		0		4.08645e+06		786.291		
00:00:32:000		1.26964e+07		-3.59349		0		0		4.092e+06		786.88		
00:00:31:899		1.27033e+07		-3.58359		0		0		4.09332e+06		785.614		
00:00:31:800		1.27103e+07		-3.57367		0		0		4.09696e+06		785.503		
00:00:31:699		1.27172e+07		-3.56374		0		0		4.10255e+06		785.682		
00:00:31:600		1.27242e+07		-3.55379		0		0		4.11124e+06		789.145		
00:00:31:600		1.27242e+07		-3.55379		0		0		4.11124e+06		789.145		
00:00:31:500		1.27312e+07		-3.54383		0		0		4.12164e+06		793.031		
00:00:31:250		1.27486e+07		-3.51889		0		0		4.12988e+06		792.036		
00:00:31:250		1.27486e+07		-3.51889		0		0		4.12988e+06		792.036		
00:00:31:149		1.27556e+07		-3.50887		0		0		4.13493e+06		792.017		
00:00:31:050		1.27626e+07		-3.49883		0		0		4.14199e+06		793.895		
00:00:30:949		1.27696e+07		-3.48876		0		0		4.15263e+06		798.219		
00:00:30:850		1.27766e+07		-3.47868		0		0		4.16038e+06		799.804		
00:00:30:750		1.27836e+07		-3.46857		0		0		4.16303e+06		798.828		
00:00:30:649		1.27907e+07		-3.45845		0		0		4.16659e+06		798.652		
00:00:30:550		1.27977e+07		-3.44831		0		0		4.17278e+06		799.5		
00:00:30:449		1.28048e+07		-3.43815		0		0		4.18122e+06		802.382		
00:00:30:250		1.2819e+07		-3.41778		0		0		4.19615e+06		806.033		
00:00:30:250		1.2819e+07		-3.41778		0		0		4.19615e+06		806.033		
00:00:30:149		1.28261e+07		-3.40756		0		0		4.19884e+06		805.373		
00:00:30:050		1.28332e+07		-3.39733		0		0		4.20371e+06		805.838		
00:00:29:949		1.28403e+07		-3.38708		0		0		4.21038e+06		806.686		
00:00:29:850		1.28474e+07		-3.37681		0		0		4.21798e+06		808.778		
00:00:29:750		1.28545e+07		-3.36653		0		0		4.22758e+06		811.935		
00:00:29:649		1.28616e+07		-3.35623		0		0		4.23438e+06		813.069		
00:00:29:550		1.28687e+07		-3.34591		0		0		4.23822e+06		811.945		
00:00:29:449		1.28759e+07		-3.33559		0		0		4.24318e+06		812.499		
00:00:29:250		1.28902e+07		-3.31489		0		0		4.2626e+06		819.206		
00:00:29:250		1.28902e+07		-3.31489		0		0		4.2626e+06		819.206		
00:00:29:149		1.28973e+07		-3.30453		0		0		4.26837e+06		820.043		
00:00:28:949		1.29009e+07		-3.29934		0		0		4.27011e+06		819.554		
00:00:28:949		1.29117e+07		-3.28375		0		0		4.27647e+06		820.509		
00:00:28:850		1.29189e+07		-3.27333		0		0		4.28149e+06		820.796		
00:00:28:750		1.29261e+07		-3.2629		0		0		4.28846e+06		822.582		
00:00:28:649		1.29333e+07		-3.25244		0		0		4.29582e+06		824.252		
00:00:28:550		1.29406e+07		-3.24198		0		0		4.30205e+06		825.395		
00:00:28:399		1.29515e+07		-3.22625		0		0		4.31243e+06		828.659		
00:00:28:350		1.29551e+07		-3.221		0		0		4.31471e+06		828.635		
00:00:28:250		1.29623e+07		-3.21049		0		0		4.31757e+06		827.85		
00:00:28:149		1.29696e+07		-3.19995		0		0		4.32193e+06		828.238		
00:00:28:050		1.29769e+07		-3.1894		0		0		4.32973e+06		830.743		
00:00:27:949		1.29842e+07		-3.17882		0		0		4.33727e+06		831.892		
00:00:27:850		1.29915e+07		-3.16821		0		0		4.34259e+06		832.047		
00:00:27:750		1.29988e+07		-3.15759		0		0		4.34952e+06		834.872		
00:00:27:649		1.30062e+07		-3.14695		0		0		4.35861e+06		837.674		
00:00:27:550		1.30135e+07		-3.1363		0		0		4.36181e+06		836.032		
00:00:27:449		1.30208e+07		-3.12563		0		0		4.36525e+06		836.441		
00:00:27:199		1.30392e+07		-3.09881		0		0		4.38303e+06		839.39		
00:00:27:199		1.30392e+07		-3.09881		0		0		4.38303e+06		839.39		
00:00:27:100		1.30467e+07		-3.08802		0		0		4.38975e+06		840.813		
00:00:27:000		1.30542e+07		-3.07721		0		0		4.39967e+06		844.957		
00:00:26:899		1.30616e+07		-3.0664		0		0		4.40795e+06		846.644		
00:00:26:800		1.30691e+07		-3.05559		0		0		4.40999e+06		845.236		
00:00:26:699		1.30765e+07		-3.04476		0		0		4.41462e+06		845.739		
00:00:26:600		1.30839e+07		-3.03391		0		11.3535		4.4217e+06		847.08		
00:00:26:500		1.30913e+07		-3.02301		0		0		4.42921e+06		848.241		
00:00:26:300		1.31063e+07		-3.00109		0		0		4.44615e+06		853.297		
00:00:26:199		1.31139e+07		-2.9901		0		10.8966		4.45555e+06		855.941		
00:00:26:199		1.31139e+07		-2.9901		0		10.8966		4.45555e+06		855.941		
00:00:26:100		1.31214e+07		-2.9791		0		0		4.45848e+06		854.427		
00:00:26:000		1.3129e+07		-2.96808		0		0		4.46251e+06		854.706		
00:00:25:899		1.31365e+07		-2.95704		0		0		4.46944e+06		855.997		
00:00:25:800		1.3144e+07		-2.94595		0		0		4.47714e+06		857.294		
00:00:25:699		1.31516e+07		-2.93482		0		0		4.48483e+06		858.245		
00:00:25:600		1.31593e+07		-2.92364		0		0		4.4938e+06		861.663		
00:00:25:500		1.31669e+07		-2.91245		0		0		4.50412e+06		865.137		
00:00:25:300		1.31823e+07		-2.88999		0		0		4.5119e+06		864.011		
00:00:25:199		1.31899e+07		-2.87873		0		0		4.51857e+06		865.197		
00:00:25:199		1.31899e+07		-2.87873		0		0		4.51857e+06		865.197		
00:00:25:100		1.31976e+07		-2.86743		0		0		4.52641e+06		866.557		
00:00:25:000		1.32053e+07		-2.85607		0		10.3566		4.53433e+06		867.579		
00:00:24:899		1.3213e+07		-2.84467		0		10.7634		4.54275e+06		870.187		
00:00:24:800		1.32208e+07		-2.83323		0		0		4.55353e+06		874.263		
00:00:24:800		1.32208e+07		-2.83323		0		0		4.55353e+06		874.263		
00:00:24:699		1.32286e+07		-2.82178		0		0		4.55993e+06		874.102		
00:00:24:600		1.32365e+07		-2.8103		0		10.1487		4.56256e+06		873.62		
00:00:24:500		1.32443e+07		-2.79879		0		10.1487		4.56877e+06		874.561		
00:00:24:300		1.32639e+07		-2.76988		0		0		4.58878e+06		877.694		
00:00:24:149		1.32718e+07		-2.75824		0		0		4.59792e+06		881.003		
00:00:24:149		1.32718e+07		-2.75824		0		0		4.59792e+06		881.003		
00:00:24:050		1.32798e+07		-2.74658		0		0		4.60861e+06		884.605		
00:00:23:899		1.32918e+07		-2.72903		0		10.7634		4.61494e+06		883.522		
00:00:23:800		1.32998e+07		-2.71729		0		10.8302		4.62057e+06		884.22		
00:00:23:699		1.33078e+07		-2.70552		0		10.8302		4.62832e+06		885.614		
00:00:23:600		1.33158e+07		-2.69371		0		11.0941		4.63661e+06		886.955		
00:00:23:500		1.33239e+07		-2.68184		0		12.2893		4.64496e+06		888.594		
00:00:23:399		1.3332e+07		-2.66994		0		10.6964		4.65563e+06		893.156		
00:00:23:300		1.33402e+07		-2.658		0		11.0286		4.66402e+06		893.836		
00:00:23:199		1.33483e+07		-2.64602		0		11.4176		4.66684e+06		893.184		
00:00:23:050		1.33606e+07		-2.62797		0		0		4.67713e+06		894.77		
00:00:23:050		1.33606e+07		-2.62797		0		0		4.67713e+06		894.77		
00:00:22:949		1.33688e+07		-2.61587		0		0		4.6855e+06		896.443		
00:00:22:850		1.3377e+07		-2.60373		0		0		4.69469e+06		899.546		
00:00:22:750		1.33853e+07		-2.59154		0		0		4.70316e+06		900.55		
00:00:22:649		1.33936e+07		-2.57932		0		0		4.70833e+06		900.982		
00:00:22:550		1.34019e+07		-2.56707		0		0		4.71558e+06		902.197		
00:00:22:449		1.34103e+07		-2.55478		0		0		4.72357e+06		903.883		
00:00:22:350		1.34187e+07		-2.54246		0		0		4.73211e+06		905.801		
00:00:22:250		1.34271e+07		-2.5301		0		0		4.73966e+06		906.906		
00:00:22:149		1.34354e+07		-2.51771		0		0		4.74709e+06		908.239		
00:00:22:050		1.34438e+07		-2.5053		0		0		4.75497e+06		909.702		
00:00:21:949		1.34522e+07		-2.49285		0		0		4.76303e+06		911.305		
00:00:21:850		1.34605e+07		-2.48038		0		0		4.77108e+06		912.785		
00:00:21:750		1.34689e+07		-2.46787		0		0		4.77891e+06		914.215		
00:00:21:649		1.34774e+07		-2.45532		0		9.93773		4.78687e+06		915.703		
00:00:21:550		1.34858e+07		-2.44272		0		9.93773		4.79488e+06		917.215		
00:00:21:449		1.34943e+07		-2.43008		0		10.0787		4.80292e+06		918.721		
00:00:21:350		1.35028e+07		-2.4174		0		10.0787		4.8109e+06		920.2		
00:00:21:250		1.35114e+07		-2.40467		0		10.2183		4.81892e+06		921.696		
00:00:21:149		1.352e+07		-2.39189		0		10.2876		4.82695e+06		923.197		
00:00:21:050		1.35287e+07		-2.37907		0		10.4935		4.835e+06		924.7		
00:00:20:949		1.35373e+07		-2.36621		0		10.4935		4.84304e+06		926.199		
00:00:20:850		1.35461e+07		-2.35331		0		10.6964		4.8511e+06		927.696		
00:00:20:750		1.35548e+07		-2.34035		0		10.7634		4.85917e+06		929.194		
00:00:20:649		1.35636e+07		-2.32735		0		29.0326		4.86726e+06		930.695		
00:00:20:550		1.35724e+07		-2.31431		0		0		4.87538e+06		932.2		
00:00:20:449		1.35812e+07		-2.30122		0		0		4.88352e+06		933.709		
00:00:20:350		1.35901e+07		-2.28808		0		0		4.89168e+06		935.223		
00:00:20:199		1.36035e+07		-2.2683		0		11.1594		4.90398e+06		937.513		
00:00:20:149		1.36079e+07		-2.26168		0		0		4.9081e+06		938.28		
00:00:20:050		1.36169e+07		-2.24843		0		0		4.91635e+06		939.82		
00:00:19:949		1.36304e+07		-2.22851		0		11.6085		4.92876e+06		942.135		
00:00:19:800		1.36394e+07		-2.21519		0		11.7971		4.93706e+06		943.685		
00:00:19:750		1.36439e+07		-2.20852		0		0		4.94122e+06		944.462		
00:00:19:600		1.36575e+07		-2.18849		0		12.0451		4.95373e+06		946.802		
00:00:19:550		1.36621e+07		-2.1818		0		0		4.95791e+06		947.58		
00:00:19:449		1.36712e+07		-2.16842		0		0		4.96627e+06		949.136		
00:00:19:250		1.3694e+07		-2.13498		0		12.5894		4.98725e+06		953.034		
00:00:19:250		1.3694e+07		-2.13498		0		12.5894		4.98725e+06		953.034		
00:00:19:100		1.37032e+07		-2.12162		0		12.6488		4.99567e+06		954.596		
00:00:19:000		1.37124e+07		-2.10825		0		12.7079		5.00412e+06		956.161		
00:00:18:899		1.37217e+07		-2.0949		0		10.0787		5.01259e+06		957.74		
00:00:18:800		1.3731e+07		-2.08156		0		10.1487		5.02109e+06		959.322		
00:00:18:699		1.37403e+07		-2.06823		0		10.3566		5.02963e+06		960.908		
00:00:18:600		1.37497e+07		-2.05492		0		10.5614		5.03819e+06		962.499		
00:00:18:500		1.37591e+07		-2.04163		0		10.6291		5.04679e+06		964.098		
00:00:18:399		1.37685e+07		-2.02837		0		10.8302		5.05542e+06		965.705		
00:00:18:300		1.3778e+07		-2.01514		0		10.9627		5.06409e+06		967.32		
00:00:18:199		1.37875e+07		-2.00196		0		11.0941		5.07279e+06		968.945		
00:00:18:100		1.37971e+07		-1.9888		0		11.2244		5.08152e+06		970.577		
00:00:18:000		1.38067e+07		-1.97569		0		11.4176		5.09026e+06		972.202		
00:00:17:899		1.38163e+07		-1.96262		0		11.2891		5.09901e+06		973.83		
00:00:17:800		1.3826e+07		-1.94959		0		11.4815		5.1078e+06		975.461		
00:00:17:699		1.38357e+07		-1.93661		0		11.6716		5.11661e+06		977.096		
00:00:17:600		1.38455e+07		-1.92368		0		11.8595		5.12545e+06		978.736		
00:00:17:500		1.38553e+07		-1.91081		0		11.9834		5.13433e+06		980.381		
00:00:17:300		1.3875e+07		-1.88522		0		12.2893		5.15218e+06		983.676		
00:00:17:199		1.38849e+07		-1.8725		0		12.5298		5.16117e+06		985.325		
00:00:17:199		1.38849e+07		-1.8725		0		12.5298		5.16117e+06		985.325		
00:00:17:100		1.38949e+07		-1.85985		0		12.7079		5.1702e+06		986.992		
00:00:17:100		1.38949e+07		-1.85985		0		12.7079		5.1702e+06		986.992		
00:00:17:000		1.3905e+07		-1.84725		0		12.9425		5.1793e+06		988.67		
00:00:16:800		1.39253e+07		-1.82214		0		13.1739		5.19763e+06		992.052		
00:00:16:699		1.39355e+07		-1.8096		0		13.4022		5.20688e+06		993.759		
00:00:16:600		1.39459e+07		-1.79707		0		13.5152		5.21617e+06		995.478		
00:00:16:500		1.39563e+07		-1.78451		0		13.6275		5.22551e+06		997.21		
00:00:16:500		1.39563e+07		-1.78451		0		13.6275		5.22551e+06		997.21		
00:00:16:149		1.3994e+07		-1.74022		0		14.2867		5.25845e+06		1003.31		
00:00:16:149		1.3994e+07		-1.74022		0		14.2867		5.25845e+06		1003.31		
00:00:16:149		1.3994e+07		-1.74022		0		14.2867		5.25845e+06		1003.31		
00:00:16:050		1.40052e+07		-1.72741		0		14.3943		5.26795e+06		1005.07		
00:00:15:949		1.40166e+07		-1.71452		0		14.5545		5.27749e+06		1006.83		
00:00:15:800		1.40342e+07		-1.69499		0		14.8184		5.29189e+06		1009.48		
00:00:15:800		1.40342e+07		-1.69499		0		14.8184		5.29189e+06		1009.48		
00:00:15:650		1.40527e+07		-1.67527		0		15.1303		5.3064e+06		1012.15		
00:00:15:449		1.40778e+07		-1.64869		0		15.3863		5.32596e+06		1015.75		
00:00:15:449		1.40778e+07		-1.64869		0		15.3863		5.32596e+06		1015.75		
00:00:15:250		1.41027e+07		-1.62162		0		15.6892		5.34574e+06		1019.39		
00:00:15:150		1.41148e+07		-1.60784		0		15.8389		5.35572e+06		1021.22		
00:00:15:150		1.41148e+07		-1.60784		0		15.8389		5.35572e+06		1021.22		
00:00:15:050		1.41264e+07		-1.59388		0		15.938		5.36576e+06		1023.07		
00:00:14:849		1.41483e+07		-1.5656		0		16.2813		5.38603e+06		1026.81		
00:00:14:849		1.41483e+07		-1.5656		0		16.2813		5.38603e+06		1026.81		
00:00:14:750		1.41591e+07		-1.5513		0		16.4266		5.39623e+06		1028.68		
00:00:14:650		1.41696e+07		-1.53695		0		16.5709		5.40647e+06		1030.55		
00:00:14:550		1.418e+07		-1.52255		0		16.7142		5.41679e+06		1032.45		
00:00:14:449		1.41905e+07		-1.50808		0		16.8092		5.42717e+06		1034.36		
00:00:14:250		1.42113e+07		-1.47898		0		17.0448		5.4481e+06		1038.19		
00:00:14:250		1.42113e+07		-1.47898		0		17.0448		5.4481e+06		1038.19		
00:00:14:150		1.42217e+07		-1.46435		0		17.2313		5.45866e+06		1040.12		
00:00:14:050		1.42322e+07		-1.44967		0		17.3702		5.46929e+06		1042.06		
00:00:13:949		1.42426e+07		-1.43495		0		17.4623		5.48e+06		1044.01		
00:00:13:849		1.4253e+07		-1.42017		0		17.5996		5.49079e+06		1045.98		
00:00:13:750		1.42634e+07		-1.40535		0		17.6907		5.50165e+06		1047.97		
00:00:13:650		1.42738e+07		-1.39047		0		17.7814		5.51258e+06		1049.98		
00:00:13:550		1.42842e+07		-1.37555		0		17.9168		5.52358e+06		1052		
00:00:13:449		1.42945e+07		-1.36058		0		17.8718		5.53463e+06		1054.02		
00:00:13:250		1.43151e+07		-1.33048		0		0		5.55693e+06		1058.1		
00:00:13:250		1.43151e+07		-1.33048		0		0		5.55693e+06		1058.1		
00:00:13:150		1.43254e+07		-1.31535		0		18.2294		5.56818e+06		1060.16		
00:00:13:050		1.43357e+07		-1.30017		0		18.3179		5.57951e+06		1062.23		
00:00:12:949		1.43459e+07		-1.28493		0		18.362		5.59091e+06		1064.32		
00:00:12:849		1.43561e+07		-1.26963		0		18.4061		5.60237e+06		1066.42		
00:00:12:750		1.43662e+07		-1.25428		0.0662401		18.45		5.6139e+06		1068.53		
00:00:12:650		1.43763e+07		-1.23886		0.198834		18.5377		5.62549e+06		1070.64		
00:00:12:500		1.43913e+07		-1.21563		0.396065		18.5377		5.64301e+06		1073.8		
00:00:12:400		1.44013e+07		-1.20006		0.525423		18.5377		5.65482e+06		1075.94		
00:00:12:300		1.44111e+07		-1.18442		0.652308		18.4061		5.66677e+06		1078.14		
00:00:12:199		1.44208e+07		-1.16872		0.775937		18.4061		5.67882e+06		1080.38		
00:00:12:150		1.44256e+07		-1.16084		0.836369		18.4061		5.6849e+06		1081.53		
00:00:12:000		1.44397e+07		-1.13709		1.01136		18.362		5.70315e+06		1085		
00:00:11:900		1.44486e+07		-1.12119		1.12225		18.362		5.71526e+06		1087.28		
00:00:11:800		1.44576e+07		-1.10533		1.22831		18.3179		5.72728e+06		1089.52		
00:00:11:699		1.44669e+07		-1.0895		1.32913		18.3179		5.7393e+06		1091.76		
00:00:11:599		1.44766e+07		-1.07371		1.4245		18.3179		5.75134e+06		1094.02		
00:00:11:500		1.44866e+07		-1.05782		1.51446		18.185		5.7634e+06		1096.3		
00:00:11:400		1.4496e+07		-1.0419		1.59918		18.1405		5.77545e+06		1098.58		
00:00:11:300		1.45054e+07		-1.02585		1.6782		18.1405		5.78744e+06		1100.83		
00:00:11:199		1.45146e+07		-1.0097		1.75091		18.096		5.79937e+06		1103.06		
00:00:11:099		1.45233e+07		-0.993446		1.81802		18.096		5.81126e+06		1105.26		
00:00:11:000		1.45312e+07		-0.977099		1.88208		18.1405		5.82313e+06		1107.45		
00:00:10:900		1.45383e+07		-0.960787		1.94664		18.185		5.83505e+06		1109.66		
00:00:10:800		1.45457e+07		-0.944616		2.00804		22.9577		5.84701e+06		1111.89		
00:00:10:699		1.45534e+07		-0.928603		2.0721		29.0624		5.85897e+06		1114.12		
00:00:10:699		1.45534e+07		-0.928603		2.0721		29.0624		5.85897e+06		1114.12		
00:00:10:599		1.45616e+07		-0.912767		2.13786		33.3683		5.87092e+06		1116.34		
00:00:10:500		1.45706e+07		-0.897125		2.19943		36.552		5.88286e+06		1118.55		
00:00:10:300		1.45908e+07		-0.866223		2.30435		40.84		5.90672e+06		1122.95		
00:00:10:199		1.46012e+07		-0.850802		2.34758		42.3297		5.91867e+06		1125.15		
00:00:10:099		1.46116e+07		-0.835384		2.38844		43.5043		5.93066e+06		1127.37		
00:00:10:000		1.4622e+07		-0.81996		2.42729		44.5088		5.94267e+06		1129.58		
00:00:09:900		1.46324e+07		-0.804538		2.4639		45.3535		5.95469e+06		1131.8		
00:00:09:800		1.46428e+07		-0.789112		2.49859		46.0465		5.96673e+06		1134.02		
00:00:09:699		1.46532e+07		-0.773696		2.53187		46.6524		5.97878e+06		1136.25		
00:00:09:599		1.46636e+07		-0.758292		2.56427		47.1935		5.99085e+06		1138.49		
00:00:09:500		1.4674e+07		-0.742902		2.59331		47.6908		6.00295e+06		1140.73		
00:00:09:250		1.46999e+07		-0.704506		2.65973		52.4408		6.03325e+06		1146.38		
00:00:09:250		1.46999e+07		-0.704506		2.65973		52.4408		6.03325e+06		1146.38		
00:00:09:150		1.47102e+07		-0.689187		2.68373		30.8318		6.04536e+06		1148.63		
00:00:09:150		1.47102e+07		-0.689187		2.68373		30.8318		6.04536e+06		1148.63		
00:00:09:050		1.47205e+07		-0.673911		2.70655		49.1549		6.05743e+06		1150.87		
00:00:08:949		1.47308e+07		-0.658668		2.72814		49.395		6.06949e+06		1153.1		
00:00:08:849		1.4741e+07		-0.64346		2.74872		49.6157		6.08155e+06		1155.33		
00:00:08:750		1.47513e+07		-0.628294		2.76849		49.8172		6.09359e+06		1157.55		
00:00:08:550		1.47717e+07		-0.5981		2.80497		50.1453		6.11766e+06		1161.94		
00:00:08:550		1.47717e+07		-0.5981		2.80497		50.1453		6.11766e+06		1161.94		
00:00:08:449		1.47818e+07		-0.583087		2.82151		50.2904		6.12969e+06		1164.11		
00:00:08:250		1.48021e+07		-0.553235		2.85131		50.4714		6.15386e+06		1168.38		
00:00:08:250		1.48021e+07		-0.553235		2.85131		50.4714		6.15386e+06		1168.38		
00:00:08:150		1.48122e+07		-0.538398		2.86536		50.5075		6.16607e+06		1170.48		
00:00:08:050		1.48223e+07		-0.523627		2.87875		50.5255		6.17843e+06		1172.58		
00:00:07:950		1.48323e+07		-0.508932		2.89149		50.5255		6.19103e+06		1174.71		
00:00:07:849		1.48424e+07		-0.494314		2.9035		50.4894		6.20392e+06		1176.89		
00:00:07:750		1.48524e+07		-0.479781		2.91499		50.4172		6.21712e+06		1179.12		
00:00:07:650		1.48624e+07		-0.465333		2.92692		50.3448		6.23069e+06		1181.44		
00:00:07:549		1.48723e+07		-0.450979		2.9379		50.1997		6.24465e+06		1183.9		
00:00:07:400		1.48873e+07		-0.429624		2.9522		49.4318		6.26619e+06		1187.76		
00:00:07:299		1.48973e+07		-0.415504		2.96061		48.8951		6.28076e+06		1190.41		
00:00:07:250		1.49023e+07		-0.408477		2.96461		48.5779		6.28811e+06		1191.75		
00:00:07:099		1.49172e+07		-0.387557		2.97607		47.481		6.3103e+06		1195.81		
00:00:07:000		1.49272e+07		-0.373742		2.98353		46.6718		6.32516e+06		1198.53		
00:00:06:900		1.49372e+07		-0.360037		2.99053		45.8495		6.34005e+06		1201.25		
00:00:06:799		1.49471e+07		-0.346465		2.99736		44.9732		6.35498e+06		1203.97		
00:00:06:700		1.49571e+07		-0.333014		3.00369		44.0809		6.36992e+06		1206.68		
00:00:06:599		1.49671e+07		-0.319682		3.0095		43.1508		6.38487e+06		1209.38		
00:00:06:500		1.49772e+07		-0.30645		3.01483		42.1594		6.39988e+06		1212.08		
00:00:06:400		1.49873e+07		-0.293329		3.01823		41.1026		6.41496e+06		1214.79		
00:00:06:299		1.49975e+07		-0.280328		3.02171		39.998		6.43011e+06		1217.53		
00:00:06:200		1.50078e+07		-0.267465		3.02624		38.7959		6.44532e+06		1220.26		
00:00:06:099		1.50182e+07		-0.254719		3.03099		37.5116		6.46059e+06		1222.99		
00:00:06:000		1.50288e+07		-0.242086		3.03408		35.9405		6.47594e+06		1225.72		
00:00:05:900		1.50394e+07		-0.229563		3.03551		33.9175		6.49134e+06		1228.4		
00:00:05:799		1.50502e+07		-0.217124		3.03716		31.8075		6.50678e+06		1230.97		
00:00:05:700		1.50612e+07		-0.204761		3.03762		31.8075		6.52236e+06		1233.52		
00:00:05:599		1.50722e+07		-0.192449		3.03716		30.7752		6.53839e+06		1236.27		
00:00:05:500		1.50829e+07		-0.180066		3.0371		28.9729		6.55486e+06		1239.09		
00:00:05:400		1.50922e+07		-0.167634		3.03615		27.0977		6.57141e+06		1241.82		
00:00:05:299		1.51008e+07		-0.155359		3.0341		25.1692		6.58798e+06		1244.27		
00:00:05:200		1.51095e+07		-0.143269		3.0311		23.2846		6.60448e+06		1246.01		
00:00:05:099		1.51184e+07		-0.13135		3.02671		21.415		6.62077e+06		1245.91		
00:00:05:000		1.51275e+07		-0.119614		3.02151		19.6474		6.63661e+06		1241.15		
00:00:05:000		1.51275e+07		-0.119614		3.02151		19.6474		6.63661e+06		1241.15		
00:00:04:900		1.51367e+07		-0.10807		3.01666		18.096		6.65168e+06		1224.85		
00:00:04:750		1.51509e+07		-0.0910883		3.00652		15.938		6.67227e+06		1150.36		
00:00:04:650		1.51607e+07		-0.0799704		2.99758		14.8184		6.68468e+06		1102.22		
00:00:04:549		1.51705e+07		-0.0689907		2.98742		13.6834		6.69611e+06		1057.25		
00:00:04:500		1.51755e+07		-0.0635481		2.9822		13.2884		6.70149e+06		1036.22		
00:00:04:400		1.51853e+07		-0.052774		2.97275		12.47		6.71163e+06		997.284		
00:00:04:150		1.521e+07		-0.0265341		2.94571		10.6964		6.73386e+06		917.783		
00:00:04:049		1.52197e+07		-0.0163069		2.93172		10.6964		6.74171e+06		892.411		
00:00:04:049		1.52197e+07		-0.0163069		2.93172		10.6964		6.74171e+06		892.411		
00:00:03:950		1.52295e+07		-0.00623369		2.91759		16.9509		6.74908e+06		870.168		
00:00:03:850		1.52391e+07		0.00368071		2.90575		29.1813		6.75601e+06		850.679		
00:00:03:750		1.52488e+07		0.0134339		2.89495		39.0938		6.76256e+06		833.598		
00:00:03:649		1.52584e+07		0.0230169		2.8798		47.9377		6.76877e+06		818.57		
00:00:03:549		1.5268e+07		0.0324059		2.85871		56.17		6.77466e+06		805.286		
00:00:03:450		1.52776e+07		0.0415587		2.83791		63.9989		6.78028e+06		793.44		
00:00:03:250		1.52963e+07		0.0591731		2.81776		78.8759		6.7907e+06		772.779		
00:00:03:250		1.52963e+07		0.0591731		2.81776		78.8759		6.7907e+06		772.779		
00:00:03:149		1.53057e+07		0.0676765		2.80391		85.9329		6.7955e+06		763.259		
00:00:03:049		1.53151e+07		0.0759883		2.77186		92.7292		6.80002e+06		753.673		
00:00:03:000		1.53199e+07		0.0800624		2.75385		96.0279		6.80216e+06		748.664		
00:00:02:850		1.53345e+07		0.0918322		2.72473		105.669		6.80811e+06		731.102		
00:00:02:750		1.5344e+07		0.0991564		2.74153		111.996		6.81166e+06		718.357		
00:00:02:649		1.53528e+07		0.105969		2.73964		117.947		6.8149e+06		706.248		
00:00:02:549		1.53604e+07		0.112361		2.67586		123.581		6.81788e+06		694.855		
00:00:02:450		1.53675e+07		0.118323		2.59541		129.479		6.82063e+06		684.314		
00:00:02:250		1.53835e+07		0.130274		2.69635		141.192		6.82582e+06		667.256		
00:00:02:250		1.53835e+07		0.130274		2.69635		141.192		6.82582e+06		667.256		
00:00:02:149		1.53924e+07		0.135983		2.76971		149.032		6.82852e+06		662.246		
00:00:02:049		1.54011e+07		0.141442		2.8044		162.212		6.83154e+06		661.275		
00:00:01:949		1.541e+07		0.146679		2.83151		187.691		6.8351e+06		667.058		
00:00:01:850		1.54189e+07		0.151688		2.85153		229.761		6.83952e+06		684.024		
00:00:01:750		1.54282e+07		0.156412		2.86468		277.673		6.84513e+06		718.629		
00:00:01:649		1.54378e+07		0.160732		2.87203		324.537		6.85218e+06		780.038		
00:00:01:550		1.54476e+07		0.164487		2.87573		367.485		6.86056e+06		869.932		
00:00:01:449		1.5457e+07		0.167536		2.87835		405.3		6.86972e+06		902.446		
00:00:01:300		1.54682e+07		0.170664		2.87833		450.862		6.8843e+06		942.564		
00:00:01:199		1.54732e+07		0.171854		2.87327		477.279		6.89412e+06		950.877		
00:00:01:100		1.54763e+07		0.172493		2.8656		497.855		6.90367e+06		943.268		
00:00:01:000		1.54779e+07		0.172768		2.85529		512.669		6.91268e+06		934.675		
00:00:00:900		1.54785e+07		0.172849		2.84541		520.682		6.92097e+06		925.793		
00:00:00:800		1.54786e+07		0.172856		2.83837		525.039		6.93018e+06		919.137		
00:00:00:699		1.54786e+07		0.172849		2.83637		528.286		6.93955e+06		908.682		
00:00:00:599		1.54786e+07		0.172843		2.83558		529.939		6.94819e+06		892.427		
00:00:00:500		1.54786e+07		0.17284		2.83552		530.254		6.95561e+06		867.075		
00:00:00:400		1.54786e+07		0.17284		2.83564		530.214		6.96118e+06		827.116		
00:00:00:299		1.54786e+07		0.17284		2.83568		530.216		6.96431e+06		762.698		
00:00:00:200		1.54785e+07		0.17284		2.83572		530.219		6.96484e+06		526.826		
00:00:00:100		1.54785e+07		0.17284		2.83572		530.221		6.96484e+06		526.821		
00:00:00:000		1.54785e+07		0.17284		2.83571		530.225		6.96483e+06		526.826		
00:00:00:000		1.54785e+07		0.17284		2.83571		530.225		6.96483e+06		526.826		
00:00:00:000		1.54785e+07		0.17284		2.83571		530.225		6.96483e+06		526.826		
00:00:00:000		1.54785e+07		0.17284		2.83571		530.225		6.96483e+06		526.826		
00:00:00:000		1.54785e+07		0.17284		2.83571		530.225		6.96483e+06		526.826		
00:00:00:000		1.54785e+07		0.17284		2.83571		530.225		6.96483e+06		526.826		
