	time 		gpv001pnt10113ppntm	evf507ety101mpzoyout	chtcon(1)	chavg(1)	chlhsumpa	rcptavgn	
00:01:08:500		1.58079e+06		332.402		134.043		0		3		259.671		
00:01:08:400		1.5808e+06		332.402		134.029		0		3		259.709		
00:01:08:299		1.58081e+06		332.402		134.029		0		3		259.743		
00:01:08:200		1.58082e+06		332.039		134.016		0		3		259.768		
00:01:08:099		1.58083e+06		332.039		134.016		0		3		259.784		
00:01:08:000		1.58084e+06		331.671		134.016		0		3		259.805		
00:01:07:900		1.58085e+06		331.671		134.002		0		3		259.839		
00:01:07:799		1.58086e+06		331.671		134.002		0		3		259.883		
00:01:07:700		1.58086e+06		331.303		133.988		0		3		259.93		
00:01:07:599		1.58087e+06		331.303		133.988		0		3		259.979		
00:01:07:500		1.58088e+06		330.933		133.988		0		3		260.027		
00:01:07:349		1.5809e+06		330.933		133.974		0		3		260.093		
00:01:07:250		1.58091e+06		330.561		133.974		0		3		260.136		
00:01:07:150		1.58091e+06		330.561		133.959		0		3		260.178		
00:01:07:049		1.58092e+06		330.561		133.959		0		3		260.224		
00:01:06:950		1.58093e+06		330.185		133.944		0		3		260.27		
00:01:06:950		1.58093e+06		330.185		133.944		0		3		260.27		
00:01:06:849		1.58094e+06		330.185		133.944		0		3		260.319		
00:01:06:700		1.58095e+06		329.808		133.929		0		3		260.397		
00:01:06:450		1.58098e+06		329.43		133.914		0		3		260.502		
00:01:06:450		1.58098e+06		329.43		133.914		0		3		260.502		
00:01:06:349		1.58099e+06		329.43		133.914		0		3		260.542		
00:01:06:250		1.581e+06		329.049		133.914		0		3		260.584		
00:01:06:150		1.581e+06		329.049		133.899		0		3		260.628		
00:01:06:049		1.58101e+06		329.049		133.899		0		3		260.673		
00:01:06:049		1.58101e+06		329.049		133.899		0		3		260.673		
00:01:05:950		1.58102e+06		328.665		133.883		0		3		260.717		
00:01:05:849		1.58103e+06		328.665		133.883		0		3		260.76		
00:01:05:750		1.58104e+06		328.28		133.883		0		3		260.804		
00:01:05:650		1.58105e+06		328.28		133.867		0		3		260.85		
00:01:05:450		1.58107e+06		327.893		133.851		0		3		260.948		
00:01:05:349		1.58108e+06		327.893		133.851		0		3		260.999		
00:01:05:349		1.58108e+06		327.893		133.851		0		3		260.999		
00:01:05:250		1.58109e+06		327.504		133.851		0		3		261.044		
00:01:05:150		1.58109e+06		327.504		133.834		0		3		261.083		
00:01:05:049		1.5811e+06		327.504		133.834		0		3		261.12		
00:01:04:950		1.58111e+06		327.112		133.817		0		3		261.163		
00:01:04:849		1.58112e+06		327.112		133.817		0		3		261.207		
00:01:04:750		1.58113e+06		326.717		133.817		0		3		261.252		
00:01:04:650		1.58114e+06		326.717		133.8		0		3		261.295		
00:01:04:400		1.58116e+06		326.322		133.782		0		3		261.405		
00:01:04:400		1.58116e+06		326.322		133.782		0		3		261.405		
00:01:04:299		1.58117e+06		326.322		133.782		0		3		261.451		
00:01:04:200		1.58118e+06		325.923		133.764		0		3		261.499		
00:01:04:099		1.58119e+06		325.923		133.764		0		3		261.549		
00:01:04:049		1.58119e+06		325.923		133.764		0		3		261.574		
00:01:03:950		1.5812e+06		325.523		133.746		0		3		261.618		
00:01:03:799		1.58122e+06		325.523		133.746		0		3		261.674		
00:01:03:700		1.58122e+06		325.12		133.727		0		3		261.718		
00:01:03:600		1.58123e+06		325.12		133.727		0		3		261.763		
00:01:03:500		1.58124e+06		324.714		133.727		0		3		261.806		
00:01:03:399		1.58125e+06		324.714		133.708		0		3		261.85		
00:01:03:299		1.58126e+06		324.714		133.708		0		3		261.894		
00:01:03:200		1.58127e+06		324.306		133.689		0		3		261.939		
00:01:03:100		1.58128e+06		324.306		133.689		0		3		261.985		
00:01:03:000		1.58129e+06		323.896		133.689		0		3		262.033		
00:01:02:899		1.5813e+06		323.896		133.669		0		3		262.083		
00:01:02:799		1.58131e+06		323.896		133.669		0		3		262.133		
00:01:02:700		1.58131e+06		323.483		133.649		0		3		262.175		
00:01:02:600		1.58132e+06		323.483		133.649		0		3		262.214		
00:01:02:500		1.58133e+06		323.066		133.649		0		3		262.259		
00:01:02:399		1.58134e+06		323.066		133.628		0		3		262.304		
00:01:02:299		1.58135e+06		323.066		133.628		0		3		262.348		
00:01:02:200		1.58136e+06		322.651		133.607		0		3		262.393		
00:01:02:100		1.58137e+06		322.651		133.607		0		3		262.439		
00:01:02:000		1.58138e+06		322.233		133.607		0		3		262.486		
00:01:01:899		1.58139e+06		322.233		133.586		0		3		262.534		
00:01:01:799		1.5814e+06		322.233		133.586		0		3		262.584		
00:01:01:700		1.5814e+06		321.811		133.564		0		3		262.635		
00:01:01:600		1.58141e+06		321.811		133.564		0		3		262.683		
00:01:01:450		1.58143e+06		321.386		133.542		0		3		262.746		
00:01:01:350		1.58144e+06		321.386		133.542		0		3		262.792		
00:01:01:250		1.58145e+06		320.959		133.542		0		3		262.837		
00:01:01:149		1.58145e+06		320.959		133.519		0		3		262.885		
00:01:01:049		1.58146e+06		320.959		133.519		0		3		262.933		
00:01:01:049		1.58146e+06		320.959		133.519		0		3		262.933		
00:01:00:950		1.58147e+06		320.53		133.496		0		3		262.982		
00:01:00:750		1.58149e+06		320.098		133.496		0		3		263.083		
00:01:00:649		1.5815e+06		320.098		133.473		0		3		263.138		
00:01:00:649		1.5815e+06		320.098		133.473		0		3		263.138		
00:01:00:549		1.58151e+06		320.098		133.473		0		3		263.192		
00:01:00:350		1.58153e+06		319.664		133.449		0		3		263.286		
00:01:00:299		1.58153e+06		319.664		133.449		0		3		263.311		
00:01:00:149		1.58154e+06		319.228		133.425		0		3		263.387		
00:01:00:049		1.58155e+06		319.228		133.425		0		3		263.44		
00:01:00:000		1.58156e+06		318.788		133.425		0		3		263.467		
00:00:59:899		1.58157e+06		318.788		133.401		0		3		263.524		
00:00:59:899		1.58157e+06		318.788		133.401		0		3		263.524		
00:00:59:799		1.58158e+06		318.788		133.401		0		3		263.577		
00:00:59:700		1.58158e+06		318.348		133.376		0		3		263.625		
00:00:59:500		1.5816e+06		317.903		133.376		0		3		263.735		
00:00:59:399		1.58161e+06		317.903		133.351		0		3		263.788		
00:00:59:399		1.58161e+06		317.903		133.351		0		3		263.788		
00:00:59:200		1.58163e+06		317.457		133.326		0		3		263.883		
00:00:59:200		1.58163e+06		317.457		133.326		0		3		263.883		
00:00:59:100		1.58164e+06		317.457		133.326		0		3		263.933		
00:00:59:000		1.58165e+06		317.009		133.326		0		3		263.985		
00:00:58:899		1.58166e+06		317.009		133.301		0		3		264.04		
00:00:58:750		1.58167e+06		316.557		133.301		0		3		264.122		
00:00:58:649		1.58168e+06		316.557		133.274		0		3		264.174		
00:00:58:450		1.5817e+06		316.105		133.248		0		3		264.28		
00:00:58:350		1.58171e+06		316.105		133.248		0		3		264.335		
00:00:58:350		1.58171e+06		316.105		133.248		0		3		264.335		
00:00:58:250		1.58172e+06		315.648		133.248		0		3		264.386		
00:00:58:149		1.58172e+06		315.648		133.221		0		3		264.435		
00:00:58:100		1.58173e+06		315.648		133.221		0		3		264.461		
00:00:58:000		1.58174e+06		315.19		133.221		0		3		264.513		
00:00:57:899		1.58175e+06		315.19		133.194		0		3		264.568		
00:00:57:799		1.58176e+06		315.19		133.194		0		3		264.624		
00:00:57:700		1.58176e+06		314.73		133.166		0		3		264.682		
00:00:57:450		1.58179e+06		314.267		133.138		0		3		264.82		
00:00:57:450		1.58179e+06		314.267		133.138		0		3		264.82		
00:00:57:350		1.5818e+06		314.267		133.138		0		3		264.871		
00:00:57:250		1.58181e+06		313.802		133.138		0		3		264.925		
00:00:57:149		1.58181e+06		313.802		133.11		0		3		264.979		
00:00:57:049		1.58182e+06		313.802		133.11		0		3		265.032		
00:00:56:950		1.58183e+06		313.336		133.081		0		3		265.086		
00:00:56:850		1.58184e+06		313.336		133.081		0		3		265.141		
00:00:56:750		1.58185e+06		312.866		133.081		0		3		265.199		
00:00:56:649		1.58186e+06		312.866		133.052		0		3		265.257		
00:00:56:549		1.58187e+06		312.866		133.052		0		3		265.316		
00:00:56:450		1.58188e+06		312.395		133.023		0		3		265.375		
00:00:56:350		1.58189e+06		312.395		133.023		0		3		265.43		
00:00:56:250		1.5819e+06		311.921		133.023		0		3		265.482		
00:00:56:100		1.58191e+06		311.921		132.995		0		3		265.564		
00:00:56:000		1.58192e+06		311.445		132.995		0		3		265.619		
00:00:55:899		1.58193e+06		311.445		132.966		0		3		265.674		
00:00:55:799		1.58194e+06		311.445		132.966		0		3		265.731		
00:00:55:700		1.58194e+06		310.969		132.937		0		3		265.789		
00:00:55:700		1.58194e+06		310.969		132.937		0		3		265.789		
00:00:55:500		1.58196e+06		310.49		132.937		0		3		265.909		
00:00:55:399		1.58197e+06		310.49		132.909		0		3		265.969		
00:00:55:399		1.58197e+06		310.49		132.909		0		3		265.969		
00:00:55:299		1.58198e+06		310.49		132.909		0		3		266.027		
00:00:55:149		1.58199e+06		310.008		132.881		0		3		266.11		
00:00:55:049		1.582e+06		310.008		132.881		0		3		266.165		
00:00:54:950		1.58201e+06		309.524		132.853		0		3		266.222		
00:00:54:850		1.58202e+06		309.524		132.853		0		3		266.279		
00:00:54:750		1.58203e+06		309.039		132.853		0		3		266.338		
00:00:54:600		1.58204e+06		309.039		132.825		0		3		266.429		
00:00:54:500		1.58205e+06		308.551		132.825		0		3		266.49		
00:00:54:399		1.58206e+06		308.551		132.797		0		3		266.552		
00:00:54:299		1.58207e+06		308.551		132.797		0		3		266.613		
00:00:54:200		1.58208e+06		308.061		132.769		0		3		266.671		
00:00:54:200		1.58208e+06		308.061		132.769		0		3		266.671		
00:00:54:000		1.5821e+06		307.568		132.769		0		3		266.785		
00:00:54:000		1.5821e+06		307.568		132.769		0		3		266.785		
00:00:53:899		1.58211e+06		307.568		132.742		0		3		266.844		
00:00:53:799		1.58212e+06		307.568		132.742		0		3		266.904		
00:00:53:700		1.58212e+06		307.074		132.715		0		3		266.964		
00:00:53:500		1.58214e+06		306.578		132.715		0		3		267.088		
00:00:53:399		1.58215e+06		306.578		132.688		0		3		267.15		
00:00:53:299		1.58216e+06		306.578		132.688		0		3		267.212		
00:00:53:299		1.58216e+06		306.578		132.688		0		3		267.212		
00:00:53:149		1.58217e+06		306.081		132.661		0		3		267.301		
00:00:53:049		1.58218e+06		306.081		132.661		0		3		267.359		
00:00:52:950		1.58219e+06		305.579		132.635		0		3		267.419		
00:00:52:850		1.5822e+06		305.579		132.635		0		3		267.479		
00:00:52:750		1.58221e+06		305.075		132.635		0		3		267.541		
00:00:52:649		1.58222e+06		305.075		132.609		0		3		267.604		
00:00:52:500		1.58223e+06		304.572		132.609		0		3		267.698		
00:00:52:399		1.58224e+06		304.572		132.583		0		3		267.76		
00:00:52:399		1.58224e+06		304.572		132.583		0		3		267.76		
00:00:52:299		1.58225e+06		304.572		132.583		0		3		267.821		
00:00:52:200		1.58226e+06		304.065		132.558		0		3		267.882		
00:00:52:100		1.58227e+06		304.065		132.558		0		3		267.943		
00:00:52:000		1.58228e+06		303.556		132.558		0		3		268.003		
00:00:51:899		1.58229e+06		303.556		132.533		0		3		268.064		
00:00:51:750		1.5823e+06		303.044		132.533		0		3		268.158		
00:00:51:649		1.58231e+06		303.044		132.509		0		3		268.221		
00:00:51:549		1.58232e+06		303.044		132.509		0		3		268.284		
00:00:51:450		1.58233e+06		302.532		132.485		0		3		268.346		
00:00:51:350		1.58234e+06		302.532		132.485		0		3		268.407		
00:00:51:250		1.58235e+06		302.016		132.485		0		3		268.468		
00:00:51:149		1.58235e+06		302.016		132.461		0		3		268.53		
00:00:51:049		1.58236e+06		302.016		132.461		0		3		268.591		
00:00:50:950		1.58237e+06		301.497		132.438		0		3		268.653		
00:00:50:850		1.58238e+06		301.497		132.438		0		3		268.715		
00:00:50:750		1.58239e+06		300.977		132.438		0		3		268.777		
00:00:50:649		1.5824e+06		300.977		132.416		0		3		268.84		
00:00:50:549		1.58241e+06		300.977		132.416		0		3		268.904		
00:00:50:450		1.58242e+06		300.454		132.394		0		3		268.965		
00:00:50:299		1.58243e+06		300.454		132.394		0		3		269.057		
00:00:50:200		1.58244e+06		299.93		132.373		0		3		269.119		
00:00:50:100		1.58245e+06		299.93		132.373		0		3		269.18		
00:00:50:000		1.58246e+06		299.403		132.373		0		3		269.243		
00:00:49:899		1.58247e+06		299.403		132.352		0		3		269.304		
00:00:49:899		1.58247e+06		299.403		132.352		0		3		269.304		
00:00:49:700		1.58248e+06		298.876		132.332		0		3		269.429		
00:00:49:700		1.58248e+06		298.876		132.332		0		3		269.429		
00:00:49:549		1.5825e+06		298.876		132.332		0		3		269.524		
00:00:49:450		1.58251e+06		298.346		132.314		0		3		269.586		
00:00:49:350		1.58252e+06		298.346		132.314		0		3		269.647		
00:00:49:250		1.58253e+06		297.811		132.314		0		3		269.708		
00:00:49:149		1.58253e+06		297.811		132.295		0		3		269.77		
00:00:49:000		1.58255e+06		297.276		132.295		0		3		269.864		
00:00:48:950		1.58255e+06		297.276		132.278		0		3		269.895		
00:00:48:799		1.58257e+06		297.276		132.278		0		3		269.987		
00:00:48:700		1.58257e+06		296.739		132.262		0		3		270.05		
00:00:48:500		1.58259e+06		296.198		132.262		0		3		270.174		
00:00:48:500		1.58259e+06		296.198		132.262		0		3		270.174		
00:00:48:399		1.5826e+06		296.198		132.246		0		3		270.236		
00:00:48:399		1.5826e+06		296.198		132.246		0		3		270.236		
00:00:48:299		1.58261e+06		296.198		132.246		0		3		270.296		
00:00:48:200		1.58262e+06		295.658		132.231		0		3		270.357		
00:00:48:100		1.58263e+06		295.658		132.231		0		3		270.418		
00:00:48:000		1.58264e+06		295.114		132.231		0		3		270.479		
00:00:47:899		1.58265e+06		295.114		132.218		0		3		270.54		
00:00:47:799		1.58266e+06		295.114		132.218		0		3		270.6		
00:00:47:700		1.58266e+06		294.567		132.205		0		3		270.661		
00:00:47:500		1.58268e+06		294.019		132.205		0		3		270.782		
00:00:47:350		1.5827e+06		294.019		132.194		0		3		270.871		
00:00:47:350		1.5827e+06		294.019		132.194		0		3		270.871		
00:00:47:250		1.58271e+06		293.468		132.194		0		3		270.93		
00:00:47:149		1.58271e+06		293.468		132.183		0		3		270.989		
00:00:47:049		1.58272e+06		293.468		132.183		0		3		271.048		
00:00:46:950		1.58273e+06		292.916		132.174		0		3		271.108		
00:00:46:850		1.58274e+06		292.916		132.174		0		3		271.168		
00:00:46:750		1.58275e+06		292.36		132.174		0		3		271.228		
00:00:46:649		1.58276e+06		292.36		132.166		0		3		271.287		
00:00:46:549		1.58277e+06		292.36		132.166		0		3		271.347		
00:00:46:450		1.58278e+06		291.803		132.159		0		3		271.405		
00:00:46:350		1.58279e+06		291.803		132.159		0		3		271.464		
00:00:46:250		1.5828e+06		291.245		132.159		0		3		271.521		
00:00:46:149		1.5828e+06		291.245		132.154		0		3		271.58		
00:00:46:049		1.58281e+06		291.245		132.154		0		3		271.638		
00:00:45:950		1.58282e+06		290.685		132.15		0		3		271.696		
00:00:45:850		1.58283e+06		290.685		132.15		0		3		271.755		
00:00:45:750		1.58284e+06		290.12		132.15		0		3		271.814		
00:00:45:649		1.58285e+06		290.12		132.147		0		3		271.874		
00:00:45:549		1.58286e+06		290.12		132.147		0		3		271.934		
00:00:45:450		1.58287e+06		289.553		132.146		0		3		271.995		
00:00:45:350		1.58288e+06		289.553		132.146		0		3		272.054		
00:00:45:250		1.58289e+06		288.985		132.146		0		3		272.112		
00:00:45:149		1.58289e+06		288.985		132.147		0		3		272.169		
00:00:45:049		1.5829e+06		288.985		132.147		0		3		272.23		
00:00:44:950		1.58291e+06		288.413		132.149		0		3		272.293		
00:00:44:850		1.58292e+06		288.413		132.149		0		3		272.357		
00:00:44:750		1.58293e+06		287.838		132.149		0		3		272.421		
00:00:44:600		1.58294e+06		287.838		132.153		0		3		272.509		
00:00:44:500		1.58295e+06		287.261		132.153		0		3		272.564		
00:00:44:399		1.58296e+06		287.261		132.158		0		3		272.617		
00:00:44:299		1.58297e+06		287.261		132.158		0		3		272.672		
00:00:44:200		1.58298e+06		286.679		132.165		0		3		272.725		
00:00:44:200		1.58298e+06		286.679		132.165		0		3		272.725		
00:00:44:100		1.58299e+06		286.679		132.165		0		3		272.78		
00:00:44:000		1.583e+06		286.097		132.165		0		3		272.837		
00:00:43:899		1.58301e+06		286.097		132.174		0		3		272.896		
00:00:43:799		1.58302e+06		286.097		132.174		0		3		272.957		
00:00:43:700		1.58302e+06		285.512		132.185		0		3		273.018		
00:00:43:600		1.58303e+06		285.512		132.185		0		3		273.082		
00:00:43:399		1.58305e+06		284.924		132.198		0		3		273.205		
00:00:43:399		1.58305e+06		284.924		132.198		0		3		273.205		
00:00:43:299		1.58306e+06		284.924		132.198		0		3		273.262		
00:00:43:100		1.58308e+06		284.333		132.213		0		3		273.371		
00:00:43:000		1.58309e+06		283.738		132.213		0		3		273.428		
00:00:42:899		1.5831e+06		283.738		132.229		0		3		273.489		
00:00:42:799		1.5831e+06		283.738		132.229		0		3		273.489		
00:00:42:799		1.58311e+06		283.738		132.229		0		3		273.552		
00:00:42:600		1.58312e+06		283.142		132.248		0		3		273.683		
00:00:42:600		1.58312e+06		283.142		132.248		0		3		273.683		
00:00:42:399		1.58314e+06		282.542		132.269		0		3		273.804		
00:00:42:399		1.58314e+06		282.542		132.269		0		3		273.804		
00:00:42:299		1.58315e+06		282.542		132.269		0		3		273.865		
00:00:42:200		1.58316e+06		281.939		132.293		0		3		273.922		
00:00:42:100		1.58317e+06		281.939		132.293		0		3		273.978		
00:00:41:950		1.58318e+06		281.336		132.319		0		3		274.065		
00:00:41:850		1.58319e+06		281.336		132.319		0		3		274.126		
00:00:41:750		1.5832e+06		280.729		132.319		0		3		274.19		
00:00:41:649		1.58321e+06		280.729		132.346		0		3		274.254		
00:00:41:450		1.58323e+06		280.119		132.375		0		3		274.385		
00:00:41:350		1.58324e+06		280.119		132.375		0		3		274.449		
00:00:41:350		1.58324e+06		280.119		132.375		0		3		274.449		
00:00:41:250		1.58325e+06		279.505		132.375		0		3		274.508		
00:00:41:149		1.58325e+06		279.505		132.405		0		3		274.567		
00:00:41:049		1.58326e+06		279.505		132.405		0		3		274.624		
00:00:40:950		1.58327e+06		278.889		132.437		0		3		274.682		
00:00:40:850		1.58328e+06		278.889		132.437		0		3		274.742		
00:00:40:750		1.58329e+06		278.269		132.437		0		3		274.805		
00:00:40:649		1.5833e+06		278.269		132.47		0		3		274.869		
00:00:40:450		1.58332e+06		277.647		132.504		0		3		274.986		
00:00:40:350		1.58333e+06		277.647		132.504		0		3		275.039		
00:00:40:350		1.58333e+06		277.647		132.504		0		3		275.039		
00:00:40:250		1.58334e+06		277.022		132.504		0		3		275.094		
00:00:40:149		1.58334e+06		277.022		132.54		0		3		275.149		
00:00:40:049		1.58335e+06		277.022		132.54		0		3		275.206		
00:00:39:950		1.58336e+06		276.393		132.577		0		3		275.264		
00:00:39:850		1.58337e+06		276.393		132.577		0		3		275.324		
00:00:39:750		1.58338e+06		275.763		132.577		0		3		275.383		
00:00:39:649		1.58339e+06		275.763		132.616		0		3		275.441		
00:00:39:549		1.5834e+06		275.763		132.616		0		3		275.499		
00:00:39:450		1.58341e+06		275.129		132.657		0		2.99131		275.558		
00:00:39:350		1.58342e+06		275.129		132.657		0		2.99131		275.618		
00:00:39:250		1.58343e+06		274.49		132.657		0		2.99131		275.678		
00:00:39:100		1.58344e+06		274.49		132.699		0		2.97513		275.769		
00:00:39:000		1.58345e+06		273.85		132.699		0		2.97513		275.83		
00:00:38:899		1.58346e+06		273.85		132.742		0		2.95894		275.892		
00:00:38:799		1.58347e+06		273.85		132.742		0		2.95894		275.955		
00:00:38:799		1.58347e+06		273.85		132.742		0		2.95894		275.955		
00:00:38:600		1.58348e+06		273.207		132.787		0		2.94271		276.068		
00:00:38:600		1.58348e+06		273.207		132.787		0		2.94271		276.068		
00:00:38:399		1.5835e+06		272.561		132.832		0		2.92642		276.176		
00:00:38:399		1.5835e+06		272.561		132.832		0		2.92642		276.176		
00:00:38:299		1.58351e+06		272.561		132.832		0		2.92642		276.232		
00:00:38:200		1.58352e+06		271.91		132.877		0		2.91008		276.29		
00:00:38:000		1.58354e+06		271.258		132.877		0		2.91008		276.415		
00:00:38:000		1.58354e+06		271.258		132.877		0		2.91008		276.415		
00:00:37:899		1.58355e+06		271.258		132.924		0		2.89373		276.478		
00:00:37:799		1.58356e+06		271.258		132.924		0		2.89373		276.539		
00:00:37:700		1.58356e+06		270.602		132.971		0		2.87733		276.597		
00:00:37:600		1.58357e+06		270.602		132.971		0		2.87733		276.648		
00:00:37:399		1.58359e+06		269.941		133.019		0		2.86086		276.759		
00:00:37:399		1.58359e+06		269.941		133.019		0		2.86086		276.759		
00:00:37:299		1.5836e+06		269.941		133.019		0		2.86086		276.818		
00:00:37:200		1.58361e+06		269.277		133.068		0		2.84435		276.879		
00:00:37:049		1.58362e+06		269.277		133.068		0		2.84435		276.974		
00:00:36:950		1.58363e+06		268.611		133.118		0		2.82783		277.037		
00:00:36:899		1.58364e+06		268.611		133.118		0		2.82783		277.068		
00:00:36:799		1.58365e+06		268.611		133.118		0		2.82783		277.126		
00:00:36:700		1.58365e+06		267.94		133.168		0		2.81125		277.178		
00:00:36:500		1.58367e+06		267.265		133.168		0		2.81125		277.29		
00:00:36:399		1.58368e+06		267.265		133.219		0		2.7946		277.349		
00:00:36:399		1.58368e+06		267.265		133.219		0		2.7946		277.349		
00:00:36:250		1.5837e+06		266.588		133.219		0		2.7946		277.444		
00:00:36:149		1.5837e+06		266.588		133.272		0		2.77794		277.508		
00:00:36:049		1.58371e+06		266.588		133.272		0		2.77794		277.57		
00:00:35:950		1.58372e+06		265.906		133.325		0		2.76123		277.63		
00:00:35:850		1.58373e+06		265.906		133.325		0		2.76123		277.684		
00:00:35:750		1.58374e+06		265.221		133.325		0		2.76123		277.738		
00:00:35:649		1.58375e+06		265.221		133.378		0		2.74446		277.795		
00:00:35:549		1.58376e+06		265.221		133.378		0		2.74446		277.854		
00:00:35:350		1.58378e+06		264.531		133.433		0		2.72765		277.98		
00:00:35:350		1.58378e+06		264.531		133.433		0		2.72765		277.98		
00:00:35:250		1.58379e+06		263.839		133.433		0		2.72765		278.043		
00:00:35:149		1.58379e+06		263.839		133.489		0		2.71081		278.105		
00:00:35:049		1.5838e+06		263.839		133.489		0		2.71081		278.163		
00:00:34:950		1.58381e+06		263.143		133.545		0		2.69391		278.216		
00:00:34:850		1.58382e+06		263.143		133.545		0		2.69391		278.272		
00:00:34:750		1.58383e+06		262.444		133.545		0		2.69391		278.33		
00:00:34:649		1.58384e+06		262.444		133.602		0		2.67696		278.392		
00:00:34:450		1.58386e+06		261.74		133.661		0		2.65999		278.519		
00:00:34:350		1.58387e+06		261.74		133.661		0		2.65999		278.581		
00:00:34:350		1.58387e+06		261.74		133.661		0		2.65999		278.581		
00:00:34:250		1.58388e+06		261.032		133.661		0		2.65999		278.641		
00:00:34:100		1.58389e+06		261.032		133.72		0		2.64296		278.723		
00:00:34:000		1.5839e+06		260.321		133.72		0		2.64296		278.781		
00:00:33:950		1.5839e+06		260.321		133.78		0		2.62587		278.81		
00:00:33:850		1.58391e+06		260.321		133.78		0		2.62587		278.872		
00:00:33:750		1.58392e+06		259.606		133.78		0		2.62587		278.936		
00:00:33:649		1.58393e+06		259.606		133.842		0		2.60876		278.999		
00:00:33:399		1.58395e+06		258.886		133.905		0		2.5916		279.15		
00:00:33:299		1.58396e+06		258.886		133.905		0		2.5916		279.204		
00:00:33:299		1.58396e+06		258.886		133.905		0		2.5916		279.204		
00:00:33:200		1.58397e+06		258.162		133.969		0		2.57436		279.262		
00:00:33:100		1.58398e+06		258.162		133.969		0		2.57436		279.323		
00:00:33:000		1.58399e+06		257.435		133.969		0		2.57436		279.386		
00:00:33:000		1.58399e+06		257.435		133.969		0		2.57436		279.386		
00:00:32:799		1.58401e+06		257.435		134.034		0		2.55711		279.511		
00:00:32:799		1.58401e+06		257.435		134.034		0		2.55711		279.511		
00:00:32:700		1.58401e+06		256.703		134.101		0		2.53981		279.572		
00:00:32:600		1.58402e+06		256.703		134.101		0		2.53981		279.629		
00:00:32:399		1.58404e+06		255.967		134.169		0		2.52243		279.742		
00:00:32:299		1.58405e+06		255.967		134.169		0		2.52243		279.805		
00:00:32:299		1.58405e+06		255.967		134.169		0		2.52243		279.805		
00:00:32:200		1.58406e+06		255.226		134.238		0		2.50504		279.868		
00:00:32:100		1.58407e+06		255.226		134.238		0		2.50504		279.931		
00:00:32:000		1.58408e+06		254.482		134.238		0		2.50504		279.993		
00:00:31:800		1.5841e+06		254.482		134.308		0		2.48759		280.107		
00:00:31:800		1.5841e+06		254.482		134.308		0		2.48759		280.107		
00:00:31:699		1.5841e+06		253.732		134.38		0		2.47007		280.165		
00:00:31:600		1.58411e+06		253.732		134.38		0		2.47007		280.226		
00:00:31:399		1.58413e+06		252.978		134.453		0		2.45252		280.352		
00:00:31:399		1.58413e+06		252.978		134.453		0		2.45252		280.352		
00:00:31:300		1.58414e+06		252.978		134.453		0		2.45252		280.414		
00:00:31:149		1.58415e+06		252.22		134.528		0		2.43492		280.505		
00:00:31:050		1.58416e+06		252.22		134.528		0		2.43492		280.561		
00:00:30:949		1.58417e+06		251.458		134.603		0		2.41725		280.618		
00:00:30:850		1.58418e+06		251.458		134.603		0		2.41725		280.679		
00:00:30:750		1.58419e+06		250.69		134.603		0		2.41725		280.743		
00:00:30:649		1.5842e+06		250.69		134.68		0		2.39955		280.806		
00:00:30:550		1.58421e+06		250.69		134.68		0		2.39955		280.868		
00:00:30:350		1.58423e+06		249.918		134.759		0		2.38179		280.988		
00:00:30:350		1.58423e+06		249.918		134.759		0		2.38179		280.988		
00:00:30:250		1.58424e+06		249.141		134.759		0		2.38179		281.044		
00:00:30:149		1.58424e+06		249.141		134.838		0		2.36396		281.104		
00:00:30:050		1.58425e+06		249.141		134.838		0		2.36396		281.169		
00:00:30:000		1.58426e+06		248.36		134.838		0		2.36396		281.201		
00:00:29:899		1.58427e+06		248.36		134.92		0		2.34611		281.264		
00:00:29:750		1.58428e+06		247.572		134.92		0		2.34611		281.359		
00:00:29:649		1.58429e+06		247.572		135.002		0		2.32819		281.419		
00:00:29:449		1.58431e+06		246.78		135.086		0		2.3102		281.535		
00:00:29:350		1.58432e+06		246.78		135.086		0		2.3102		281.599		
00:00:29:350		1.58432e+06		246.78		135.086		0		2.3102		281.599		
00:00:29:250		1.58433e+06		245.984		135.086		0		2.3102		281.664		
00:00:29:149		1.58433e+06		245.984		135.171		0		2.29218		281.728		
00:00:29:050		1.58434e+06		245.984		135.171		0		2.29218		281.791		
00:00:28:949		1.58435e+06		245.182		135.257		0		2.27408		281.853		
00:00:28:850		1.58436e+06		245.182		135.257		0		2.27408		281.913		
00:00:28:750		1.58437e+06		244.376		135.257		0		2.27408		281.971		
00:00:28:649		1.58438e+06		244.376		135.344		0		2.25593		282.035		
00:00:28:449		1.5844e+06		243.564		135.433		0		2.23774		282.164		
00:00:28:350		1.58441e+06		243.564		135.433		0		2.23774		282.228		
00:00:28:350		1.58441e+06		243.564		135.433		0		2.23774		282.228		
00:00:28:199		1.58442e+06		242.746		135.523		0		2.21947		282.321		
00:00:28:100		1.58443e+06		242.746		135.523		0		2.21947		282.379		
00:00:28:000		1.58444e+06		241.923		135.523		0		2.21947		282.438		
00:00:27:899		1.58445e+06		241.923		135.614		0		2.20114		282.5		
00:00:27:800		1.58446e+06		241.923		135.614		0		2.20114		282.563		
00:00:27:699		1.58446e+06		241.095		135.706		0		2.18275		282.626		
00:00:27:600		1.58446e+06		241.095		135.706		0		2.18275		282.626		
00:00:27:600		1.58447e+06		241.095		135.706		0		2.18275		282.688		
00:00:27:399		1.58449e+06		240.261		135.799		0		2.1643		282.812		
00:00:27:399		1.58449e+06		240.261		135.799		0		2.1643		282.812		
00:00:27:300		1.5845e+06		240.261		135.799		0		2.1643		282.871		
00:00:27:149		1.58451e+06		239.423		135.893		0		2.1458		282.961		
00:00:27:050		1.58452e+06		239.423		135.893		0		2.1458		283.021		
00:00:26:899		1.58454e+06		238.578		135.988		0		2.12723		283.111		
00:00:26:800		1.58455e+06		238.578		135.988		0		2.12723		283.172		
00:00:26:699		1.58455e+06		237.728		136.083		0		2.10861		283.234		
00:00:26:600		1.58456e+06		237.728		136.083		0		2.10861		283.295		
00:00:26:500		1.58457e+06		236.872		136.083		0		2.10861		283.355		
00:00:26:399		1.58458e+06		236.872		136.18		0		2.08994		283.414		
00:00:26:399		1.58458e+06		236.872		136.18		0		2.08994		283.414		
00:00:26:199		1.5846e+06		236.01		136.276		0		2.07121		283.533		
00:00:26:100		1.58461e+06		236.01		136.276		0		2.07121		283.593		
00:00:26:100		1.58461e+06		236.01		136.276		0		2.07121		283.593		
00:00:26:000		1.58462e+06		235.142		136.276		0		2.07121		283.653		
00:00:25:899		1.58463e+06		235.142		136.373		0		2.05243		283.713		
00:00:25:800		1.58464e+06		235.142		136.373		0		2.05243		283.773		
00:00:25:699		1.58464e+06		234.269		136.47		0		2.03359		283.832		
00:00:25:600		1.58465e+06		234.269		136.47		0		2.03359		283.89		
00:00:25:350		1.58468e+06		233.387		136.568		0		2.0147		284.036		
00:00:25:350		1.58468e+06		233.387		136.568		0		2.0147		284.036		
00:00:25:250		1.58469e+06		232.5		136.568		0		2.0147		284.094		
00:00:25:199		1.58469e+06		232.5		136.665		0		1.99574		284.123		
00:00:25:050		1.5847e+06		232.5		136.665		0		1.99574		284.213		
00:00:24:949		1.58471e+06		231.604		136.763		0		1.97673		284.272		
00:00:24:850		1.58472e+06		231.604		136.763		0		1.97673		284.329		
00:00:24:750		1.58473e+06		230.699		136.763		0		1.97673		284.386		
00:00:24:649		1.58474e+06		230.699		136.86		0		1.95765		284.443		
00:00:24:550		1.58475e+06		230.699		136.86		0		1.95765		284.501		
00:00:24:350		1.58476e+06		229.783		136.957		0		1.93851		284.558		
00:00:24:350		1.58477e+06		229.783		136.957		0		1.93851		284.617		
00:00:24:300		1.58477e+06		229.783		136.957		0		1.93851		284.646		
00:00:24:199		1.58478e+06		228.855		137.055		0		1.91932		284.705		
00:00:24:100		1.58479e+06		228.855		137.055		0		1.91932		284.761		
00:00:24:000		1.5848e+06		227.909		137.055		0		1.91932		284.817		
00:00:23:850		1.58481e+06		227.909		137.153		0		1.90006		284.901		
00:00:23:750		1.58482e+06		226.935		137.153		0		1.90006		284.957		
00:00:23:649		1.58483e+06		226.935		137.253		0		1.88072		285.014		
00:00:23:449		1.58485e+06		225.917		137.354		0		1.86134		285.13		
00:00:23:350		1.58486e+06		225.917		137.354		0		1.86134		285.186		
00:00:23:350		1.58486e+06		225.917		137.354		0		1.86134		285.186		
00:00:23:250		1.58486e+06		225.181		137.354		0		1.86134		285.242		
00:00:23:149		1.58487e+06		225.181		137.447		0		1.8419		285.297		
00:00:23:050		1.58491e+06		225.181		137.447		0		1.8419		285.352		
00:00:22:949		1.585e+06		224.439		137.533		0		1.82239		285.408		
00:00:22:850		1.58512e+06		224.439		137.533		0		1.82239		285.464		
00:00:22:750		1.58529e+06		223.691		137.533		0		1.82239		285.522		
00:00:22:649		1.5855e+06		223.691		137.61		0		1.80284		285.579		
00:00:22:449		1.58605e+06		222.935		137.68		0		1.78324		285.689		
00:00:22:350		1.58639e+06		222.935		137.68		0		1.78324		285.745		
00:00:22:350		1.58639e+06		222.935		137.68		0		1.78324		285.745		
00:00:22:199		1.58697e+06		222.173		137.74		0		1.76358		285.829		
00:00:22:100		1.58741e+06		222.173		137.74		0		1.76358		285.886		
00:00:22:000		1.5879e+06		221.403		137.74		0		1.76358		285.944		
00:00:22:000		1.5879e+06		221.403		137.74		0		1.76358		285.944		
00:00:21:800		1.589e+06		221.403		137.79		0		1.74387		286.058		
00:00:21:699		1.58962e+06		220.627		137.831		0		1.72411		286.114		
00:00:21:600		1.59027e+06		220.627		137.831		0		1.72411		286.17		
00:00:21:600		1.59027e+06		220.627		137.831		0		1.72411		286.17		
00:00:21:449		1.59134e+06		219.843		137.86		0		1.70429		286.256		
00:00:21:350		1.5921e+06		219.843		137.86		0		1.70429		286.313		
00:00:21:250		1.59291e+06		219.052		137.86		0		1.70429		286.372		
00:00:21:149		1.59376e+06		219.052		137.879		0		1.68442		286.431		
00:00:21:050		1.59466e+06		219.052		137.879		0		1.68442		286.489		
00:00:20:899		1.59618e+06		218.253		137.886		0		1.6645		286.575		
00:00:20:800		1.5973e+06		218.253		137.886		0		1.6645		286.632		
00:00:20:699		1.5985e+06		217.447		137.88		0		1.64452		286.69		
00:00:20:600		1.59979e+06		217.447		137.88		0		1.64452		286.749		
00:00:20:500		1.60117e+06		216.632		137.88		0		1.64452		286.809		
00:00:20:399		1.60263e+06		216.632		137.861		0		1.62449		286.87		
00:00:20:399		1.60263e+06		216.632		137.861		0		1.62449		286.87		
00:00:20:300		1.60419e+06		216.632		137.861		0		1.62449		286.93		
00:00:20:199		1.60582e+06		215.809		137.828		0		1.60442		286.988		
00:00:20:100		1.60755e+06		215.809		137.828		0		1.60442		287.048		
00:00:20:000		1.60936e+06		214.977		137.828		0		1.60442		287.107		
00:00:19:800		1.61326e+06		214.977		137.779		0		1.58428		287.229		
00:00:19:800		1.61326e+06		214.977		137.779		0		1.58428		287.229		
00:00:19:699		1.61533e+06		214.137		137.715		0		1.56409		287.291		
00:00:19:600		1.6175e+06		214.137		137.715		0		1.56409		287.354		
00:00:19:350		1.62331e+06		213.287		137.634		0		1.54386		287.506		
00:00:19:350		1.62331e+06		213.287		137.634		0		1.54386		287.506		
00:00:19:250		1.62579e+06		212.428		137.634		0		1.54386		287.568		
00:00:19:149		1.62838e+06		212.428		137.535		0		1.52356		287.63		
00:00:19:050		1.63109e+06		212.428		137.535		0		1.52356		287.694		
00:00:18:949		1.63395e+06		211.559		137.417		0		1.50322		287.758		
00:00:18:850		1.63694e+06		211.559		137.417		0		1.50322		287.822		
00:00:18:800		1.63848e+06		211.559		137.417		0		1.50322		287.854		
00:00:18:699		1.64168e+06		210.68		137.279		0		1.48283		287.917		
00:00:18:600		1.64501e+06		210.68		137.279		0		1.48283		287.981		
00:00:18:399		1.65209e+06		209.792		137.12		0		1.46239		288.109		
00:00:18:399		1.65209e+06		209.792		137.12		0		1.46239		288.109		
00:00:18:300		1.65584e+06		209.792		137.12		0		1.46239		288.175		
00:00:18:199		1.65973e+06		208.893		136.939		0		1.44189		288.241		
00:00:18:100		1.66377e+06		208.893		136.939		0		1.44189		288.308		
00:00:17:949		1.67008e+06		207.983		136.734		0		1.42135		288.407		
00:00:17:850		1.67448e+06		207.983		136.734		0		1.42135		288.472		
00:00:17:750		1.67901e+06		207.062		136.734		0		1.42135		288.539		
00:00:17:649		1.6837e+06		207.062		136.504		0		1.40075		288.606		
00:00:17:550		1.68853e+06		207.062		136.504		0		1.40075		288.674		
00:00:17:350		1.69864e+06		206.13		136.248		0		1.38011		288.813		
00:00:17:350		1.69864e+06		206.13		136.248		0		1.38011		288.813		
00:00:17:250		1.70393e+06		205.187		136.248		0		1.38011		288.882		
00:00:17:149		1.70936e+06		205.187		135.964		0		1.35942		288.95		
00:00:17:050		1.71495e+06		205.187		135.964		0		1.35942		289.019		
00:00:16:949		1.72069e+06		204.231		135.65		0		1.33868		289.089		
00:00:16:850		1.72659e+06		204.231		135.65		0		1.33868		289.16		
00:00:16:750		1.73265e+06		203.264		135.65		0		1.33868		289.231		
00:00:16:649		1.73887e+06		203.264		135.306		0		1.3179		289.304		
00:00:16:399		1.75533e+06		202.283		134.929		0		1.29707		289.484		
00:00:16:300		1.76243e+06		202.283		134.929		0		1.29707		289.556		
00:00:16:300		1.76243e+06		202.283		134.929		0		1.29707		289.556		
00:00:16:199		1.76984e+06		201.29		134.518		0		1.2762		289.629		
00:00:16:100		1.77757e+06		201.29		134.518		0		1.2762		289.703		
00:00:16:100		1.77757e+06		201.29		134.518		0		1.2762		289.703		
00:00:16:000		1.78561e+06		200.283		134.518		0		1.2762		289.778		
00:00:15:849		1.79827e+06		200.283		134.069		0		1.25528		289.891		
00:00:15:750		1.80712e+06		199.262		134.069		0		1.25528		289.966		
00:00:15:650		1.8163e+06		199.262		133.583		0		1.23432		290.042		
00:00:15:400		1.84072e+06		198.228		133.055		0		1.21332		290.234		
00:00:15:300		1.85109e+06		198.228		133.055		0		1.21332		290.313		
00:00:15:300		1.85109e+06		198.228		133.055		0		1.21332		290.313		
00:00:15:199		1.86181e+06		197.177		132.485		0		1.19227		290.392		
00:00:15:099		1.87289e+06		197.177		132.485		0		1.19227		290.472		
00:00:15:000		1.88433e+06		196.111		132.485		0		1.19227		290.551		
00:00:15:000		1.88433e+06		196.111		132.485		0		1.19227		290.551		
00:00:14:900		1.89613e+06		196.111		131.869		0		1.17119		290.631		
00:00:14:800		1.90832e+06		196.111		131.869		0		1.17119		290.712		
00:00:14:599		1.93383e+06		195.028		131.205		0		1.15006		290.877		
00:00:14:500		1.94716e+06		193.928		131.205		0		1.15006		290.962		
00:00:14:400		1.9609e+06		193.928		130.491		0		1.1289		291.048		
00:00:14:400		1.9609e+06		193.928		130.491		0		1.1289		291.048		
00:00:14:300		1.97505e+06		193.928		130.491		0		1.1289		291.134		
00:00:14:199		1.98961e+06		192.81		129.723		0		1.1077		291.22		
00:00:14:099		2.00458e+06		192.81		129.723		0		1.1077		291.308		
00:00:13:849		2.04392e+06		191.674		128.899		0		1.08645		291.532		
00:00:13:849		2.04392e+06		191.674		128.899		0		1.08645		291.532		
00:00:13:750		2.06043e+06		190.52		128.899		0		1.08645		291.625		
00:00:13:650		2.0774e+06		190.52		128.017		0		1.06518		291.718		
00:00:13:550		2.09484e+06		190.52		128.017		0		1.06518		291.81		
00:00:13:349		2.13114e+06		189.346		127.073		0		1.04388		291.997		
00:00:13:349		2.13114e+06		189.346		127.073		0		1.04388		291.997		
00:00:13:250		2.15003e+06		188.152		127.073		0		1.04388		292.093		
00:00:13:150		2.16942e+06		188.152		126.066		0		1.02254		292.188		
00:00:13:050		2.18928e+06		188.152		126.066		0		1.02254		292.285		
00:00:12:949		2.2096e+06		186.938		124.991		0		1.00117		292.383		
00:00:12:900		2.21994e+06		186.938		124.991		0		1.00117		292.433		
00:00:12:800		2.24097e+06		186.938		124.991		0		1.00117		292.532		
00:00:12:699		2.26249e+06		185.701		123.846		0		0.979764		292.632		
00:00:12:599		2.29571e+06		185.701		123.846		0		0.979764		292.784		
00:00:12:449		2.31849e+06		184.442		122.628		0		0.958343		292.886		
00:00:12:349		2.3418e+06		184.442		122.628		0		0.958343		292.988		
00:00:12:250		2.36564e+06		183.138		122.628		0		0.958343		293.091		
00:00:12:150		2.39003e+06		183.138		121.335		0		0.937054		293.194		
00:00:12:050		2.41498e+06		183.138		121.335		0		0.937054		293.298		
00:00:11:949		2.44049e+06		181.788		119.967		0		0.915914		293.402		
00:00:11:849		2.4666e+06		181.788		119.967		0		0.915914		293.507		
00:00:11:750		2.49329e+06		180.39		119.967		0		0.915914		293.613		
00:00:11:650		2.5206e+06		180.39		118.52		0		0.894919		293.719		
00:00:11:449		2.5769e+06		178.943		116.995		0		0.874069		293.934		
00:00:11:349		2.60584e+06		178.943		116.995		0		0.874069		294.043		
00:00:11:349		2.60584e+06		178.943		116.995		0		0.874069		294.043		
00:00:11:250		2.63533e+06		177.449		116.995		0		0.874069		294.154		
00:00:11:099		2.68066e+06		177.449		115.388		0		0.853361		294.323		
00:00:11:050		2.69605e+06		177.449		115.388		0		0.853361		294.379		
00:00:10:900		2.74307e+06		175.907		113.7		0		0.832792		294.551		
00:00:10:800		2.77514e+06		175.907		113.7		0		0.832792		294.667		
00:00:10:699		2.80780e+06		174.315		111.932		0		0.812359		294.785		
00:00:10:599		2.84109e+06		174.315		111.932		0		0.812359		294.905		
00:00:10:400		2.90956e+06		172.675		110.084		0		0.792059		295.149		
00:00:10:400		2.90956e+06		172.675		110.084		0		0.792059		295.149		
00:00:10:300		2.94479e+06		172.675		110.084		0		0.792059		295.274		
00:00:10:300		2.94479e+06		172.675		110.084		0		0.792059		295.274		
00:00:10:199		2.98069e+06		170.986		108.157		0		0.77189		295.4		
00:00:10:099		3.0173e+06		170.986		108.157		0		0.77189		295.529		
00:00:09:900		3.09267e+06		169.248		106.15		0		0.75185		295.792		
00:00:09:900		3.09267e+06		169.248		106.15		0		0.75185		295.792		
00:00:09:750		3.15115e+06		167.462		106.15		0		0.75185		295.994		
00:00:09:599		3.21137e+06		167.462		104.065		0		0.731937		296.201		
00:00:09:400		3.29448e+06		165.627		101.905		0		0.712151		296.48		
00:00:09:400		3.29448e+06		165.627		101.905		0		0.712151		296.48		
00:00:09:300		3.33727e+06		165.627		101.905		0		0.712151		296.623		
00:00:09:199		3.38092e+06		163.745		99.6829		0		0.69249		296.767		
00:00:09:199		3.38092e+06		163.745		99.6829		0		0.69249		296.767		
00:00:09:099		3.42538e+06		163.745		99.6829		0		0.69249		296.914		
00:00:09:000		3.47063e+06		161.815		99.6829		0		0.69249		297.062		
00:00:08:900		3.51671e+06		161.815		97.4072		0		0.672956		297.213		
00:00:08:800		3.56362e+06		161.815		97.4072		0		0.672956		297.365		
00:00:08:699		3.61139e+06		159.837		95.0838		0		0.653551		297.519		
00:00:08:599		3.66002e+06		159.837		95.0838		0		0.653551		297.676		
00:00:08:400		3.75995e+06		157.813		92.7208		0		0.634279		297.995		
00:00:08:300		3.81127e+06		157.813		92.7208		0		0.634279		298.158		
00:00:08:150		3.89003e+06		155.743		90.322		0		0.61515		298.404		
00:00:08:150		3.89003e+06		155.743		90.322		0		0.61515		298.404		
00:00:08:050		3.94374e+06		155.743		90.322		0		0.61515		298.572		
00:00:07:950		3.99845e+06		153.623		87.8937		0		0.596185		298.742		
00:00:07:849		4.05416e+06		153.623		87.8937		0		0.596185		298.914		
00:00:07:750		4.1109e+06		151.453		87.8937		0		0.596185		299.088		
00:00:07:650		4.16868e+06		151.453		85.4426		0		0.577426		299.265		
00:00:07:549		4.22753e+06		151.453		85.4426		0		0.577426		299.443		
00:00:07:349		4.3485e+06		149.201		82.9747		0		0.559091		299.805		
00:00:07:349		4.3485e+06		149.201		82.9747		0		0.559091		299.805		
00:00:07:250		4.41067e+06		146.933		82.9747		0		0.559091		299.986		
00:00:07:150		4.47399e+06		146.933		80.495		0		0.540746		300.17		
00:00:07:099		4.50608e+06		146.933		80.495		0		0.540746		300.262		
00:00:06:950		4.60416e+06		144.66		78.0089		0		0.522268		300.543		
00:00:06:849		4.67107e+06		144.66		78.0089		0		0.522268		300.733		
00:00:06:750		4.73922e+06		142.387		78.0089		0		0.522268		300.924		
00:00:06:650		4.80863e+06		142.387		75.5228		0		0.50365		301.118		
00:00:06:549		4.87933e+06		142.387		75.5228		0		0.50365		301.314		
00:00:06:349		5.02379e+06		140.116		73.0443		0		0.484889		301.71		
00:00:06:349		5.02379e+06		140.116		73.0443		0		0.484889		301.71		
00:00:06:250		5.09749e+06		137.851		73.0443		0		0.484889		301.91		
00:00:06:150		5.17218e+06		137.851		70.5825		0		0.465983		302.112		
00:00:06:049		5.24788e+06		137.851		70.5825		0		0.465983		302.316		
00:00:05:950		5.32462e+06		135.596		68.1469		0		0.446926		302.521		
00:00:05:849		5.40238e+06		135.596		68.1469		0		0.446926		302.728		
00:00:05:750		5.48119e+06		133.354		68.1469		0		0.446926		302.937		
00:00:05:650		5.56106e+06		133.354		65.7481		0		0.4277		303.144		
00:00:05:500		5.6829e+06		131.13		65.7481		0		0.4277		303.46		
00:00:05:450		5.72406e+06		131.13		63.3963		0		0.408224		303.566		
00:00:05:349		5.80724e+06		131.13		63.3963		0		0.408224		303.779		
00:00:05:200		5.93422e+06		128.924		61.1006		0		0.388115		304.102		
00:00:05:099		6.02057e+06		128.924		61.1006		0		0.388115		304.319		
00:00:05:000		6.1032e+06		126.74		61.1006		0		0.388115		304.536		
00:00:04:900		6.16753e+06		126.74		58.8731		0		0.367181		304.754		
00:00:04:799		6.21758e+06		126.74		58.8731		0		0.367181		304.972		
00:00:04:799		6.21758e+06		126.74		58.8731		0		0.367181		304.972		
00:00:04:599		6.28807e+06		124.586		56.7242		0		0.345643		305.41		
00:00:04:500		6.31383e+06		122.474		56.7242		0		0.345643		305.628		
00:00:04:450		6.32495e+06		122.474		54.6561		0		0.323664		305.737		
00:00:04:349		6.34438e+06		122.474		54.6561		0		0.323664		305.953		
00:00:04:250		6.36080e+06		120.411		54.6561		0		0.323664		306.17		
00:00:04:099		6.38141e+06		120.411		52.6578		0		0.301359		306.496		
00:00:04:000		6.39326e+06		118.407		52.6578		0		0.301359		306.712		
00:00:03:950		6.39878e+06		118.407		50.7177		0		0.278802		306.821		
00:00:03:799		6.41424e+06		118.407		50.7177		0		0.278802		307.142		
00:00:03:700		6.42403e+06		116.47		48.8639		0		0.256043		307.354		
00:00:03:700		6.42403e+06		116.47		48.8639		0		0.256043		307.354		
00:00:03:399		6.45444e+06		114.615		47.105		0		0.233049		307.974		
00:00:03:399		6.45444e+06		114.615		47.105		0		0.233049		307.974		
00:00:03:299		6.4664e+06		114.615		47.105		0		0.233049		308.172		
00:00:03:299		6.4664e+06		114.615		47.105		0		0.233049		308.172		
00:00:03:200		6.47957e+06		112.847		45.4493		0		0.209868		308.364		
00:00:03:000		6.50334e+06		111.168		45.4493		0		0.209868		308.723		
00:00:03:000		6.50334e+06		111.168		45.4493		0		0.209868		308.723		
00:00:02:899		6.51378e+06		111.168		43.9049		0		0.186556		308.886		
00:00:02:799		6.52303e+06		111.168		43.9049		0		0.186556		309.038		
00:00:02:600		6.5363e+06		109.583		42.4793		0		0.163213		309.309		
00:00:02:500		6.53868e+06		108.107		42.4793		0		0.163213		309.422		
00:00:02:399		6.53623e+06		108.107		41.1778		0		0.13987		309.52		
00:00:02:399		6.53623e+06		108.107		41.1778		0		0.13987		309.52		
00:00:02:250		6.51723e+06		106.748		41.1778		0		0.13987		309.634		
00:00:02:149		6.48762e+06		106.748		40.0033		0		0.116807		309.691		
00:00:02:100		6.46554e+06		106.748		40.0033		0		0.116807		309.714		
00:00:02:000		6.41435e+06		105.518		40.0033		0		0.116807		309.751		
00:00:01:899		6.40034e+06		105.518		38.9545		0		0.0938404		309.778		
00:00:01:800		6.38223e+06		105.518		38.9545		0		0.0938404		309.798		
00:00:01:699		6.37262e+06		104.416		38.0459		0		0.070795		309.813		
00:00:01:600		6.37536e+06		104.416		38.0459		0		0.070795		309.825		
00:00:01:350		6.43085e+06		103.439		37.3106		0		0.0475398		309.843		
00:00:01:350		6.43085e+06		103.439		37.3106		0		0.0475398		309.843		
00:00:01:250		6.4552e+06		102.611		37.3106		0		0.0475398		309.846		
00:00:01:149		6.48331e+06		102.611		36.7439		0		0.024012		309.846		
00:00:01:050		6.51761e+06		102.611		36.7439		0		0.024012		309.846		
00:00:00:949		6.56118e+06		101.855		36.3828		0		0		309.846		
00:00:00:849		6.61916e+06		101.855		36.3828		0		0		309.846		
00:00:00:750		6.70146e+06		100.069		36.3828		0		0		309.846		
00:00:00:650		6.83118e+06		100.069		36.3831		0		0		309.846		
00:00:00:550		6.83117e+06		100.069		36.3831		0		0		309.846		
00:00:00:450		6.83117e+06		100.069		36.3834		0		0		309.846		
00:00:00:349		6.83117e+06		100.069		36.3834		0		0		309.846		
00:00:00:250		6.83116e+06		100.069		36.3834		0		0		309.846		
00:00:00:149		6.83116e+06		100.069		36.3837		0		0		309.846		
00:00:00:050		6.83115e+06		100.069		36.3837		0		0		309.846		
00:00:00:000		6.83115e+06		100.069		36.3837		0		0		309.846		
00:00:00:000		6.83115e+06		100.069		36.3837		0		0		309.846		
00:00:00:000		6.83115e+06		100.069		36.3837		0		0		309.846		
00:00:00:000		6.83115e+06		100.069		36.3837		0		0		309.846		
00:00:00:000		6.83115e+06		100.069		36.3837		0		0		309.846		
00:00:00:000		6.83115e+06		100.069		36.3837		0		0		309.846		
