	time 		gpv001pnt10113ppntm	evf507ety101mpzoyout	chtcon(1)	chavg(1)	chlhsumpa	rcptavgn	
00:01:02:350		6.54866e+06		244.362		156.373		0		1.72623		279.918		
00:01:02:250		6.54875e+06		244.578		156.373		0		1.72623		279.94		
00:01:02:250		6.54875e+06		244.578		156.373		0		1.72623		279.94		
00:01:02:149		6.54884e+06		244.578		156.935		0		1.71539		279.961		
00:01:01:950		6.54902e+06		244.792		157.489		0		1.70457		280.005		
00:01:01:850		6.54912e+06		244.792		157.489		0		1.70457		280.026		
00:01:01:850		6.54912e+06		244.792		157.489		0		1.70457		280.026		
00:01:01:750		6.54921e+06		245.004		157.489		0		1.70457		280.048		
00:01:01:649		6.5493e+06		245.004		158.034		0		1.69377		280.07		
00:01:01:549		6.54939e+06		245.004		158.034		0		1.69377		280.092		
00:01:01:399		6.54953e+06		245.213		158.569		0		1.68298		280.124		
00:01:01:200		6.54971e+06		245.418		159.093		0		1.67222		280.168		
00:01:01:200		6.54971e+06		245.418		159.093		0		1.67222		280.168		
00:01:01:100		6.54981e+06		245.418		159.093		0		1.67222		280.19		
00:01:01:000		6.5499e+06		245.621		159.093		0		1.67222		280.212		
00:01:00:799		6.55008e+06		245.621		159.605		0		1.66147		280.256		
00:01:00:799		6.55008e+06		245.621		159.605		0		1.66147		280.256		
00:01:00:700		6.55017e+06		245.82		160.106		0		1.65074		280.278		
00:01:00:600		6.55027e+06		245.82		160.106		0		1.65074		280.3		
00:01:00:500		6.55036e+06		246.015		160.106		0		1.65074		280.322		
00:01:00:399		6.55045e+06		246.015		160.593		0		1.64004		280.344		
00:01:00:299		6.55054e+06		246.015		160.593		0		1.64004		280.366		
00:01:00:200		6.55063e+06		246.207		161.067		0		1.62936		280.388		
00:01:00:100		6.55073e+06		246.207		161.067		0		1.62936		280.41		
00:01:00:049		6.55077e+06		246.207		161.067		0		1.62936		280.421		
00:00:59:850		6.55096e+06		246.395		161.526		0		1.6187		280.465		
00:00:59:850		6.55096e+06		246.395		161.526		0		1.6187		280.465		
00:00:59:750		6.55105e+06		246.579		161.526		0		1.6187		280.488		
00:00:59:649		6.55114e+06		246.579		161.969		0		1.60806		280.51		
00:00:59:549		6.55123e+06		246.579		161.969		0		1.60806		280.532		
00:00:59:450		6.55132e+06		246.758		162.395		0		1.59746		280.554		
00:00:59:350		6.55142e+06		246.758		162.395		0		1.59746		280.577		
00:00:59:250		6.55151e+06		246.933		162.395		0		1.59746		280.599		
00:00:59:149		6.5516e+06		246.933		162.804		0		1.58688		280.621		
00:00:58:950		6.55183e+06		247.103		163.195		0		1.57633		280.677		
00:00:58:799		6.55192e+06		247.103		163.195		0		1.57633		280.7		
00:00:58:799		6.55192e+06		247.103		163.195		0		1.57633		280.7		
00:00:58:700		6.55201e+06		247.269		163.565		0		1.56581		280.722		
00:00:58:649		6.55206e+06		247.269		163.565		0		1.56581		280.733		
00:00:58:500		6.5522e+06		247.429		163.565		0		1.56581		280.766		
00:00:58:399		6.55229e+06		247.429		163.915		0		1.55532		280.789		
00:00:58:299		6.55238e+06		247.429		163.915		0		1.55532		280.811		
00:00:58:200		6.55247e+06		247.583		164.243		0		1.54487		280.834		
00:00:58:200		6.55247e+06		247.583		164.243		0		1.54487		280.834		
00:00:58:000		6.55266e+06		247.732		164.243		0		1.54487		280.878		
00:00:57:899		6.55275e+06		247.732		164.548		0		1.53445		280.901		
00:00:57:899		6.55275e+06		247.732		164.548		0		1.53445		280.901		
00:00:57:799		6.55284e+06		247.732		164.548		0		1.53445		280.923		
00:00:57:700		6.55293e+06		247.876		164.828		0		1.52407		280.945		
00:00:57:549		6.55307e+06		247.876		164.828		0		1.52407		280.979		
00:00:57:399		6.55321e+06		248.013		165.082		0		1.51373		281.012		
00:00:57:299		6.5533e+06		248.013		165.082		0		1.51373		281.034		
00:00:57:200		6.55339e+06		248.143		165.31		0		1.50343		281.056		
00:00:57:100		6.55349e+06		248.143		165.31		0		1.50343		281.078		
00:00:57:000		6.55358e+06		248.267		165.31		0		1.50343		281.101		
00:00:56:899		6.55367e+06		248.267		165.508		0		1.49317		281.123		
00:00:56:899		6.55367e+06		248.267		165.508		0		1.49317		281.123		
00:00:56:700		6.55385e+06		248.379		165.678		0		1.48299		281.167		
00:00:56:700		6.55385e+06		248.379		165.678		0		1.48299		281.167		
00:00:56:600		6.55395e+06		248.379		165.678		0		1.48299		281.189		
00:00:56:500		6.55404e+06		248.459		165.678		0		1.48299		281.211		
00:00:56:299		6.55422e+06		248.459		165.818		0		1.47304		281.255		
00:00:56:200		6.55431e+06		248.507		165.93		0		1.46332		281.277		
00:00:56:200		6.55431e+06		248.507		165.93		0		1.46332		281.277		
00:00:56:100		6.55445e+06		248.507		165.93		0		1.46332		281.31		
00:00:55:850		6.55464e+06		248.523		166.014		0		1.45384		281.353		
00:00:55:850		6.55464e+06		248.523		166.014		0		1.45384		281.353		
00:00:55:799		6.55468e+06		248.523		166.014		0		1.45384		281.364		
00:00:55:700		6.55477e+06		248.505		166.071		0		1.44459		281.386		
00:00:55:600		6.55487e+06		248.505		166.071		0		1.44459		281.408		
00:00:55:500		6.55496e+06		248.455		166.071		0		1.44459		281.43		
00:00:55:350		6.5551e+06		248.455		166.101		0		1.43558		281.462		
00:00:55:250		6.55519e+06		248.373		166.101		0		1.43558		281.484		
00:00:55:149		6.55528e+06		248.373		166.107		0		1.4268		281.505		
00:00:55:049		6.55538e+06		248.373		166.107		0		1.4268		281.527		
00:00:54:850		6.55556e+06		248.257		166.087		0		1.41826		281.57		
00:00:54:850		6.55556e+06		248.257		166.087		0		1.41826		281.57		
00:00:54:750		6.55566e+06		248.108		166.087		0		1.41826		281.592		
00:00:54:649		6.55575e+06		248.108		166.044		0		1.40995		281.613		
00:00:54:549		6.55584e+06		248.108		166.044		0		1.40995		281.635		
00:00:54:450		6.55594e+06		247.925		165.978		0		1.40188		281.656		
00:00:54:350		6.55603e+06		247.925		165.978		0		1.40188		281.678		
00:00:54:250		6.55612e+06		247.708		165.978		0		1.40188		281.699		
00:00:54:149		6.55621e+06		247.708		165.891		0		1.39405		281.721		
00:00:54:049		6.55631e+06		247.708		165.891		0		1.39405		281.742		
00:00:53:850		6.55649e+06		247.457		165.784		0		1.38647		281.785		
00:00:53:850		6.55649e+06		247.457		165.784		0		1.38647		281.785		
00:00:53:750		6.55659e+06		247.171		165.784		0		1.38647		281.807		
00:00:53:649		6.55668e+06		247.171		165.658		0		1.37913		281.828		
00:00:53:549		6.55677e+06		247.171		165.658		0		1.37913		281.85		
00:00:53:450		6.55687e+06		246.85		165.516		0		1.37204		281.871		
00:00:53:299		6.55700e+06		246.85		165.516		0		1.37204		281.904		
00:00:53:200		6.5571e+06		246.491		165.359		0		1.36522		281.925		
00:00:53:100		6.55719e+06		246.491		165.359		0		1.36522		281.947		
00:00:52:899		6.55738e+06		246.092		165.189		0		1.35868		281.99		
00:00:52:799		6.55747e+06		246.092		165.189		0		1.35868		282.011		
00:00:52:799		6.55747e+06		246.092		165.189		0		1.35868		282.011		
00:00:52:700		6.55756e+06		245.648		165.01		0		1.35245		282.033		
00:00:52:600		6.55766e+06		245.648		165.01		0		1.35245		282.054		
00:00:52:500		6.55775e+06		245.126		165.01		0		1.35245		282.076		
00:00:52:399		6.55784e+06		245.126		164.826		0		1.34663		282.098		
00:00:52:399		6.55784e+06		245.126		164.826		0		1.34663		282.098		
00:00:52:200		6.55803e+06		244.555		164.641		0		1.34132		282.141		
00:00:52:100		6.55813e+06		244.555		164.641		0		1.34132		282.162		
00:00:52:100		6.55813e+06		244.555		164.641		0		1.34132		282.162		
00:00:51:899		6.55831e+06		243.983		164.456		0		1.336		282.206		
00:00:51:799		6.55841e+06		243.983		164.456		0		1.336		282.227		
00:00:51:799		6.55841e+06		243.983		164.456		0		1.336		282.227		
00:00:51:600		6.5586e+06		243.409		164.269		0		1.33067		282.27		
00:00:51:600		6.5586e+06		243.409		164.269		0		1.33067		282.27		
00:00:51:500		6.55869e+06		242.834		164.269		0		1.33067		282.292		
00:00:51:399		6.55878e+06		242.834		164.082		0		1.32533		282.313		
00:00:51:299		6.55888e+06		242.834		164.082		0		1.32533		282.334		
00:00:51:200		6.55897e+06		242.259		163.895		0		1.31998		282.356		
00:00:51:100		6.55907e+06		242.259		163.895		0		1.31998		282.377		
00:00:50:899		6.55925e+06		241.681		163.706		0		1.31461		282.42		
00:00:50:899		6.55925e+06		241.681		163.706		0		1.31461		282.42		
00:00:50:799		6.55935e+06		241.681		163.706		0		1.31461		282.441		
00:00:50:700		6.55944e+06		241.103		163.517		0		1.30924		282.462		
00:00:50:450		6.55968e+06		240.523		163.327		0		1.30385		282.515		
00:00:50:450		6.55968e+06		240.523		163.327		0		1.30385		282.515		
00:00:50:350		6.55977e+06		240.523		163.327		0		1.30385		282.536		
00:00:50:299		6.55982e+06		240.523		163.327		0		1.30385		282.546		
00:00:50:200		6.55991e+06		239.943		163.136		0		1.29846		282.567		
00:00:50:100		6.56001e+06		239.943		163.136		0		1.29846		282.588		
00:00:50:000		6.5601e+06		239.36		163.136		0		1.29846		282.609		
00:00:49:899		6.56024e+06		239.36		162.944		0		1.29305		282.641		
00:00:49:750		6.56034e+06		238.777		162.944		0		1.29305		282.662		
00:00:49:649		6.56043e+06		238.777		162.752		0		1.28763		282.683		
00:00:49:549		6.56052e+06		238.777		162.752		0		1.28763		282.704		
00:00:49:450		6.56062e+06		238.193		162.558		0		1.2822		282.725		
00:00:49:399		6.56067e+06		238.193		162.558		0		1.2822		282.736		
00:00:49:250		6.56081e+06		237.607		162.558		0		1.2822		282.767		
00:00:49:149		6.5609e+06		237.607		162.364		0		1.27676		282.788		
00:00:49:049		6.56099e+06		237.607		162.364		0		1.27676		282.809		
00:00:48:850		6.56109e+06		237.02		162.168		0		1.27131		282.83		
00:00:48:850		6.56118e+06		237.02		162.168		0		1.27131		282.85		
00:00:48:750		6.56128e+06		236.432		162.168		0		1.27131		282.871		
00:00:48:649		6.56137e+06		236.432		161.972		0		1.26585		282.892		
00:00:48:549		6.56146e+06		236.432		161.972		0		1.26585		282.913		
00:00:48:450		6.56156e+06		235.843		161.775		0		1.26038		282.934		
00:00:48:350		6.56165e+06		235.843		161.775		0		1.26038		282.954		
00:00:48:250		6.56175e+06		235.252		161.775		0		1.26038		282.975		
00:00:48:149		6.56184e+06		235.252		161.577		0		1.25489		282.996		
00:00:48:000		6.56198e+06		234.66		161.577		0		1.25489		283.027		
00:00:47:850		6.56203e+06		234.66		161.378		0		1.2494		283.037		
00:00:47:850		6.56212e+06		234.66		161.378		0		1.2494		283.058		
00:00:47:750		6.56222e+06		234.067		161.178		0		1.24389		283.079		
00:00:47:600		6.56236e+06		234.067		161.178		0		1.24389		283.11		
00:00:47:500		6.56245e+06		233.472		161.178		0		1.24389		283.13		
00:00:47:399		6.56255e+06		233.472		160.976		0		1.23837		283.151		
00:00:47:299		6.56264e+06		233.472		160.976		0		1.23837		283.172		
00:00:47:200		6.56273e+06		232.877		160.774		0		1.23284		283.192		
00:00:47:149		6.56278e+06		232.877		160.774		0		1.23284		283.203		
00:00:46:899		6.56302e+06		232.28		160.57		0		1.2273		283.254		
00:00:46:899		6.56302e+06		232.28		160.57		0		1.2273		283.254		
00:00:46:799		6.56311e+06		232.28		160.57		0		1.2273		283.274		
00:00:46:700		6.5632e+06		231.681		160.366		0		1.22175		283.295		
00:00:46:600		6.5633e+06		231.681		160.366		0		1.22175		283.315		
00:00:46:500		6.56339e+06		231.082		160.366		0		1.22175		283.336		
00:00:46:399		6.56349e+06		231.082		160.16		0		1.21618		283.357		
00:00:46:299		6.56358e+06		231.082		160.16		0		1.21618		283.377		
00:00:46:200		6.56367e+06		230.481		159.952		0		1.21061		283.398		
00:00:46:100		6.56377e+06		230.481		159.952		0		1.21061		283.418		
00:00:46:100		6.56377e+06		230.481		159.952		0		1.21061		283.418		
00:00:45:899		6.56396e+06		229.878		159.744		0		1.20502		283.459		
00:00:45:899		6.56396e+06		229.878		159.744		0		1.20502		283.459		
00:00:45:799		6.56405e+06		229.878		159.744		0		1.20502		283.479		
00:00:45:700		6.56414e+06		229.275		159.534		0		1.19941		283.5		
00:00:45:600		6.56424e+06		229.275		159.534		0		1.19941		283.52		
00:00:45:500		6.56433e+06		228.669		159.534		0		1.19941		283.541		
00:00:45:399		6.56443e+06		228.669		159.323		0		1.1938		283.561		
00:00:45:299		6.56452e+06		228.669		159.323		0		1.1938		283.581		
00:00:45:200		6.56461e+06		228.063		159.11		0		1.18817		283.601		
00:00:45:100		6.56471e+06		228.063		159.11		0		1.18817		283.622		
00:00:45:000		6.5648e+06		227.454		159.11		0		1.18817		283.642		
00:00:44:850		6.56494e+06		227.454		158.895		0		1.18253		283.672		
00:00:44:750		6.56504e+06		226.845		158.895		0		1.18253		283.692		
00:00:44:649		6.56513e+06		226.845		158.679		0		1.17688		283.712		
00:00:44:549		6.56522e+06		226.845		158.679		0		1.17688		283.732		
00:00:44:450		6.56532e+06		226.234		158.462		0		1.17122		283.752		
00:00:44:350		6.56541e+06		226.234		158.462		0		1.17122		283.772		
00:00:44:250		6.56551e+06		225.621		158.462		0		1.17122		283.792		
00:00:44:200		6.56555e+06		225.621		158.243		0		1.16554		283.802		
00:00:44:100		6.56565e+06		225.621		158.243		0		1.16554		283.822		
00:00:43:899		6.56584e+06		225.008		158.022		0		1.15985		283.862		
00:00:43:899		6.56584e+06		225.008		158.022		0		1.15985		283.862		
00:00:43:750		6.56598e+06		224.392		158.022		0		1.15985		283.891		
00:00:43:649		6.56607e+06		224.392		157.8		0		1.15414		283.911		
00:00:43:549		6.56616e+06		224.392		157.8		0		1.15414		283.931		
00:00:43:500		6.56621e+06		223.775		157.8		0		1.15414		283.941		
00:00:43:350		6.56635e+06		223.775		157.575		0		1.14842		283.97		
00:00:43:250		6.56645e+06		223.157		157.575		0		1.14842		283.99		
00:00:43:149		6.56654e+06		223.157		157.349		0		1.14269		284.009		
00:00:43:049		6.56663e+06		223.157		157.349		0		1.14269		284.028		
00:00:42:950		6.56673e+06		222.537		157.121		0		1.13694		284.047		
00:00:42:850		6.56682e+06		222.537		157.121		0		1.13694		284.066		
00:00:42:750		6.56692e+06		221.916		157.121		0		1.13694		284.086		
00:00:42:649		6.56701e+06		221.916		156.892		0		1.13119		284.105		
00:00:42:549		6.5671e+06		221.916		156.892		0		1.13119		284.123		
00:00:42:450		6.5672e+06		221.294		156.66		0		1.12541		284.142		
00:00:42:350		6.56729e+06		221.294		156.66		0		1.12541		284.161		
00:00:42:250		6.56739e+06		220.669		156.66		0		1.12541		284.18		
00:00:42:149		6.56748e+06		220.669		156.427		0		1.11962		284.199		
00:00:42:049		6.56757e+06		220.669		156.427		0		1.11962		284.218		
00:00:41:899		6.56772e+06		220.044		156.192		0		1.11382		284.246		
00:00:41:799		6.56781e+06		220.044		156.192		0		1.11382		284.264		
00:00:41:700		6.5679e+06		219.416		155.956		0		1.10801		284.283		
00:00:41:600		6.568e+06		219.416		155.956		0		1.10801		284.301		
00:00:41:500		6.56809e+06		218.787		155.956		0		1.10801		284.32		
00:00:41:450		6.56814e+06		218.787		155.717		0		1.10218		284.329		
00:00:41:350		6.56823e+06		218.787		155.717		0		1.10218		284.347		
00:00:41:250		6.56833e+06		218.157		155.717		0		1.10218		284.366		
00:00:41:149		6.56842e+06		218.157		155.477		0		1.09633		284.384		
00:00:41:049		6.56851e+06		218.157		155.477		0		1.09633		284.403		
00:00:40:950		6.56861e+06		217.525		155.234		0		1.09047		284.421		
00:00:40:799		6.56875e+06		217.525		155.234		0		1.09047		284.448		
00:00:40:700		6.56884e+06		216.891		154.99		0		1.0846		284.467		
00:00:40:600		6.56894e+06		216.891		154.99		0		1.0846		284.485		
00:00:40:500		6.56903e+06		216.256		154.99		0		1.0846		284.503		
00:00:40:399		6.56913e+06		216.256		154.744		0		1.07871		284.521		
00:00:40:299		6.56913e+06		216.256		154.744		0		1.07871		284.521		
00:00:40:299		6.56922e+06		216.256		154.744		0		1.07871		284.54		
00:00:40:200		6.56931e+06		215.619		154.495		0		1.07281		284.558		
00:00:40:100		6.56941e+06		215.619		154.495		0		1.07281		284.576		
00:00:39:899		6.5696e+06		214.981		154.244		0		1.06689		284.612		
00:00:39:799		6.56969e+06		214.981		154.244		0		1.06689		284.63		
00:00:39:799		6.56969e+06		214.981		154.244		0		1.06689		284.63		
00:00:39:700		6.56978e+06		214.341		153.992		0		1.06095		284.649		
00:00:39:600		6.56988e+06		214.341		153.992		0		1.06095		284.667		
00:00:39:500		6.56997e+06		213.699		153.992		0		1.06095		284.685		
00:00:39:350		6.57011e+06		213.699		153.736		0		1.05501		284.712		
00:00:39:250		6.57021e+06		213.056		153.736		0		1.05501		284.731		
00:00:39:149		6.5703e+06		213.056		153.479		0		1.04904		284.749		
00:00:39:049		6.57039e+06		213.056		153.479		0		1.04904		284.767		
00:00:38:850		6.57058e+06		212.411		153.218		0		1.04306		284.804		
00:00:38:850		6.57058e+06		212.411		153.218		0		1.04306		284.804		
00:00:38:750		6.57068e+06		211.764		153.218		0		1.04306		284.822		
00:00:38:700		6.57072e+06		211.764		152.955		0		1.03707		284.831		
00:00:38:549		6.57086e+06		211.764		152.955		0		1.03707		284.859		
00:00:38:450		6.57096e+06		211.116		152.69		0		1.03105		284.878		
00:00:38:350		6.57105e+06		211.116		152.69		0		1.03105		284.896		
00:00:38:299		6.5711e+06		211.116		152.69		0		1.03105		284.906		
00:00:38:149		6.57124e+06		210.466		152.421		0		1.02503		284.934		
00:00:38:049		6.57133e+06		210.466		152.421		0		1.02503		284.952		
00:00:37:899		6.57148e+06		209.814		152.149		0		1.01899		284.981		
00:00:37:899		6.57148e+06		209.814		152.149		0		1.01899		284.981		
00:00:37:750		6.57162e+06		209.16		152.149		0		1.01899		285.009		
00:00:37:649		6.57171e+06		209.16		151.874		0		1.01293		285.028		
00:00:37:549		6.5718e+06		209.16		151.874		0		1.01293		285.047		
00:00:37:450		6.5719e+06		208.505		151.596		0		1.00685		285.067		
00:00:37:350		6.57199e+06		208.505		151.596		0		1.00685		285.086		
00:00:37:250		6.57209e+06		207.848		151.596		0		1.00685		285.105		
00:00:37:149		6.57218e+06		207.848		151.315		0		1.00076		285.125		
00:00:37:049		6.57227e+06		207.848		151.315		0		1.00076		285.145		
00:00:36:950		6.57237e+06		207.189		151.03		0		0.994653		285.164		
00:00:36:850		6.57246e+06		207.189		151.03		0		0.994653		285.184		
00:00:36:750		6.57256e+06		206.529		151.03		0		0.994653		285.204		
00:00:36:649		6.57265e+06		206.529		150.741		0		0.98853		285.224		
00:00:36:500		6.57279e+06		205.866		150.741		0		0.98853		285.254		
00:00:36:399		6.57289e+06		205.866		150.449		0		0.98239		285.274		
00:00:36:299		6.57298e+06		205.866		150.449		0		0.98239		285.295		
00:00:36:200		6.57307e+06		205.202		150.154		0		0.976233		285.315		
00:00:36:100		6.57317e+06		205.202		150.154		0		0.976233		285.336		
00:00:36:049		6.57321e+06		205.202		150.154		0		0.976233		285.346		
00:00:35:950		6.57331e+06		204.536		149.854		0		0.97006		285.367		
00:00:35:799		6.57345e+06		204.536		149.854		0		0.97006		285.398		
00:00:35:700		6.57354e+06		203.868		149.55		0		0.96387		285.419		
00:00:35:600		6.57364e+06		203.868		149.55		0		0.96387		285.44		
00:00:35:549		6.57368e+06		203.868		149.55		0		0.96387		285.45		
00:00:35:399		6.57383e+06		203.197		149.242		0		0.957662		285.482		
00:00:35:350		6.57387e+06		203.197		149.242		0		0.957662		285.492		
00:00:35:200		6.57401e+06		202.525		148.929		0		0.951436		285.524		
00:00:35:149		6.57406e+06		202.525		148.929		0		0.951436		285.534		
00:00:35:000		6.5742e+06		201.852		148.929		0		0.951436		285.566		
00:00:34:899		6.5743e+06		201.852		148.612		0		0.945192		285.587		
00:00:34:799		6.57439e+06		201.852		148.612		0		0.945192		285.609		
00:00:34:700		6.57448e+06		201.176		148.291		0		0.938931		285.63		
00:00:34:600		6.57458e+06		201.176		148.291		0		0.938931		285.652		
00:00:34:500		6.57458e+06		201.176		148.291		0		0.938931		285.652		
00:00:34:500		6.57467e+06		200.498		148.291		0		0.938931		285.673		
00:00:34:299		6.57486e+06		200.498		147.964		0		0.932653		285.716		
00:00:34:299		6.57486e+06		200.498		147.964		0		0.932653		285.716		
00:00:34:200		6.57495e+06		199.818		147.632		0		0.926357		285.738		
00:00:34:100		6.57505e+06		199.818		147.632		0		0.926357		285.76		
00:00:33:899		6.57524e+06		199.136		147.295		0		0.920043		285.804		
00:00:33:799		6.57533e+06		199.136		147.295		0		0.920043		285.826		
00:00:33:799		6.57533e+06		199.136		147.295		0		0.920043		285.826		
00:00:33:700		6.57542e+06		198.452		146.952		0		0.91371		285.848		
00:00:33:500		6.57561e+06		197.766		146.952		0		0.91371		285.893		
00:00:33:500		6.57561e+06		197.766		146.952		0		0.91371		285.893		
00:00:33:399		6.57571e+06		197.766		146.604		0		0.907359		285.915		
00:00:33:299		6.5758e+06		197.766		146.604		0		0.907359		285.938		
00:00:33:200		6.57589e+06		197.078		146.25		0		0.90099		285.96		
00:00:33:100		6.57599e+06		197.078		146.25		0		0.90099		285.983		
00:00:33:000		6.57608e+06		196.388		146.25		0		0.90099		286.006		
00:00:32:799		6.57627e+06		196.388		145.89		0		0.894602		286.053		
00:00:32:700		6.57636e+06		195.696		145.523		0		0.888194		286.076		
00:00:32:600		6.57646e+06		195.696		145.523		0		0.888194		286.1		
00:00:32:600		6.57646e+06		195.696		145.523		0		0.888194		286.1		
00:00:32:500		6.57655e+06		195.001		145.523		0		0.888194		286.124		
00:00:32:399		6.57665e+06		195.001		145.15		0		0.881769		286.147		
00:00:32:299		6.57674e+06		195.001		145.15		0		0.881769		286.171		
00:00:32:100		6.57693e+06		194.305		144.77		0		0.875326		286.219		
00:00:32:100		6.57693e+06		194.305		144.77		0		0.875326		286.219		
00:00:31:899		6.57712e+06		193.606		144.383		0		0.868865		286.267		
00:00:31:800		6.57721e+06		193.606		144.383		0		0.868865		286.291		
00:00:31:800		6.57721e+06		193.606		144.383		0		0.868865		286.291		
00:00:31:600		6.5774e+06		192.904		143.989		0		0.862389		286.34		
00:00:31:600		6.5774e+06		192.904		143.989		0		0.862389		286.34		
00:00:31:500		6.57749e+06		192.201		143.989		0		0.862389		286.364		
00:00:31:350		6.57763e+06		192.201		143.587		0		0.855893		286.401		
00:00:31:300		6.57768e+06		192.201		143.587		0		0.855893		286.413		
00:00:31:199		6.57777e+06		191.496		143.178		0		0.849378		286.438		
00:00:31:100		6.57787e+06		191.496		143.178		0		0.849378		286.463		
00:00:30:850		6.57811e+06		190.788		142.762		0		0.842842		286.526		
00:00:30:850		6.57811e+06		190.788		142.762		0		0.842842		286.526		
00:00:30:750		6.5782e+06		190.078		142.762		0		0.842842		286.551		
00:00:30:649		6.5783e+06		190.078		142.337		0		0.836285		286.577		
00:00:30:550		6.57839e+06		190.078		142.337		0		0.836285		286.602		
00:00:30:449		6.57849e+06		189.365		141.905		0		0.829706		286.627		
00:00:30:350		6.57858e+06		189.365		141.905		0		0.829706		286.653		
00:00:30:250		6.57868e+06		188.65		141.905		0		0.829706		286.679		
00:00:30:149		6.57877e+06		188.65		141.464		0		0.823104		286.706		
00:00:30:050		6.57887e+06		188.65		141.464		0		0.823104		286.731		
00:00:29:949		6.57896e+06		187.932		141.015		0		0.816479		286.757		
00:00:29:850		6.57906e+06		187.932		141.015		0		0.816479		286.783		
00:00:29:750		6.57915e+06		187.211		141.015		0		0.816479		286.81		
00:00:29:649		6.57925e+06		187.211		140.557		0		0.809804		286.836		
00:00:29:550		6.57935e+06		187.211		140.557		0		0.809804		286.863		
00:00:29:449		6.58027e+06		186.486		140.091		0		0.803075		286.89		
00:00:29:350		6.58163e+06		186.486		140.091		0		0.803075		286.917		
00:00:29:250		6.58308e+06		185.758		140.091		0		0.803075		286.944		
00:00:29:149		6.58449e+06		185.758		139.615		0		0.796315		286.971		
00:00:29:050		6.58586e+06		185.758		139.615		0		0.796315		286.998		
00:00:28:949		6.58716e+06		185.027		139.13		0		0.789533		287.025		
00:00:28:850		6.58843e+06		185.027		139.13		0		0.789533		287.053		
00:00:28:750		6.58966e+06		184.294		139.13		0		0.789533		287.08		
00:00:28:649		6.59093e+06		184.294		138.636		0		0.782737		287.108		
00:00:28:550		6.59221e+06		184.294		138.636		0		0.782737		287.136		
00:00:28:449		6.59352e+06		183.559		138.131		0		0.77593		287.164		
00:00:28:350		6.59481e+06		183.559		138.131		0		0.77593		287.192		
00:00:28:250		6.59614e+06		182.824		138.131		0		0.77593		287.22		
00:00:28:149		6.59744e+06		182.824		137.617		0		0.769113		287.248		
00:00:28:050		6.59879e+06		182.824		137.617		0		0.769113		287.277		
00:00:27:949		6.60014e+06		182.087		137.092		0		0.762289		287.305		
00:00:27:850		6.60154e+06		182.087		137.092		0		0.762289		287.334		
00:00:27:750		6.60294e+06		181.35		137.092		0		0.762289		287.363		
00:00:27:600		6.6051e+06		181.35		136.557		0		0.755458		287.406		
00:00:27:500		6.60642e+06		180.611		136.557		0		0.755458		287.435		
00:00:27:399		6.60784e+06		180.611		136.011		0		0.748622		287.464		
00:00:27:300		6.60921e+06		180.611		136.011		0		0.748622		287.494		
00:00:27:199		6.61063e+06		179.872		135.454		0		0.74178		287.523		
00:00:27:100		6.61207e+06		179.872		135.454		0		0.74178		287.553		
00:00:27:000		6.61351e+06		179.132		135.454		0		0.74178		287.583		
00:00:26:899		6.61489e+06		179.132		134.886		0		0.734933		287.613		
00:00:26:850		6.6156e+06		179.132		134.886		0		0.734933		287.628		
00:00:26:699		6.61764e+06		178.391		134.306		0		0.728082		287.674		
00:00:26:699		6.61764e+06		178.391		134.306		0		0.728082		287.674		
00:00:26:600		6.61904e+06		178.391		134.306		0		0.728082		287.704		
00:00:26:399		6.62181e+06		177.65		133.714		0		0.721226		287.766		
00:00:26:300		6.62316e+06		177.65		133.714		0		0.721226		287.797		
00:00:26:300		6.62316e+06		177.65		133.714		0		0.721226		287.797		
00:00:26:199		6.62459e+06		176.907		133.109		0		0.714365		287.828		
00:00:26:100		6.62592e+06		176.907		133.109		0		0.714365		287.859		
00:00:26:000		6.62728e+06		176.164		133.109		0		0.714365		287.891		
00:00:25:800		6.62996e+06		176.164		132.491		0		0.7075		287.955		
00:00:25:699		6.63131e+06		175.42		131.858		0		0.700631		287.987		
00:00:25:699		6.63131e+06		175.42		131.858		0		0.700631		287.987		
00:00:25:600		6.63261e+06		175.42		131.858		0		0.700631		288.019		
00:00:25:500		6.63392e+06		174.676		131.858		0		0.700631		288.052		
00:00:25:399		6.63524e+06		174.676		131.211		0		0.693758		288.084		
00:00:25:300		6.63652e+06		174.676		131.211		0		0.693758		288.117		
00:00:25:199		6.63845e+06		173.93		130.55		0		0.686882		288.167		
00:00:25:050		6.63971e+06		173.93		130.55		0		0.686882		288.2		
00:00:25:000		6.64036e+06		173.184		130.55		0		0.686882		288.217		
00:00:24:750		6.64342e+06		172.438		129.873		0		0.680001		288.302		
00:00:24:750		6.64342e+06		172.438		129.873		0		0.680001		288.302		
00:00:24:649		6.64467e+06		172.438		129.181		0		0.673116		288.336		
00:00:24:550		6.64589e+06		172.438		129.181		0		0.673116		288.371		
00:00:24:449		6.64713e+06		171.691		128.472		0		0.666226		288.405		
00:00:24:350		6.64836e+06		171.691		128.472		0		0.666226		288.44		
00:00:24:250		6.64957e+06		170.943		128.472		0		0.666226		288.476		
00:00:24:149		6.65077e+06		170.943		127.747		0		0.659334		288.511		
00:00:24:050		6.65194e+06		170.943		127.747		0		0.659334		288.547		
00:00:23:850		6.6542e+06		170.194		127.006		0		0.652439		288.619		
00:00:23:750		6.65529e+06		169.445		127.006		0		0.652439		288.656		
00:00:23:750		6.65529e+06		169.445		127.006		0		0.652439		288.656		
00:00:23:649		6.65638e+06		169.445		126.248		0		0.64554		288.693		
00:00:23:550		6.65746e+06		169.445		126.248		0		0.64554		288.73		
00:00:23:449		6.65852e+06		168.696		125.472		0		0.63864		288.767		
00:00:23:350		6.65958e+06		168.696		125.472		0		0.63864		288.805		
00:00:23:250		6.66062e+06		167.945		125.472		0		0.63864		288.843		
00:00:23:149		6.66168e+06		167.945		124.678		0		0.631736		288.882		
00:00:23:050		6.66271e+06		167.945		124.678		0		0.631736		288.92		
00:00:22:949		6.66376e+06		167.194		123.866		0		0.62483		288.959		
00:00:22:850		6.66479e+06		167.194		123.866		0		0.62483		288.999		
00:00:22:750		6.66582e+06		166.443		123.866		0		0.62483		289.039		
00:00:22:649		6.66678e+06		166.443		123.034		0		0.617921		289.079		
00:00:22:550		6.66772e+06		166.443		123.034		0		0.617921		289.119		
00:00:22:449		6.66871e+06		165.69		122.184		0		0.61101		289.16		
00:00:22:350		6.66967e+06		165.69		122.184		0		0.61101		289.201		
00:00:22:199		6.67111e+06		164.938		121.318		0		0.604096		289.263		
00:00:22:149		6.67157e+06		164.938		121.318		0		0.604096		289.284		
00:00:22:050		6.67302e+06		164.185		121.318		0		0.604096		289.348		
00:00:21:899		6.674e+06		164.185		120.438		0		0.59718		289.39		
00:00:21:800		6.67496e+06		164.185		120.438		0		0.59718		289.434		
00:00:21:699		6.67599e+06		163.431		119.544		0		0.590261		289.478		
00:00:21:600		6.67694e+06		163.431		119.544		0		0.590261		289.523		
00:00:21:500		6.67792e+06		162.676		119.544		0		0.590261		289.568		
00:00:21:399		6.67894e+06		162.676		118.636		0		0.583339		289.614		
00:00:21:399		6.67894e+06		162.676		118.636		0		0.583339		289.614		
00:00:21:300		6.67994e+06		162.676		118.636		0		0.583339		289.66		
00:00:21:199		6.68089e+06		161.921		117.713		0		0.576415		289.706		
00:00:21:100		6.68188e+06		161.921		117.713		0		0.576415		289.753		
00:00:21:000		6.68283e+06		161.165		117.713		0		0.576415		289.8		
00:00:20:800		6.68483e+06		161.165		116.777		0		0.569489		289.896		
00:00:20:699		6.68589e+06		160.409		115.827		0		0.56256		289.944		
00:00:20:699		6.68589e+06		160.409		115.827		0		0.56256		289.944		
00:00:20:500		6.68794e+06		159.651		115.827		0		0.56256		290.043		
00:00:20:500		6.68794e+06		159.651		115.827		0		0.56256		290.043		
00:00:20:399		6.68901e+06		159.651		114.863		0		0.555628		290.093		
00:00:20:300		6.69005e+06		159.651		114.863		0		0.555628		290.144		
00:00:20:199		6.69112e+06		158.893		113.885		0		0.548693		290.195		
00:00:20:100		6.69222e+06		158.893		113.885		0		0.548693		290.247		
00:00:19:899		6.69433e+06		158.135		112.894		0		0.541755		290.351		
00:00:19:800		6.69539e+06		158.135		112.894		0		0.541755		290.405		
00:00:19:800		6.69539e+06		158.135		112.894		0		0.541755		290.405		
00:00:19:699		6.69643e+06		157.376		111.888		0		0.534815		290.458		
00:00:19:600		6.69748e+06		157.376		111.888		0		0.534815		290.513		
00:00:19:500		6.69862e+06		156.616		111.888		0		0.534815		290.567		
00:00:19:350		6.70029e+06		156.616		110.87		0		0.527871		290.65		
00:00:19:250		6.70144e+06		155.856		110.87		0		0.527871		290.706		
00:00:19:149		6.7026e+06		155.856		109.838		0		0.520925		290.763		
00:00:19:050		6.70369e+06		155.856		109.838		0		0.520925		290.82		
00:00:18:850		6.70601e+06		155.094		108.792		0		0.513976		290.936		
00:00:18:750		6.70716e+06		154.332		108.792		0		0.513976		290.994		
00:00:18:750		6.70716e+06		154.332		108.792		0		0.513976		290.994		
00:00:18:649		6.70836e+06		154.332		107.734		0		0.507023		291.053		
00:00:18:550		6.70948e+06		154.332		107.734		0		0.507023		291.113		
00:00:18:449		6.71064e+06		153.569		106.662		0		0.500068		291.174		
00:00:18:350		6.71171e+06		153.569		106.662		0		0.500068		291.235		
00:00:18:250		6.71268e+06		152.806		106.662		0		0.500068		291.297		
00:00:18:149		6.71367e+06		152.806		105.574		0		0.49311		291.359		
00:00:18:050		6.71469e+06		152.806		105.574		0		0.49311		291.422		
00:00:17:850		6.71676e+06		152.042		104.469		0		0.486149		291.55		
00:00:17:750		6.71784e+06		151.277		104.469		0		0.486149		291.615		
00:00:17:750		6.71784e+06		151.277		104.469		0		0.486149		291.615		
00:00:17:649		6.71894e+06		151.277		103.347		0		0.479185		291.681		
00:00:17:550		6.72005e+06		151.277		103.347		0		0.479185		291.747		
00:00:17:449		6.72118e+06		150.512		102.209		0		0.472217		291.815		
00:00:17:350		6.72232e+06		150.512		102.209		0		0.472217		291.883		
00:00:17:250		6.72348e+06		149.746		102.209		0		0.472217		291.951		
00:00:17:149		6.72466e+06		149.746		101.056		0		0.465247		292.02		
00:00:17:050		6.72587e+06		149.746		101.056		0		0.465247		292.091		
00:00:16:949		6.72708e+06		148.979		99.8902		0		0.458273		292.162		
00:00:16:850		6.72835e+06		148.979		99.8902		0		0.458273		292.233		
00:00:16:750		6.72961e+06		148.212		99.8902		0		0.458273		292.306		
00:00:16:649		6.73086e+06		148.212		98.7114		0		0.451296		292.379		
00:00:16:550		6.73214e+06		148.212		98.7114		0		0.451296		292.454		
00:00:16:399		6.73402e+06		147.443		97.5202		0		0.444315		292.567		
00:00:16:350		6.73468e+06		147.443		97.5202		0		0.444315		292.605		
00:00:16:199		6.73668e+06		146.674		96.3169		0		0.437331		292.721		
00:00:16:100		6.73801e+06		146.674		96.3169		0		0.437331		292.8		
00:00:16:000		6.73947e+06		145.903		96.3169		0		0.437331		292.878		
00:00:15:900		6.74089e+06		145.903		95.102		0		0.430342		292.957		
00:00:15:800		6.74232e+06		145.903		95.102		0		0.430342		293.037		
00:00:15:699		6.7438e+06		145.131		93.8759		0		0.42335		293.117		
00:00:15:699		6.7438e+06		145.131		93.8759		0		0.42335		293.117		
00:00:15:599		6.74523e+06		145.131		93.8759		0		0.42335		293.199		
00:00:15:400		6.74813e+06		144.359		92.6395		0		0.416354		293.365		
00:00:15:300		6.74949e+06		144.359		92.6395		0		0.416354		293.449		
00:00:15:199		6.75085e+06		143.585		91.3932		0		0.409354		293.534		
00:00:15:099		6.75224e+06		143.585		91.3932		0		0.409354		293.62		
00:00:15:000		6.75377e+06		142.809		91.3932		0		0.409354		293.706		
00:00:15:000		6.75377e+06		142.809		91.3932		0		0.409354		293.706		
00:00:14:800		6.75687e+06		142.809		90.1381		0		0.40235		293.881		
00:00:14:699		6.75845e+06		142.033		88.875		0		0.395342		293.969		
00:00:14:699		6.75845e+06		142.033		88.875		0		0.395342		293.969		
00:00:14:599		6.76002e+06		142.033		88.875		0		0.395342		294.057		
00:00:14:500		6.76159e+06		141.255		88.875		0		0.395342		294.146		
00:00:14:400		6.7631e+06		141.255		87.605		0		0.388329		294.234		
00:00:14:300		6.76468e+06		141.255		87.605		0		0.388329		294.323		
00:00:14:199		6.76636e+06		140.476		86.329		0		0.381312		294.411		
00:00:14:099		6.76894e+06		140.476		86.329		0		0.381312		294.543		
00:00:13:900		6.77152e+06		139.697		85.0476		0		0.37429		294.675		
00:00:13:800		6.77319e+06		139.697		85.0476		0		0.37429		294.763		
00:00:13:800		6.77319e+06		139.697		85.0476		0		0.37429		294.763		
00:00:13:699		6.7749e+06		138.916		83.7615		0		0.367264		294.85		
00:00:13:550		6.77742e+06		138.916		83.7615		0		0.367264		294.98		
00:00:13:449		6.77918e+06		138.133		82.472		0		0.360233		295.066		
00:00:13:349		6.78106e+06		138.133		82.472		0		0.360233		295.153		
00:00:13:250		6.78281e+06		137.35		82.472		0		0.360233		295.239		
00:00:13:150		6.78462e+06		137.35		81.1809		0		0.353198		295.326		
00:00:13:050		6.78637e+06		137.35		81.1809		0		0.353198		295.413		
00:00:12:949		6.78811e+06		136.565		79.8898		0		0.346157		295.5		
00:00:12:750		6.79173e+06		135.779		79.8898		0		0.346157		295.677		
00:00:12:750		6.79173e+06		135.779		79.8898		0		0.346157		295.677		
00:00:12:650		6.79359e+06		135.779		78.6006		0		0.339112		295.766		
00:00:12:550		6.7955e+06		135.779		78.6006		0		0.339112		295.855		
00:00:12:449		6.79735e+06		134.992		77.3154		0		0.332062		295.945		
00:00:12:349		6.79912e+06		134.992		77.3154		0		0.332062		296.036		
00:00:12:250		6.80094e+06		134.203		77.3154		0		0.332062		296.127		
00:00:12:150		6.80282e+06		134.203		76.0365		0		0.325007		296.22		
00:00:12:050		6.80472e+06		134.203		76.0365		0		0.325007		296.313		
00:00:11:849		6.80828e+06		133.413		74.7665		0		0.317948		296.503		
00:00:11:750		6.80998e+06		132.622		74.7665		0		0.317948		296.599		
00:00:11:750		6.80998e+06		132.622		74.7665		0		0.317948		296.599		
00:00:11:650		6.81165e+06		132.622		73.508		0		0.310883		296.697		
00:00:11:550		6.81344e+06		132.622		73.508		0		0.310883		296.796		
00:00:11:449		6.8153e+06		131.83		72.264		0		0.303814		296.896		
00:00:11:349		6.8172e+06		131.83		72.264		0		0.303814		296.999		
00:00:11:199		6.81997e+06		131.036		71.0376		0		0.29674		297.154		
00:00:11:099		6.82179e+06		131.036		71.0376		0		0.29674		297.26		
00:00:11:000		6.8236e+06		130.241		71.0376		0		0.29674		297.367		
00:00:10:949		6.82449e+06		130.241		69.8318		0		0.289662		297.421		
00:00:10:849		6.82628e+06		130.241		69.8318		0		0.289662		297.529		
00:00:10:750		6.82806e+06		129.444		68.6494		0		0.282579		297.637		
00:00:10:599		6.83077e+06		129.444		68.6494		0		0.282579		297.801		
00:00:10:500		6.83255e+06		128.646		68.6494		0		0.282579		297.913		
00:00:10:400		6.83431e+06		128.646		67.4931		0		0.275491		298.026		
00:00:10:300		6.83606e+06		128.646		67.4931		0		0.275491		298.141		
00:00:10:199		6.83776e+06		127.847		66.3644		0		0.268399		298.257		
00:00:10:099		6.83953e+06		127.847		66.3644		0		0.268399		298.375		
00:00:10:099		6.83953e+06		127.847		66.3644		0		0.268399		298.375		
00:00:10:000		6.84118e+06		127.047		66.3644		0		0.268399		298.495		
00:00:09:849		6.84383e+06		127.047		65.263		0		0.261302		298.677		
00:00:09:750		6.84553e+06		126.245		65.263		0		0.261302		298.801		
00:00:09:650		6.84713e+06		126.245		64.1844		0		0.254202		298.927		
00:00:09:550		6.84864e+06		126.245		64.1844		0		0.254202		299.054		
00:00:09:449		6.85019e+06		125.442		63.1139		0		0.247097		299.183		
00:00:09:349		6.85241e+06		125.442		63.1139		0		0.247097		299.379		
00:00:09:199		6.85387e+06		124.638		62.051		0		0.23999		299.512		
00:00:09:099		6.8553e+06		124.638		62.051		0		0.23999		299.645		
00:00:09:000		6.85663e+06		123.833		62.051		0		0.23999		299.781		
00:00:08:900		6.85789e+06		123.833		60.9961		0		0.232879		299.919		
00:00:08:800		6.85914e+06		123.833		60.9961		0		0.232879		300.059		
00:00:08:800		6.85914e+06		123.833		60.9961		0		0.232879		300.059		
00:00:08:699		6.86035e+06		123.027		59.9495		0		0.225765		300.2		
00:00:08:599		6.86148e+06		123.027		59.9495		0		0.225765		300.344		
00:00:08:500		6.86257e+06		122.22		59.9495		0		0.225765		300.49		
00:00:08:300		6.86491e+06		122.22		58.9114		0		0.218648		300.786		
00:00:08:300		6.86491e+06		122.22		58.9114		0		0.218648		300.786		
00:00:08:199		6.86604e+06		121.414		57.8823		0		0.211529		300.934		
00:00:08:099		6.86709e+06		121.414		57.8823		0		0.211529		301.085		
00:00:07:950		6.86856e+06		120.607		56.8623		0		0.204408		301.316		
00:00:07:750		6.87009e+06		119.8		56.8623		0		0.204408		301.631		
00:00:07:750		6.87009e+06		119.8		56.8623		0		0.204408		301.631		
00:00:07:650		6.87072e+06		119.8		55.8518		0		0.197286		301.793		
00:00:07:599		6.87105e+06		119.8		55.8518		0		0.197286		301.874		
00:00:07:500		6.87162e+06		118.993		55.8518		0		0.197286		302.039		
00:00:07:349		6.87225e+06		118.993		54.8511		0		0.190163		302.291		
00:00:07:250		6.8726e+06		118.188		54.8511		0		0.190163		302.46		
00:00:07:150		6.87286e+06		118.188		53.8606		0		0.18304		302.632		
00:00:07:049		6.87304e+06		118.188		53.8606		0		0.18304		302.806		
00:00:06:950		6.87314e+06		117.384		52.8809		0		0.175917		302.983		
00:00:06:750		6.87317e+06		116.582		52.8809		0		0.175917		303.343		
00:00:06:750		6.87317e+06		116.582		52.8809		0		0.175917		303.343		
00:00:06:650		6.8731e+06		116.582		51.9124		0		0.168794		303.524		
00:00:06:549		6.87294e+06		116.582		51.9124		0		0.168794		303.706		
00:00:06:500		6.87282e+06		115.781		51.9124		0		0.168794		303.798		
00:00:06:349		6.87227e+06		115.781		50.9556		0		0.161673		304.078		
00:00:06:250		6.87177e+06		114.984		50.9556		0		0.161673		304.268		
00:00:06:150		6.87114e+06		114.984		50.0112		0		0.154554		304.46		
00:00:06:049		6.8704e+06		114.984		50.0112		0		0.154554		304.654		
00:00:05:849		6.86865e+06		114.19		49.0797		0		0.147438		305.047		
00:00:05:750		6.86765e+06		113.4		49.0797		0		0.147438		305.246		
00:00:05:750		6.86765e+06		113.4		49.0797		0		0.147438		305.246		
00:00:05:650		6.86653e+06		113.4		48.1622		0		0.140326		305.446		
00:00:05:549		6.86532e+06		113.4		48.1622		0		0.140326		305.648		
00:00:05:450		6.86407e+06		112.616		47.2603		0		0.133217		305.849		
00:00:05:349		6.86266e+06		112.616		47.2603		0		0.133217		306.051		
00:00:05:250		6.86116e+06		111.837		47.2603		0		0.133217		306.254		
00:00:05:150		6.85961e+06		111.837		46.3769		0		0.126113		306.457		
00:00:05:049		6.85792e+06		111.837		46.3769		0		0.126113		306.662		
00:00:04:900		6.85519e+06		111.066		45.5176		0		0.119015		306.97		
00:00:04:799		6.8533e+06		111.066		45.5176		0		0.119015		307.174		
00:00:04:700		6.85139e+06		110.302		44.6891		0		0.111922		307.378		
00:00:04:599		6.8494e+06		110.302		44.6891		0		0.111922		307.581		
00:00:04:500		6.84753e+06		109.548		44.6891		0		0.111922		307.781		
00:00:04:400		6.84619e+06		109.548		43.8927		0		0.104832		307.977		
00:00:04:400		6.84619e+06		109.548		43.8927		0		0.104832		307.977		
00:00:04:299		6.84609e+06		109.548		43.8927		0		0.104832		308.169		
00:00:04:150		6.84559e+06		108.804		43.1297		0		0.0977454		308.445		
00:00:04:049		6.84479e+06		108.804		43.1297		0		0.0977454		308.619		
00:00:03:950		6.84348e+06		108.072		42.4013		0		0.0906639		308.785		
00:00:03:850		6.84183e+06		108.072		42.4013		0		0.0906639		308.942		
00:00:03:750		6.83984e+06		107.354		42.4013		0		0.0906639		309.089		
00:00:03:649		6.83776e+06		107.354		41.7086		0		0.0835899		309.224		
00:00:03:500		6.83401e+06		106.652		41.7086		0		0.0835899		309.4		
00:00:03:399		6.83075e+06		106.652		41.0524		0		0.0765269		309.498		
00:00:03:299		6.82586e+06		106.652		41.0524		0		0.0765269		309.581		
00:00:03:200		6.81596e+06		105.967		40.433		0		0.0695194		309.649		
00:00:03:100		6.79344e+06		105.967		40.433		0		0.0695194		309.703		
00:00:03:100		6.79344e+06		105.967		40.433		0		0.0695194		309.703		
00:00:02:899		6.71268e+06		105.302		39.8502		0		0.0625966		309.774		
00:00:02:799		6.68898e+06		105.302		39.8502		0		0.0625966		309.797		
00:00:02:799		6.68898e+06		105.302		39.8502		0		0.0625966		309.797		
00:00:02:700		6.67063e+06		104.659		39.3034		0		0.0556871		309.813		
00:00:02:600		6.6616e+06		104.659		39.3034		0		0.0556871		309.825		
00:00:02:500		6.66859e+06		104.039		39.3034		0		0.0556871		309.834		
00:00:02:399		6.67439e+06		104.039		38.7925		0		0.048765		309.839		
00:00:02:299		6.6784e+06		104.039		38.7925		0		0.048765		309.843		
00:00:02:149		6.68326e+06		103.446		38.3176		0		0.0418337		309.844		
00:00:01:949		6.68998e+06		102.882		37.8788		0		0.0348929		309.843		
00:00:01:949		6.68998e+06		102.882		37.8788		0		0.0348929		309.843		
00:00:01:750		6.69671e+06		102.352		37.8788		0		0.0348929		309.842		
00:00:01:750		6.69671e+06		102.352		37.8788		0		0.0348929		309.842		
00:00:01:649		6.70018e+06		102.352		37.4755		0		0.0279422		309.841		
00:00:01:550		6.70371e+06		102.352		37.4755		0		0.0279422		309.842		
00:00:01:500		6.70548e+06		101.86		37.4755		0		0.0279422		309.842		
00:00:01:399		6.70926e+06		101.86		37.1088		0		0.0209802		309.842		
00:00:01:300		6.71344e+06		101.86		37.1088		0		0.0209802		309.843		
00:00:01:100		6.72224e+06		101.411		36.7872		0		0.0140052		309.845		
00:00:01:100		6.72224e+06		101.411		36.7872		0		0.0140052		309.845		
00:00:01:000		6.72705e+06		101.013		36.7872		0		0.0140052		309.845		
00:00:00:800		6.73831e+06		101.013		36.5202		0		0.00701441		309.846		
00:00:00:800		6.73831e+06		101.013		36.5202		0		0.00701441		309.846		
00:00:00:699		6.74522e+06		100.592		36.3831		0		0		309.846		
00:00:00:550		6.75922e+06		100.592		36.3831		0		0		309.846		
00:00:00:450		6.77303e+06		100.069		36.3834		0		0		309.846		
00:00:00:349		6.79421e+06		100.069		36.3834		0		0		309.846		
00:00:00:250		6.83116e+06		100.069		36.3834		0		0		309.846		
00:00:00:149		6.83116e+06		100.069		36.3837		0		0		309.846		
00:00:00:050		6.83115e+06		100.069		36.3837		0		0		309.846		
00:00:00:000		6.83115e+06		100.069		36.3837		0		0		309.846		
00:00:00:000		6.83115e+06		100.069		36.3837		0		0		309.846		
00:00:00:000		6.83115e+06		100.069		36.3837		0		0		309.846		
00:00:00:000		6.83115e+06		100.069		36.3837		0		0		309.846		
00:00:00:000		6.83115e+06		100.069		36.3837		0		0		309.846		
