	time 		rcpppzr	rcp054rcp007mnzoyout	rcv501std0102fvol	fwfrcp001gv	rcppmssga	msfsg(1)	
00:01:03:350		1.00322e+07		-5.85433		0		0		2.63841e+06		561.72		
00:01:03:250		1.00439e+07		-5.85489		0		0		2.64238e+06		562.193		
00:01:03:149		1.00556e+07		-5.85549		0		0		2.64699e+06		563.341		
00:01:03:049		1.00673e+07		-5.85614		0		0		2.65291e+06		565.245		
00:01:02:899		1.00849e+07		-5.85718		0		0		2.66019e+06		567.298		
00:01:02:799		1.00966e+07		-5.8579		0		0		2.66367e+06		568.223		
00:01:02:700		1.01081e+07		-5.85861		0		0		2.66663e+06		569.378		
00:01:02:600		1.01195e+07		-5.85929		0		0		2.66954e+06		570.537		
00:01:02:500		1.01309e+07		-5.8599		0		0		2.66983e+06		569.091		
00:01:02:299		1.01535e+07		-5.86073		0		0		2.67306e+06		569.115		
00:01:02:299		1.01535e+07		-5.86073		0		0		2.67306e+06		569.115		
00:01:02:200		1.01648e+07		-5.86087		0		0		2.67704e+06		569.791		
00:01:02:100		1.01761e+07		-5.86079		0		0		2.68151e+06		570.663		
00:01:02:000		1.01873e+07		-5.86045		0		0		2.68649e+06		571.896		
00:01:01:899		1.01984e+07		-5.85984		0		0		2.69178e+06		573.52		
00:01:01:799		1.02095e+07		-5.85895		0		0		2.69683e+06		575.18		
00:01:01:700		1.02204e+07		-5.85777		0		0		2.70054e+06		576.024		
00:01:01:600		1.02313e+07		-5.85631		0		0		2.70302e+06		576.784		
00:01:01:549		1.02367e+07		-5.85547		0		0		2.70445e+06		577.576		
00:01:01:350		1.02581e+07		-5.85153		0		0		2.70682e+06		576.717		
00:01:01:350		1.02581e+07		-5.85153		0		0		2.70682e+06		576.717		
00:01:01:250		1.02688e+07		-5.84926		0		0		2.70693e+06		576.073		
00:01:01:149		1.02796e+07		-5.84685		0		0		2.71089e+06		576.947		
00:01:01:000		1.02957e+07		-5.84312		0		0		2.718e+06		578.529		
00:01:00:899		1.03064e+07		-5.84066		0		0		2.72308e+06		579.943		
00:01:00:799		1.0317e+07		-5.83831		0		0		2.72813e+06		581.543		
00:01:00:700		1.03276e+07		-5.83613		0		0		2.7325e+06		582.856		
00:01:00:600		1.0338e+07		-5.83421		0		0		2.73542e+06		583.519		
00:01:00:500		1.03484e+07		-5.83258		0		0		2.73812e+06		584.777		
00:01:00:399		1.03588e+07		-5.83095		0		0		2.74029e+06		584.994		
00:01:00:299		1.03691e+07		-5.82925		0		0		2.74008e+06		583.514		
00:01:00:200		1.03794e+07		-5.82749		0		0		2.74081e+06		583.029		
00:01:00:100		1.03898e+07		-5.82567		0		0		2.74541e+06		584.26		
00:01:00:000		1.04001e+07		-5.82377		0		0		2.75067e+06		585.641		
00:00:59:950		1.04052e+07		-5.8228		0		0		2.75326e+06		586.356		
00:00:59:850		1.04154e+07		-5.82081		0		0		2.75812e+06		587.731		
00:00:59:850		1.04154e+07		-5.82081		0		0		2.75812e+06		587.731		
00:00:59:750		1.04256e+07		-5.81875		0		0		2.76243e+06		589.076		
00:00:59:600		1.04407e+07		-5.81553		0		0		2.76734e+06		590.576		
00:00:59:399		1.04607e+07		-5.81101		0		0		2.77117e+06		591.232		
00:00:59:299		1.04706e+07		-5.80865		0		0		2.77116e+06		589.681		
00:00:59:200		1.04806e+07		-5.80623		0		0		2.7728e+06		589.791		
00:00:59:200		1.04806e+07		-5.80623		0		0		2.7728e+06		589.791		
00:00:59:100		1.04905e+07		-5.80373		0		0		2.77821e+06		591.471		
00:00:59:049		1.04955e+07		-5.80246		0		0		2.78097e+06		592.227		
00:00:58:950		1.05054e+07		-5.79987		0		0		2.78588e+06		593.486		
00:00:58:850		1.05152e+07		-5.79721		0		0		2.79008e+06		594.772		
00:00:58:600		1.05396e+07		-5.79029		0		0		2.79804e+06		597.146		
00:00:58:600		1.05396e+07		-5.79029		0		0		2.79804e+06		597.146		
00:00:58:450		1.05542e+07		-5.78594		0		0		2.80042e+06		597.297		
00:00:58:299		1.05687e+07		-5.78146		0		0		2.80112e+06		595.672		
00:00:58:299		1.05687e+07		-5.78146		0		0		2.80112e+06		595.672		
00:00:58:200		1.05783e+07		-5.7784		0		0		2.80544e+06		597.286		
00:00:58:000		1.05976e+07		-5.77211		0		0		2.81557e+06		599.784		
00:00:58:000		1.05976e+07		-5.77211		0		0		2.81557e+06		599.784		
00:00:57:899		1.06071e+07		-5.76889		0		0		2.81973e+06		601.327		
00:00:57:700		1.06262e+07		-5.76231		0		0		2.82563e+06		602.633		
00:00:57:700		1.06262e+07		-5.76231		0		0		2.82563e+06		602.633		
00:00:57:600		1.06356e+07		-5.75894		0		0		2.82762e+06		603.315		
00:00:57:399		1.06544e+07		-5.75204		0		0		2.83018e+06		602.154		
00:00:57:399		1.06544e+07		-5.75204		0		0		2.83018e+06		602.154		
00:00:57:299		1.06638e+07		-5.74852		0		0		2.83369e+06		603.238		
00:00:57:200		1.06732e+07		-5.74494		0		0		2.83913e+06		604.771		
00:00:57:100		1.06826e+07		-5.74131		0		0		2.84315e+06		605.487		
00:00:57:000		1.06919e+07		-5.73763		0		0		2.8469e+06		606.66		
00:00:56:899		1.07012e+07		-5.7339		0		0		2.85117e+06		608.038		
00:00:56:799		1.07103e+07		-5.73012		0		0		2.85422e+06		608.856		
00:00:56:700		1.07194e+07		-5.72629		0		0		2.85621e+06		608.827		
00:00:56:549		1.0733e+07		-5.72046		0		0		2.85982e+06		610.154		
00:00:56:450		1.0742e+07		-5.71651		0		0		2.86114e+06		609.222		
00:00:56:350		1.0751e+07		-5.71251		0		0		2.86262e+06		609.149		
00:00:56:250		1.076e+07		-5.70846		0		0		2.86684e+06		610.638		
00:00:56:149		1.07689e+07		-5.70436		0		0		2.87163e+06		611.612		
00:00:56:049		1.07779e+07		-5.70021		0		0		2.87499e+06		612.233		
00:00:55:950		1.07868e+07		-5.69602		0		0		2.87905e+06		613.688		
00:00:55:850		1.07956e+07		-5.69177		0		0		2.88308e+06		614.85		
00:00:55:750		1.08045e+07		-5.68747		0		0		2.8859e+06		615.61		
00:00:55:700		1.08089e+07		-5.68531		0		0		2.88691e+06		615.471		
00:00:55:549		1.08221e+07		-5.67873		0		0		2.88988e+06		616.624		
00:00:55:450		1.08309e+07		-5.67428		0		0		2.89206e+06		616.093		
00:00:55:350		1.08396e+07		-5.66978		0		0		2.89314e+06		615.792		
00:00:55:250		1.08484e+07		-5.66523		0		0		2.8967e+06		616.885		
00:00:55:149		1.08571e+07		-5.66063		0		0		2.90145e+06		618.04		
00:00:55:049		1.08659e+07		-5.65597		0		0		2.90486e+06		618.535		
00:00:54:950		1.08746e+07		-5.65126		0		0		2.90869e+06		619.803		
00:00:54:850		1.08834e+07		-5.64649		0		0		2.9129e+06		620.939		
00:00:54:750		1.08921e+07		-5.64165		0		0		2.916e+06		622.009		
00:00:54:649		1.09008e+07		-5.63675		0		0		2.91889e+06		622.654		
00:00:54:450		1.09184e+07		-5.62676		0		0		2.92252e+06		623.276		
00:00:54:350		1.09272e+07		-5.62167		0		0		2.92324e+06		622.414		
00:00:54:350		1.09272e+07		-5.62167		0		0		2.92324e+06		622.414		
00:00:54:250		1.09361e+07		-5.61652		0		0		2.9255e+06		622.742		
00:00:54:149		1.09449e+07		-5.61131		0		0		2.92977e+06		624.093		
00:00:54:049		1.09538e+07		-5.60605		0		0		2.93386e+06		624.759		
00:00:53:950		1.09625e+07		-5.60073		0		0		2.93386e+06		624.759		
00:00:53:950		1.09625e+07		-5.60073		0		0		2.93758e+06		625.947		
00:00:53:799		1.09756e+07		-5.59266		0		0		2.94329e+06		627.409		
00:00:53:700		1.09843e+07		-5.58722		0		0		2.94617e+06		628.242		
00:00:53:600		1.09929e+07		-5.58173		0		0		2.94872e+06		628.727		
00:00:53:450		1.10058e+07		-5.57341		0		0		2.95234e+06		629.958		
00:00:53:350		1.10144e+07		-5.5678		0		0		2.95401e+06		629.948		
00:00:53:250		1.10229e+07		-5.56214		0		0		2.95492e+06		629.233		
00:00:53:149		1.10314e+07		-5.55643		0		0		2.95711e+06		629.578		
00:00:53:049		1.10399e+07		-5.55067		0		0		2.96112e+06		630.764		
00:00:52:950		1.10483e+07		-5.54487		0		0		2.96503e+06		631.515		
00:00:52:850		1.10567e+07		-5.53901		0		0		2.96902e+06		632.891		
00:00:52:750		1.1065e+07		-5.5331		0		0		2.97263e+06		633.826		
00:00:52:649		1.10733e+07		-5.52714		0		0		2.97525e+06		634.234		
00:00:52:450		1.10897e+07		-5.51506		0		0		2.98043e+06		636.1		
00:00:52:450		1.10897e+07		-5.51506		0		0		2.98043e+06		636.1		
00:00:52:299		1.1102e+07		-5.50586		0		0		2.98296e+06		635.985		
00:00:52:299		1.1102e+07		-5.50586		0		0		2.98296e+06		635.985		
00:00:52:200		1.11101e+07		-5.49964		0		0		2.98354e+06		635.468		
00:00:52:100		1.11183e+07		-5.49338		0		0		2.98577e+06		635.795		
00:00:52:000		1.11264e+07		-5.48705		0		0		2.98938e+06		636.832		
00:00:51:899		1.11344e+07		-5.48066		0		0		2.99334e+06		637.578		
00:00:51:799		1.11424e+07		-5.47422		0		0		2.99698e+06		639.023		
00:00:51:700		1.11503e+07		-5.4677		0		0		3.00087e+06		640.25		
00:00:51:600		1.11581e+07		-5.4611		0		0		3.00319e+06		640.939		
00:00:51:500		1.11659e+07		-5.45444		0		0		3.00462e+06		641.258		
00:00:51:399		1.11736e+07		-5.44771		0		0		3.00589e+06		641.657		
00:00:51:299		1.11812e+07		-5.44092		0		0		3.00685e+06		642.21		
00:00:51:200		1.11888e+07		-5.43405		0		0		3.00777e+06		641.932		
00:00:51:049		1.12002e+07		-5.42362		0		0		3.00673e+06		640.474		
00:00:50:950		1.12078e+07		-5.41658		0		0		3.00878e+06		640.202		
00:00:50:850		1.12155e+07		-5.40947		0		0		3.01125e+06		639.31		
00:00:50:750		1.12232e+07		-5.4023		0		0		3.01557e+06		640.051		
00:00:50:649		1.1231e+07		-5.39507		0		0		3.02364e+06		642.221		
00:00:50:600		1.12349e+07		-5.39144		0		0		3.02763e+06		643.162		
00:00:50:500		1.12428e+07		-5.38415		0		0		3.03505e+06		645.008		
00:00:50:399		1.12507e+07		-5.37683		0		0		3.04197e+06		646.635		
00:00:50:299		1.12586e+07		-5.36948		0		0		3.04833e+06		648.13		
00:00:50:200		1.12665e+07		-5.36213		0		0		3.05462e+06		650.088		
00:00:50:049		1.12783e+07		-5.35108		0		0		3.06453e+06		654.762		
00:00:49:950		1.12861e+07		-5.34371		0		0		3.06673e+06		653.943		
00:00:49:850		1.12939e+07		-5.33633		0		0		3.06504e+06		652.506		
00:00:49:799		1.12978e+07		-5.33264		0		0		3.06583e+06		652.838		
00:00:49:649		1.13094e+07		-5.32154		0		0		3.07174e+06		654.91		
00:00:49:549		1.13171e+07		-5.31412		0		0		3.07525e+06		655.635		
00:00:49:450		1.13247e+07		-5.30666		0		0		3.0773e+06		656.005		
00:00:49:350		1.13323e+07		-5.29919		0		0		3.07937e+06		656.291		
00:00:49:250		1.13397e+07		-5.29167		0		0		3.08117e+06		655.91		
00:00:49:149		1.13472e+07		-5.28412		0		0		3.0836e+06		656.091		
00:00:49:049		1.13548e+07		-5.27652		0		0		3.08808e+06		658.097		
00:00:48:950		1.13623e+07		-5.26889		0		0		3.09404e+06		661.194		
00:00:48:850		1.13697e+07		-5.26122		0		0		3.09631e+06		660.559		
00:00:48:750		1.13772e+07		-5.25351		0		0		3.09356e+06		658.422		
00:00:48:649		1.13846e+07		-5.24576		0		0		3.09545e+06		658.889		
00:00:48:549		1.13921e+07		-5.23797		0		0		3.09926e+06		659.641		
00:00:48:450		1.13995e+07		-5.23016		0		0		3.10313e+06		659.99		
00:00:48:350		1.14069e+07		-5.2223		0		0		3.1068e+06		660.052		
00:00:48:350		1.14069e+07		-5.2223		0		0		3.1068e+06		660.052		
00:00:48:149		1.14217e+07		-5.20645		0		0		3.11883e+06		663.205		
00:00:48:000		1.14329e+07		-5.19446		0		0		3.12718e+06		664.9		
00:00:48:000		1.14329e+07		-5.19446		0		0		3.12718e+06		664.9		
00:00:47:899		1.14404e+07		-5.18642		0		0		3.13333e+06		667.493		
00:00:47:799		1.14478e+07		-5.17835		0		0		3.14025e+06		671.159		
00:00:47:750		1.14515e+07		-5.17429		0		0		3.14245e+06		671.658		
00:00:47:649		1.14588e+07		-5.16615		0		0		3.141e+06		668.845		
00:00:47:549		1.14662e+07		-5.15797		0		0		3.13918e+06		667.688		
00:00:47:299		1.14846e+07		-5.13732		0		0		3.14965e+06		669.739		
00:00:47:299		1.14846e+07		-5.13732		0		0		3.14965e+06		669.739		
00:00:47:200		1.1492e+07		-5.12899		0		0		3.15394e+06		669.919		
00:00:47:100		1.14994e+07		-5.12062		0		0		3.15894e+06		671.036		
00:00:47:000		1.15068e+07		-5.11222		0		0		3.166e+06		672.91		
00:00:46:799		1.15217e+07		-5.09536		0		0		3.17812e+06		675.837		
00:00:46:799		1.15217e+07		-5.09536		0		0		3.17812e+06		675.837		
00:00:46:700		1.15291e+07		-5.08691		0		0		3.18538e+06		679.778		
00:00:46:600		1.15365e+07		-5.07845		0		0		3.19137e+06		682.057		
00:00:46:399		1.15513e+07		-5.06151		0		0		3.18727e+06		677.451		
00:00:46:299		1.15588e+07		-5.05303		0		0		3.19102e+06		678.412		
00:00:46:299		1.15588e+07		-5.05303		0		0		3.19102e+06		678.412		
00:00:46:200		1.15662e+07		-5.04454		0		0		3.19617e+06		679.558		
00:00:46:100		1.15737e+07		-5.03605		0		0		3.20105e+06		680.201		
00:00:46:000		1.15812e+07		-5.02753		0		0		3.20572e+06		680.708		
00:00:45:899		1.15887e+07		-5.01898		0		0		3.21177e+06		682.324		
00:00:45:750		1.16e+07		-5.00611		0		0		3.22145e+06		684.264		
00:00:45:600		1.16112e+07		-4.99319		0		0		3.23174e+06		688.84		
00:00:45:600		1.16112e+07		-4.99319		0		0		3.23174e+06		688.84		
00:00:45:399		1.16261e+07		-4.97588		0		0		3.23922e+06		690.175		
00:00:45:299		1.16335e+07		-4.96718		0		0		3.23548e+06		687.405		
00:00:45:299		1.16335e+07		-4.96718		0		0		3.23548e+06		687.405		
00:00:45:200		1.16409e+07		-4.95844		0		0		3.23768e+06		688.016		
00:00:45:100		1.16484e+07		-4.94967		0		0		3.2433e+06		689.259		
00:00:45:000		1.16559e+07		-4.94086		0		0		3.24872e+06		690.14		
00:00:44:899		1.16634e+07		-4.93202		0		0		3.25377e+06		690.755		
00:00:44:799		1.16709e+07		-4.92315		0		0		3.2597e+06		692.105		
00:00:44:700		1.16785e+07		-4.91425		0		0		3.26669e+06		693.717		
00:00:44:600		1.16861e+07		-4.90533		0		0		3.27323e+06		695.437		
00:00:44:399		1.1701e+07		-4.88745		0		0		3.28789e+06		702.636		
00:00:44:299		1.17084e+07		-4.87847		0		0		3.28675e+06		699.894		
00:00:44:299		1.17084e+07		-4.87847		0		0		3.28675e+06		699.894		
00:00:44:200		1.17159e+07		-4.86946		0		0		3.28349e+06		697.306		
00:00:44:000		1.17309e+07		-4.85132		0		0		3.29185e+06		699.127		
00:00:44:000		1.17309e+07		-4.85132		0		0		3.29185e+06		699.127		
00:00:43:899		1.17384e+07		-4.84221		0		0		3.29761e+06		700.02		
00:00:43:799		1.17459e+07		-4.83308		0		0		3.30327e+06		700.834		
00:00:43:700		1.17535e+07		-4.82392		0		0		3.31e+06		702.462		
00:00:43:600		1.1761e+07		-4.81473		0		0		3.31757e+06		704.238		
00:00:43:500		1.17686e+07		-4.8055		0		0		3.32484e+06		707.063		
00:00:43:350		1.17799e+07		-4.79163		0		0		3.33666e+06		712.909		
00:00:43:250		1.17873e+07		-4.78234		0		0		3.33594e+06		710.554		
00:00:43:149		1.17948e+07		-4.77302		0		0		3.33245e+06		707.731		
00:00:43:049		1.18023e+07		-4.76367		0		3.53524		3.33376e+06		707.789		
00:00:42:950		1.18099e+07		-4.75431		0		0		3.33971e+06		708.956		
00:00:42:850		1.18174e+07		-4.74494		0		0		3.34554e+06		709.87		
00:00:42:750		1.18248e+07		-4.73553		0		0		3.35161e+06		710.754		
00:00:42:700		1.18286e+07		-4.73082		0		0		3.35496e+06		711.483		
00:00:42:600		1.1836e+07		-4.72137		0		0		3.36273e+06		713.552		
00:00:42:399		1.18511e+07		-4.7024		0		0		3.37941e+06		720.77		
00:00:42:399		1.18511e+07		-4.7024		0		0		3.37941e+06		720.77		
00:00:42:299		1.18586e+07		-4.69288		0		0		3.38526e+06		722.773		
00:00:42:200		1.18661e+07		-4.68336		0		0		3.38293e+06		719.997		
00:00:42:100		1.18736e+07		-4.67382		0		0		3.38071e+06		717.645		
00:00:42:000		1.18811e+07		-4.66427		0		0		3.38287e+06		718.058		
00:00:41:850		1.18924e+07		-4.64994		0		0		3.39198e+06		719.485		
00:00:41:750		1.18998e+07		-4.64046		0		0		3.39805e+06		720.241		
00:00:41:649		1.19072e+07		-4.63102		0		0		3.40534e+06		721.866		
00:00:41:549		1.19144e+07		-4.62154		0		0		3.41416e+06		724.555		
00:00:41:450		1.19218e+07		-4.61204		0		0		3.42318e+06		728.513		
00:00:41:350		1.19291e+07		-4.60254		0		0		3.43151e+06		732.695		
00:00:41:250		1.19364e+07		-4.59304		0		0		3.43311e+06		731.512		
00:00:41:149		1.19437e+07		-4.58353		0		0		3.42972e+06		728.844		
00:00:41:049		1.1951e+07		-4.57401		0		0		3.42932e+06		727.326		
00:00:40:950		1.19583e+07		-4.56447		0		0		3.43443e+06		728.777		
00:00:40:850		1.19655e+07		-4.55491		0		0		3.44084e+06		729.666		
00:00:40:750		1.19728e+07		-4.54532		0		0		3.44694e+06		730.294		
00:00:40:649		1.198e+07		-4.53569		0		0		3.45428e+06		732.018		
00:00:40:549		1.19873e+07		-4.52601		0		0		3.46368e+06		735.185		
00:00:40:450		1.19946e+07		-4.51627		0		0		3.47313e+06		739.615		
00:00:40:350		1.2002e+07		-4.5065		0		0		3.48073e+06		742.862		
00:00:40:250		1.20094e+07		-4.49672		0		0		3.48007e+06		740.611		
00:00:40:149		1.20167e+07		-4.48692		0		0		3.47817e+06		738.629		
00:00:40:049		1.20241e+07		-4.47712		0		0		3.47888e+06		737.58		
00:00:39:950		1.20315e+07		-4.46732		0		0		3.48462e+06		739.086		
00:00:39:950		1.20315e+07		-4.46732		0		0		3.48462e+06		739.086		
00:00:39:850		1.20388e+07		-4.45752		0		0		3.49124e+06		739.97		
00:00:39:600		1.20571e+07		-4.43298		0		0		3.51098e+06		745.229		
00:00:39:600		1.20571e+07		-4.43298		0		0		3.51098e+06		745.229		
00:00:39:500		1.20645e+07		-4.42313		0		0		3.52135e+06		750.339		
00:00:39:350		1.20756e+07		-4.40838		0		0		3.52747e+06		750.884		
00:00:39:250		1.2083e+07		-4.39855		0		0		3.52523e+06		749.156		
00:00:39:250		1.2083e+07		-4.39855		0		0		3.52523e+06		749.156		
00:00:39:149		1.20903e+07		-4.38873		0		0		3.52552e+06		747.42		
00:00:39:049		1.21014e+07		-4.374		0		0		3.53291e+06		748.931		
00:00:38:899		1.21087e+07		-4.36418		0		0		3.53986e+06		749.886		
00:00:38:799		1.2116e+07		-4.35435		0		0		3.54708e+06		751.092		
00:00:38:700		1.21234e+07		-4.34449		0		0		3.55633e+06		754.703		
00:00:38:600		1.21307e+07		-4.33461		0		0		3.56736e+06		760.145		
00:00:38:500		1.21379e+07		-4.32473		0		0		3.57317e+06		761.179		
00:00:38:299		1.21524e+07		-4.30497		0		0		3.57138e+06		757.868		
00:00:38:299		1.21524e+07		-4.30497		0		0		3.57138e+06		757.868		
00:00:38:200		1.21596e+07		-4.2951		0		0		3.57308e+06		757.037		
00:00:38:100		1.21668e+07		-4.28521		0		0		3.57938e+06		758.601		
00:00:38:000		1.2174e+07		-4.2753		0		0		3.58671e+06		759.686		
00:00:37:899		1.21812e+07		-4.26537		0		9.8667		3.59443e+06		761.504		
00:00:37:750		1.21921e+07		-4.25043		0		0		3.60989e+06		768.862		
00:00:37:750		1.21921e+07		-4.25043		0		0		3.60989e+06		768.862		
00:00:37:600		1.2203e+07		-4.23548		0		0		3.61637e+06		769.213		
00:00:37:399		1.22175e+07		-4.21558		0		0		3.61615e+06		766.288		
00:00:37:299		1.22247e+07		-4.20564		0		0		3.62077e+06		767.154		
00:00:37:200		1.22319e+07		-4.19572		0		0		3.62887e+06		768.606		
00:00:37:100		1.22391e+07		-4.18581		0		0		3.63729e+06		771.306		
00:00:37:100		1.22391e+07		-4.18581		0		0		3.63729e+06		771.306		
00:00:37:000		1.22464e+07		-4.17592		0		0		3.64788e+06		776.565		
00:00:36:899		1.22536e+07		-4.16605		0		0		3.65515e+06		778.491		
00:00:36:799		1.22609e+07		-4.15621		0		0		3.65455e+06		776.959		
00:00:36:700		1.22682e+07		-4.14638		0		0		3.65531e+06		776.239		
00:00:36:600		1.22755e+07		-4.13656		0		0		3.65709e+06		774.893		
00:00:36:399		1.22901e+07		-4.11688		0		0		3.6701e+06		777.359		
00:00:36:299		1.22974e+07		-4.10699		0		0		3.6783e+06		779.442		
00:00:36:299		1.22974e+07		-4.10699		0		0		3.6783e+06		779.442		
00:00:36:200		1.23048e+07		-4.09705		0		0		3.68882e+06		784.781		
00:00:36:100		1.23121e+07		-4.08704		0		0		3.69789e+06		787.778		
00:00:36:000		1.23194e+07		-4.07697		0		0		3.69772e+06		785.337		
00:00:35:899		1.23266e+07		-4.06681		0		0		3.69761e+06		783.89		
00:00:35:750		1.23376e+07		-4.05141		0		0		3.7048e+06		785.002		
00:00:35:700		1.23412e+07		-4.04624		0		0		3.70959e+06		786.609		
00:00:35:600		1.23485e+07		-4.03583		0		0		3.71949e+06		790.899		
00:00:35:350		1.23667e+07		-4.00975		0		0		3.72898e+06		792.24		
00:00:35:250		1.2374e+07		-3.99941		0		0		3.73094e+06		791.362		
00:00:35:250		1.2374e+07		-3.99941		0		0		3.73094e+06		791.362		
00:00:35:149		1.23814e+07		-3.9892		0		0		3.73382e+06		790.615		
00:00:35:100		1.2385e+07		-3.98416		0		11.8283		3.73664e+06		791.337		
00:00:35:000		1.23923e+07		-3.97421		0		0		3.74528e+06		793.316		
00:00:34:899		1.23997e+07		-3.96447		0		0		3.75448e+06		796.661		
00:00:34:799		1.2407e+07		-3.95493		0		0		3.7649e+06		801.538		
00:00:34:700		1.24143e+07		-3.94556		0		0		3.77032e+06		801.656		
00:00:34:600		1.24216e+07		-3.93634		0		0		3.7693e+06		799.675		
00:00:34:399		1.24362e+07		-3.91811		0		0		3.77748e+06		800.289		
00:00:34:299		1.24435e+07		-3.90901		0		0		3.78757e+06		804.229		
00:00:34:299		1.24435e+07		-3.90901		0		0		3.78757e+06		804.229		
00:00:34:149		1.24545e+07		-3.89528		0		0		3.79965e+06		808.373		
00:00:34:049		1.24618e+07		-3.88604		0		0		3.8006e+06		807.164		
00:00:33:950		1.24692e+07		-3.87672		0		0		3.80214e+06		806.349		
00:00:33:850		1.24765e+07		-3.8673		0		0		3.80524e+06		805.387		
00:00:33:750		1.24838e+07		-3.85778		0		0		3.81172e+06		806.98		
00:00:33:649		1.24912e+07		-3.84817		0		0		3.82187e+06		810.111		
00:00:33:549		1.24986e+07		-3.83847		0		0		3.83255e+06		815.158		
00:00:33:450		1.2506e+07		-3.82869		0		0		3.84012e+06		816.81		
00:00:33:350		1.25134e+07		-3.81885		0		0		3.84004e+06		814.759		
00:00:33:250		1.25208e+07		-3.80894		0		0		3.8416e+06		813.838		
00:00:33:149		1.25282e+07		-3.79898		0		0		3.8462e+06		813.963		
00:00:33:049		1.25356e+07		-3.78895		0		0		3.85522e+06		817.444		
00:00:32:950		1.2543e+07		-3.77887		0		0		3.86571e+06		821.782		
00:00:32:850		1.25504e+07		-3.76873		0		0		3.87264e+06		823.409		
00:00:32:750		1.25578e+07		-3.75856		0		0		3.87354e+06		822.132		
00:00:32:649		1.25651e+07		-3.74835		0		0		3.87541e+06		821.263		
00:00:32:549		1.25725e+07		-3.73812		0		0		3.87904e+06		820.561		
00:00:32:450		1.25798e+07		-3.72785		0		0		3.88649e+06		822.613		
00:00:32:350		1.25874e+07		-3.71757		0		0		3.8972e+06		826.384		
00:00:32:250		1.25948e+07		-3.70726		0		0		3.90793e+06		831.144		
00:00:32:149		1.26022e+07		-3.69695		0		0		3.91347e+06		831.438		
00:00:32:049		1.26096e+07		-3.68663		0		0		3.91348e+06		829.822		
00:00:31:949		1.2617e+07		-3.67629		0		0		3.91601e+06		828.938		
00:00:31:850		1.26244e+07		-3.66594		0		0		3.92137e+06		829.509		
00:00:31:750		1.26318e+07		-3.65556		0		0		3.93117e+06		833.276		
00:00:31:649		1.26392e+07		-3.64517		0		0		3.94199e+06		837.703		
00:00:31:649		1.26392e+07		-3.64517		0		0		3.94199e+06		837.703		
00:00:31:550		1.26466e+07		-3.63476		0		0		3.94855e+06		838.905		
00:00:31:300		1.26651e+07		-3.60868		0		0		3.95381e+06		836.413		
00:00:31:300		1.26651e+07		-3.60868		0		0		3.95381e+06		836.413		
00:00:31:199		1.26725e+07		-3.59822		0		0		3.95984e+06		837.291		
00:00:31:100		1.26799e+07		-3.58775		0		0		3.97039e+06		840.944		
00:00:30:899		1.26948e+07		-3.56678		0		0		3.98966e+06		847.825		
00:00:30:899		1.26948e+07		-3.56678		0		0		3.98966e+06		847.825		
00:00:30:800		1.27022e+07		-3.55627		0		0		3.99018e+06		845.742		
00:00:30:699		1.27096e+07		-3.54574		0		0		3.99203e+06		845.044		
00:00:30:600		1.2717e+07		-3.5352		0		0		3.99716e+06		844.879		
00:00:30:449		1.27282e+07		-3.51931		0		0		4.01172e+06		850.05		
00:00:30:350		1.27356e+07		-3.50869		0		0		4.02262e+06		854.371		
00:00:30:250		1.27431e+07		-3.49805		0		0		4.02922e+06		855.497		
00:00:30:149		1.27506e+07		-3.4874		0		0		4.03001e+06		853.944		
00:00:30:050		1.27581e+07		-3.47673		0		0		4.03266e+06		853.229		
00:00:29:949		1.27656e+07		-3.46604		0		0		4.03802e+06		853.191		
00:00:29:850		1.27731e+07		-3.45534		0		0		4.04721e+06		856.257		
00:00:29:850		1.27731e+07		-3.45534		0		0		4.04721e+06		856.257		
00:00:29:699		1.27845e+07		-3.43924		0		0		4.06423e+06		862.589		
00:00:29:600		1.2792e+07		-3.42849		0		0		4.0712e+06		863.863		
00:00:29:500		1.27996e+07		-3.41772		0		0		4.07288e+06		862.33		
00:00:29:300		1.28147e+07		-3.39611		0		11.0941		4.08302e+06		862.913		
00:00:29:199		1.28223e+07		-3.38527		0		0		4.093e+06		866.581		
00:00:29:199		1.28223e+07		-3.38527		0		0		4.093e+06		866.581		
00:00:29:100		1.28299e+07		-3.3744		0		0		4.10407e+06		870.549		
00:00:29:000		1.28375e+07		-3.3635		0		0		4.11106e+06		871.794		
00:00:28:899		1.28452e+07		-3.35258		0		0		4.11364e+06		870.762		
00:00:28:800		1.28528e+07		-3.34163		0		0		4.11787e+06		871.092		
00:00:28:699		1.28605e+07		-3.33066		0		0		4.12477e+06		872.126		
00:00:28:600		1.28681e+07		-3.31967		0		0		4.13297e+06		874.401		
00:00:28:500		1.28758e+07		-3.30867		0		0		4.14306e+06		877.606		
00:00:28:300		1.28912e+07		-3.28661		0		10.1487		4.15603e+06		878.757		
00:00:28:300		1.28912e+07		-3.28661		0		10.1487		4.15603e+06		878.757		
00:00:28:199		1.28989e+07		-3.27555		0		0		4.16092e+06		879.403		
00:00:28:100		1.29067e+07		-3.26447		0		0		4.17114e+06		883.132		
00:00:28:000		1.29144e+07		-3.25336		0		0		4.18121e+06		886.153		
00:00:27:899		1.29222e+07		-3.24224		0		0		4.18787e+06		887.97		
00:00:27:800		1.293e+07		-3.2311		0		0		4.19185e+06		887.275		
00:00:27:699		1.29378e+07		-3.21994		0		0		4.19646e+06		888.562		
00:00:27:500		1.29535e+07		-3.19756		0		0		4.2095e+06		891.2		
00:00:27:500		1.29535e+07		-3.19756		0		0		4.2095e+06		891.2		
00:00:27:300		1.29692e+07		-3.17509		0		0		4.22276e+06		893.834		
00:00:27:300		1.29692e+07		-3.17509		0		0		4.22276e+06		893.834		
00:00:27:199		1.2977e+07		-3.16383		0		0		4.23008e+06		896.254		
00:00:27:050		1.29888e+07		-3.14688		0		0		4.23917e+06		897.435		
00:00:27:000		1.29928e+07		-3.14122		0		0		4.24071e+06		897.113		
00:00:26:899		1.30007e+07		-3.12988		0		0		4.24545e+06		898.008		
00:00:26:800		1.30086e+07		-3.11851		0		0		4.25392e+06		900.621		
00:00:26:699		1.30166e+07		-3.10712		0		11.4815		4.26105e+06		901.576		
00:00:26:600		1.30245e+07		-3.0957		0		0		4.26675e+06		902.006		
00:00:26:399		1.30405e+07		-3.0728		0		0		4.28387e+06		908.252		
00:00:26:300		1.30485e+07		-3.06131		0		0		4.28928e+06		907.332		
00:00:26:300		1.30485e+07		-3.06131		0		0		4.28928e+06		907.332		
00:00:26:149		1.30605e+07		-3.04403		0		0		4.29587e+06		908.888		
00:00:26:050		1.30685e+07		-3.03249		0		0		4.30396e+06		910.237		
00:00:25:949		1.30765e+07		-3.02092		0		0		4.31022e+06		910.761		
00:00:25:850		1.30846e+07		-3.00932		0		0		4.31783e+06		912.461		
00:00:25:800		1.30886e+07		-3.00352		0		11.0286		4.32261e+06		914.251		
00:00:25:649		1.31007e+07		-2.98605		0		0		4.33754e+06		919.365		
00:00:25:550		1.31088e+07		-2.97436		0		0		4.34128e+06		918.037		
00:00:25:350		1.31251e+07		-2.9509		0		0		4.35257e+06		919.942		
00:00:25:250		1.31332e+07		-2.93913		0		0		4.36041e+06		921.316		
00:00:25:250		1.31332e+07		-2.93913		0		0		4.36041e+06		921.316		
00:00:25:149		1.31414e+07		-2.92732		0		0		4.36842e+06		922.659		
00:00:25:050		1.31496e+07		-2.91548		0		0		4.37812e+06		926.176		
00:00:24:949		1.31578e+07		-2.90361		0		0		4.38844e+06		929.957		
00:00:24:850		1.3166e+07		-2.8917		0		0		4.39397e+06		929.164		
00:00:24:750		1.31743e+07		-2.87975		0		0		4.39714e+06		929.243		
00:00:24:649		1.31825e+07		-2.86776		0		0		4.40409e+06		930.595		
00:00:24:550		1.31908e+07		-2.85574		0		0		4.41206e+06		932.048		
00:00:24:449		1.31991e+07		-2.84369		0		0		4.42022e+06		933.304		
00:00:24:250		1.32074e+07		-2.83161		0		0		4.42942e+06		936.359		
00:00:24:250		1.32158e+07		-2.8195		0		0		4.44019e+06		940.367		
00:00:24:149		1.32241e+07		-2.80736		0		0		4.44747e+06		940.625		
00:00:24:050		1.32325e+07		-2.79519		0		0		4.45017e+06		940.228		
00:00:23:949		1.32409e+07		-2.78299		0		0		4.45677e+06		941.442		
00:00:23:850		1.32493e+07		-2.77077		0		0		4.46486e+06		942.963		
00:00:23:750		1.32578e+07		-2.75852		0		0		4.47323e+06		944.292		
00:00:23:649		1.32663e+07		-2.74625		0		0		4.48205e+06		946.719		
00:00:23:550		1.32748e+07		-2.73395		0		0		4.4931e+06		950.831		
00:00:23:350		1.32919e+07		-2.70926		0		0		4.5049e+06		951.563		
00:00:23:350		1.32919e+07		-2.70926		0		0		4.5049e+06		951.563		
00:00:23:250		1.33005e+07		-2.69686		0		0		4.51082e+06		952.568		
00:00:23:149		1.33091e+07		-2.68443		0		0		4.51893e+06		954.143		
00:00:23:050		1.33178e+07		-2.67197		0		0		4.52742e+06		955.63		
00:00:22:949		1.33264e+07		-2.65947		0		0		4.53601e+06		957.311		
00:00:22:949		1.33264e+07		-2.65947		0		0		4.53601e+06		957.311		
00:00:22:800		1.33395e+07		-2.64066		0		12.0451		4.55214e+06		963.239		
00:00:22:699		1.33482e+07		-2.62807		0		12.5298		4.56025e+06		964.009		
00:00:22:600		1.3357e+07		-2.61544		0		12.8257		4.56337e+06		963.555		
00:00:22:449		1.33702e+07		-2.59642		0		0		4.57408e+06		965.494		
00:00:22:350		1.3379e+07		-2.58369		0		0		4.58266e+06		967.112		
00:00:22:250		1.33878e+07		-2.57092		0		0		4.59146e+06		968.515		
00:00:22:250		1.33878e+07		-2.57092		0		0		4.59146e+06		968.515		
00:00:22:149		1.33967e+07		-2.55812		0		0		4.60131e+06		970.208		
00:00:22:000		1.341e+07		-2.53884		0		12.9425		4.6171e+06		976.496		
00:00:21:899		1.3419e+07		-2.52593		0		13.4588		4.62122e+06		975.545		
00:00:21:800		1.34279e+07		-2.513		0		13.6275		4.62684e+06		976.37		
00:00:21:750		1.34324e+07		-2.50652		0		0		4.63074e+06		977.163		
00:00:21:600		1.34458e+07		-2.48705		0		13.6834		4.6439e+06		979.67		
00:00:21:500		1.34547e+07		-2.47403		0		11.2891		4.65284e+06		981.146		
00:00:21:300		1.34726e+07		-2.44787		0		10.2183		4.67438e+06		988.613		
00:00:21:300		1.34726e+07		-2.44787		0		10.2183		4.67438e+06		988.613		
00:00:21:199		1.34816e+07		-2.43472		0		10.6291		4.68076e+06		988.123		
00:00:21:100		1.34907e+07		-2.42153		0		17.2777		4.68497e+06		988.378		
00:00:21:000		1.34997e+07		-2.40829		0		10.9627		4.69267e+06		989.854		
00:00:20:899		1.35088e+07		-2.395		0		17.2313		4.70153e+06		991.529		
00:00:20:699		1.35272e+07		-2.3683		0		12.2286		4.72025e+06		995.687		
00:00:20:699		1.35272e+07		-2.3683		0		12.2286		4.72025e+06		995.687		
00:00:20:600		1.35364e+07		-2.35488		0		17.324		4.73205e+06		999.952		
00:00:20:500		1.35456e+07		-2.34141		0		11.1594		4.74105e+06		1001.21		
00:00:20:300		1.35642e+07		-2.31434		0		11.7345		4.75185e+06		1001.94		
00:00:20:300		1.35642e+07		-2.31434		0		11.7345		4.75185e+06		1001.94		
00:00:20:199		1.35735e+07		-2.30073		0		11.7345		4.76071e+06		1003.67		
00:00:20:100		1.35829e+07		-2.28708		0		11.9216		4.76999e+06		1005.37		
00:00:20:000		1.35923e+07		-2.27338		0		12.8842		4.77935e+06		1007.15		
00:00:19:899		1.36017e+07		-2.25965		0		12.41		4.79062e+06		1011.33		
00:00:19:800		1.36112e+07		-2.24587		0		11.7345		4.80166e+06		1014.49		
00:00:19:699		1.36206e+07		-2.23206		0		12.2286		4.8068e+06		1013.67		
00:00:19:600		1.36302e+07		-2.21822		0		12.41		4.81243e+06		1014.4		
00:00:19:500		1.36397e+07		-2.20435		0		12.47		4.8208e+06		1016.05		
00:00:19:300		1.36589e+07		-2.17654		0		10.3566		4.83949e+06		1019.34		
00:00:19:300		1.36589e+07		-2.17654		0		10.3566		4.83949e+06		1019.34		
00:00:19:199		1.36685e+07		-2.16261		0		10.6291		4.8496e+06		1022.49		
00:00:19:100		1.36781e+07		-2.14867		0		12.47		4.86169e+06		1026.7		
00:00:19:000		1.36877e+07		-2.13473		0		12.8842		4.86978e+06		1027.08		
00:00:18:899		1.36973e+07		-2.1208		0		10.1487		4.87411e+06		1027.14		
00:00:18:800		1.3707e+07		-2.10687		0		10.3566		4.88183e+06		1028.51		
00:00:18:649		1.37216e+07		-2.08602		0		10.5614		4.89579e+06		1031.18		
00:00:18:550		1.37314e+07		-2.07214		0		11.4815		4.90542e+06		1032.89		
00:00:18:449		1.37412e+07		-2.05828		0		10.9627		4.9164e+06		1037.05		
00:00:18:350		1.3751e+07		-2.04445		0		10.5614		4.92794e+06		1040.03		
00:00:18:250		1.37608e+07		-2.03064		0		11.0286		4.93306e+06		1039.25		
00:00:18:199		1.37658e+07		-2.02375		0		10.8966		4.93573e+06		1039.69		
00:00:18:100		1.37757e+07		-2.01		0		11.1594		4.94385e+06		1041.15		
00:00:18:000		1.37857e+07		-1.99629		0		11.6716		4.95321e+06		1042.99		
00:00:17:899		1.37957e+07		-1.98264		0		11.9216		4.96306e+06		1043.7		
00:00:17:750		1.38107e+07		-1.96224		0		11.6716		4.97888e+06		1049.21		
00:00:17:649		1.38208e+07		-1.9487		0		11.8595		4.98509e+06		1049.85		
00:00:17:550		1.38309e+07		-1.93522		0		12.2893		4.99345e+06		1051.43		
00:00:17:449		1.38411e+07		-1.9218		0		12.5298		5.00253e+06		1053.36		
00:00:17:350		1.38513e+07		-1.90844		0		12.47		5.0124e+06		1055.81		
00:00:17:250		1.38615e+07		-1.89513		0		12.7079		5.02141e+06		1057.32		
00:00:17:149		1.38718e+07		-1.88189		0		12.8842		5.02989e+06		1058.97		
00:00:17:050		1.38821e+07		-1.86872		0		13.1164		5.03901e+06		1060.81		
00:00:16:949		1.38926e+07		-1.85562		0		13.2313		5.04837e+06		1062.82		
00:00:16:850		1.3903e+07		-1.84259		0		13.4022		5.05782e+06		1064.77		
00:00:16:750		1.39136e+07		-1.8296		0		13.5714		5.06694e+06		1066.56		
00:00:16:649		1.39241e+07		-1.81665		0		13.7391		5.0762e+06		1068.46		
00:00:16:550		1.39348e+07		-1.80371		0		13.9051		5.08557e+06		1070.38		
00:00:16:449		1.39456e+07		-1.79078		0		14.0697		5.09498e+06		1072.32		
00:00:16:350		1.39565e+07		-1.77784		0		14.2867		5.10434e+06		1074.2		
00:00:16:250		1.39675e+07		-1.76487		0		14.5012		5.11373e+06		1076.11		
00:00:16:149		1.39786e+07		-1.75186		0		14.6076		5.12318e+06		1078.03		
00:00:16:050		1.399e+07		-1.73879		0		14.8184		5.13267e+06		1079.96		
00:00:16:000		1.39957e+07		-1.73223		0		14.9229		5.13742e+06		1079.2		
00:00:15:849		1.40132e+07		-1.71242		0		15.2331		5.15172e+06		1083.81		
00:00:15:750		1.40252e+07		-1.69909		0		15.4371		5.16131e+06		1085.74		
00:00:15:650		1.40376e+07		-1.68566		0		15.5384		5.17095e+06		1087.68		
00:00:15:550		1.40503e+07		-1.67212		0		15.7392		5.18066e+06		1089.64		
00:00:15:349		1.40765e+07		-1.64482		0		16.1349		5.20024e+06		1093.6		
00:00:15:250		1.40896e+07		-1.63101		0		16.3299		5.2101e+06		1095.6		
00:00:15:250		1.40896e+07		-1.63101		0		16.3299		5.2101e+06		1095.6		
00:00:15:150		1.41027e+07		-1.61706		0		16.5229		5.22002e+06		1097.61		
00:00:15:050		1.41156e+07		-1.60296		0		16.7142		5.22997e+06		1099.63		
00:00:14:949		1.41281e+07		-1.58866		0		16.9038		5.23996e+06		1101.64		
00:00:14:849		1.41401e+07		-1.57413		0		17.0916		5.24997e+06		1103.66		
00:00:14:750		1.41512e+07		-1.55942		0		17.2777		5.26003e+06		1105.69		
00:00:14:650		1.41621e+07		-1.54465		0		17.4623		5.27014e+06		1107.73		
00:00:14:500		1.41781e+07		-1.52236		0		17.7814		5.28539e+06		1110.8		
00:00:14:500		1.41781e+07		-1.52236		0		17.7814		5.28539e+06		1110.8		
00:00:14:300		1.41991e+07		-1.49243		0		18.185		5.3059e+06		1114.92		
00:00:14:199		1.42097e+07		-1.47736		0		18.4061		5.31624e+06		1116.99		
00:00:14:199		1.42097e+07		-1.47736		0		18.4061		5.31624e+06		1116.99		
00:00:14:099		1.42203e+07		-1.46228		0		18.5814		5.32664e+06		1119.08		
00:00:14:000		1.42305e+07		-1.44713		0		18.7986		5.3371e+06		1121.17		
00:00:13:900		1.42412e+07		-1.432		0		19.0137		5.34762e+06		1123.29		
00:00:13:800		1.42519e+07		-1.41683		0		19.0992		5.35821e+06		1125.41		
00:00:13:699		1.42627e+07		-1.4016		0		19.3116		5.36885e+06		1127.55		
00:00:13:599		1.42733e+07		-1.38633		0		19.5221		5.37955e+06		1129.71		
00:00:13:500		1.4284e+07		-1.37102		0		19.6891		5.39029e+06		1131.86		
00:00:13:349		1.43e+07		-1.34796		0		20.0606		5.40649e+06		1135.1		
00:00:13:349		1.43e+07		-1.34796		0		20.0606		5.40649e+06		1135.1		
00:00:13:250		1.43106e+07		-1.33251		0		20.2239		5.4174e+06		1137.28		
00:00:13:099		1.43264e+07		-1.30925		0		20.507		5.43391e+06		1140.58		
00:00:13:000		1.4337e+07		-1.29369		0		20.7072		5.44501e+06		1142.8		
00:00:12:900		1.43475e+07		-1.27806		0.0662951		20.9059		5.45619e+06		1145.03		
00:00:12:800		1.43579e+07		-1.26239		0.198987		21.0243		5.46745e+06		1147.27		
00:00:12:699		1.43683e+07		-1.24665		0.330873		21.2204		5.4788e+06		1149.53		
00:00:12:599		1.43786e+07		-1.23085		0.461295		21.3762		5.49022e+06		1151.8		
00:00:12:500		1.43889e+07		-1.215		0.5896		21.5696		5.50175e+06		1154.08		
00:00:12:300		1.44093e+07		-1.18312		0.83712		21.838		5.5251e+06		1158.72		
00:00:12:300		1.44093e+07		-1.18312		0.83712		21.838		5.5251e+06		1158.72		
00:00:12:250		1.44143e+07		-1.17511		0.896661		21.9141		5.53101e+06		1159.9		
00:00:12:000		1.44386e+07		-1.1348		1.17769		22.2165		5.56088e+06		1165.84		
00:00:12:000		1.44386e+07		-1.1348		1.17769		22.2165		5.56088e+06		1165.84		
00:00:11:900		1.44479e+07		-1.11859		1.28144		22.2916		5.57296e+06		1168.23		
00:00:11:800		1.44572e+07		-1.10243		1.38001		22.4038		5.58515e+06		1170.63		
00:00:11:699		1.44669e+07		-1.08632		1.47328		22.5155		5.59746e+06		1173.05		
00:00:11:599		1.44772e+07		-1.07022		1.56125		22.5526		5.60992e+06		1175.51		
00:00:11:500		1.44874e+07		-1.05392		1.64391		22.6267		5.62252e+06		1178		
00:00:11:400		1.44971e+07		-1.03762		1.72089		22.7006		5.63526e+06		1180.53		
00:00:11:300		1.45066e+07		-1.02123		1.79184		22.7375		5.64814e+06		1183.08		
00:00:11:199		1.45156e+07		-1.00474		1.85871		22.7743		5.66114e+06		1185.69		
00:00:11:099		1.45239e+07		-0.9881		1.92322		22.8111		5.67427e+06		1188.34		
00:00:11:000		1.45316e+07		-0.9714		1.98607		23.6789		5.68746e+06		1191.03		
00:00:10:900		1.45389e+07		-0.954825		2.04703		31.2812		5.70068e+06		1193.73		
00:00:10:800		1.45465e+07		-0.938407		2.11353		36.5277		5.71389e+06		1196.41		
00:00:10:699		1.45545e+07		-0.922165		2.1792		40.3988		5.72708e+06		1199.1		
00:00:10:550		1.45677e+07		-0.898175		2.26254		44.5088		5.7469e+06		1203.15		
00:00:10:449		1.45775e+07		-0.882413		2.31475		46.4382		5.76012e+06		1205.86		
00:00:10:250		1.45988e+07		-0.851069		2.39976		49.2289		5.78639e+06		1211.16		
00:00:10:250		1.45988e+07		-0.851069		2.39976		49.2289		5.78639e+06		1211.16		
00:00:10:150		1.46094e+07		-0.835408		2.4388		50.3267		5.79951e+06		1213.78		
00:00:10:050		1.462e+07		-0.819746		2.47581		51.2426		5.81269e+06		1216.43		
00:00:09:949		1.46306e+07		-0.804087		2.51119		52.0384		5.82596e+06		1219.12		
00:00:09:849		1.46412e+07		-0.788429		2.54435		52.7017		5.8393e+06		1221.85		
00:00:09:800		1.46465e+07		-0.780605		2.56081		52.9959		5.84598e+06		1223.22		
00:00:09:699		1.46571e+07		-0.764966		2.59323		53.5285		5.85929e+06		1225.93		
00:00:09:550		1.4673e+07		-0.741542		2.63509		54.1748		5.87914e+06		1229.94		
00:00:09:449		1.46835e+07		-0.725952		2.66134		54.5793		5.89232e+06		1232.58		
00:00:09:250		1.47045e+07		-0.694841		2.7099		55.2306		5.91877e+06		1237.87		
00:00:09:250		1.47045e+07		-0.694841		2.7099		55.2306		5.91877e+06		1237.87		
00:00:09:150		1.4715e+07		-0.679341		2.73247		55.5124		5.93206e+06		1240.54		
00:00:09:050		1.47255e+07		-0.663881		2.75389		55.7598		5.94537e+06		1243.2		
00:00:08:949		1.47359e+07		-0.64846		2.77395		55.9734		5.95872e+06		1245.88		
00:00:08:849		1.47463e+07		-0.633082		2.79278		56.1536		5.97209e+06		1248.56		
00:00:08:750		1.47567e+07		-0.617751		2.81061		56.3333		5.98547e+06		1251.24		
00:00:08:650		1.4767e+07		-0.602468		2.82792		56.4961		5.99886e+06		1253.92		
00:00:08:550		1.47774e+07		-0.587248		2.84462		56.6423		6.01227e+06		1256.6		
00:00:08:449		1.47877e+07		-0.572087		2.86037		56.7881		6.02571e+06		1259.3		
00:00:08:349		1.4798e+07		-0.55699		2.87491		56.8852		6.03916e+06		1262		
00:00:08:250		1.48082e+07		-0.541957		2.88868		56.982		6.05255e+06		1264.68		
00:00:08:150		1.48184e+07		-0.526991		2.90185		57.0304		6.06589e+06		1267.31		
00:00:08:050		1.48286e+07		-0.512106		2.91403		57.0788		6.07921e+06		1269.9		
00:00:08:050		1.48286e+07		-0.512106		2.91403		57.0788		6.07921e+06		1269.9		
00:00:07:950		1.48439e+07		-0.489929		2.93124		57.0465		6.09923e+06		1273.75		
00:00:07:799		1.48541e+07		-0.475257		2.94231		57.0626		6.11271e+06		1276.32		
00:00:07:700		1.48642e+07		-0.460676		2.95274		57.0143		6.12635e+06		1278.9		
00:00:07:549		1.48793e+07		-0.438991		2.96764		56.9013		6.1471e+06		1282.72		
00:00:07:549		1.48793e+07		-0.438991		2.96764		56.9013		6.1471e+06		1282.72		
00:00:07:299		1.49046e+07		-0.403333		2.98826		56.5449		6.18327e+06		1289.29		
00:00:07:200		1.49147e+07		-0.389253		2.99546		56.3496		6.1987e+06		1292.24		
00:00:07:200		1.49147e+07		-0.389253		2.99546		56.3496		6.1987e+06		1292.24		
00:00:07:099		1.49248e+07		-0.375284		3.0023		55.9899		6.21467e+06		1295.37		
00:00:07:000		1.49349e+07		-0.361428		3.00883		55.2306		6.23098e+06		1298.6		
00:00:06:900		1.4945e+07		-0.347706		3.0153		54.4952		6.24745e+06		1301.85		
00:00:06:799		1.49551e+07		-0.334113		3.02125		53.5969		6.26402e+06		1305.14		
00:00:06:700		1.49652e+07		-0.320643		3.02697		52.6148		6.28068e+06		1308.43		
00:00:06:599		1.49754e+07		-0.30728		3.03222		51.5269		6.29742e+06		1311.74		
00:00:06:500		1.49857e+07		-0.294032		3.03528		50.4533		6.31425e+06		1315.07		
00:00:06:400		1.4996e+07		-0.280908		3.03797		49.3212		6.33113e+06		1318.4		
00:00:06:299		1.50064e+07		-0.267928		3.04178		48.1645		6.34806e+06		1321.72		
00:00:06:200		1.50169e+07		-0.255069		3.04563		46.9043		6.36508e+06		1325.06		
00:00:06:099		1.50276e+07		-0.242327		3.04755		45.612		6.38218e+06		1328.4		
00:00:06:000		1.50384e+07		-0.229697		3.04896		44.1627		6.39933e+06		1331.74		
00:00:05:900		1.50493e+07		-0.217151		3.04975		42.457		6.41655e+06		1335.07		
00:00:05:799		1.50604e+07		-0.204682		3.04922		40.2211		6.43382e+06		1338.34		
00:00:05:650		1.50771e+07		-0.186021		3.04802		37.1783		6.4598e+06		1343.04		
00:00:05:599		1.50824e+07		-0.17975		3.04789		37.6064		6.46855e+06		1344.61		
00:00:05:450		1.5096e+07		-0.160973		3.04545		35.5691		6.4957e+06		1349.6		
00:00:05:349		1.51048e+07		-0.148676		3.04234		33.4998		6.51428e+06		1352.89		
00:00:05:250		1.51136e+07		-0.136557		3.03825		31.3648		6.53292e+06		1355.84		
00:00:05:150		1.51226e+07		-0.124619		3.03313		29.2702		6.55149e+06		1357.85		
00:00:05:049		1.51318e+07		-0.112875		3.02812		27.2241		6.56977e+06		1357.6		
00:00:05:000		1.51412e+07		-0.101327		3.02193		25.304		6.58756e+06		1351.85		
00:00:04:849		1.51508e+07		-0.0899606		3.01308		23.5362		6.6045e+06		1332.88		
00:00:04:750		1.51607e+07		-0.078764		3.00271		21.99		6.62028e+06		1277.05		
00:00:04:650		1.51707e+07		-0.0677218		2.99227		20.5873		6.6349e+06		1222.91		
00:00:04:549		1.51808e+07		-0.056807		2.98227		19.2269		6.64846e+06		1172.42		
00:00:04:450		1.51907e+07		-0.046041		2.97187		18.096		6.66104e+06		1126.07		
00:00:04:250		1.52107e+07		-0.0249968		2.94646		16.4748		6.68364e+06		1046.57		
00:00:04:250		1.52107e+07		-0.0249968		2.94646		16.4748		6.68364e+06		1046.57		
00:00:04:150		1.52206e+07		-0.0147161		2.93128		18.4939		6.69383e+06		1013.19		
00:00:04:049		1.52305e+07		-0.00459766		2.91778		28.4005		6.70339e+06		983.658		
00:00:03:950		1.52403e+07		0.00535679		2.90641		38.217		6.71238e+06		957.587		
00:00:03:850		1.525e+07		0.0151443		2.89281		46.7688		6.72088e+06		934.591		
00:00:03:750		1.52597e+07		0.024754		2.87355		54.6799		6.72892e+06		914.265		
00:00:03:649		1.52694e+07		0.0341587		2.85084		62.1956		6.73655e+06		896.213		
00:00:03:549		1.5279e+07		0.0433197		2.83246		69.4241		6.74381e+06		880.081		
00:00:03:450		1.52885e+07		0.0522413		2.82373		76.4674		6.75072e+06		865.479		
00:00:03:350		1.5298e+07		0.0609407		2.81399		83.3253		6.7573e+06		852.002		
00:00:03:250		1.53074e+07		0.0694432		2.79068		90.0174		6.76356e+06		839.199		
00:00:03:149		1.5317e+07		0.077745		2.75336		96.4791		6.7695e+06		826.495		
00:00:03:049		1.53267e+07		0.0857983		2.72698		102.715		6.77509e+06		813.171		
00:00:02:950		1.53365e+07		0.0935078		2.73356		108.851		6.78034e+06		798.416		
00:00:02:850		1.5346e+07		0.100753		2.74423		114.934		6.78527e+06		784.52		
00:00:02:850		1.5346e+07		0.100753		2.74423		114.934		6.78527e+06		784.52		
00:00:02:649		1.53621e+07		0.113826		2.62814		125.971		6.79428e+06		759.344		
00:00:02:500		1.53729e+07		0.122799		2.58111		134.326		6.80048e+06		743.173		
00:00:02:500		1.53729e+07		0.122799		2.58111		134.326		6.80048e+06		743.173		
00:00:02:399		1.53812e+07		0.128799		2.69786		140.568		6.80448e+06		734.238		
00:00:02:200		1.53989e+07		0.140142		2.80414		160.452		6.81273e+06		724.05		
00:00:02:200		1.53989e+07		0.140142		2.80414		160.452		6.81273e+06		724.05		
00:00:02:100		1.54077e+07		0.145459		2.83057		184.5		6.81732e+06		725.716		
00:00:02:000		1.54167e+07		0.150549		2.8501		224.891		6.82253e+06		735.398		
00:00:01:899		1.5426e+07		0.15537		2.86311		271.113		6.82864e+06		757.727		
00:00:01:800		1.54356e+07		0.159811		2.87061		316.6		6.83596e+06		798.939		
00:00:01:699		1.54455e+07		0.163713		2.87393		358.766		6.84462e+06		862.866		
00:00:01:600		1.5455e+07		0.166927		2.87588		396.385		6.85429e+06		923.296		
00:00:01:500		1.54634e+07		0.169372		2.87605		429.067		6.86459e+06		955.216		
00:00:01:300		1.54743e+07		0.172068		2.86638		480.631		6.8862e+06		997.348		
00:00:01:199		1.54769e+07		0.172587		2.85694		499.441		6.89689e+06		989.942		
00:00:01:199		1.54769e+07		0.172587		2.85694		499.441		6.89689e+06		989.942		
00:00:01:100		1.54781e+07		0.172796		2.84686		511.943		6.90712e+06		981.933		
00:00:01:000		1.54786e+07		0.172854		2.83893		519.085		6.91649e+06		973.389		
00:00:00:900		1.54786e+07		0.172858		2.83738		524.517		6.92623e+06		964.581		
00:00:00:800		1.54786e+07		0.17285		2.83595		528.262		6.93661e+06		952.349		
00:00:00:699		1.54786e+07		0.172843		2.83551		530.011		6.94622e+06		934.171		
00:00:00:599		1.54786e+07		0.17284		2.83558		530.307		6.95448e+06		906.097		
00:00:00:500		1.54786e+07		0.172839		2.83574		530.225		6.96071e+06		862.23		
00:00:00:299		1.54786e+07		0.17284		2.83568		530.216		6.96485e+06		526.822		
00:00:00:299		1.54786e+07		0.17284		2.83568		530.216		6.96485e+06		526.822		
00:00:00:200		1.54785e+07		0.17284		2.83572		530.219		6.96484e+06		526.818		
00:00:00:100		1.54785e+07		0.17284		2.83572		530.221		6.96484e+06		526.821		
00:00:00:000		1.54785e+07		0.17284		2.83571		530.225		6.96483e+06		526.826		
00:00:00:000		1.54785e+07		0.17284		2.83571		530.225		6.96483e+06		526.826		
00:00:00:000		1.54785e+07		0.17284		2.83571		530.225		6.96483e+06		526.826		
00:00:00:000		1.54785e+07		0.17284		2.83571		530.225		6.96483e+06		526.826		
00:00:00:000		1.54785e+07		0.17284		2.83571		530.225		6.96483e+06		526.826		
00:00:00:000		1.54785e+07		0.17284		2.83571		530.225		6.96483e+06		526.826		
