	time 		rcpppzr	rcp054rcp007mnzoyout	rcv501std0102fvol	fwfrcp001gv	rcppmssga	msfsg(1)	
00:01:04:450		1.21173e+07		-4.66856		0		0		4.66894e+06		401.506		
00:01:04:349		1.21209e+07		-4.66352		0		0		4.6717e+06		401.007		
00:01:04:200		1.21262e+07		-4.65598		0		0		4.67583e+06		402.103		
00:01:04:200		1.21262e+07		-4.65598		0		0		4.67583e+06		402.103		
00:01:04:099		1.21297e+07		-4.65099		0		0		4.67857e+06		402.33		
00:01:03:899		1.21368e+07		-4.64112		0		0		4.68409e+06		402.783		
00:01:03:899		1.21368e+07		-4.64112		0		0		4.68409e+06		402.783		
00:01:03:700		1.21435e+07		-4.63145		0		0		4.68968e+06		403.266		
00:01:03:700		1.21435e+07		-4.63145		0		0		4.68968e+06		403.266		
00:01:03:600		1.21468e+07		-4.62664		0		0		4.69248e+06		403.508		
00:01:03:500		1.215e+07		-4.62183		0		0		4.69528e+06		403.742		
00:01:03:399		1.21533e+07		-4.61704		0		0		4.69807e+06		403.97		
00:01:03:299		1.21565e+07		-4.61225		0		0		4.70088e+06		404.199		
00:01:03:200		1.21597e+07		-4.60746		0		0		4.70371e+06		404.436		
00:01:03:100		1.21629e+07		-4.60268		0		0		4.70656e+06		404.682		
00:01:03:000		1.21662e+07		-4.59791		0		0		4.70942e+06		404.929		
00:01:02:899		1.21693e+07		-4.59315		0		0		4.71227e+06		405.168		
00:01:02:649		1.21772e+07		-4.58127		0		0		4.71942e+06		405.75		
00:01:02:649		1.21772e+07		-4.58127		0		0		4.71942e+06		405.75		
00:01:02:549		1.21804e+07		-4.57654		0		0		4.72231e+06		405.993		
00:01:02:450		1.21835e+07		-4.57181		0		0		4.72523e+06		406.244		
00:01:02:350		1.21866e+07		-4.56709		0		0		4.72815e+06		406.497		
00:01:02:299		1.21882e+07		-4.56473		0		0		4.72961e+06		405.834		
00:01:02:149		1.21928e+07		-4.55767		0		0		4.73399e+06		406.982		
00:01:02:049		1.21959e+07		-4.55297		0		0		4.73691e+06		407.218		
00:01:01:950		1.2199e+07		-4.54828		0		0		4.73986e+06		407.461		
00:01:01:750		1.22051e+07		-4.53891		0		0		4.74582e+06		407.973		
00:01:01:649		1.22082e+07		-4.53424		0		0		4.74881e+06		408.229		
00:01:01:649		1.22082e+07		-4.53424		0		0		4.74881e+06		408.229		
00:01:01:549		1.22112e+07		-4.52958		0		0		4.75179e+06		408.476		
00:01:01:450		1.22143e+07		-4.52492		0		0		4.75478e+06		408.717		
00:01:01:350		1.22173e+07		-4.52027		0		0		4.75778e+06		408.961		
00:01:01:250		1.22203e+07		-4.51563		0		0		4.76081e+06		409.215		
00:01:01:149		1.22233e+07		-4.511		0		0		4.76386e+06		409.478		
00:01:01:049		1.22264e+07		-4.50637		0		0		4.76692e+06		409.741		
00:01:00:950		1.22294e+07		-4.50176		0		0		4.76998e+06		409.997		
00:01:00:850		1.22324e+07		-4.49715		0		0		4.77303e+06		410.246		
00:01:00:750		1.22354e+07		-4.49254		0		0		4.7761e+06		410.494		
00:01:00:649		1.22384e+07		-4.48795		0		0		4.77919e+06		410.751		
00:01:00:549		1.22413e+07		-4.48336		0		0		4.78231e+06		411.02		
00:01:00:450		1.22443e+07		-4.47877		0		0		4.78544e+06		411.297		
00:01:00:350		1.22473e+07		-4.47419		0		0		4.78857e+06		411.57		
00:01:00:200		1.22517e+07		-4.46734		0		0		4.79323e+06		411.958		
00:01:00:200		1.22517e+07		-4.46734		0		0		4.79323e+06		411.958		
00:01:00:000		1.22576e+07		-4.45821		0		0		4.79948e+06		412.475		
00:01:00:000		1.22576e+07		-4.45821		0		0		4.79948e+06		412.475		
00:00:59:950		1.22591e+07		-4.45593		0		0		4.80106e+06		412.611		
00:00:59:750		1.2265e+07		-4.44682		0		0		4.80738e+06		413.168		
00:00:59:750		1.2265e+07		-4.44682		0		0		4.80738e+06		413.168		
00:00:59:649		1.22679e+07		-4.44228		0		0		4.81053e+06		413.437		
00:00:59:549		1.22709e+07		-4.43774		0		0		4.81367e+06		413.694		
00:00:59:450		1.22738e+07		-4.4332		0		0		4.81682e+06		413.951		
00:00:59:350		1.22767e+07		-4.42867		0		0		4.82e+06		414.219		
00:00:59:250		1.22796e+07		-4.42414		0		0		4.82319e+06		414.499		
00:00:59:149		1.22826e+07		-4.41961		0		0		4.82639e+06		414.785		
00:00:59:049		1.22855e+07		-4.41508		0		0		4.82958e+06		415.062		
00:00:58:950		1.22884e+07		-4.41055		0		0		4.83276e+06		415.325		
00:00:58:750		1.22942e+07		-4.40149		0		0		4.83913e+06		415.843		
00:00:58:750		1.22942e+07		-4.40149		0		0		4.83913e+06		415.843		
00:00:58:649		1.22971e+07		-4.39696		0		0		4.84236e+06		416.123		
00:00:58:549		1.23e+07		-4.39243		0		0		4.84561e+06		416.414		
00:00:58:350		1.23058e+07		-4.38336		0		0		4.85207e+06		416.958		
00:00:58:350		1.23058e+07		-4.38336		0		0		4.85207e+06		416.958		
00:00:58:250		1.23087e+07		-4.37883		0		0		4.8553e+06		417.231		
00:00:58:149		1.23116e+07		-4.37429		0		0		4.85856e+06		417.509		
00:00:58:049		1.23146e+07		-4.36975		0		0		4.86181e+06		417.788		
00:00:57:950		1.23175e+07		-4.36522		0		0		4.86508e+06		418.066		
00:00:57:700		1.23247e+07		-4.35387		0		0		4.87325e+06		418.763		
00:00:57:700		1.23247e+07		-4.35387		0		0		4.87325e+06		418.763		
00:00:57:649		1.23262e+07		-4.3516		0		0		4.87489e+06		418.904		
00:00:57:549		1.23291e+07		-4.34706		0		0		4.87817e+06		419.184		
00:00:57:450		1.2332e+07		-4.34252		0		0		4.88146e+06		419.465		
00:00:57:350		1.23349e+07		-4.33798		0		0		4.88476e+06		419.746		
00:00:57:250		1.23378e+07		-4.33343		0		0		4.88805e+06		420.027		
00:00:57:100		1.23422e+07		-4.32661		0		0		4.893e+06		420.449		
00:00:57:000		1.23451e+07		-4.32207		0		0		4.89631e+06		420.73		
00:00:56:899		1.2348e+07		-4.31752		0		0		4.89963e+06		421.01		
00:00:56:700		1.23538e+07		-4.30842		0		0		4.90628e+06		421.569		
00:00:56:700		1.23538e+07		-4.30842		0		0		4.90628e+06		421.569		
00:00:56:600		1.23567e+07		-4.30387		0		0		4.90962e+06		421.851		
00:00:56:500		1.23597e+07		-4.29932		0		0		4.91297e+06		422.132		
00:00:56:399		1.23626e+07		-4.29477		0		0		4.91633e+06		422.414		
00:00:56:299		1.23655e+07		-4.29022		0		0		4.9197e+06		422.697		
00:00:56:200		1.23684e+07		-4.28567		0		0		4.92308e+06		422.982		
00:00:56:100		1.23713e+07		-4.28111		0		0		4.92647e+06		423.266		
00:00:56:000		1.23742e+07		-4.27656		0		0		4.92987e+06		423.552		
00:00:55:799		1.238e+07		-4.26745		0		0		4.93671e+06		424.124		
00:00:55:700		1.23829e+07		-4.26289		0		0		4.94015e+06		424.412		
00:00:55:700		1.23829e+07		-4.26289		0		0		4.94015e+06		424.412		
00:00:55:600		1.23858e+07		-4.25833		0		0		4.9436e+06		424.698		
00:00:55:500		1.23887e+07		-4.25377		0		0		4.94706e+06		424.984		
00:00:55:399		1.23917e+07		-4.24921		0		0		4.95053e+06		425.269		
00:00:55:299		1.23946e+07		-4.24464		0		0		4.95403e+06		425.561		
00:00:55:149		1.23989e+07		-4.23779		0		0		4.9593e+06		426.006		
00:00:55:149		1.23989e+07		-4.23779		0		0		4.9593e+06		426.006		
00:00:54:950		1.24048e+07		-4.22866		0		0		4.96638e+06		426.6		
00:00:54:950		1.24048e+07		-4.22866		0		0		4.96638e+06		426.6		
00:00:54:750		1.24106e+07		-4.21951		0		0		4.97349e+06		427.198		
00:00:54:750		1.24106e+07		-4.21951		0		0		4.97349e+06		427.198		
00:00:54:700		1.24121e+07		-4.21722		0		0		4.97527e+06		427.499		
00:00:54:450		1.24193e+07		-4.20578		0		0		4.98423e+06		428.101		
00:00:54:450		1.24193e+07		-4.20578		0		0		4.98423e+06		428.101		
00:00:54:350		1.24223e+07		-4.2012		0		0		4.98783e+06		428.403		
00:00:54:250		1.24252e+07		-4.19661		0		0		4.99143e+06		428.705		
00:00:54:149		1.24281e+07		-4.19203		0		0		4.99505e+06		429.009		
00:00:54:049		1.2431e+07		-4.18745		0		0		4.99868e+06		429.313		
00:00:53:950		1.24339e+07		-4.18286		0		0		5.00232e+06		429.618		
00:00:53:750		1.24397e+07		-4.1737		0		0		5.00963e+06		430.233		
00:00:53:750		1.24397e+07		-4.1737		0		0		5.00963e+06		430.233		
00:00:53:649		1.24426e+07		-4.16913		0		0		5.01331e+06		430.543		
00:00:53:549		1.24455e+07		-4.16455		0		0		5.01699e+06		430.853		
00:00:53:450		1.24484e+07		-4.15998		0		0		5.02068e+06		431.163		
00:00:53:350		1.24513e+07		-4.15541		0		0		5.02438e+06		431.476		
00:00:53:250		1.24543e+07		-4.15085		0		0		5.0281e+06		431.791		
00:00:53:149		1.24572e+07		-4.14629		0		0		5.03182e+06		432.102		
00:00:53:049		1.24601e+07		-4.14173		0		0		5.03555e+06		432.414		
00:00:52:950		1.2463e+07		-4.13718		0		0		5.0393e+06		432.727		
00:00:52:700		1.24703e+07		-4.12581		0		0		5.04874e+06		433.517		
00:00:52:700		1.24703e+07		-4.12581		0		0		5.04874e+06		433.517		
00:00:52:649		1.24718e+07		-4.12353		0		0		5.05064e+06		433.676		
00:00:52:500		1.24761e+07		-4.11671		0		0		5.05636e+06		434.155		
00:00:52:399		1.2479e+07		-4.11215		0		0		5.06018e+06		434.476		
00:00:52:299		1.24819e+07		-4.10759		0		0		5.06402e+06		434.796		
00:00:52:200		1.24848e+07		-4.10303		0		0		5.06788e+06		435.119		
00:00:52:100		1.24877e+07		-4.09845		0		0		5.07175e+06		435.444		
00:00:52:000		1.24906e+07		-4.09387		0		0		5.07563e+06		435.769		
00:00:51:950		1.24921e+07		-4.09158		0		0		5.07758e+06		435.933		
00:00:51:700		1.24993e+07		-4.08008		0		0		5.08737e+06		436.761		
00:00:51:700		1.24993e+07		-4.08008		0		0		5.08737e+06		436.761		
00:00:51:600		1.25022e+07		-4.07547		0		0		5.0913e+06		437.09		
00:00:51:500		1.25051e+07		-4.07085		0		0		5.09524e+06		437.421		
00:00:51:399		1.2508e+07		-4.06624		0		0		5.09919e+06		437.751		
00:00:51:350		1.25094e+07		-4.06394		0		0		5.10118e+06		437.916		
00:00:51:200		1.25138e+07		-4.05703		0		0		5.10715e+06		438.408		
00:00:51:100		1.25167e+07		-4.05242		0		0		5.11115e+06		438.731		
00:00:51:000		1.25196e+07		-4.04783		0		0		5.11517e+06		438.987		
00:00:50:799		1.25253e+07		-4.03864		0		0		5.12325e+06		439.651		
00:00:50:700		1.25282e+07		-4.03406		0		0		5.12731e+06		439.991		
00:00:50:700		1.25282e+07		-4.03406		0		0		5.12731e+06		439.991		
00:00:50:600		1.25311e+07		-4.02947		0		0		5.13139e+06		440.332		
00:00:50:500		1.2534e+07		-4.02489		0		0		5.13548e+06		440.675		
00:00:50:399		1.25368e+07		-4.02032		0		0		5.13959e+06		441.019		
00:00:50:299		1.25397e+07		-4.01574		0		0		5.14371e+06		441.361		
00:00:50:200		1.25426e+07		-4.01117		0		0		5.14785e+06		441.705		
00:00:50:100		1.25454e+07		-4.0066		0		0		5.15202e+06		442.062		
00:00:50:000		1.25483e+07		-4.00203		0		0		5.1562e+06		441.271		
00:00:49:850		1.25483e+07		-4.00203		0		0		5.1562e+06		441.271		
00:00:49:750		1.25555e+07		-3.99062		0		0		5.16673e+06		443.27		
00:00:49:750		1.25555e+07		-3.99062		0		0		5.16673e+06		443.27		
00:00:49:649		1.25583e+07		-3.98606		0		0		5.171e+06		443.635		
00:00:49:549		1.25612e+07		-3.98151		0		0		5.17528e+06		444.001		
00:00:49:450		1.25641e+07		-3.97695		0		0		5.17957e+06		444.367		
00:00:49:350		1.25669e+07		-3.9724		0		0		5.18387e+06		444.733		
00:00:49:250		1.25698e+07		-3.96785		0		0		5.18817e+06		445.099		
00:00:49:149		1.25726e+07		-3.9633		0		0		5.19249e+06		445.465		
00:00:49:049		1.25755e+07		-3.95876		0		0		5.19681e+06		445.832		
00:00:48:950		1.25783e+07		-3.95421		0		0		5.20115e+06		446.199		
00:00:48:750		1.2584e+07		-3.94513		0		0		5.20986e+06		446.937		
00:00:48:750		1.2584e+07		-3.94513		0		0		5.20986e+06		446.937		
00:00:48:649		1.25869e+07		-3.9406		0		0		5.21424e+06		447.305		
00:00:48:549		1.25897e+07		-3.93606		0		0		5.21862e+06		447.672		
00:00:48:450		1.25926e+07		-3.93153		0		0		5.22303e+06		448.047		
00:00:48:350		1.25954e+07		-3.927		0		0		5.22745e+06		448.424		
00:00:48:250		1.25982e+07		-3.92247		0		0		5.23188e+06		448.788		
00:00:48:149		1.26011e+07		-3.91794		0		0		5.23633e+06		449.195		
00:00:48:049		1.26039e+07		-3.91342		0		0		5.24085e+06		449.721		
00:00:47:850		1.26096e+07		-3.90438		0		0		5.24948e+06		450.589		
00:00:47:750		1.26124e+07		-3.89986		0		0		5.25341e+06		450.748		
00:00:47:750		1.26124e+07		-3.89986		0		0		5.25341e+06		450.748		
00:00:47:649		1.26153e+07		-3.89535		0		0		5.25753e+06		450.993		
00:00:47:549		1.26181e+07		-3.89084		0		0		5.26192e+06		451.339		
00:00:47:450		1.26209e+07		-3.88633		0		0		5.26642e+06		451.711		
00:00:47:350		1.26238e+07		-3.88183		0		0		5.27096e+06		452.091		
00:00:47:250		1.26266e+07		-3.87734		0		0		5.27554e+06		452.494		
00:00:47:149		1.26295e+07		-3.87284		0		0		5.28014e+06		452.937		
00:00:47:049		1.26323e+07		-3.86835		0		0		5.28472e+06		452.183		
00:00:46:899		1.26366e+07		-3.86162		0		0		5.29144e+06		453.993		
00:00:46:700		1.26422e+07		-3.85265		0		0		5.30028e+06		454.812		
00:00:46:700		1.26422e+07		-3.85265		0		0		5.30028e+06		454.812		
00:00:46:649		1.26436e+07		-3.85041		0		0		5.30245e+06		455.006		
00:00:46:549		1.26465e+07		-3.84593		0		0		5.30679e+06		454.214		
00:00:46:399		1.26507e+07		-3.83922		0		0		5.31326e+06		455.938		
00:00:46:299		1.26535e+07		-3.83475		0		0		5.31757e+06		456.296		
00:00:46:200		1.26563e+07		-3.83029		0		0		5.32189e+06		456.649		
00:00:46:100		1.26592e+07		-3.82583		0		0		5.32623e+06		457		
00:00:46:000		1.2662e+07		-3.82137		0		0		5.3306e+06		457.346		
00:00:45:899		1.26648e+07		-3.81691		0		0		5.335e+06		457.695		
00:00:45:700		1.26703e+07		-3.80802		0		0		5.34391e+06		458.35		
00:00:45:700		1.26703e+07		-3.80802		0		0		5.34391e+06		458.35		
00:00:45:600		1.26731e+07		-3.80357		0		0		5.34848e+06		458.717		
00:00:45:500		1.26759e+07		-3.79913		0		0		5.35313e+06		459.093		
00:00:45:399		1.26787e+07		-3.7947		0		0		5.35782e+06		459.484		
00:00:45:299		1.26814e+07		-3.79027		0		0		5.36255e+06		459.883		
00:00:45:200		1.26842e+07		-3.78585		0		0		5.36729e+06		460.282		
00:00:45:100		1.2687e+07		-3.78143		0		0		5.37204e+06		460.681		
00:00:45:000		1.26898e+07		-3.77701		0		0		5.37681e+06		461.082		
00:00:44:799		1.26953e+07		-3.76819		0		0		5.3864e+06		461.893		
00:00:44:700		1.2698e+07		-3.76378		0		0		5.39121e+06		462.302		
00:00:44:700		1.2698e+07		-3.76378		0		0		5.39121e+06		462.302		
00:00:44:600		1.27008e+07		-3.75937		0		0		5.39603e+06		462.71		
00:00:44:500		1.27036e+07		-3.75496		0		0		5.40086e+06		463.114		
00:00:44:399		1.27063e+07		-3.75055		0		0		5.40571e+06		462.193		
00:00:44:250		1.27104e+07		-3.74394		0		0		5.41301e+06		464.13		
00:00:44:250		1.27104e+07		-3.74394		0		0		5.41301e+06		464.13		
00:00:44:049		1.27159e+07		-3.73511		0		0		5.42281e+06		464.955		
00:00:44:049		1.27159e+07		-3.73511		0		0		5.42281e+06		464.955		
00:00:43:950		1.27186e+07		-3.73069		0		0		5.42774e+06		465.369		
00:00:43:750		1.27241e+07		-3.72185		0		0		5.43763e+06		466.201		
00:00:43:750		1.27241e+07		-3.72185		0		0		5.43763e+06		466.201		
00:00:43:649		1.27268e+07		-3.71743		0		0		5.4426e+06		466.618		
00:00:43:549		1.27296e+07		-3.71302		0		0		5.44758e+06		467.038		
00:00:43:450		1.27323e+07		-3.7086		0		0		5.45258e+06		467.458		
00:00:43:350		1.2735e+07		-3.7042		0		0		5.4576e+06		467.88		
00:00:43:250		1.27378e+07		-3.6998		0		0		5.46263e+06		468.302		
00:00:43:100		1.27418e+07		-3.69322		0		0		5.47021e+06		468.939		
00:00:42:950		1.27459e+07		-3.68667		0		0		5.47782e+06		469.582		
00:00:42:950		1.27459e+07		-3.68667		0		0		5.47782e+06		469.582		
00:00:42:750		1.27514e+07		-3.67797		0		0		5.48803e+06		470.442		
00:00:42:750		1.27514e+07		-3.67797		0		0		5.48803e+06		470.442		
00:00:42:649		1.27541e+07		-3.67363		0		0		5.49316e+06		470.874		
00:00:42:549		1.27569e+07		-3.66929		0		0		5.49831e+06		471.306		
00:00:42:450		1.27596e+07		-3.66495		0		0		5.50349e+06		471.739		
00:00:42:350		1.27623e+07		-3.66059		0		0		5.50868e+06		472.173		
00:00:42:250		1.27651e+07		-3.65623		0		0		5.5139e+06		472.61		
00:00:42:149		1.27678e+07		-3.65184		0		0		5.51914e+06		473.049		
00:00:42:049		1.27706e+07		-3.64742		0		0		5.52441e+06		473.49		
00:00:41:850		1.27761e+07		-3.63848		0		0		5.53501e+06		474.377		
00:00:41:750		1.27788e+07		-3.63396		0		0		5.54035e+06		474.83		
00:00:41:750		1.27788e+07		-3.63396		0		0		5.54035e+06		474.83		
00:00:41:649		1.27815e+07		-3.62941		0		0		5.54571e+06		473.828		
00:00:41:500		1.27856e+07		-3.62252		0		0		5.55378e+06		475.971		
00:00:41:399		1.27884e+07		-3.61791		0		0		5.55918e+06		476.427		
00:00:41:299		1.27911e+07		-3.6133		0		0		5.56459e+06		476.884		
00:00:41:200		1.27939e+07		-3.60871		0		0		5.57002e+06		477.345		
00:00:41:100		1.27966e+07		-3.60415		0		0		5.57547e+06		477.808		
00:00:41:000		1.27994e+07		-3.59965		0		0		5.58093e+06		478.273		
00:00:40:799		1.28049e+07		-3.59087		0		0		5.59189e+06		479.199		
00:00:40:700		1.28077e+07		-3.58661		0		0		5.5974e+06		479.663		
00:00:40:700		1.28077e+07		-3.58661		0		0		5.5974e+06		479.663		
00:00:40:600		1.28104e+07		-3.58245		0		0		5.60292e+06		480.129		
00:00:40:549		1.28118e+07		-3.5804		0		0		5.60569e+06		480.362		
00:00:40:399		1.2816e+07		-3.57437		0		0		5.61402e+06		481.064		
00:00:40:299		1.28187e+07		-3.57043		0		0		5.6196e+06		481.534		
00:00:40:200		1.28215e+07		-3.56653		0		0		5.6252e+06		482.005		
00:00:40:100		1.28243e+07		-3.56265		0		0		5.63082e+06		482.478		
00:00:40:000		1.28271e+07		-3.55878		0		0		5.63645e+06		482.951		
00:00:39:799		1.28326e+07		-3.55098		0		0		5.64778e+06		483.897		
00:00:39:700		1.28354e+07		-3.54704		0		0		5.65348e+06		484.368		
00:00:39:700		1.28354e+07		-3.54704		0		0		5.65348e+06		484.368		
00:00:39:600		1.28382e+07		-3.54304		0		0		5.6592e+06		484.842		
00:00:39:500		1.2841e+07		-3.539		0		0		5.66496e+06		485.323		
00:00:39:399		1.28438e+07		-3.5349		0		0		5.67074e+06		485.806		
00:00:39:299		1.28466e+07		-3.53075		0		0		5.67655e+06		486.291		
00:00:39:200		1.28495e+07		-3.52654		0		0		5.68238e+06		486.78		
00:00:39:100		1.28523e+07		-3.52228		0		0		5.68823e+06		487.271		
00:00:39:000		1.28551e+07		-3.51797		0		0		5.69412e+06		487.767		
00:00:38:799		1.28608e+07		-3.50921		0		0		5.70596e+06		487.168		
00:00:38:649		1.28651e+07		-3.50251		0		0		5.71489e+06		489.539		
00:00:38:649		1.28651e+07		-3.50251		0		0		5.71489e+06		489.539		
00:00:38:649		1.28651e+07		-3.50251		0		0		5.71489e+06		489.539		
00:00:38:549		1.28679e+07		-3.498		0		0		5.72085e+06		490.045		
00:00:38:450		1.28707e+07		-3.49345		0		0		5.72684e+06		490.552		
00:00:38:350		1.28736e+07		-3.48886		0		0		5.73284e+06		491.061		
00:00:38:250		1.28764e+07		-3.48424		0		0		5.73886e+06		491.571		
00:00:38:049		1.28821e+07		-3.47491		0		0		5.75097e+06		492.597		
00:00:38:049		1.28821e+07		-3.47491		0		0		5.75097e+06		492.597		
00:00:37:950		1.28849e+07		-3.47019		0		0		5.75705e+06		493.113		
00:00:37:750		1.28906e+07		-3.46069		0		0		5.76927e+06		494.149		
00:00:37:750		1.28906e+07		-3.46069		0		0		5.76927e+06		494.149		
00:00:37:549		1.28964e+07		-3.45112		0		0		5.78158e+06		495.191		
00:00:37:549		1.28964e+07		-3.45112		0		0		5.78158e+06		495.191		
00:00:37:399		1.29007e+07		-3.4439		0		0		5.79086e+06		494.295		
00:00:37:399		1.29007e+07		-3.4439		0		0		5.79086e+06		494.295		
00:00:37:250		1.29051e+07		-3.43664		0		0		5.80019e+06		496.767		
00:00:37:149		1.2908e+07		-3.43179		0		0		5.80643e+06		497.295		
00:00:36:950		1.29138e+07		-3.42203		0		0		5.81898e+06		498.354		
00:00:36:950		1.29138e+07		-3.42203		0		0		5.81898e+06		498.354		
00:00:36:750		1.29196e+07		-3.4122		0		0		5.83163e+06		499.42		
00:00:36:649		1.29226e+07		-3.40726		0		0		5.838e+06		499.956		
00:00:36:649		1.29226e+07		-3.40726		0		0		5.838e+06		499.956		
00:00:36:549		1.29255e+07		-3.40231		0		0		5.84439e+06		500.494		
00:00:36:450		1.29285e+07		-3.39734		0		0		5.85081e+06		501.034		
00:00:36:350		1.29315e+07		-3.39235		0		0		5.85725e+06		501.579		
00:00:36:250		1.29344e+07		-3.38734		0		0		5.86373e+06		502.132		
00:00:36:149		1.29374e+07		-3.38231		0		0		5.87023e+06		502.692		
00:00:36:049		1.29404e+07		-3.37726		0		0		5.87675e+06		503.251		
00:00:35:950		1.29434e+07		-3.3722		0		0		5.88328e+06		502.047		
00:00:35:700		1.2951e+07		-3.35944		0		0		5.89966e+06		505.245		
00:00:35:700		1.2951e+07		-3.35944		0		0		5.89966e+06		505.245		
00:00:35:600		1.2954e+07		-3.3543		0		0		5.90622e+06		505.826		
00:00:35:500		1.2957e+07		-3.34914		0		0		5.91278e+06		506.409		
00:00:35:399		1.29601e+07		-3.34396		0		0		5.91933e+06		506.994		
00:00:35:299		1.29632e+07		-3.33875		0		0		5.92587e+06		507.571		
00:00:35:200		1.29662e+07		-3.33351		0		0		5.93238e+06		508.13		
00:00:35:100		1.29693e+07		-3.32825		0		0		5.93889e+06		508.685		
00:00:35:000		1.29724e+07		-3.32296		0		0		5.94542e+06		509.24		
00:00:34:850		1.29771e+07		-3.31496		0		0		5.95526e+06		508.295		
00:00:34:750		1.29802e+07		-3.30959		0		0		5.96186e+06		510.638		
00:00:34:750		1.29802e+07		-3.30959		0		0		5.96186e+06		510.638		
00:00:34:649		1.29834e+07		-3.30419		0		0		5.96848e+06		509.408		
00:00:34:500		1.29881e+07		-3.29605		0		0		5.97847e+06		512.059		
00:00:34:399		1.29913e+07		-3.29059		0		0		5.98516e+06		512.635		
00:00:34:299		1.29945e+07		-3.2851		0		0		5.99188e+06		513.215		
00:00:34:200		1.29977e+07		-3.27958		0		0		5.99862e+06		513.799		
00:00:34:100		1.30009e+07		-3.27403		0		0		6.00539e+06		514.386		
00:00:34:000		1.30042e+07		-3.26845		0		0		6.01218e+06		514.977		
00:00:33:799		1.30107e+07		-3.25719		0		0		6.02584e+06		516.182		
00:00:33:700		1.3014e+07		-3.25152		0		0		6.03271e+06		516.798		
00:00:33:700		1.3014e+07		-3.25152		0		0		6.03271e+06		516.798		
00:00:33:600		1.30174e+07		-3.24581		0		0		6.03959e+06		517.417		
00:00:33:500		1.30207e+07		-3.24007		0		0		6.04648e+06		518.035		
00:00:33:399		1.30241e+07		-3.2343		0		0		6.05338e+06		518.657		
00:00:33:299		1.30275e+07		-3.22849		0		0		6.06031e+06		519.283		
00:00:33:200		1.30309e+07		-3.22264		0		0		6.06725e+06		519.912		
00:00:33:200		1.30309e+07		-3.22264		0		0		6.06725e+06		519.912		
00:00:33:049		1.30361e+07		-3.21381		0		0		6.07771e+06		520.836		
00:00:32:950		1.30395e+07		-3.20787		0		0		6.08472e+06		521.428		
00:00:32:750		1.30465e+07		-3.19588		0		0		6.09884e+06		522.584		
00:00:32:649		1.30501e+07		-3.18982		0		0		6.10597e+06		523.166		
00:00:32:649		1.30501e+07		-3.18982		0		0		6.10597e+06		523.166		
00:00:32:549		1.30536e+07		-3.18372		0		0		6.11315e+06		523.758		
00:00:32:450		1.30572e+07		-3.17759		0		0		6.12038e+06		524.367		
00:00:32:350		1.30608e+07		-3.17142		0		0		6.12767e+06		525.003		
00:00:32:250		1.30645e+07		-3.16521		0		0		6.13499e+06		525.663		
00:00:32:049		1.30718e+07		-3.15267		0		0		6.14957e+06		527.01		
00:00:32:049		1.30718e+07		-3.15267		0		0		6.14957e+06		527.01		
00:00:31:949		1.30755e+07		-3.14634		0		0		6.15678e+06		527.671		
00:00:31:750		1.3083e+07		-3.13355		0		0		6.17104e+06		528.94		
00:00:31:750		1.3083e+07		-3.13355		0		0		6.17104e+06		528.94		
00:00:31:649		1.30868e+07		-3.12709		0		0		6.17811e+06		529.536		
00:00:31:500		1.30926e+07		-3.11732		0		0		6.18871e+06		530.389		
00:00:31:449		1.30945e+07		-3.11405		0		0		6.19226e+06		528.729		
00:00:31:300		1.31004e+07		-3.10414		0		0		6.20302e+06		531.505		
00:00:31:199		1.31043e+07		-3.09749		0		0		6.2103e+06		532.082		
00:00:31:100		1.31082e+07		-3.09078		0		0		6.21769e+06		532.687		
00:00:31:050		1.31102e+07		-3.08741		0		0		6.22142e+06		532.995		
00:00:30:949		1.31142e+07		-3.08064		0		0		6.22891e+06		533.609		
00:00:30:750		1.31223e+07		-3.06696		0		0		6.24408e+06		534.853		
00:00:30:750		1.31223e+07		-3.06696		0		0		6.24408e+06		534.853		
00:00:30:550		1.31306e+07		-3.0531		0		0		6.25948e+06		536.082		
00:00:30:550		1.31306e+07		-3.0531		0		0		6.25948e+06		536.082		
00:00:30:449		1.31347e+07		-3.0461		0		0		6.26729e+06		536.684		
00:00:30:350		1.31389e+07		-3.03903		0		0		6.27521e+06		537.325		
00:00:30:250		1.31453e+07		-3.02833		0		0		6.28728e+06		538.3		
00:00:30:100		1.31496e+07		-3.02114		0		0		6.29544e+06		538.989		
00:00:30:000		1.31539e+07		-3.0139		0		0		6.3037e+06		539.768		
00:00:29:899		1.31583e+07		-3.00661		0		0		6.31198e+06		540.558		
00:00:29:800		1.31627e+07		-2.99927		0		0		6.32014e+06		541.315		
00:00:29:699		1.31672e+07		-2.99188		0		0		6.32826e+06		542.104		
00:00:29:600		1.31717e+07		-2.98445		0		0		6.33632e+06		542.907		
00:00:29:500		1.31762e+07		-2.97697		0		0		6.34425e+06		543.703		
00:00:29:399		1.31807e+07		-2.96943		0		0		6.35205e+06		544.492		
00:00:29:300		1.31853e+07		-2.96185		0		0		6.3597e+06		545.25		
00:00:29:199		1.31899e+07		-2.95421		0		0		6.3672e+06		545.971		
00:00:29:100		1.31946e+07		-2.94653		0		0		6.37457e+06		546.653		
00:00:29:000		1.31993e+07		-2.93879		0		0		6.38185e+06		547.285		
00:00:28:750		1.32111e+07		-2.91921		0		0		6.39989e+06		548.672		
00:00:28:649		1.32159e+07		-2.91129		0		0		6.40722e+06		549.187		
00:00:28:649		1.32159e+07		-2.91129		0		0		6.40722e+06		549.187		
00:00:28:649		1.32159e+07		-2.91129		0		0		6.40722e+06		549.187		
00:00:28:449		1.32256e+07		-2.89528		0		0		6.4223e+06		550.161		
00:00:28:449		1.32256e+07		-2.89528		0		0		6.4223e+06		550.161		
00:00:28:350		1.32306e+07		-2.8872		0		0		6.43022e+06		550.734		
00:00:28:250		1.32355e+07		-2.87906		0		0		6.43832e+06		551.348		
00:00:28:149		1.32405e+07		-2.87087		0		0		6.44657e+06		551.984		
00:00:28:000		1.32481e+07		-2.85848		0		0		6.45915e+06		552.948		
00:00:27:800		1.32583e+07		-2.84178		0		0		6.47632e+06		554.287		
00:00:27:800		1.32583e+07		-2.84178		0		0		6.47632e+06		554.287		
00:00:27:699		1.32635e+07		-2.83335		0		0		6.48508e+06		554.98		
00:00:27:550		1.32713e+07		-2.82061		0		0		6.49836e+06		556.071		
00:00:27:550		1.32713e+07		-2.82061		0		0		6.49836e+06		556.071		
00:00:27:449		1.32766e+07		-2.81204		0		0		6.50729e+06		556.763		
00:00:27:350		1.32819e+07		-2.80342		0		0		6.51617e+06		557.133		
00:00:27:250		1.32873e+07		-2.79474		0		0		6.52486e+06		556.172		
00:00:27:149		1.32927e+07		-2.786		0		0		6.53311e+06		550.566		
00:00:27:050		1.32981e+07		-2.7772		0		0		6.54063e+06		518.024		
00:00:26:949		1.33036e+07		-2.76834		0		0		6.54732e+06		473.73		
00:00:26:750		1.33148e+07		-2.75044		0		0		6.55873e+06		405.122		
00:00:26:750		1.33148e+07		-2.75044		0		0		6.55873e+06		405.122		
00:00:26:550		1.33261e+07		-2.73229		0		0		6.56808e+06		355.959		
00:00:26:550		1.33261e+07		-2.73229		0		0		6.56808e+06		355.959		
00:00:26:449		1.33318e+07		-2.72312		0		0		6.57217e+06		336.793		
00:00:26:350		1.33375e+07		-2.71389		0		0		6.57595e+06		320.492		
00:00:26:250		1.33434e+07		-2.70459		0		0		6.57944e+06		306.618		
00:00:26:149		1.33492e+07		-2.69523		0		0		6.58271e+06		294.782		
00:00:26:050		1.33551e+07		-2.6858		0		0		6.58577e+06		284.681		
00:00:25:949		1.33611e+07		-2.67631		0		0		6.58865e+06		276.041		
00:00:25:850		1.33671e+07		-2.66675		0		0		6.59137e+06		268.64		
00:00:25:750		1.33731e+07		-2.65713		0		0		6.59397e+06		261.139		
00:00:25:600		1.33823e+07		-2.64257		0		0		6.59764e+06		254.384		
00:00:25:500		1.33885e+07		-2.63277		0		0		6.59996e+06		250.009		
00:00:25:399		1.33947e+07		-2.62291		0		0		6.6022e+06		246.227		
00:00:25:300		1.3401e+07		-2.61297		0		0		6.60435e+06		242.945		
00:00:25:199		1.34073e+07		-2.60297		0		0		6.60644e+06		240.104		
00:00:25:100		1.34136e+07		-2.59291		0		0		6.60847e+06		237.632		
00:00:25:000		1.34201e+07		-2.58278		0		0		6.61044e+06		235.469		
00:00:24:899		1.34265e+07		-2.57259		0		0		6.61235e+06		233.582		
00:00:24:800		1.34331e+07		-2.56232		0		0		6.61422e+06		231.925		
00:00:24:750		1.34363e+07		-2.55717		0		0		6.61513e+06		231.174		
00:00:24:600		1.34461e+07		-2.54161		0		0		6.61781e+06		229.189		
00:00:24:500		1.34527e+07		-2.53115		0		0		6.61955e+06		228.063		
00:00:24:399		1.34593e+07		-2.52063		0		0		6.62125e+06		227.053		
00:00:24:300		1.3466e+07		-2.51005		0		0		6.62292e+06		226.147		
00:00:24:199		1.34727e+07		-2.49939		0		0		6.62454e+06		225.361		
00:00:24:100		1.34795e+07		-2.48867		0		0		6.62614e+06		224.635		
00:00:24:000		1.34863e+07		-2.47788		0		0		6.6277e+06		223.965		
00:00:23:899		1.34931e+07		-2.46702		0		0		6.62922e+06		223.327		
00:00:23:800		1.35e+07		-2.45609		0		0		6.63072e+06		222.725		
00:00:23:699		1.3507e+07		-2.44509		0		0		6.6322e+06		222.164		
00:00:23:600		1.3514e+07		-2.43403		0		0		6.63369e+06		221.67		
00:00:23:500		1.35211e+07		-2.4229		0		0		6.63517e+06		221.33		
00:00:23:399		1.35283e+07		-2.4117		0		0		6.63664e+06		221.083		
00:00:23:300		1.35355e+07		-2.40044		0		0		6.63808e+06		220.88		
00:00:23:199		1.35427e+07		-2.38911		0		0		6.63949e+06		220.675		
00:00:23:050		1.35537e+07		-2.37198		0		0		6.6416e+06		220.809		
00:00:23:050		1.35537e+07		-2.37198		0		0		6.6416e+06		220.809		
00:00:22:750		1.3576e+07		-2.33725		0		0		6.64572e+06		222.447		
00:00:22:750		1.3576e+07		-2.33725		0		0		6.64572e+06		222.447		
00:00:22:649		1.35835e+07		-2.32554		0		0		6.64705e+06		223.038		
00:00:22:649		1.35835e+07		-2.32554		0		0		6.64705e+06		223.038		
00:00:22:550		1.35911e+07		-2.31376		0		0		6.64836e+06		223.597		
00:00:22:449		1.35987e+07		-2.30192		0		0		6.64966e+06		224.174		
00:00:22:350		1.36064e+07		-2.29003		0		0		6.65095e+06		224.756		
00:00:22:250		1.36141e+07		-2.27808		0		0		6.65223e+06		225.353		
00:00:22:149		1.36218e+07		-2.26608		0		0		6.65352e+06		225.986		
00:00:22:050		1.36296e+07		-2.25404		0		0		6.6548e+06		226.795		
00:00:21:800		1.36492e+07		-2.22372		0		0		6.65803e+06		229.06		
00:00:21:699		1.36571e+07		-2.21152		0		0		6.65931e+06		229.218		
00:00:21:699		1.36571e+07		-2.21152		0		0		6.65931e+06		229.218		
00:00:21:550		1.36691e+07		-2.19317		0		0		6.66121e+06		231.215		
00:00:21:550		1.36691e+07		-2.19317		0		0		6.66121e+06		231.215		
00:00:21:449		1.36772e+07		-2.1809		0		0		6.66245e+06		232.096		
00:00:21:350		1.36853e+07		-2.16859		0		0		6.6637e+06		232.995		
00:00:21:250		1.36936e+07		-2.15628		0		0		6.66495e+06		233.867		
00:00:21:149		1.37019e+07		-2.14397		0		0		6.6662e+06		234.727		
00:00:21:050		1.37103e+07		-2.13166		0		0		6.66743e+06		235.529		
00:00:20:949		1.37186e+07		-2.11936		0		0		6.66865e+06		236.24		
00:00:20:750		1.37353e+07		-2.09476		0		0		6.67105e+06		237.714		
00:00:20:750		1.37353e+07		-2.09476		0		0		6.67105e+06		237.714		
00:00:20:649		1.37438e+07		-2.08245		0		0		6.67227e+06		238.664		
00:00:20:550		1.37523e+07		-2.07015		0		0		6.67353e+06		239.741		
00:00:20:449		1.37608e+07		-2.05785		0		0		6.67485e+06		240.85		
00:00:20:350		1.37694e+07		-2.04557		0		0		6.67618e+06		241.96		
00:00:20:199		1.37823e+07		-2.02717		0		0		6.67821e+06		243.631		
00:00:20:100		1.3791e+07		-2.01493		0		0		6.67959e+06		244.743		
00:00:20:000		1.37998e+07		-2.00271		0		0		6.68099e+06		245.9		
00:00:19:899		1.38086e+07		-1.99052		0		0		6.6824e+06		247.104		
00:00:19:800		1.38174e+07		-1.97834		0		0		6.68384e+06		248.391		
00:00:19:699		1.38263e+07		-1.9662		0		0		6.68529e+06		249.763		
00:00:19:600		1.38353e+07		-1.95409		0		0		6.68678e+06		251.273		
00:00:19:500		1.38442e+07		-1.94201		0		0		6.68829e+06		252.747		
00:00:19:449		1.38533e+07		-1.92996		0		0		6.6898e+06		254.104		
00:00:19:300		1.38623e+07		-1.91795		0		0		6.69133e+06		255.388		
00:00:19:199		1.38714e+07		-1.90596		0		0		6.69288e+06		256.663		
00:00:19:100		1.38806e+07		-1.89401		0		0		6.69444e+06		257.938		
00:00:19:000		1.38899e+07		-1.88209		0		0		6.69601e+06		259.214		
00:00:18:899		1.38992e+07		-1.87022		0		0		6.69759e+06		260.492		
00:00:18:800		1.39086e+07		-1.85836		0		0		6.69918e+06		261.781		
00:00:18:699		1.39181e+07		-1.84651		0		0		6.70077e+06		263.031		
00:00:18:600		1.39276e+07		-1.83466		0		0		6.70236e+06		264.26		
00:00:18:500		1.39372e+07		-1.82279		0		0		6.70396e+06		265.478		
00:00:18:399		1.39469e+07		-1.8109		0		0		6.70557e+06		266.711		
00:00:18:300		1.39567e+07		-1.79898		0		0		6.70718e+06		267.965		
00:00:18:199		1.39667e+07		-1.78701		0		0		6.70881e+06		269.244		
00:00:18:100		1.39767e+07		-1.77498		0		0		6.71045e+06		270.603		
00:00:18:000		1.3987e+07		-1.76288		0		0		6.7121e+06		272.075		
00:00:17:899		1.39974e+07		-1.75071		0		0		6.71378e+06		274.013		
00:00:17:800		1.4008e+07		-1.73845		0		0		6.71548e+06		276.215		
00:00:17:699		1.40188e+07		-1.72612		0		0		6.71721e+06		278.432		
00:00:17:600		1.403e+07		-1.7137		0		0		6.71897e+06		280.66		
00:00:17:500		1.40415e+07		-1.70123		0		0		6.72075e+06		282.906		
00:00:17:399		1.40532e+07		-1.68869		0		0		6.72257e+06		285.158		
00:00:17:250		1.40707e+07		-1.6697		0		0		6.72535e+06		288.586		
00:00:17:250		1.40707e+07		-1.6697		0		0		6.72535e+06		288.586		
00:00:17:149		1.40822e+07		-1.6569		0		0		6.72724e+06		290.891		
00:00:17:050		1.40937e+07		-1.64397		0		0		6.72915e+06		293.201		
00:00:16:750		1.41268e+07		-1.60452		0		0		6.73505e+06		300.185		
00:00:16:750		1.41268e+07		-1.60452		0		0		6.73505e+06		300.185		
00:00:16:649		1.41378e+07		-1.59119		0		0		6.73709e+06		302.638		
00:00:16:649		1.41378e+07		-1.59119		0		0		6.73709e+06		302.638		
00:00:16:550		1.41484e+07		-1.57767		0		0		6.73917e+06		305.1		
00:00:16:449		1.41585e+07		-1.56404		0		0		6.74118e+06		307.085		
00:00:16:250		1.41783e+07		-1.53663		0		0		6.74469e+06		309.998		
00:00:16:250		1.41783e+07		-1.53663		0		0		6.74469e+06		309.998		
00:00:16:149		1.41883e+07		-1.52285		0		0		6.74662e+06		311.988		
00:00:16:050		1.41982e+07		-1.50901		0		0		6.74868e+06		314.159		
00:00:15:949		1.42081e+07		-1.49511		0		0		6.7508e+06		316.38		
00:00:15:750		1.4228e+07		-1.46718		0		0		6.75511e+06		320.811		
00:00:15:650		1.42379e+07		-1.45314		0		0		6.75726e+06		322.882		
00:00:15:650		1.42379e+07		-1.45314		0		0		6.75726e+06		322.882		
00:00:15:550		1.42478e+07		-1.43906		0		0		6.75938e+06		324.837		
00:00:15:449		1.42577e+07		-1.42493		0		0		6.76148e+06		326.713		
00:00:15:349		1.42676e+07		-1.41075		0		0		6.76358e+06		328.648		
00:00:15:250		1.42775e+07		-1.39653		0		0		6.76568e+06		330.822		
00:00:15:099		1.42924e+07		-1.37512		0		0		6.76887e+06		334.391		
00:00:15:000		1.43022e+07		-1.36079		0		0		6.77103e+06		336.491		
00:00:14:900		1.43121e+07		-1.34641		0		0		6.77319e+06		338.31		
00:00:14:800		1.43219e+07		-1.33198		0		0		6.77537e+06		340.078		
00:00:14:699		1.43317e+07		-1.3175		0		0		6.77756e+06		341.82		
00:00:14:599		1.43415e+07		-1.30297		0		0		6.77975e+06		343.522		
00:00:14:500		1.43512e+07		-1.28839		0		0		6.78193e+06		345.289		
00:00:14:400		1.43609e+07		-1.27375		0		0		6.78418e+06		347.274		
00:00:14:300		1.43705e+07		-1.25906		0		0		6.78647e+06		349.301		
00:00:14:199		1.43801e+07		-1.24432		0		0		6.78878e+06		351.361		
00:00:14:099		1.43897e+07		-1.22951		0		0		6.79111e+06		353.424		
00:00:14:000		1.43992e+07		-1.21466		0		0		6.79346e+06		355.474		
00:00:13:900		1.44086e+07		-1.19974		0		0		6.79582e+06		357.505		
00:00:13:800		1.44179e+07		-1.18476		0.0665089		0		6.79821e+06		359.556		
00:00:13:699		1.4427e+07		-1.16971		0.19959		0		6.80061e+06		361.615		
00:00:13:599		1.4436e+07		-1.15459		0.331827		0		6.80304e+06		363.635		
00:00:13:550		1.44404e+07		-1.147		0.397401		0		6.80426e+06		364.607		
00:00:13:449		1.44489e+07		-1.13177		0.527075		0		6.80671e+06		366.408		
00:00:13:349		1.44571e+07		-1.11651		0.65418		0		6.80919e+06		368.197		
00:00:13:250		1.44653e+07		-1.10129		0.778106		0		6.8117e+06		370.029		
00:00:13:150		1.44736e+07		-1.08611		0.898095		0		6.81423e+06		371.883		
00:00:13:000		1.44867e+07		-1.06346		1.06981		0		6.81804e+06		374.666		
00:00:12:900		1.4496e+07		-1.04844		1.1781		0		6.82059e+06		376.524		
00:00:12:800		1.45057e+07		-1.03339		1.2812		0		6.82315e+06		378.373		
00:00:12:699		1.45151e+07		-1.01817		1.37883		0		6.82571e+06		380.207		
00:00:12:599		1.45238e+07		-1.0029		1.47091		0		6.82828e+06		382.027		
00:00:12:500		1.45326e+07		-0.987452		1.55754		0		6.83085e+06		383.817		
00:00:12:400		1.45401e+07		-0.971942		1.63864		0		6.83342e+06		385.573		
00:00:12:300		1.45471e+07		-0.956492		1.71358		0		6.83599e+06		387.309		
00:00:12:199		1.45544e+07		-0.941175		1.78166		0		6.83856e+06		389.036		
00:00:12:099		1.45621e+07		-0.926009		1.84521		0		6.84113e+06		390.701		
00:00:12:000		1.45703e+07		-0.911015		1.90745		0		6.84368e+06		392.179		
00:00:11:900		1.45792e+07		-0.896186		1.96898		0		6.84622e+06		393.627		
00:00:11:800		1.45888e+07		-0.881471		2.02802		0		6.84876e+06		395.067		
00:00:11:699		1.46037e+07		-0.859423		2.12501		3.73013		6.85252e+06		397.186		
00:00:11:699		1.46037e+07		-0.859423		2.12501		3.73013		6.85252e+06		397.186		
00:00:11:550		1.46136e+07		-0.844726		2.18523		0		6.85501e+06		398.574		
00:00:11:449		1.46234e+07		-0.830024		2.23693		3.85735		6.85748e+06		399.936		
00:00:11:349		1.46333e+07		-0.815322		2.28776		4.10574		6.85992e+06		401.282		
00:00:11:250		1.46432e+07		-0.800623		2.32984		3.98252		6.86232e+06		402.605		
00:00:11:150		1.4653e+07		-0.785928		2.36953		3.85735		6.8647e+06		403.904		
00:00:11:050		1.46629e+07		-0.771243		2.40782		3.73013		6.86705e+06		405.185		
00:00:10:949		1.46728e+07		-0.756572		2.44228		3.73013		6.8694e+06		406.492		
00:00:10:750		1.46924e+07		-0.727279		2.5054		3.60076		6.87416e+06		409.074		
00:00:10:650		1.47022e+07		-0.712662		2.53436		3.60076		6.87655e+06		410.22		
00:00:10:650		1.47022e+07		-0.712662		2.53436		3.60076		6.87655e+06		410.22		
00:00:10:550		1.4712e+07		-0.698065		2.56166		0		6.87893e+06		411.334		
00:00:10:449		1.47218e+07		-0.683503		2.5872		0		6.88128e+06		412.438		
00:00:10:349		1.47316e+07		-0.668973		2.61161		0		6.88359e+06		413.53		
00:00:10:250		1.47413e+07		-0.654476		2.63497		0		6.88588e+06		414.638		
00:00:10:150		1.4751e+07		-0.640017		2.65685		0		6.88813e+06		415.746		
00:00:10:050		1.47607e+07		-0.625597		2.67751		0		6.89036e+06		416.869		
00:00:09:949		1.47704e+07		-0.611221		2.69706		0		6.89256e+06		418.019		
00:00:09:849		1.47801e+07		-0.596893		2.71573		0		6.89474e+06		419.197		
00:00:09:650		1.47994e+07		-0.568406		2.74975		0		6.89908e+06		421.666		
00:00:09:650		1.47994e+07		-0.568406		2.74975		0		6.89908e+06		421.666		
00:00:09:550		1.4809e+07		-0.55425		2.76502		0		6.90126e+06		422.982		
00:00:09:449		1.48186e+07		-0.540153		2.77955		0		6.90347e+06		424.381		
00:00:09:349		1.48281e+07		-0.526119		2.79347		0		6.90571e+06		426.542		
00:00:09:250		1.48377e+07		-0.512163		2.80642		0		6.90796e+06		426.366		
00:00:09:150		1.48472e+07		-0.49828		2.81865		0		6.91018e+06		428.636		
00:00:09:000		1.48615e+07		-0.477607		2.83662		0		6.91347e+06		430.626		
00:00:08:900		1.4871e+07		-0.463924		2.84757		0		6.91563e+06		431.935		
00:00:08:800		1.48805e+07		-0.450333		2.8573		0		6.91775e+06		433.259		
00:00:08:699		1.489e+07		-0.43683		2.86715		0		6.91984e+06		434.572		
00:00:08:599		1.48995e+07		-0.423419		2.87661		0		6.92189e+06		435.878		
00:00:08:500		1.4909e+07		-0.410102		2.88426		0		6.9239e+06		437.175		
00:00:08:400		1.49185e+07		-0.396881		2.89161		0		6.92586e+06		438.447		
00:00:08:300		1.49279e+07		-0.383761		2.89866		0		6.92777e+06		439.714		
00:00:08:199		1.49374e+07		-0.370745		2.90506		0		6.92962e+06		440.931		
00:00:08:099		1.49468e+07		-0.357834		2.91088		0		6.93141e+06		442.052		
00:00:08:000		1.49563e+07		-0.345053		2.91789		0		6.93312e+06		442.959		
00:00:07:900		1.49657e+07		-0.332383		2.92304		0		6.93475e+06		443.418		
00:00:07:799		1.49752e+07		-0.319826		2.92787		0		6.93629e+06		443.661		
00:00:07:700		1.49847e+07		-0.307367		2.93244		0		6.93774e+06		443.89		
00:00:07:599		1.49943e+07		-0.295011		2.93576		0		6.93911e+06		444.113		
00:00:07:500		1.50038e+07		-0.282766		2.9403		0		6.94038e+06		444.327		
00:00:07:400		1.50135e+07		-0.270656		2.94291		0		6.94158e+06		444.534		
00:00:07:299		1.50231e+07		-0.258655		2.9455		0		6.9427e+06		444.78		
00:00:07:200		1.50329e+07		-0.246762		2.94798		0		6.94376e+06		445.116		
00:00:07:099		1.50427e+07		-0.234973		2.94924		0		6.94482e+06		445.663		
00:00:07:000		1.50525e+07		-0.223278		2.9502		0		6.94588e+06		446.335		
00:00:06:849		1.50674e+07		-0.205885		2.94915		0		6.94733e+06		447.296		
00:00:06:849		1.50674e+07		-0.205885		2.94915		0		6.94733e+06		447.296		
00:00:06:700		1.50824e+07		-0.188652		2.94896		0		6.94852e+06		448.079		
00:00:06:549		1.50966e+07		-0.171396		2.94634		0		6.94946e+06		448.612		
00:00:06:549		1.50966e+07		-0.171396		2.94634		0		6.94946e+06		448.612		
00:00:06:450		1.51051e+07		-0.159969		2.94461		0		6.94996e+06		448.839		
00:00:06:349		1.51137e+07		-0.148692		2.94231		0		6.95036e+06		448.967		
00:00:06:200		1.51267e+07		-0.131999		2.93707		0		6.95074e+06		449.072		
00:00:06:200		1.51267e+07		-0.131999		2.93707		0		6.95074e+06		449.072		
00:00:05:950		1.51481e+07		-0.104818		2.92601		0		6.95083e+06		449.289		
00:00:05:950		1.51481e+07		-0.104818		2.92601		0		6.95083e+06		449.289		
00:00:05:849		1.51568e+07		-0.0942054		2.92111		0		6.95067e+06		449.389		
00:00:05:650		1.51747e+07		-0.0734744		2.90785		0		6.95006e+06		449.58		
00:00:05:650		1.51747e+07		-0.0734744		2.90785		0		6.95006e+06		449.58		
00:00:05:450		1.51928e+07		-0.0532603		2.89194		0		6.94905e+06		449.773		
00:00:05:450		1.51928e+07		-0.0532603		2.89194		0		6.94905e+06		449.773		
00:00:05:349		1.52018e+07		-0.0433292		2.88443		0		6.94841e+06		449.861		
00:00:05:250		1.52108e+07		-0.0335164		2.87604		0		6.94768e+06		449.953		
00:00:05:150		1.52198e+07		-0.0238285		2.86586		0		6.94686e+06		450.047		
00:00:05:049		1.52288e+07		-0.0142732		2.85394		0		6.94595e+06		450.122		
00:00:04:849		1.52466e+07		0.0044241		2.8345		20.7869		6.94385e+06		450.185		
00:00:04:849		1.52466e+07		0.0044241		2.8345		20.7869		6.94385e+06		450.185		
00:00:04:650		1.52644e+07		0.0225267		2.81017		40.9277		6.94133e+06		450.092		
00:00:04:650		1.52644e+07		0.0225267		2.81017		40.9277		6.94133e+06		450.092		
00:00:04:549		1.52732e+07		0.0313153		2.79133		50.2904		6.93991e+06		449.941		
00:00:04:450		1.52819e+07		0.0398989		2.77614		59.06		6.93835e+06		449.697		
00:00:04:349		1.52905e+07		0.0482922		2.77054		67.3726		6.93665e+06		449.258		
00:00:04:250		1.52991e+07		0.0565166		2.76571		75.5454		6.93476e+06		448.509		
00:00:04:049		1.53168e+07		0.072454		2.71536		91.099		6.93028e+06		444.861		
00:00:04:049		1.53168e+07		0.072454		2.71536		91.099		6.93028e+06		444.861		
00:00:03:899		1.53302e+07		0.0837388		2.68656		102.189		6.92609e+06		437.397		
00:00:03:700		1.53468e+07		0.0973735		2.71197		117.065		6.91905e+06		416.016		
00:00:03:600		1.53538e+07		0.10366		2.65892		124.173		6.91492e+06		405.279		
00:00:03:600		1.53538e+07		0.10366		2.65892		124.173		6.91492e+06		405.279		
00:00:03:500		1.53604e+07		0.109759		2.58264		131.49		6.91041e+06		394.561		
00:00:03:399		1.53677e+07		0.115725		2.55465		139.544		6.9056e+06		383.93		
00:00:03:299		1.53759e+07		0.121605		2.67632		149.103		6.90057e+06		373.593		
00:00:03:200		1.53842e+07		0.127239		2.75354		162.396		6.89546e+06		363.902		
00:00:03:149		1.53884e+07		0.129958		2.77401		172.081		6.89291e+06		359.508		
00:00:03:049		1.53967e+07		0.135199		2.80926		202.851		6.88795e+06		351.909		
00:00:02:950		1.54049e+07		0.140173		2.83813		249.468		6.88344e+06		348.785		
00:00:02:750		1.54212e+07		0.149243		2.87391		345.237		6.87781e+06		388.264		
00:00:02:649		1.54292e+07		0.153247		2.88185		386.025		6.87769e+06		463.343		
00:00:02:649		1.54292e+07		0.153247		2.88185		386.025		6.87769e+06		463.343		
00:00:02:500		1.54404e+07		0.158418		2.88605		436.04		6.88067e+06		607.101		
00:00:02:399		1.54471e+07		0.161235		2.88547		462.175		6.88384e+06		653.494		
00:00:02:299		1.54529e+07		0.163541		2.88127		483.141		6.8876e+06		692.48		
00:00:02:200		1.54576e+07		0.165383		2.87383		499.405		6.8916e+06		719.12		
00:00:02:100		1.54614e+07		0.166847		2.86518		510.797		6.89555e+06		713.048		
00:00:02:000		1.54644e+07		0.168033		2.85587		516.178		6.89945e+06		708.033		
00:00:01:899		1.54668e+07		0.169034		2.84809		516.931		6.90337e+06		705.19		
00:00:01:800		1.54691e+07		0.169909		2.84487		517.156		6.90734e+06		705.811		
00:00:01:699		1.54711e+07		0.170677		2.84417		517.489		6.91135e+06		706.454		
00:00:01:600		1.5473e+07		0.171324		2.84381		517.958		6.9154e+06		707.078		
00:00:01:500		1.54747e+07		0.171841		2.84322		518.606		6.91946e+06		707.635		
00:00:01:399		1.5476e+07		0.172231		2.84253		519.449		6.92347e+06		707.942		
00:00:01:300		1.54771e+07		0.172504		2.84168		520.507		6.92733e+06		707.672		
00:00:01:199		1.54778e+07		0.172678		2.84071		521.8		6.93099e+06		706.683		
00:00:01:100		1.54783e+07		0.172778		2.83961		523.335		6.93505e+06		706.444		
00:00:01:100		1.54783e+07		0.172778		2.83961		523.335		6.93505e+06		706.444		
00:00:00:849		1.54786e+07		0.172848		2.83673		527.53		6.94658e+06		704.232		
00:00:00:849		1.54786e+07		0.172848		2.83673		527.53		6.94658e+06		704.232		
00:00:00:699		1.54786e+07		0.172844		2.83582		529.466		6.95326e+06		699.53		
00:00:00:599		1.54786e+07		0.172841		2.83559		530.081		6.95728e+06		693.215		
00:00:00:500		1.54786e+07		0.17284		2.83562		530.217		6.96067e+06		677.844		
00:00:00:500		1.54786e+07		0.17284		2.83562		530.217		6.96067e+06		677.844		
00:00:00:349		1.54786e+07		0.17284		2.83568		530.216		6.96406e+06		651.115		
00:00:00:250		1.54786e+07		0.17284		2.83572		530.219		6.96484e+06		611.428		
00:00:00:149		1.54785e+07		0.17284		2.83572		530.221		6.96484e+06		526.817		
00:00:00:050		1.54785e+07		0.17284		2.83567		530.223		6.96484e+06		526.826		
00:00:00:000		1.54785e+07		0.17284		2.83571		530.225		6.96483e+06		526.826		
00:00:00:000		1.54785e+07		0.17284		2.83571		530.225		6.96483e+06		526.826		
00:00:00:000		1.54785e+07		0.17284		2.83571		530.225		6.96483e+06		526.826		
00:00:00:000		1.54785e+07		0.17284		2.83571		530.225		6.96483e+06		526.826		
00:00:00:000		1.54785e+07		0.17284		2.83571		530.225		6.96483e+06		526.826		
