	time 		gpv001pnt10113ppntm	evf507ety101mpzoyout	chtcon(1)	chavg(1)	chlhsumpa	rcptavgn	
00:01:10:799		1.46844e+06		308.111		131.182		0		3		263.547		
00:01:10:700		1.46845e+06		307.786		131.175		0		3		263.581		
00:01:10:599		1.46846e+06		307.786		131.175		0		3		263.61		
00:01:10:500		1.46847e+06		307.46		131.175		0		3		263.645		
00:01:10:400		1.46848e+06		307.46		131.168		0		3		263.682		
00:01:10:299		1.46849e+06		307.46		131.168		0		3		263.72		
00:01:10:200		1.46849e+06		307.132		131.161		0		3		263.761		
00:01:10:099		1.4685e+06		307.132		131.161		0		3		263.804		
00:01:10:000		1.46851e+06		306.804		131.161		0		3		263.847		
00:01:09:900		1.46852e+06		306.804		131.154		0		3		263.886		
00:01:09:900		1.46852e+06		306.804		131.154		0		3		263.886		
00:01:09:700		1.46854e+06		306.471		131.148		0		3		263.965		
00:01:09:700		1.46854e+06		306.471		131.148		0		3		263.965		
00:01:09:549		1.46855e+06		306.471		131.148		0		3		264.028		
00:01:09:450		1.46856e+06		306.141		131.143		0		3		264.07		
00:01:09:349		1.46857e+06		306.141		131.143		0		3		264.107		
00:01:09:250		1.46858e+06		305.807		131.143		0		3		264.145		
00:01:09:049		1.46859e+06		305.807		131.137		0		3		264.23		
00:01:09:049		1.46859e+06		305.807		131.137		0		3		264.23		
00:01:08:900		1.46861e+06		305.473		131.132		0		3		264.324		
00:01:08:900		1.46861e+06		305.473		131.132		0		3		264.324		
00:01:08:750		1.46862e+06		305.137		131.132		0		3		264.373		
00:01:08:650		1.46863e+06		305.137		131.127		0		3		264.419		
00:01:08:549		1.46863e+06		305.137		131.127		0		3		264.461		
00:01:08:450		1.46864e+06		304.798		131.123		0		3		264.503		
00:01:08:349		1.46865e+06		304.798		131.123		0		3		264.546		
00:01:08:250		1.46866e+06		304.459		131.123		0		3		264.589		
00:01:08:049		1.46868e+06		304.459		131.119		0		3		264.674		
00:01:08:049		1.46868e+06		304.459		131.119		0		3		264.674		
00:01:07:950		1.46869e+06		304.119		131.116		0		3		264.72		
00:01:07:750		1.4687e+06		303.778		131.116		0		3		264.815		
00:01:07:750		1.4687e+06		303.778		131.116		0		3		264.815		
00:01:07:650		1.46871e+06		303.778		131.113		0		3		264.864		
00:01:07:549		1.46872e+06		303.778		131.113		0		3		264.913		
00:01:07:450		1.46873e+06		303.434		131.11		0		3		264.96		
00:01:07:349		1.46874e+06		303.434		131.11		0		3		265.002		
00:01:07:250		1.46875e+06		303.09		131.11		0		3		265.044		
00:01:07:049		1.46876e+06		303.09		131.108		0		3		265.131		
00:01:07:049		1.46876e+06		303.09		131.108		0		3		265.131		
00:01:06:950		1.46877e+06		302.746		131.106		0		3		265.176		
00:01:06:799		1.46878e+06		302.746		131.106		0		3		265.248		
00:01:06:700		1.46879e+06		302.4		131.105		0		3		265.298		
00:01:06:599		1.4688e+06		302.4		131.105		0		3		265.348		
00:01:06:549		1.4688e+06		302.4		131.105		0		3		265.373		
00:01:06:400		1.46882e+06		302.052		131.104		0		3		265.447		
00:01:06:299		1.46883e+06		302.052		131.104		0		3		265.493		
00:01:06:150		1.46884e+06		301.702		131.104		0		3		265.559		
00:01:06:049		1.46885e+06		301.702		131.104		0		3		265.606		
00:01:06:049		1.46885e+06		301.702		131.104		0		3		265.606		
00:01:05:950		1.46886e+06		301.352		131.105		0		3		265.654		
00:01:05:849		1.46886e+06		301.352		131.105		0		3		265.705		
00:01:05:700		1.46888e+06		301		131.106		0		3		265.783		
00:01:05:599		1.46889e+06		301		131.106		0		3		265.835		
00:01:05:549		1.46889e+06		301		131.106		0		3		265.861		
00:01:05:400		1.4689e+06		300.648		131.108		0		3		265.938		
00:01:05:299		1.46891e+06		300.648		131.108		0		3		265.986		
00:01:05:099		1.46893e+06		300.294		131.11		0		3		266.082		
00:01:05:000		1.46894e+06		299.939		131.11		0		3		266.133		
00:01:05:000		1.46894e+06		299.939		131.11		0		3		266.133		
00:01:04:900		1.46895e+06		299.939		131.113		0		3		266.186		
00:01:04:799		1.46895e+06		299.939		131.113		0		3		266.24		
00:01:04:700		1.46896e+06		299.584		131.117		0		3		266.295		
00:01:04:599		1.46897e+06		299.584		131.117		0		3		266.349		
00:01:04:500		1.46898e+06		299.228		131.117		0		3		266.403		
00:01:04:400		1.46899e+06		299.228		131.122		0		3		266.455		
00:01:04:299		1.469e+06		299.228		131.122		0		3		266.502		
00:01:04:200		1.469e+06		298.869		131.127		0		3		266.554		
00:01:04:049		1.46902e+06		298.869		131.127		0		3		266.635		
00:01:04:049		1.46902e+06		298.869		131.127		0		3		266.635		
00:01:03:950		1.46903e+06		298.508		131.134		0		3		266.69		
00:01:03:750		1.46904e+06		298.149		131.134		0		3		266.802		
00:01:03:750		1.46904e+06		298.149		131.134		0		3		266.802		
00:01:03:649		1.46905e+06		298.149		131.141		0		3		266.858		
00:01:03:549		1.46906e+06		298.149		131.141		0		3		266.912		
00:01:03:450		1.46907e+06		297.787		131.15		0		3		266.965		
00:01:03:350		1.46908e+06		297.787		131.15		0		3		267.016		
00:01:03:250		1.46909e+06		297.425		131.15		0		3		267.07		
00:01:03:100		1.4691e+06		297.425		131.159		0		3		267.153		
00:01:03:000		1.46911e+06		297.06		131.159		0		3		267.209		
00:01:02:899		1.46912e+06		297.06		131.169		0		3		267.265		
00:01:02:799		1.46912e+06		297.06		131.169		0		3		267.321		
00:01:02:700		1.46913e+06		296.695		131.181		0		3		267.375		
00:01:02:700		1.46913e+06		296.695		131.181		0		3		267.375		
00:01:02:549		1.46914e+06		296.695		131.181		0		3		267.457		
00:01:02:450		1.46915e+06		296.329		131.193		0		3		267.511		
00:01:02:350		1.46916e+06		296.329		131.193		0		3		267.565		
00:01:02:250		1.46917e+06		295.963		131.193		0		3		267.618		
00:01:02:049		1.46919e+06		295.963		131.207		0		3		267.724		
00:01:02:049		1.46919e+06		295.963		131.207		0		3		267.724		
00:01:01:950		1.4692e+06		295.596		131.221		0		3		267.778		
00:01:01:850		1.4692e+06		295.596		131.221		0		3		267.833		
00:01:01:750		1.46921e+06		295.226		131.221		0		3		267.887		
00:01:01:649		1.46922e+06		295.226		131.237		0		3		267.939		
00:01:01:549		1.46923e+06		295.226		131.237		0		3		267.991		
00:01:01:450		1.46924e+06		294.857		131.254		0		3		268.043		
00:01:01:350		1.46925e+06		294.857		131.254		0		3		268.094		
00:01:01:200		1.46926e+06		294.486		131.272		0		3		268.17		
00:01:01:000		1.46928e+06		294.114		131.272		0		3		268.273		
00:01:01:000		1.46928e+06		294.114		131.272		0		3		268.273		
00:01:00:950		1.46928e+06		294.114		131.292		0		3		268.298		
00:01:00:799		1.46929e+06		294.114		131.292		0		3		268.376		
00:01:00:700		1.4693e+06		293.743		131.312		0		3		268.428		
00:01:00:649		1.46931e+06		293.743		131.312		0		3		268.454		
00:01:00:549		1.46931e+06		293.743		131.312		0		3		268.506		
00:01:00:450		1.46932e+06		293.371		131.334		0		3		268.557		
00:01:00:350		1.46933e+06		293.371		131.334		0		3		268.607		
00:01:00:250		1.46934e+06		292.997		131.334		0		3		268.659		
00:01:00:049		1.46936e+06		292.997		131.358		0		3		268.764		
00:01:00:049		1.46936e+06		292.997		131.358		0		3		268.764		
00:00:59:950		1.46937e+06		292.623		131.383		0		3		268.817		
00:00:59:850		1.46937e+06		292.623		131.383		0		3		268.869		
00:00:59:750		1.46938e+06		292.248		131.383		0		3		268.922		
00:00:59:649		1.46939e+06		292.248		131.41		0		3		268.973		
00:00:59:549		1.4694e+06		292.248		131.41		0		3		269.023		
00:00:59:450		1.46941e+06		291.872		131.439		0		3		269.073		
00:00:59:350		1.46942e+06		291.872		131.439		0		3		269.123		
00:00:59:149		1.46943e+06		291.495		131.469		0		3		269.224		
00:00:59:049		1.46944e+06		291.495		131.469		0		3		269.275		
00:00:59:049		1.46944e+06		291.495		131.469		0		3		269.275		
00:00:58:950		1.46945e+06		291.118		131.502		0		3		269.327		
00:00:58:850		1.46946e+06		291.118		131.502		0		3		269.38		
00:00:58:750		1.46947e+06		290.74		131.502		0		3		269.433		
00:00:58:649		1.46948e+06		290.74		131.537		0		3		269.484		
00:00:58:549		1.46948e+06		290.74		131.537		0		3		269.529		
00:00:58:450		1.46949e+06		290.361		131.573		0		3		269.575		
00:00:58:350		1.4695e+06		290.361		131.573		0		3		269.624		
00:00:58:149		1.46952e+06		289.98		131.612		0		3		269.72		
00:00:58:049		1.46953e+06		289.98		131.612		0		3		269.762		
00:00:58:049		1.46953e+06		289.98		131.612		0		3		269.762		
00:00:57:950		1.46954e+06		289.598		131.653		0		3		269.803		
00:00:57:850		1.46954e+06		289.598		131.653		0		3		269.847		
00:00:57:750		1.46955e+06		289.215		131.653		0		3		269.89		
00:00:57:649		1.46956e+06		289.215		131.696		0		3		269.935		
00:00:57:549		1.46957e+06		289.215		131.696		0		3		269.981		
00:00:57:450		1.46958e+06		288.831		131.742		0		3		270.025		
00:00:57:299		1.46959e+06		288.831		131.742		0		3		270.092		
00:00:57:299		1.46959e+06		288.831		131.742		0		3		270.092		
00:00:57:149		1.4696e+06		288.446		131.79		0		3		270.16		
00:00:57:049		1.46961e+06		288.446		131.79		0		3		270.205		
00:00:56:950		1.46962e+06		288.062		131.841		0		3		270.251		
00:00:56:850		1.46963e+06		288.062		131.841		0		3		270.298		
00:00:56:850		1.46963e+06		288.062		131.841		0		3		270.298		
00:00:56:600		1.46965e+06		287.676		131.894		0		3		270.424		
00:00:56:600		1.46965e+06		287.676		131.894		0		3		270.424		
00:00:56:399		1.46967e+06		287.29		131.951		0		3		270.52		
00:00:56:399		1.46967e+06		287.29		131.951		0		3		270.52		
00:00:56:299		1.46968e+06		287.29		131.951		0		3		270.564		
00:00:56:149		1.46969e+06		286.901		132.01		0		3		270.632		
00:00:56:049		1.4697e+06		286.901		132.01		0		3		270.681		
00:00:56:049		1.4697e+06		286.901		132.01		0		3		270.681		
00:00:55:899		1.46971e+06		286.512		132.072		0		3		270.753		
00:00:55:799		1.46972e+06		286.512		132.072		0		3		270.793		
00:00:55:700		1.46973e+06		286.123		132.137		0		3		270.833		
00:00:55:500		1.46974e+06		285.731		132.137		0		3		270.921		
00:00:55:500		1.46974e+06		285.731		132.137		0		3		270.921		
00:00:55:299		1.46976e+06		285.731		132.206		0		3		271.02		
00:00:55:299		1.46976e+06		285.731		132.206		0		3		271.02		
00:00:55:100		1.46978e+06		285.339		132.278		0		3		271.115		
00:00:55:100		1.46978e+06		285.339		132.278		0		3		271.115		
00:00:55:000		1.46979e+06		284.944		132.278		0		3		271.159		
00:00:54:899		1.4698e+06		284.944		132.353		0		3		271.207		
00:00:54:700		1.46981e+06		284.548		132.432		0		3		271.306		
00:00:54:700		1.46981e+06		284.548		132.432		0		3		271.306		
00:00:54:600		1.46982e+06		284.548		132.432		0		3		271.347		
00:00:54:500		1.46983e+06		284.152		132.432		0		3		271.387		
00:00:54:399		1.46984e+06		284.152		132.515		0		3		271.429		
00:00:54:200		1.46985e+06		283.754		132.601		0		3		271.52		
00:00:54:100		1.46986e+06		283.754		132.601		0		3		271.571		
00:00:54:100		1.46986e+06		283.754		132.601		0		3		271.571		
00:00:54:000		1.46987e+06		283.355		132.601		0		3		271.622		
00:00:53:899		1.46988e+06		283.355		132.692		0		3		271.671		
00:00:53:799		1.46989e+06		283.355		132.692		0		3		271.713		
00:00:53:700		1.4699e+06		282.954		132.787		0		3		271.761		
00:00:53:600		1.46991e+06		282.954		132.787		0		3		271.81		
00:00:53:500		1.46991e+06		282.55		132.787		0		3		271.86		
00:00:53:399		1.46992e+06		282.55		132.886		0		3		271.905		
00:00:53:299		1.46993e+06		282.55		132.886		0		3		271.945		
00:00:53:049		1.46995e+06		282.146		132.99		0		3		272.053		
00:00:53:049		1.46995e+06		282.146		132.99		0		3		272.053		
00:00:52:950		1.46996e+06		281.741		133.098		0		3		272.102		
00:00:52:850		1.46997e+06		281.741		133.098		0		3		272.153		
00:00:52:750		1.46998e+06		281.335		133.098		0		3		272.204		
00:00:52:700		1.46998e+06		281.335		133.211		0		3		272.228		
00:00:52:600		1.46999e+06		281.335		133.211		0		3		272.273		
00:00:52:500		1.47e+06		280.926		133.211		0		3		272.318		
00:00:52:350		1.47001e+06		280.926		133.329		0		3		272.392		
00:00:52:149		1.47003e+06		280.516		133.452		0		3		272.485		
00:00:52:049		1.47004e+06		280.516		133.452		0		3		272.526		
00:00:52:049		1.47004e+06		280.516		133.452		0		3		272.526		
00:00:51:950		1.47005e+06		280.105		133.58		0		2.98877		272.568		
00:00:51:850		1.47005e+06		280.105		133.58		0		2.98877		272.613		
00:00:51:750		1.47006e+06		279.692		133.58		0		2.98877		272.662		
00:00:51:649		1.47007e+06		279.692		133.714		0		2.97492		272.713		
00:00:51:549		1.47008e+06		279.692		133.714		0		2.97492		272.764		
00:00:51:450		1.47009e+06		279.278		133.853		0		2.96105		272.813		
00:00:51:350		1.4701e+06		279.278		133.853		0		2.96105		272.855		
00:00:51:250		1.47011e+06		278.864		133.853		0		2.96105		272.902		
00:00:51:100		1.47012e+06		278.864		133.997		0		2.94715		272.976		
00:00:51:100		1.47012e+06		278.864		133.997		0		2.94715		272.976		
00:00:51:000		1.47013e+06		278.447		133.997		0		2.94715		273.023		
00:00:50:850		1.47014e+06		278.447		134.147		0		2.93322		273.086		
00:00:50:750		1.47015e+06		278.03		134.147		0		2.93322		273.128		
00:00:50:649		1.47016e+06		278.03		134.303		0		2.91925		273.174		
00:00:50:549		1.47016e+06		278.03		134.303		0		2.91925		273.223		
00:00:50:450		1.47017e+06		277.612		134.465		0		2.90529		273.274		
00:00:50:350		1.47018e+06		277.612		134.465		0		2.90529		273.326		
00:00:50:250		1.47019e+06		277.192		134.465		0		2.90529		273.374		
00:00:50:149		1.4702e+06		277.192		134.633		0		2.89129		273.416		
00:00:50:049		1.47021e+06		277.192		134.633		0		2.89129		273.462		
00:00:49:950		1.47022e+06		276.771		134.807		0		2.87726		273.509		
00:00:49:850		1.47022e+06		276.771		134.807		0		2.87726		273.556		
00:00:49:750		1.47023e+06		276.349		134.807		0		2.87726		273.6		
00:00:49:649		1.47024e+06		276.349		134.987		0		2.8632		273.64		
00:00:49:549		1.47025e+06		276.349		134.987		0		2.8632		273.685		
00:00:49:450		1.47026e+06		275.925		135.174		0		2.84912		273.732		
00:00:49:350		1.47027e+06		275.925		135.174		0		2.84912		273.782		
00:00:49:100		1.47029e+06		275.5		135.368		0		2.83503		273.909		
00:00:49:100		1.47029e+06		275.5		135.368		0		2.83503		273.909		
00:00:49:000		1.4703e+06		275.075		135.368		0		2.83503		273.952		
00:00:48:950		1.4703e+06		275.075		135.569		0		2.8209		273.973		
00:00:48:950		1.4703e+06		275.075		135.569		0		2.8209		273.973		
00:00:48:799		1.47031e+06		275.075		135.569		0		2.8209		274.041		
00:00:48:700		1.47032e+06		274.653		135.777		0		2.80675		274.086		
00:00:48:600		1.47033e+06		274.653		135.777		0		2.80675		274.13		
00:00:48:500		1.47034e+06		274.23		135.777		0		2.80675		274.172		
00:00:48:399		1.47035e+06		274.23		135.991		0		2.79255		274.217		
00:00:48:149		1.47037e+06		273.806		136.209		0		2.77836		274.343		
00:00:48:149		1.47037e+06		273.806		136.209		0		2.77836		274.343		
00:00:48:049		1.47038e+06		273.806		136.209		0		2.77836		274.395		
00:00:47:950		1.47039e+06		273.38		136.431		0		2.76414		274.444		
00:00:47:850		1.47039e+06		273.38		136.431		0		2.76414		274.487		
00:00:47:750		1.4704e+06		272.953		136.431		0		2.76414		274.53		
00:00:47:649		1.47041e+06		272.953		136.659		0		2.74988		274.575		
00:00:47:549		1.47042e+06		272.953		136.659		0		2.74988		274.619		
00:00:47:399		1.47043e+06		272.525		136.89		0		2.73558		274.684		
00:00:47:399		1.47043e+06		272.525		136.89		0		2.73558		274.684		
00:00:47:299		1.47044e+06		272.525		136.89		0		2.73558		274.729		
00:00:47:100		1.47046e+06		272.096		137.127		0		2.72127		274.829		
00:00:47:100		1.47046e+06		272.096		137.127		0		2.72127		274.829		
00:00:47:000		1.47047e+06		271.665		137.127		0		2.72127		274.881		
00:00:46:899		1.47048e+06		271.665		137.369		0		2.70695		274.933		
00:00:46:799		1.47048e+06		271.665		137.369		0		2.70695		274.981		
00:00:46:700		1.47049e+06		271.234		137.615		0		2.69259		275.023		
00:00:46:600		1.4705e+06		271.234		137.615		0		2.69259		275.067		
00:00:46:500		1.47051e+06		270.799		137.615		0		2.69259		275.111		
00:00:46:399		1.47052e+06		270.799		137.867		0		2.67819		275.155		
00:00:46:200		1.47053e+06		270.364		138.123		0		2.66376		275.244		
00:00:46:200		1.47053e+06		270.364		138.123		0		2.66376		275.244		
00:00:46:100		1.47054e+06		270.364		138.123		0		2.66376		275.293		
00:00:46:000		1.47055e+06		269.927		138.123		0		2.66376		275.346		
00:00:45:899		1.47056e+06		269.927		138.385		0		2.64933		275.398		
00:00:45:799		1.47057e+06		269.927		138.385		0		2.64933		275.448		
00:00:45:700		1.47058e+06		269.489		138.651		0		2.63486		275.496		
00:00:45:600		1.47059e+06		269.489		138.651		0		2.63486		275.538		
00:00:45:500		1.47059e+06		269.05		138.651		0		2.63486		275.582		
00:00:45:399		1.4706e+06		269.05		138.923		0		2.62036		275.626		
00:00:45:299		1.47061e+06		269.05		138.923		0		2.62036		275.67		
00:00:45:200		1.47062e+06		268.609		139.2		0		2.60581		275.716		
00:00:45:100		1.47063e+06		268.609		139.2		0		2.60581		275.764		
00:00:45:000		1.47064e+06		268.166		139.2		0		2.60581		275.816		
00:00:44:899		1.47065e+06		268.166		139.482		0		2.59127		275.869		
00:00:44:750		1.47066e+06		267.723		139.482		0		2.59127		275.946		
00:00:44:649		1.47067e+06		267.723		139.77		0		2.57669		275.994		
00:00:44:549		1.47067e+06		267.723		139.77		0		2.57669		276.037		
00:00:44:450		1.47068e+06		267.277		140.062		0		2.56208		276.083		
00:00:44:350		1.47069e+06		267.277		140.062		0		2.56208		276.128		
00:00:44:250		1.4707e+06		266.83		140.062		0		2.56208		276.173		
00:00:44:149		1.47071e+06		266.83		140.361		0		2.54742		276.22		
00:00:44:049		1.47072e+06		266.83		140.361		0		2.54742		276.271		
00:00:43:950		1.47073e+06		266.38		140.664		0		2.53276		276.324		
00:00:43:850		1.47073e+06		266.38		140.664		0		2.53276		276.377		
00:00:43:750		1.47074e+06		265.93		140.664		0		2.53276		276.429		
00:00:43:649		1.47075e+06		265.93		140.973		0		2.51807		276.479		
00:00:43:549		1.47076e+06		265.93		140.973		0		2.51807		276.522		
00:00:43:450		1.47077e+06		265.477		141.287		0		2.50334		276.568		
00:00:43:350		1.47078e+06		265.477		141.287		0		2.50334		276.614		
00:00:43:250		1.47079e+06		265.02		141.287		0		2.50334		276.661		
00:00:43:149		1.47079e+06		265.02		141.606		0		2.48858		276.711		
00:00:43:049		1.4708e+06		265.02		141.606		0		2.48858		276.764		
00:00:42:950		1.47081e+06		264.563		141.93		0		2.4738		276.817		
00:00:42:850		1.47082e+06		264.563		141.93		0		2.4738		276.87		
00:00:42:750		1.47083e+06		264.103		141.93		0		2.4738		276.922		
00:00:42:649		1.47084e+06		264.103		142.26		0		2.459		276.971		
00:00:42:549		1.47084e+06		264.103		142.26		0		2.459		277.016		
00:00:42:450		1.47085e+06		263.639		142.594		0		2.44415		277.063		
00:00:42:350		1.47086e+06		263.639		142.594		0		2.44415		277.11		
00:00:42:250		1.47087e+06		263.17		142.594		0		2.44415		277.16		
00:00:42:149		1.47088e+06		263.17		142.935		0		2.42927		277.213		
00:00:42:049		1.47089e+06		263.17		142.935		0		2.42927		277.267		
00:00:41:950		1.4709e+06		262.693		143.282		0		2.41439		277.32		
00:00:41:850		1.4709e+06		262.693		143.282		0		2.41439		277.373		
00:00:41:750		1.47091e+06		262.208		143.282		0		2.41439		277.424		
00:00:41:649		1.47092e+06		262.208		143.635		0		2.39946		277.47		
00:00:41:549		1.47093e+06		262.208		143.635		0		2.39946		277.517		
00:00:41:549		1.47093e+06		262.208		143.635		0		2.39946		277.517		
00:00:41:399		1.47094e+06		261.706		143.997		0		2.38449		277.591		
00:00:41:100		1.47097e+06		261.176		144.369		0		2.36951		277.752		
00:00:41:000		1.47098e+06		260.6		144.369		0		2.36951		277.805		
00:00:41:000		1.47098e+06		260.6		144.369		0		2.36951		277.805		
00:00:41:000		1.47098e+06		260.6		144.369		0		2.36951		277.805		
00:00:40:899		1.47099e+06		260.6		144.752		0		2.3545		277.857		
00:00:40:799		1.47099e+06		260.6		144.752		0		2.3545		277.905		
00:00:40:700		1.471e+06		260.34		145.138		0		2.33944		277.952		
00:00:40:600		1.47101e+06		260.34		145.138		0		2.33944		278.002		
00:00:40:500		1.47102e+06		260.079		145.138		0		2.33944		278.055		
00:00:40:399		1.47103e+06		260.079		145.526		0		2.32438		278.11		
00:00:40:299		1.47104e+06		260.079		145.526		0		2.32438		278.164		
00:00:40:100		1.47105e+06		259.82		145.916		0		2.30928		278.269		
00:00:40:100		1.47105e+06		259.82		145.916		0		2.30928		278.269		
00:00:40:000		1.47106e+06		259.56		145.916		0		2.30928		278.318		
00:00:39:899		1.47107e+06		259.56		146.308		0		2.29414		278.366		
00:00:39:799		1.47108e+06		259.56		146.308		0		2.29414		278.417		
00:00:39:700		1.47109e+06		259.299		146.703		0		2.27898		278.471		
00:00:39:600		1.4711e+06		259.299		146.703		0		2.27898		278.525		
00:00:39:500		1.4711e+06		259.038		146.703		0		2.27898		278.579		
00:00:39:399		1.47111e+06		259.038		147.099		0		2.2638		278.631		
00:00:39:299		1.47112e+06		259.038		147.099		0		2.2638		278.682		
00:00:39:200		1.47113e+06		258.777		147.496		0		2.24857		278.729		
00:00:39:100		1.47114e+06		258.777		147.496		0		2.24857		278.781		
00:00:38:950		1.47115e+06		258.515		147.896		0		2.23333		278.862		
00:00:38:850		1.47116e+06		258.515		147.896		0		2.23333		278.915		
00:00:38:750		1.47117e+06		258.254		147.896		0		2.23333		278.967		
00:00:38:649		1.47118e+06		258.254		148.296		0		2.21805		279.019		
00:00:38:549		1.47118e+06		258.254		148.296		0		2.21805		279.068		
00:00:38:450		1.47119e+06		257.991		148.698		0		2.20274		279.117		
00:00:38:350		1.4712e+06		257.991		148.698		0		2.20274		279.17		
00:00:38:250		1.47121e+06		257.728		148.698		0		2.20274		279.223		
00:00:38:149		1.47122e+06		257.728		149.102		0		2.18741		279.275		
00:00:38:049		1.47123e+06		257.728		149.102		0		2.18741		279.327		
00:00:37:950		1.47124e+06		257.465		149.506		0		2.17203		279.377		
00:00:37:850		1.47124e+06		257.465		149.506		0		2.17203		279.426		
00:00:37:750		1.47125e+06		257.201		149.506		0		2.17203		279.478		
00:00:37:649		1.47126e+06		257.201		149.91		0		2.15664		279.53		
00:00:37:549		1.47127e+06		257.201		149.91		0		2.15664		279.582		
00:00:37:450		1.47128e+06		256.937		150.315		0		2.14122		279.633		
00:00:37:350		1.47129e+06		256.937		150.315		0		2.14122		279.684		
00:00:37:250		1.4713e+06		256.672		150.315		0		2.14122		279.733		
00:00:37:149		1.4713e+06		256.672		150.72		0		2.12576		279.784		
00:00:37:049		1.47131e+06		256.672		150.72		0		2.12576		279.837		
00:00:36:950		1.47132e+06		256.407		151.125		0		2.11028		279.889		
00:00:36:850		1.47133e+06		256.407		151.125		0		2.11028		279.94		
00:00:36:750		1.47134e+06		256.139		151.125		0		2.11028		279.991		
00:00:36:649		1.47135e+06		256.139		151.53		0		2.09477		280.042		
00:00:36:549		1.47135e+06		256.139		151.53		0		2.09477		280.092		
00:00:36:450		1.47136e+06		255.869		151.934		0		2.07925		280.145		
00:00:36:350		1.47137e+06		255.869		151.934		0		2.07925		280.197		
00:00:36:250		1.47138e+06		255.597		151.934		0		2.07925		280.249		
00:00:36:149		1.47139e+06		255.597		152.338		0		2.0637		280.3		
00:00:36:000		1.4714e+06		255.322		152.338		0		2.0637		280.374		
00:00:36:000		1.4714e+06		255.322		152.338		0		2.0637		280.374		
00:00:35:850		1.47141e+06		255.322		152.74		0		2.04814		280.453		
00:00:35:750		1.47143e+06		255.045		153.141		0		2.03256		280.531		
00:00:35:750		1.47143e+06		255.045		153.141		0		2.03256		280.531		
00:00:35:600		1.47144e+06		255.045		153.141		0		2.03256		280.583		
00:00:35:450		1.47145e+06		254.765		153.541		0		2.01696		280.659		
00:00:35:350		1.47146e+06		254.765		153.541		0		2.01696		280.711		
00:00:35:149		1.47147e+06		254.482		153.938		0		2.00135		280.817		
00:00:35:149		1.47147e+06		254.482		153.938		0		2.00135		280.817		
00:00:35:049		1.47148e+06		254.482		153.938		0		2.00135		280.869		
00:00:34:950		1.47149e+06		254.197		154.334		0		1.98571		280.921		
00:00:34:850		1.4715e+06		254.197		154.334		0		1.98571		280.998		
00:00:34:850		1.4715e+06		254.197		154.334		0		1.98571		280.998		
00:00:34:700		1.47151e+06		253.908		154.727		0		1.97006		281.051		
00:00:34:600		1.47152e+06		253.908		154.727		0		1.97006		281.105		
00:00:34:399		1.47154e+06		253.616		155.117		0		1.95438		281.21		
00:00:34:399		1.47154e+06		253.616		155.117		0		1.95438		281.21		
00:00:34:299		1.47155e+06		253.616		155.117		0		1.95438		281.261		
00:00:34:100		1.47156e+06		253.32		155.504		0		1.93869		281.367		
00:00:34:000		1.47157e+06		253.022		155.504		0		1.93869		281.421		
00:00:33:899		1.47158e+06		253.022		155.887		0		1.92299		281.474		
00:00:33:899		1.47158e+06		253.022		155.887		0		1.92299		281.474		
00:00:33:799		1.47159e+06		253.022		155.887		0		1.92299		281.527		
00:00:33:700		1.4716e+06		252.719		156.267		0		1.90726		281.58		
00:00:33:600		1.47161e+06		252.719		156.267		0		1.90726		281.632		
00:00:33:500		1.47161e+06		252.413		156.267		0		1.90726		281.686		
00:00:33:299		1.47163e+06		252.413		156.642		0		1.89152		281.794		
00:00:33:299		1.47163e+06		252.413		156.642		0		1.89152		281.794		
00:00:33:100		1.47165e+06		252.103		157.013		0		1.87576		281.9		
00:00:33:000		1.47166e+06		251.789		157.013		0		1.87576		281.953		
00:00:33:000		1.47166e+06		251.789		157.013		0		1.87576		281.953		
00:00:32:899		1.47167e+06		251.789		157.378		0		1.85999		282.008		
00:00:32:799		1.47167e+06		251.789		157.378		0		1.85999		282.063		
00:00:32:700		1.47168e+06		251.471		157.737		0		1.84419		282.117		
00:00:32:600		1.47169e+06		251.471		157.737		0		1.84419		282.17		
00:00:32:500		1.4717e+06		251.148		157.737		0		1.84419		282.224		
00:00:32:399		1.47171e+06		251.148		158.091		0		1.82838		282.278		
00:00:32:299		1.47172e+06		251.148		158.091		0		1.82838		282.333		
00:00:32:200		1.47172e+06		250.821		158.437		0		1.81256		282.388		
00:00:32:100		1.47173e+06		250.821		158.437		0		1.81256		282.442		
00:00:31:949		1.47175e+06		250.49		158.776		0		1.79672		282.524		
00:00:31:850		1.47175e+06		250.49		158.776		0		1.79672		282.577		
00:00:31:800		1.47176e+06		250.49		158.776		0		1.79672		282.605		
00:00:31:699		1.47177e+06		250.152		159.107		0		1.78087		282.66		
00:00:31:600		1.47178e+06		250.152		159.107		0		1.78087		282.715		
00:00:31:500		1.47178e+06		249.809		159.107		0		1.78087		282.77		
00:00:31:350		1.4718e+06		249.809		159.429		0		1.76499		282.852		
00:00:31:250		1.47181e+06		249.46		159.429		0		1.76499		282.907		
00:00:31:199		1.47181e+06		249.46		159.742		0		1.74912		282.935		
00:00:31:100		1.47182e+06		249.46		159.742		0		1.74912		282.99		
00:00:31:000		1.47183e+06		249.105		159.742		0		1.74912		283.045		
00:00:30:899		1.47184e+06		249.105		160.045		0		1.73322		283.101		
00:00:30:800		1.47184e+06		249.105		160.045		0		1.73322		283.155		
00:00:30:649		1.47186e+06		248.744		160.336		0		1.71731		283.234		
00:00:30:550		1.47186e+06		248.744		160.336		0		1.71731		283.289		
00:00:30:449		1.47187e+06		248.377		160.616		0		1.70138		283.343		
00:00:30:350		1.47188e+06		248.377		160.616		0		1.70138		283.397		
00:00:30:250		1.47189e+06		248.002		160.616		0		1.70138		283.451		
00:00:30:149		1.4719e+06		248.002		160.884		0		1.68544		283.507		
00:00:30:050		1.47191e+06		248.002		160.884		0		1.68544		283.562		
00:00:29:949		1.47192e+06		247.622		161.137		0		1.6695		283.616		
00:00:29:850		1.47192e+06		247.622		161.137		0		1.6695		283.669		
00:00:29:750		1.47193e+06		247.235		161.137		0		1.6695		283.721		
00:00:29:649		1.47194e+06		247.235		161.376		0		1.65355		283.775		
00:00:29:550		1.47195e+06		247.235		161.376		0		1.65355		283.829		
00:00:29:449		1.47196e+06		246.841		161.6		0		1.63759		283.883		
00:00:29:350		1.47197e+06		246.841		161.6		0		1.63759		283.937		
00:00:29:250		1.47198e+06		246.44		161.6		0		1.63759		283.991		
00:00:29:149		1.47198e+06		246.44		161.806		0		1.62163		284.044		
00:00:29:050		1.47199e+06		246.44		161.806		0		1.62163		284.096		
00:00:28:949		1.472e+06		246.032		161.995		0		1.60567		284.149		
00:00:28:850		1.47201e+06		246.032		161.995		0		1.60567		284.202		
00:00:28:750		1.47202e+06		245.616		161.995		0		1.60567		284.255		
00:00:28:649		1.47203e+06		245.616		162.165		0		1.5897		284.308		
00:00:28:550		1.47203e+06		245.616		162.165		0		1.5897		284.362		
00:00:28:449		1.47204e+06		245.192		162.314		0		1.57373		284.414		
00:00:28:350		1.47205e+06		245.192		162.314		0		1.57373		284.465		
00:00:28:250		1.47206e+06		244.76		162.314		0		1.57373		284.516		
00:00:28:100		1.47207e+06		244.76		162.442		0		1.55776		284.594		
00:00:28:000		1.47208e+06		244.32		162.442		0		1.55776		284.646		
00:00:28:000		1.47208e+06		244.32		162.442		0		1.55776		284.646		
00:00:27:800		1.4721e+06		244.32		162.546		0		1.54178		284.752		
00:00:27:800		1.4721e+06		244.32		162.546		0		1.54178		284.752		
00:00:27:600		1.47212e+06		243.871		162.627		0		1.52581		284.853		
00:00:27:600		1.47212e+06		243.871		162.627		0		1.52581		284.853		
00:00:27:500		1.47212e+06		243.413		162.627		0		1.52581		284.903		
00:00:27:399		1.47213e+06		243.413		162.681		0		1.50984		284.954		
00:00:27:300		1.47214e+06		243.413		162.681		0		1.50984		285.006		
00:00:27:199		1.47215e+06		242.946		162.709		0		1.49387		285.058		
00:00:27:000		1.47217e+06		242.469		162.709		0		1.49387		285.161		
00:00:27:000		1.47217e+06		242.469		162.709		0		1.49387		285.161		
00:00:26:899		1.47218e+06		242.469		162.707		0		1.4779		285.211		
00:00:26:800		1.47218e+06		242.469		162.707		0		1.4779		285.261		
00:00:26:600		1.4722e+06		241.983		162.674		0		1.46194		285.361		
00:00:26:600		1.4722e+06		241.983		162.674		0		1.46194		285.361		
00:00:26:500		1.47221e+06		241.486		162.674		0		1.46194		285.413		
00:00:26:399		1.47222e+06		241.486		162.608		0		1.44599		285.465		
00:00:26:300		1.47223e+06		241.486		162.608		0		1.44599		285.515		
00:00:26:100		1.47224e+06		240.979		162.508		0		1.43005		285.614		
00:00:26:000		1.47225e+06		240.457		162.508		0		1.43005		285.663		
00:00:26:000		1.47225e+06		240.457		162.508		0		1.43005		285.663		
00:00:25:899		1.47226e+06		240.457		162.372		0		1.41414		285.713		
00:00:25:800		1.47227e+06		240.457		162.372		0		1.41414		285.763		
00:00:25:699		1.47228e+06		239.898		162.2		0		1.39844		285.814		
00:00:25:600		1.47229e+06		239.898		162.2		0		1.39844		285.864		
00:00:25:399		1.4723e+06		239.303		161.992		0		1.38293		285.961		
00:00:25:399		1.4723e+06		239.303		161.992		0		1.38293		285.961		
00:00:25:300		1.47231e+06		239.303		161.992		0		1.38293		286.009		
00:00:25:100		1.47233e+06		238.672		161.748		0		1.36762		286.108		
00:00:25:000		1.47236e+06		238.003		161.748		0		1.36762		286.159		
00:00:25:000		1.47236e+06		238.003		161.748		0		1.36762		286.159		
00:00:24:899		1.47244e+06		238.003		161.468		0		1.35251		286.209		
00:00:24:800		1.47256e+06		238.003		161.468		0		1.35251		286.258		
00:00:24:699		1.47271e+06		237.298		161.152		0		1.3376		286.306		
00:00:24:600		1.47291e+06		237.298		161.152		0		1.3376		286.355		
00:00:24:500		1.47314e+06		236.556		161.152		0		1.3376		286.405		
00:00:24:300		1.47373e+06		236.556		160.801		0		1.32288		286.505		
00:00:24:300		1.47373e+06		236.556		160.801		0		1.32288		286.505		
00:00:24:100		1.47448e+06		235.777		160.414		0		1.30837		286.604		
00:00:24:000		1.47491e+06		234.961		160.414		0		1.30837		286.653		
00:00:24:000		1.47491e+06		234.961		160.414		0		1.30837		286.653		
00:00:23:899		1.47538e+06		234.961		159.993		0		1.29405		286.704		
00:00:23:750		1.47616e+06		234.107		159.993		0		1.29405		286.778		
00:00:23:649		1.47673e+06		234.107		159.538		0		1.27993		286.828		
00:00:23:600		1.47703e+06		234.107		159.538		0		1.27993		286.853		
00:00:23:449		1.47799e+06		233.215		159.049		0		1.26601		286.929		
00:00:23:350		1.47868e+06		233.215		159.049		0		1.26601		286.979		
00:00:23:250		1.47941e+06		232.284		159.049		0		1.26601		287.029		
00:00:23:149		1.48018e+06		232.284		158.528		0		1.25229		287.08		
00:00:23:050		1.481e+06		232.284		158.528		0		1.25229		287.131		
00:00:22:949		1.48189e+06		231.314		157.974		0		1.23878		287.181		
00:00:22:850		1.48286e+06		231.314		157.974		0		1.23878		287.232		
00:00:22:750		1.48391e+06		230.304		157.974		0		1.23878		287.284		
00:00:22:649		1.48504e+06		230.304		157.391		0		1.22547		287.335		
00:00:22:550		1.48625e+06		230.304		157.391		0		1.22547		287.386		
00:00:22:449		1.48754e+06		229.252		156.778		0		1.21239		287.438		
00:00:22:350		1.48891e+06		229.252		156.778		0		1.21239		287.489		
00:00:22:250		1.49037e+06		228.158		156.778		0		1.21239		287.541		
00:00:22:149		1.4919e+06		228.158		156.137		0		1.19952		287.593		
00:00:22:050		1.49352e+06		228.158		156.137		0		1.19952		287.646		
00:00:21:949		1.49521e+06		227.017		155.47		0		1.18691		287.698		
00:00:21:850		1.49699e+06		227.017		155.47		0		1.18691		287.751		
00:00:21:750		1.49885e+06		225.821		155.47		0		1.18691		287.804		
00:00:21:649		1.5008e+06		225.821		154.781		0		1.17461		287.857		
00:00:21:550		1.50282e+06		225.821		154.781		0		1.17461		287.91		
00:00:21:449		1.50493e+06		224.533		154.075		0		1.16287		287.964		
00:00:21:350		1.50712e+06		224.533		154.075		0		1.16287		288.018		
00:00:21:250		1.5094e+06		223.229		154.075		0		1.16287		288.072		
00:00:21:149		1.51176e+06		223.229		153.352		0		1.15118		288.126		
00:00:21:050		1.5142e+06		223.229		153.352		0		1.15118		288.181		
00:00:20:949		1.51673e+06		221.918		152.612		0		1.13945		288.236		
00:00:20:850		1.51935e+06		221.918		152.612		0		1.13945		288.291		
00:00:20:750		1.52205e+06		220.601		152.612		0		1.13945		288.346		
00:00:20:649		1.52483e+06		220.601		151.854		0		1.12767		288.402		
00:00:20:550		1.52771e+06		220.601		151.854		0		1.12767		288.458		
00:00:20:449		1.5307e+06		219.277		151.078		0		1.11583		288.514		
00:00:20:350		1.53382e+06		219.277		151.078		0		1.11583		288.57		
00:00:20:250		1.53707e+06		217.946		151.078		0		1.11583		288.627		
00:00:20:149		1.54044e+06		217.946		150.283		0		1.10396		288.684		
00:00:20:050		1.54395e+06		217.946		150.283		0		1.10396		288.742		
00:00:19:949		1.54759e+06		216.608		149.468		0		1.09203		288.799		
00:00:19:850		1.55137e+06		216.608		149.468		0		1.09203		288.857		
00:00:19:750		1.55528e+06		215.262		149.468		0		1.09203		288.915		
00:00:19:649		1.55932e+06		215.262		148.633		0		1.08005		288.974		
00:00:19:550		1.5635e+06		215.262		148.633		0		1.08005		289.033		
00:00:19:449		1.56781e+06		213.91		147.778		0		1.06802		289.092		
00:00:19:350		1.57226e+06		213.91		147.778		0		1.06802		289.151		
00:00:19:350		1.57226e+06		213.91		147.778		0		1.06802		289.151		
00:00:19:199		1.5792e+06		212.55		146.901		0		1.05594		289.241		
00:00:19:000		1.58894e+06		211.183		146.901		0		1.05594		289.361		
00:00:19:000		1.58894e+06		211.183		146.901		0		1.05594		289.361		
00:00:18:800		1.59925e+06		211.183		146.002		0		1.04382		289.483		
00:00:18:800		1.59925e+06		211.183		146.002		0		1.04382		289.483		
00:00:18:699		1.60462e+06		209.808		145.08		0		1.03164		289.544		
00:00:18:600		1.61014e+06		209.808		145.08		0		1.03164		289.606		
00:00:18:500		1.6158e+06		208.428		145.08		0		1.03164		289.668		
00:00:18:399		1.62162e+06		208.428		144.135		0		1.01938		289.73		
00:00:18:300		1.62758e+06		208.428		144.135		0		1.01938		289.792		
00:00:18:199		1.6337e+06		207.038		143.165		0		1.0071		289.855		
00:00:18:050		1.64317e+06		207.038		143.165		0		1.0071		289.95		
00:00:17:949		1.64967e+06		205.639		142.17		0		0.994761		290.014		
00:00:17:800		1.65972e+06		205.639		142.17		0		0.994761		290.109		
00:00:17:800		1.65972e+06		205.639		142.17		0		0.994761		290.109		
00:00:17:699		1.66662e+06		204.232		141.149		0		0.982371		290.173		
00:00:17:600		1.67369e+06		204.232		141.149		0		0.982371		290.237		
00:00:17:500		1.68091e+06		202.816		141.149		0		0.982371		290.301		
00:00:17:399		1.6883e+06		202.816		140.101		0		0.969926		290.366		
00:00:17:300		1.69586e+06		202.816		140.101		0		0.969926		290.431		
00:00:17:100		1.71149e+06		201.391		139.026		0		0.957427		290.562		
00:00:17:000		1.71966e+06		199.958		139.026		0		0.957427		290.627		
00:00:17:000		1.71966e+06		199.958		139.026		0		0.957427		290.627		
00:00:16:899		1.72815e+06		199.958		137.922		0		0.944872		290.694		
00:00:16:800		1.73695e+06		199.958		137.922		0		0.944872		290.76		
00:00:16:699		1.74607e+06		198.517		136.788		0		0.932236		290.828		
00:00:16:600		1.75552e+06		198.517		136.788		0		0.932236		290.895		
00:00:16:500		1.76529e+06		197.065		136.788		0		0.932236		290.963		
00:00:16:399		1.7754e+06		197.065		135.625		0		0.919568		291.032		
00:00:16:300		1.78585e+06		197.065		135.625		0		0.919568		291.101		
00:00:16:100		1.80779e+06		195.603		134.43		0		0.906842		291.24		
00:00:16:000		1.81929e+06		194.131		134.43		0		0.906842		291.31		
00:00:16:000		1.81929e+06		194.131		134.43		0		0.906842		291.31		
00:00:15:900		1.83114e+06		194.131		133.204		0		0.894058		291.381		
00:00:15:800		1.84337e+06		194.131		133.204		0		0.894058		291.453		
00:00:15:699		1.85597e+06		192.649		131.946		0		0.881214		291.525		
00:00:15:599		1.86894e+06		192.649		131.946		0		0.881214		291.598		
00:00:15:500		1.8823e+06		191.156		131.946		0		0.881214		291.671		
00:00:15:400		1.89606e+06		191.156		130.654		0		0.868311		291.746		
00:00:15:300		1.91021e+06		191.156		130.654		0		0.868311		291.82		
00:00:15:099		1.93974e+06		189.654		129.329		0		0.855346		291.972		
00:00:15:000		1.9551e+06		188.141		129.329		0		0.855346		292.049		
00:00:15:000		1.9551e+06		188.141		129.329		0		0.855346		292.049		
00:00:14:849		1.97884e+06		188.141		127.969		0		0.842319		292.166		
00:00:14:800		1.98694e+06		188.141		127.969		0		0.842319		292.206		
00:00:14:650		2.01185e+06		186.618		126.574		0		0.82923		292.325		
00:00:14:550		2.02896e+06		186.618		126.574		0		0.82923		292.406		
00:00:14:449		2.04647e+06		185.084		125.142		0		0.816076		292.487		
00:00:14:400		2.05539e+06		185.084		125.142		0		0.816076		292.528		
00:00:14:250		2.08277e+06		183.539		125.142		0		0.816076		292.65		
00:00:14:050		2.1208e+06		183.539		123.673		0		0.802859		292.816		
00:00:13:949		2.14049e+06		181.982		122.166		0		0.789575		292.901		
00:00:13:949		2.14049e+06		181.982		122.166		0		0.789575		292.901		
00:00:13:849		2.16064e+06		181.982		122.166		0		0.789575		292.986		
00:00:13:750		2.18126e+06		180.414		122.166		0		0.789575		293.071		
00:00:13:699		2.19175e+06		180.414		120.618		0		0.776224		293.115		
00:00:13:599		2.21308e+06		180.414		120.618		0		0.776224		293.201		
00:00:13:500		2.24601e+06		178.835		119.03		0		0.762805		293.332		
00:00:13:349		2.26859e+06		178.835		119.03		0		0.762805		293.419		
00:00:13:250		2.29169e+06		177.243		119.03		0		0.762805		293.507		
00:00:13:150		2.31532e+06		177.243		117.399		0		0.749318		293.596		
00:00:13:050		2.33948e+06		177.243		117.399		0		0.749318		293.684		
00:00:12:949		2.36413e+06		175.639		115.727		0		0.735761		293.773		
00:00:12:849		2.38929e+06		175.639		115.727		0		0.735761		293.862		
00:00:12:750		2.41496e+06		174.023		115.727		0		0.735761		293.951		
00:00:12:650		2.44115e+06		174.023		114.016		0		0.722135		294.041		
00:00:12:550		2.46787e+06		174.023		114.016		0		0.722135		294.13		
00:00:12:449		2.49514e+06		172.395		112.265		0		0.708441		294.22		
00:00:12:349		2.52296e+06		172.395		112.265		0		0.708441		294.31		
00:00:12:250		2.55134e+06		170.756		112.265		0		0.708441		294.401		
00:00:12:150		2.58029e+06		170.756		110.474		0		0.69468		294.492		
00:00:12:050		2.60983e+06		170.756		110.474		0		0.69468		294.585		
00:00:11:949		2.63998e+06		169.103		108.644		0		0.680851		294.678		
00:00:11:849		2.6707e+06		169.103		108.644		0		0.680851		294.772		
00:00:11:750		2.7019e+06		167.439		108.644		0		0.680851		294.867		
00:00:11:650		2.73362e+06		167.439		106.777		0		0.666955		294.964		
00:00:11:550		2.76589e+06		167.439		106.777		0		0.666955		295.062		
00:00:11:449		2.7987e+06		165.761		104.877		0		0.652991		295.161		
00:00:11:349		2.8321e+06		165.761		104.877		0		0.652991		295.261		
00:00:11:250		2.86610e+06		164.073		104.877		0		0.652991		295.362		
00:00:11:150		2.90073e+06		164.073		102.947		0		0.63896		295.465		
00:00:11:050		2.936e+06		164.073		102.947		0		0.63896		295.569		
00:00:10:949		2.97192e+06		162.371		100.99		0		0.62486		295.675		
00:00:10:849		3.00853e+06		162.371		100.99		0		0.62486		295.783		
00:00:10:750		3.04583e+06		160.658		99.0088		0		0.62486		295.892		
00:00:10:750		3.04583e+06		160.658		99.0088		0		0.62486		295.892		
00:00:10:599		3.10313e+06		160.658		99.0088		0		0.610693		296.059		
00:00:10:449		3.16204e+06		158.932		97.0023		0		0.596457		296.228		
00:00:10:349		3.20217e+06		158.932		97.0023		0		0.596457		296.344		
00:00:10:250		3.24300e+06		157.195		97.0023		0		0.596457		296.462		
00:00:10:150		3.28456e+06		157.195		94.9676		0		0.582152		296.582		
00:00:10:000		3.34828e+06		155.447		94.9676		0		0.582152		296.765		
00:00:09:900		3.3917e+06		155.447		92.9062		0		0.56778		296.887		
00:00:09:900		3.3917e+06		155.447		92.9062		0		0.56778		296.887		
00:00:09:800		3.4359e+06		155.447		92.9062		0		0.56778		297.012		
00:00:09:699		3.48088e+06		153.688		90.8207		0		0.553339		297.138		
00:00:09:599		3.52668e+06		153.688		90.8207		0		0.553339		297.266		
00:00:09:500		3.57329e+06		151.919		90.8207		0		0.553339		297.397		
00:00:09:400		3.62075e+06		151.919		88.7143		0		0.538831		297.529		
00:00:09:300		3.66907e+06		151.919		88.7143		0		0.538831		297.664		
00:00:09:199		3.71825e+06		150.142		86.5926		0		0.524253		297.801		
00:00:09:000		3.81931e+06		148.355		86.5926		0		0.524253		298.081		
00:00:09:000		3.81931e+06		148.355		86.5926		0		0.524253		298.081		
00:00:08:900		3.87121e+06		148.355		84.4585		0		0.509603		298.224		
00:00:08:800		3.92406e+06		148.355		84.4585		0		0.509603		298.37		
00:00:08:699		3.97788e+06		146.56		82.315		0		0.494877		298.517		
00:00:08:599		4.03268e+06		146.56		82.315		0		0.494877		298.667		
00:00:08:500		4.08849e+06		144.758		82.315		0		0.494877		298.817		
00:00:08:400		4.14533e+06		144.758		80.1656		0		0.48007		298.97		
00:00:08:099		4.32215e+06		142.947		78.0142		0		0.46518		299.443		
00:00:08:099		4.32215e+06		142.947		78.0142		0		0.46518		299.443		
00:00:08:000		4.38328e+06		141.132		78.0142		0		0.46518		299.605		
00:00:08:000		4.38328e+06		141.132		78.0142		0		0.46518		299.605		
00:00:07:900		4.44553e+06		141.132		75.8658		0		0.450207		299.769		
00:00:07:700		4.57348e+06		139.313		73.7259		0		0.435149		300.104		
00:00:07:700		4.57348e+06		139.313		73.7259		0		0.435149		300.104		
00:00:07:599		4.63924e+06		139.313		73.7259		0		0.435149		300.272		
00:00:07:500		4.70622e+06		137.493		73.7259		0		0.435149		300.442		
00:00:07:400		4.77443e+06		137.493		71.6004		0		0.420007		300.614		
00:00:07:299		4.84389e+06		137.493		71.6004		0		0.420007		300.787		
00:00:07:200		4.91465e+06		135.673		69.4955		0		0.404778		300.964		
00:00:07:000		5.05983e+06		133.854		69.4955		0		0.404778		301.322		
00:00:07:000		5.05983e+06		133.854		69.4955		0		0.404778		301.322		
00:00:06:900		5.13393e+06		133.854		67.4166		0		0.389462		301.503		
00:00:06:799		5.20903e+06		133.854		67.4166		0		0.389462		301.688		
00:00:06:700		5.28515e+06		132.041		65.372		0		0.374056		301.874		
00:00:06:599		5.3623e+06		132.041		65.372		0		0.374056		302.061		
00:00:06:450		5.47994e+06		130.233		63.3703		0		0.358554		302.346		
00:00:06:400		5.51968e+06		130.233		63.3703		0		0.358554		302.442		
00:00:06:299		5.59996e+06		130.233		63.3703		0		0.358554		302.635		
00:00:06:099		5.76378e+06		128.435		61.4194		0		0.34295		303.028		
00:00:06:000		5.84735e+06		126.649		61.4194		0		0.34295		303.226		
00:00:06:000		5.84735e+06		126.649		61.4194		0		0.34295		303.226		
00:00:05:900		5.93205e+06		126.649		59.5249		0		0.327227		303.425		
00:00:05:750		6.06135e+06		124.878		59.5249		0		0.327227		303.727		
00:00:05:650		6.14917e+06		124.878		57.6906		0		0.311201		303.93		
00:00:05:549		6.23878e+06		124.878		57.6906		0		0.311201		304.136		
00:00:05:450		6.31219e+06		123.124		55.915		0		0.294772		304.343		
00:00:05:349		6.36793e+06		123.124		55.915		0		0.294772		304.552		
00:00:05:250		6.41171e+06		121.392		55.915		0		0.294772		304.761		
00:00:05:150		6.44613e+06		121.392		54.1838		0		0.278047		304.971		
00:00:04:950		6.4952e+06		119.688		52.4993		0		0.261112		305.393		
00:00:04:950		6.4952e+06		119.688		52.4993		0		0.261112		305.393		
00:00:04:849		6.51294e+06		119.688		52.4993		0		0.261112		305.605		
00:00:04:750		6.52759e+06		118.018		52.4993		0		0.261112		305.815		
00:00:04:650		6.5399e+06		118.018		50.867		0		0.244026		306.026		
00:00:04:549		6.55045e+06		118.018		50.867		0		0.244026		306.237		
00:00:04:450		6.55962e+06		116.389		49.2921		0		0.226829		306.448		
00:00:04:349		6.56778e+06		116.389		49.2921		0		0.226829		306.66		
00:00:04:250		6.57516e+06		114.806		49.2921		0		0.226829		306.871		
00:00:04:049		6.58848e+06		114.806		47.7795		0		0.209545		307.29		
00:00:03:950		6.59482e+06		113.274		46.3336		0		0.192188		307.497		
00:00:03:950		6.59482e+06		113.274		46.3336		0		0.192188		307.497		
00:00:03:850		6.60124e+06		113.274		46.3336		0		0.192188		307.702		
00:00:03:750		6.60807e+06		111.8		46.3336		0		0.192188		307.903		
00:00:03:649		6.61578e+06		111.8		44.9586		0		0.174754		308.1		
00:00:03:549		6.62506e+06		111.8		44.9586		0		0.174754		308.292		
00:00:03:399		6.63867e+06		110.388		43.6586		0		0.157252		308.565		
00:00:03:399		6.63867e+06		110.388		43.6586		0		0.157252		308.565		
00:00:03:200		6.65437e+06		109.043		42.4376		0		0.139694		308.898		
00:00:03:200		6.65437e+06		109.043		42.4376		0		0.139694		308.898		
00:00:03:000		6.6669e+06		107.773		42.4376		0		0.139694		309.19		
00:00:03:000		6.6669e+06		107.773		42.4376		0		0.139694		309.19		
00:00:02:899		6.67141e+06		107.773		41.2995		0		0.122101		309.317		
00:00:02:799		6.67406e+06		107.773		41.2995		0		0.122101		309.429		
00:00:02:700		6.67362e+06		106.583		40.2499		0		0.10453		309.525		
00:00:02:600		6.66782e+06		106.583		40.2499		0		0.10453		309.605		
00:00:02:500		6.65267e+06		105.482		40.2499		0		0.10453		309.668		
00:00:02:399		6.62206e+06		105.482		39.2976		0		0.087203		309.717		
00:00:02:299		6.57235e+06		105.482		39.2976		0		0.087203		309.754		
00:00:02:200		6.53496e+06		104.475		38.4603		0		0.0699718		309.78		
00:00:02:000		6.50122e+06		103.566		38.4603		0		0.0699718		309.814		
00:00:02:000		6.50122e+06		103.566		38.4603		0		0.0699718		309.814		
00:00:01:899		6.49948e+06		103.566		37.7431		0		0.0526893		309.825		
00:00:01:800		6.5155e+06		103.566		37.7431		0		0.0526893		309.834		
00:00:01:699		6.53165e+06		102.754		37.1527		0		0.0353012		309.84		
00:00:01:600		6.54766e+06		102.754		37.1527		0		0.0353012		309.844		
00:00:01:500		6.56371e+06		102.059		37.1527		0		0.0353012		309.846		
00:00:01:300		6.60603e+06		102.059		36.6818		0		0.0177768		309.846		
00:00:01:300		6.60603e+06		102.059		36.6818		0		0.0177768		309.846		
00:00:01:199		6.63594e+06		101.401		36.3825		0		0		309.846		
00:00:01:000		6.73528e+06		100.069		36.3828		0		0		309.846		
00:00:01:000		6.73528e+06		100.069		36.3828		0		0		309.846		
00:00:00:849		6.83119e+06		100.069		36.3828		0		0		309.846		
00:00:00:800		6.83118e+06		100.069		36.3828		0		0		309.846		
00:00:00:699		6.83118e+06		100.069		36.3831		0		0		309.846		
00:00:00:599		6.83118e+06		100.069		36.3831		0		0		309.846		
00:00:00:500		6.83117e+06		100.069		36.3831		0		0		309.846		
00:00:00:400		6.83116e+06		100.069		36.3834		0		0		309.846		
00:00:00:299		6.83116e+06		100.069		36.3834		0		0		309.846		
00:00:00:149		6.83116e+06		100.069		36.3837		0		0		309.846		
00:00:00:000		6.83115e+06		100.069		36.3837		0		0		309.846		
00:00:00:000		6.83115e+06		100.069		36.3837		0		0		309.846		
00:00:00:000		6.83115e+06		100.069		36.3837		0		0		309.846		
00:00:00:000		6.83115e+06		100.069		36.3837		0		0		309.846		
00:00:00:000		6.83115e+06		100.069		36.3837		0		0		309.846		
