	time 		rcpppzr	rcp054rcp007mnzoyout	rcv501std0102fvol	fwfrcp001gv	rcppmssga	msfsg(1)	
00:01:05:650		9.5363e+06		-5.84797		0		0		2.44485e+06		547.176		
00:01:05:450		9.56611e+06		-5.84799		0		0		2.45042e+06		547.645		
00:01:05:349		9.58093e+06		-5.84797		0		0		2.45498e+06		549.158		
00:01:05:349		9.58093e+06		-5.84797		0		0		2.45498e+06		549.158		
00:01:05:250		9.59566e+06		-5.84792		0		0		2.46102e+06		550.912		
00:01:05:150		9.61027e+06		-5.84786		0		0		2.46553e+06		551.828		
00:01:05:049		9.62473e+06		-5.84777		0		0		2.46907e+06		552.366		
00:01:04:950		9.63904e+06		-5.84767		0		0		2.47276e+06		553.605		
00:01:04:849		9.65319e+06		-5.84756		0		0		2.47714e+06		555.317		
00:01:04:750		9.66718e+06		-5.84745		0		0		2.48084e+06		555.855		
00:01:04:650		9.68099e+06		-5.84735		0		0		2.4825e+06		555.61		
00:01:04:450		9.71464e+06		-5.84724		0		0		2.48888e+06		556.207		
00:01:04:450		9.71464e+06		-5.84724		0		0		2.48888e+06		556.207		
00:01:04:200		9.74107e+06		-5.84738		0		0		2.49688e+06		558.447		
00:01:04:200		9.74107e+06		-5.84738		0		0		2.49688e+06		558.447		
00:01:04:099		9.7542e+06		-5.84755		0		0		2.50284e+06		560		
00:01:04:049		9.76073e+06		-5.84766		0		0		2.50525e+06		560.419		
00:01:03:899		9.78015e+06		-5.84811		0		0		2.5111e+06		561.787		
00:01:03:799		9.79294e+06		-5.84851		0		0		2.51533e+06		563.347		
00:01:03:750		9.79929e+06		-5.84872		0		0		2.51774e+06		564.379		
00:01:03:600		9.81813e+06		-5.84935		0		0		2.52307e+06		564.81		
00:01:03:399		9.84287e+06		-5.85021		0		0		2.52758e+06		565.368		
00:01:03:399		9.84287e+06		-5.85021		0		0		2.52758e+06		565.368		
00:01:03:299		9.85511e+06		-5.85061		0		0		2.53084e+06		565.571		
00:01:03:200		9.86734e+06		-5.85099		0		0		2.53414e+06		565.619		
00:01:03:100		9.87963e+06		-5.85134		0		0		2.53868e+06		567.378		
00:01:03:000		9.89192e+06		-5.85167		0		0		2.54516e+06		569.331		
00:01:02:899		9.90415e+06		-5.85198		0		0		2.5504e+06		570.381		
00:01:02:799		9.91629e+06		-5.85229		0		0		2.5546e+06		571.384		
00:01:02:700		9.92828e+06		-5.8526		0		0		2.55889e+06		573.04		
00:01:02:600		9.94015e+06		-5.85291		0		0		2.56362e+06		575.077		
00:01:02:399		9.96392e+06		-5.85361		0		0		2.5671e+06		574.347		
00:01:02:399		9.96392e+06		-5.85361		0		0		2.5671e+06		574.347		
00:01:02:299		9.97584e+06		-5.854		0		0		2.5698e+06		574.759		
00:01:02:200		9.98776e+06		-5.85444		0		0		2.5731e+06		575.321		
00:01:02:100		9.99971e+06		-5.85493		0		0		2.57663e+06		575.297		
00:01:02:000		1.00117e+07		-5.85548		0		0		2.58069e+06		576.187		
00:01:01:899		1.00238e+07		-5.85608		0		0		2.58708e+06		578.565		
00:01:01:799		1.00358e+07		-5.85674		0		0		2.59337e+06		580.149		
00:01:01:700		1.00479e+07		-5.85744		0		0		2.59801e+06		581.403		
00:01:01:600		1.00599e+07		-5.85816		0		0		2.60217e+06		582.679		
00:01:01:500		1.00719e+07		-5.85889		0		0		2.60625e+06		584.618		
00:01:01:399		1.00838e+07		-5.85959		0		0		2.60981e+06		584.845		
00:01:01:299		1.00956e+07		-5.86022		0		0		2.60986e+06		583.545		
00:01:01:200		1.01075e+07		-5.86073		0		0		2.61126e+06		583.92		
00:01:01:100		1.01192e+07		-5.86108		0		0		2.61474e+06		584.528		
00:01:01:000		1.0131e+07		-5.86122		0		0		2.61872e+06		585.493		
00:01:00:850		1.01484e+07		-5.86099		0		0		2.62522e+06		586.349		
00:01:00:750		1.016e+07		-5.8605		0		0		2.63053e+06		588.346		
00:01:00:649		1.01716e+07		-5.85971		0		0		2.63646e+06		590.238		
00:01:00:549		1.0183e+07		-5.85861		0		0		2.64105e+06		591.488		
00:01:00:450		1.01944e+07		-5.8572		0		0		2.64436e+06		592.169		
00:01:00:350		1.02056e+07		-5.85549		0		0		2.64715e+06		593.622		
00:01:00:250		1.02168e+07		-5.8535		0		0		2.65038e+06		594.756		
00:01:00:149		1.02279e+07		-5.85127		0		0		2.65102e+06		592.858		
00:01:00:049		1.02391e+07		-5.84883		0		0		2.65031e+06		592.239		
00:01:00:000		1.02446e+07		-5.84756		0		0		2.65143e+06		592.608		
00:01:00:000		1.02446e+07		-5.84756		0		0		2.65143e+06		592.608		
00:00:59:899		1.02557e+07		-5.84493		0		0		2.65546e+06		593.283		
00:00:59:799		1.02668e+07		-5.84226		0		0		2.65999e+06		594.281		
00:00:59:700		1.02779e+07		-5.83961		0		0		2.66507e+06		595.701		
00:00:59:500		1.02999e+07		-5.83477		0		0		2.67572e+06		599.319		
00:00:59:500		1.02999e+07		-5.83477		0		0		2.67572e+06		599.319		
00:00:59:299		1.03216e+07		-5.83099		0		0		2.68227e+06		600.893		
00:00:59:200		1.03324e+07		-5.82919		0		0		2.68516e+06		602.558		
00:00:59:100		1.03431e+07		-5.82733		0		0		2.68766e+06		602.142		
00:00:59:100		1.03431e+07		-5.82733		0		0		2.68766e+06		602.142		
00:00:59:000		1.03538e+07		-5.82539		0		0		2.68699e+06		600.407		
00:00:58:899		1.03645e+07		-5.82338		0		0		2.6879e+06		600.672		
00:00:58:799		1.03751e+07		-5.82131		0		0		2.69234e+06		602.021		
00:00:58:700		1.03858e+07		-5.81916		0		0		2.69744e+06		602.912		
00:00:58:500		1.04069e+07		-5.81465		0		0		2.70775e+06		606.127		
00:00:58:500		1.04069e+07		-5.81465		0		0		2.70775e+06		606.127		
00:00:58:399		1.04174e+07		-5.81228		0		0		2.71218e+06		607.375		
00:00:58:200		1.04382e+07		-5.80734		0		0		2.7182e+06		609.717		
00:00:58:100		1.04485e+07		-5.80477		0		0		2.72098e+06		609.964		
00:00:58:100		1.04485e+07		-5.80477		0		0		2.72098e+06		609.964		
00:00:58:000		1.04588e+07		-5.80212		0		0		2.72101e+06		608.134		
00:00:57:899		1.04691e+07		-5.79941		0		0		2.7208e+06		607.411		
00:00:57:799		1.04794e+07		-5.79662		0		0		2.72476e+06		608.939		
00:00:57:649		1.04948e+07		-5.79231		0		0		2.73309e+06		611.426		
00:00:57:500		1.05101e+07		-5.78785		0		0		2.74013e+06		613.35		
00:00:57:500		1.05101e+07		-5.78785		0		0		2.74013e+06		613.35		
00:00:57:399		1.05202e+07		-5.78479		0		0		2.74428e+06		614.595		
00:00:57:299		1.05303e+07		-5.78168		0		0		2.74746e+06		615.745		
00:00:57:200		1.05403e+07		-5.7785		0		0		2.75031e+06		616.729		
00:00:57:100		1.05503e+07		-5.77526		0		0		2.75187e+06		616.419		
00:00:57:000		1.05603e+07		-5.77196		0		0		2.75208e+06		614.654		
00:00:56:899		1.05703e+07		-5.7686		0		0		2.75285e+06		614.757		
00:00:56:799		1.05803e+07		-5.76519		0		0		2.75794e+06		616.787		
00:00:56:700		1.05902e+07		-5.76173		0		0		2.76348e+06		618.076		
00:00:56:450		1.06149e+07		-5.75285		0		0		2.77432e+06		621.449		
00:00:56:450		1.06149e+07		-5.75285		0		0		2.77432e+06		621.449		
00:00:56:350		1.06247e+07		-5.74921		0		0		2.77739e+06		622.448		
00:00:56:250		1.06344e+07		-5.74551		0		0		2.77964e+06		622.951		
00:00:56:149		1.06441e+07		-5.74176		0		0		2.78129e+06		622.784		
00:00:56:049		1.06538e+07		-5.73795		0		0		2.78177e+06		621.09		
00:00:55:950		1.06635e+07		-5.73409		0		0		2.7832e+06		621.694		
00:00:55:850		1.06732e+07		-5.73017		0		0		2.78859e+06		623.683		
00:00:55:750		1.06828e+07		-5.7262		0		0		2.79377e+06		624.857		
00:00:55:649		1.06924e+07		-5.72217		0		0		2.79791e+06		626.124		
00:00:55:450		1.07114e+07		-5.71396		0		0		2.80579e+06		628.44		
00:00:55:450		1.07114e+07		-5.71396		0		0		2.80579e+06		628.44		
00:00:55:350		1.07207e+07		-5.70978		0		0		2.80807e+06		628.878		
00:00:55:250		1.07301e+07		-5.70555		0		0		2.8102e+06		629.569		
00:00:55:149		1.07394e+07		-5.70127		0		0		2.81194e+06		628.471		
00:00:55:049		1.07487e+07		-5.69693		0		0		2.81274e+06		628.433		
00:00:54:950		1.07579e+07		-5.69254		0		0		2.81674e+06		630.018		
00:00:54:850		1.07672e+07		-5.6881		0		0		2.82204e+06		631.025		
00:00:54:700		1.0781e+07		-5.68134		0		0		2.82781e+06		632.835		
00:00:54:549		1.07947e+07		-5.67445		0		0		2.83424e+06		634.793		
00:00:54:450		1.08039e+07		-5.6698		0		0		2.83684e+06		634.986		
00:00:54:450		1.08039e+07		-5.6698		0		0		2.83684e+06		634.986		
00:00:54:350		1.0813e+07		-5.66509		0		0		2.83848e+06		635.678		
00:00:54:200		1.08266e+07		-5.65793		0		0		2.84212e+06		635.226		
00:00:54:100		1.08356e+07		-5.65309		0		0		2.84314e+06		635.163		
00:00:54:000		1.08446e+07		-5.64819		0		0		2.84696e+06		636.791		
00:00:53:899		1.08537e+07		-5.64324		0		0		2.85196e+06		637.81		
00:00:53:899		1.08537e+07		-5.64324		0		0		2.85196e+06		637.81		
00:00:53:799		1.08627e+07		-5.63822		0		0		2.8555e+06		638.464		
00:00:53:600		1.08807e+07		-5.62801		0		0		2.86392e+06		641.117		
00:00:53:500		1.08897e+07		-5.6228		0		0		2.86708e+06		642.201		
00:00:53:399		1.08988e+07		-5.61752		0		0		2.86952e+06		642.161		
00:00:53:399		1.08988e+07		-5.61752		0		0		2.86952e+06		642.161		
00:00:53:200		1.0917e+07		-5.60675		0		0		2.87366e+06		642.434		
00:00:53:100		1.09262e+07		-5.60127		0		0		2.87437e+06		642.218		
00:00:53:000		1.09353e+07		-5.59573		0		0		2.87778e+06		643.751		
00:00:52:899		1.09445e+07		-5.59013		0		0		2.88254e+06		644.494		
00:00:52:899		1.09445e+07		-5.59013		0		0		2.88254e+06		644.494		
00:00:52:799		1.09536e+07		-5.58447		0		0		2.88605e+06		645.254		
00:00:52:700		1.09627e+07		-5.57876		0		0		2.89009e+06		646.751		
00:00:52:500		1.09809e+07		-5.56719		0		0		2.89735e+06		648.855		
00:00:52:500		1.09809e+07		-5.56719		0		0		2.89735e+06		648.855		
00:00:52:399		1.099e+07		-5.56133		0		0		2.90044e+06		649.384		
00:00:52:299		1.0999e+07		-5.5554		0		0		2.90199e+06		649.909		
00:00:52:200		1.10079e+07		-5.54943		0		0		2.90455e+06		650.267		
00:00:52:100		1.10169e+07		-5.5434		0		0		2.90565e+06		649.202		
00:00:52:000		1.10257e+07		-5.53731		0		0		2.90748e+06		649.828		
00:00:51:850		1.1039e+07		-5.52809		0		0		2.91397e+06		651.421		
00:00:51:750		1.10477e+07		-5.52187		0		0		2.9175e+06		652.552		
00:00:51:700		1.10521e+07		-5.51874		0		0		2.91956e+06		653.39		
00:00:51:500		1.10694e+07		-5.50608		0		0		2.92672e+06		655.246		
00:00:51:500		1.10694e+07		-5.50608		0		0		2.92672e+06		655.246		
00:00:51:399		1.1078e+07		-5.49966		0		0		2.92979e+06		656.031		
00:00:51:299		1.10866e+07		-5.49319		0		0		2.93201e+06		656.67		
00:00:51:149		1.10994e+07		-5.48335		0		0		2.93513e+06		657.272		
00:00:51:049		1.11079e+07		-5.4767		0		0		2.93607e+06		656.4		
00:00:50:950		1.11164e+07		-5.46996		0		0		2.93708e+06		656.566		
00:00:50:850		1.11248e+07		-5.46315		0		0		2.94044e+06		657.833		
00:00:50:750		1.11332e+07		-5.45627		0		0		2.94432e+06		658.274		
00:00:50:649		1.11416e+07		-5.44932		0		0		2.94784e+06		659.928		
00:00:50:450		1.11582e+07		-5.43523		0		0		2.95494e+06		661.767		
00:00:50:450		1.11582e+07		-5.43523		0		0		2.95494e+06		661.767		
00:00:50:350		1.11664e+07		-5.4281		0		0		2.95714e+06		662.16		
00:00:50:250		1.11746e+07		-5.4209		0		0		2.95905e+06		662.92		
00:00:50:149		1.11827e+07		-5.41365		0		0		2.96103e+06		663.29		
00:00:50:049		1.11907e+07		-5.40634		0		0		2.96247e+06		664.257		
00:00:49:950		1.11987e+07		-5.39898		0		0		2.96397e+06		664.02		
00:00:49:850		1.12067e+07		-5.39158		0		0		2.96347e+06		662.409		
00:00:49:750		1.12146e+07		-5.38414		0		0		2.96351e+06		661.319		
00:00:49:649		1.12226e+07		-5.37666		0		0		2.96556e+06		661.623		
00:00:49:450		1.12387e+07		-5.36163		0		0		2.97941e+06		666.157		
00:00:49:450		1.12387e+07		-5.36163		0		0		2.97941e+06		666.157		
00:00:49:350		1.12468e+07		-5.35409		0		0		2.98638e+06		667.715		
00:00:49:250		1.12549e+07		-5.34654		0		0		2.99234e+06		669.183		
00:00:49:149		1.1263e+07		-5.33898		0		0		2.998e+06		671.127		
00:00:49:049		1.12711e+07		-5.33141		0		0		3.00374e+06		673.449		
00:00:48:899		1.1283e+07		-5.32003		0		0		3.0103e+06		674.004		
00:00:48:850		1.1287e+07		-5.31622		0		0		3.01072e+06		674.424		
00:00:48:750		1.12949e+07		-5.30859		0		0		3.01201e+06		675.228		
00:00:48:549		1.13104e+07		-5.29324		0		0		3.01307e+06		673.243		
00:00:48:450		1.13183e+07		-5.28549		0		0		3.01468e+06		672.694		
00:00:48:450		1.13183e+07		-5.28549		0		0		3.01468e+06		672.694		
00:00:48:350		1.13261e+07		-5.27771		0		0		3.01797e+06		674.102		
00:00:48:250		1.1334e+07		-5.26987		0		0		3.02471e+06		676.473		
00:00:48:100		1.13459e+07		-5.25805		0		0		3.03489e+06		678.409		
00:00:48:000		1.13538e+07		-5.25012		0		0		3.04021e+06		680.083		
00:00:47:899		1.13617e+07		-5.24215		0		0		3.04599e+06		682.697		
00:00:47:799		1.13696e+07		-5.23414		0		0		3.0519e+06		684.555		
00:00:47:700		1.13774e+07		-5.22609		0		0		3.05507e+06		684.066		
00:00:47:600		1.13852e+07		-5.21801		0		0		3.05509e+06		683.91		
00:00:47:500		1.13929e+07		-5.20989		0		0		3.05586e+06		683.008		
00:00:47:399		1.14006e+07		-5.20174		0		0		3.05676e+06		683.262		
00:00:47:299		1.14084e+07		-5.19353		0		0		3.05993e+06		682.998		
00:00:47:299		1.14084e+07		-5.19353		0		0		3.05993e+06		682.998		
00:00:47:200		1.14161e+07		-5.18528		0		0		3.06334e+06		683.331		
00:00:47:100		1.14239e+07		-5.17697		0		0		3.06889e+06		685.923		
00:00:47:000		1.14317e+07		-5.16862		0		0		3.07725e+06		687.734		
00:00:46:799		1.14474e+07		-5.15179		0		0		3.08973e+06		690.813		
00:00:46:799		1.14474e+07		-5.15179		0		0		3.08973e+06		690.813		
00:00:46:700		1.14552e+07		-5.14332		0		0		3.0962e+06		694.186		
00:00:46:500		1.14708e+07		-5.1263		0		0		3.10631e+06		694.791		
00:00:46:500		1.14708e+07		-5.1263		0		0		3.10631e+06		694.791		
00:00:46:399		1.14785e+07		-5.11776		0		0		3.10513e+06		694.87		
00:00:46:299		1.14861e+07		-5.10919		0		0		3.10672e+06		694.139		
00:00:46:200		1.14938e+07		-5.10059		0		0		3.10816e+06		694.662		
00:00:46:100		1.15015e+07		-5.09199		0		0		3.11193e+06		694.776		
00:00:45:950		1.1513e+07		-5.07905		0		0		3.11838e+06		696.7		
00:00:45:899		1.15169e+07		-5.07473		0		0		3.12157e+06		697.643		
00:00:45:700		1.15324e+07		-5.05744		0		0		3.13419e+06		700.549		
00:00:45:700		1.15324e+07		-5.05744		0		0		3.13419e+06		700.549		
00:00:45:450		1.15518e+07		-5.03582		0		0		3.15042e+06		706.118		
00:00:45:450		1.15518e+07		-5.03582		0		0		3.15042e+06		706.118		
00:00:45:350		1.15596e+07		-5.02716		0		0		3.15048e+06		703.112		
00:00:45:250		1.15673e+07		-5.01847		0		0		3.14815e+06		703.266		
00:00:45:149		1.1575e+07		-5.00974		0		0		3.15162e+06		704.253		
00:00:45:049		1.15828e+07		-5.00099		0		0		3.15639e+06		705.022		
00:00:44:950		1.15905e+07		-4.9922		0		0		3.16104e+06		705.459		
00:00:44:850		1.15982e+07		-4.98337		0		0		3.1659e+06		706.913		
00:00:44:750		1.16061e+07		-4.9745		0		0		3.17251e+06		708.654		
00:00:44:649		1.16139e+07		-4.96561		0		0		3.17919e+06		710.037		
00:00:44:450		1.16296e+07		-4.94776		0		0		3.19262e+06		716.751		
00:00:44:450		1.16296e+07		-4.94776		0		0		3.19262e+06		716.751		
00:00:44:350		1.16373e+07		-4.9388		0		0		3.19928e+06		717.007		
00:00:44:250		1.1645e+07		-4.92982		0		0		3.19871e+06		713.661		
00:00:44:149		1.16527e+07		-4.92081		0		0		3.19567e+06		713.297		
00:00:44:049		1.16605e+07		-4.91176		0		0		3.19873e+06		714.415		
00:00:43:950		1.16683e+07		-4.90268		0		0		3.20406e+06		715.315		
00:00:43:850		1.16761e+07		-4.89357		0		0		3.20929e+06		716.019		
00:00:43:750		1.16839e+07		-4.88445		0		0		3.21482e+06		717.575		
00:00:43:549		1.16994e+07		-4.86613		0		0		3.22875e+06		721.042		
00:00:43:450		1.17072e+07		-4.85692		0		0		3.23551e+06		724.567		
00:00:43:450		1.17072e+07		-4.85692		0		0		3.23551e+06		724.567		
00:00:43:350		1.1715e+07		-4.84768		0		0		3.2435e+06		728.504		
00:00:43:200		1.17266e+07		-4.83379		0		0		3.24796e+06		724.956		
00:00:43:149		1.17305e+07		-4.82914		0		0		3.24559e+06		723.652		
00:00:43:049		1.17383e+07		-4.81982		0		0		3.24354e+06		723.648		
00:00:42:950		1.17461e+07		-4.81046		0		0		3.24762e+06		724.845		
00:00:42:850		1.17577e+07		-4.7964		0		3.53524		3.25654e+06		726.239		
00:00:42:700		1.17655e+07		-4.787		0		0		3.26254e+06		727.591		
00:00:42:500		1.17809e+07		-4.76809		0		0		3.27778e+06		731.777		
00:00:42:399		1.17887e+07		-4.75857		0		3.53524		3.28538e+06		736.148		
00:00:42:399		1.17887e+07		-4.75857		0		3.53524		3.28538e+06		736.148		
00:00:42:299		1.17965e+07		-4.74903		0		0		3.2943e+06		739.665		
00:00:42:200		1.18043e+07		-4.73948		0		0		3.29846e+06		737.214		
00:00:42:200		1.18043e+07		-4.73948		0		0		3.29846e+06		737.214		
00:00:42:100		1.18121e+07		-4.72992		0		0		3.29462e+06		734.379		
00:00:41:950		1.18237e+07		-4.71554		0		0		3.29464e+06		735.14		
00:00:41:799		1.18354e+07		-4.70112		0		0		3.30372e+06		736.592		
00:00:41:700		1.18431e+07		-4.69149		0		0		3.30992e+06		737.718		
00:00:41:549		1.18546e+07		-4.67702		0		0		3.32108e+06		740.994		
00:00:41:399		1.18662e+07		-4.66251		0		0		3.33372e+06		746.327		
00:00:41:399		1.18662e+07		-4.66251		0		0		3.33372e+06		746.327		
00:00:41:299		1.1874e+07		-4.65283		0		0		3.34267e+06		750.261		
00:00:41:200		1.18818e+07		-4.64318		0		0		3.34787e+06		748.436		
00:00:41:100		1.18894e+07		-4.63352		0		0		3.34476e+06		745.656		
00:00:41:100		1.18894e+07		-4.63352		0		0		3.34476e+06		745.656		
00:00:41:000		1.1897e+07		-4.62385		0		0		3.34297e+06		744.969		
00:00:40:799		1.1912e+07		-4.60445		0		0		3.35284e+06		747.178		
00:00:40:799		1.1912e+07		-4.60445		0		0		3.35284e+06		747.178		
00:00:40:700		1.19195e+07		-4.59473		0		0		3.35891e+06		748.179		
00:00:40:500		1.19345e+07		-4.57522		0		0		3.37519e+06		753.8		
00:00:40:500		1.19345e+07		-4.57522		0		0		3.37519e+06		753.8		
00:00:40:399		1.1942e+07		-4.56541		0		0		3.38449e+06		758.145		
00:00:40:299		1.19495e+07		-4.55556		0		0		3.39356e+06		761.136		
00:00:40:149		1.19608e+07		-4.54073		0		0		3.3954e+06		757.537		
00:00:40:049		1.19683e+07		-4.5308		0		0		3.39292e+06		755.562		
00:00:39:950		1.19759e+07		-4.52083		0		0		3.39392e+06		756.761		
00:00:39:850		1.19834e+07		-4.51084		0		0		3.40034e+06		757.839		
00:00:39:799		1.19872e+07		-4.50584		0		0		3.40359e+06		758.174		
00:00:39:700		1.19947e+07		-4.49582		0		0		3.40999e+06		759.304		
00:00:39:500		1.20098e+07		-4.47578		0		0		3.42742e+06		765.991		
00:00:39:500		1.20098e+07		-4.47578		0		0		3.42742e+06		765.991		
00:00:39:399		1.20174e+07		-4.46573		0		0		3.43721e+06		770.854		
00:00:39:299		1.2025e+07		-4.45569		0		0		3.44496e+06		770.735		
00:00:39:200		1.20325e+07		-4.44564		0		0		3.44407e+06		768.3		
00:00:39:100		1.20401e+07		-4.4356		0		0		3.44199e+06		766.353		
00:00:38:950		1.20515e+07		-4.42053		0		0		3.44552e+06		768.008		
00:00:38:850		1.20591e+07		-4.41048		0		0		3.45275e+06		768.981		
00:00:38:750		1.20667e+07		-4.40044		0		0		3.45948e+06		770.128		
00:00:38:649		1.20743e+07		-4.39041		0		0		3.46727e+06		773.159		
00:00:38:450		1.20894e+07		-4.37033		0		0		3.48791e+06		781.923		
00:00:38:450		1.20894e+07		-4.37033		0		0		3.48791e+06		781.923		
00:00:38:350		1.2097e+07		-4.36027		0		0		3.49299e+06		779.914		
00:00:38:250		1.21046e+07		-4.35021		0		3.53524		3.49034e+06		778.139		
00:00:38:149		1.21122e+07		-4.34014		0		0		3.48998e+06		776.717		
00:00:38:049		1.21197e+07		-4.33004		0		0		3.4924e+06		778.136		
00:00:37:950		1.21273e+07		-4.31993		0		0		3.49959e+06		779.255		
00:00:37:850		1.21348e+07		-4.30981		0		0		3.50669e+06		780.457		
00:00:37:750		1.21423e+07		-4.29968		0		0		3.51466e+06		783.687		
00:00:37:549		1.21572e+07		-4.27938		0		0		3.53581e+06		791.848		
00:00:37:450		1.21646e+07		-4.26922		0		0		3.53924e+06		789.654		
00:00:37:450		1.21646e+07		-4.26922		0		0		3.53924e+06		789.654		
00:00:37:299		1.21758e+07		-4.25396		0		0		3.53704e+06		787.366		
00:00:37:200		1.21832e+07		-4.24379		0		0		3.53833e+06		787.694		
00:00:37:100		1.21907e+07		-4.23362		0		0		3.54413e+06		789.198		
00:00:37:000		1.21981e+07		-4.22348		0		0		3.55181e+06		790.406		
00:00:36:950		1.22018e+07		-4.21842		0		0		3.55563e+06		791.479		
00:00:36:850		1.22093e+07		-4.20831		0		0		3.56445e+06		796.066		
00:00:36:750		1.22167e+07		-4.19823		0		0		3.57589e+06		801.273		
00:00:36:649		1.22242e+07		-4.18817		0		0		3.58427e+06		800.811		
00:00:36:500		1.22353e+07		-4.17313		0		0		3.58287e+06		798.583		
00:00:36:399		1.22428e+07		-4.16311		0		0		3.58353e+06		797.302		
00:00:36:299		1.22503e+07		-4.1531		0		0		3.58647e+06		798.645		
00:00:36:200		1.22577e+07		-4.14306		0		0		3.59407e+06		799.931		
00:00:36:100		1.22652e+07		-4.13299		0		0		3.60197e+06		802.235		
00:00:36:049		1.2269e+07		-4.12794		0		0		3.60635e+06		804.685		
00:00:35:899		1.22802e+07		-4.1127		0		0		3.62294e+06		811.118		
00:00:35:899		1.22802e+07		-4.1127		0		0		3.62294e+06		811.118		
00:00:35:799		1.22877e+07		-4.10245		0		0		3.62791e+06		809.138		
00:00:35:700		1.22952e+07		-4.09211		0		3.46914		3.6262e+06		807.927		
00:00:35:399		1.23176e+07		-4.06057		0		0		3.63935e+06		810.244		
00:00:35:399		1.23176e+07		-4.06057		0		0		3.63935e+06		810.244		
00:00:35:399		1.23176e+07		-4.06057		0		0		3.63935e+06		810.244		
00:00:35:299		1.23251e+07		-4.04993		0		0		3.64825e+06		814.428		
00:00:35:200		1.23326e+07		-4.03926		0		0		3.65913e+06		819.358		
00:00:35:100		1.23401e+07		-4.02863		0		0		3.66741e+06		818.848		
00:00:35:000		1.23476e+07		-4.01808		0		0		3.66724e+06		817.548		
00:00:34:899		1.23551e+07		-4.00766		0		0		3.66775e+06		816.373		
00:00:34:799		1.23626e+07		-3.99742		0		0		3.67019e+06		816.391		
00:00:34:700		1.23702e+07		-3.98739		0		0		3.67625e+06		818.455		
00:00:34:500		1.23852e+07		-3.96793		0		0		3.69541e+06		826.876		
00:00:34:500		1.23852e+07		-3.96793		0		0		3.69541e+06		826.876		
00:00:34:399		1.23928e+07		-3.95844		0		0		3.70631e+06		828.81		
00:00:34:299		1.24003e+07		-3.94907		0		0		3.70936e+06		826.61		
00:00:34:200		1.24078e+07		-3.93974		0		0		3.70822e+06		825.478		
00:00:34:100		1.24153e+07		-3.93042		0		0		3.71053e+06		825.032		
00:00:34:000		1.24229e+07		-3.92108		0		0		3.71588e+06		827.35		
00:00:33:899		1.24304e+07		-3.91167		0		0		3.72558e+06		831.2		
00:00:33:799		1.24379e+07		-3.90218		0		0		3.73625e+06		836.148		
00:00:33:700		1.24455e+07		-3.89261		0		0		3.74514e+06		836.172		
00:00:33:450		1.24644e+07		-3.86826		0		0		3.74759e+06		833.199		
00:00:33:450		1.24644e+07		-3.86826		0		0		3.74759e+06		833.199		
00:00:33:350		1.24719e+07		-3.85835		0		0		3.75143e+06		834.501		
00:00:33:250		1.24795e+07		-3.84836		0		0		3.75998e+06		837.184		
00:00:33:149		1.24871e+07		-3.83829		0		0		3.7702e+06		842.01		
00:00:33:049		1.24948e+07		-3.82815		0		0		3.78158e+06		846.096		
00:00:32:950		1.25024e+07		-3.81794		0		0		3.78842e+06		844.521		
00:00:32:850		1.251e+07		-3.80767		0		0		3.78762e+06		843.108		
00:00:32:750		1.25176e+07		-3.79736		0		0		3.78922e+06		842.296		
00:00:32:649		1.25252e+07		-3.787		0		0		3.79379e+06		844.005		
00:00:32:549		1.25328e+07		-3.77659		0		0		3.80298e+06		847.769		
00:00:32:450		1.25404e+07		-3.76614		0		0		3.81406e+06		852.908		
00:00:32:350		1.2548e+07		-3.75565		0		0		3.82403e+06		853.994		
00:00:32:250		1.25556e+07		-3.74514		0		0		3.8264e+06		852.396		
00:00:32:149		1.25632e+07		-3.73461		0		0		3.82655e+06		851.377		
00:00:32:049		1.25709e+07		-3.72405		0		0		3.82924e+06		850.846		
00:00:31:899		1.25824e+07		-3.70819		0		0		3.83951e+06		854.597		
00:00:31:800		1.259e+07		-3.69759		0		0		3.85028e+06		859.311		
00:00:31:699		1.25977e+07		-3.68698		0		0		3.86183e+06		863.614		
00:00:31:649		1.26015e+07		-3.68167		0		0		3.86674e+06		863.435		
00:00:31:550		1.26092e+07		-3.67104		0		0		3.86957e+06		861.425		
00:00:31:449		1.26168e+07		-3.66039		0		0		3.8694e+06		860.39		
00:00:31:350		1.26245e+07		-3.64973		0		0		3.87266e+06		860.346		
00:00:31:250		1.26321e+07		-3.63904		0		0		3.87933e+06		863.445		
00:00:31:149		1.26398e+07		-3.62834		0		0		3.89047e+06		868.216		
00:00:31:000		1.26512e+07		-3.61225		0		0		3.90647e+06		871.803		
00:00:30:949		1.26551e+07		-3.60687		0		0		3.90884e+06		870.935		
00:00:30:800		1.26666e+07		-3.59073		0		0		3.90985e+06		869.478		
00:00:30:699		1.26743e+07		-3.57995		0		10.6964		3.91297e+06		869.014		
00:00:30:600		1.26819e+07		-3.56917		0		0		3.91882e+06		871.25		
00:00:30:500		1.26896e+07		-3.55836		0		10.8634		3.92921e+06		875.04		
00:00:30:399		1.26973e+07		-3.54752		0		0		3.94084e+06		880.418		
00:00:30:399		1.26973e+07		-3.54752		0		0		3.94084e+06		880.418		
00:00:30:300		1.2705e+07		-3.53666		0		0		3.95163e+06		881.674		
00:00:30:100		1.27203e+07		-3.51488		0		0		3.95497e+06		878.91		
00:00:30:100		1.27203e+07		-3.51488		0		0		3.95497e+06		878.91		
00:00:30:000		1.2728e+07		-3.50396		0		10.6291		3.95878e+06		878.991		
00:00:29:899		1.27357e+07		-3.49303		0		0		3.96584e+06		882.038		
00:00:29:800		1.27434e+07		-3.48207		0		11.5452		3.97726e+06		886.888		
00:00:29:699		1.27512e+07		-3.47109		0		0		3.98917e+06		890.812		
00:00:29:500		1.27667e+07		-3.44907		0		0		3.99749e+06		888.785		
00:00:29:399		1.27745e+07		-3.43804		0		0		3.99998e+06		888.245		
00:00:29:399		1.27745e+07		-3.43804		0		0		3.99998e+06		888.245		
00:00:29:300		1.27824e+07		-3.42698		0		11.6716		4.00511e+06		889.156		
00:00:29:199		1.27902e+07		-3.41589		0		0		4.01395e+06		892.884		
00:00:29:100		1.2798e+07		-3.40478		0		11.6716		4.02619e+06		897.484		
00:00:28:949		1.28098e+07		-3.38807		0		0		4.04193e+06		900.715		
00:00:28:800		1.28216e+07		-3.37129		0		0		4.04566e+06		898.986		
00:00:28:800		1.28216e+07		-3.37129		0		0		4.04566e+06		898.986		
00:00:28:699		1.28295e+07		-3.36007		0		0		4.04959e+06		899.243		
00:00:28:500		1.28453e+07		-3.33755		0		0		4.06596e+06		904.872		
00:00:28:500		1.28453e+07		-3.33755		0		0		4.06596e+06		904.872		
00:00:28:399		1.28533e+07		-3.32625		0		11.4176		4.0769e+06		907.904		
00:00:28:300		1.28612e+07		-3.31493		0		0		4.08554e+06		908.915		
00:00:28:100		1.28771e+07		-3.29224		0		0		4.09542e+06		910.093		
00:00:28:100		1.28771e+07		-3.29224		0		0		4.09542e+06		910.093		
00:00:28:000		1.28851e+07		-3.28087		0		0		4.10501e+06		914.227		
00:00:27:899		1.28931e+07		-3.26948		0		0		4.11588e+06		916.473		
00:00:27:649		1.29131e+07		-3.24088		0		0		4.12983e+06		918.076		
00:00:27:649		1.29131e+07		-3.24088		0		0		4.12983e+06		918.076		
00:00:27:449		1.29293e+07		-3.21791		0		12.1676		4.14241e+06		921.571		
00:00:27:449		1.29293e+07		-3.21791		0		12.1676		4.14241e+06		921.571		
00:00:27:350		1.29374e+07		-3.20639		0		0		4.1516e+06		923.158		
00:00:27:250		1.29455e+07		-3.19485		0		0		4.15856e+06		925.294		
00:00:27:149		1.29537e+07		-3.1833		0		0		4.16614e+06		927.52		
00:00:27:050		1.29618e+07		-3.17171		0		12.0451		4.17265e+06		927.707		
00:00:26:949		1.29699e+07		-3.1601		0		0		4.17673e+06		928.205		
00:00:26:850		1.29781e+07		-3.14847		0		0		4.18192e+06		929.485		
00:00:26:750		1.29863e+07		-3.13681		0		0		4.18887e+06		931.547		
00:00:26:649		1.29945e+07		-3.12513		0		0		4.19644e+06		932.531		
00:00:26:550		1.30027e+07		-3.11341		0		0		4.20272e+06		933.929		
00:00:26:449		1.30109e+07		-3.10167		0		0		4.21e+06		936.463		
00:00:26:350		1.30191e+07		-3.0899		0		0		4.21838e+06		939.119		
00:00:26:250		1.30274e+07		-3.07811		0		0		4.22537e+06		937.871		
00:00:26:149		1.30357e+07		-3.06628		0		0		4.22834e+06		939.864		
00:00:26:050		1.3044e+07		-3.05443		0		0		4.23643e+06		941.676		
00:00:25:949		1.30523e+07		-3.04255		0		0		4.24371e+06		942.141		
00:00:25:850		1.30606e+07		-3.03065		0		0		4.24979e+06		943.42		
00:00:25:750		1.3069e+07		-3.01872		0		0		4.25799e+06		946.866		
00:00:25:649		1.30773e+07		-3.00677		0		0		4.26836e+06		950.739		
00:00:25:550		1.30856e+07		-2.9948		0		0		4.27717e+06		949.89		
00:00:25:449		1.3094e+07		-2.98281		0		0		4.27959e+06		950.145		
00:00:25:350		1.31024e+07		-2.97079		0		0		4.28517e+06		951.49		
00:00:25:250		1.31108e+07		-2.95874		0		0		4.29269e+06		952.934		
00:00:25:149		1.31192e+07		-2.94667		0		0		4.30071e+06		954.384		
00:00:25:000		1.31319e+07		-2.92851		0		12.3497		4.31447e+06		959.497		
00:00:24:899		1.31404e+07		-2.91637		0		10.5614		4.32486e+06		962.644		
00:00:24:800		1.31489e+07		-2.9042		0		11.2244		4.33243e+06		961.414		
00:00:24:699		1.31574e+07		-2.892		0		11.6085		4.33506e+06		962.192		
00:00:24:600		1.31659e+07		-2.87977		0		11.6085		4.34169e+06		963.682		
00:00:24:500		1.31745e+07		-2.86751		0		11.4815		4.3497e+06		965.223		
00:00:24:399		1.31831e+07		-2.85522		0		12.3497		4.35807e+06		966.972		
00:00:24:399		1.31831e+07		-2.85522		0		12.3497		4.35807e+06		966.972		
00:00:24:300		1.31917e+07		-2.84289		0		12.7669		4.3672e+06		970.564		
00:00:24:199		1.32003e+07		-2.83054		0		11.6716		4.37798e+06		974.305		
00:00:24:100		1.32089e+07		-2.81815		0		11.6085		4.3869e+06		973.604		
00:00:24:000		1.32175e+07		-2.80573		0		12.1676		4.38987e+06		973.953		
00:00:23:899		1.32262e+07		-2.79328		0		12.2893		4.39585e+06		975.396		
00:00:23:750		1.32393e+07		-2.77454		0		0		4.40807e+06		977.718		
00:00:23:500		1.32611e+07		-2.74319		0		12.9425		4.43205e+06		985.78		
00:00:23:500		1.32611e+07		-2.74319		0		12.9425		4.43205e+06		985.78		
00:00:23:399		1.32699e+07		-2.7306		0		12.1065		4.44192e+06		986.154		
00:00:23:300		1.32788e+07		-2.71799		0		12.7669		4.44611e+06		985.987		
00:00:23:199		1.32876e+07		-2.70534		0		13.0007		4.45128e+06		987.333		
00:00:23:199		1.32876e+07		-2.70534		0		13.0007		4.45128e+06		987.333		
00:00:23:100		1.32965e+07		-2.69265		0		13.0007		4.45919e+06		989.003		
00:00:23:000		1.33055e+07		-2.67994		0		16.1349		4.46784e+06		990.502		
00:00:22:899		1.33144e+07		-2.66719		0		16.9038		4.47667e+06		993.266		
00:00:22:800		1.33234e+07		-2.6544		0		14.0697		4.48729e+06		997.344		
00:00:22:699		1.33324e+07		-2.64158		0		12.5894		4.49805e+06		999.203		
00:00:22:399		1.33595e+07		-2.60288		0		13.6834		4.51597e+06		1001.27		
00:00:22:399		1.33595e+07		-2.60288		0		13.6834		4.51597e+06		1001.27		
00:00:22:399		1.33595e+07		-2.60288		0		13.6834		4.51597e+06		1001.27		
00:00:22:300		1.33686e+07		-2.5899		0		16.5709		4.52461e+06		1002.89		
00:00:22:199		1.33777e+07		-2.57687		0		11.1594		4.53356e+06		1005.02		
00:00:22:050		1.33914e+07		-2.55726		0		0		4.54945e+06		1011.08		
00:00:21:949		1.34005e+07		-2.54414		0		0		4.55985e+06		1011.71		
00:00:21:850		1.34098e+07		-2.53098		0		0		4.56459e+06		1011.53		
00:00:21:750		1.3419e+07		-2.51779		0		0		4.56991e+06		1012.91		
00:00:21:649		1.34282e+07		-2.50456		0		0		4.57809e+06		1014.65		
00:00:21:550		1.34374e+07		-2.49131		0		0		4.58704e+06		1016.29		
00:00:21:449		1.34467e+07		-2.47802		0		0		4.5962e+06		1018.7		
00:00:21:350		1.34559e+07		-2.4647		0		10.0084		4.60668e+06		1022.74		
00:00:21:250		1.34651e+07		-2.45134		0		0		4.618e+06		1025.47		
00:00:21:149		1.34744e+07		-2.43794		0		0		4.62569e+06		1024.69		
00:00:21:050		1.34837e+07		-2.42449		0		0		4.62974e+06		1025.7		
00:00:20:949		1.3493e+07		-2.41099		0		0		4.63736e+06		1027.38		
00:00:20:850		1.35023e+07		-2.39744		0		0		4.64631e+06		1029.25		
00:00:20:750		1.35117e+07		-2.38385		0		0		4.65574e+06		1031.02		
00:00:20:600		1.35259e+07		-2.36338		0		12.8257		4.67133e+06		1036.91		
00:00:20:449		1.35401e+07		-2.34281		0		0		4.68715e+06		1038.37		
00:00:20:449		1.35401e+07		-2.34281		0		0		4.68715e+06		1038.37		
00:00:20:350		1.35497e+07		-2.32904		0		0		4.69123e+06		1038.84		
00:00:20:250		1.35592e+07		-2.31521		0		0		4.69794e+06		1040.44		
00:00:20:149		1.35688e+07		-2.30134		0		0		4.70677e+06		1042.26		
00:00:20:050		1.35785e+07		-2.28743		0		0		4.71616e+06		1043.93		
00:00:19:949		1.35881e+07		-2.27347		0		10.6291		4.72573e+06		1046.9		
00:00:19:850		1.35978e+07		-2.25946		0		10.4935		4.73711e+06		1051.16		
00:00:19:750		1.36075e+07		-2.24542		0		0		4.74848e+06		1052.68		
00:00:19:649		1.36172e+07		-2.23134		0		10.0787		4.75481e+06		1052.4		
00:00:19:550		1.3627e+07		-2.21722		0		10.2876		4.76018e+06		1053.71		
00:00:19:449		1.36368e+07		-2.20308		0		10.3566		4.76861e+06		1055.56		
00:00:19:350		1.36466e+07		-2.1889		0		10.2876		4.77806e+06		1057.44		
00:00:19:199		1.36614e+07		-2.16759		0		11.2244		4.79269e+06		1061.31		
00:00:19:100		1.36713e+07		-2.15337		0		11.1594		4.80425e+06		1065.6		
00:00:19:000		1.36811e+07		-2.13913		0		10.2876		4.8157e+06		1066.97		
00:00:18:899		1.3691e+07		-2.1249		0		10.8302		4.82193e+06		1066.83		
00:00:18:800		1.37009e+07		-2.11066		0		11.0286		4.82759e+06		1068.17		
00:00:18:800		1.37009e+07		-2.11066		0		11.0286		4.82759e+06		1068.17		
00:00:18:699		1.37108e+07		-2.09644		0		11.1594		4.83611e+06		1070.02		
00:00:18:500		1.37308e+07		-2.06806		0		11.7345		4.85542e+06		1073.9		
00:00:18:399		1.37409e+07		-2.0539		0		12.2286		4.86583e+06		1078.08		
00:00:18:399		1.37409e+07		-2.0539		0		12.2286		4.86583e+06		1078.08		
00:00:18:300		1.37509e+07		-2.03977		0		11.2244		4.87818e+06		1081.51		
00:00:18:199		1.3761e+07		-2.02567		0		11.4176		4.88747e+06		1080.96		
00:00:18:050		1.37762e+07		-2.00458		0		11.7345		4.8955e+06		1082.66		
00:00:17:899		1.37916e+07		-1.98361		0		11.9216		4.90905e+06		1085.57		
00:00:17:800		1.38019e+07		-1.9697		0		12.2893		4.91894e+06		1087.33		
00:00:17:699		1.38122e+07		-1.95583		0		13.1739		4.92889e+06		1090.39		
00:00:17:500		1.38329e+07		-1.92828		0		12.1065		4.95229e+06		1095.89		
00:00:17:500		1.38329e+07		-1.92828		0		12.1065		4.95229e+06		1095.89		
00:00:17:399		1.38433e+07		-1.91459		0		12.7079		4.9586e+06		1095.98		
00:00:17:399		1.38433e+07		-1.91459		0		12.7079		4.9586e+06		1095.98		
00:00:17:300		1.38537e+07		-1.90097		0		12.9425		4.96487e+06		1097.42		
00:00:17:100		1.38748e+07		-1.87394		0		13.1739		4.98361e+06		1101.26		
00:00:17:100		1.38748e+07		-1.87394		0		13.1739		4.98361e+06		1101.26		
00:00:17:000		1.38854e+07		-1.86053		0		14.2867		4.99376e+06		1103.6		
00:00:16:899		1.38961e+07		-1.8472		0		14.1242		5.00475e+06		1108.22		
00:00:16:800		1.39068e+07		-1.83395		0		13.1739		5.01732e+06		1110.2		
00:00:16:699		1.39176e+07		-1.82074		0		13.7946		5.02475e+06		1109.83		
00:00:16:449		1.39449e+07		-1.78783		0		14.5012		5.04443e+06		1114.35		
00:00:16:350		1.3956e+07		-1.77468		0		15.3863		5.05496e+06		1116.94		
00:00:16:350		1.3956e+07		-1.77468		0		15.3863		5.05496e+06		1116.94		
00:00:16:250		1.39673e+07		-1.7615		0		14.7659		5.06601e+06		1121.16		
00:00:16:149		1.39787e+07		-1.74828		0		14.7659		5.07787e+06		1121.8		
00:00:16:050		1.39903e+07		-1.735		0		15.1303		5.08443e+06		1122.96		
00:00:15:949		1.4002e+07		-1.72165		0		15.5384		5.09274e+06		1124.63		
00:00:15:849		1.4014e+07		-1.70822		0		15.938		5.10223e+06		1127.29		
00:00:15:750		1.40263e+07		-1.6947		0		15.7891		5.113e+06		1129.82		
00:00:15:650		1.40389e+07		-1.68105		0		16.0367		5.123e+06		1131.29		
00:00:15:449		1.40652e+07		-1.65348		0		16.5709		5.14143e+06		1135.3		
00:00:15:349		1.40787e+07		-1.63957		0		16.7142		5.15143e+06		1137.61		
00:00:15:349		1.40787e+07		-1.63957		0		16.7142		5.15143e+06		1137.61		
00:00:15:250		1.40921e+07		-1.62554		0		16.9038		5.16165e+06		1139.67		
00:00:15:199		1.40988e+07		-1.61849		0		16.9979		5.16663e+06		1140.65		
00:00:15:050		1.41188e+07		-1.5971		0		17.3702		5.18138e+06		1143.79		
00:00:14:949		1.41318e+07		-1.58261		0		17.5996		5.19149e+06		1145.97		
00:00:14:849		1.41444e+07		-1.56789		0		17.7361		5.2017e+06		1148.13		
00:00:14:750		1.41561e+07		-1.55294		0		17.9617		5.2119e+06		1150.27		
00:00:14:650		1.41671e+07		-1.53784		0		18.185		5.22211e+06		1152.44		
00:00:14:550		1.41777e+07		-1.5227		0		18.4061		5.2324e+06		1154.63		
00:00:14:449		1.41884e+07		-1.5075		0		18.5814		5.24273e+06		1156.8		
00:00:14:349		1.41992e+07		-1.49225		0		18.8418		5.25307e+06		1158.99		
00:00:14:250		1.42098e+07		-1.47692		0		19.0565		5.26346e+06		1161.18		
00:00:14:150		1.42205e+07		-1.46157		0		19.1844		5.27389e+06		1163.38		
00:00:14:050		1.4231e+07		-1.44617		0		19.396		5.28437e+06		1165.58		
00:00:13:949		1.42416e+07		-1.43073		0		19.6474		5.29489e+06		1167.79		
00:00:13:849		1.42524e+07		-1.41522		0		19.8549		5.30547e+06		1170.01		
00:00:13:699		1.4268e+07		-1.3919		0		20.2645		5.32144e+06		1173.36		
00:00:13:599		1.42787e+07		-1.37631		0		20.507		5.33217e+06		1175.61		
00:00:13:500		1.42893e+07		-1.36075		0		20.7072		5.34297e+06		1177.88		
00:00:13:400		1.43001e+07		-1.34513		0		20.9454		5.35384e+06		1180.16		
00:00:13:300		1.43108e+07		-1.32946		0		21.1813		5.36478e+06		1182.46		
00:00:13:199		1.43216e+07		-1.31375		0		21.415		5.37578e+06		1184.77		
00:00:13:099		1.43323e+07		-1.29799		0.0662801		21.6081		5.38684e+06		1187.07		
00:00:13:000		1.4343e+07		-1.28217		0.198937		21.838		5.39794e+06		1189.38		
00:00:13:000		1.4343e+07		-1.28217		0.198937		21.838		5.39794e+06		1189.38		
00:00:12:900		1.43536e+07		-1.2663		0.330793		22.0658		5.40911e+06		1191.72		
00:00:12:800		1.43642e+07		-1.25038		0.461151		22.2541		5.42038e+06		1194.07		
00:00:12:599		1.43852e+07		-1.21836		0.714822		22.7006		5.44316e+06		1198.81		
00:00:12:599		1.43852e+07		-1.21836		0.714822		22.7006		5.44316e+06		1198.81		
00:00:12:400		1.44059e+07		-1.18611		0.954858		23.0671		5.46628e+06		1203.63		
00:00:12:400		1.44059e+07		-1.18611		0.954858		23.0671		5.46628e+06		1203.63		
00:00:12:300		1.44162e+07		-1.16989		1.06855		23.2846		5.47798e+06		1206.07		
00:00:12:150		1.44311e+07		-1.14545		1.23011		23.5362		5.49571e+06		1209.75		
00:00:12:000		1.44455e+07		-1.12088		1.38005		23.8563		5.51367e+06		1213.48		
00:00:11:900		1.44551e+07		-1.10454		1.4734		23.9622		5.52578e+06		1216		
00:00:11:800		1.44652e+07		-1.08825		1.56152		24.1028		5.53801e+06		1218.54		
00:00:11:699		1.44758e+07		-1.07193		1.6443		24.2427		5.55035e+06		1221.09		
00:00:11:699		1.44758e+07		-1.07193		1.6443		24.2427		5.55035e+06		1221.09		
00:00:11:599		1.44859e+07		-1.05544		1.72125		24.3818		5.56279e+06		1223.67		
00:00:11:400		1.45051e+07		-1.02224		1.85859		24.6238		5.58803e+06		1228.89		
00:00:11:400		1.45051e+07		-1.02224		1.85859		24.6238		5.58803e+06		1228.89		
00:00:11:300		1.45142e+07		-1.0055		1.92388		24.7611		5.60085e+06		1231.54		
00:00:11:199		1.45229e+07		-0.988627		1.98819		24.9999		5.61382e+06		1234.23		
00:00:11:099		1.45302e+07		-0.971723		2.05038		30.2043		5.62695e+06		1236.96		
00:00:11:000		1.45375e+07		-0.954945		2.11747		36.7216		5.64024e+06		1239.72		
00:00:10:750		1.45575e+07		-0.913757		2.26724		46.5357		5.67406e+06		1246.87		
00:00:10:750		1.45575e+07		-0.913757		2.26724		46.5357		5.67406e+06		1246.87		
00:00:10:650		1.45665e+07		-0.897636		2.32005		48.9137		5.68774e+06		1249.78		
00:00:10:449		1.45872e+07		-0.865864		2.40569		52.1612		5.71514e+06		1255.53		
00:00:10:349		1.4598e+07		-0.850033		2.44513		53.4087		5.72883e+06		1258.39		
00:00:10:349		1.4598e+07		-0.850033		2.44513		53.4087		5.72883e+06		1258.39		
00:00:10:250		1.46088e+07		-0.834214		2.48229		54.4447		5.74257e+06		1261.27		
00:00:10:150		1.46195e+07		-0.818397		2.51748		55.3302		5.75639e+06		1264.19		
00:00:10:050		1.46302e+07		-0.802585		2.55085		56.0554		5.77031e+06		1267.15		
00:00:09:949		1.4641e+07		-0.786777		2.58254		56.6423		5.7843e+06		1270.12		
00:00:09:900		1.46463e+07		-0.778879		2.59801		56.869		5.7913e+06		1271.6		
00:00:09:800		1.4657e+07		-0.763096		2.62878		57.2717		5.80527e+06		1274.51		
00:00:09:650		1.46731e+07		-0.73946		2.66972		57.9583		5.82614e+06		1278.87		
00:00:09:449		1.46944e+07		-0.708033		2.71851		58.7001		5.85414e+06		1284.79		
00:00:09:449		1.46944e+07		-0.708033		2.71851		58.7001		5.85414e+06		1284.79		
00:00:09:349		1.4705e+07		-0.692358		2.74072		58.9819		5.86824e+06		1287.78		
00:00:09:250		1.47156e+07		-0.676736		2.76191		59.2158		5.88233e+06		1290.74		
00:00:09:150		1.47261e+07		-0.661152		2.78224		59.4488		5.89638e+06		1293.66		
00:00:09:050		1.47367e+07		-0.64561		2.80147		59.65		5.91038e+06		1296.56		
00:00:08:949		1.47472e+07		-0.630115		2.81965		59.8044		5.9244e+06		1299.48		
00:00:08:849		1.47577e+07		-0.614669		2.83681		59.9584		5.93848e+06		1302.42		
00:00:08:750		1.47681e+07		-0.599276		2.85288		60.112		5.95265e+06		1305.39		
00:00:08:650		1.47785e+07		-0.583947		2.868		60.2193		5.96685e+06		1308.34		
00:00:08:550		1.47889e+07		-0.568679		2.88536		60.3112		5.98107e+06		1311.3		
00:00:08:449		1.47993e+07		-0.553478		2.89823		60.4335		5.99532e+06		1314.28		
00:00:08:300		1.48148e+07		-0.5308		2.91813		60.5402		6.01678e+06		1318.81		
00:00:08:199		1.48251e+07		-0.515779		2.93011		60.6164		6.03113e+06		1321.84		
00:00:08:099		1.48354e+07		-0.500838		2.94138		60.5555		6.0454e+06		1324.77		
00:00:08:000		1.48456e+07		-0.485987		2.95264		60.4029		6.05951e+06		1327.6		
00:00:07:900		1.48559e+07		-0.471229		2.96316		60.2347		6.0735e+06		1330.34		
00:00:07:799		1.48661e+07		-0.456566		2.97279		60.2347		6.08751e+06		1333.08		
00:00:07:700		1.48763e+07		-0.442007		2.98195		60.2806		6.10172e+06		1335.89		
00:00:07:700		1.48763e+07		-0.442007		2.98195		60.2806		6.10172e+06		1335.89		
00:00:07:599		1.48864e+07		-0.427546		2.99093		60.2193		6.11626e+06		1338.77		
00:00:07:400		1.49068e+07		-0.398921		3.00623		59.8815		6.14622e+06		1344.53		
00:00:07:400		1.49068e+07		-0.398921		3.00623		59.8815		6.14622e+06		1344.53		
00:00:07:299		1.4917e+07		-0.384774		3.01304		59.65		6.16168e+06		1347.5		
00:00:07:099		1.49374e+07		-0.356823		3.02601		58.9975		6.19423e+06		1354.06		
00:00:07:099		1.49374e+07		-0.356823		3.02601		58.9975		6.19423e+06		1354.06		
00:00:07:000		1.49475e+07		-0.34305		3.03185		58.2909		6.21142e+06		1357.63		
00:00:06:900		1.49578e+07		-0.329402		3.03772		57.4481		6.22898e+06		1361.29		
00:00:06:799		1.4968e+07		-0.315878		3.04351		56.4798		6.24675e+06		1364.98		
00:00:06:500		1.49991e+07		-0.276007		3.05381		52.823		6.3005e+06		1376.05		
00:00:06:500		1.49991e+07		-0.276007		3.05381		52.823		6.3005e+06		1376.05		
00:00:06:400		1.50097e+07		-0.262989		3.05543		51.5092		6.31856e+06		1379.75		
00:00:06:400		1.50097e+07		-0.262989		3.05543		51.5092		6.31856e+06		1379.75		
00:00:06:299		1.50204e+07		-0.250093		3.05932		50.1634		6.33673e+06		1383.47		
00:00:06:200		1.50312e+07		-0.237315		3.06128		48.6901		6.35498e+06		1387.2		
00:00:06:099		1.50422e+07		-0.224644		3.06226		47.1358		6.37333e+06		1390.92		
00:00:06:000		1.50533e+07		-0.212048		3.06226		45.3535		6.39173e+06		1394.61		
00:00:05:900		1.50646e+07		-0.199527		3.06128		43.0882		6.41019e+06		1398.23		
00:00:05:799		1.50758e+07		-0.186998		3.06007		40.3322		6.42868e+06		1401.73		
00:00:05:700		1.50861e+07		-0.174353		3.0593		39.2762		6.44726e+06		1405.2		
00:00:05:450		1.51082e+07		-0.143245		3.05179		35.594		6.49565e+06		1413.87		
00:00:05:349		1.51171e+07		-0.131123		3.04676		33.3683		6.51537e+06		1416.12		
00:00:05:349		1.51171e+07		-0.131123		3.04676		33.3683		6.51537e+06		1416.12		
00:00:05:250		1.51262e+07		-0.119194		3.04118		31.1694		6.53491e+06		1415.91		
00:00:05:150		1.51355e+07		-0.107467		3.0356		29.1516		6.55401e+06		1409.78		
00:00:05:049		1.51451e+07		-0.0959315		3.02783		27.2556		6.57228e+06		1389.65		
00:00:04:950		1.51548e+07		-0.0845776		3.01747		25.5716		6.5894e+06		1331.27		
00:00:04:849		1.51648e+07		-0.0733948		3.00668		23.9974		6.60531e+06		1275.13		
00:00:04:750		1.51749e+07		-0.0623584		2.99667		22.5897		6.62011e+06		1222.82		
00:00:04:650		1.51851e+07		-0.0514536		2.98653		21.3762		6.63388e+06		1174.9		
00:00:04:500		1.52001e+07		-0.0353866		2.96852		19.7306		6.65282e+06		1111.54		
00:00:04:400		1.52102e+07		-0.0248861		2.95387		19.0992		6.66445e+06		1074.82		
00:00:04:400		1.52102e+07		-0.0248861		2.95387		19.0992		6.66445e+06		1074.82		
00:00:04:299		1.52202e+07		-0.0145473		2.93897		21.1421		6.67536e+06		1042.18		
00:00:04:099		1.524e+07		0.00563097		2.91458		39.9532		6.69533e+06		987.694		
00:00:04:099		1.524e+07		0.00563097		2.91458		39.9532		6.69533e+06		987.694		
00:00:03:950		1.52547e+07		0.0203209		2.88848		52.0735		6.70895e+06		954.747		
00:00:03:850		1.52645e+07		0.029881		2.86563		59.4798		6.71749e+06		935.823		
00:00:03:750		1.52742e+07		0.0392098		2.84685		66.6105		6.72565e+06		918.876		
00:00:03:649		1.52838e+07		0.0482907		2.83777		73.5291		6.73343e+06		903.521		
00:00:03:450		1.53029e+07		0.0657721		2.80473		86.8901		6.74795e+06		875.922		
00:00:03:350		1.53124e+07		0.0742087		2.76695		93.3272		6.75471e+06		862.662		
00:00:03:350		1.53124e+07		0.0742087		2.76695		93.3272		6.75471e+06		862.662		
00:00:03:250		1.53222e+07		0.0824261		2.74043		99.554		6.76113e+06		848.896		
00:00:03:149		1.53321e+07		0.0903502		2.74642		105.624		6.76722e+06		833.873		
00:00:03:049		1.53418e+07		0.0978646		2.75745		111.69		6.77299e+06		819.734		
00:00:02:950		1.5351e+07		0.104865		2.73024		117.502		6.77845e+06		806.485		
00:00:02:850		1.53591e+07		0.111379		2.64063		122.878		6.78365e+06		794.195		
00:00:02:700		1.53699e+07		0.1205		2.58608		130.813		6.7911e+06		777.917		
00:00:02:600		1.53777e+07		0.126524		2.70381		136.589		6.79593e+06		768.994		
00:00:02:500		1.53864e+07		0.132452		2.77643		143.07		6.80076e+06		762.321		
00:00:02:399		1.53953e+07		0.138131		2.81047		152.01		6.80573e+06		759.036		
00:00:02:299		1.54043e+07		0.143571		2.83686		168.499		6.81102e+06		760.995		
00:00:02:200		1.54133e+07		0.148794		2.85613		200.427		6.81684e+06		770.663		
00:00:02:200		1.54133e+07		0.148794		2.85613		200.427		6.81684e+06		770.663		
00:00:02:100		1.54226e+07		0.153767		2.86854		244.79		6.82351e+06		792.927		
00:00:02:000		1.54322e+07		0.158401		2.8752		291.142		6.83132e+06		833.323		
00:00:01:850		1.54472e+07		0.16438		2.8794		356.376		6.84543e+06		940.666		
00:00:01:750		1.54567e+07		0.16749		2.88063		394.676		6.85599e+06		967.628		
00:00:01:649		1.54648e+07		0.169807		2.87964		428.145		6.86713e+06		999.677		
00:00:01:550		1.5471e+07		0.171353		2.87423		456.951		6.87859e+06		1017.67		
00:00:01:449		1.54751e+07		0.17225		2.86611		481.35		6.89006e+06		1019.77		
00:00:01:300		1.5478e+07		0.172779		2.85017		508.269		6.90651e+06		1005.76		
00:00:01:199		1.54785e+07		0.172854		2.84089		517.821		6.91643e+06		996.226		
00:00:01:100		1.54786e+07		0.172856		2.83677		523.819		6.92675e+06		985.204		
00:00:01:000		1.54786e+07		0.172847		2.83564		527.922		6.93757e+06		969.269		
00:00:00:900		1.54786e+07		0.172841		2.83546		529.87		6.94744e+06		945.384		
00:00:00:800		1.54786e+07		0.172839		2.83565		530.252		6.95573e+06		908.306		
00:00:00:800		1.54786e+07		0.172839		2.83565		530.252		6.95573e+06		908.306		
00:00:00:699		1.54786e+07		0.17284		2.8357		530.204		6.96168e+06		849.822		
00:00:00:599		1.54786e+07		0.172839		2.83569		530.208		6.96463e+06		759.056		
00:00:00:400		1.54786e+07		0.17284		2.83568		530.214		6.96485e+06		526.824		
00:00:00:400		1.54786e+07		0.17284		2.83568		530.214		6.96485e+06		526.824		
00:00:00:299		1.54786e+07		0.17284		2.83568		530.217		6.96485e+06		526.825		
00:00:00:100		1.54785e+07		0.17284		2.83572		530.221		6.96484e+06		526.821		
00:00:00:100		1.54785e+07		0.17284		2.83572		530.221		6.96484e+06		526.821		
00:00:00:000		1.54785e+07		0.17284		2.83571		530.225		6.96483e+06		526.826		
00:00:00:000		1.54785e+07		0.17284		2.83571		530.225		6.96483e+06		526.826		
00:00:00:000		1.54785e+07		0.17284		2.83571		530.225		6.96483e+06		526.826		
00:00:00:000		1.54785e+07		0.17284		2.83571		530.225		6.96483e+06		526.826		
00:00:00:000		1.54785e+07		0.17284		2.83571		530.225		6.96483e+06		526.826		
00:00:00:000		1.54785e+07		0.17284		2.83571		530.225		6.96483e+06		526.826		
