	time 		gpv001pnt10113ppntm	evf507ety101mpzoyout	chtcon(1)	chavg(1)	chlhsumpa	rcptavgn	
00:01:02:500		6.63053e+06		220.894		155.884		0		1.12474		284.349		
00:01:02:299		6.63072e+06		220.894		155.731		0		1.12073		284.374		
00:01:02:299		6.63072e+06		220.894		155.731		0		1.12073		284.374		
00:01:02:200		6.63082e+06		220.464		155.579		0		1.11671		284.387		
00:01:02:100		6.63092e+06		220.464		155.579		0		1.11671		284.399		
00:01:02:000		6.63101e+06		220.034		155.579		0		1.11671		284.411		
00:01:01:899		6.63111e+06		220.034		155.425		0		1.11269		284.424		
00:01:01:750		6.63126e+06		219.603		155.425		0		1.11269		284.442		
00:01:01:649		6.63136e+06		219.603		155.271		0		1.10866		284.455		
00:01:01:549		6.63145e+06		219.603		155.271		0		1.10866		284.467		
00:01:01:350		6.63165e+06		219.171		155.116		0		1.10462		284.492		
00:01:01:250		6.63175e+06		218.739		155.116		0		1.10462		284.504		
00:01:01:250		6.63175e+06		218.739		155.116		0		1.10462		284.504		
00:01:01:149		6.63185e+06		218.739		154.961		0		1.10058		284.517		
00:01:01:049		6.63194e+06		218.739		154.961		0		1.10058		284.529		
00:01:01:049		6.63194e+06		218.739		154.961		0		1.10058		284.529		
00:01:00:899		6.63209e+06		218.306		154.805		0		1.09653		284.547		
00:01:00:799		6.63219e+06		218.306		154.805		0		1.09653		284.56		
00:01:00:700		6.63229e+06		217.872		154.649		0		1.09247		284.572		
00:01:00:600		6.63238e+06		217.872		154.649		0		1.09247		284.584		
00:01:00:500		6.63248e+06		217.437		154.649		0		1.09247		284.596		
00:01:00:350		6.63263e+06		217.437		154.492		0		1.08841		284.614		
00:01:00:250		6.63273e+06		217.002		154.492		0		1.08841		284.626		
00:01:00:149		6.63283e+06		217.002		154.335		0		1.08434		284.639		
00:01:00:049		6.63292e+06		217.002		154.335		0		1.08434		284.651		
00:01:00:000		6.63297e+06		216.566		154.335		0		1.08434		284.657		
00:00:59:899		6.63307e+06		216.566		154.177		0		1.08027		284.669		
00:00:59:899		6.63307e+06		216.566		154.177		0		1.08027		284.669		
00:00:59:799		6.63317e+06		216.566		154.177		0		1.08027		284.681		
00:00:59:700		6.63327e+06		216.13		154.02		0		1.07619		284.693		
00:00:59:500		6.63347e+06		215.693		154.02		0		1.07619		284.717		
00:00:59:399		6.63357e+06		215.693		153.861		0		1.0721		284.729		
00:00:59:399		6.63357e+06		215.693		153.861		0		1.0721		284.729		
00:00:59:200		6.63377e+06		215.255		153.703		0		1.06801		284.752		
00:00:59:200		6.63377e+06		215.255		153.703		0		1.06801		284.752		
00:00:59:049		6.63392e+06		215.255		153.703		0		1.06801		284.77		
00:00:58:950		6.63401e+06		214.816		153.544		0		1.06391		284.782		
00:00:58:850		6.63411e+06		214.816		153.544		0		1.06391		284.794		
00:00:58:750		6.63421e+06		214.377		153.544		0		1.06391		284.805		
00:00:58:649		6.6343e+06		214.377		153.385		0		1.0598		284.817		
00:00:58:500		6.63445e+06		213.937		153.385		0		1.0598		284.835		
00:00:58:399		6.63455e+06		213.937		153.225		0		1.05568		284.846		
00:00:58:399		6.63455e+06		213.937		153.225		0		1.05568		284.846		
00:00:58:299		6.63464e+06		213.937		153.225		0		1.05568		284.858		
00:00:58:200		6.63474e+06		213.496		153.065		0		1.05156		284.87		
00:00:58:100		6.63484e+06		213.496		153.065		0		1.05156		284.881		
00:00:58:000		6.63493e+06		213.055		153.065		0		1.05156		284.893		
00:00:57:850		6.63508e+06		213.055		152.904		0		1.04744		284.91		
00:00:57:750		6.63518e+06		212.612		152.904		0		1.04744		284.922		
00:00:57:649		6.63527e+06		212.612		152.743		0		1.0433		284.933		
00:00:57:549		6.63537e+06		212.612		152.743		0		1.0433		284.945		
00:00:57:350		6.63557e+06		212.169		152.582		0		1.03916		284.968		
00:00:57:350		6.63557e+06		212.169		152.582		0		1.03916		284.968		
00:00:57:250		6.63567e+06		211.726		152.582		0		1.03916		284.979		
00:00:57:149		6.63578e+06		211.726		152.421		0		1.03501		284.99		
00:00:57:049		6.63588e+06		211.726		152.421		0		1.03501		285.002		
00:00:56:950		6.63599e+06		211.281		152.258		0		1.03085		285.013		
00:00:56:850		6.63609e+06		211.281		152.258		0		1.03085		285.024		
00:00:56:750		6.6362e+06		210.836		152.258		0		1.03085		285.036		
00:00:56:649		6.6363e+06		210.836		152.096		0		1.02669		285.047		
00:00:56:450		6.63651e+06		210.39		151.933		0		1.02252		285.07		
00:00:56:299		6.63666e+06		210.39		151.933		0		1.02252		285.087		
00:00:56:299		6.63666e+06		210.39		151.933		0		1.02252		285.087		
00:00:56:200		6.63675e+06		209.944		151.769		0		1.01834		285.098		
00:00:56:100		6.63685e+06		209.944		151.769		0		1.01834		285.109		
00:00:56:000		6.63695e+06		209.496		151.769		0		1.01834		285.121		
00:00:55:899		6.63705e+06		209.496		151.606		0		1.01416		285.132		
00:00:55:799		6.63715e+06		209.496		151.606		0		1.01416		285.143		
00:00:55:700		6.63724e+06		209.048		151.441		0		1.00997		285.154		
00:00:55:700		6.63724e+06		209.048		151.441		0		1.00997		285.154		
00:00:55:600		6.63734e+06		209.048		151.441		0		1.00997		285.166		
00:00:55:450		6.63749e+06		208.599		151.277		0		1.00577		285.183		
00:00:55:350		6.63759e+06		208.599		151.277		0		1.00577		285.194		
00:00:55:250		6.63768e+06		208.149		151.277		0		1.00577		285.205		
00:00:55:149		6.63778e+06		208.149		151.111		0		1.00156		285.217		
00:00:55:049		6.63788e+06		208.149		151.111		0		1.00156		285.228		
00:00:54:899		6.63803e+06		207.698		150.945		0		0.997345		285.245		
00:00:54:799		6.63813e+06		207.698		150.945		0		0.997345		285.257		
00:00:54:700		6.63822e+06		207.247		150.778		0		0.993122		285.268		
00:00:54:600		6.63832e+06		207.247		150.778		0		0.993122		285.279		
00:00:54:500		6.63842e+06		206.794		150.778		0		0.993122		285.291		
00:00:54:399		6.63852e+06		206.794		150.611		0		0.988892		285.302		
00:00:54:399		6.63852e+06		206.794		150.611		0		0.988892		285.302		
00:00:54:299		6.63862e+06		206.794		150.611		0		0.988892		285.314		
00:00:54:100		6.63881e+06		206.341		150.443		0		0.984654		285.337		
00:00:54:100		6.63881e+06		206.341		150.443		0		0.984654		285.337		
00:00:54:000		6.63891e+06		205.887		150.443		0		0.984654		285.348		
00:00:53:899		6.63901e+06		205.887		150.274		0		0.980409		285.36		
00:00:53:799		6.63911e+06		205.887		150.274		0		0.980409		285.372		
00:00:53:700		6.6392e+06		205.432		150.105		0		0.976155		285.383		
00:00:53:450		6.63945e+06		204.977		149.934		0		0.971894		285.413		
00:00:53:350		6.63955e+06		204.977		149.934		0		0.971894		285.424		
00:00:53:350		6.63955e+06		204.977		149.934		0		0.971894		285.424		
00:00:53:250		6.63964e+06		204.52		149.934		0		0.971894		285.436		
00:00:53:149		6.63974e+06		204.52		149.763		0		0.967625		285.448		
00:00:53:049		6.63984e+06		204.52		149.763		0		0.967625		285.46		
00:00:52:950		6.63994e+06		204.063		149.592		0		0.963348		285.472		
00:00:52:850		6.64004e+06		204.063		149.592		0		0.963348		285.484		
00:00:52:750		6.64013e+06		203.604		149.592		0		0.963348		285.496		
00:00:52:649		6.64023e+06		203.604		149.419		0		0.959062		285.508		
00:00:52:549		6.64033e+06		203.604		149.419		0		0.959062		285.52		
00:00:52:450		6.64043e+06		203.145		149.246		0		0.954769		285.532		
00:00:52:350		6.64053e+06		203.145		149.246		0		0.954769		285.544		
00:00:52:250		6.64062e+06		202.685		149.246		0		0.954769		285.556		
00:00:52:149		6.64072e+06		202.685		149.071		0		0.950468		285.569		
00:00:52:049		6.64082e+06		202.685		149.071		0		0.950468		285.581		
00:00:51:950		6.64092e+06		202.224		148.896		0		0.946158		285.593		
00:00:51:850		6.64102e+06		202.224		148.896		0		0.946158		285.606		
00:00:51:750		6.64111e+06		201.762		148.896		0		0.946158		285.618		
00:00:51:649		6.64121e+06		201.762		148.72		0		0.94184		285.631		
00:00:51:500		6.64136e+06		201.299		148.72		0		0.94184		285.65		
00:00:51:399		6.64146e+06		201.299		148.543		0		0.937514		285.662		
00:00:51:299		6.64156e+06		201.299		148.543		0		0.937514		285.675		
00:00:51:200		6.64165e+06		200.836		148.364		0		0.933179		285.688		
00:00:51:100		6.64175e+06		200.836		148.364		0		0.933179		285.701		
00:00:51:000		6.64185e+06		200.371		148.364		0		0.933179		285.714		
00:00:50:899		6.64195e+06		200.371		148.185		0		0.928836		285.727		
00:00:50:799		6.64205e+06		200.371		148.185		0		0.928836		285.74		
00:00:50:700		6.64214e+06		199.906		148.005		0		0.924484		285.754		
00:00:50:600		6.64224e+06		199.906		148.005		0		0.924484		285.767		
00:00:50:600		6.64224e+06		199.906		148.005		0		0.924484		285.767		
00:00:50:299		6.64254e+06		199.439		147.823		0		0.920124		285.808		
00:00:50:299		6.64254e+06		199.439		147.823		0		0.920124		285.808		
00:00:50:200		6.64263e+06		198.972		147.641		0		0.915756		285.821		
00:00:50:100		6.64273e+06		198.972		147.641		0		0.915756		285.835		
00:00:50:000		6.64283e+06		198.504		147.641		0		0.915756		285.849		
00:00:50:000		6.64283e+06		198.504		147.641		0		0.915756		285.849		
00:00:49:899		6.64293e+06		198.504		147.457		0		0.911378		285.863		
00:00:49:799		6.64303e+06		198.504		147.457		0		0.911378		285.877		
00:00:49:700		6.64312e+06		198.035		147.271		0		0.906992		285.89		
00:00:49:600		6.64322e+06		198.035		147.271		0		0.906992		285.904		
00:00:49:399		6.64342e+06		197.564		147.085		0		0.902597		285.932		
00:00:49:299		6.64352e+06		197.564		147.085		0		0.902597		285.946		
00:00:49:200		6.64361e+06		197.093		146.896		0		0.898193		285.96		
00:00:49:100		6.64371e+06		197.093		146.896		0		0.898193		285.975		
00:00:49:000		6.64381e+06		196.621		146.896		0		0.898193		285.989		
00:00:48:899		6.64391e+06		196.621		146.707		0		0.89378		286.003		
00:00:48:799		6.64401e+06		196.621		146.707		0		0.89378		286.017		
00:00:48:700		6.6441e+06		196.148		146.515		0		0.889358		286.031		
00:00:48:700		6.6441e+06		196.148		146.515		0		0.889358		286.031		
00:00:48:600		6.6442e+06		196.148		146.515		0		0.889358		286.045		
00:00:48:399		6.6444e+06		195.674		146.322		0		0.884927		286.074		
00:00:48:399		6.6444e+06		195.674		146.322		0		0.884927		286.074		
00:00:48:299		6.6445e+06		195.674		146.322		0		0.884927		286.088		
00:00:48:200		6.64459e+06		195.199		146.128		0		0.880486		286.102		
00:00:48:100		6.64469e+06		195.199		146.128		0		0.880486		286.116		
00:00:48:000		6.64479e+06		194.723		146.128		0		0.880486		286.13		
00:00:47:899		6.64489e+06		194.723		145.931		0		0.876036		286.145		
00:00:47:750		6.64503e+06		194.246		145.931		0		0.876036		286.166		
00:00:47:649		6.64513e+06		194.246		145.733		0		0.871576		286.18		
00:00:47:549		6.64523e+06		194.246		145.733		0		0.871576		286.195		
00:00:47:450		6.64533e+06		193.767		145.533		0		0.867107		286.209		
00:00:47:350		6.64543e+06		193.767		145.533		0		0.867107		286.223		
00:00:47:250		6.64552e+06		193.288		145.533		0		0.867107		286.238		
00:00:47:149		6.64562e+06		193.288		145.33		0		0.862627		286.252		
00:00:47:049		6.64572e+06		193.288		145.33		0		0.862627		286.267		
00:00:46:950		6.64582e+06		192.807		145.126		0		0.858137		286.281		
00:00:46:850		6.64592e+06		192.807		145.126		0		0.858137		286.296		
00:00:46:750		6.64601e+06		192.326		145.126		0		0.858137		286.31		
00:00:46:649		6.64611e+06		192.326		144.92		0		0.853635		286.325		
00:00:46:549		6.64621e+06		192.326		144.92		0		0.853635		286.339		
00:00:46:450		6.64631e+06		191.843		144.711		0		0.849123		286.354		
00:00:46:350		6.64641e+06		191.843		144.711		0		0.849123		286.369		
00:00:46:250		6.6465e+06		191.359		144.711		0		0.849123		286.384		
00:00:46:149		6.6466e+06		191.359		144.501		0		0.844599		286.398		
00:00:46:049		6.6467e+06		191.359		144.501		0		0.844599		286.413		
00:00:45:950		6.6468e+06		190.874		144.288		0		0.840055		286.428		
00:00:45:850		6.6469e+06		190.874		144.288		0		0.840055		286.443		
00:00:45:750		6.64724e+06		190.387		144.288		0		0.840055		286.458		
00:00:45:649		6.6481e+06		190.387		144.073		0		0.83549		286.473		
00:00:45:549		6.6491e+06		190.387		144.073		0		0.83549		286.488		
00:00:45:399		6.6506e+06		189.898		143.856		0		0.830912		286.51		
00:00:45:299		6.65156e+06		189.898		143.856		0		0.830912		286.525		
00:00:45:200		6.65251e+06		189.408		143.636		0		0.826327		286.54		
00:00:45:100		6.65346e+06		189.408		143.636		0		0.826327		286.555		
00:00:45:000		6.65441e+06		188.918		143.636		0		0.826327		286.57		
00:00:44:899		6.65538e+06		188.918		143.413		0		0.821735		286.586		
00:00:44:899		6.65538e+06		188.918		143.413		0		0.821735		286.586		
00:00:44:799		6.65637e+06		188.918		143.413		0		0.821735		286.601		
00:00:44:600		6.6584e+06		188.427		143.188		0		0.817139		286.631		
00:00:44:500		6.65944e+06		187.935		143.188		0		0.817139		286.647		
00:00:44:399		6.66049e+06		187.935		142.96		0		0.812539		286.662		
00:00:44:299		6.66156e+06		187.935		142.96		0		0.812539		286.677		
00:00:44:299		6.66156e+06		187.935		142.96		0		0.812539		286.677		
00:00:44:200		6.66264e+06		187.443		142.729		0		0.807936		286.693		
00:00:44:100		6.66373e+06		187.443		142.729		0		0.807936		286.708		
00:00:44:000		6.66483e+06		186.951		142.729		0		0.807936		286.723		
00:00:43:799		6.66705e+06		186.951		142.496		0		0.803331		286.754		
00:00:43:700		6.66817e+06		186.458		142.259		0		0.798722		286.769		
00:00:43:700		6.66817e+06		186.458		142.259		0		0.798722		286.769		
00:00:43:600		6.66929e+06		186.458		142.259		0		0.798722		286.785		
00:00:43:399		6.67154e+06		185.965		142.019		0		0.794112		286.816		
00:00:43:299		6.67268e+06		185.965		142.019		0		0.794112		286.831		
00:00:43:299		6.67268e+06		185.965		142.019		0		0.794112		286.831		
00:00:43:200		6.67381e+06		185.472		141.776		0		0.789498		286.847		
00:00:43:049		6.67551e+06		185.472		141.776		0		0.789498		286.87		
00:00:42:950		6.67664e+06		184.978		141.53		0		0.784883		286.885		
00:00:42:850		6.67778e+06		184.978		141.53		0		0.784883		286.901		
00:00:42:750		6.67891e+06		184.484		141.53		0		0.784883		286.917		
00:00:42:700		6.67948e+06		184.484		141.28		0		0.780266		286.924		
00:00:42:600		6.68061e+06		184.484		141.28		0		0.780266		286.94		
00:00:42:250		6.68456e+06		183.495		141.027		0		0.775646		286.995		
00:00:42:250		6.68456e+06		183.495		141.027		0		0.775646		286.995		
00:00:42:250		6.68456e+06		183.495		141.027		0		0.775646		286.995		
00:00:42:049		6.68682e+06		183.495		140.771		0		0.771024		287.026		
00:00:42:049		6.68682e+06		183.495		140.771		0		0.771024		287.026		
00:00:42:000		6.68738e+06		183		140.771		0		0.771024		287.034		
00:00:41:850		6.68906e+06		183		140.511		0		0.766401		287.057		
00:00:41:750		6.6902e+06		182.505		140.511		0		0.766401		287.073		
00:00:41:649		6.69132e+06		182.505		140.248		0		0.761775		287.088		
00:00:41:549		6.69245e+06		182.505		140.248		0		0.761775		287.104		
00:00:41:350		6.69469e+06		182.01		139.98		0		0.757147		287.135		
00:00:41:350		6.69469e+06		182.01		139.98		0		0.757147		287.135		
00:00:41:250		6.69581e+06		181.514		139.98		0		0.757147		287.15		
00:00:41:149		6.69692e+06		181.514		139.709		0		0.752518		287.166		
00:00:41:049		6.69803e+06		181.514		139.709		0		0.752518		287.181		
00:00:40:950		6.69914e+06		181.018		139.434		0		0.747887		287.197		
00:00:40:850		6.70024e+06		181.018		139.434		0		0.747887		287.212		
00:00:40:750		6.70134e+06		180.522		139.434		0		0.747887		287.228		
00:00:40:649		6.70243e+06		180.522		139.155		0		0.743254		287.243		
00:00:40:549		6.70352e+06		180.522		139.155		0		0.743254		287.259		
00:00:40:450		6.70461e+06		180.025		138.872		0		0.738619		287.274		
00:00:40:350		6.70569e+06		180.025		138.872		0		0.738619		287.29		
00:00:40:250		6.70677e+06		179.529		138.872		0		0.738619		287.306		
00:00:40:149		6.70785e+06		179.529		138.585		0		0.733982		287.322		
00:00:40:049		6.70893e+06		179.529		138.585		0		0.733982		287.337		
00:00:39:950		6.71e+06		179.032		138.294		0		0.729343		287.353		
00:00:39:850		6.71107e+06		179.032		138.294		0		0.729343		287.369		
00:00:39:750		6.71214e+06		178.534		138.294		0		0.729343		287.386		
00:00:39:600		6.71373e+06		178.534		137.999		0		0.724703		287.41		
00:00:39:549		6.71426e+06		178.534		137.999		0		0.724703		287.418		
00:00:39:450		6.71532e+06		178.036		137.7		0		0.720061		287.435		
00:00:39:350		6.71638e+06		178.036		137.7		0		0.720061		287.452		
00:00:39:250		6.71743e+06		177.538		137.7		0		0.720061		287.468		
00:00:39:149		6.71848e+06		177.538		137.396		0		0.715417		287.485		
00:00:39:049		6.71954e+06		177.538		137.396		0		0.715417		287.502		
00:00:38:950		6.72059e+06		177.04		137.088		0		0.710771		287.519		
00:00:38:799		6.72217e+06		177.04		137.088		0		0.710771		287.545		
00:00:38:700		6.72322e+06		176.541		136.775		0		0.706123		287.562		
00:00:38:600		6.72427e+06		176.541		136.775		0		0.706123		287.58		
00:00:38:500		6.72532e+06		176.042		136.775		0		0.706123		287.597		
00:00:38:399		6.72637e+06		176.042		136.458		0		0.701474		287.615		
00:00:38:299		6.72742e+06		176.042		136.458		0		0.701474		287.633		
00:00:38:299		6.72742e+06		176.042		136.458		0		0.701474		287.633		
00:00:38:200		6.72846e+06		175.543		136.136		0		0.696823		287.652		
00:00:38:100		6.7295e+06		175.543		136.136		0		0.696823		287.67		
00:00:38:000		6.73054e+06		175.043		136.136		0		0.696823		287.689		
00:00:37:899		6.73158e+06		175.043		135.808		0		0.69217		287.708		
00:00:37:799		6.73262e+06		175.043		135.808		0		0.69217		287.727		
00:00:37:700		6.73365e+06		174.543		135.476		0		0.687516		287.746		
00:00:37:600		6.73467e+06		174.543		135.476		0		0.687516		287.766		
00:00:37:500		6.7357e+06		174.043		135.476		0		0.687516		287.786		
00:00:37:299		6.73774e+06		174.043		135.138		0		0.682859		287.824		
00:00:37:299		6.73774e+06		174.043		135.138		0		0.682859		287.824		
00:00:37:200		6.73875e+06		173.543		134.794		0		0.678202		287.844		
00:00:37:100		6.73976e+06		173.543		134.794		0		0.678202		287.864		
00:00:36:850		6.74225e+06		173.042		134.445		0		0.673542		287.915		
00:00:36:850		6.74225e+06		173.042		134.445		0		0.673542		287.915		
00:00:36:799		6.74275e+06		173.042		134.445		0		0.673542		287.925		
00:00:36:700		6.74374e+06		172.541		134.088		0		0.668881		287.946		
00:00:36:600		6.74473e+06		172.541		134.088		0		0.668881		287.967		
00:00:36:399		6.74672e+06		172.04		133.726		0		0.664218		288.009		
00:00:36:299		6.74772e+06		172.04		133.726		0		0.664218		288.031		
00:00:36:299		6.74772e+06		172.04		133.726		0		0.664218		288.031		
00:00:36:149		6.74921e+06		171.538		133.356		0		0.659553		288.063		
00:00:36:049		6.75019e+06		171.538		133.356		0		0.659553		288.085		
00:00:35:950		6.75115e+06		171.036		132.979		0		0.654887		288.107		
00:00:35:850		6.7521e+06		171.036		132.979		0		0.654887		288.129		
00:00:35:750		6.75304e+06		170.534		132.979		0		0.654887		288.151		
00:00:35:649		6.75399e+06		170.534		132.595		0		0.650219		288.174		
00:00:35:549		6.75491e+06		170.534		132.595		0		0.650219		288.196		
00:00:35:350		6.75673e+06		170.031		132.204		0		0.64555		288.242		
00:00:35:250		6.75762e+06		169.528		132.204		0		0.64555		288.265		
00:00:35:250		6.75762e+06		169.528		132.204		0		0.64555		288.265		
00:00:35:149		6.75850e+06		169.528		131.805		0		0.640879		288.289		
00:00:35:049		6.75938e+06		169.528		131.805		0		0.640879		288.312		
00:00:34:950		6.76024e+06		169.025		131.398		0		0.636207		288.336		
00:00:34:850		6.76109e+06		169.025		131.398		0		0.636207		288.359		
00:00:34:750		6.76192e+06		168.522		131.398		0		0.636207		288.383		
00:00:34:649		6.76275e+06		168.522		130.983		0		0.631533		288.407		
00:00:34:549		6.76357e+06		168.522		130.983		0		0.631533		288.432		
00:00:34:450		6.76438e+06		168.018		130.56		0		0.626859		288.456		
00:00:34:350		6.76518e+06		168.018		130.56		0		0.626859		288.481		
00:00:34:250		6.76597e+06		167.514		130.56		0		0.626859		288.506		
00:00:34:149		6.76675e+06		167.514		130.129		0		0.622182		288.531		
00:00:34:000		6.7679e+06		167.01		130.129		0		0.622182		288.569		
00:00:33:950		6.76828e+06		167.01		129.689		0		0.617505		288.581		
00:00:33:850		6.76902e+06		167.01		129.689		0		0.617505		288.607		
00:00:33:750		6.76976e+06		166.505		129.689		0		0.617505		288.633		
00:00:33:649		6.77049e+06		166.505		129.241		0		0.612826		288.659		
00:00:33:549		6.77121e+06		166.505		129.241		0		0.612826		288.685		
00:00:33:450		6.77191e+06		166		128.783		0		0.608146		288.711		
00:00:33:299		6.77293e+06		166		128.783		0		0.608146		288.751		
00:00:33:200		6.7736e+06		165.496		128.317		0		0.603465		288.778		
00:00:33:100		6.77426e+06		165.496		128.317		0		0.603465		288.805		
00:00:33:000		6.77489e+06		164.99		128.317		0		0.603465		288.832		
00:00:32:899		6.77551e+06		164.99		127.84		0		0.598783		288.86		
00:00:32:799		6.77612e+06		164.99		127.84		0		0.598783		288.888		
00:00:32:700		6.77672e+06		164.485		127.354		0		0.5941		288.916		
00:00:32:700		6.77672e+06		164.485		127.354		0		0.5941		288.916		
00:00:32:600		6.77729e+06		164.485		127.354		0		0.5941		288.944		
00:00:32:500		6.77785e+06		163.979		127.354		0		0.5941		288.972		
00:00:32:299		6.77889e+06		163.979		126.858		0		0.589417		289.03		
00:00:32:299		6.77889e+06		163.979		126.858		0		0.589417		289.03		
00:00:32:200		6.77934e+06		163.474		126.352		0		0.584732		289.059		
00:00:32:100		6.77977e+06		163.474		126.352		0		0.584732		289.089		
00:00:32:000		6.78018e+06		162.968		126.352		0		0.584732		289.118		
00:00:31:899		6.78059e+06		162.968		125.835		0		0.580047		289.148		
00:00:31:800		6.78099e+06		162.968		125.835		0		0.580047		289.178		
00:00:31:600		6.78176e+06		162.461		125.307		0		0.575361		289.24		
00:00:31:600		6.78176e+06		162.461		125.307		0		0.575361		289.24		
00:00:31:500		6.78214e+06		161.955		125.307		0		0.575361		289.271		
00:00:31:300		6.78289e+06		161.955		124.77		0		0.570674		289.334		
00:00:31:300		6.78289e+06		161.955		124.77		0		0.570674		289.334		
00:00:31:199		6.78326e+06		161.448		124.223		0		0.565987		289.366		
00:00:31:050		6.78379e+06		161.448		124.223		0		0.565987		289.415		
00:00:30:949		6.78414e+06		160.941		123.667		0		0.561299		289.447		
00:00:30:899		6.78431e+06		160.941		123.667		0		0.561299		289.464		
00:00:30:800		6.78465e+06		160.941		123.667		0		0.561299		289.497		
00:00:30:699		6.78498e+06		160.434		123.101		0		0.556611		289.531		
00:00:30:550		6.78545e+06		160.434		123.101		0		0.556611		289.582		
00:00:30:399		6.78586e+06		159.926		122.525		0		0.551922		289.634		
00:00:30:250		6.78628e+06		159.419		122.525		0		0.551922		289.687		
00:00:30:250		6.78628e+06		159.419		122.525		0		0.551922		289.687		
00:00:30:149		6.78657e+06		159.419		121.941		0		0.547233		289.723		
00:00:30:050		6.78686e+06		159.419		121.941		0		0.547233		289.759		
00:00:29:949		6.78716e+06		158.911		121.349		0		0.542543		289.795		
00:00:29:850		6.78745e+06		158.911		121.349		0		0.542543		289.832		
00:00:29:750		6.78773e+06		158.403		121.349		0		0.542543		289.869		
00:00:29:649		6.78802e+06		158.403		120.75		0		0.537853		289.906		
00:00:29:550		6.78831e+06		158.403		120.75		0		0.537853		289.944		
00:00:29:350		6.78887e+06		157.895		120.142		0		0.533162		290.021		
00:00:29:250		6.78915e+06		157.387		120.142		0		0.533162		290.061		
00:00:29:250		6.78915e+06		157.387		120.142		0		0.533162		290.061		
00:00:29:149		6.78943e+06		157.387		119.527		0		0.52847		290.1		
00:00:29:050		6.7897e+06		157.387		119.527		0		0.52847		290.141		
00:00:28:949		6.78994e+06		156.879		118.903		0		0.523779		290.181		
00:00:28:850		6.79019e+06		156.879		118.903		0		0.523779		290.222		
00:00:28:750		6.79044e+06		156.37		118.903		0		0.523779		290.263		
00:00:28:649		6.7907e+06		156.37		118.272		0		0.519086		290.305		
00:00:28:550		6.79096e+06		156.37		118.272		0		0.519086		290.347		
00:00:28:399		6.79136e+06		155.861		117.633		0		0.514394		290.41		
00:00:28:300		6.79163e+06		155.861		117.633		0		0.514394		290.453		
00:00:28:199		6.7919e+06		155.352		116.986		0		0.5097		290.497		
00:00:28:149		6.79204e+06		155.352		116.986		0		0.5097		290.519		
00:00:28:050		6.79233e+06		155.352		116.986		0		0.5097		290.564		
00:00:27:949		6.79275e+06		154.843		116.331		0		0.505007		290.632		
00:00:27:800		6.79304e+06		154.843		116.331		0		0.505007		290.678		
00:00:27:699		6.79333e+06		154.334		115.668		0		0.500312		290.725		
00:00:27:600		6.79363e+06		154.334		115.668		0		0.500312		290.773		
00:00:27:500		6.79392e+06		153.824		115.668		0		0.500312		290.821		
00:00:27:399		6.79422e+06		153.824		114.996		0		0.495617		290.869		
00:00:27:300		6.79452e+06		153.824		114.996		0		0.495617		290.918		
00:00:27:199		6.79483e+06		153.315		114.318		0		0.490922		290.968		
00:00:27:100		6.79513e+06		153.315		114.318		0		0.490922		291.018		
00:00:27:100		6.79513e+06		153.315		114.318		0		0.490922		291.018		
00:00:27:000		6.79544e+06		152.805		114.318		0		0.490922		291.069		
00:00:26:899		6.79574e+06		152.805		113.631		0		0.486226		291.121		
00:00:26:800		6.79604e+06		152.805		113.631		0		0.486226		291.173		
00:00:26:699		6.79634e+06		152.295		112.936		0		0.481529		291.225		
00:00:26:600		6.79664e+06		152.295		112.936		0		0.481529		291.278		
00:00:26:500		6.79694e+06		151.785		112.936		0		0.481529		291.332		
00:00:26:300		6.79756e+06		151.785		112.234		0		0.476832		291.44		
00:00:26:300		6.79756e+06		151.785		112.234		0		0.476832		291.44		
00:00:26:199		6.79787e+06		151.275		111.524		0		0.472134		291.496		
00:00:26:100		6.7982e+06		151.275		111.524		0		0.472134		291.552		
00:00:26:000		6.79851e+06		150.765		111.524		0		0.472134		291.608		
00:00:25:850		6.79888e+06		150.765		110.806		0		0.467436		291.695		
00:00:25:800		6.79897e+06		150.765		110.806		0		0.467436		291.724		
00:00:25:699		6.79916e+06		150.255		110.081		0		0.462738		291.783		
00:00:25:600		6.79937e+06		150.255		110.081		0		0.462738		291.842		
00:00:25:500		6.7996e+06		149.744		110.081		0		0.462738		291.902		
00:00:25:250		6.80025e+06		149.234		109.349		0		0.458038		292.056		
00:00:25:250		6.80025e+06		149.234		109.349		0		0.458038		292.056		
00:00:25:149		6.80058e+06		149.234		108.609		0		0.453339		292.119		
00:00:25:050		6.80093e+06		149.234		108.609		0		0.453339		292.183		
00:00:24:949		6.80129e+06		148.723		107.862		0		0.448638		292.247		
00:00:24:850		6.80168e+06		148.723		107.862		0		0.448638		292.313		
00:00:24:750		6.80209e+06		148.212		107.862		0		0.448638		292.379		
00:00:24:649		6.80251e+06		148.212		107.107		0		0.443937		292.446		
00:00:24:550		6.80297e+06		148.212		107.107		0		0.443937		292.513		
00:00:24:350		6.80394e+06		147.7		106.343		0		0.439235		292.652		
00:00:24:250		6.80445e+06		147.189		106.343		0		0.439235		292.722		
00:00:24:250		6.80445e+06		147.189		106.343		0		0.439235		292.722		
00:00:24:149		6.80498e+06		147.189		105.568		0		0.434531		292.794		
00:00:24:050		6.80552e+06		147.189		105.568		0		0.434531		292.866		
00:00:23:949		6.80608e+06		146.677		104.781		0		0.429827		292.939		
00:00:23:850		6.80665e+06		146.677		104.781		0		0.429827		293.013		
00:00:23:750		6.80724e+06		146.165		104.781		0		0.429827		293.086		
00:00:23:649		6.80784e+06		146.165		103.983		0		0.425122		293.161		
00:00:23:550		6.80846e+06		146.165		103.983		0		0.425122		293.236		
00:00:23:350		6.80976e+06		145.653		103.174		0		0.420415		293.389		
00:00:23:250		6.81043e+06		145.141		103.174		0		0.420415		293.466		
00:00:23:250		6.81043e+06		145.141		103.174		0		0.420415		293.466		
00:00:23:149		6.81112e+06		145.141		102.352		0		0.415707		293.544		
00:00:23:050		6.81183e+06		145.141		102.352		0		0.415707		293.623		
00:00:22:949		6.81257e+06		144.628		101.519		0		0.410998		293.702		
00:00:22:850		6.81334e+06		144.628		101.519		0		0.410998		293.782		
00:00:22:750		6.81414e+06		144.114		101.519		0		0.410998		293.862		
00:00:22:600		6.81541e+06		144.114		100.674		0		0.406287		293.982		
00:00:22:500		6.81631e+06		143.601		100.674		0		0.406287		294.062		
00:00:22:399		6.81724e+06		143.601		99.8179		0		0.401575		294.142		
00:00:22:300		6.81823e+06		143.601		99.8179		0		0.401575		294.222		
00:00:22:250		6.81874e+06		143.087		99.8179		0		0.401575		294.261		
00:00:22:100		6.82035e+06		143.087		98.9497		0		0.39686		294.38		
00:00:22:000		6.82141e+06		142.572		98.9497		0		0.39686		294.459		
00:00:21:899		6.8225e+06		142.572		98.0701		0		0.392144		294.537		
00:00:21:800		6.82364e+06		142.572		98.0701		0		0.392144		294.615		
00:00:21:699		6.82481e+06		142.058		97.1793		0		0.387426		294.693		
00:00:21:600		6.826e+06		142.058		97.1793		0		0.387426		294.77		
00:00:21:500		6.82719e+06		141.543		97.1793		0		0.387426		294.847		
00:00:21:399		6.82837e+06		141.543		96.2781		0		0.382705		294.924		
00:00:21:300		6.82951e+06		141.543		96.2781		0		0.382705		295.001		
00:00:21:300		6.82951e+06		141.543		96.2781		0		0.382705		295.001		
00:00:21:199		6.83055e+06		141.028		95.3687		0		0.377983		295.078		
00:00:21:100		6.83158e+06		141.028		95.3687		0		0.377983		295.155		
00:00:21:000		6.83271e+06		140.512		95.3687		0		0.377983		295.233		
00:00:20:899		6.83388e+06		140.512		94.4519		0		0.373259		295.311		
00:00:20:800		6.83506e+06		140.512		94.4519		0		0.373259		295.389		
00:00:20:699		6.83621e+06		139.996		93.5281		0		0.368532		295.468		
00:00:20:600		6.83731e+06		139.996		93.5281		0		0.368532		295.548		
00:00:20:500		6.83843e+06		139.48		93.5281		0		0.368532		295.628		
00:00:20:300		6.84072e+06		139.48		92.5981		0		0.363804		295.791		
00:00:20:300		6.84072e+06		139.48		92.5981		0		0.363804		295.791		
00:00:20:199		6.84189e+06		138.964		91.6623		0		0.359074		295.873		
00:00:20:100		6.84309e+06		138.964		91.6623		0		0.359074		295.956		
00:00:19:899		6.8455e+06		138.447		90.7212		0		0.354342		296.123		
00:00:19:899		6.8455e+06		138.447		90.7212		0		0.354342		296.123		
00:00:19:750		6.84735e+06		137.929		90.7212		0		0.354342		296.251		
00:00:19:649		6.84862e+06		137.929		89.7744		0		0.349607		296.338		
00:00:19:550		6.84987e+06		137.929		89.7744		0		0.349607		296.427		
00:00:19:449		6.85111e+06		137.412		88.8216		0		0.344871		296.517		
00:00:19:300		6.85293e+06		137.412		88.8216		0		0.344871		296.654		
00:00:19:300		6.85293e+06		137.412		88.8216		0		0.344871		296.654		
00:00:19:199		6.85412e+06		136.894		87.8632		0		0.340132		296.747		
00:00:19:050		6.8559e+06		136.894		87.8632		0		0.340132		296.89		
00:00:18:949		6.8571e+06		136.376		86.8998		0		0.335392		296.986		
00:00:18:850		6.85825e+06		136.376		86.8998		0		0.335392		297.084		
00:00:18:750		6.85937e+06		135.858		86.8998		0		0.335392		297.183		
00:00:18:649		6.86045e+06		135.858		85.9321		0		0.33065		297.284		
00:00:18:550		6.86148e+06		135.858		85.9321		0		0.33065		297.386		
00:00:18:350		6.86342e+06		135.339		84.9611		0		0.325906		297.59		
00:00:18:250		6.86431e+06		134.821		84.9611		0		0.325906		297.694		
00:00:18:250		6.86431e+06		134.821		84.9611		0		0.325906		297.694		
00:00:18:149		6.86516e+06		134.821		83.9875		0		0.321161		297.8		
00:00:18:050		6.86596e+06		134.821		83.9875		0		0.321161		297.907		
00:00:17:949		6.8667e+06		134.301		83.0125		0		0.316415		298.017		
00:00:17:850		6.86739e+06		134.301		83.0125		0		0.316415		298.128		
00:00:17:750		6.86803e+06		133.782		83.0125		0		0.316415		298.241		
00:00:17:649		6.86862e+06		133.782		82.0372		0		0.311668		298.355		
00:00:17:550		6.86915e+06		133.782		82.0372		0		0.311668		298.472		
00:00:17:350		6.87003e+06		133.263		81.0629		0		0.306921		298.71		
00:00:17:250		6.87038e+06		132.744		81.0629		0		0.306921		298.832		
00:00:17:250		6.87038e+06		132.744		81.0629		0		0.306921		298.832		
00:00:17:149		6.87066e+06		132.744		80.091		0		0.302174		298.956		
00:00:17:050		6.87088e+06		132.744		80.091		0		0.302174		299.082		
00:00:16:949		6.87104e+06		132.224		79.123		0		0.297426		299.21		
00:00:16:850		6.87112e+06		132.224		79.123		0		0.297426		299.339		
00:00:16:750		6.87114e+06		131.705		79.123		0		0.297426		299.47		
00:00:16:649		6.87108e+06		131.705		78.1605		0		0.292679		299.603		
00:00:16:550		6.87095e+06		131.705		78.1605		0		0.292679		299.738		
00:00:16:350		6.87046e+06		131.185		77.2051		0		0.287933		300.015		
00:00:16:199		6.86989e+06		130.665		76.2585		0		0.283188		300.229		
00:00:16:199		6.86989e+06		130.665		76.2585		0		0.283188		300.229		
00:00:16:100		6.86943e+06		130.665		76.2585		0		0.283188		300.375		
00:00:16:000		6.86892e+06		130.146		76.2585		0		0.283188		300.52		
00:00:15:900		6.86843e+06		130.146		75.3222		0		0.278444		300.667		
00:00:15:800		6.86797e+06		130.146		75.3222		0		0.278444		300.817		
00:00:15:699		6.86742e+06		129.626		74.3979		0		0.273701		300.969		
00:00:15:599		6.86676e+06		129.626		74.3979		0		0.273701		301.125		
00:00:15:599		6.86676e+06		129.626		74.3979		0		0.273701		301.125		
00:00:15:500		6.866e+06		129.107		74.3979		0		0.273701		301.283		
00:00:15:300		6.86416e+06		129.107		73.4868		0		0.26896		301.607		
00:00:15:300		6.86416e+06		129.107		73.4868		0		0.26896		301.607		
00:00:15:099		6.86189e+06		128.587		72.59		0		0.264222		301.943		
00:00:15:099		6.86189e+06		128.587		72.59		0		0.264222		301.943		
00:00:15:000		6.8606e+06		128.068		72.59		0		0.264222		302.113		
00:00:14:900		6.85923e+06		128.068		71.7076		0		0.259487		302.286		
00:00:14:800		6.8578e+06		128.068		71.7076		0		0.259487		302.462		
00:00:14:699		6.85632e+06		127.549		70.8418		0		0.254755		302.641		
00:00:14:599		6.8548e+06		127.549		70.8418		0		0.254755		302.822		
00:00:14:449		6.85242e+06		127.03		69.9939		0		0.250026		303.096		
00:00:14:300		6.84986e+06		127.03		69.9939		0		0.250026		303.373		
00:00:14:199		6.84798e+06		126.511		69.1641		0		0.245301		303.562		
00:00:14:199		6.84798e+06		126.511		69.1641		0		0.245301		303.562		
00:00:14:099		6.84593e+06		126.511		69.1641		0		0.245301		303.753		
00:00:14:000		6.84372e+06		125.993		69.1641		0		0.245301		303.947		
00:00:13:900		6.84138e+06		125.993		68.3502		0		0.24058		304.144		
00:00:13:800		6.83889e+06		125.993		68.3502		0		0.24058		304.343		
00:00:13:699		6.83628e+06		125.474		67.5441		0		0.235865		304.542		
00:00:13:599		6.83355e+06		125.474		67.5441		0		0.235865		304.743		
00:00:13:500		6.8307e+06		124.957		67.5441		0		0.235865		304.946		
00:00:13:250		6.823e+06		124.439		66.7414		0		0.231156		305.457		
00:00:13:250		6.823e+06		124.439		66.7414		0		0.231156		305.457		
00:00:13:050		6.81625e+06		124.439		65.9422		0		0.226453		305.868		
00:00:13:050		6.81625e+06		124.439		65.9422		0		0.226453		305.868		
00:00:12:949		6.81268e+06		123.922		65.1463		0		0.221756		306.076		
00:00:12:849		6.80897e+06		123.922		65.1463		0		0.221756		306.284		
00:00:12:750		6.80512e+06		123.405		65.1463		0		0.221756		306.492		
00:00:12:650		6.80115e+06		123.405		64.3539		0		0.217067		306.699		
00:00:12:550		6.79714e+06		123.405		64.3539		0		0.217067		306.904		
00:00:12:349		6.7901e+06		122.889		63.565		0		0.212384		307.301		
00:00:12:250		6.78778e+06		122.373		63.565		0		0.212384		307.49		
00:00:12:250		6.78778e+06		122.373		63.565		0		0.212384		307.49		
00:00:12:150		6.78493e+06		122.373		62.7795		0		0.207707		307.674		
00:00:12:050		6.78155e+06		122.373		62.7795		0		0.207707		307.851		
00:00:11:949		6.77769e+06		121.857		61.9974		0		0.203037		308.021		
00:00:11:849		6.77342e+06		121.857		61.9974		0		0.203037		308.182		
00:00:11:750		6.76883e+06		121.343		61.9974		0		0.203037		308.333		
00:00:11:650		6.76406e+06		121.343		61.2188		0		0.198376		308.471		
00:00:11:550		6.75916e+06		121.343		61.2188		0		0.198376		308.596		
00:00:11:449		6.75409e+06		120.829		60.4435		0		0.193725		308.705		
00:00:11:250		6.73843e+06		120.316		60.4435		0		0.193725		308.88		
00:00:11:250		6.73843e+06		120.316		60.4435		0		0.193725		308.88		
00:00:11:150		6.71781e+06		120.316		59.6711		0		0.189131		308.946		
00:00:11:050		6.67646e+06		120.316		59.6711		0		0.189131		309		
00:00:10:949		6.63938e+06		119.805		58.9013		0		0.184573		309.043		
00:00:10:849		6.61526e+06		119.805		58.9013		0		0.184573		309.077		
00:00:10:750		6.59646e+06		119.295		58.9013		0		0.184573		309.104		
00:00:10:650		6.58553e+06		119.295		58.1337		0		0.180019		309.127		
00:00:10:550		6.59097e+06		119.295		58.1337		0		0.180019		309.146		
00:00:10:300		6.59949e+06		118.785		57.3683		0		0.175461		309.184		
00:00:10:199		6.60091e+06		118.273		56.6053		0		0.1709		309.196		
00:00:10:199		6.60091e+06		118.273		56.6053		0		0.1709		309.196		
00:00:10:099		6.60233e+06		118.273		56.6053		0		0.1709		309.208		
00:00:10:000		6.60376e+06		117.761		56.6053		0		0.1709		309.221		
00:00:09:900		6.60519e+06		117.761		55.8448		0		0.166336		309.233		
00:00:09:900		6.60519e+06		117.761		55.8448		0		0.166336		309.233		
00:00:09:699		6.60808e+06		117.247		55.0868		0		0.16177		309.258		
00:00:09:699		6.60808e+06		117.247		55.0868		0		0.16177		309.258		
00:00:09:500		6.61098e+06		116.733		55.0868		0		0.16177		309.284		
00:00:09:500		6.61098e+06		116.733		55.0868		0		0.16177		309.284		
00:00:09:300		6.61390e+06		116.733		54.3316		0		0.157202		309.31		
00:00:09:300		6.61390e+06		116.733		54.3316		0		0.157202		309.31		
00:00:09:199		6.61538e+06		116.218		53.579		0		0.15263		309.323		
00:00:09:000		6.61834e+06		115.703		53.579		0		0.15263		309.349		
00:00:09:000		6.61834e+06		115.703		53.579		0		0.15263		309.349		
00:00:08:900		6.61982e+06		115.703		52.8294		0		0.148056		309.362		
00:00:08:699		6.62282e+06		115.186		52.0829		0		0.14348		309.388		
00:00:08:699		6.62282e+06		115.186		52.0829		0		0.14348		309.388		
00:00:08:599		6.62433e+06		115.186		52.0829		0		0.14348		309.401		
00:00:08:500		6.62585e+06		114.669		52.0829		0		0.14348		309.413		
00:00:08:300		6.6289e+06		114.669		51.3401		0		0.1389		309.439		
00:00:08:300		6.6289e+06		114.669		51.3401		0		0.1389		309.439		
00:00:08:199		6.63044e+06		114.151		50.6023		0		0.134318		309.452		
00:00:08:099		6.63198e+06		114.151		50.6023		0		0.134318		309.464		
00:00:08:000		6.63353e+06		113.633		50.6023		0		0.134318		309.477		
00:00:07:900		6.63509e+06		113.633		49.8718		0		0.129734		309.489		
00:00:07:799		6.63665e+06		113.633		49.8718		0		0.129734		309.501		
00:00:07:700		6.63823e+06		113.114		49.1528		0		0.125146		309.513		
00:00:07:450		6.6422e+06		112.595		48.4458		0		0.125146		309.531		
00:00:07:450		6.6422e+06		112.595		48.4458		0		0.120555		309.543		
00:00:07:250		6.64542e+06		112.076		48.4458		0		0.120555		309.566		
00:00:07:250		6.64542e+06		112.076		48.4458		0		0.120555		309.566		
00:00:07:150		6.64704e+06		112.076		47.7515		0		0.115962		309.577		
00:00:07:049		6.64866e+06		112.076		47.7515		0		0.115962		309.589		
00:00:06:950		6.6503e+06		111.556		47.0706		0		0.111366		309.599		
00:00:06:849		6.65195e+06		111.556		47.0706		0		0.111366		309.61		
00:00:06:750		6.6536e+06		111.037		47.0706		0		0.111366		309.621		
00:00:06:650		6.65527e+06		111.037		46.4037		0		0.106767		309.631		
00:00:06:549		6.65694e+06		111.037		46.4037		0		0.106767		309.642		
00:00:06:450		6.65863e+06		110.518		45.7514		0		0.102165		309.652		
00:00:06:250		6.66202e+06		109.999		45.7514		0		0.102165		309.671		
00:00:06:250		6.66202e+06		109.999		45.7514		0		0.102165		309.671		
00:00:06:150		6.66373e+06		109.999		45.1145		0		0.0975595		309.68		
00:00:06:049		6.66545e+06		109.999		45.1145		0		0.0975595		309.69		
00:00:05:950		6.66718e+06		109.482		44.4934		0		0.0929512		309.699		
00:00:05:849		6.66892e+06		109.482		44.4934		0		0.0929512		309.707		
00:00:05:750		6.67068e+06		108.965		44.4934		0		0.0929512		309.716		
00:00:05:650		6.67244e+06		108.965		43.8887		0		0.0883398		309.724		
00:00:05:549		6.67421e+06		108.965		43.8887		0		0.0883398		309.732		
00:00:05:450		6.676e+06		108.45		43.301		0		0.0837252		309.74		
00:00:05:250		6.6796e+06		107.937		43.301		0		0.0837252		309.754		
00:00:05:250		6.6796e+06		107.937		43.301		0		0.0837252		309.754		
00:00:05:150		6.68142e+06		107.937		42.7309		0		0.0791073		309.761		
00:00:05:049		6.68325e+06		107.937		42.7309		0		0.0791073		309.768		
00:00:04:900		6.68602e+06		107.426		42.1787		0		0.0744862		309.778		
00:00:04:799		6.68788e+06		107.426		42.1787		0		0.0744862		309.784		
00:00:04:700		6.68975e+06		106.918		41.6449		0		0.0698617		309.79		
00:00:04:599		6.69164e+06		106.918		41.6449		0		0.0698617		309.795		
00:00:04:500		6.69354e+06		106.414		41.6449		0		0.0698617		309.8		
00:00:04:299		6.69739e+06		106.414		41.1299		0		0.0652338		309.81		
00:00:04:200		6.69933e+06		105.914		40.6341		0		0.0606024		309.814		
00:00:04:200		6.69933e+06		105.914		40.6341		0		0.0606024		309.814		
00:00:04:200		6.69933e+06		105.914		40.6341		0		0.0606024		309.814		
00:00:04:099		6.70129e+06		105.914		40.6341		0		0.0606024		309.818		
00:00:04:000		6.70326e+06		105.419		40.6341		0		0.0606024		309.822		
00:00:03:899		6.70525e+06		105.419		40.1579		0		0.0559674		309.825		
00:00:03:799		6.70725e+06		105.419		40.1579		0		0.0559674		309.828		
00:00:03:649		6.71029e+06		104.931		39.7022		0		0.0513288		309.832		
00:00:03:500		6.71336e+06		104.45		39.7022		0		0.0513288		309.835		
00:00:03:299		6.71752e+06		104.45		39.2682		0		0.0466864		309.839		
00:00:03:200		6.71963e+06		103.977		38.8595		0		0.0420401		309.841		
00:00:03:200		6.71963e+06		103.977		38.8595		0		0.0420401		309.841		
00:00:03:100		6.72176e+06		103.977		38.8595		0		0.0420401		309.843		
00:00:03:000		6.7239e+06		103.515		38.8595		0		0.0420401		309.844		
00:00:03:000		6.7239e+06		103.515		38.8595		0		0.0420401		309.844		
00:00:02:899		6.72606e+06		103.515		38.4744		0		0.0373899		309.845		
00:00:02:700		6.73042e+06		103.064		38.113		0		0.0327356		309.845		
00:00:02:700		6.73042e+06		103.064		38.113		0		0.0327356		309.845		
00:00:02:600		6.73261e+06		103.064		38.113		0		0.0327356		309.845		
00:00:02:500		6.73481e+06		102.628		38.113		0		0.0327356		309.845		
00:00:02:350		6.73811e+06		102.628		37.7752		0		0.0280771		309.844		
00:00:02:250		6.74031e+06		102.208		37.7752		0		0.0280771		309.843		
00:00:02:149		6.74254e+06		102.208		37.4605		0		0.0234143		309.843		
00:00:02:049		6.74485e+06		102.208		37.4605		0		0.0234143		309.843		
00:00:01:949		6.74735e+06		101.809		37.1672		0		0.0187463		309.843		
00:00:01:850		6.75002e+06		101.809		37.1672		0		0.0187463		309.843		
00:00:01:750		6.75281e+06		101.432		37.1672		0		0.0187463		309.844		
00:00:01:649		6.7557e+06		101.432		36.8959		0		0.0140727		309.844		
00:00:01:550		6.7587e+06		101.432		36.8959		0		0.0140727		309.845		
00:00:01:449		6.76184e+06		101.084		36.648		0		0.00939248		309.845		
00:00:01:350		6.76519e+06		101.084		36.648		0		0.00939248		309.846		
00:00:01:250		6.76883e+06		100.762		36.648		0		0.00939248		309.846		
00:00:01:149		6.77295e+06		100.762		36.4434		0		0.00470377		309.846		
00:00:01:050		6.7779e+06		100.762		36.4434		0		0.00470377		309.846		
00:00:00:949		6.78424e+06		100.419		36.3828		0		0		309.846		
00:00:00:849		6.79309e+06		100.419		36.3828		0		0		309.846		
00:00:00:750		6.80683e+06		100.069		36.3828		0		0		309.846		
00:00:00:650		6.83118e+06		100.069		36.3831		0		0		309.846		
00:00:00:550		6.83117e+06		100.069		36.3831		0		0		309.846		
00:00:00:349		6.83117e+06		100.069		36.3834		0		0		309.846		
00:00:00:250		6.83116e+06		100.069		36.3834		0		0		309.846		
00:00:00:250		6.83116e+06		100.069		36.3834		0		0		309.846		
00:00:00:149		6.83116e+06		100.069		36.3837		0		0		309.846		
00:00:00:050		6.83115e+06		100.069		36.3837		0		0		309.846		
00:00:00:000		6.83115e+06		100.069		36.3837		0		0		309.846		
00:00:00:000		6.83115e+06		100.069		36.3837		0		0		309.846		
00:00:00:000		6.83115e+06		100.069		36.3837		0		0		309.846		
00:00:00:000		6.83115e+06		100.069		36.3837		0		0		309.846		
00:00:00:000		6.83115e+06		100.069		36.3837		0		0		309.846		
00:00:00:000		6.83115e+06		100.069		36.3837		0		0		309.846		
00:00:00:000		6.83115e+06		100.069		36.3837		0		0		309.846		
