	time 		gpv001pnt10113ppntm	evf507ety101mpzoyout	chtcon(1)	chavg(1)	chlhsumpa	rcptavgn	
00:01:04:450		6.53403e+06		240.881		142.957		0		1.99352		278.557		
00:01:04:349		6.53417e+06		240.881		142.957		0		1.99352		278.583		
00:01:04:200		6.53426e+06		241.07		143.574		0		1.98222		278.622		
00:01:04:200		6.53426e+06		241.07		143.574		0		1.98222		278.622		
00:01:04:099		6.53436e+06		241.07		143.574		0		1.98222		278.647		
00:01:03:899		6.53454e+06		241.261		144.192		0		1.97092		278.698		
00:01:03:899		6.53454e+06		241.261		144.192		0		1.97092		278.698		
00:01:03:700		6.53473e+06		241.453		144.811		0		1.95962		278.747		
00:01:03:700		6.53473e+06		241.453		144.811		0		1.95962		278.747		
00:01:03:600		6.53483e+06		241.453		144.811		0		1.95962		278.772		
00:01:03:500		6.53492e+06		241.646		144.811		0		1.95962		278.796		
00:01:03:399		6.53501e+06		241.646		145.429		0		1.94832		278.82		
00:01:03:299		6.53511e+06		241.646		145.429		0		1.94832		278.843		
00:01:03:200		6.53521e+06		241.84		146.048		0		1.93702		278.866		
00:01:03:100		6.5353e+06		241.84		146.048		0		1.93702		278.889		
00:01:03:000		6.5354e+06		242.035		146.048		0		1.93702		278.912		
00:01:02:899		6.5355e+06		242.035		146.666		0		1.92573		278.934		
00:01:02:649		6.53573e+06		242.23		147.284		0		1.91445		278.989		
00:01:02:649		6.53573e+06		242.23		147.284		0		1.91445		278.989		
00:01:02:549		6.53583e+06		242.23		147.284		0		1.91445		279.01		
00:01:02:450		6.53592e+06		242.426		147.901		0		1.90317		279.031		
00:01:02:350		6.53602e+06		242.426		147.901		0		1.90317		279.052		
00:01:02:299		6.53611e+06		242.426		147.901		0		1.90317		279.062		
00:01:02:149		6.5362e+06		242.622		148.516		0		1.8919		279.093		
00:01:02:049		6.5363e+06		242.622		148.516		0		1.8919		279.113		
00:01:01:950		6.53639e+06		242.818		149.13		0		1.88063		279.133		
00:01:01:750		6.53657e+06		243.014		149.13		0		1.88063		279.173		
00:01:01:649		6.53666e+06		243.014		149.743		0		1.86937		279.193		
00:01:01:649		6.53666e+06		243.014		149.743		0		1.86937		279.193		
00:01:01:549		6.53676e+06		243.014		149.743		0		1.86937		279.213		
00:01:01:450		6.53685e+06		243.21		150.353		0		1.85812		279.234		
00:01:01:350		6.53694e+06		243.21		150.353		0		1.85812		279.254		
00:01:01:250		6.53703e+06		243.406		150.353		0		1.85812		279.274		
00:01:01:149		6.53712e+06		243.406		150.961		0		1.84688		279.294		
00:01:01:049		6.53724e+06		243.406		150.961		0		1.84688		279.315		
00:01:00:950		6.53731e+06		243.602		151.565		0		1.83564		279.336		
00:01:00:850		6.5374e+06		243.602		151.565		0		1.83564		279.357		
00:01:00:750		6.53749e+06		243.797		151.565		0		1.83564		279.378		
00:01:00:649		6.53758e+06		243.797		152.167		0		1.82441		279.399		
00:01:00:549		6.53768e+06		243.797		152.167		0		1.82441		279.421		
00:01:00:450		6.53777e+06		243.991		152.764		0		1.81319		279.443		
00:01:00:350		6.53786e+06		243.991		152.764		0		1.81319		279.465		
00:01:00:200		6.538e+06		244.185		153.358		0		1.80198		279.498		
00:01:00:200		6.538e+06		244.185		153.358		0		1.80198		279.498		
00:01:00:000		6.53818e+06		244.377		153.358		0		1.80198		279.543		
00:01:00:000		6.53818e+06		244.377		153.358		0		1.80198		279.543		
00:00:59:950		6.53823e+06		244.377		153.946		0		1.79078		279.555		
00:00:59:750		6.53841e+06		244.569		153.946		0		1.79078		279.6		
00:00:59:750		6.53841e+06		244.569		153.946		0		1.79078		279.6		
00:00:59:649		6.5385e+06		244.569		154.53		0		1.77959		279.623		
00:00:59:549		6.5386e+06		244.569		154.53		0		1.77959		279.646		
00:00:59:450		6.53869e+06		244.76		155.108		0		1.76841		279.669		
00:00:59:350		6.53878e+06		244.76		155.108		0		1.76841		279.693		
00:00:59:250		6.53887e+06		244.949		155.108		0		1.76841		279.716		
00:00:59:149		6.53896e+06		244.949		155.68		0		1.75725		279.739		
00:00:59:049		6.53906e+06		244.949		155.68		0		1.75725		279.762		
00:00:58:950		6.53915e+06		245.137		156.244		0		1.74609		279.786		
00:00:58:750		6.53933e+06		245.324		156.244		0		1.74609		279.832		
00:00:58:750		6.53933e+06		245.324		156.244		0		1.74609		279.832		
00:00:58:649		6.53942e+06		245.324		156.802		0		1.73495		279.856		
00:00:58:549		6.53952e+06		245.324		156.802		0		1.73495		279.879		
00:00:58:350		6.5397e+06		245.508		157.351		0		1.72382		279.925		
00:00:58:350		6.5397e+06		245.508		157.351		0		1.72382		279.925		
00:00:58:250		6.53979e+06		245.69		157.351		0		1.72382		279.949		
00:00:58:149		6.53991e+06		245.69		157.892		0		1.71271		279.972		
00:00:58:049		6.53998e+06		245.69		157.892		0		1.71271		279.996		
00:00:57:950		6.54007e+06		245.87		158.424		0		1.70162		280.019		
00:00:57:700		6.5403e+06		246.046		158.946		0		1.69054		280.078		
00:00:57:700		6.5403e+06		246.046		158.946		0		1.69054		280.078		
00:00:57:649		6.54034e+06		246.046		158.946		0		1.69054		280.089		
00:00:57:549		6.54044e+06		246.046		158.946		0		1.69054		280.113		
00:00:57:450		6.54053e+06		246.219		159.457		0		1.67947		280.136		
00:00:57:350		6.54062e+06		246.219		159.457		0		1.67947		280.16		
00:00:57:250		6.54071e+06		246.389		159.457		0		1.67947		280.183		
00:00:57:100		6.54085e+06		246.389		159.957		0		1.66843		280.219		
00:00:57:000		6.54094e+06		246.555		159.957		0		1.66843		280.242		
00:00:56:899		6.54103e+06		246.555		160.445		0		1.6574		280.266		
00:00:56:700		6.54122e+06		246.717		160.92		0		1.6464		280.313		
00:00:56:700		6.54122e+06		246.717		160.92		0		1.6464		280.313		
00:00:56:600		6.54131e+06		246.717		160.92		0		1.6464		280.337		
00:00:56:500		6.5414e+06		246.876		160.92		0		1.6464		280.361		
00:00:56:399		6.54149e+06		246.876		161.381		0		1.63542		280.384		
00:00:56:299		6.54159e+06		246.876		161.381		0		1.63542		280.408		
00:00:56:200		6.54168e+06		247.031		161.827		0		1.62446		280.432		
00:00:56:100		6.54177e+06		247.031		161.827		0		1.62446		280.456		
00:00:56:000		6.54186e+06		247.181		161.827		0		1.62446		280.48		
00:00:55:799		6.54205e+06		247.181		162.258		0		1.61352		280.527		
00:00:55:700		6.54214e+06		247.327		162.673		0		1.60261		280.551		
00:00:55:700		6.54214e+06		247.327		162.673		0		1.60261		280.551		
00:00:55:600		6.54225e+06		247.327		162.673		0		1.60261		280.575		
00:00:55:500		6.54232e+06		247.469		162.673		0		1.60261		280.599		
00:00:55:399		6.54241e+06		247.469		163.07		0		1.59172		280.623		
00:00:55:299		6.54251e+06		247.469		163.07		0		1.59172		280.646		
00:00:55:149		6.54264e+06		247.605		163.449		0		1.58087		280.682		
00:00:55:149		6.54264e+06		247.605		163.449		0		1.58087		280.682		
00:00:54:950		6.54283e+06		247.736		163.808		0		1.57004		280.73		
00:00:54:950		6.54283e+06		247.736		163.808		0		1.57004		280.73		
00:00:54:750		6.54301e+06		247.862		163.808		0		1.57004		280.778		
00:00:54:750		6.54301e+06		247.862		163.808		0		1.57004		280.778		
00:00:54:700		6.5431e+06		247.862		164.146		0		1.55924		280.79		
00:00:54:450		6.54329e+06		247.983		164.463		0		1.54847		280.849		
00:00:54:450		6.54329e+06		247.983		164.463		0		1.54847		280.849		
00:00:54:350		6.54338e+06		247.983		164.463		0		1.54847		280.873		
00:00:54:250		6.54347e+06		248.097		164.463		0		1.54847		280.897		
00:00:54:149		6.54356e+06		248.097		164.756		0		1.53774		280.921		
00:00:54:049		6.54366e+06		248.097		164.756		0		1.53774		280.944		
00:00:53:950		6.54375e+06		248.206		165.025		0		1.52705		280.968		
00:00:53:750		6.54393e+06		248.308		165.025		0		1.52705		281.016		
00:00:53:750		6.54393e+06		248.308		165.025		0		1.52705		281.016		
00:00:53:649		6.54402e+06		248.308		165.268		0		1.51639		281.039		
00:00:53:549		6.54412e+06		248.308		165.268		0		1.51639		281.063		
00:00:53:450		6.54421e+06		248.404		165.485		0		1.50577		281.086		
00:00:53:350		6.5443e+06		248.404		165.485		0		1.50577		281.11		
00:00:53:250		6.54439e+06		248.493		165.485		0		1.50577		281.133		
00:00:53:149		6.54448e+06		248.493		165.673		0		1.49519		281.157		
00:00:53:049		6.54458e+06		248.493		165.673		0		1.49519		281.18		
00:00:52:950		6.54467e+06		248.57		165.831		0		1.48469		281.204		
00:00:52:700		6.5449e+06		248.615		165.961		0		1.47442		281.262		
00:00:52:700		6.5449e+06		248.615		165.961		0		1.47442		281.262		
00:00:52:649		6.54494e+06		248.615		165.961		0		1.47442		281.274		
00:00:52:500		6.54508e+06		248.627		165.961		0		1.47442		281.309		
00:00:52:399		6.54517e+06		248.627		166.062		0		1.46438		281.333		
00:00:52:299		6.54527e+06		248.627		166.062		0		1.46438		281.356		
00:00:52:200		6.54536e+06		248.607		166.135		0		1.45457		281.379		
00:00:52:100		6.54545e+06		248.607		166.135		0		1.45457		281.402		
00:00:52:000		6.54554e+06		248.554		166.135		0		1.45457		281.426		
00:00:51:950		6.54559e+06		248.554		166.181		0		1.44499		281.437		
00:00:51:700		6.54582e+06		248.468		166.201		0		1.43565		281.495		
00:00:51:700		6.54582e+06		248.468		166.201		0		1.43565		281.495		
00:00:51:600		6.54591e+06		248.468		166.201		0		1.43565		281.519		
00:00:51:500		6.546e+06		248.349		166.201		0		1.43565		281.542		
00:00:51:399		6.54609e+06		248.349		166.196		0		1.42654		281.565		
00:00:51:350		6.54614e+06		248.349		166.196		0		1.42654		281.577		
00:00:51:200		6.54628e+06		248.197		166.165		0		1.41766		281.611		
00:00:51:100		6.54637e+06		248.197		166.165		0		1.41766		281.635		
00:00:51:000		6.54646e+06		248.011		166.165		0		1.41766		281.658		
00:00:50:799		6.54665e+06		248.011		166.111		0		1.40902		281.704		
00:00:50:700		6.54674e+06		247.792		166.035		0		1.40061		281.728		
00:00:50:700		6.54674e+06		247.792		166.035		0		1.40061		281.728		
00:00:50:600		6.54683e+06		247.792		166.035		0		1.40061		281.751		
00:00:50:500		6.54692e+06		247.538		166.035		0		1.40061		281.774		
00:00:50:399		6.54701e+06		247.538		165.937		0		1.39245		281.798		
00:00:50:299		6.54711e+06		247.538		165.937		0		1.39245		281.821		
00:00:50:200		6.5472e+06		247.251		165.818		0		1.38452		281.844		
00:00:50:100		6.54729e+06		247.251		165.818		0		1.38452		281.868		
00:00:50:000		6.54743e+06		246.928		165.818		0		1.38452		281.891		
00:00:49:850		6.54743e+06		246.928		165.818		0		1.38452		281.891		
00:00:49:750		6.54761e+06		246.569		165.682		0		1.37684		281.949		
00:00:49:750		6.54761e+06		246.569		165.682		0		1.37684		281.949		
00:00:49:649		6.5477e+06		246.569		165.528		0		1.36941		281.973		
00:00:49:549		6.5478e+06		246.569		165.528		0		1.36941		281.996		
00:00:49:450		6.54789e+06		246.172		165.359		0		1.36224		282.019		
00:00:49:350		6.54798e+06		246.172		165.359		0		1.36224		282.043		
00:00:49:250		6.54807e+06		245.735		165.359		0		1.36224		282.066		
00:00:49:149		6.54816e+06		245.735		165.178		0		1.35535		282.089		
00:00:49:049		6.54826e+06		245.735		165.178		0		1.35535		282.113		
00:00:48:950		6.54835e+06		245.253		164.987		0		1.34877		282.136		
00:00:48:750		6.54853e+06		244.694		164.987		0		1.34877		282.182		
00:00:48:750		6.54853e+06		244.694		164.987		0		1.34877		282.182		
00:00:48:649		6.54862e+06		244.694		164.79		0		1.3426		282.205		
00:00:48:549		6.54872e+06		244.694		164.79		0		1.3426		282.228		
00:00:48:450		6.54881e+06		244.084		164.593		0		1.33693		282.251		
00:00:48:350		6.5489e+06		244.084		164.593		0		1.33693		282.274		
00:00:48:250		6.54899e+06		243.473		164.593		0		1.33693		282.297		
00:00:48:149		6.54908e+06		243.473		164.394		0		1.33126		282.32		
00:00:48:049		6.54918e+06		243.473		164.394		0		1.33126		282.343		
00:00:47:850		6.54936e+06		242.861		164.195		0		1.32558		282.389		
00:00:47:750		6.54945e+06		242.247		164.195		0		1.32558		282.412		
00:00:47:750		6.54945e+06		242.247		164.195		0		1.32558		282.412		
00:00:47:649		6.54954e+06		242.247		163.995		0		1.31988		282.434		
00:00:47:549		6.54964e+06		242.247		163.995		0		1.31988		282.457		
00:00:47:450		6.54973e+06		241.632		163.793		0		1.31417		282.48		
00:00:47:350		6.54982e+06		241.632		163.793		0		1.31417		282.502		
00:00:47:250		6.54991e+06		241.015		163.793		0		1.31417		282.525		
00:00:47:149		6.55e+06		241.015		163.591		0		1.30845		282.548		
00:00:47:049		6.55014e+06		241.015		163.591		0		1.30845		282.57		
00:00:46:899		6.55023e+06		240.397		163.388		0		1.30271		282.604		
00:00:46:700		6.55042e+06		239.778		163.183		0		1.29697		282.649		
00:00:46:700		6.55042e+06		239.778		163.183		0		1.29697		282.649		
00:00:46:649		6.55046e+06		239.778		163.183		0		1.29697		282.66		
00:00:46:549		6.5506e+06		239.778		163.183		0		1.29697		282.683		
00:00:46:399		6.55069e+06		239.157		162.978		0		1.29121		282.716		
00:00:46:299		6.55079e+06		239.157		162.978		0		1.29121		282.739		
00:00:46:200		6.55088e+06		238.535		162.771		0		1.28544		282.761		
00:00:46:100		6.55097e+06		238.535		162.771		0		1.28544		282.784		
00:00:46:000		6.55106e+06		237.911		162.771		0		1.28544		282.806		
00:00:45:899		6.55115e+06		237.911		162.564		0		1.27966		282.828		
00:00:45:700		6.55134e+06		237.287		162.355		0		1.27386		282.873		
00:00:45:700		6.55134e+06		237.287		162.355		0		1.27386		282.873		
00:00:45:600		6.55143e+06		237.287		162.355		0		1.27386		282.895		
00:00:45:500		6.55152e+06		236.66		162.355		0		1.27386		282.918		
00:00:45:399		6.55161e+06		236.66		162.145		0		1.26806		282.94		
00:00:45:299		6.55171e+06		236.66		162.145		0		1.26806		282.962		
00:00:45:200		6.5518e+06		236.033		161.933		0		1.26224		282.984		
00:00:45:100		6.55189e+06		236.033		161.933		0		1.26224		283.006		
00:00:45:000		6.55198e+06		235.404		161.933		0		1.26224		283.029		
00:00:44:799		6.55217e+06		235.404		161.721		0		1.2564		283.073		
00:00:44:700		6.55226e+06		234.773		161.507		0		1.25056		283.095		
00:00:44:700		6.55226e+06		234.773		161.507		0		1.25056		283.095		
00:00:44:600		6.55235e+06		234.773		161.507		0		1.25056		283.117		
00:00:44:500		6.55244e+06		234.141		161.507		0		1.25056		283.139		
00:00:44:399		6.55258e+06		234.141		161.292		0		1.2447		283.161		
00:00:44:250		6.55267e+06		233.508		161.292		0		1.2447		283.194		
00:00:44:250		6.55267e+06		233.508		161.292		0		1.2447		283.194		
00:00:44:049		6.55286e+06		233.508		161.075		0		1.23883		283.238		
00:00:44:049		6.55286e+06		233.508		161.075		0		1.23883		283.238		
00:00:43:950		6.55295e+06		232.873		160.857		0		1.23294		283.26		
00:00:43:750		6.55313e+06		232.236		160.857		0		1.23294		283.304		
00:00:43:750		6.55313e+06		232.236		160.857		0		1.23294		283.304		
00:00:43:649		6.55322e+06		232.236		160.637		0		1.22704		283.326		
00:00:43:549		6.55332e+06		232.236		160.637		0		1.22704		283.348		
00:00:43:450		6.55341e+06		231.598		160.416		0		1.22113		283.37		
00:00:43:350		6.5535e+06		231.598		160.416		0		1.22113		283.392		
00:00:43:250		6.55359e+06		230.958		160.416		0		1.22113		283.414		
00:00:43:100		6.55373e+06		230.958		160.193		0		1.2152		283.447		
00:00:42:950		6.55387e+06		230.317		159.969		0		1.20926		283.48		
00:00:42:950		6.55387e+06		230.317		159.969		0		1.20926		283.48		
00:00:42:750		6.55405e+06		229.674		159.969		0		1.20926		283.524		
00:00:42:750		6.55405e+06		229.674		159.969		0		1.20926		283.524		
00:00:42:649		6.55414e+06		229.674		159.742		0		1.2033		283.546		
00:00:42:549		6.55424e+06		229.674		159.742		0		1.2033		283.567		
00:00:42:450		6.55433e+06		229.03		159.514		0		1.19733		283.589		
00:00:42:350		6.55442e+06		229.03		159.514		0		1.19733		283.611		
00:00:42:250		6.55451e+06		228.384		159.514		0		1.19733		283.633		
00:00:42:149		6.5546e+06		228.384		159.284		0		1.19135		283.654		
00:00:42:049		6.5547e+06		228.384		159.284		0		1.19135		283.676		
00:00:41:850		6.55488e+06		227.736		159.052		0		1.18535		283.719		
00:00:41:750		6.55497e+06		227.086		159.052		0		1.18535		283.741		
00:00:41:750		6.55497e+06		227.086		159.052		0		1.18535		283.741		
00:00:41:649		6.55511e+06		227.086		158.819		0		1.17933		283.762		
00:00:41:500		6.5552e+06		226.435		158.819		0		1.17933		283.795		
00:00:41:399		6.55529e+06		226.435		158.583		0		1.17331		283.816		
00:00:41:299		6.55539e+06		226.435		158.583		0		1.17331		283.838		
00:00:41:200		6.55548e+06		225.782		158.345		0		1.16726		283.859		
00:00:41:100		6.55557e+06		225.782		158.345		0		1.16726		283.88		
00:00:41:000		6.55566e+06		225.128		158.345		0		1.16726		283.902		
00:00:40:799		6.55585e+06		225.128		158.105		0		1.1612		283.944		
00:00:40:700		6.55594e+06		224.472		157.863		0		1.15513		283.965		
00:00:40:700		6.55594e+06		224.472		157.863		0		1.15513		283.965		
00:00:40:600		6.55603e+06		224.472		157.863		0		1.15513		283.987		
00:00:40:549		6.55608e+06		224.472		157.863		0		1.15513		283.997		
00:00:40:399		6.55621e+06		223.814		157.618		0		1.14904		284.029		
00:00:40:299		6.55631e+06		223.814		157.618		0		1.14904		284.05		
00:00:40:200		6.5564e+06		223.155		157.372		0		1.14294		284.071		
00:00:40:100		6.55649e+06		223.155		157.372		0		1.14294		284.092		
00:00:40:000		6.55659e+06		222.493		157.372		0		1.14294		284.113		
00:00:39:799		6.55677e+06		222.493		157.123		0		1.13682		284.154		
00:00:39:700		6.55686e+06		221.831		156.872		0		1.13068		284.174		
00:00:39:700		6.55686e+06		221.831		156.872		0		1.13068		284.174		
00:00:39:600		6.55696e+06		221.831		156.872		0		1.13068		284.195		
00:00:39:500		6.55705e+06		221.166		156.872		0		1.13068		284.215		
00:00:39:399		6.55714e+06		221.166		156.619		0		1.12453		284.236		
00:00:39:299		6.55724e+06		221.166		156.619		0		1.12453		284.256		
00:00:39:200		6.55733e+06		220.5		156.363		0		1.11836		284.276		
00:00:39:100		6.55742e+06		220.5		156.363		0		1.11836		284.297		
00:00:39:000		6.55752e+06		219.831		156.363		0		1.11836		284.317		
00:00:38:799		6.55775e+06		219.831		156.105		0		1.11218		284.358		
00:00:38:649		6.55784e+06		219.161		155.845		0		1.10598		284.388		
00:00:38:649		6.55784e+06		219.161		155.845		0		1.10598		284.388		
00:00:38:649		6.55784e+06		219.161		155.845		0		1.10598		284.388		
00:00:38:549		6.55794e+06		219.161		155.845		0		1.10598		284.408		
00:00:38:450		6.55803e+06		218.49		155.583		0		1.09976		284.428		
00:00:38:350		6.55812e+06		218.49		155.583		0		1.09976		284.448		
00:00:38:250		6.55822e+06		217.816		155.583		0		1.09976		284.469		
00:00:38:049		6.55841e+06		217.816		155.318		0		1.09353		284.509		
00:00:38:049		6.55841e+06		217.816		155.318		0		1.09353		284.509		
00:00:37:950		6.5585e+06		217.141		155.05		0		1.08728		284.529		
00:00:37:750		6.55869e+06		216.464		155.05		0		1.08728		284.569		
00:00:37:750		6.55869e+06		216.464		155.05		0		1.08728		284.569		
00:00:37:549		6.55888e+06		216.464		154.78		0		1.08101		284.61		
00:00:37:549		6.55888e+06		216.464		154.78		0		1.08101		284.61		
00:00:37:399		6.55906e+06		215.785		154.507		0		1.07472		284.64		
00:00:37:399		6.55906e+06		215.785		154.507		0		1.07472		284.64		
00:00:37:250		6.55916e+06		215.104		154.507		0		1.07472		284.67		
00:00:37:149		6.55925e+06		215.104		154.231		0		1.06842		284.691		
00:00:36:950		6.55944e+06		214.421		153.953		0		1.0621		284.731		
00:00:36:950		6.55944e+06		214.421		153.953		0		1.0621		284.731		
00:00:36:750		6.55964e+06		213.736		153.953		0		1.0621		284.772		
00:00:36:649		6.55974e+06		213.736		153.671		0		1.05577		284.792		
00:00:36:649		6.55974e+06		213.736		153.671		0		1.05577		284.792		
00:00:36:549		6.55985e+06		213.736		153.671		0		1.05577		284.813		
00:00:36:450		6.55995e+06		213.05		153.386		0		1.04941		284.833		
00:00:36:350		6.56006e+06		213.05		153.386		0		1.04941		284.854		
00:00:36:250		6.56016e+06		212.361		153.386		0		1.04941		284.874		
00:00:36:149		6.56026e+06		212.361		153.097		0		1.04304		284.895		
00:00:36:049		6.56036e+06		212.361		153.097		0		1.04304		284.915		
00:00:35:950		6.56051e+06		211.671		152.805		0		1.03665		284.936		
00:00:35:700		6.5607e+06		210.978		152.51		0		1.03024		284.988		
00:00:35:700		6.5607e+06		210.978		152.51		0		1.03024		284.988		
00:00:35:600		6.5608e+06		210.978		152.51		0		1.03024		285.008		
00:00:35:500		6.5609e+06		210.284		152.51		0		1.03024		285.029		
00:00:35:399		6.56099e+06		210.284		152.211		0		1.02382		285.05		
00:00:35:299		6.56109e+06		210.284		152.211		0		1.02382		285.071		
00:00:35:200		6.56119e+06		209.588		151.908		0		1.01738		285.092		
00:00:35:100		6.56129e+06		209.588		151.908		0		1.01738		285.113		
00:00:35:000		6.56139e+06		208.89		151.908		0		1.01738		285.134		
00:00:34:850		6.56158e+06		208.89		151.601		0		1.01092		285.166		
00:00:34:750		6.56163e+06		208.19		151.601		0		1.01092		285.187		
00:00:34:750		6.56163e+06		208.19		151.601		0		1.01092		285.187		
00:00:34:649		6.56177e+06		208.19		151.289		0		1.00444		285.208		
00:00:34:500		6.56186e+06		207.488		151.289		0		1.00444		285.24		
00:00:34:399		6.56196e+06		207.488		150.974		0		0.997942		285.261		
00:00:34:299		6.56205e+06		207.488		150.974		0		0.997942		285.283		
00:00:34:200		6.56215e+06		206.784		150.654		0		0.991426		285.304		
00:00:34:100		6.56224e+06		206.784		150.654		0		0.991426		285.326		
00:00:34:000		6.56234e+06		206.078		150.654		0		0.991426		285.347		
00:00:33:799		6.56252e+06		206.078		150.33		0		0.984893		285.39		
00:00:33:700		6.56262e+06		205.369		150		0		0.978341		285.412		
00:00:33:700		6.56262e+06		205.369		150		0		0.978341		285.412		
00:00:33:600		6.56271e+06		205.369		150		0		0.978341		285.434		
00:00:33:500		6.56280e+06		204.659		150		0		0.978341		285.456		
00:00:33:399		6.5629e+06		204.659		149.666		0		0.971772		285.478		
00:00:33:299		6.56299e+06		204.659		149.666		0		0.971772		285.5		
00:00:33:200		6.56309e+06		203.947		149.327		0		0.965185		285.522		
00:00:33:200		6.56309e+06		203.947		149.327		0		0.965185		285.522		
00:00:33:049		6.56323e+06		203.947		149.327		0		0.965185		285.555		
00:00:32:950		6.56332e+06		203.232		148.982		0		0.958578		285.578		
00:00:32:750		6.56351e+06		202.515		148.982		0		0.958578		285.623		
00:00:32:649		6.5636e+06		202.515		148.632		0		0.951952		285.646		
00:00:32:649		6.5636e+06		202.515		148.632		0		0.951952		285.646		
00:00:32:549		6.5637e+06		202.515		148.632		0		0.951952		285.669		
00:00:32:450		6.56379e+06		201.797		148.277		0		0.945305		285.692		
00:00:32:350		6.56389e+06		201.797		148.277		0		0.945305		285.716		
00:00:32:250		6.56398e+06		201.075		148.277		0		0.945305		285.739		
00:00:32:049		6.56417e+06		201.075		147.915		0		0.938642		285.786		
00:00:32:049		6.56417e+06		201.075		147.915		0		0.938642		285.786		
00:00:31:949		6.56426e+06		200.352		147.547		0		0.931957		285.81		
00:00:31:750		6.56445e+06		199.626		147.547		0		0.931957		285.858		
00:00:31:750		6.56445e+06		199.626		147.547		0		0.931957		285.858		
00:00:31:649		6.56454e+06		199.626		147.173		0		0.925252		285.882		
00:00:31:500		6.56468e+06		198.898		147.173		0		0.925252		285.919		
00:00:31:449		6.56478e+06		198.898		146.792		0		0.918527		285.931		
00:00:31:300		6.56487e+06		198.898		146.792		0		0.918527		285.969		
00:00:31:199		6.56497e+06		198.168		146.405		0		0.911782		285.994		
00:00:31:100		6.56506e+06		198.168		146.405		0		0.911782		286.019		
00:00:31:050		6.56511e+06		198.168		146.405		0		0.911782		286.032		
00:00:30:949		6.5652e+06		197.435		146.01		0		0.905015		286.058		
00:00:30:750		6.56539e+06		196.7		146.01		0		0.905015		286.11		
00:00:30:750		6.56539e+06		196.7		146.01		0		0.905015		286.11		
00:00:30:550		6.56558e+06		196.7		145.608		0		0.898227		286.164		
00:00:30:550		6.56558e+06		196.7		145.608		0		0.898227		286.164		
00:00:30:449		6.56567e+06		195.963		145.199		0		0.891417		286.191		
00:00:30:350		6.56577e+06		195.963		145.199		0		0.891417		286.217		
00:00:30:250		6.56591e+06		195.222		144.782		0		0.884584		286.256		
00:00:30:100		6.566e+06		195.222		144.782		0		0.884584		286.283		
00:00:30:000		6.5661e+06		194.479		144.782		0		0.884584		286.31		
00:00:29:899		6.56619e+06		194.479		144.356		0		0.877729		286.338		
00:00:29:800		6.56628e+06		194.479		144.356		0		0.877729		286.365		
00:00:29:699		6.56638e+06		193.734		143.923		0		0.870853		286.392		
00:00:29:600		6.56647e+06		193.734		143.923		0		0.870853		286.42		
00:00:29:500		6.56656e+06		192.985		143.923		0		0.870853		286.447		
00:00:29:399		6.56666e+06		192.985		143.481		0		0.863955		286.475		
00:00:29:300		6.56675e+06		192.985		143.481		0		0.863955		286.502		
00:00:29:199		6.56685e+06		192.234		143.03		0		0.857037		286.53		
00:00:29:100		6.56694e+06		192.234		143.03		0		0.857037		286.558		
00:00:29:000		6.56704e+06		191.481		143.03		0		0.857037		286.586		
00:00:28:750		6.56727e+06		190.725		142.57		0		0.850098		286.657		
00:00:28:649		6.56736e+06		190.725		142.1		0		0.843139		286.685		
00:00:28:649		6.56736e+06		190.725		142.1		0		0.843139		286.685		
00:00:28:649		6.56736e+06		190.725		142.1		0		0.843139		286.685		
00:00:28:449		6.56755e+06		189.966		141.622		0		0.836156		286.742		
00:00:28:449		6.56755e+06		189.966		141.622		0		0.836156		286.742		
00:00:28:350		6.56765e+06		189.966		141.622		0		0.836156		286.771		
00:00:28:250		6.56774e+06		189.205		141.622		0		0.836156		286.8		
00:00:28:149		6.56783e+06		189.205		141.133		0		0.82915		286.829		
00:00:28:000		6.56798e+06		188.441		141.133		0		0.82915		286.873		
00:00:27:800		6.56816e+06		188.441		140.635		0		0.822119		286.931		
00:00:27:800		6.56816e+06		188.441		140.635		0		0.822119		286.931		
00:00:27:699		6.56828e+06		187.674		140.126		0		0.815063		286.961		
00:00:27:550		6.5684e+06		187.674		140.126		0		0.815063		287.005		
00:00:27:550		6.5684e+06		187.674		140.126		0		0.815063		287.005		
00:00:27:449		6.56849e+06		186.904		139.607		0		0.80798		287.035		
00:00:27:350		6.56859e+06		186.904		139.607		0		0.80798		287.065		
00:00:27:250		6.56868e+06		186.13		139.607		0		0.80798		287.095		
00:00:27:149		6.56877e+06		186.13		139.078		0		0.800839		287.125		
00:00:27:050		6.56887e+06		186.13		139.078		0		0.800839		287.155		
00:00:26:949		6.5693e+06		185.352		138.538		0		0.793635		287.186		
00:00:26:750		6.57198e+06		184.57		138.538		0		0.793635		287.247		
00:00:26:750		6.57198e+06		184.57		138.538		0		0.793635		287.247		
00:00:26:550		6.57482e+06		184.57		137.987		0		0.786394		287.308		
00:00:26:550		6.57482e+06		184.57		137.987		0		0.786394		287.308		
00:00:26:449		6.57616e+06		183.785		137.425		0		0.779127		287.339		
00:00:26:350		6.57745e+06		183.785		137.425		0		0.779127		287.371		
00:00:26:250		6.57872e+06		182.997		137.425		0		0.779127		287.402		
00:00:26:149		6.57997e+06		182.997		136.851		0		0.771843		287.434		
00:00:26:050		6.58123e+06		182.997		136.851		0		0.771843		287.465		
00:00:25:949		6.5825e+06		182.208		136.265		0		0.764547		287.497		
00:00:25:850		6.58408e+06		182.208		136.265		0		0.764547		287.529		
00:00:25:750		6.58573e+06		181.417		135.667		0		0.757239		287.561		
00:00:25:600		6.58704e+06		181.417		135.667		0		0.757239		287.61		
00:00:25:500		6.58837e+06		180.626		135.667		0		0.757239		287.642		
00:00:25:399		6.58971e+06		180.626		135.056		0		0.749924		287.675		
00:00:25:300		6.59107e+06		180.626		135.056		0		0.749924		287.708		
00:00:25:199		6.59242e+06		179.833		134.433		0		0.742601		287.741		
00:00:25:100		6.59379e+06		179.833		134.433		0		0.742601		287.775		
00:00:25:000		6.59516e+06		179.039		134.433		0		0.742601		287.808		
00:00:24:899		6.59653e+06		179.039		133.796		0		0.735271		287.842		
00:00:24:800		6.5979e+06		179.039		133.796		0		0.735271		287.876		
00:00:24:750		6.59858e+06		178.244		133.796		0		0.735271		287.893		
00:00:24:600		6.60063e+06		178.244		133.146		0		0.727935		287.944		
00:00:24:500		6.60199e+06		177.449		133.146		0		0.727935		287.979		
00:00:24:399		6.60334e+06		177.449		132.481		0		0.720594		288.014		
00:00:24:300		6.60469e+06		177.449		132.481		0		0.720594		288.049		
00:00:24:199		6.60602e+06		176.652		131.801		0		0.713248		288.084		
00:00:24:100		6.60735e+06		176.652		131.801		0		0.713248		288.12		
00:00:24:000		6.60867e+06		175.855		131.801		0		0.713248		288.156		
00:00:23:899		6.60998e+06		175.855		131.105		0		0.705896		288.192		
00:00:23:800		6.61129e+06		175.855		131.105		0		0.705896		288.228		
00:00:23:699		6.61262e+06		175.056		130.393		0		0.698539		288.265		
00:00:23:600		6.61395e+06		175.056		130.393		0		0.698539		288.301		
00:00:23:500		6.61527e+06		174.257		130.393		0		0.698539		288.339		
00:00:23:399		6.61655e+06		174.257		129.665		0		0.691177		288.376		
00:00:23:300		6.61782e+06		174.257		129.665		0		0.691177		288.414		
00:00:23:199		6.61908e+06		173.457		128.919		0		0.68381		288.452		
00:00:23:050		6.62098e+06		173.457		128.919		0		0.68381		288.51		
00:00:23:050		6.62098e+06		173.457		128.919		0		0.68381		288.51		
00:00:22:750		6.62475e+06		171.855		128.156		0		0.676439		288.627		
00:00:22:750		6.62475e+06		171.855		128.156		0		0.676439		288.627		
00:00:22:649		6.62595e+06		171.855		127.374		0		0.669064		288.667		
00:00:22:649		6.62595e+06		171.855		127.374		0		0.669064		288.667		
00:00:22:550		6.62715e+06		171.855		127.374		0		0.669064		288.707		
00:00:22:449		6.62832e+06		171.052		126.575		0		0.661687		288.747		
00:00:22:350		6.62949e+06		171.052		126.575		0		0.661687		288.788		
00:00:22:250		6.63065e+06		170.25		126.575		0		0.661687		288.829		
00:00:22:149		6.6318e+06		170.25		125.757		0		0.654306		288.87		
00:00:22:050		6.63293e+06		170.25		125.757		0		0.654306		288.912		
00:00:21:800		6.63565e+06		169.446		124.919		0		0.646922		289.018		
00:00:21:699		6.63727e+06		168.642		124.062		0		0.639535		289.061		
00:00:21:699		6.63727e+06		168.642		124.062		0		0.639535		289.061		
00:00:21:550		6.63833e+06		168.642		124.062		0		0.639535		289.127		
00:00:21:550		6.63833e+06		168.642		124.062		0		0.639535		289.127		
00:00:21:449		6.63938e+06		167.837		123.185		0		0.632145		289.171		
00:00:21:350		6.64043e+06		167.837		123.185		0		0.632145		289.217		
00:00:21:250		6.64148e+06		167.031		123.185		0		0.632145		289.263		
00:00:21:149		6.64252e+06		167.031		122.287		0		0.624753		289.309		
00:00:21:050		6.64357e+06		167.031		122.287		0		0.624753		289.355		
00:00:20:949		6.64462e+06		166.224		121.369		0		0.617357		289.402		
00:00:20:750		6.6467e+06		165.417		121.369		0		0.617357		289.497		
00:00:20:750		6.6467e+06		165.417		121.369		0		0.617357		289.497		
00:00:20:649		6.64771e+06		165.417		120.434		0		0.609959		289.545		
00:00:20:550		6.64875e+06		165.417		120.434		0		0.609959		289.594		
00:00:20:449		6.64981e+06		164.609		119.485		0		0.602557		289.643		
00:00:20:350		6.65113e+06		164.609		119.485		0		0.602557		289.692		
00:00:20:199		6.65252e+06		163.801		118.519		0		0.595152		289.768		
00:00:20:100		6.65364e+06		163.801		118.519		0		0.595152		289.818		
00:00:20:000		6.65476e+06		162.992		118.519		0		0.595152		289.87		
00:00:19:899		6.65589e+06		162.992		117.539		0		0.587745		289.921		
00:00:19:800		6.65702e+06		162.992		117.539		0		0.587745		289.973		
00:00:19:699		6.65815e+06		162.182		116.543		0		0.580333		290.026		
00:00:19:600		6.65928e+06		162.182		116.543		0		0.580333		290.079		
00:00:19:500		6.66042e+06		161.37		116.543		0		0.580333		290.133		
00:00:19:449		6.66159e+06		161.37		115.532		0		0.572919		290.187		
00:00:19:300		6.66279e+06		161.37		115.532		0		0.572919		290.242		
00:00:19:199		6.66403e+06		160.558		114.506		0		0.5655		290.298		
00:00:19:100		6.66527e+06		160.558		114.506		0		0.5655		290.354		
00:00:19:000		6.66653e+06		159.746		114.506		0		0.5655		290.41		
00:00:18:899		6.66778e+06		159.746		113.465		0		0.558078		290.467		
00:00:18:800		6.66905e+06		159.746		113.465		0		0.558078		290.525		
00:00:18:699		6.67032e+06		158.932		112.41		0		0.550653		290.583		
00:00:18:600		6.6716e+06		158.932		112.41		0		0.550653		290.641		
00:00:18:500		6.67289e+06		158.117		112.41		0		0.550653		290.7		
00:00:18:399		6.67419e+06		158.117		111.339		0		0.543223		290.76		
00:00:18:300		6.67548e+06		158.117		111.339		0		0.543223		290.82		
00:00:18:199		6.67678e+06		157.302		110.253		0		0.53579		290.88		
00:00:18:100		6.67808e+06		157.302		110.253		0		0.53579		290.941		
00:00:18:000		6.67936e+06		156.486		110.253		0		0.53579		291.003		
00:00:17:899		6.68057e+06		156.486		109.154		0		0.528354		291.065		
00:00:17:800		6.68168e+06		156.486		109.154		0		0.528354		291.128		
00:00:17:699		6.68281e+06		155.669		108.039		0		0.520914		291.192		
00:00:17:600		6.68397e+06		155.669		108.039		0		0.520914		291.256		
00:00:17:500		6.68513e+06		154.851		108.039		0		0.520914		291.321		
00:00:17:399		6.68633e+06		154.851		106.911		0		0.513471		291.386		
00:00:17:250		6.68815e+06		154.032		106.911		0		0.513471		291.486		
00:00:17:250		6.68815e+06		154.032		106.911		0		0.513471		291.486		
00:00:17:149		6.68939e+06		154.032		105.767		0		0.506024		291.553		
00:00:17:050		6.69066e+06		154.032		105.767		0		0.506024		291.621		
00:00:16:750		6.69456e+06		152.391		104.605		0		0.498573		291.83		
00:00:16:750		6.69456e+06		152.391		104.605		0		0.498573		291.83		
00:00:16:649		6.6959e+06		152.391		103.424		0		0.491118		291.901		
00:00:16:649		6.6959e+06		152.391		103.424		0		0.491118		291.901		
00:00:16:550		6.69724e+06		152.391		103.424		0		0.491118		291.973		
00:00:16:449		6.69857e+06		151.57		102.227		0		0.483659		292.045		
00:00:16:250		6.70124e+06		150.747		102.227		0		0.483659		292.193		
00:00:16:250		6.70124e+06		150.747		102.227		0		0.483659		292.193		
00:00:16:149		6.70265e+06		150.747		101.015		0		0.476196		292.268		
00:00:16:050		6.70409e+06		150.747		101.015		0		0.476196		292.344		
00:00:15:949		6.70554e+06		149.924		99.7887		0		0.468729		292.421		
00:00:15:750		6.70851e+06		149.099		99.7887		0		0.468729		292.578		
00:00:15:650		6.71001e+06		149.099		98.549		0		0.461257		292.657		
00:00:15:650		6.71001e+06		149.099		98.549		0		0.461257		292.657		
00:00:15:550		6.71151e+06		149.099		98.549		0		0.461257		292.738		
00:00:15:449		6.71303e+06		148.274		97.2963		0		0.453781		292.818		
00:00:15:349		6.71454e+06		148.274		97.2963		0		0.453781		292.899		
00:00:15:250		6.71631e+06		147.447		97.2963		0		0.453781		292.981		
00:00:15:099		6.71808e+06		147.447		96.0309		0		0.446301		293.106		
00:00:15:000		6.71955e+06		146.619		96.0309		0		0.446301		293.19		
00:00:14:900		6.72112e+06		146.619		94.7535		0		0.438816		293.275		
00:00:14:800		6.72274e+06		146.619		94.7535		0		0.438816		293.361		
00:00:14:699		6.72438e+06		145.79		93.4645		0		0.431327		293.448		
00:00:14:599		6.72603e+06		145.79		93.4645		0		0.431327		293.535		
00:00:14:500		6.72767e+06		144.959		93.4645		0		0.431327		293.624		
00:00:14:400		6.72931e+06		144.959		92.1647		0		0.423832		293.712		
00:00:14:300		6.73096e+06		144.959		92.1647		0		0.423832		293.802		
00:00:14:199		6.73261e+06		144.127		90.8549		0		0.416333		293.891		
00:00:14:099		6.73426e+06		144.127		90.8549		0		0.416333		293.982		
00:00:14:000		6.73594e+06		143.293		90.8549		0		0.416333		294.072		
00:00:13:900		6.73764e+06		143.293		89.536		0		0.408829		294.162		
00:00:13:800		6.73935e+06		143.293		89.536		0		0.408829		294.252		
00:00:13:699		6.74108e+06		142.457		88.209		0		0.40132		294.343		
00:00:13:599		6.74283e+06		142.457		88.209		0		0.40132		294.433		
00:00:13:550		6.74373e+06		142.457		88.209		0		0.40132		294.478		
00:00:13:449		6.74557e+06		141.62		86.875		0		0.393805		294.567		
00:00:13:349		6.74746e+06		141.62		86.875		0		0.393805		294.657		
00:00:13:250		6.74937e+06		140.782		86.875		0		0.393805		294.746		
00:00:13:150		6.75128e+06		140.782		85.5351		0		0.386285		294.835		
00:00:13:000		6.75415e+06		139.943		85.5351		0		0.386285		294.968		
00:00:12:900		6.75607e+06		139.943		84.1901		0		0.37876		295.056		
00:00:12:800		6.758e+06		139.943		84.1901		0		0.37876		295.145		
00:00:12:699		6.75994e+06		139.101		82.8407		0		0.371228		295.234		
00:00:12:599		6.76188e+06		139.101		82.8407		0		0.371228		295.323		
00:00:12:500		6.76384e+06		138.259		82.8407		0		0.371228		295.412		
00:00:12:400		6.76581e+06		138.259		81.4886		0		0.363692		295.502		
00:00:12:300		6.76778e+06		138.259		81.4886		0		0.363692		295.593		
00:00:12:199		6.76975e+06		137.414		80.1356		0		0.356149		295.684		
00:00:12:099		6.77173e+06		137.414		80.1356		0		0.356149		295.775		
00:00:12:000		6.77376e+06		136.569		80.1356		0		0.356149		295.867		
00:00:11:900		6.7758e+06		136.569		78.7839		0		0.348601		295.96		
00:00:11:800		6.77783e+06		136.569		78.7839		0		0.348601		296.054		
00:00:11:699		6.78086e+06		135.722		77.4356		0		0.341047		296.196		
00:00:11:699		6.78086e+06		135.722		77.4356		0		0.341047		296.196		
00:00:11:550		6.78286e+06		135.722		77.4356		0		0.341047		296.292		
00:00:11:449		6.78485e+06		134.873		76.0933		0		0.333488		296.389		
00:00:11:349		6.78681e+06		134.873		76.0933		0		0.333488		296.487		
00:00:11:250		6.78875e+06		134.022		76.0933		0		0.333488		296.586		
00:00:11:150		6.79067e+06		134.022		74.7597		0		0.325923		296.687		
00:00:11:050		6.79257e+06		134.022		74.7597		0		0.325923		296.788		
00:00:10:949		6.79447e+06		133.171		73.4378		0		0.318353		296.892		
00:00:10:750		6.79832e+06		132.318		73.4378		0		0.318353		297.104		
00:00:10:650		6.80031e+06		132.318		72.1308		0		0.310777		297.211		
00:00:10:650		6.80031e+06		132.318		72.1308		0		0.310777		297.211		
00:00:10:550		6.80229e+06		132.318		72.1308		0		0.310777		297.32		
00:00:10:449		6.80425e+06		131.463		70.8419		0		0.303196		297.431		
00:00:10:349		6.80618e+06		131.463		70.8419		0		0.303196		297.54		
00:00:10:250		6.80807e+06		130.607		70.8419		0		0.303196		297.651		
00:00:10:150		6.80994e+06		130.607		69.5746		0		0.29561		297.763		
00:00:10:050		6.81176e+06		130.607		69.5746		0		0.29561		297.877		
00:00:09:949		6.81355e+06		129.749		68.3321		0		0.28802		297.993		
00:00:09:849		6.81531e+06		129.749		68.3321		0		0.28802		298.11		
00:00:09:650		6.81878e+06		128.89		67.1172		0		0.280424		298.348		
00:00:09:650		6.81878e+06		128.89		67.1172		0		0.280424		298.348		
00:00:09:550		6.8205e+06		128.89		67.1172		0		0.280424		298.47		
00:00:09:449		6.82221e+06		128.029		65.9319		0		0.272823		298.594		
00:00:09:349		6.82478e+06		128.029		65.9319		0		0.272823		298.719		
00:00:09:250		6.8265e+06		127.167		65.9319		0		0.272823		298.845		
00:00:09:150		6.82735e+06		127.167		64.7764		0		0.265218		298.974		
00:00:09:000		6.8299e+06		126.304		64.7764		0		0.265218		299.169		
00:00:08:900		6.83156e+06		126.304		63.6462		0		0.257608		299.302		
00:00:08:800		6.83318e+06		126.304		63.6462		0		0.257608		299.436		
00:00:08:699		6.83478e+06		125.44		62.5267		0		0.249995		299.571		
00:00:08:599		6.83633e+06		125.44		62.5267		0		0.249995		299.707		
00:00:08:500		6.83784e+06		124.575		62.5267		0		0.249995		299.846		
00:00:08:400		6.83931e+06		124.575		61.4161		0		0.242377		299.987		
00:00:08:300		6.84073e+06		124.575		61.4161		0		0.242377		300.129		
00:00:08:199		6.84211e+06		123.71		60.3149		0		0.234755		300.274		
00:00:08:099		6.84346e+06		123.71		60.3149		0		0.234755		300.42		
00:00:08:000		6.8448e+06		122.843		60.3149		0		0.234755		300.568		
00:00:07:900		6.84619e+06		122.843		59.2234		0		0.22713		300.718		
00:00:07:799		6.84764e+06		122.843		59.2234		0		0.22713		300.868		
00:00:07:700		6.84902e+06		121.977		58.142		0		0.219502		301.019		
00:00:07:599		6.85031e+06		121.977		58.142		0		0.219502		301.172		
00:00:07:500		6.85152e+06		121.111		58.142		0		0.219502		301.328		
00:00:07:400		6.85264e+06		121.111		57.0712		0		0.211871		301.486		
00:00:07:299		6.85368e+06		121.111		57.0712		0		0.211871		301.646		
00:00:07:200		6.85465e+06		120.245		56.0113		0		0.204238		301.809		
00:00:07:099		6.85554e+06		120.245		56.0113		0		0.204238		301.974		
00:00:07:000		6.85636e+06		119.38		56.0113		0		0.204238		302.141		
00:00:06:849		6.85741e+06		119.38		54.9627		0		0.196603		302.396		
00:00:06:849		6.85741e+06		119.38		54.9627		0		0.196603		302.396		
00:00:06:700		6.85826e+06		118.517		53.926		0		0.188968		302.654		
00:00:06:549		6.85897e+06		118.517		53.926		0		0.188968		302.917		
00:00:06:549		6.85897e+06		118.517		53.926		0		0.188968		302.917		
00:00:06:450		6.85936e+06		117.656		52.9016		0		0.181332		303.096		
00:00:06:349		6.8597e+06		117.656		52.9016		0		0.181332		303.277		
00:00:06:200		6.86007e+06		116.797		51.8902		0		0.173696		303.55		
00:00:06:200		6.86007e+06		116.797		51.8902		0		0.173696		303.55		
00:00:05:950		6.86e+06		115.942		50.8924		0		0.166061		304.012		
00:00:05:950		6.86e+06		115.942		50.8924		0		0.166061		304.012		
00:00:05:849		6.85981e+06		115.942		50.8924		0		0.166061		304.201		
00:00:05:650		6.85909e+06		115.091		49.909		0		0.158428		304.586		
00:00:05:650		6.85909e+06		115.091		49.909		0		0.158428		304.586		
00:00:05:450		6.85798e+06		114.244		48.9406		0		0.150798		304.979		
00:00:05:450		6.85798e+06		114.244		48.9406		0		0.150798		304.979		
00:00:05:349		6.85729e+06		114.244		48.9406		0		0.150798		305.177		
00:00:05:250		6.85651e+06		113.403		48.9406		0		0.150798		305.376		
00:00:05:150		6.85564e+06		113.403		47.9883		0		0.14317		305.577		
00:00:05:049		6.85469e+06		113.403		47.9883		0		0.14317		305.779		
00:00:04:849		6.85251e+06		112.569		47.0535		0		0.135546		306.182		
00:00:04:849		6.85251e+06		112.569		47.0535		0		0.135546		306.182		
00:00:04:650		6.84997e+06		111.743		46.1389		0		0.127927		306.589		
00:00:04:650		6.84997e+06		111.743		46.1389		0		0.127927		306.589		
00:00:04:549		6.84856e+06		111.743		46.1389		0		0.127927		306.794		
00:00:04:450		6.84706e+06		110.926		45.2491		0		0.120313		306.998		
00:00:04:349		6.84548e+06		110.926		45.2491		0		0.120313		307.202		
00:00:04:250		6.84382e+06		110.12		45.2491		0		0.120313		307.406		
00:00:04:049		6.84055e+06		110.12		44.3934		0		0.112704		307.807		
00:00:04:049		6.84055e+06		110.12		44.3934		0		0.112704		307.807		
00:00:03:899		6.83896e+06		109.325		43.5737		0		0.105096		308.099		
00:00:03:700		6.83968e+06		108.543		42.7913		0		0.0974903		308.468		
00:00:03:600		6.83958e+06		108.543		42.7913		0		0.0974903		308.641		
00:00:03:600		6.83958e+06		108.543		42.7913		0		0.0974903		308.641		
00:00:03:500		6.83902e+06		107.777		42.7913		0		0.0974903		308.806		
00:00:03:399		6.83805e+06		107.777		42.0477		0		0.0898901		308.962		
00:00:03:299		6.83671e+06		107.777		42.0477		0		0.0898901		309.108		
00:00:03:200		6.83504e+06		107.029		41.3438		0		0.0822978		309.242		
00:00:03:149		6.83406e+06		107.029		41.3438		0		0.0822978		309.304		
00:00:03:049		6.83184e+06		107.029		41.3438		0		0.0822978		309.416		
00:00:02:950		6.82888e+06		106.299		40.6804		0		0.0747258		309.513		
00:00:02:750		6.8133e+06		105.592		40.6804		0		0.0747258		309.661		
00:00:02:649		6.78988e+06		105.592		40.0577		0		0.0672465		309.713		
00:00:02:649		6.78988e+06		105.592		40.0577		0		0.0672465		309.713		
00:00:02:500		6.71757e+06		104.909		40.0577		0		0.0672465		309.769		
00:00:02:399		6.6972e+06		104.909		39.475		0		0.0598252		309.793		
00:00:02:299		6.6738e+06		104.909		39.475		0		0.0598252		309.811		
00:00:02:200		6.66087e+06		104.253		38.9319		0		0.0524008		309.823		
00:00:02:100		6.66238e+06		104.253		38.9319		0		0.0524008		309.832		
00:00:02:000		6.66982e+06		103.626		38.9319		0		0.0524008		309.837		
00:00:01:899		6.67601e+06		103.626		38.4286		0		0.0449614		309.841		
00:00:01:800		6.68044e+06		103.626		38.4286		0		0.0449614		309.842		
00:00:01:699		6.68411e+06		103.031		37.9654		0		0.0375108		309.841		
00:00:01:600		6.68781e+06		103.031		37.9654		0		0.0375108		309.841		
00:00:01:500		6.69154e+06		102.473		37.9654		0		0.0375108		309.841		
00:00:01:399		6.69534e+06		102.473		37.5418		0		0.0300492		309.841		
00:00:01:300		6.69928e+06		102.473		37.5418		0		0.0300492		309.842		
00:00:01:199		6.7046e+06		101.956		37.1573		0		0.0225706		309.843		
00:00:01:100		6.70814e+06		101.956		37.1573		0		0.0225706		309.844		
00:00:01:100		6.70814e+06		101.956		37.1573		0		0.0225706		309.844		
00:00:00:849		6.72112e+06		101.485		36.8174		0		0.0150744		309.845		
00:00:00:849		6.72112e+06		101.485		36.8174		0		0.0150744		309.845		
00:00:00:699		6.73055e+06		101.069		36.5364		0		0.00755659		309.846		
00:00:00:599		6.73816e+06		101.069		36.5364		0		0.00755659		309.846		
00:00:00:500		6.75345e+06		100.633		36.3834		0		0		309.846		
00:00:00:500		6.75345e+06		100.633		36.3834		0		0		309.846		
00:00:00:349		6.76844e+06		100.633		36.3834		0		0		309.846		
00:00:00:250		6.79135e+06		100.069		36.3834		0		0		309.846		
00:00:00:149		6.83115e+06		100.069		36.3837		0		0		309.846		
00:00:00:050		6.83115e+06		100.069		36.3837		0		0		309.846		
00:00:00:000		6.83115e+06		100.069		36.3837		0		0		309.846		
00:00:00:000		6.83115e+06		100.069		36.3837		0		0		309.846		
00:00:00:000		6.83115e+06		100.069		36.3837		0		0		309.846		
00:00:00:000		6.83115e+06		100.069		36.3837		0		0		309.846		
00:00:00:000		6.83115e+06		100.069		36.3837		0		0		309.846		
