	time 		gpv001pnt10113ppntm	evf507ety101mpzoyout	chtcon(1)	chavg(1)	chlhsumpa	rcptavgn	
00:01:04:450		6.92102e+06		165.313		130.569		0		0.601905		288.391		
00:01:04:349		6.92152e+06		165.313		130.569		0		0.601905		288.397		
00:01:04:250		6.92203e+06		165.058		130.569		0		0.601905		288.404		
00:01:04:099		6.9228e+06		165.058		130.425		0		0.599512		288.413		
00:01:04:000		6.9233e+06		164.802		130.425		0		0.599512		288.42		
00:01:03:899		6.92381e+06		164.802		130.279		0		0.597119		288.426		
00:01:03:799		6.92431e+06		164.802		130.279		0		0.597119		288.433		
00:01:03:700		6.92480e+06		164.546		130.132		0		0.594725		288.439		
00:01:03:600		6.9253e+06		164.546		130.132		0		0.594725		288.446		
00:01:03:500		6.9258e+06		164.291		130.132		0		0.594725		288.452		
00:01:03:399		6.9263e+06		164.291		129.983		0		0.592331		288.459		
00:01:03:399		6.9263e+06		164.291		129.983		0		0.592331		288.459		
00:01:03:299		6.92679e+06		164.291		129.983		0		0.592331		288.465		
00:01:03:200		6.92729e+06		164.035		129.832		0		0.589937		288.472		
00:01:03:100		6.92777e+06		164.035		129.832		0		0.589937		288.478		
00:01:03:000		6.92827e+06		163.779		129.832		0		0.589937		288.485		
00:01:02:899		6.92875e+06		163.779		129.679		0		0.587542		288.492		
00:01:02:799		6.92924e+06		163.779		129.679		0		0.587542		288.499		
00:01:02:649		6.92997e+06		163.523		129.525		0		0.585147		288.509		
00:01:02:450		6.93093e+06		163.267		129.368		0		0.582751		288.522		
00:01:02:399		6.93117e+06		163.267		129.368		0		0.582751		288.526		
00:01:02:399		6.93117e+06		163.267		129.368		0		0.582751		288.526		
00:01:02:250		6.93188e+06		163.011		129.368		0		0.582751		288.536		
00:01:02:149		6.93236e+06		163.011		129.21		0		0.580355		288.543		
00:01:02:049		6.93283e+06		163.011		129.21		0		0.580355		288.55		
00:01:01:950		6.93329e+06		162.755		129.049		0		0.577958		288.557		
00:01:01:850		6.93374e+06		162.755		129.049		0		0.577958		288.564		
00:01:01:750		6.93423e+06		162.498		129.049		0		0.577958		288.571		
00:01:01:649		6.9347e+06		162.498		128.886		0		0.575562		288.578		
00:01:01:549		6.93516e+06		162.498		128.886		0		0.575562		288.585		
00:01:01:450		6.93562e+06		162.242		128.722		0		0.573165		288.592		
00:01:01:350		6.93607e+06		162.242		128.722		0		0.573165		288.599		
00:01:01:250		6.93652e+06		161.986		128.722		0		0.573165		288.607		
00:01:01:149		6.93698e+06		161.986		128.555		0		0.570767		288.614		
00:01:01:049		6.93743e+06		161.986		128.555		0		0.570767		288.621		
00:01:00:950		6.93788e+06		161.729		128.386		0		0.568369		288.628		
00:01:00:850		6.93833e+06		161.729		128.386		0		0.568369		288.636		
00:01:00:750		6.93876e+06		161.472		128.386		0		0.568369		288.643		
00:01:00:649		6.93922e+06		161.472		128.214		0		0.565971		288.651		
00:01:00:549		6.93965e+06		161.472		128.214		0		0.565971		288.658		
00:01:00:450		6.94008e+06		161.216		128.041		0		0.563572		288.666		
00:01:00:350		6.94052e+06		161.216		128.041		0		0.563572		288.673		
00:01:00:250		6.94096e+06		160.959		128.041		0		0.563572		288.681		
00:01:00:149		6.94138e+06		160.959		127.865		0		0.561173		288.689		
00:01:00:000		6.94202e+06		160.702		127.865		0		0.561173		288.7		
00:00:59:950		6.94223e+06		160.702		127.687		0		0.558774		288.704		
00:00:59:850		6.94266e+06		160.702		127.687		0		0.558774		288.712		
00:00:59:750		6.94307e+06		160.445		127.687		0		0.558774		288.72		
00:00:59:649		6.94348e+06		160.445		127.506		0		0.556374		288.728		
00:00:59:549		6.9439e+06		160.445		127.506		0		0.556374		288.736		
00:00:59:450		6.94431e+06		160.188		127.323		0		0.553974		288.744		
00:00:59:350		6.94472e+06		160.188		127.323		0		0.553974		288.752		
00:00:59:250		6.94512e+06		159.931		127.323		0		0.553974		288.76		
00:00:59:149		6.94551e+06		159.931		127.138		0		0.551574		288.768		
00:00:59:049		6.94592e+06		159.931		127.138		0		0.551574		288.776		
00:00:59:049		6.94592e+06		159.931		127.138		0		0.551574		288.776		
00:00:58:850		6.9467e+06		159.674		126.949		0		0.549174		288.792		
00:00:58:750		6.94709e+06		159.417		126.949		0		0.549174		288.8		
00:00:58:750		6.94709e+06		159.417		126.949		0		0.549174		288.8		
00:00:58:649		6.94748e+06		159.417		126.759		0		0.546773		288.809		
00:00:58:450		6.94823e+06		159.16		126.565		0		0.544372		288.825		
00:00:58:450		6.94823e+06		159.16		126.565		0		0.544372		288.825		
00:00:58:350		6.94861e+06		159.16		126.565		0		0.544372		288.833		
00:00:58:149		6.94934e+06		158.902		126.369		0		0.54197		288.85		
00:00:58:049		6.94934e+06		158.902		126.369		0		0.54197		288.85		
00:00:58:049		6.9497e+06		158.902		126.369		0		0.54197		288.858		
00:00:57:950		6.95007e+06		158.645		126.17		0		0.539568		288.867		
00:00:57:850		6.95042e+06		158.645		126.17		0		0.539568		288.875		
00:00:57:750		6.95077e+06		158.387		126.17		0		0.539568		288.884		
00:00:57:649		6.95112e+06		158.387		125.968		0		0.537166		288.892		
00:00:57:450		6.9518e+06		158.13		125.763		0		0.534764		288.909		
00:00:57:450		6.9518e+06		158.13		125.763		0		0.534764		288.909		
00:00:57:350		6.95214e+06		158.13		125.763		0		0.534764		288.917		
00:00:57:200		6.95263e+06		157.872		125.555		0		0.532361		288.93		
00:00:57:100		6.95296e+06		157.872		125.555		0		0.532361		288.939		
00:00:57:000		6.95328e+06		157.615		125.555		0		0.532361		288.947		
00:00:56:899		6.95359e+06		157.615		125.344		0		0.529959		288.956		
00:00:56:799		6.9539e+06		157.615		125.344		0		0.529959		288.965		
00:00:56:700		6.95421e+06		157.357		125.129		0		0.527555		288.973		
00:00:56:549		6.95466e+06		157.357		125.129		0		0.527555		288.987		
00:00:56:399		6.9551e+06		157.099		124.911		0		0.525152		289		
00:00:56:399		6.9551e+06		157.099		124.911		0		0.525152		289		
00:00:56:299		6.95539e+06		157.099		124.911		0		0.525152		289.009		
00:00:56:200		6.95567e+06		156.842		124.691		0		0.522749		289.018		
00:00:56:100		6.95595e+06		156.842		124.691		0		0.522749		289.028		
00:00:56:000		6.95622e+06		156.584		124.691		0		0.522749		289.037		
00:00:55:950		6.95636e+06		156.584		124.468		0		0.520345		289.042		
00:00:55:799		6.95676e+06		156.584		124.468		0		0.520345		289.057		
00:00:55:700		6.95702e+06		156.326		124.242		0		0.517941		289.067		
00:00:55:600		6.95727e+06		156.326		124.242		0		0.517941		289.077		
00:00:55:500		6.95752e+06		156.068		124.242		0		0.517941		289.088		
00:00:55:399		6.95776e+06		156.068		124.014		0		0.515537		289.099		
00:00:55:299		6.95801e+06		156.068		124.014		0		0.515537		289.109		
00:00:55:200		6.95827e+06		155.81		123.783		0		0.513133		289.12		
00:00:55:100		6.95854e+06		155.81		123.783		0		0.513133		289.132		
00:00:55:000		6.95882e+06		155.551		123.783		0		0.513133		289.143		
00:00:54:899		6.9591e+06		155.551		123.55		0		0.510728		289.154		
00:00:54:799		6.95938e+06		155.551		123.55		0		0.510728		289.166		
00:00:54:700		6.95965e+06		155.293		123.314		0		0.508323		289.178		
00:00:54:600		6.95992e+06		155.293		123.314		0		0.508323		289.19		
00:00:54:450		6.96029e+06		155.035		123.075		0		0.505918		289.208		
00:00:54:350		6.96053e+06		155.035		123.075		0		0.505918		289.221		
00:00:54:299		6.96064e+06		155.035		123.075		0		0.505918		289.227		
00:00:54:200		6.96087e+06		154.777		122.833		0		0.503513		289.24		
00:00:54:100		6.96109e+06		154.777		122.833		0		0.503513		289.253		
00:00:54:000		6.96129e+06		154.518		122.833		0		0.503513		289.267		
00:00:53:899		6.96149e+06		154.518		122.588		0		0.501108		289.28		
00:00:53:799		6.96167e+06		154.518		122.588		0		0.501108		289.294		
00:00:53:649		6.96192e+06		154.26		122.341		0		0.498702		289.316		
00:00:53:549		6.96207e+06		154.26		122.341		0		0.498702		289.33		
00:00:53:450		6.96221e+06		154.001		122.09		0		0.496297		289.345		
00:00:53:350		6.96234e+06		154.001		122.09		0		0.496297		289.359		
00:00:53:250		6.96245e+06		153.743		122.09		0		0.496297		289.373		
00:00:53:149		6.96254e+06		153.743		121.836		0		0.493891		289.389		
00:00:53:049		6.96262e+06		153.743		121.836		0		0.493891		289.404		
00:00:52:950		6.96269e+06		153.484		121.58		0		0.491486		289.42		
00:00:52:850		6.96275e+06		153.484		121.58		0		0.491486		289.435		
00:00:52:750		6.96279e+06		153.225		121.58		0		0.491486		289.452		
00:00:52:649		6.96282e+06		153.225		121.32		0		0.48908		289.468		
00:00:52:649		6.96282e+06		153.225		121.32		0		0.48908		289.468		
00:00:52:450		6.96285e+06		152.967		121.057		0		0.486675		289.501		
00:00:52:450		6.96285e+06		152.967		121.057		0		0.486675		289.501		
00:00:52:350		6.96284e+06		152.967		121.057		0		0.486675		289.518		
00:00:52:250		6.96282e+06		152.708		121.057		0		0.486675		289.535		
00:00:52:149		6.96278e+06		152.708		120.791		0		0.484269		289.553		
00:00:52:049		6.96273e+06		152.708		120.791		0		0.484269		289.57		
00:00:51:950		6.96264e+06		152.449		120.522		0		0.481864		289.588		
00:00:51:850		6.96252e+06		152.449		120.522		0		0.481864		289.606		
00:00:51:649		6.96222e+06		152.191		120.249		0		0.479458		289.643		
00:00:51:649		6.96222e+06		152.191		120.249		0		0.479458		289.643		
00:00:51:450		6.96185e+06		151.932		119.973		0		0.477053		289.681		
00:00:51:450		6.96185e+06		151.932		119.973		0		0.477053		289.681		
00:00:51:350		6.96165e+06		151.932		119.973		0		0.477053		289.7		
00:00:51:250		6.96143e+06		151.673		119.973		0		0.477053		289.72		
00:00:51:049		6.96095e+06		151.673		119.694		0		0.474648		289.759		
00:00:51:049		6.96095e+06		151.673		119.694		0		0.474648		289.759		
00:00:50:950		6.96069e+06		151.415		119.411		0		0.472243		289.78		
00:00:50:850		6.96042e+06		151.415		119.411		0		0.472243		289.8		
00:00:50:750		6.96013e+06		151.156		119.411		0		0.472243		289.821		
00:00:50:649		6.95983e+06		151.156		119.125		0		0.469839		289.842		
00:00:50:450		6.9592e+06		150.897		118.836		0		0.467435		289.885		
00:00:50:450		6.9592e+06		150.897		118.836		0		0.467435		289.885		
00:00:50:350		6.95885e+06		150.897		118.836		0		0.467435		289.907		
00:00:50:250		6.9585e+06		150.638		118.836		0		0.467435		289.929		
00:00:50:100		6.95795e+06		150.638		118.542		0		0.465031		289.962		
00:00:50:000		6.95758e+06		150.38		118.542		0		0.465031		289.985		
00:00:49:850		6.95701e+06		150.38		118.245		0		0.462627		290.02		
00:00:49:850		6.95701e+06		150.38		118.245		0		0.462627		290.02		
00:00:49:750		6.95661e+06		150.121		118.245		0		0.462627		290.043		
00:00:49:549		6.95579e+06		150.121		117.945		0		0.460224		290.091		
00:00:49:399		6.95516e+06		149.862		117.64		0		0.457821		290.127		
00:00:49:399		6.95516e+06		149.862		117.64		0		0.457821		290.127		
00:00:49:299		6.95471e+06		149.862		117.64		0		0.457821		290.151		
00:00:49:200		6.95426e+06		149.604		117.332		0		0.455419		290.176		
00:00:49:100		6.9538e+06		149.604		117.332		0		0.455419		290.201		
00:00:49:000		6.95335e+06		149.345		117.332		0		0.455419		290.227		
00:00:48:899		6.9529e+06		149.345		117.02		0		0.453016		290.253		
00:00:48:799		6.95245e+06		149.345		117.02		0		0.453016		290.279		
00:00:48:700		6.95199e+06		149.086		116.703		0		0.450615		290.305		
00:00:48:600		6.95154e+06		149.086		116.703		0		0.450615		290.332		
00:00:48:399		6.95063e+06		148.827		116.384		0		0.448213		290.386		
00:00:48:399		6.95063e+06		148.827		116.384		0		0.448213		290.386		
00:00:48:299		6.95018e+06		148.827		116.384		0		0.448213		290.413		
00:00:48:200		6.94972e+06		148.569		116.061		0		0.445812		290.441		
00:00:48:100		6.94927e+06		148.569		116.061		0		0.445812		290.469		
00:00:48:000		6.94881e+06		148.31		116.061		0		0.445812		290.498		
00:00:47:899		6.94834e+06		148.31		115.736		0		0.443411		290.526		
00:00:47:799		6.94785e+06		148.31		115.736		0		0.443411		290.556		
00:00:47:700		6.94735e+06		148.051		115.408		0		0.441011		290.585		
00:00:47:500		6.94631e+06		147.793		115.408		0		0.441011		290.645		
00:00:47:399		6.94582e+06		147.793		115.078		0		0.438611		290.676		
00:00:47:399		6.94582e+06		147.793		115.078		0		0.438611		290.676		
00:00:47:299		6.94533e+06		147.793		115.078		0		0.438611		290.707		
00:00:47:200		6.94489e+06		147.534		114.745		0		0.436212		290.738		
00:00:47:100		6.94445e+06		147.534		114.745		0		0.436212		290.77		
00:00:47:000		6.94401e+06		147.275		114.745		0		0.436212		290.802		
00:00:46:899		6.94358e+06		147.275		114.409		0		0.433812		290.834		
00:00:46:799		6.94314e+06		147.275		114.409		0		0.433812		290.867		
00:00:46:700		6.9427e+06		147.017		114.071		0		0.431414		290.9		
00:00:46:500		6.94184e+06		146.758		114.071		0		0.431414		290.968		
00:00:46:350		6.94121e+06		146.758		113.73		0		0.429015		291.02		
00:00:46:350		6.94121e+06		146.758		113.73		0		0.429015		291.02		
00:00:46:299		6.94101e+06		146.758		113.73		0		0.429015		291.038		
00:00:46:200		6.9406e+06		146.5		113.387		0		0.426617		291.073		
00:00:46:100		6.9402e+06		146.5		113.387		0		0.426617		291.109		
00:00:46:000		6.93980e+06		146.241		113.387		0		0.426617		291.145		
00:00:45:899		6.93942e+06		146.241		113.041		0		0.424219		291.182		
00:00:45:799		6.93904e+06		146.241		113.041		0		0.424219		291.219		
00:00:45:700		6.93866e+06		145.982		112.692		0		0.421821		291.257		
00:00:45:549		6.93811e+06		145.982		112.692		0		0.421821		291.315		
00:00:45:450		6.93775e+06		145.724		112.341		0		0.419424		291.353		
00:00:45:350		6.93739e+06		145.724		112.341		0		0.419424		291.393		
00:00:45:250		6.93704e+06		145.465		112.341		0		0.419424		291.433		
00:00:45:149		6.93669e+06		145.465		111.987		0		0.417027		291.473		
00:00:45:049		6.93634e+06		145.465		111.987		0		0.417027		291.514		
00:00:44:950		6.936e+06		145.206		111.63		0		0.41463		291.555		
00:00:44:850		6.93566e+06		145.206		111.63		0		0.41463		291.597		
00:00:44:750		6.93532e+06		144.948		111.63		0		0.41463		291.639		
00:00:44:649		6.93499e+06		144.948		111.271		0		0.412233		291.681		
00:00:44:549		6.93466e+06		144.948		111.271		0		0.412233		291.724		
00:00:44:450		6.93432e+06		144.689		110.909		0		0.409837		291.768		
00:00:44:450		6.93432e+06		144.689		110.909		0		0.409837		291.768		
00:00:44:250		6.93366e+06		144.43		110.909		0		0.409837		291.856		
00:00:44:149		6.93333e+06		144.43		110.545		0		0.407441		291.902		
00:00:44:149		6.93333e+06		144.43		110.545		0		0.407441		291.902		
00:00:44:049		6.933e+06		144.43		110.545		0		0.407441		291.947		
00:00:43:850		6.93235e+06		144.171		110.178		0		0.405045		292.04		
00:00:43:750		6.93203e+06		143.912		110.178		0		0.405045		292.087		
00:00:43:649		6.9317e+06		143.912		109.808		0		0.402649		292.135		
00:00:43:549		6.93138e+06		143.912		109.808		0		0.402649		292.184		
00:00:43:450		6.93107e+06		143.654		109.435		0		0.400254		292.233		
00:00:43:350		6.93077e+06		143.654		109.435		0		0.400254		292.284		
00:00:43:250		6.93047e+06		143.395		109.435		0		0.400254		292.334		
00:00:43:250		6.93047e+06		143.395		109.435		0		0.400254		292.334		
00:00:43:149		6.93012e+06		143.395		109.06		0		0.397859		292.386		
00:00:43:049		6.92976e+06		143.395		109.06		0		0.397859		292.438		
00:00:42:950		6.92943e+06		143.136		108.682		0		0.395464		292.49		
00:00:42:850		6.92912e+06		143.136		108.682		0		0.395464		292.544		
00:00:42:649		6.92858e+06		142.877		108.302		0		0.393069		292.652		
00:00:42:649		6.92858e+06		142.877		108.302		0		0.393069		292.652		
00:00:42:399		6.92806e+06		142.618		107.919		0		0.390674		292.792		
00:00:42:399		6.92806e+06		142.618		107.919		0		0.390674		292.792		
00:00:42:299		6.92789e+06		142.618		107.919		0		0.390674		292.849		
00:00:42:200		6.92776e+06		142.359		107.534		0		0.38828		292.907		
00:00:42:149		6.92770e+06		142.359		107.534		0		0.38828		292.936		
00:00:42:049		6.92761e+06		142.359		107.534		0		0.38828		292.995		
00:00:41:899		6.9275e+06		142.1		107.146		0		0.385885		293.085		
00:00:41:799		6.92746e+06		142.1		107.146		0		0.385885		293.146		
00:00:41:700		6.92746e+06		141.841		106.756		0		0.383491		293.208		
00:00:41:600		6.92749e+06		141.841		106.756		0		0.383491		293.271		
00:00:41:399		6.92763e+06		141.583		106.364		0		0.381096		293.4		
00:00:41:399		6.92763e+06		141.583		106.364		0		0.381096		293.4		
00:00:41:350		6.92768e+06		141.583		106.364		0		0.381096		293.432		
00:00:41:250		6.9278e+06		141.324		106.364		0		0.381096		293.497		
00:00:41:149		6.92795e+06		141.324		105.969		0		0.378701		293.562		
00:00:41:000		6.92822e+06		141.065		105.969		0		0.378701		293.662		
00:00:40:899		6.92843e+06		141.065		105.573		0		0.376306		293.73		
00:00:40:799		6.92866e+06		141.065		105.573		0		0.376306		293.798		
00:00:40:700		6.92892e+06		140.806		105.174		0		0.37391		293.868		
00:00:40:500		6.92952e+06		140.546		105.174		0		0.37391		294.008		
00:00:40:399		6.92992e+06		140.546		104.774		0		0.371515		294.079		
00:00:40:399		6.92992e+06		140.546		104.774		0		0.371515		294.079		
00:00:40:299		6.93033e+06		140.546		104.774		0		0.371515		294.151		
00:00:40:200		6.93075e+06		140.287		104.371		0		0.369118		294.223		
00:00:40:100		6.93118e+06		140.287		104.371		0		0.369118		294.296		
00:00:40:000		6.93164e+06		140.028		104.371		0		0.369118		294.369		
00:00:39:899		6.93214e+06		140.028		103.967		0		0.366722		294.441		
00:00:39:799		6.93264e+06		140.028		103.967		0		0.366722		294.514		
00:00:39:700		6.93317e+06		139.769		103.56		0		0.364325		294.587		
00:00:39:500		6.93427e+06		139.509		103.56		0		0.364325		294.732		
00:00:39:399		6.93483e+06		139.509		103.149		0		0.361927		294.803		
00:00:39:399		6.93483e+06		139.509		103.149		0		0.361927		294.803		
00:00:39:299		6.93542e+06		139.509		103.149		0		0.361927		294.875		
00:00:39:200		6.93601e+06		139.25		102.734		0		0.359529		294.946		
00:00:39:100		6.93661e+06		139.25		102.734		0		0.359529		295.017		
00:00:39:000		6.93721e+06		138.99		102.734		0		0.359529		295.087		
00:00:38:899		6.93782e+06		138.99		102.315		0		0.357131		295.157		
00:00:38:750		6.9388e+06		138.731		102.315		0		0.357131		295.262		
00:00:38:649		6.93949e+06		138.731		101.891		0		0.354731		295.332		
00:00:38:450		6.9409e+06		138.471		101.462		0		0.352332		295.472		
00:00:38:350		6.94164e+06		138.471		101.462		0		0.352332		295.542		
00:00:38:350		6.94164e+06		138.471		101.462		0		0.352332		295.542		
00:00:38:250		6.94239e+06		138.211		101.462		0		0.352332		295.613		
00:00:38:149		6.94315e+06		138.211		101.029		0		0.349931		295.684		
00:00:38:049		6.9439e+06		138.211		101.029		0		0.349931		295.755		
00:00:37:950		6.94466e+06		137.951		100.592		0		0.34753		295.827		
00:00:37:850		6.94538e+06		137.951		100.592		0		0.34753		295.899		
00:00:37:799		6.94574e+06		137.951		100.592		0		0.34753		295.935		
00:00:37:700		6.94648e+06		137.691		100.15		0		0.345129		296.008		
00:00:37:600		6.94721e+06		137.691		100.15		0		0.345129		296.081		
00:00:37:500		6.94797e+06		137.431		100.15		0		0.345129		296.155		
00:00:37:399		6.9487e+06		137.431		99.703		0		0.342727		296.229		
00:00:37:250		6.94979e+06		137.171		99.703		0		0.342727		296.341		
00:00:37:149		6.95045e+06		137.171		99.2519		0		0.340324		296.416		
00:00:37:049		6.95118e+06		137.171		99.2519		0		0.340324		296.492		
00:00:36:950		6.95191e+06		136.911		98.7962		0		0.337921		296.569		
00:00:36:850		6.95267e+06		136.911		98.7962		0		0.337921		296.649		
00:00:36:750		6.9534e+06		136.651		98.7962		0		0.337921		296.729		
00:00:36:649		6.95408e+06		136.651		98.3361		0		0.335517		296.81		
00:00:36:649		6.95408e+06		136.651		98.3361		0		0.335517		296.81		
00:00:36:450		6.95523e+06		136.39		97.8715		0		0.333113		296.975		
00:00:36:450		6.95523e+06		136.39		97.8715		0		0.333113		296.975		
00:00:36:250		6.95618e+06		136.13		97.8715		0		0.333113		297.146		
00:00:36:250		6.95618e+06		136.13		97.8715		0		0.333113		297.146		
00:00:36:149		6.95656e+06		136.13		97.4022		0		0.330709		297.232		
00:00:36:049		6.95688e+06		136.13		97.4022		0		0.330709		297.32		
00:00:35:850		6.95739e+06		135.87		96.9283		0		0.328305		297.5		
00:00:35:750		6.95761e+06		135.609		96.45		0		0.3259		297.592		
00:00:35:750		6.95761e+06		135.609		96.45		0		0.3259		297.592		
00:00:35:600		6.95785e+06		135.609		96.45		0		0.3259		297.732		
00:00:35:450		6.95798e+06		135.349		95.9675		0		0.323496		297.872		
00:00:35:450		6.95798e+06		135.349		95.9675		0		0.323496		297.872		
00:00:35:350		6.95799e+06		135.349		95.9675		0		0.323496		297.968		
00:00:35:250		6.95796e+06		135.089		95.9675		0		0.323496		298.065		
00:00:35:149		6.95786e+06		135.089		95.4808		0		0.321092		298.164		
00:00:35:049		6.95771e+06		135.089		95.4808		0		0.321092		298.265		
00:00:34:950		6.9575e+06		134.828		94.9901		0		0.318689		298.368		
00:00:34:850		6.95723e+06		134.828		94.9901		0		0.318689		298.472		
00:00:34:750		6.9569e+06		134.568		94.9901		0		0.318689		298.578		
00:00:34:600		6.95629e+06		134.568		94.495		0		0.316285		298.74		
00:00:34:399		6.95525e+06		134.307		93.9956		0		0.313883		298.963		
00:00:34:399		6.95525e+06		134.307		93.9956		0		0.313883		298.963		
00:00:34:299		6.95463e+06		134.307		93.9956		0		0.313883		299.077		
00:00:34:200		6.95395e+06		134.047		93.4918		0		0.311481		299.193		
00:00:34:100		6.95319e+06		134.047		93.4918		0		0.311481		299.312		
00:00:34:000		6.95237e+06		133.787		93.4918		0		0.311481		299.432		
00:00:33:899		6.95147e+06		133.787		92.9836		0		0.309081		299.553		
00:00:33:799		6.95049e+06		133.787		92.9836		0		0.309081		299.676		
00:00:33:700		6.94944e+06		133.527		92.4712		0		0.306681		299.801		
00:00:33:500		6.9471e+06		133.266		92.4712		0		0.306681		300.058		
00:00:33:399		6.94581e+06		133.266		91.9545		0		0.304283		300.19		
00:00:33:399		6.94581e+06		133.266		91.9545		0		0.304283		300.19		
00:00:33:299		6.94447e+06		133.266		91.9545		0		0.304283		300.324		
00:00:33:200		6.94315e+06		133.006		91.4335		0		0.301886		300.46		
00:00:33:100		6.94185e+06		133.006		91.4335		0		0.301886		300.597		
00:00:32:950		6.93971e+06		132.747		90.9085		0		0.29949		300.804		
00:00:32:850		6.93814e+06		132.747		90.9085		0		0.29949		300.944		
00:00:32:799		6.93739e+06		132.747		90.9085		0		0.29949		301.016		
00:00:32:700		6.93568e+06		132.487		90.3794		0		0.297097		301.161		
00:00:32:500		6.93189e+06		132.227		90.3794		0		0.297097		301.458		
00:00:32:399		6.92983e+06		132.227		89.8464		0		0.294705		301.61		
00:00:32:399		6.92983e+06		132.227		89.8464		0		0.294705		301.61		
00:00:32:299		6.92766e+06		132.227		89.8464		0		0.294705		301.766		
00:00:32:149		6.9242e+06		131.968		89.3097		0		0.292316		302.004		
00:00:32:049		6.92175e+06		131.968		89.3097		0		0.292316		302.165		
00:00:32:000		6.92048e+06		131.709		89.3097		0		0.292316		302.247		
00:00:31:850		6.91649e+06		131.709		88.7693		0		0.289929		302.495		
00:00:31:750		6.91368e+06		131.45		88.7693		0		0.289929		302.664		
00:00:31:649		6.91076e+06		131.45		88.2255		0		0.287545		302.835		
00:00:31:550		6.90772e+06		131.45		88.2255		0		0.287545		303.008		
00:00:31:449		6.90458e+06		131.191		87.6784		0		0.285164		303.182		
00:00:31:350		6.90132e+06		131.191		87.6784		0		0.285164		303.358		
00:00:31:350		6.90132e+06		131.191		87.6784		0		0.285164		303.358		
00:00:31:250		6.89796e+06		130.933		87.6784		0		0.285164		303.537		
00:00:31:149		6.89448e+06		130.933		87.1284		0		0.282787		303.719		
00:00:31:050		6.89090e+06		130.933		87.1284		0		0.282787		303.904		
00:00:30:949		6.88722e+06		130.675		86.5756		0		0.280412		304.091		
00:00:30:850		6.88346e+06		130.675		86.5756		0		0.280412		304.28		
00:00:30:750		6.87963e+06		130.417		86.5756		0		0.280412		304.471		
00:00:30:649		6.87576e+06		130.417		86.0203		0		0.278041		304.663		
00:00:30:399		6.8661e+06		130.16		85.4629		0		0.275674		305.151		
00:00:30:399		6.8661e+06		130.16		85.4629		0		0.275674		305.151		
00:00:30:300		6.86222e+06		130.16		85.4629		0		0.275674		305.347		
00:00:30:199		6.8582e+06		129.903		84.9037		0		0.273311		305.544		
00:00:30:100		6.85389e+06		129.903		84.9037		0		0.273311		305.742		
00:00:30:000		6.84955e+06		129.646		84.9037		0		0.273311		305.943		
00:00:29:899		6.84492e+06		129.646		84.343		0		0.270951		306.144		
00:00:29:800		6.84007e+06		129.646		84.343		0		0.270951		306.345		
00:00:29:699		6.83501e+06		129.39		83.7813		0		0.268597		306.544		
00:00:29:600		6.82988e+06		129.39		83.7813		0		0.268597		306.741		
00:00:29:399		6.81956e+06		129.134		83.2191		0		0.266246		307.124		
00:00:29:399		6.81956e+06		129.134		83.2191		0		0.266246		307.124		
00:00:29:350		6.81732e+06		129.134		83.2191		0		0.266246		307.219		
00:00:29:250		6.81318e+06		128.879		83.2191		0		0.266246		307.404		
00:00:29:149		6.80859e+06		128.879		82.6568		0		0.2639		307.586		
00:00:29:050		6.80344e+06		128.879		82.6568		0		0.2639		307.761		
00:00:28:850		6.79169e+06		128.625		82.0949		0		0.261558		308.087		
00:00:28:850		6.79169e+06		128.625		82.0949		0		0.261558		308.087		
00:00:28:699		6.78196e+06		128.371		81.5341		0		0.259223		308.303		
00:00:28:600		6.77533e+06		128.371		81.5341		0		0.259223		308.432		
00:00:28:399		6.76255e+06		128.118		80.9748		0		0.256892		308.643		
00:00:28:399		6.76255e+06		128.118		80.9748		0		0.256892		308.643		
00:00:28:300		6.75563e+06		128.118		80.9748		0		0.256892		308.727		
00:00:28:199		6.74417e+06		127.866		80.4177		0		0.254587		308.795		
00:00:28:100		6.71695e+06		127.866		80.4177		0		0.254587		308.849		
00:00:28:000		6.66831e+06		127.615		80.4177		0		0.254587		308.891		
00:00:27:899		6.64718e+06		127.615		79.8629		0		0.252299		308.922		
00:00:27:800		6.62408e+06		127.615		79.8629		0		0.252299		308.945		
00:00:27:699		6.60797e+06		127.366		79.311		0		0.250015		308.962		
00:00:27:600		6.60599e+06		127.366		79.311		0		0.250015		308.975		
00:00:27:399		6.61284e+06		127.117		78.7628		0		0.247728		308.992		
00:00:27:399		6.61284e+06		127.117		78.7628		0		0.247728		308.992		
00:00:27:300		6.61407e+06		127.117		78.7628		0		0.247728		308.997		
00:00:27:149		6.61474e+06		126.867		78.2198		0		0.245442		309.001		
00:00:27:050		6.6152e+06		126.867		78.2198		0		0.245442		309.004		
00:00:26:949		6.61565e+06		126.618		77.6834		0		0.243154		309.006		
00:00:26:850		6.61611e+06		126.618		77.6834		0		0.243154		309.008		
00:00:26:800		6.61634e+06		126.618		77.6834		0		0.243154		309.009		
00:00:26:649		6.61702e+06		126.369		77.1546		0		0.240867		309.013		
00:00:26:550		6.61748e+06		126.369		77.1546		0		0.240867		309.015		
00:00:26:449		6.61794e+06		126.119		76.634		0		0.238579		309.017		
00:00:26:449		6.61794e+06		126.119		76.634		0		0.238579		309.017		
00:00:26:350		6.6184e+06		126.119		76.634		0		0.238579		309.02		
00:00:26:250		6.61886e+06		125.87		76.634		0		0.238579		309.022		
00:00:26:149		6.61932e+06		125.87		76.1223		0		0.236291		309.024		
00:00:25:949		6.62026e+06		125.62		75.6201		0		0.234002		309.029		
00:00:25:850		6.62072e+06		125.62		75.6201		0		0.234002		309.031		
00:00:25:750		6.62118e+06		125.371		75.6201		0		0.234002		309.033		
00:00:25:649		6.62165e+06		125.371		75.128		0		0.231713		309.035		
00:00:25:550		6.62212e+06		125.371		75.128		0		0.231713		309.038		
00:00:25:449		6.62259e+06		125.121		74.6462		0		0.229423		309.04		
00:00:25:350		6.62306e+06		125.121		74.6462		0		0.229423		309.042		
00:00:25:350		6.62306e+06		125.121		74.6462		0		0.229423		309.042		
00:00:25:250		6.62353e+06		124.872		74.6462		0		0.229423		309.044		
00:00:25:149		6.624e+06		124.872		74.1742		0		0.227133		309.046		
00:00:25:050		6.62448e+06		124.872		74.1742		0		0.227133		309.049		
00:00:24:949		6.62495e+06		124.622		73.7103		0		0.224843		309.051		
00:00:24:850		6.62543e+06		124.622		73.7103		0		0.224843		309.053		
00:00:24:750		6.62591e+06		124.372		73.7103		0		0.224843		309.055		
00:00:24:649		6.62638e+06		124.372		73.2492		0		0.222552		309.057		
00:00:24:449		6.62734e+06		124.122		72.788		0		0.220261		309.062		
00:00:24:449		6.62734e+06		124.122		72.788		0		0.220261		309.062		
00:00:24:300		6.62807e+06		124.122		72.788		0		0.220261		309.065		
00:00:24:199		6.62856e+06		123.872		72.3267		0		0.217969		309.067		
00:00:24:100		6.62904e+06		123.872		72.3267		0		0.217969		309.069		
00:00:24:000		6.62952e+06		123.622		72.3267		0		0.217969		309.071		
00:00:23:899		6.63001e+06		123.622		71.8653		0		0.215677		309.073		
00:00:23:800		6.6305e+06		123.622		71.8653		0		0.215677		309.075		
00:00:23:699		6.63099e+06		123.372		71.4037		0		0.213384		309.077		
00:00:23:600		6.63149e+06		123.372		71.4037		0		0.213384		309.079		
00:00:23:399		6.63247e+06		123.122		70.9418		0		0.211091		309.083		
00:00:23:399		6.63247e+06		123.122		70.9418		0		0.211091		309.083		
00:00:23:300		6.63299e+06		123.122		70.9418		0		0.211091		309.085		
00:00:23:199		6.63348e+06		122.872		70.4796		0		0.208798		309.087		
00:00:23:100		6.63399e+06		122.872		70.4796		0		0.208798		309.089		
00:00:23:000		6.63449e+06		122.621		70.4796		0		0.208798		309.091		
00:00:22:899		6.635e+06		122.621		70.0168		0		0.206504		309.093		
00:00:22:800		6.63551e+06		122.621		70.0168		0		0.206504		309.095		
00:00:22:699		6.63601e+06		122.371		69.5535		0		0.20421		309.097		
00:00:22:600		6.63653e+06		122.371		69.5535		0		0.20421		309.099		
00:00:22:399		6.63756e+06		122.12		69.0894		0		0.201915		309.102		
00:00:22:399		6.63756e+06		122.12		69.0894		0		0.201915		309.102		
00:00:22:300		6.63808e+06		122.12		69.0894		0		0.201915		309.104		
00:00:22:199		6.6386e+06		121.869		68.6245		0		0.19962		309.105		
00:00:22:100		6.63912e+06		121.869		68.6245		0		0.19962		309.107		
00:00:22:000		6.63965e+06		121.619		68.6245		0		0.19962		309.109		
00:00:21:899		6.64018e+06		121.619		68.1587		0		0.197324		309.11		
00:00:21:800		6.6407e+06		121.619		68.1587		0		0.197324		309.112		
00:00:21:699		6.64123e+06		121.368		67.6918		0		0.195028		309.114		
00:00:21:449		6.64256e+06		121.117		67.2237		0		0.192731		309.117		
00:00:21:350		6.6431e+06		121.117		67.2237		0		0.192731		309.119		
00:00:21:350		6.6431e+06		121.117		67.2237		0		0.192731		309.119		
00:00:21:250		6.64364e+06		120.865		67.2237		0		0.192731		309.12		
00:00:21:149		6.64419e+06		120.865		66.7543		0		0.190434		309.121		
00:00:21:050		6.64473e+06		120.865		66.7543		0		0.190434		309.123		
00:00:20:949		6.64528e+06		120.614		66.2835		0		0.188136		309.124		
00:00:20:850		6.64583e+06		120.614		66.2835		0		0.188136		309.125		
00:00:20:750		6.64638e+06		120.362		66.2835		0		0.188136		309.126		
00:00:20:649		6.64692e+06		120.362		65.8112		0		0.185838		309.128		
00:00:20:649		6.64692e+06		120.362		65.8112		0		0.185838		309.128		
00:00:20:449		6.64803e+06		120.111		65.3376		0		0.183539		309.13		
00:00:20:449		6.64803e+06		120.111		65.3376		0		0.183539		309.13		
00:00:20:350		6.64859e+06		120.111		65.3376		0		0.183539		309.131		
00:00:20:250		6.64917e+06		119.859		65.3376		0		0.183539		309.133		
00:00:20:149		6.64973e+06		119.859		64.8628		0		0.18124		309.134		
00:00:19:949		6.65086e+06		119.607		64.3874		0		0.178941		309.137		
00:00:19:949		6.65086e+06		119.607		64.3874		0		0.178941		309.137		
00:00:19:850		6.65144e+06		119.607		64.3874		0		0.178941		309.138		
00:00:19:649		6.65258e+06		119.355		63.912		0		0.17664		309.141		
00:00:19:550		6.65316e+06		119.355		63.912		0		0.17664		309.143		
00:00:19:449		6.65374e+06		119.103		63.4367		0		0.17434		309.144		
00:00:19:449		6.65374e+06		119.103		63.4367		0		0.17434		309.144		
00:00:19:350		6.65432e+06		119.103		63.4367		0		0.17434		309.146		
00:00:19:250		6.65491e+06		118.851		63.4367		0		0.17434		309.147		
00:00:19:149		6.65548e+06		118.851		62.9615		0		0.172039		309.149		
00:00:19:050		6.65607e+06		118.851		62.9615		0		0.172039		309.151		
00:00:18:949		6.65667e+06		118.598		62.4865		0		0.169737		309.152		
00:00:18:850		6.65726e+06		118.598		62.4865		0		0.169737		309.154		
00:00:18:699		6.65815e+06		118.346		62.0117		0		0.167435		309.156		
00:00:18:600		6.65875e+06		118.346		62.0117		0		0.167435		309.158		
00:00:18:399		6.65994e+06		118.093		61.5374		0		0.165132		309.162		
00:00:18:399		6.65994e+06		118.093		61.5374		0		0.165132		309.162		
00:00:18:300		6.66054e+06		118.093		61.5374		0		0.165132		309.164		
00:00:18:199		6.66115e+06		117.84		61.0634		0		0.162828		309.165		
00:00:18:100		6.66176e+06		117.84		61.0634		0		0.162828		309.167		
00:00:18:050		6.66206e+06		117.84		61.0634		0		0.162828		309.168		
00:00:17:899		6.66298e+06		117.587		60.5901		0		0.160525		309.172		
00:00:17:800		6.66359e+06		117.587		60.5901		0		0.160525		309.174		
00:00:17:699		6.6642e+06		117.334		60.1173		0		0.15822		309.176		
00:00:17:600		6.66481e+06		117.334		60.1173		0		0.15822		309.178		
00:00:17:399		6.66605e+06		117.081		59.6453		0		0.155915		309.182		
00:00:17:399		6.66605e+06		117.081		59.6453		0		0.155915		309.182		
00:00:17:300		6.66667e+06		117.081		59.6453		0		0.155915		309.185		
00:00:17:199		6.6673e+06		116.827		59.1741		0		0.15361		309.187		
00:00:17:100		6.66793e+06		116.827		59.1741		0		0.15361		309.189		
00:00:17:000		6.66855e+06		116.574		59.1741		0		0.15361		309.192		
00:00:16:899		6.66919e+06		116.574		58.7038		0		0.151304		309.194		
00:00:16:800		6.66981e+06		116.574		58.7038		0		0.151304		309.197		
00:00:16:699		6.67044e+06		116.32		58.2345		0		0.148997		309.199		
00:00:16:600		6.67108e+06		116.32		58.2345		0		0.148997		309.202		
00:00:16:399		6.67235e+06		116.066		57.7664		0		0.14669		309.207		
00:00:16:399		6.67235e+06		116.066		57.7664		0		0.14669		309.207		
00:00:16:300		6.67299e+06		116.066		57.7664		0		0.14669		309.21		
00:00:16:199		6.67363e+06		115.812		57.2994		0		0.144382		309.213		
00:00:16:100		6.67427e+06		115.812		57.2994		0		0.144382		309.216		
00:00:16:000		6.67491e+06		115.558		57.2994		0		0.144382		309.219		
00:00:15:900		6.67556e+06		115.558		56.8338		0		0.142074		309.222		
00:00:15:750		6.67652e+06		115.304		56.8338		0		0.142074		309.227		
00:00:15:650		6.67718e+06		115.304		56.3695		0		0.139765		309.23		
00:00:15:550		6.67783e+06		115.304		56.3695		0		0.139765		309.233		
00:00:15:449		6.67848e+06		115.049		55.9068		0		0.137455		309.236		
00:00:15:349		6.67913e+06		115.049		55.9068		0		0.137455		309.239		
00:00:15:250		6.67978e+06		114.794		55.9068		0		0.137455		309.243		
00:00:15:150		6.68043e+06		114.794		55.4457		0		0.135145		309.246		
00:00:15:050		6.68108e+06		114.794		55.4457		0		0.135145		309.249		
00:00:14:949		6.68175e+06		114.539		54.9862		0		0.132835		309.253		
00:00:14:849		6.68242e+06		114.539		54.9862		0		0.132835		309.257		
00:00:14:750		6.68308e+06		114.284		54.9862		0		0.132835		309.26		
00:00:14:650		6.68374e+06		114.284		54.5286		0		0.130523		309.264		
00:00:14:449		6.68507e+06		114.029		54.0729		0		0.128212		309.272		
00:00:14:349		6.68573e+06		114.029		54.0729		0		0.128212		309.276		
00:00:14:349		6.68573e+06		114.029		54.0729		0		0.128212		309.276		
00:00:14:250		6.6864e+06		113.774		54.0729		0		0.128212		309.28		
00:00:14:150		6.68707e+06		113.774		53.6192		0		0.125899		309.284		
00:00:14:150		6.68707e+06		113.774		53.6192		0		0.125899		309.284		
00:00:14:050		6.68773e+06		113.774		53.6192		0		0.125899		309.288		
00:00:13:949		6.6884e+06		113.518		53.1677		0		0.123586		309.292		
00:00:13:750		6.68976e+06		113.263		53.1677		0		0.123586		309.3		
00:00:13:699		6.69009e+06		113.263		52.7183		0		0.121273		309.302		
00:00:13:449		6.69178e+06		113.007		52.2713		0		0.118958		309.313		
00:00:13:449		6.69178e+06		113.007		52.2713		0		0.118958		309.313		
00:00:13:349		6.69246e+06		113.007		52.2713		0		0.118958		309.318		
00:00:13:250		6.69314e+06		112.751		52.2713		0		0.118958		309.322		
00:00:13:250		6.69314e+06		112.751		52.2713		0		0.118958		309.322		
00:00:13:150		6.69382e+06		112.751		51.8267		0		0.116644		309.327		
00:00:13:050		6.6945e+06		112.751		51.8267		0		0.116644		309.332		
00:00:12:849		6.69586e+06		112.495		51.3846		0		0.114328		309.342		
00:00:12:750		6.69655e+06		112.238		51.3846		0		0.114328		309.347		
00:00:12:650		6.69723e+06		112.238		50.9452		0		0.112012		309.352		
00:00:12:550		6.69792e+06		112.238		50.9452		0		0.112012		309.358		
00:00:12:449		6.6986e+06		111.982		50.5085		0		0.109695		309.363		
00:00:12:449		6.6986e+06		111.982		50.5085		0		0.109695		309.363		
00:00:12:250		6.69999e+06		111.725		50.5085		0		0.109695		309.374		
00:00:12:150		6.70068e+06		111.725		50.0746		0		0.107378		309.38		
00:00:12:150		6.70068e+06		111.725		50.0746		0		0.107378		309.38		
00:00:12:050		6.70137e+06		111.725		50.0746		0		0.107378		309.385		
00:00:11:949		6.70206e+06		111.469		49.6437		0		0.10506		309.391		
00:00:11:849		6.70275e+06		111.469		49.6437		0		0.10506		309.397		
00:00:11:750		6.70346e+06		111.212		49.6437		0		0.10506		309.403		
00:00:11:650		6.70415e+06		111.212		49.2158		0		0.102742		309.409		
00:00:11:449		6.70555e+06		110.955		48.791		0		0.100423		309.424		
00:00:11:300		6.70661e+06		110.955		48.791		0		0.100423		309.43		
00:00:11:300		6.70661e+06		110.955		48.791		0		0.100423		309.43		
00:00:11:199		6.70731e+06		110.698		48.3695		0		0.0981029		309.436		
00:00:11:099		6.70802e+06		110.698		48.3695		0		0.0981029		309.442		
00:00:11:000		6.70872e+06		110.44		48.3695		0		0.0981029		309.448		
00:00:10:900		6.70943e+06		110.44		47.9513		0		0.0957826		309.454		
00:00:10:800		6.71014e+06		110.44		47.9513		0		0.0957826		309.46		
00:00:10:699		6.71086e+06		110.183		47.5366		0		0.0934616		309.467		
00:00:10:599		6.71156e+06		110.183		47.5366		0		0.0934616		309.473		
00:00:10:500		6.71228e+06		109.926		47.5366		0		0.0934616		309.479		
00:00:10:400		6.713e+06		109.926		47.1254		0		0.0911399		309.486		
00:00:10:300		6.71372e+06		109.926		47.1254		0		0.0911399		309.492		
00:00:10:199		6.71444e+06		109.668		46.7179		0		0.0888176		309.498		
00:00:10:099		6.71517e+06		109.668		46.7179		0		0.0888176		309.505		
00:00:10:000		6.71589e+06		109.41		46.7179		0		0.0888176		309.511		
00:00:09:900		6.71662e+06		109.41		46.3142		0		0.0864947		309.518		
00:00:09:800		6.71735e+06		109.41		46.3142		0		0.0864947		309.525		
00:00:09:699		6.71808e+06		109.152		45.9142		0		0.0841711		309.531		
00:00:09:599		6.71882e+06		109.152		45.9142		0		0.0841711		309.538		
00:00:09:400		6.7203e+06		108.894		45.5182		0		0.0818469		309.551		
00:00:09:400		6.7203e+06		108.894		45.5182		0		0.0818469		309.551		
00:00:09:300		6.72104e+06		108.894		45.5182		0		0.0818469		309.558		
00:00:09:199		6.72178e+06		108.636		45.1261		0		0.079522		309.564		
00:00:09:099		6.72253e+06		108.636		45.1261		0		0.079522		309.571		
00:00:09:000		6.72328e+06		108.378		45.1261		0		0.079522		309.577		
00:00:08:900		6.72403e+06		108.378		44.738		0		0.0771964		309.584		
00:00:08:800		6.72479e+06		108.378		44.738		0		0.0771964		309.591		
00:00:08:699		6.72555e+06		108.119		44.3541		0		0.0748702		309.597		
00:00:08:550		6.72669e+06		108.119		44.3541		0		0.0748702		309.607		
00:00:08:400		6.72785e+06		107.861		43.9744		0		0.0725432		309.617		
00:00:08:400		6.72785e+06		107.861		43.9744		0		0.0725432		309.617		
00:00:08:300		6.72862e+06		107.861		43.9744		0		0.0725432		309.624		
00:00:08:199		6.7294e+06		107.602		43.5992		0		0.0702156		309.63		
00:00:08:099		6.73017e+06		107.602		43.5992		0		0.0702156		309.637		
00:00:08:000		6.73096e+06		107.343		43.5992		0		0.0702156		309.643		
00:00:07:900		6.73174e+06		107.343		43.2291		0		0.0678872		309.649		
00:00:07:799		6.73253e+06		107.343		43.2291		0		0.0678872		309.656		
00:00:07:700		6.73333e+06		107.085		42.8652		0		0.0655582		309.662		
00:00:07:599		6.73413e+06		107.085		42.8652		0		0.0655582		309.668		
00:00:07:500		6.73493e+06		106.826		42.8652		0		0.0655582		309.674		
00:00:07:400		6.73574e+06		106.826		42.5109		0		0.0632284		309.681		
00:00:07:250		6.73696e+06		106.567		42.5109		0		0.0632284		309.69		
00:00:07:150		6.73778e+06		106.567		42.1662		0		0.0608979		309.696		
00:00:07:049		6.7386e+06		106.567		42.1662		0		0.0608979		309.701		
00:00:06:950		6.73942e+06		106.308		41.8311		0		0.0585667		309.707		
00:00:06:849		6.74025e+06		106.308		41.8311		0		0.0585667		309.713		
00:00:06:750		6.74109e+06		106.049		41.8311		0		0.0585667		309.719		
00:00:06:650		6.74109e+06		106.049		41.8311		0		0.0585667		309.719		
00:00:06:650		6.74193e+06		106.049		41.5045		0		0.0562347		309.724		
00:00:06:450		6.74361e+06		105.789		41.1867		0		0.053902		309.735		
00:00:06:349		6.74447e+06		105.789		41.1867		0		0.053902		309.74		
00:00:06:349		6.74447e+06		105.789		41.1867		0		0.053902		309.74		
00:00:06:250		6.74533e+06		105.53		41.1867		0		0.053902		309.745		
00:00:06:150		6.74619e+06		105.53		40.8779		0		0.0515685		309.75		
00:00:05:950		6.74792e+06		105.271		40.5781		0		0.0492342		309.76		
00:00:05:950		6.74792e+06		105.271		40.5781		0		0.0492342		309.76		
00:00:05:849		6.7488e+06		105.271		40.5781		0		0.0492342		309.765		
00:00:05:750		6.74968e+06		105.012		40.5781		0		0.0492342		309.77		
00:00:05:650		6.75056e+06		105.012		40.2874		0		0.0468991		309.774		
00:00:05:450		6.75235e+06		104.753		40.0061		0		0.0445632		309.783		
00:00:05:450		6.75235e+06		104.753		40.0061		0		0.0445632		309.783		
00:00:05:299		6.75371e+06		104.753		40.0061		0		0.0445632		309.789		
00:00:05:200		6.75462e+06		104.495		39.7338		0		0.0422265		309.793		
00:00:05:099		6.75553e+06		104.495		39.7338		0		0.0422265		309.797		
00:00:05:000		6.75646e+06		104.236		39.7338		0		0.0422265		309.801		
00:00:04:900		6.75738e+06		104.236		39.4699		0		0.0398889		309.804		
00:00:04:799		6.7583e+06		104.236		39.4699		0		0.0398889		309.808		
00:00:04:700		6.75926e+06		103.978		39.2138		0		0.0375505		309.811		
00:00:04:599		6.7602e+06		103.978		39.2138		0		0.0375505		309.814		
00:00:04:500		6.76116e+06		103.72		39.2138		0		0.0375505		309.817		
00:00:04:400		6.76211e+06		103.72		38.9657		0		0.0352113		309.82		
00:00:04:299		6.76307e+06		103.72		38.9657		0		0.0352113		309.823		
00:00:04:200		6.76405e+06		103.463		38.7255		0		0.0328711		309.825		
00:00:04:099		6.76503e+06		103.463		38.7255		0		0.0328711		309.828		
00:00:04:000		6.76601e+06		103.207		38.7255		0		0.0328711		309.83		
00:00:03:899		6.76701e+06		103.207		38.493		0		0.0305301		309.832		
00:00:03:799		6.76801e+06		103.207		38.493		0		0.0305301		309.834		
00:00:03:700		6.76901e+06		102.952		38.2682		0		0.0281882		309.836		
00:00:03:600		6.77001e+06		102.952		38.2682		0		0.0281882		309.837		
00:00:03:500		6.77102e+06		102.698		38.2682		0		0.0281882		309.839		
00:00:03:399		6.77206e+06		102.698		38.051		0		0.0258454		309.84		
00:00:03:299		6.77308e+06		102.698		38.051		0		0.0258454		309.841		
00:00:03:149		6.77461e+06		102.447		37.8413		0		0.0235016		309.843		
00:00:03:100		6.77512e+06		102.447		37.8413		0		0.0235016		309.843		
00:00:03:000		6.77612e+06		102.198		37.8413		0		0.0235016		309.844		
00:00:02:899		6.77712e+06		102.198		37.639		0		0.0211569		309.845		
00:00:02:799		6.77811e+06		102.198		37.639		0		0.0211569		309.845		
00:00:02:700		6.77909e+06		101.952		37.4442		0		0.0188114		309.846		
00:00:02:600		6.78007e+06		101.952		37.4442		0		0.0188114		309.846		
00:00:02:399		6.78218e+06		101.711		37.2568		0		0.0164648		309.846		
00:00:02:399		6.78218e+06		101.711		37.2568		0		0.0164648		309.846		
00:00:02:250		6.78398e+06		101.476		37.2568		0		0.0164648		309.845		
00:00:02:149		6.78522e+06		101.476		37.0767		0		0.0141171		309.845		
00:00:02:049		6.78649e+06		101.476		37.0767		0		0.0141171		309.845		
00:00:01:949		6.78779e+06		101.248		36.9007		0		0.0117682		309.845		
00:00:01:850		6.78912e+06		101.248		36.9007		0		0.0117682		309.844		
00:00:01:750		6.79049e+06		101.025		36.9007		0		0.0117682		309.845		
00:00:01:750		6.79049e+06		101.025		36.9007		0		0.0117682		309.845		
00:00:01:649		6.79188e+06		101.025		36.7293		0		0.00941805		309.845		
00:00:01:449		6.79479e+06		100.808		36.5669		0		0.0070666		309.845		
00:00:01:350		6.79629e+06		100.808		36.5669		0		0.0070666		309.845		
00:00:01:350		6.79629e+06		100.808		36.5669		0		0.0070666		309.845		
00:00:01:250		6.79783e+06		100.601		36.5669		0		0.0070666		309.846		
00:00:01:149		6.79946e+06		100.601		36.4464		0		0.0047137		309.846		
00:00:01:050		6.80118e+06		100.601		36.4464		0		0.0047137		309.846		
00:00:00:849		6.80539e+06		100.4		36.3952		0		0.00235888		309.846		
00:00:00:849		6.80539e+06		100.4		36.3952		0		0.00235888		309.846		
00:00:00:650		6.8125e+06		100.245		36.3831		0		0		309.846		
00:00:00:450		6.83117e+06		100.069		36.3834		0		0		309.846		
00:00:00:450		6.83117e+06		100.069		36.3834		0		0		309.846		
00:00:00:349		6.83116e+06		100.069		36.3834		0		0		309.846		
00:00:00:349		6.83116e+06		100.069		36.3834		0		0		309.846		
00:00:00:149		6.83116e+06		100.069		36.3837		0		0		309.846		
00:00:00:050		6.83115e+06		100.069		36.3837		0		0		309.846		
00:00:00:050		6.83115e+06		100.069		36.3837		0		0		309.846		
00:00:00:000		6.83115e+06		100.069		36.3837		0		0		309.846		
00:00:00:000		6.83115e+06		100.069		36.3837		0		0		309.846		
00:00:00:000		6.83115e+06		100.069		36.3837		0		0		309.846		
00:00:00:000		6.83115e+06		100.069		36.3837		0		0		309.846		
00:00:00:000		6.83115e+06		100.069		36.3837		0		0		309.846		
