	time 		gpv001pnt10113ppntm	evf507ety101mpzoyout	chtcon(1)	chavg(1)	chlhsumpa	rcptavgn	
00:01:02:200		1.48312e+06		297.901		131.15		0		3		266.925		
00:01:02:200		1.48312e+06		297.901		131.15		0		3		266.925		
00:01:02:100		1.48313e+06		297.901		131.15		0		3		266.982		
00:01:02:000		1.48314e+06		297.532		131.15		0		3		267.037		
00:01:01:899		1.48315e+06		297.532		131.156		0		3		267.093		
00:01:01:799		1.48316e+06		297.532		131.156		0		3		267.148		
00:01:01:700		1.48316e+06		297.162		131.163		0		3		267.202		
00:01:01:600		1.48317e+06		297.162		131.163		0		3		267.254		
00:01:01:500		1.48318e+06		296.791		131.163		0		3		267.309		
00:01:01:399		1.48319e+06		296.791		131.171		0		3		267.365		
00:01:01:200		1.48321e+06		296.419		131.179		0		3		267.478		
00:01:01:200		1.48321e+06		296.419		131.179		0		3		267.478		
00:01:01:100		1.48321e+06		296.419		131.179		0		3		267.535		
00:01:01:000		1.48322e+06		296.044		131.179		0		3		267.59		
00:01:00:899		1.48323e+06		296.044		131.189		0		3		267.645		
00:01:00:799		1.48324e+06		296.044		131.189		0		3		267.7		
00:01:00:700		1.48325e+06		295.671		131.2		0		3		267.755		
00:01:00:600		1.48326e+06		295.671		131.2		0		3		267.809		
00:01:00:500		1.48327e+06		295.296		131.2		0		3		267.862		
00:01:00:299		1.48328e+06		295.296		131.212		0		3		267.97		
00:01:00:200		1.48329e+06		294.919		131.224		0		3		268.025		
00:01:00:200		1.48329e+06		294.919		131.224		0		3		268.025		
00:01:00:100		1.4833e+06		294.919		131.224		0		3		268.08		
00:01:00:000		1.48331e+06		294.542		131.224		0		3		268.135		
00:00:59:950		1.48331e+06		294.542		131.238		0		3		268.161		
00:00:59:850		1.48332e+06		294.542		131.238		0		3		268.213		
00:00:59:750		1.48333e+06		294.164		131.238		0		3		268.265		
00:00:59:600		1.48334e+06		294.164		131.253		0		3		268.342		
00:00:59:549		1.48335e+06		294.164		131.253		0		3		268.368		
00:00:59:350		1.48336e+06		293.783		131.27		0		3		268.471		
00:00:59:200		1.48338e+06		293.403		131.288		0		3		268.548		
00:00:59:200		1.48338e+06		293.403		131.288		0		3		268.548		
00:00:59:100		1.48338e+06		293.403		131.288		0		3		268.599		
00:00:59:000		1.48339e+06		293.021		131.288		0		3		268.651		
00:00:58:950		1.4834e+06		293.021		131.308		0		3		268.677		
00:00:58:850		1.48341e+06		293.021		131.308		0		3		268.728		
00:00:58:750		1.48341e+06		292.64		131.308		0		3		268.78		
00:00:58:649		1.48342e+06		292.64		131.329		0		3		268.83		
00:00:58:549		1.48343e+06		292.64		131.329		0		3		268.879		
00:00:58:450		1.48344e+06		292.257		131.352		0		3		268.93		
00:00:58:350		1.48345e+06		292.257		131.352		0		3		268.982		
00:00:58:250		1.48346e+06		291.875		131.377		0		3		269.034		
00:00:58:100		1.48347e+06		291.875		131.377		0		3		269.112		
00:00:58:000		1.48348e+06		291.491		131.377		0		3		269.165		
00:00:57:899		1.48349e+06		291.491		131.403		0		3		269.218		
00:00:57:799		1.4835e+06		291.491		131.403		0		3		269.269		
00:00:57:700		1.4835e+06		291.107		131.432		0		3		269.319		
00:00:57:600		1.48351e+06		291.107		131.432		0		3		269.37		
00:00:57:500		1.48352e+06		290.723		131.432		0		3		269.421		
00:00:57:399		1.48353e+06		290.723		131.462		0		3		269.472		
00:00:57:299		1.48354e+06		290.723		131.462		0		3		269.524		
00:00:57:200		1.48355e+06		290.336		131.494		0		3		269.577		
00:00:57:100		1.48355e+06		290.336		131.494		0		3		269.63		
00:00:57:000		1.48356e+06		289.948		131.494		0		3		269.685		
00:00:56:899		1.48357e+06		289.948		131.528		0		3		269.738		
00:00:56:799		1.48358e+06		289.948		131.528		0		3		269.786		
00:00:56:700		1.48359e+06		289.559		131.564		0		3		269.833		
00:00:56:600		1.4836e+06		289.559		131.564		0		3		269.883		
00:00:56:500		1.48361e+06		289.169		131.564		0		3		269.934		
00:00:56:299		1.48362e+06		289.169		131.603		0		3		270.024		
00:00:56:200		1.48363e+06		288.777		131.643		0		3		270.065		
00:00:56:200		1.48363e+06		288.777		131.643		0		3		270.065		
00:00:56:100		1.48364e+06		288.777		131.643		0		3		270.109		
00:00:56:100		1.48364e+06		288.777		131.643		0		3		270.109		
00:00:55:899		1.48366e+06		288.384		131.686		0		3		270.196		
00:00:55:799		1.48366e+06		288.384		131.686		0		3		270.242		
00:00:55:700		1.48367e+06		287.99		131.732		0		3		270.289		
00:00:55:600		1.48368e+06		287.99		131.732		0		3		270.334		
00:00:55:600		1.48368e+06		287.99		131.732		0		3		270.334		
00:00:55:500		1.48369e+06		287.597		131.732		0		3		270.379		
00:00:55:250		1.48371e+06		287.201		131.78		0		3		270.494		
00:00:55:250		1.48371e+06		287.201		131.78		0		3		270.494		
00:00:55:149		1.48372e+06		287.201		131.83		0		3		270.541		
00:00:54:950		1.48374e+06		286.806		131.884		0		3		270.637		
00:00:54:950		1.48374e+06		286.806		131.884		0		3		270.637		
00:00:54:850		1.48375e+06		286.806		131.884		0		3		270.688		
00:00:54:700		1.48376e+06		286.409		131.94		0		3		270.763		
00:00:54:600		1.48377e+06		286.409		131.94		0		3		270.812		
00:00:54:399		1.48378e+06		286.012		131.999		0		3		270.902		
00:00:54:399		1.48378e+06		286.012		131.999		0		3		270.902		
00:00:54:299		1.48379e+06		286.012		131.999		0		3		270.95		
00:00:54:299		1.48379e+06		286.012		131.999		0		3		270.95		
00:00:54:200		1.4838e+06		285.613		132.061		0		3		271		
00:00:54:100		1.48381e+06		285.613		132.061		0		3		271.05		
00:00:53:950		1.48382e+06		285.213		132.127		0		3		271.115		
00:00:53:850		1.48383e+06		285.213		132.127		0		3		271.156		
00:00:53:750		1.48384e+06		284.811		132.127		0		3		271.197		
00:00:53:649		1.48385e+06		284.811		132.195		0		3		271.243		
00:00:53:350		1.48387e+06		284.407		132.268		0		3		271.394		
00:00:53:350		1.48387e+06		284.407		132.268		0		3		271.394		
00:00:53:250		1.48388e+06		284.002		132.268		0		3		271.442		
00:00:53:250		1.48388e+06		284.002		132.268		0		3		271.442		
00:00:53:149		1.48389e+06		284.002		132.343		0		3		271.485		
00:00:53:049		1.4839e+06		284.002		132.343		0		3		271.534		
00:00:52:950		1.48391e+06		283.596		132.423		0		3		271.584		
00:00:52:850		1.48392e+06		283.596		132.423		0		3		271.633		
00:00:52:750		1.48392e+06		283.186		132.506		0		3		271.676		
00:00:52:600		1.48394e+06		283.186		132.506		0		3		271.738		
00:00:52:500		1.48395e+06		282.777		132.506		0		3		271.781		
00:00:52:399		1.48395e+06		282.777		132.593		0		3		271.827		
00:00:52:299		1.48396e+06		282.777		132.593		0		3		271.877		
00:00:52:200		1.48397e+06		282.368		132.685		0		3		271.929		
00:00:52:100		1.48398e+06		282.368		132.685		0		3		271.98		
00:00:52:000		1.48399e+06		281.956		132.685		0		3		272.027		
00:00:51:950		1.48399e+06		281.956		132.78		0		3		272.047		
00:00:51:850		1.484e+06		281.956		132.78		0		3		272.095		
00:00:51:750		1.48401e+06		281.541		132.78		0		3		272.145		
00:00:51:600		1.48402e+06		281.541		132.88		0		3		272.218		
00:00:51:500		1.48403e+06		281.126		132.88		0		3		272.26		
00:00:51:399		1.48404e+06		281.126		132.985		0		3		272.302		
00:00:51:299		1.48405e+06		281.126		132.985		0		3		272.345		
00:00:51:200		1.48406e+06		280.709		133.094		0		3		272.391		
00:00:51:100		1.48406e+06		280.709		133.094		0		3		272.44		
00:00:51:000		1.48407e+06		280.291		133.094		0		3		272.492		
00:00:50:899		1.48408e+06		280.291		133.208		0		3		272.544		
00:00:50:799		1.48409e+06		280.291		133.208		0		3		272.593		
00:00:50:700		1.4841e+06		279.871		133.327		0		2.99792		272.635		
00:00:50:600		1.48411e+06		279.871		133.327		0		2.99792		272.684		
00:00:50:500		1.48411e+06		279.871		133.327		0		2.99792		272.684		
00:00:50:399		1.48412e+06		279.449		133.451		0		2.984		272.782		
00:00:50:250		1.48414e+06		279.027		133.451		0		2.984		272.846		
00:00:50:250		1.48414e+06		279.027		133.451		0		2.984		272.846		
00:00:50:149		1.48415e+06		279.027		133.58		0		2.97003		272.889		
00:00:50:049		1.48415e+06		279.027		133.58		0		2.97003		272.934		
00:00:49:899		1.48417e+06		278.604		133.714		0		2.95604		273.008		
00:00:49:899		1.48417e+06		278.604		133.714		0		2.95604		273.008		
00:00:49:649		1.48419e+06		278.179		133.854		0		2.94205		273.136		
00:00:49:649		1.48419e+06		278.179		133.854		0		2.94205		273.136		
00:00:49:549		1.4842e+06		278.179		133.854		0		2.94205		273.181		
00:00:49:450		1.4842e+06		277.754		134		0		2.92802		273.226		
00:00:49:250		1.48422e+06		277.326		134		0		2.92802		273.322		
00:00:49:250		1.48422e+06		277.326		134		0		2.92802		273.322		
00:00:49:149		1.48423e+06		277.326		134.151		0		2.91396		273.369		
00:00:49:049		1.48424e+06		277.326		134.151		0		2.91396		273.41		
00:00:48:950		1.48425e+06		276.897		134.308		0		2.89987		273.452		
00:00:48:899		1.48425e+06		276.897		134.308		0		2.89987		273.475		
00:00:48:750		1.48426e+06		276.467		134.308		0		2.89987		273.548		
00:00:48:649		1.48427e+06		276.467		134.471		0		2.88576		273.6		
00:00:48:549		1.48428e+06		276.467		134.471		0		2.88576		273.652		
00:00:48:450		1.48429e+06		276.036		134.64		0		2.87164		273.701		
00:00:48:250		1.48431e+06		275.603		134.64		0		2.87164		273.789		
00:00:48:250		1.48431e+06		275.603		134.64		0		2.87164		273.789		
00:00:48:149		1.48432e+06		275.603		134.815		0		2.85748		273.836		
00:00:48:049		1.48432e+06		275.603		134.815		0		2.85748		273.882		
00:00:47:950		1.48433e+06		275.168		134.996		0		2.84329		273.926		
00:00:47:850		1.48434e+06		275.168		134.996		0		2.84329		273.968		
00:00:47:750		1.48435e+06		274.734		134.996		0		2.84329		274.014		
00:00:47:649		1.48436e+06		274.734		135.184		0		2.82906		274.062		
00:00:47:500		1.48437e+06		274.298		135.184		0		2.82906		274.14		
00:00:47:399		1.48438e+06		274.298		135.38		0		2.81484		274.192		
00:00:47:299		1.48439e+06		274.298		135.38		0		2.81484		274.242		
00:00:47:200		1.4844e+06		273.864		135.582		0		2.80058		274.286		
00:00:47:100		1.4844e+06		273.864		135.582		0		2.80058		274.329		
00:00:47:000		1.48441e+06		273.428		135.582		0		2.80058		274.374		
00:00:46:899		1.48442e+06		273.428		135.789		0		2.78629		274.418		
00:00:46:799		1.48443e+06		273.428		135.789		0		2.78629		274.462		
00:00:46:700		1.48444e+06		272.993		136.001		0		2.77195		274.507		
00:00:46:600		1.48445e+06		272.993		136.001		0		2.77195		274.554		
00:00:46:500		1.48446e+06		272.555		136.001		0		2.77195		274.604		
00:00:46:399		1.48446e+06		272.555		136.217		0		2.75762		274.656		
00:00:46:299		1.48447e+06		272.555		136.217		0		2.75762		274.709		
00:00:46:299		1.48447e+06		272.555		136.217		0		2.75762		274.709		
00:00:46:100		1.48449e+06		272.117		136.438		0		2.74325		274.805		
00:00:46:000		1.4845e+06		271.677		136.438		0		2.74325		274.848		
00:00:45:899		1.48451e+06		271.677		136.663		0		2.72886		274.892		
00:00:45:799		1.48452e+06		271.677		136.663		0		2.72886		274.937		
00:00:45:799		1.48452e+06		271.677		136.663		0		2.72886		274.937		
00:00:45:700		1.48452e+06		271.235		136.893		0		2.71442		274.981		
00:00:45:600		1.48453e+06		271.235		136.893		0		2.71442		275.027		
00:00:45:500		1.48454e+06		270.793		136.893		0		2.71442		275.075		
00:00:45:299		1.48456e+06		270.793		137.128		0		2.69996		275.178		
00:00:45:149		1.48457e+06		270.349		137.368		0		2.68549		275.256		
00:00:45:149		1.48457e+06		270.349		137.368		0		2.68549		275.256		
00:00:44:950		1.48459e+06		269.903		137.612		0		2.67099		275.346		
00:00:44:950		1.48459e+06		269.903		137.612		0		2.67099		275.346		
00:00:44:899		1.48459e+06		269.903		137.612		0		2.67099		275.368		
00:00:44:750		1.4846e+06		269.456		137.612		0		2.67099		275.435		
00:00:44:649		1.48461e+06		269.456		137.862		0		2.65644		275.479		
00:00:44:549		1.48462e+06		269.456		137.862		0		2.65644		275.524		
00:00:44:450		1.48463e+06		269.007		138.116		0		2.64187		275.573		
00:00:44:250		1.48465e+06		268.556		138.116		0		2.64187		275.677		
00:00:44:250		1.48465e+06		268.556		138.116		0		2.64187		275.677		
00:00:44:149		1.48466e+06		268.556		138.376		0		2.62729		275.73		
00:00:44:049		1.48466e+06		268.556		138.376		0		2.62729		275.781		
00:00:43:950		1.48467e+06		268.104		138.641		0		2.61267		275.828		
00:00:43:850		1.48468e+06		268.104		138.641		0		2.61267		275.871		
00:00:43:750		1.48469e+06		267.65		138.641		0		2.61267		275.916		
00:00:43:649		1.4847e+06		267.65		138.911		0		2.59802		275.961		
00:00:43:549		1.48471e+06		267.65		138.911		0		2.59802		276.007		
00:00:43:350		1.48472e+06		267.194		139.186		0		2.58332		276.107		
00:00:43:250		1.48473e+06		266.737		139.186		0		2.58332		276.161		
00:00:43:250		1.48473e+06		266.737		139.186		0		2.58332		276.161		
00:00:43:149		1.48474e+06		266.737		139.467		0		2.56863		276.214		
00:00:43:049		1.48475e+06		266.737		139.467		0		2.56863		276.266		
00:00:42:950		1.48476e+06		266.279		139.753		0		2.5539		276.315		
00:00:42:850		1.48477e+06		266.279		139.753		0		2.5539		276.358		
00:00:42:750		1.48477e+06		265.819		139.753		0		2.5539		276.404		
00:00:42:649		1.48478e+06		265.819		140.044		0		2.53913		276.451		
00:00:42:500		1.4848e+06		265.356		140.044		0		2.53913		276.522		
00:00:42:399		1.4848e+06		265.356		140.341		0		2.52432		276.574		
00:00:42:200		1.48482e+06		264.891		140.643		0		2.50951		276.681		
00:00:42:200		1.48482e+06		264.891		140.643		0		2.50951		276.681		
00:00:42:100		1.48483e+06		264.891		140.643		0		2.50951		276.735		
00:00:42:000		1.48484e+06		264.425		140.643		0		2.50951		276.786		
00:00:41:899		1.48485e+06		264.425		140.951		0		2.49466		276.832		
00:00:41:799		1.48486e+06		264.425		140.951		0		2.49466		276.878		
00:00:41:700		1.48486e+06		263.957		141.263		0		2.47977		276.925		
00:00:41:600		1.48487e+06		263.957		141.263		0		2.47977		276.973		
00:00:41:500		1.48488e+06		263.485		141.263		0		2.47977		277.024		
00:00:41:299		1.4849e+06		263.485		141.581		0		2.46485		277.132		
00:00:41:200		1.48491e+06		263.011		141.904		0		2.44992		277.186		
00:00:41:200		1.48491e+06		263.011		141.904		0		2.44992		277.186		
00:00:41:100		1.48491e+06		263.011		141.904		0		2.44992		277.239		
00:00:41:000		1.48492e+06		262.532		141.904		0		2.44992		277.289		
00:00:40:899		1.48493e+06		262.532		142.233		0		2.43495		277.334		
00:00:40:799		1.48494e+06		262.532		142.233		0		2.43495		277.382		
00:00:40:700		1.48495e+06		262.049		142.568		0		2.41994		277.431		
00:00:40:600		1.48496e+06		262.049		142.568		0		2.41994		277.483		
00:00:40:500		1.48497e+06		261.559		142.568		0		2.41994		277.537		
00:00:40:399		1.48497e+06		261.559		142.909		0		2.40492		277.592		
00:00:40:299		1.48498e+06		261.559		142.909		0		2.40492		277.646		
00:00:40:200		1.48499e+06		261.058		143.257		0		2.38986		277.699		
00:00:40:100		1.485e+06		261.058		143.257		0		2.38986		277.748		
00:00:40:000		1.48501e+06		260.541		143.257		0		2.38986		277.794		
00:00:39:899		1.48502e+06		260.541		143.613		0		2.37476		277.844		
00:00:39:799		1.48502e+06		260.541		143.613		0		2.37476		277.896		
00:00:39:700		1.48503e+06		259.998		143.979		0		2.35964		277.95		
00:00:39:600		1.48504e+06		259.998		143.979		0		2.35964		278.005		
00:00:39:500		1.48505e+06		259.41		143.979		0		2.35964		278.06		
00:00:39:500		1.48505e+06		259.41		143.979		0		2.35964		278.06		
00:00:39:250		1.48507e+06		259.135		144.355		0		2.3445		278.188		
00:00:39:250		1.48507e+06		259.135		144.355		0		2.3445		278.188		
00:00:39:149		1.48508e+06		259.135		144.733		0		2.32932		278.235		
00:00:39:049		1.48509e+06		259.135		144.733		0		2.32932		278.286		
00:00:38:850		1.48511e+06		258.859		145.113		0		2.31411		278.395		
00:00:38:850		1.48511e+06		258.859		145.113		0		2.31411		278.395		
00:00:38:750		1.48511e+06		258.583		145.113		0		2.31411		278.449		
00:00:38:649		1.48512e+06		258.583		145.496		0		2.29888		278.502		
00:00:38:549		1.48513e+06		258.583		145.496		0		2.29888		278.554		
00:00:38:450		1.48514e+06		258.308		145.88		0		2.2836		278.602		
00:00:38:250		1.48516e+06		258.031		145.88		0		2.2836		278.704		
00:00:38:250		1.48516e+06		258.031		145.88		0		2.2836		278.704		
00:00:38:149		1.48517e+06		258.031		146.266		0		2.26831		278.759		
00:00:38:049		1.48517e+06		258.031		146.266		0		2.26831		278.812		
00:00:37:950		1.48518e+06		257.754		146.654		0		2.25298		278.865		
00:00:37:850		1.48519e+06		257.754		146.654		0		2.25298		278.917		
00:00:37:750		1.4852e+06		257.477		146.654		0		2.25298		278.966		
00:00:37:649		1.48521e+06		257.477		147.044		0		2.23762		279.015		
00:00:37:549		1.48522e+06		257.477		147.044		0		2.23762		279.068		
00:00:37:399		1.48523e+06		257.199		147.435		0		2.22223		279.148		
00:00:37:250		1.48524e+06		256.921		147.435		0		2.22223		279.226		
00:00:37:250		1.48524e+06		256.921		147.435		0		2.22223		279.226		
00:00:37:149		1.48525e+06		256.921		147.828		0		2.20681		279.277		
00:00:37:049		1.48526e+06		256.921		147.828		0		2.20681		279.327		
00:00:36:899		1.48527e+06		256.643		148.222		0		2.19136		279.403		
00:00:36:799		1.48528e+06		256.643		148.222		0		2.19136		279.456		
00:00:36:750		1.48528e+06		256.363		148.222		0		2.19136		279.483		
00:00:36:649		1.48529e+06		256.363		148.617		0		2.17588		279.534		
00:00:36:549		1.4853e+06		256.363		148.617		0		2.17588		279.586		
00:00:36:399		1.48531e+06		256.084		149.012		0		2.16037		279.661		
00:00:36:200		1.48533e+06		255.803		149.409		0		2.14483		279.766		
00:00:36:200		1.48533e+06		255.803		149.409		0		2.14483		279.766		
00:00:36:100		1.48534e+06		255.803		149.409		0		2.14483		279.818		
00:00:36:000		1.48535e+06		255.522		149.409		0		2.14483		279.87		
00:00:35:899		1.48536e+06		255.522		149.805		0		2.12926		279.922		
00:00:35:799		1.48536e+06		255.522		149.805		0		2.12926		279.972		
00:00:35:700		1.48537e+06		255.24		150.202		0		2.11366		280.024		
00:00:35:600		1.48538e+06		255.24		150.202		0		2.11366		280.077		
00:00:35:500		1.48539e+06		254.958		150.202		0		2.11366		280.13		
00:00:35:450		1.48539e+06		254.958		150.598		0		2.09803		280.156		
00:00:35:200		1.48542e+06		254.673		150.994		0		2.08236		280.284		
00:00:35:200		1.48542e+06		254.673		150.994		0		2.08236		280.284		
00:00:35:100		1.48542e+06		254.673		150.994		0		2.08236		280.336		
00:00:35:000		1.48543e+06		254.386		150.994		0		2.08236		280.389		
00:00:34:899		1.48544e+06		254.386		151.389		0		2.06669		280.441		
00:00:34:799		1.48545e+06		254.386		151.389		0		2.06669		280.494		
00:00:34:700		1.48546e+06		254.096		151.784		0		2.05099		280.545		
00:00:34:600		1.48547e+06		254.096		151.784		0		2.05099		280.596		
00:00:34:500		1.48548e+06		253.804		151.784		0		2.05099		280.648		
00:00:34:299		1.48549e+06		253.804		152.177		0		2.03528		280.755		
00:00:34:200		1.4855e+06		253.509		152.569		0		2.01954		280.808		
00:00:34:200		1.4855e+06		253.509		152.569		0		2.01954		280.808		
00:00:34:100		1.48551e+06		253.509		152.569		0		2.01954		280.86		
00:00:34:000		1.48552e+06		253.211		152.569		0		2.01954		280.912		
00:00:33:899		1.48553e+06		253.211		152.959		0		2.00379		280.965		
00:00:33:799		1.48554e+06		253.211		152.959		0		2.00379		281.019		
00:00:33:700		1.48554e+06		252.91		153.347		0		1.98802		281.071		
00:00:33:600		1.48555e+06		252.91		153.347		0		1.98802		281.124		
00:00:33:500		1.48556e+06		252.607		153.347		0		1.98802		281.177		
00:00:33:299		1.48558e+06		252.607		153.734		0		1.97221		281.282		
00:00:33:200		1.48559e+06		252.3		154.117		0		1.95641		281.337		
00:00:33:200		1.48559e+06		252.3		154.117		0		1.95641		281.337		
00:00:33:100		1.48559e+06		252.3		154.117		0		1.95641		281.391		
00:00:33:000		1.4856e+06		251.99		154.117		0		1.95641		281.444		
00:00:32:899		1.48561e+06		251.99		154.498		0		1.94057		281.497		
00:00:32:799		1.48562e+06		251.99		154.498		0		1.94057		281.549		
00:00:32:700		1.48562e+06		251.99		154.498		0		1.94057		281.549		
00:00:32:700		1.48563e+06		251.676		154.875		0		1.92472		281.603		
00:00:32:600		1.48564e+06		251.676		154.875		0		1.92472		281.657		
00:00:32:500		1.48565e+06		251.358		155.249		0		1.90885		281.711		
00:00:32:250		1.48567e+06		251.037		155.249		0		1.90885		281.846		
00:00:32:250		1.48567e+06		251.037		155.249		0		1.90885		281.846		
00:00:32:100		1.48568e+06		251.037		155.618		0		1.89295		281.926		
00:00:32:000		1.48569e+06		250.712		155.618		0		1.89295		281.981		
00:00:31:899		1.4857e+06		250.712		155.984		0		1.87705		282.036		
00:00:31:800		1.48570e+06		250.712		155.984		0		1.87705		282.091		
00:00:31:699		1.48571e+06		250.383		156.344		0		1.86111		282.145		
00:00:31:600		1.48572e+06		250.383		156.344		0		1.86111		282.198		
00:00:31:600		1.48572e+06		250.383		156.344		0		1.86111		282.198		
00:00:31:500		1.48573e+06		250.049		156.344		0		1.86111		282.253		
00:00:31:250		1.48575e+06		249.712		156.699		0		1.84517		282.392		
00:00:31:250		1.48575e+06		249.712		156.699		0		1.84517		282.392		
00:00:31:149		1.48576e+06		249.712		157.048		0		1.82921		282.446		
00:00:31:050		1.48577e+06		249.712		157.048		0		1.82921		282.5		
00:00:30:949		1.48578e+06		249.37		157.391		0		1.81322		282.554		
00:00:30:850		1.48579e+06		249.37		157.391		0		1.81322		282.61		
00:00:30:750		1.48579e+06		249.023		157.391		0		1.81322		282.665		
00:00:30:649		1.4858e+06		249.023		157.727		0		1.79723		282.721		
00:00:30:550		1.48581e+06		249.023		157.727		0		1.79723		282.776		
00:00:30:449		1.48582e+06		248.672		158.055		0		1.78121		282.831		
00:00:30:250		1.48584e+06		248.315		158.055		0		1.78121		282.943		
00:00:30:250		1.48584e+06		248.315		158.055		0		1.78121		282.943		
00:00:30:149		1.48585e+06		248.315		158.375		0		1.76518		282.999		
00:00:30:050		1.48585e+06		248.315		158.375		0		1.76518		283.054		
00:00:29:949		1.48586e+06		247.952		158.685		0		1.74912		283.11		
00:00:29:850		1.48587e+06		247.952		158.685		0		1.74912		283.163		
00:00:29:750		1.48588e+06		247.583		158.685		0		1.74912		283.217		
00:00:29:649		1.48589e+06		247.583		158.986		0		1.73306		283.272		
00:00:29:550		1.4859e+06		247.583		158.986		0		1.73306		283.326		
00:00:29:449		1.4859e+06		247.209		159.277		0		1.71697		283.38		
00:00:29:250		1.48592e+06		246.827		159.277		0		1.71697		283.492		
00:00:29:250		1.48592e+06		246.827		159.277		0		1.71697		283.492		
00:00:29:149		1.48593e+06		246.827		159.556		0		1.70087		283.547		
00:00:28:949		1.48593e+06		246.827		159.556		0		1.70087		283.575		
00:00:28:949		1.48595e+06		246.439		159.823		0		1.68477		283.654		
00:00:28:850		1.48596e+06		246.439		159.823		0		1.68477		283.707		
00:00:28:750		1.48596e+06		246.045		159.823		0		1.68477		283.761		
00:00:28:649		1.48597e+06		246.045		160.077		0		1.66865		283.816		
00:00:28:550		1.48598e+06		246.045		160.077		0		1.66865		283.871		
00:00:28:399		1.48599e+06		245.645		160.317		0		1.65253		283.953		
00:00:28:350		1.486e+06		245.645		160.317		0		1.65253		283.98		
00:00:28:250		1.48601e+06		245.237		160.317		0		1.65253		284.032		
00:00:28:149		1.48602e+06		245.237		160.542		0		1.63639		284.086		
00:00:28:050		1.48602e+06		245.237		160.542		0		1.63639		284.139		
00:00:27:949		1.48603e+06		244.823		160.75		0		1.62025		284.193		
00:00:27:850		1.48604e+06		244.823		160.75		0		1.62025		284.246		
00:00:27:750		1.48605e+06		244.401		160.75		0		1.62025		284.3		
00:00:27:649		1.48606e+06		244.401		160.942		0		1.60411		284.354		
00:00:27:550		1.48607e+06		244.401		160.942		0		1.60411		284.405		
00:00:27:449		1.48607e+06		243.972		161.115		0		1.58796		284.457		
00:00:27:199		1.4861e+06		243.535		161.268		0		1.57179		284.587		
00:00:27:199		1.4861e+06		243.535		161.268		0		1.57179		284.587		
00:00:27:100		1.4861e+06		243.535		161.268		0		1.57179		284.64		
00:00:27:000		1.48611e+06		243.089		161.268		0		1.57179		284.693		
00:00:26:899		1.48612e+06		243.089		161.4		0		1.55563		284.746		
00:00:26:800		1.48613e+06		243.089		161.4		0		1.55563		284.797		
00:00:26:699		1.48614e+06		242.636		161.511		0		1.53947		284.848		
00:00:26:600		1.48615e+06		242.636		161.511		0		1.53947		284.899		
00:00:26:500		1.48616e+06		242.173		161.511		0		1.53947		284.95		
00:00:26:300		1.48617e+06		242.173		161.597		0		1.52329		285.055		
00:00:26:199		1.48618e+06		241.702		161.659		0		1.50712		285.108		
00:00:26:199		1.48618e+06		241.702		161.659		0		1.50712		285.108		
00:00:26:100		1.48619e+06		241.702		161.659		0		1.50712		285.158		
00:00:26:000		1.4862e+06		241.221		161.659		0		1.50712		285.209		
00:00:25:899		1.48621e+06		241.221		161.694		0		1.49095		285.259		
00:00:25:800		1.48622e+06		241.221		161.694		0		1.49095		285.309		
00:00:25:699		1.48622e+06		240.732		161.701		0		1.47477		285.361		
00:00:25:600		1.48623e+06		240.732		161.701		0		1.47477		285.413		
00:00:25:500		1.48624e+06		240.232		161.701		0		1.47477		285.465		
00:00:25:300		1.48626e+06		240.232		161.678		0		1.4586		285.565		
00:00:25:199		1.48627e+06		239.722		161.623		0		1.44244		285.615		
00:00:25:199		1.48627e+06		239.722		161.623		0		1.44244		285.615		
00:00:25:100		1.48627e+06		239.722		161.623		0		1.44244		285.665		
00:00:25:000		1.48628e+06		239.203		161.623		0		1.44244		285.715		
00:00:24:899		1.48629e+06		239.203		161.535		0		1.42627		285.766		
00:00:24:800		1.4863e+06		239.203		161.535		0		1.42627		285.817		
00:00:24:800		1.4863e+06		239.203		161.535		0		1.42627		285.817		
00:00:24:699		1.48631e+06		238.672		161.411		0		1.41012		285.867		
00:00:24:600		1.48632e+06		238.672		161.411		0		1.41012		285.916		
00:00:24:500		1.48633e+06		238.126		161.411		0		1.41012		285.965		
00:00:24:300		1.48635e+06		237.543		161.25		0		1.39401		286.089		
00:00:24:149		1.48639e+06		237.543		161.052		0		1.37809		286.139		
00:00:24:149		1.48639e+06		237.543		161.052		0		1.37809		286.139		
00:00:24:050		1.48646e+06		237.543		161.052		0		1.37809		286.191		
00:00:23:899		1.48666e+06		236.923		160.817		0		1.36237		286.264		
00:00:23:800		1.48683e+06		236.923		160.817		0		1.36237		286.313		
00:00:23:699		1.48705e+06		236.268		160.545		0		1.34685		286.362		
00:00:23:600		1.48731e+06		236.268		160.545		0		1.34685		286.412		
00:00:23:500		1.4876e+06		235.575		160.545		0		1.34685		286.462		
00:00:23:399		1.48794e+06		235.575		160.236		0		1.33152		286.514		
00:00:23:300		1.48832e+06		235.575		160.236		0		1.33152		286.564		
00:00:23:199		1.48873e+06		234.846		159.89		0		1.31639		286.613		
00:00:23:050		1.48943e+06		234.846		159.89		0		1.31639		286.688		
00:00:23:050		1.48943e+06		234.846		159.89		0		1.31639		286.688		
00:00:22:949		1.48995e+06		234.079		159.507		0		1.30145		286.738		
00:00:22:850		1.49051e+06		234.079		159.507		0		1.30145		286.789		
00:00:22:750		1.4911e+06		233.275		159.507		0		1.30145		286.84		
00:00:22:649		1.49174e+06		233.275		159.088		0		1.28671		286.89		
00:00:22:550		1.49242e+06		233.275		159.088		0		1.28671		286.94		
00:00:22:449		1.49314e+06		232.434		158.633		0		1.27217		286.991		
00:00:22:350		1.49389e+06		232.434		158.633		0		1.27217		287.042		
00:00:22:250		1.49469e+06		231.554		158.633		0		1.27217		287.093		
00:00:22:149		1.49556e+06		231.554		158.143		0		1.25782		287.144		
00:00:22:050		1.49651e+06		231.554		158.143		0		1.25782		287.195		
00:00:21:949		1.49753e+06		230.636		157.619		0		1.24367		287.246		
00:00:21:850		1.49864e+06		230.636		157.619		0		1.24367		287.297		
00:00:21:750		1.49983e+06		229.679		157.619		0		1.24367		287.349		
00:00:21:649		1.50111e+06		229.679		157.06		0		1.22972		287.401		
00:00:21:550		1.50246e+06		229.679		157.06		0		1.22972		287.453		
00:00:21:449		1.50389e+06		228.683		156.469		0		1.21598		287.505		
00:00:21:350		1.50541e+06		228.683		156.469		0		1.21598		287.557		
00:00:21:250		1.50701e+06		227.646		156.469		0		1.21598		287.609		
00:00:21:149		1.50869e+06		227.646		155.845		0		1.20244		287.662		
00:00:21:050		1.51046e+06		227.646		155.845		0		1.20244		287.715		
00:00:20:949		1.5123e+06		226.568		155.191		0		1.18911		287.768		
00:00:20:850		1.51423e+06		226.568		155.191		0		1.18911		287.821		
00:00:20:750		1.51624e+06		225.446		155.191		0		1.18911		287.875		
00:00:20:649		1.51834e+06		225.446		154.507		0		1.17601		287.929		
00:00:20:550		1.52052e+06		225.446		154.507		0		1.17601		287.983		
00:00:20:449		1.52278e+06		224.278		153.795		0		1.16315		288.037		
00:00:20:350		1.52513e+06		224.278		153.795		0		1.16315		288.092		
00:00:20:199		1.52882e+06		223.056		153.059		0		1.15059		288.174		
00:00:20:149		1.53009e+06		223.056		153.059		0		1.15059		288.201		
00:00:20:050		1.53269e+06		223.056		153.059		0		1.15059		288.257		
00:00:19:949		1.53676e+06		221.744		152.304		0		1.13857		288.34		
00:00:19:800		1.53959e+06		221.744		152.304		0		1.13857		288.396		
00:00:19:750		1.54103e+06		220.409		152.304		0		1.13857		288.424		
00:00:19:600		1.54553e+06		220.409		151.53		0		1.12665		288.509		
00:00:19:550		1.54709e+06		220.409		151.53		0		1.12665		288.537		
00:00:19:449		1.55031e+06		219.068		150.738		0		1.11468		288.594		
00:00:19:250		1.55895e+06		217.719		149.927		0		1.10266		288.738		
00:00:19:250		1.55895e+06		217.719		149.927		0		1.10266		288.738		
00:00:19:100		1.56264e+06		217.719		149.927		0		1.10266		288.796		
00:00:19:000		1.56646e+06		216.364		149.927		0		1.10266		288.854		
00:00:18:899		1.57041e+06		216.364		149.095		0		1.09059		288.913		
00:00:18:800		1.5745e+06		216.364		149.095		0		1.09059		288.972		
00:00:18:699		1.57873e+06		215.001		148.243		0		1.07847		289.031		
00:00:18:600		1.58309e+06		215.001		148.243		0		1.07847		289.09		
00:00:18:500		1.5876e+06		213.63		148.243		0		1.07847		289.15		
00:00:18:399		1.59224e+06		213.63		147.369		0		1.0663		289.21		
00:00:18:300		1.59702e+06		213.63		147.369		0		1.0663		289.27		
00:00:18:199		1.60195e+06		212.252		146.474		0		1.05408		289.331		
00:00:18:100		1.60702e+06		212.252		146.474		0		1.05408		289.392		
00:00:18:000		1.61224e+06		210.867		146.474		0		1.05408		289.453		
00:00:17:899		1.6176e+06		210.867		145.556		0		1.04181		289.514		
00:00:17:800		1.6231e+06		210.867		145.556		0		1.04181		289.576		
00:00:17:699		1.62876e+06		209.473		144.614		0		1.02948		289.638		
00:00:17:600		1.63456e+06		209.473		144.614		0		1.02948		289.701		
00:00:17:500		1.64052e+06		208.074		144.614		0		1.02948		289.764		
00:00:17:300		1.6529e+06		208.074		143.648		0		1.01708		289.89		
00:00:17:199		1.65932e+06		206.665		142.657		0		1.00465		289.954		
00:00:17:199		1.65932e+06		206.665		142.657		0		1.00465		289.954		
00:00:17:100		1.66589e+06		206.665		142.657		0		1.00465		290.018		
00:00:17:100		1.66589e+06		206.665		142.657		0		1.00465		290.018		
00:00:17:000		1.67263e+06		205.248		142.657		0		1.00465		290.081		
00:00:16:800		1.68659e+06		205.248		141.64		0		0.992139		290.21		
00:00:16:699		1.69381e+06		203.821		140.596		0		0.979598		290.274		
00:00:16:600		1.7012e+06		203.821		140.596		0		0.979598		290.339		
00:00:16:500		1.70876e+06		202.385		140.596		0		0.979598		290.404		
00:00:16:500		1.70876e+06		202.385		140.596		0		0.979598		290.404		
00:00:16:149		1.73677e+06		200.942		138.426		0		0.954328		290.635		
00:00:16:149		1.73677e+06		200.942		138.426		0		0.954328		290.635		
00:00:16:149		1.73677e+06		200.942		138.426		0		0.954328		290.635		
00:00:16:050		1.74541e+06		200.942		138.426		0		0.954328		290.701		
00:00:15:949		1.75438e+06		199.488		137.297		0		0.94162		290.769		
00:00:15:800		1.76844e+06		199.488		137.297		0		0.94162		290.87		
00:00:15:800		1.76844e+06		199.488		137.297		0		0.94162		290.87		
00:00:15:650		1.78325e+06		198.024		136.138		0		0.928855		290.973		
00:00:15:449		1.80418e+06		196.553		134.948		0		0.916009		291.111		
00:00:15:449		1.80418e+06		196.553		134.948		0		0.916009		291.111		
00:00:15:250		1.8265e+06		195.072		134.948		0		0.916009		291.252		
00:00:15:150		1.8382e+06		195.072		133.726		0		0.903098		291.323		
00:00:15:150		1.8382e+06		195.072		133.726		0		0.903098		291.323		
00:00:15:050		1.85026e+06		195.072		133.726		0		0.903098		291.394		
00:00:14:849		1.87551e+06		193.578		132.472		0		0.890156		291.539		
00:00:14:849		1.87551e+06		193.578		132.472		0		0.890156		291.539		
00:00:14:750		1.8887e+06		192.073		132.472		0		0.890156		291.613		
00:00:14:650		1.90229e+06		192.073		131.184		0		0.877153		291.687		
00:00:14:550		1.91627e+06		192.073		131.184		0		0.877153		291.762		
00:00:14:449		1.93066e+06		190.558		129.862		0		0.864089		291.837		
00:00:14:250		1.96068e+06		189.032		129.862		0		0.864089		291.991		
00:00:14:250		1.96068e+06		189.032		129.862		0		0.864089		291.991		
00:00:14:150		1.97628e+06		189.032		128.506		0		0.850962		292.069		
00:00:14:050		1.99227e+06		189.032		128.506		0		0.850962		292.148		
00:00:13:949		2.00865e+06		187.496		127.115		0		0.837772		292.227		
00:00:13:849		2.02542e+06		187.496		127.115		0		0.837772		292.308		
00:00:13:750		2.0426e+06		185.949		127.115		0		0.837772		292.389		
00:00:13:650		2.06019e+06		185.949		125.687		0		0.824517		292.47		
00:00:13:550		2.0782e+06		185.949		125.687		0		0.824517		292.552		
00:00:13:449		2.09664e+06		184.39		124.221		0		0.811197		292.634		
00:00:13:250		2.13483e+06		182.82		124.221		0		0.811197		292.802		
00:00:13:250		2.13483e+06		182.82		124.221		0		0.811197		292.802		
00:00:13:150		2.15460e+06		182.82		122.718		0		0.79781		292.886		
00:00:13:050		2.17484e+06		182.82		122.718		0		0.79781		292.972		
00:00:12:949		2.19555e+06		181.238		121.174		0		0.784356		293.058		
00:00:12:849		2.21673e+06		181.238		121.174		0		0.784356		293.145		
00:00:12:750		2.2384e+06		179.644		121.174		0		0.784356		293.232		
00:00:12:650		2.26057e+06		179.644		119.589		0		0.770834		293.32		
00:00:12:500		2.29478e+06		178.039		119.589		0		0.770834		293.452		
00:00:12:400		2.31824e+06		178.039		117.962		0		0.757241		293.541		
00:00:12:300		2.34224e+06		178.039		117.962		0		0.757241		293.629		
00:00:12:199		2.36677e+06		176.421		116.292		0		0.743577		293.719		
00:00:12:150		2.37922e+06		176.421		116.292		0		0.743577		293.763		
00:00:12:000		2.41734e+06		174.79		116.292		0		0.743577		293.897		
00:00:11:900		2.44339e+06		174.79		114.582		0		0.729843		293.987		
00:00:11:800		2.46998e+06		174.79		114.582		0		0.729843		294.077		
00:00:11:699		2.49711e+06		173.147		112.831		0		0.716039		294.167		
00:00:11:599		2.52478e+06		173.147		112.831		0		0.716039		294.257		
00:00:11:500		2.55302e+06		171.491		112.831		0		0.716039		294.349		
00:00:11:400		2.58183e+06		171.491		111.041		0		0.702166		294.44		
00:00:11:300		2.61122e+06		171.491		111.041		0		0.702166		294.533		
00:00:11:199		2.64121e+06		169.824		109.21		0		0.688223		294.627		
00:00:11:099		2.67177e+06		169.824		109.21		0		0.688223		294.721		
00:00:11:000		2.70282e+06		168.143		109.21		0		0.688223		294.817		
00:00:10:900		2.73437e+06		168.143		107.339		0		0.67421		294.914		
00:00:10:800		2.76646e+06		168.143		107.339		0		0.67421		295.012		
00:00:10:699		2.79911e+06		166.45		105.434		0		0.660129		295.111		
00:00:10:699		2.79911e+06		166.45		105.434		0		0.660129		295.111		
00:00:10:599		2.83234e+06		166.45		105.434		0		0.660129		295.212		
00:00:10:500		2.86616e+06		164.744		105.434		0		0.660129		295.314		
00:00:10:300		2.93569e+06		164.744		103.497		0		0.645978		295.522		
00:00:10:199		2.97142e+06		163.026		101.533		0		0.631758		295.628		
00:00:10:099		3.00784e+06		163.026		101.533		0		0.631758		295.736		
00:00:10:000		3.04494e+06		161.296		101.533		0		0.631758		295.846		
00:00:09:900		3.08276e+06		161.296		99.5432		0		0.617468		295.957		
00:00:09:800		3.1213e+06		161.296		99.5432		0		0.617468		296.07		
00:00:09:699		3.1606e+06		159.553		97.5281		0		0.603109		296.184		
00:00:09:599		3.20059e+06		159.553		97.5281		0		0.603109		296.3		
00:00:09:500		3.24129e+06		157.798		97.5281		0		0.603109		296.419		
00:00:09:250		3.3462e+06		156.033		95.4859		0		0.588679		296.724		
00:00:09:250		3.3462e+06		156.033		95.4859		0		0.588679		296.724		
00:00:09:150		3.38948e+06		156.033		93.4163		0		0.574179		296.847		
00:00:09:150		3.38948e+06		156.033		93.4163		0		0.574179		296.847		
00:00:09:050		3.43352e+06		156.033		93.4163		0		0.574179		296.972		
00:00:08:949		3.47835e+06		154.255		91.3216		0		0.55961		297.099		
00:00:08:849		3.52399e+06		154.255		91.3216		0		0.55961		297.228		
00:00:08:750		3.57045e+06		152.468		91.3216		0		0.55961		297.359		
00:00:08:550		3.66588e+06		152.468		89.2051		0		0.544971		297.627		
00:00:08:550		3.66588e+06		152.468		89.2051		0		0.544971		297.627		
00:00:08:449		3.7149e+06		150.672		87.0724		0		0.530261		297.765		
00:00:08:250		3.81559e+06		148.867		87.0724		0		0.530261		298.047		
00:00:08:250		3.81559e+06		148.867		87.0724		0		0.530261		298.047		
00:00:08:150		3.8673e+06		148.867		84.9265		0		0.515479		298.191		
00:00:08:050		3.91996e+06		148.867		84.9265		0		0.515479		298.337		
00:00:07:950		3.97359e+06		147.053		82.7703		0		0.500621		298.485		
00:00:07:849		4.02819e+06		147.053		82.7703		0		0.500621		298.635		
00:00:07:750		4.0838e+06		145.231		82.7703		0		0.500621		298.787		
00:00:07:650		4.14042e+06		145.231		80.607		0		0.48568		298.94		
00:00:07:549		4.19808e+06		145.231		80.607		0		0.48568		299.096		
00:00:07:400		4.28656e+06		143.402		78.4409		0		0.470656		299.335		
00:00:07:299		4.3469e+06		143.402		78.4409		0		0.470656		299.497		
00:00:07:250		4.37749e+06		141.567		78.4409		0		0.470656		299.578		
00:00:07:099		4.47094e+06		141.567		76.2765		0		0.455545		299.827		
00:00:07:000		4.53468e+06		139.729		76.2765		0		0.455545		299.995		
00:00:06:900		4.59958e+06		139.729		74.1192		0		0.440348		300.165		
00:00:06:799		4.66569e+06		139.729		74.1192		0		0.440348		300.334		
00:00:06:700		4.73302e+06		137.888		71.9753		0		0.425064		300.505		
00:00:06:599		4.80159e+06		137.888		71.9753		0		0.425064		300.679		
00:00:06:500		4.87143e+06		136.048		71.9753		0		0.425064		300.855		
00:00:06:400		4.94256e+06		136.048		69.8511		0		0.409691		301.033		
00:00:06:299		5.01501e+06		136.048		69.8511		0		0.409691		301.212		
00:00:06:200		5.08852e+06		134.21		67.7523		0		0.394229		301.394		
00:00:06:099		5.16301e+06		134.21		67.7523		0		0.394229		301.578		
00:00:06:000		5.23851e+06		132.376		67.7523		0		0.394229		301.764		
00:00:05:900		5.31503e+06		132.376		65.6862		0		0.378675		301.951		
00:00:05:799		5.39258e+06		132.376		65.6862		0		0.378675		302.14		
00:00:05:700		5.47116e+06		130.549		63.6616		0		0.363022		302.331		
00:00:05:599		5.55079e+06		130.549		63.6616		0		0.363022		302.524		
00:00:05:500		5.6315e+06		128.731		63.6616		0		0.363022		302.72		
00:00:05:400		5.71329e+06		128.731		61.6867		0		0.347265		302.917		
00:00:05:299		5.79618e+06		128.731		61.6867		0		0.347265		303.116		
00:00:05:200		5.88019e+06		126.925		59.7677		0		0.331383		303.314		
00:00:05:099		5.96536e+06		126.925		59.7677		0		0.331383		303.515		
00:00:05:000		6.05174e+06		125.134		59.7677		0		0.331383		303.717		
00:00:05:000		6.05174e+06		125.134		59.7677		0		0.331383		303.717		
00:00:04:900		6.13943e+06		125.134		57.9091		0		0.315184		303.921		
00:00:04:750		6.26804e+06		123.36		57.9091		0		0.315184		304.231		
00:00:04:650		6.33168e+06		123.36		56.1103		0		0.298568		304.44		
00:00:04:549		6.38099e+06		123.36		56.1103		0		0.298568		304.65		
00:00:04:500		6.40157e+06		121.608		56.1103		0		0.298568		304.755		
00:00:04:400		6.43604e+06		121.608		54.3609		0		0.281644		304.965		
00:00:04:150		6.49462e+06		119.885		52.6586		0		0.264503		305.494		
00:00:04:049		6.51079e+06		119.885		52.6586		0		0.264503		305.706		
00:00:04:049		6.51079e+06		119.885		52.6586		0		0.264503		305.706		
00:00:03:950		6.52429e+06		118.197		51.0091		0		0.247206		305.917		
00:00:03:850		6.53574e+06		118.197		51.0091		0		0.247206		306.128		
00:00:03:750		6.54564e+06		116.55		51.0091		0		0.247206		306.339		
00:00:03:649		6.55437e+06		116.55		49.4176		0		0.229792		306.551		
00:00:03:549		6.56221e+06		116.55		49.4176		0		0.229792		306.763		
00:00:03:450		6.56941e+06		114.949		47.8892		0		0.212288		306.974		
00:00:03:250		6.58268e+06		113.401		47.8892		0		0.212288		307.392		
00:00:03:250		6.58268e+06		113.401		47.8892		0		0.212288		307.392		
00:00:03:149		6.58917e+06		113.401		46.4285		0		0.194707		307.599		
00:00:03:049		6.59591e+06		113.401		46.4285		0		0.194707		307.801		
00:00:03:000		6.59948e+06		111.911		46.4285		0		0.194707		307.901		
00:00:02:850		6.61182e+06		111.911		45.0399		0		0.177048		308.195		
00:00:02:750		6.62159e+06		110.484		45.0399		0		0.177048		308.384		
00:00:02:649		6.63063e+06		110.484		43.7274		0		0.159316		308.564		
00:00:02:549		6.63896e+06		110.484		43.7274		0		0.159316		308.735		
00:00:02:450		6.64655e+06		109.125		42.495		0		0.141528		308.897		
00:00:02:250		6.65902e+06		107.842		42.495		0		0.141528		309.189		
00:00:02:250		6.65902e+06		107.842		42.495		0		0.141528		309.189		
00:00:02:149		6.66333e+06		107.842		41.3469		0		0.123705		309.316		
00:00:02:049		6.66565e+06		107.842		41.3469		0		0.123705		309.429		
00:00:01:949		6.66459e+06		106.641		40.2881		0		0.10591		309.525		
00:00:01:850		6.65775e+06		106.641		40.2881		0		0.10591		309.605		
00:00:01:750		6.64094e+06		105.529		40.2881		0		0.10591		309.668		
00:00:01:649		6.60781e+06		105.529		39.3273		0		0.0883792		309.717		
00:00:01:550		6.55497e+06		105.529		39.3273		0		0.0883792		309.753		
00:00:01:449		6.51516e+06		104.513		38.4811		0		0.0709378		309.78		
00:00:01:300		6.4895e+06		104.513		38.4811		0		0.0709378		309.807		
00:00:01:199		6.48483e+06		103.596		37.7567		0		0.0534216		309.82		
00:00:01:100		6.50113e+06		103.596		37.7567		0		0.0534216		309.83		
00:00:01:000		6.51744e+06		102.777		37.7567		0		0.0534216		309.837		
00:00:00:900		6.53375e+06		102.777		37.1611		0		0.0357961		309.843		
00:00:00:800		6.54992e+06		102.777		37.1611		0		0.0357961		309.845		
00:00:00:699		6.56781e+06		102.076		36.6862		0		0.0180285		309.846		
00:00:00:599		6.58936e+06		102.076		36.6862		0		0.0180285		309.846		
00:00:00:500		6.61632e+06		101.413		36.6862		0		0.0180285		309.846		
00:00:00:400		6.65162e+06		101.413		36.3834		0		0		309.846		
00:00:00:299		6.70077e+06		101.413		36.3834		0		0		309.846		
00:00:00:200		6.77635e+06		100.069		36.3837		0		0		309.846		
00:00:00:100		6.83116e+06		100.069		36.3837		0		0		309.846		
00:00:00:000		6.83115e+06		100.069		36.3837		0		0		309.846		
00:00:00:000		6.83115e+06		100.069		36.3837		0		0		309.846		
00:00:00:000		6.83115e+06		100.069		36.3837		0		0		309.846		
00:00:00:000		6.83115e+06		100.069		36.3837		0		0		309.846		
00:00:00:000		6.83115e+06		100.069		36.3837		0		0		309.846		
00:00:00:000		6.83115e+06		100.069		36.3837		0		0		309.846		
