	time 		gpv001pnt10113ppntm	evf507ety101mpzoyout	chtcon(1)	chavg(1)	chlhsumpa	rcptavgn	
00:01:05:099		1.48906e+06		299.631		130.965		0		3		266.062		
00:01:05:000		1.48907e+06		299.28		130.965		0		3		266.118		
00:01:04:900		1.48908e+06		299.28		130.968		0		3		266.175		
00:01:04:799		1.48909e+06		299.28		130.968		0		3		266.232		
00:01:04:700		1.4891e+06		298.928		130.973		0		3		266.286		
00:01:04:599		1.4891e+06		298.928		130.973		0		3		266.336		
00:01:04:500		1.48911e+06		298.574		130.973		0		3		266.388		
00:01:04:400		1.48912e+06		298.574		130.978		0		3		266.443		
00:01:04:299		1.48913e+06		298.574		130.978		0		3		266.5		
00:01:04:200		1.48914e+06		298.22		130.984		0		3		266.558		
00:01:04:099		1.48915e+06		298.22		130.984		0		3		266.617		
00:01:04:000		1.48916e+06		297.864		130.984		0		3		266.676		
00:01:03:850		1.48917e+06		297.864		130.991		0		3		266.765		
00:01:03:850		1.48917e+06		297.864		130.991		0		3		266.765		
00:01:03:649		1.48919e+06		297.507		131		0		3		266.875		
00:01:03:649		1.48919e+06		297.507		131		0		3		266.875		
00:01:03:549		1.48919e+06		297.507		131		0		3		266.93		
00:01:03:450		1.4892e+06		297.15		131.009		0		3		266.989		
00:01:03:350		1.48921e+06		297.15		131.009		0		3		267.048		
00:01:03:250		1.48922e+06		296.791		131.009		0		3		267.108		
00:01:03:100		1.48923e+06		296.791		131.019		0		3		267.198		
00:01:03:000		1.48924e+06		296.433		131.019		0		3		267.256		
00:01:02:899		1.48925e+06		296.433		131.03		0		3		267.315		
00:01:02:799		1.48926e+06		296.433		131.03		0		3		267.373		
00:01:02:700		1.48927e+06		296.071		131.043		0		3		267.43		
00:01:02:600		1.48927e+06		296.071		131.043		0		3		267.487		
00:01:02:450		1.48929e+06		295.712		131.056		0		3		267.574		
00:01:02:450		1.48929e+06		295.712		131.056		0		3		267.574		
00:01:02:350		1.4893e+06		295.712		131.056		0		3		267.632		
00:01:02:250		1.4893e+06		295.35		131.056		0		3		267.691		
00:01:02:149		1.48931e+06		295.35		131.071		0		3		267.75		
00:01:02:049		1.48932e+06		295.35		131.071		0		3		267.806		
00:01:01:950		1.48933e+06		294.988		131.086		0		3		267.863		
00:01:01:850		1.48934e+06		294.988		131.086		0		3		267.919		
00:01:01:649		1.48936e+06		294.624		131.103		0		3		268.029		
00:01:01:649		1.48936e+06		294.624		131.103		0		3		268.029		
00:01:01:549		1.48936e+06		294.624		131.103		0		3		268.084		
00:01:01:450		1.48937e+06		294.261		131.121		0		3		268.139		
00:01:01:350		1.48938e+06		294.261		131.121		0		3		268.194		
00:01:01:250		1.48939e+06		293.895		131.121		0		3		268.249		
00:01:01:149		1.4894e+06		293.895		131.141		0		3		268.304		
00:01:01:049		1.48941e+06		293.895		131.141		0		3		268.359		
00:01:00:950		1.48941e+06		293.53		131.161		0		3		268.413		
00:01:00:850		1.48942e+06		293.53		131.161		0		3		268.465		
00:01:00:649		1.48944e+06		293.163		131.183		0		3		268.57		
00:01:00:649		1.48944e+06		293.163		131.183		0		3		268.57		
00:01:00:549		1.48945e+06		293.163		131.183		0		3		268.624		
00:01:00:450		1.48946e+06		292.798		131.206		0		3		268.677		
00:01:00:350		1.48947e+06		292.798		131.206		0		3		268.73		
00:01:00:250		1.48947e+06		292.43		131.206		0		3		268.781		
00:01:00:149		1.48948e+06		292.43		131.23		0		3		268.834		
00:01:00:049		1.48949e+06		292.43		131.23		0		3		268.883		
00:01:00:000		1.4895e+06		292.063		131.23		0		3		268.907		
00:00:59:899		1.4895e+06		292.063		131.256		0		3		268.956		
00:00:59:649		1.48953e+06		291.695		131.283		0		3		269.076		
00:00:59:649		1.48953e+06		291.695		131.283		0		3		269.076		
00:00:59:600		1.48953e+06		291.695		131.283		0		3		269.099		
00:00:59:450		1.48954e+06		291.326		131.313		0		3		269.172		
00:00:59:350		1.48955e+06		291.326		131.313		0		3		269.22		
00:00:59:250		1.48956e+06		290.956		131.313		0		3		269.269		
00:00:59:149		1.48957e+06		290.956		131.344		0		3		269.318		
00:00:59:100		1.48957e+06		290.956		131.344		0		3		269.342		
00:00:59:000		1.48958e+06		290.585		131.344		0		3		269.386		
00:00:58:799		1.4896e+06		290.585		131.377		0		3		269.471		
00:00:58:700		1.48961e+06		290.213		131.412		0		3		269.516		
00:00:58:700		1.48961e+06		290.213		131.412		0		3		269.516		
00:00:58:549		1.48962e+06		290.213		131.412		0		3		269.581		
00:00:58:500		1.48962e+06		289.84		131.449		0		3		269.6		
00:00:58:350		1.48964e+06		289.84		131.449		0		3		269.657		
00:00:58:250		1.48964e+06		289.465		131.449		0		3		269.697		
00:00:58:149		1.48965e+06		289.465		131.489		0		3		269.737		
00:00:58:049		1.48966e+06		289.465		131.489		0		3		269.779		
00:00:57:950		1.48967e+06		289.09		131.53		0		3		269.822		
00:00:57:850		1.48968e+06		289.09		131.53		0		3		269.865		
00:00:57:750		1.48969e+06		288.715		131.53		0		3		269.907		
00:00:57:649		1.4897e+06		288.715		131.574		0		3		269.95		
00:00:57:549		1.4897e+06		288.715		131.574		0		3		269.993		
00:00:57:450		1.48971e+06		288.339		131.62		0		3		270.037		
00:00:57:350		1.48972e+06		288.339		131.62		0		3		270.081		
00:00:57:250		1.48973e+06		287.962		131.62		0		3		270.127		
00:00:57:149		1.48974e+06		287.962		131.669		0		3		270.176		
00:00:57:049		1.48975e+06		287.962		131.669		0		3		270.225		
00:00:56:950		1.48975e+06		287.585		131.721		0		3		270.275		
00:00:56:850		1.48976e+06		287.585		131.721		0		3		270.321		
00:00:56:750		1.48977e+06		287.207		131.721		0		3		270.368		
00:00:56:649		1.48978e+06		287.207		131.775		0		3		270.408		
00:00:56:549		1.48979e+06		287.207		131.775		0		3		270.455		
00:00:56:450		1.4898e+06		286.827		131.832		0		3		270.503		
00:00:56:350		1.48981e+06		286.827		131.832		0		3		270.551		
00:00:56:200		1.48982e+06		286.446		131.891		0		3		270.615		
00:00:56:200		1.48982e+06		286.446		131.891		0		3		270.615		
00:00:56:049		1.48983e+06		286.446		131.891		0		3		270.674		
00:00:55:950		1.48984e+06		286.063		131.954		0		3		270.717		
00:00:55:850		1.48985e+06		286.063		131.954		0		3		270.763		
00:00:55:750		1.48986e+06		285.678		131.954		0		3		270.812		
00:00:55:649		1.48987e+06		285.678		132.02		0		3		270.861		
00:00:55:549		1.48987e+06		285.678		132.02		0		3		270.91		
00:00:55:450		1.48988e+06		285.294		132.089		0		3		270.952		
00:00:55:450		1.48988e+06		285.294		132.089		0		3		270.952		
00:00:55:299		1.4899e+06		285.294		132.089		0		3		271.021		
00:00:55:200		1.4899e+06		284.908		132.161		0		3		271.07		
00:00:55:100		1.48991e+06		284.908		132.161		0		3		271.118		
00:00:55:000		1.48992e+06		284.521		132.161		0		3		271.16		
00:00:54:899		1.48993e+06		284.521		132.237		0		3		271.199		
00:00:54:700		1.48995e+06		284.131		132.316		0		3		271.283		
00:00:54:700		1.48995e+06		284.131		132.316		0		3		271.283		
00:00:54:600		1.48995e+06		284.131		132.316		0		3		271.329		
00:00:54:399		1.48997e+06		283.741		132.4		0		3		271.429		
00:00:54:299		1.48998e+06		283.741		132.4		0		3		271.477		
00:00:54:299		1.48998e+06		283.741		132.4		0		3		271.477		
00:00:54:200		1.48999e+06		283.35		132.487		0		3		271.519		
00:00:54:100		1.49e+06		283.35		132.487		0		3		271.566		
00:00:54:000		1.49001e+06		282.956		132.487		0		3		271.614		
00:00:53:799		1.49002e+06		282.956		132.578		0		3		271.709		
00:00:53:700		1.49003e+06		282.562		132.673		0		3		271.748		
00:00:53:700		1.49003e+06		282.562		132.673		0		3		271.748		
00:00:53:600		1.49004e+06		282.562		132.673		0		3		271.79		
00:00:53:500		1.49005e+06		282.166		132.673		0		3		271.831		
00:00:53:399		1.49006e+06		282.166		132.773		0		3		271.876		
00:00:53:299		1.49007e+06		282.166		132.773		0		3		271.925		
00:00:53:200		1.49007e+06		281.769		132.877		0		3		271.976		
00:00:53:100		1.49008e+06		281.769		132.877		0		3		272.026		
00:00:53:000		1.49009e+06		281.372		132.877		0		3		272.071		
00:00:52:899		1.4901e+06		281.372		132.986		0		3		272.114		
00:00:52:700		1.49012e+06		280.972		133.099		0		3		272.211		
00:00:52:700		1.49012e+06		280.972		133.099		0		3		272.211		
00:00:52:600		1.49012e+06		280.972		133.099		0		3		272.259		
00:00:52:500		1.49013e+06		280.573		133.099		0		3		272.301		
00:00:52:399		1.49014e+06		280.573		133.218		0		3		272.342		
00:00:52:299		1.49015e+06		280.573		133.218		0		3		272.383		
00:00:52:200		1.49016e+06		280.169		133.341		0		3		272.427		
00:00:52:049		1.49017e+06		280.169		133.341		0		3		272.5		
00:00:51:950		1.49018e+06		279.764		133.47		0		2.98668		272.551		
00:00:51:750		1.4902e+06		279.36		133.47		0		2.98668		272.646		
00:00:51:649		1.49021e+06		279.36		133.604		0		2.97291		272.689		
00:00:51:649		1.49021e+06		279.36		133.604		0		2.97291		272.689		
00:00:51:549		1.49021e+06		279.36		133.604		0		2.97291		272.737		
00:00:51:450		1.49022e+06		278.955		133.743		0		2.95912		272.786		
00:00:51:350		1.49023e+06		278.955		133.743		0		2.95912		272.833		
00:00:51:250		1.49024e+06		278.547		133.743		0		2.95912		272.875		
00:00:51:149		1.49025e+06		278.547		133.888		0		2.94529		272.915		
00:00:51:049		1.49026e+06		278.547		133.888		0		2.94529		272.959		
00:00:50:950		1.49026e+06		278.14		134.039		0		2.93144		273.005		
00:00:50:750		1.49028e+06		277.73		134.039		0		2.93144		273.105		
00:00:50:649		1.49029e+06		277.73		134.195		0		2.91757		273.155		
00:00:50:649		1.49029e+06		277.73		134.195		0		2.91757		273.155		
00:00:50:549		1.4903e+06		277.73		134.195		0		2.91757		273.201		
00:00:50:450		1.49031e+06		277.32		134.358		0		2.90369		273.244		
00:00:50:350		1.49032e+06		277.32		134.358		0		2.90369		273.29		
00:00:50:250		1.49032e+06		276.908		134.358		0		2.90369		273.338		
00:00:50:149		1.49033e+06		276.908		134.526		0		2.88977		273.384		
00:00:50:049		1.49034e+06		276.908		134.526		0		2.88977		273.426		
00:00:49:950		1.49035e+06		276.496		134.701		0		2.87581		273.466		
00:00:49:850		1.49036e+06		276.496		134.701		0		2.87581		273.51		
00:00:49:750		1.49037e+06		276.081		134.701		0		2.87581		273.557		
00:00:49:649		1.49038e+06		276.081		134.882		0		2.86184		273.608		
00:00:49:549		1.49038e+06		276.081		134.882		0		2.86184		273.659		
00:00:49:450		1.49039e+06		275.666		135.07		0		2.84786		273.708		
00:00:49:350		1.4904e+06		275.666		135.07		0		2.84786		273.753		
00:00:49:250		1.49041e+06		275.248		135.264		0		2.83385		273.818		
00:00:49:149		1.49042e+06		275.248		135.264		0		2.83385		273.818		
00:00:49:149		1.49042e+06		275.248		135.264		0		2.83385		273.841		
00:00:49:000		1.49043e+06		274.831		135.264		0		2.83385		273.909		
00:00:48:899		1.49044e+06		274.831		135.465		0		2.8198		273.953		
00:00:48:700		1.49046e+06		274.412		135.675		0		2.80572		274.038		
00:00:48:700		1.49046e+06		274.412		135.675		0		2.80572		274.038		
00:00:48:600		1.49046e+06		274.412		135.675		0		2.80572		274.085		
00:00:48:399		1.49048e+06		273.997		135.891		0		2.79163		274.187		
00:00:48:399		1.49048e+06		273.997		135.891		0		2.79163		274.187		
00:00:48:299		1.49049e+06		273.997		135.891		0		2.79163		274.238		
00:00:48:200		1.4905e+06		273.582		136.112		0		2.77752		274.285		
00:00:48:100		1.49051e+06		273.582		136.112		0		2.77752		274.326		
00:00:48:000		1.49052e+06		273.164		136.112		0		2.77752		274.37		
00:00:47:899		1.49052e+06		273.164		136.338		0		2.76338		274.414		
00:00:47:700		1.49054e+06		272.745		136.569		0		2.7492		274.5		
00:00:47:700		1.49054e+06		272.745		136.569		0		2.7492		274.5		
00:00:47:600		1.49055e+06		272.745		136.569		0		2.7492		274.544		
00:00:47:500		1.49056e+06		272.326		136.569		0		2.7492		274.591		
00:00:47:399		1.49057e+06		272.326		136.804		0		2.735		274.641		
00:00:47:200		1.49058e+06		271.906		137.045		0		2.72079		274.744		
00:00:47:200		1.49058e+06		271.906		137.045		0		2.72079		274.744		
00:00:47:100		1.49059e+06		271.906		137.045		0		2.72079		274.793		
00:00:47:000		1.4906e+06		271.483		137.045		0		2.72079		274.834		
00:00:46:899		1.49061e+06		271.483		137.29		0		2.70655		274.878		
00:00:46:700		1.49063e+06		271.058		137.54		0		2.69227		274.965		
00:00:46:700		1.49063e+06		271.058		137.54		0		2.69227		274.965		
00:00:46:600		1.49063e+06		271.058		137.54		0		2.69227		275.008		
00:00:46:500		1.49064e+06		270.634		137.54		0		2.69227		275.053		
00:00:46:350		1.49066e+06		270.634		137.795		0		2.67796		275.126		
00:00:46:250		1.49066e+06		270.209		137.795		0		2.67796		275.178		
00:00:46:149		1.49067e+06		270.209		138.056		0		2.66364		275.229		
00:00:46:049		1.49068e+06		270.209		138.056		0		2.66364		275.279		
00:00:45:950		1.49069e+06		269.781		138.322		0		2.6493		275.324		
00:00:45:750		1.49071e+06		269.351		138.322		0		2.6493		275.41		
00:00:45:649		1.49072e+06		269.351		138.592		0		2.63491		275.453		
00:00:45:649		1.49072e+06		269.351		138.592		0		2.63491		275.453		
00:00:45:549		1.49072e+06		269.351		138.592		0		2.63491		275.496		
00:00:45:450		1.49073e+06		268.92		138.868		0		2.62049		275.541		
00:00:45:350		1.49074e+06		268.92		138.868		0		2.62049		275.588		
00:00:45:250		1.49075e+06		268.489		138.868		0		2.62049		275.64		
00:00:45:149		1.49076e+06		268.489		139.15		0		2.60606		275.691		
00:00:45:049		1.49077e+06		268.489		139.15		0		2.60606		275.743		
00:00:44:950		1.49077e+06		268.056		139.436		0		2.59161		275.792		
00:00:44:850		1.49078e+06		268.056		139.436		0		2.59161		275.837		
00:00:44:750		1.49079e+06		267.622		139.436		0		2.59161		275.88		
00:00:44:649		1.4908e+06		267.622		139.729		0		2.57713		275.925		
00:00:44:549		1.49081e+06		267.622		139.729		0		2.57713		275.968		
00:00:44:450		1.49082e+06		267.184		140.026		0		2.56259		276.013		
00:00:44:350		1.49083e+06		267.184		140.026		0		2.56259		276.06		
00:00:44:250		1.49083e+06		266.746		140.026		0		2.56259		276.111		
00:00:44:149		1.49084e+06		266.746		140.329		0		2.54805		276.164		
00:00:44:049		1.49085e+06		266.746		140.329		0		2.54805		276.216		
00:00:43:950		1.49086e+06		266.306		140.638		0		2.53349		276.266		
00:00:43:850		1.49087e+06		266.306		140.638		0		2.53349		276.314		
00:00:43:700		1.49088e+06		265.865		140.952		0		2.51889		276.379		
00:00:43:700		1.49088e+06		265.865		140.952		0		2.51889		276.379		
00:00:43:549		1.49089e+06		265.865		140.952		0		2.51889		276.447		
00:00:43:399		1.49091e+06		265.865		140.952		0		2.51889		276.447		
00:00:43:399		1.49091e+06		265.42		141.271		0		2.50425		276.517		
00:00:43:299		1.49092e+06		265.42		141.271		0		2.50425		276.567		
00:00:43:200		1.49092e+06		264.971		141.596		0		2.4896		276.62		
00:00:43:100		1.49093e+06		264.971		141.596		0		2.4896		276.672		
00:00:43:000		1.49094e+06		264.522		141.596		0		2.4896		276.724		
00:00:42:899		1.49095e+06		264.522		141.926		0		2.47492		276.774		
00:00:42:700		1.49097e+06		264.069		142.262		0		2.46021		276.864		
00:00:42:700		1.49097e+06		264.069		142.262		0		2.46021		276.864		
00:00:42:600		1.49097e+06		264.069		142.262		0		2.46021		276.91		
00:00:42:500		1.49098e+06		263.611		142.262		0		2.46021		276.957		
00:00:42:399		1.49099e+06		263.611		142.604		0		2.44545		277.007		
00:00:42:299		1.491e+06		263.611		142.604		0		2.44545		277.06		
00:00:42:200		1.49101e+06		263.147		142.952		0		2.4307		277.113		
00:00:42:100		1.49102e+06		263.147		142.952		0		2.4307		277.165		
00:00:42:000		1.49103e+06		262.671		142.952		0		2.4307		277.217		
00:00:41:899		1.49103e+06		262.671		143.308		0		2.41591		277.266		
00:00:41:700		1.49105e+06		262.18		143.672		0		2.40108		277.358		
00:00:41:700		1.49105e+06		262.18		143.672		0		2.40108		277.358		
00:00:41:600		1.49106e+06		262.18		143.672		0		2.40108		277.406		
00:00:41:500		1.49107e+06		261.663		143.672		0		2.40108		277.456		
00:00:41:399		1.49108e+06		261.663		144.046		0		2.38622		277.51		
00:00:41:299		1.49109e+06		261.663		144.046		0		2.38622		277.563		
00:00:41:200		1.49109e+06		261.099		144.432		0		2.37134		277.616		
00:00:41:000		1.49111e+06		260.852		144.432		0		2.37134		277.717		
00:00:41:000		1.49111e+06		260.852		144.432		0		2.37134		277.717		
00:00:40:899		1.49112e+06		260.852		144.821		0		2.35643		277.762		
00:00:40:700		1.49114e+06		260.604		145.212		0		2.34148		277.862		
00:00:40:700		1.49114e+06		260.604		145.212		0		2.34148		277.862		
00:00:40:600		1.49114e+06		260.604		145.212		0		2.34148		277.915		
00:00:40:500		1.49115e+06		260.355		145.212		0		2.34148		277.969		
00:00:40:399		1.49116e+06		260.355		145.606		0		2.32653		278.023		
00:00:40:299		1.49117e+06		260.355		145.606		0		2.32653		278.075		
00:00:40:200		1.49118e+06		260.108		146.002		0		2.31154		278.126		
00:00:40:100		1.49119e+06		260.108		146.002		0		2.31154		278.171		
00:00:40:000		1.4912e+06		259.86		146.002		0		2.31154		278.221		
00:00:39:799		1.49121e+06		259.86		146.4		0		2.2965		278.326		
00:00:39:700		1.49122e+06		259.611		146.8		0		2.28146		278.38		
00:00:39:700		1.49122e+06		259.611		146.8		0		2.28146		278.38		
00:00:39:600		1.49123e+06		259.611		146.8		0		2.28146		278.459		
00:00:39:450		1.49124e+06		259.362		147.202		0		2.26638		278.51		
00:00:39:350		1.49125e+06		259.362		147.202		0		2.26638		278.559		
00:00:39:250		1.49126e+06		259.114		147.202		0		2.26638		278.608		
00:00:39:149		1.49127e+06		259.114		147.605		0		2.25126		278.661		
00:00:39:049		1.49128e+06		259.114		147.605		0		2.25126		278.715		
00:00:38:950		1.49128e+06		258.864		148.011		0		2.23613		278.768		
00:00:38:899		1.49129e+06		258.864		148.011		0		2.23613		278.794		
00:00:38:649		1.49131e+06		258.615		148.417		0		2.22096		278.921		
00:00:38:649		1.49131e+06		258.615		148.417		0		2.22096		278.921		
00:00:38:549		1.49132e+06		258.615		148.417		0		2.22096		278.97		
00:00:38:450		1.49133e+06		258.366		148.825		0		2.20577		279.022		
00:00:38:350		1.49134e+06		258.366		148.825		0		2.20577		279.076		
00:00:38:250		1.49134e+06		258.115		148.825		0		2.20577		279.128		
00:00:38:149		1.49135e+06		258.115		149.235		0		2.19055		279.18		
00:00:38:049		1.49136e+06		258.115		149.235		0		2.19055		279.231		
00:00:37:950		1.49137e+06		257.865		149.645		0		2.17529		279.281		
00:00:37:750		1.49139e+06		257.614		149.645		0		2.17529		279.384		
00:00:37:649		1.4914e+06		257.614		150.056		0		2.16001		279.437		
00:00:37:649		1.4914e+06		257.614		150.056		0		2.16001		279.437		
00:00:37:549		1.4914e+06		257.614		150.056		0		2.16001		279.488		
00:00:37:450		1.49141e+06		257.363		150.467		0		2.1447		279.539		
00:00:37:350		1.49142e+06		257.363		150.467		0		2.1447		279.59		
00:00:37:250		1.49143e+06		257.111		150.467		0		2.1447		279.639		
00:00:37:149		1.49144e+06		257.111		150.879		0		2.12936		279.692		
00:00:37:049		1.49145e+06		257.111		150.879		0		2.12936		279.744		
00:00:36:950		1.49145e+06		256.859		151.29		0		2.114		279.796		
00:00:36:750		1.49147e+06		256.604		151.29		0		2.114		279.897		
00:00:36:649		1.49148e+06		256.604		151.701		0		2.0986		279.947		
00:00:36:649		1.49148e+06		256.604		151.701		0		2.0986		279.947		
00:00:36:549		1.49149e+06		256.604		151.701		0		2.0986		279.999		
00:00:36:450		1.4915e+06		256.348		152.112		0		2.0832		280.051		
00:00:36:350		1.49151e+06		256.348		152.112		0		2.0832		280.102		
00:00:36:250		1.49151e+06		256.089		152.112		0		2.0832		280.153		
00:00:36:149		1.49152e+06		256.089		152.522		0		2.06777		280.203		
00:00:36:049		1.49153e+06		256.089		152.522		0		2.06777		280.253		
00:00:35:899		1.49154e+06		255.828		152.931		0		2.05234		280.33		
00:00:35:899		1.49154e+06		255.828		152.931		0		2.05234		280.33		
00:00:35:700		1.49156e+06		255.565		153.339		0		2.03688		280.431		
00:00:35:700		1.49156e+06		255.565		153.339		0		2.03688		280.431		
00:00:35:500		1.49158e+06		255.298		153.339		0		2.03688		280.531		
00:00:35:500		1.49158e+06		255.298		153.339		0		2.03688		280.531		
00:00:35:399		1.49159e+06		255.298		153.745		0		2.0214		280.582		
00:00:35:200		1.4916e+06		255.029		154.15		0		2.00591		280.684		
00:00:35:200		1.4916e+06		255.029		154.15		0		2.00591		280.684		
00:00:35:049		1.49162e+06		255.029		154.15		0		2.00591		280.76		
00:00:34:950		1.49162e+06		254.758		154.552		0		1.99039		280.81		
00:00:34:850		1.49163e+06		254.758		154.552		0		1.99039		280.861		
00:00:34:750		1.49164e+06		254.483		154.552		0		1.99039		280.913		
00:00:34:649		1.49165e+06		254.483		154.952		0		1.97487		280.991		
00:00:34:500		1.49166e+06		254.205		154.952		0		1.97487		281.043		
00:00:34:500		1.49166e+06		254.205		154.952		0		1.97487		281.043		
00:00:34:399		1.49167e+06		254.205		155.35		0		1.95932		281.094		
00:00:34:299		1.49168e+06		254.205		155.35		0		1.95932		281.145		
00:00:34:200		1.49169e+06		253.924		155.744		0		1.94376		281.198		
00:00:34:100		1.4917e+06		253.924		155.744		0		1.94376		281.251		
00:00:34:000		1.49171e+06		253.639		155.744		0		1.94376		281.304		
00:00:33:899		1.49171e+06		253.639		156.135		0		1.92817		281.356		
00:00:33:700		1.49173e+06		253.351		156.522		0		1.91258		281.459		
00:00:33:700		1.49173e+06		253.351		156.522		0		1.91258		281.459		
00:00:33:600		1.49174e+06		253.351		156.522		0		1.91258		281.512		
00:00:33:500		1.49175e+06		253.06		156.522		0		1.91258		281.566		
00:00:33:399		1.49176e+06		253.06		156.905		0		1.89697		281.619		
00:00:33:299		1.49177e+06		253.06		156.905		0		1.89697		281.671		
00:00:33:200		1.49177e+06		252.765		157.283		0		1.88134		281.724		
00:00:33:000		1.49179e+06		252.465		157.283		0		1.88134		281.83		
00:00:33:000		1.49179e+06		252.465		157.283		0		1.88134		281.83		
00:00:32:899		1.4918e+06		252.465		157.656		0		1.8657		281.884		
00:00:32:799		1.49181e+06		252.465		157.656		0		1.8657		281.938		
00:00:32:700		1.49182e+06		252.162		158.023		0		1.85003		281.991		
00:00:32:600		1.49182e+06		252.162		158.023		0		1.85003		282.044		
00:00:32:500		1.49183e+06		251.855		158.023		0		1.85003		282.096		
00:00:32:399		1.49184e+06		251.855		158.384		0		1.83436		282.151		
00:00:32:299		1.49185e+06		251.855		158.384		0		1.83436		282.205		
00:00:32:200		1.49186e+06		251.543		158.739		0		1.81867		282.259		
00:00:32:100		1.49187e+06		251.543		158.739		0		1.81867		282.313		
00:00:32:000		1.49188e+06		251.227		158.739		0		1.81867		282.366		
00:00:31:899		1.49188e+06		251.227		159.086		0		1.80297		282.42		
00:00:31:649		1.49191e+06		250.904		159.425		0		1.78726		282.556		
00:00:31:649		1.49191e+06		250.904		159.425		0		1.78726		282.556		
00:00:31:550		1.49191e+06		250.904		159.425		0		1.78726		282.611		
00:00:31:500		1.49192e+06		250.577		159.425		0		1.78726		282.638		
00:00:31:399		1.49193e+06		250.577		159.755		0		1.77153		282.691		
00:00:31:250		1.49194e+06		250.243		159.755		0		1.77153		282.773		
00:00:31:149		1.49195e+06		250.243		160.077		0		1.75578		282.828		
00:00:31:100		1.49195e+06		250.243		160.077		0		1.75578		282.855		
00:00:31:000		1.49196e+06		249.904		160.077		0		1.75578		282.91		
00:00:30:800		1.49198e+06		249.904		160.388		0		1.74002		283.019		
00:00:30:699		1.49199e+06		249.558		160.689		0		1.72426		283.073		
00:00:30:699		1.49199e+06		249.558		160.689		0		1.72426		283.073		
00:00:30:600		1.49199e+06		249.558		160.689		0		1.72426		283.128		
00:00:30:500		1.492e+06		249.207		160.689		0		1.72426		283.183		
00:00:30:399		1.49201e+06		249.207		160.978		0		1.70848		283.237		
00:00:30:300		1.49202e+06		248.849		160.978		0		1.70848		283.318		
00:00:30:149		1.49203e+06		248.849		161.254		0		1.69269		283.37		
00:00:30:050		1.49204e+06		248.849		161.254		0		1.69269		283.424		
00:00:29:949		1.49205e+06		248.485		161.517		0		1.67689		283.478		
00:00:29:850		1.49206e+06		248.485		161.517		0		1.67689		283.531		
00:00:29:649		1.49208e+06		248.114		161.766		0		1.66107		283.64		
00:00:29:649		1.49208e+06		248.114		161.766		0		1.66107		283.64		
00:00:29:550		1.49208e+06		248.114		161.766		0		1.66107		283.694		
00:00:29:449		1.49209e+06		247.736		162		0		1.64527		283.748		
00:00:29:350		1.4921e+06		247.736		162		0		1.64527		283.801		
00:00:29:250		1.49211e+06		247.351		162		0		1.64527		283.853		
00:00:29:149		1.49212e+06		247.351		162.217		0		1.62945		283.906		
00:00:29:050		1.49213e+06		247.351		162.217		0		1.62945		283.96		
00:00:28:949		1.49213e+06		246.96		162.417		0		1.61363		284.014		
00:00:28:750		1.49215e+06		246.56		162.417		0		1.61363		284.121		
00:00:28:649		1.49216e+06		246.56		162.597		0		1.59782		284.173		
00:00:28:649		1.49216e+06		246.56		162.597		0		1.59782		284.173		
00:00:28:550		1.49217e+06		246.56		162.597		0		1.59782		284.225		
00:00:28:449		1.49218e+06		246.154		162.758		0		1.582		284.277		
00:00:28:350		1.49219e+06		246.154		162.758		0		1.582		284.329		
00:00:28:250		1.49219e+06		245.739		162.758		0		1.582		284.381		
00:00:28:149		1.4922e+06		245.739		162.898		0		1.56617		284.434		
00:00:28:050		1.49221e+06		245.739		162.898		0		1.56617		284.487		
00:00:27:949		1.49222e+06		245.316		163.014		0		1.55036		284.539		
00:00:27:750		1.49224e+06		244.885		163.014		0		1.55036		284.641		
00:00:27:649		1.49225e+06		244.885		163.107		0		1.53454		284.692		
00:00:27:649		1.49225e+06		244.885		163.107		0		1.53454		284.692		
00:00:27:550		1.49225e+06		244.885		163.107		0		1.53454		284.743		
00:00:27:449		1.49226e+06		244.445		163.175		0		1.51872		284.795		
00:00:27:350		1.49227e+06		244.445		163.175		0		1.51872		284.848		
00:00:27:250		1.49228e+06		243.995		163.175		0		1.51872		284.9		
00:00:27:100		1.49229e+06		243.995		163.215		0		1.50292		284.975		
00:00:27:100		1.49229e+06		243.995		163.215		0		1.50292		284.975		
00:00:26:949		1.4923e+06		243.537		163.227		0		1.48711		285.05		
00:00:26:850		1.49231e+06		243.537		163.227		0		1.48711		285.101		
00:00:26:750		1.49232e+06		243.068		163.227		0		1.48711		285.152		
00:00:26:649		1.49233e+06		243.068		163.209		0		1.47131		285.204		
00:00:26:550		1.49234e+06		243.068		163.209		0		1.47131		285.255		
00:00:26:449		1.49235e+06		242.59		163.158		0		1.45551		285.305		
00:00:26:350		1.49236e+06		242.59		163.158		0		1.45551		285.354		
00:00:26:250		1.49236e+06		242.101		163.158		0		1.45551		285.404		
00:00:26:149		1.49237e+06		242.101		163.073		0		1.43973		285.454		
00:00:26:050		1.49238e+06		242.101		163.073		0		1.43973		285.504		
00:00:25:949		1.49239e+06		241.597		162.953		0		1.424		285.555		
00:00:25:800		1.4924e+06		241.597		162.953		0		1.424		285.632		
00:00:25:699		1.49241e+06		241.057		162.797		0		1.40846		285.68		
00:00:25:600		1.49242e+06		241.057		162.797		0		1.40846		285.729		
00:00:25:500		1.49243e+06		240.481		162.797		0		1.40846		285.777		
00:00:25:500		1.49243e+06		240.481		162.797		0		1.40846		285.777		
00:00:25:399		1.49244e+06		240.481		162.606		0		1.39312		285.826		
00:00:25:300		1.49245e+06		240.481		162.606		0		1.39312		285.876		
00:00:25:199		1.49245e+06		239.868		162.38		0		1.37798		285.926		
00:00:25:100		1.49246e+06		239.868		162.38		0		1.37798		285.976		
00:00:25:000		1.49247e+06		239.22		162.38		0		1.37798		286.024		
00:00:24:899		1.49248e+06		239.22		162.118		0		1.36303		286.072		
00:00:24:699		1.4925e+06		238.534		161.822		0		1.34829		286.171		
00:00:24:699		1.4925e+06		238.534		161.822		0		1.34829		286.171		
00:00:24:600		1.49252e+06		238.534		161.822		0		1.34829		286.22		
00:00:24:500		1.49258e+06		237.811		161.822		0		1.34829		286.269		
00:00:24:399		1.49268e+06		237.811		161.49		0		1.33375		286.318		
00:00:24:300		1.49282e+06		237.811		161.49		0		1.33375		286.367		
00:00:24:199		1.493e+06		237.052		161.125		0		1.31941		286.416		
00:00:24:100		1.49322e+06		237.052		161.125		0		1.31941		286.465		
00:00:24:000		1.49348e+06		236.255		161.125		0		1.31941		286.514		
00:00:23:800		1.49413e+06		236.255		160.725		0		1.30526		286.613		
00:00:23:699		1.49451e+06		235.421		160.291		0		1.29132		286.662		
00:00:23:699		1.49451e+06		235.421		160.291		0		1.29132		286.662		
00:00:23:600		1.49493e+06		235.421		160.291		0		1.29132		286.711		
00:00:23:500		1.49539e+06		234.549		160.291		0		1.29132		286.761		
00:00:23:399		1.49589e+06		234.549		159.825		0		1.27758		286.81		
00:00:23:300		1.49643e+06		234.549		159.825		0		1.27758		286.86		
00:00:23:199		1.49702e+06		233.638		159.327		0		1.26405		286.91		
00:00:23:100		1.49764e+06		233.638		159.327		0		1.26405		286.959		
00:00:23:000		1.49865e+06		232.689		158.798		0		1.25072		287.034		
00:00:22:850		1.49937e+06		232.689		158.798		0		1.25072		287.084		
00:00:22:699		1.50053e+06		231.7		158.239		0		1.2376		287.159		
00:00:22:699		1.50053e+06		231.7		158.239		0		1.2376		287.159		
00:00:22:600		1.50137e+06		231.7		158.239		0		1.2376		287.21		
00:00:22:500		1.50228e+06		230.67		158.239		0		1.2376		287.26		
00:00:22:399		1.50328e+06		230.67		157.651		0		1.22469		287.311		
00:00:22:300		1.50435e+06		230.67		157.651		0		1.22469		287.362		
00:00:22:199		1.50551e+06		229.596		157.037		0		1.21202		287.413		
00:00:22:100		1.50708e+06		229.596		157.037		0		1.21202		287.464		
00:00:22:000		1.50807e+06		228.476		157.037		0		1.21202		287.515		
00:00:21:899		1.50948e+06		228.476		156.399		0		1.1996		287.567		
00:00:21:649		1.51334e+06		227.301		155.738		0		1.18749		287.696		
00:00:21:649		1.51334e+06		227.301		155.738		0		1.18749		287.696		
00:00:21:550		1.51503e+06		227.301		155.738		0		1.18749		287.748		
00:00:21:449		1.51681e+06		226.032		155.063		0		1.17598		287.8		
00:00:21:350		1.51866e+06		226.032		155.063		0		1.17598		287.853		
00:00:21:250		1.5206e+06		224.751		155.063		0		1.17598		287.905		
00:00:21:149		1.52263e+06		224.751		154.371		0		1.16448		287.958		
00:00:21:050		1.52474e+06		224.751		154.371		0		1.16448		288.011		
00:00:21:000		1.52582e+06		223.463		154.371		0		1.16448		288.038		
00:00:20:899		1.52806e+06		223.463		153.664		0		1.15293		288.091		
00:00:20:750		1.53157e+06		222.17		153.664		0		1.15293		288.172		
00:00:20:649		1.53402e+06		222.17		152.939		0		1.14133		288.226		
00:00:20:550		1.53655e+06		222.17		152.939		0		1.14133		288.28		
00:00:20:449		1.53917e+06		220.869		152.198		0		1.12969		288.335		
00:00:20:350		1.54188e+06		220.869		152.198		0		1.12969		288.39		
00:00:20:250		1.54467e+06		219.562		152.198		0		1.12969		288.445		
00:00:20:149		1.54755e+06		219.562		151.438		0		1.11801		288.5		
00:00:20:050		1.55052e+06		219.562		151.438		0		1.11801		288.556		
00:00:19:949		1.55361e+06		218.249		150.66		0		1.10627		288.612		
00:00:19:750		1.56018e+06		216.929		150.66		0		1.10627		288.724		
00:00:19:649		1.56367e+06		216.929		149.864		0		1.09449		288.781		
00:00:19:649		1.56367e+06		216.929		149.864		0		1.09449		288.781		
00:00:19:550		1.56728e+06		216.929		149.864		0		1.09449		288.838		
00:00:19:449		1.57103e+06		215.601		149.047		0		1.08265		288.895		
00:00:19:350		1.57492e+06		215.601		149.047		0		1.08265		288.953		
00:00:19:300		1.57691e+06		215.601		149.047		0		1.08265		289.011		
00:00:19:149		1.5831e+06		214.267		148.211		0		1.07077		289.069		
00:00:19:050		1.58739e+06		214.267		148.211		0		1.07077		289.127		
00:00:18:949		1.59183e+06		212.925		147.354		0		1.05883		289.186		
00:00:18:750		1.60112e+06		211.577		147.354		0		1.05883		289.304		
00:00:18:649		1.60597e+06		211.577		146.475		0		1.04685		289.363		
00:00:18:649		1.60597e+06		211.577		146.475		0		1.04685		289.363		
00:00:18:550		1.61097e+06		211.577		146.475		0		1.04685		289.423		
00:00:18:449		1.61612e+06		210.223		145.574		0		1.0348		289.483		
00:00:18:350		1.62141e+06		210.223		145.574		0		1.0348		289.543		
00:00:18:250		1.62684e+06		208.859		145.574		0		1.0348		289.604		
00:00:18:149		1.63243e+06		208.859		144.65		0		1.02271		289.665		
00:00:18:050		1.63817e+06		208.859		144.65		0		1.02271		289.726		
00:00:17:899		1.64705e+06		207.488		143.703		0		1.01056		289.818		
00:00:17:899		1.64705e+06		207.488		143.703		0		1.01056		289.818		
00:00:17:699		1.65944e+06		206.109		142.73		0		0.998374		289.942		
00:00:17:600		1.66587e+06		206.109		142.73		0		0.998374		290.005		
00:00:17:600		1.66587e+06		206.109		142.73		0		0.998374		290.005		
00:00:17:399		1.6792e+06		204.724		141.733		0		0.986115		290.129		
00:00:17:399		1.6792e+06		204.724		141.733		0		0.986115		290.129		
00:00:17:300		1.6861e+06		204.724		141.733		0		0.986115		290.192		
00:00:17:199		1.69317e+06		203.328		140.709		0		0.973824		290.255		
00:00:17:100		1.7004e+06		203.328		140.709		0		0.973824		290.319		
00:00:17:000		1.7078e+06		201.924		140.709		0		0.973824		290.383		
00:00:16:899		1.71537e+06		201.924		139.659		0		0.96148		290.447		
00:00:16:699		1.73101e+06		200.511		138.58		0		0.949081		290.575		
00:00:16:699		1.73101e+06		200.511		138.58		0		0.949081		290.575		
00:00:16:600		1.7391e+06		200.511		138.58		0		0.949081		290.64		
00:00:16:399		1.75614e+06		199.089		137.474		0		0.936627		290.771		
00:00:16:399		1.75614e+06		199.089		137.474		0		0.936627		290.771		
00:00:16:300		1.76515e+06		199.089		137.474		0		0.936627		290.837		
00:00:16:199		1.77447e+06		197.658		136.337		0		0.924117		290.903		
00:00:16:100		1.78413e+06		197.658		136.337		0		0.924117		290.97		
00:00:16:000		1.79413e+06		196.218		136.337		0		0.924117		291.038		
00:00:15:900		1.80446e+06		196.218		135.171		0		0.911547		291.106		
00:00:15:800		1.81514e+06		196.218		135.171		0		0.911547		291.174		
00:00:15:699		1.82617e+06		194.768		133.974		0		0.898923		291.243		
00:00:15:599		1.83756e+06		194.768		133.974		0		0.898923		291.312		
00:00:15:500		1.8493e+06		193.308		133.974		0		0.898923		291.382		
00:00:15:400		1.86142e+06		193.308		132.746		0		0.886241		291.452		
00:00:15:300		1.8739e+06		193.308		132.746		0		0.886241		291.523		
00:00:15:199		1.88677e+06		191.838		131.484		0		0.8735		291.594		
00:00:15:099		1.90002e+06		191.838		131.484		0		0.8735		291.667		
00:00:14:949		1.92064e+06		190.359		130.19		0		0.860699		291.776		
00:00:14:849		1.93489e+06		190.359		130.19		0		0.860699		291.85		
00:00:14:650		1.96461e+06		188.869		128.862		0		0.847838		292		
00:00:14:650		1.96461e+06		188.869		128.862		0		0.847838		292		
00:00:14:550		1.98007e+06		188.869		128.862		0		0.847838		292.076		
00:00:14:449		1.9959e+06		187.37		127.5		0		0.834915		292.153		
00:00:14:349		2.01212e+06		187.37		127.5		0		0.834915		292.231		
00:00:14:250		2.02874e+06		185.859		127.5		0		0.834915		292.309		
00:00:14:150		2.04576e+06		185.859		126.103		0		0.821929		292.388		
00:00:14:050		2.06319e+06		185.859		126.103		0		0.821929		292.469		
00:00:13:949		2.08103e+06		184.338		124.669		0		0.80888		292.549		
00:00:13:849		2.0993e+06		184.338		124.669		0		0.80888		292.629		
00:00:13:750		2.11801e+06		182.806		124.669		0		0.80888		292.711		
00:00:13:650		2.13716e+06		182.806		123.198		0		0.795767		292.793		
00:00:13:500		2.16672e+06		181.263		123.198		0		0.795767		292.918		
00:00:13:500		2.16672e+06		181.263		123.198		0		0.795767		292.918		
00:00:13:349		2.19733e+06		181.263		121.689		0		0.782589		293.044		
00:00:13:250		2.21833e+06		179.709		121.689		0		0.782589		293.129		
00:00:13:099		2.25074e+06		179.709		120.139		0		0.769344		293.258		
00:00:13:099		2.25074e+06		179.709		120.139		0		0.769344		293.258		
00:00:13:000		2.27296e+06		178.143		120.139		0		0.769344		293.344		
00:00:12:900		2.2957e+06		178.143		118.549		0		0.756032		293.431		
00:00:12:750		2.33079e+06		176.565		118.549		0		0.756032		293.562		
00:00:12:650		2.35485e+06		176.565		116.916		0		0.742652		293.65		
00:00:12:550		2.37942e+06		176.565		116.916		0		0.742652		293.738		
00:00:12:449		2.40448e+06		174.975		115.244		0		0.729205		293.826		
00:00:12:349		2.43005e+06		174.975		115.244		0		0.729205		293.914		
00:00:12:250		2.45615e+06		173.374		115.244		0		0.729205		294.002		
00:00:12:150		2.48277e+06		173.374		113.533		0		0.71569		294.091		
00:00:12:000		2.52373e+06		171.76		113.533		0		0.71569		294.224		
00:00:12:000		2.52373e+06		171.76		113.533		0		0.71569		294.224		
00:00:11:800		2.58028e+06		171.76		111.784		0		0.702109		294.403		
00:00:11:699		2.60942e+06		170.135		109.994		0		0.688457		294.494		
00:00:11:699		2.60942e+06		170.135		109.994		0		0.688457		294.494		
00:00:11:599		2.63914e+06		170.135		109.994		0		0.688457		294.585		
00:00:11:500		2.66947e+06		168.497		109.994		0		0.688457		294.677		
00:00:11:400		2.70041e+06		168.497		108.166		0		0.67473		294.77		
00:00:11:300		2.73195e+06		168.497		108.166		0		0.67473		294.864		
00:00:11:199		2.76398e+06		166.847		106.303		0		0.660946		294.959		
00:00:11:099		2.79655e+06		166.847		106.303		0		0.660946		295.056		
00:00:11:000		2.82967e+06		165.185		106.303		0		0.660946		295.154		
00:00:10:900		2.86336e+06		165.185		104.408		0		0.647095		295.252		
00:00:10:800		2.89765e+06		165.185		104.408		0		0.647095		295.352		
00:00:10:650		2.95024e+06		163.511		102.484		0		0.633177		295.505		
00:00:10:550		2.98611e+06		163.511		102.484		0		0.633177		295.608		
00:00:10:500		3.00429e+06		161.825		102.484		0		0.633177		295.661		
00:00:10:400		3.04116e+06		161.825		100.535		0		0.619197		295.767		
00:00:10:300		3.09778e+06		161.825		100.535		0		0.619197		295.874		
00:00:10:150		3.13643e+06		160.127		98.5611		0		0.60515		296.038		
00:00:10:050		3.17582e+06		160.127		98.5611		0		0.60515		296.149		
00:00:09:949		3.21591e+06		158.417		96.5617		0		0.591035		296.262		
00:00:09:849		3.2567e+06		158.417		96.5617		0		0.591035		296.376		
00:00:09:750		3.2982e+06		156.696		96.5617		0		0.591035		296.494		
00:00:09:650		3.34043e+06		156.696		94.5343		0		0.576854		296.613		
00:00:09:550		3.3834e+06		156.696		94.5343		0		0.576854		296.735		
00:00:09:449		3.42714e+06		154.964		92.4809		0		0.562601		296.856		
00:00:09:349		3.47165e+06		154.964		92.4809		0		0.562601		296.978		
00:00:09:250		3.51696e+06		153.22		92.4809		0		0.562601		297.102		
00:00:09:150		3.56307e+06		153.22		90.4037		0		0.548281		297.229		
00:00:09:050		3.61002e+06		153.22		90.4037		0		0.548281		297.357		
00:00:08:949		3.6578e+06		151.468		88.3062		0		0.533898		297.488		
00:00:08:849		3.70644e+06		151.468		88.3062		0		0.533898		297.621		
00:00:08:750		3.75596e+06		149.706		88.3062		0		0.533898		297.756		
00:00:08:650		3.80636e+06		149.706		86.1938		0		0.519442		297.893		
00:00:08:550		3.85768e+06		149.706		86.1938		0		0.519442		298.032		
00:00:08:449		3.90993e+06		147.936		84.0695		0		0.504919		298.173		
00:00:08:349		3.96313e+06		147.936		84.0695		0		0.504919		298.317		
00:00:08:250		4.0173e+06		146.157		84.0695		0		0.504919		298.462		
00:00:08:099		4.10042e+06		146.157		81.9364		0		0.490319		298.685		
00:00:08:099		4.10042e+06		146.157		81.9364		0		0.490319		298.685		
00:00:08:000		4.15711e+06		144.369		81.9364		0		0.490319		298.834		
00:00:07:799		4.2736e+06		144.369		79.7979		0		0.47564		299.14		
00:00:07:799		4.2736e+06		144.369		79.7979		0		0.47564		299.14		
00:00:07:599		4.3944e+06		142.575		77.6582		0		0.460873		299.455		
00:00:07:599		4.3944e+06		142.575		77.6582		0		0.460873		299.455		
00:00:07:450		4.48792e+06		140.775		75.5223		0		0.446029		299.698		
00:00:07:299		4.58403e+06		140.775		75.5223		0		0.446029		299.945		
00:00:07:299		4.58403e+06		140.775		75.5223		0		0.446029		299.945		
00:00:07:200		4.64959e+06		138.973		73.3955		0		0.431102		300.112		
00:00:07:099		4.71636e+06		138.973		73.3955		0		0.431102		300.28		
00:00:07:000		4.78435e+06		137.168		73.3955		0		0.431102		300.448		
00:00:06:900		4.8536e+06		137.168		71.2841		0		0.416091		300.618		
00:00:06:700		4.99595e+06		135.364		69.1938		0		0.400994		300.965		
00:00:06:599		5.06909e+06		135.364		69.1938		0		0.400994		301.142		
00:00:06:599		5.06909e+06		135.364		69.1938		0		0.400994		301.142		
00:00:06:500		5.14331e+06		133.561		69.1938		0		0.400994		301.32		
00:00:06:400		5.21853e+06		133.561		67.1304		0		0.385811		301.5		
00:00:06:299		5.29476e+06		133.561		67.1304		0		0.385811		301.683		
00:00:06:200		5.37202e+06		131.763		65.1023		0		0.370538		301.868		
00:00:06:099		5.45031e+06		131.763		65.1023		0		0.370538		302.054		
00:00:06:000		5.52965e+06		129.97		65.1023		0		0.370538		302.242		
00:00:05:849		5.65065e+06		129.97		63.1184		0		0.355147		302.527		
00:00:05:799		5.69153e+06		129.97		63.1184		0		0.355147		302.623		
00:00:05:650		5.81581e+06		128.187		61.1862		0		0.339664		302.916		
00:00:05:549		5.90006e+06		128.187		61.1862		0		0.339664		303.113		
00:00:05:450		5.98549e+06		126.416		59.3108		0		0.324038		303.31		
00:00:05:400		6.02865e+06		126.416		59.3108		0		0.324038		303.408		
00:00:05:250		6.16006e+06		124.659		59.3108		0		0.324038		303.708		
00:00:05:150		6.2498e+06		124.659		57.4956		0		0.30802		303.91		
00:00:05:049		6.32328e+06		124.659		57.4956		0		0.30802		304.114		
00:00:05:000		6.35265e+06		122.919		57.4956		0		0.30802		304.217		
00:00:04:900		6.40187e+06		122.919		55.7384		0		0.291654		304.423		
00:00:04:799		6.44058e+06		122.919		55.7384		0		0.291654		304.631		
00:00:04:650		6.48387e+06		121.201		54.0224		0		0.275039		304.943		
00:00:04:599		6.49536e+06		121.201		54.0224		0		0.275039		305.047		
00:00:04:450		6.52336e+06		119.513		52.3532		0		0.258247		305.362		
00:00:04:349		6.53798e+06		119.513		52.3532		0		0.258247		305.573		
00:00:04:250		6.55022e+06		117.859		52.3532		0		0.258247		305.783		
00:00:04:150		6.56071e+06		117.859		50.7359		0		0.241326		305.992		
00:00:04:049		6.56983e+06		117.859		50.7359		0		0.241326		306.202		
00:00:03:950		6.57787e+06		116.245		49.1757		0		0.224308		306.412		
00:00:03:850		6.58515e+06		116.245		49.1757		0		0.224308		306.623		
00:00:03:750		6.59189e+06		114.677		49.1757		0		0.224308		306.833		
00:00:03:649		6.59817e+06		114.677		47.6771		0		0.207214		307.043		
00:00:03:549		6.60425e+06		114.677		47.6771		0		0.207214		307.25		
00:00:03:450		6.61019e+06		113.16		46.2444		0		0.190053		307.457		
00:00:03:350		6.61632e+06		113.16		46.2444		0		0.190053		307.663		
00:00:03:250		6.62286e+06		111.699		46.2444		0		0.190053		307.863		
00:00:03:149		6.63033e+06		111.699		44.8819		0		0.172822		308.06		
00:00:03:049		6.63936e+06		111.699		44.8819		0		0.172822		308.252		
00:00:02:950		6.64841e+06		110.3		43.5935		0		0.155526		308.438		
00:00:02:799		6.66077e+06		110.3		43.5935		0		0.155526		308.699		
00:00:02:799		6.66077e+06		110.3		43.5935		0		0.155526		308.699		
00:00:02:649		6.67166e+06		108.967		42.383		0		0.138177		308.939		
00:00:02:500		6.68091e+06		107.707		42.383		0		0.138177		309.157		
00:00:02:500		6.68091e+06		107.707		42.383		0		0.138177		309.157		
00:00:02:299		6.68937e+06		107.707		41.2546		0		0.120792		309.401		
00:00:02:299		6.68937e+06		107.707		41.2546		0		0.120792		309.401		
00:00:02:149		6.69e+06		106.528		40.2138		0		0.103411		309.543		
00:00:02:049		6.68439e+06		106.528		40.2138		0		0.103411		309.618		
00:00:01:949		6.66960e+06		105.434		39.2702		0		0.0861928		309.678		
00:00:01:850		6.63945e+06		105.434		39.2702		0		0.0861928		309.724		
00:00:01:699		6.56123e+06		104.434		38.4423		0		0.069152		309.773		
00:00:01:600		6.54321e+06		104.434		38.4423		0		0.069152		309.794		
00:00:01:600		6.54321e+06		104.434		38.4423		0		0.069152		309.794		
00:00:01:500		6.52369e+06		103.532		38.4423		0		0.069152		309.811		
00:00:01:399		6.51691e+06		103.532		37.7328		0		0.0520898		309.823		
00:00:01:300		6.52647e+06		103.532		37.7328		0		0.0520898		309.832		
00:00:01:199		6.5433e+06		102.727		37.1479		0		0.0349191		309.839		
00:00:01:100		6.56002e+06		102.727		37.1479		0		0.0349191		309.843		
00:00:01:000		6.57709e+06		102.037		37.1479		0		0.0349191		309.846		
00:00:00:900		6.59763e+06		102.037		36.6804		0		0.0176028		309.846		
00:00:00:699		6.65719e+06		101.382		36.3831		0		0		309.846		
00:00:00:599		6.70457e+06		101.382		36.3831		0		0		309.846		
00:00:00:599		6.70457e+06		101.382		36.3831		0		0		309.846		
00:00:00:500		6.77788e+06		100.069		36.3831		0		0		309.846		
00:00:00:400		6.83117e+06		100.069		36.3834		0		0		309.846		
00:00:00:299		6.83116e+06		100.069		36.3834		0		0		309.846		
00:00:00:200		6.83116e+06		100.069		36.3837		0		0		309.846		
00:00:00:100		6.83115e+06		100.069		36.3837		0		0		309.846		
00:00:00:000		6.83115e+06		100.069		36.3837		0		0		309.846		
00:00:00:000		6.83115e+06		100.069		36.3837		0		0		309.846		
00:00:00:000		6.83115e+06		100.069		36.3837		0		0		309.846		
00:00:00:000		6.83115e+06		100.069		36.3837		0		0		309.846		
00:00:00:000		6.83115e+06		100.069		36.3837		0		0		309.846		
