	time 		gpv001pnt10113ppntm	evf507ety101mpzoyout	chtcon(1)	chavg(1)	chlhsumpa	rcptavgn	
00:01:06:349		1.50868e+06		291.011		129.886		0		3		268.766		
00:01:06:250		1.50869e+06		290.713		129.886		0		3		268.797		
00:01:06:150		1.5087e+06		290.713		129.906		0		3		268.831		
00:01:05:950		1.50872e+06		290.413		129.928		0		3		268.895		
00:01:05:849		1.50873e+06		290.413		129.928		0		3		268.923		
00:01:05:849		1.50873e+06		290.413		129.928		0		3		268.923		
00:01:05:700		1.50874e+06		290.111		129.95		0		3		268.969		
00:01:05:650		1.50874e+06		290.111		129.95		0		3		268.985		
00:01:05:549		1.50875e+06		290.111		129.95		0		3		269.016		
00:01:05:450		1.50876e+06		289.809		129.973		0		3		269.046		
00:01:05:349		1.50877e+06		289.809		129.973		0		3		269.072		
00:01:05:250		1.50878e+06		289.504		129.973		0		3		269.097		
00:01:05:150		1.50879e+06		289.504		129.998		0		3		269.125		
00:01:04:950		1.5088e+06		289.197		130.023		0		3		269.184		
00:01:04:799		1.50882e+06		289.197		130.023		0		3		269.234		
00:01:04:799		1.50882e+06		289.197		130.023		0		3		269.234		
00:01:04:750		1.50882e+06		288.889		130.023		0		3		269.25		
00:01:04:650		1.50883e+06		288.889		130.05		0		3		269.282		
00:01:04:549		1.50884e+06		288.889		130.05		0		3		269.31		
00:01:04:400		1.50885e+06		288.58		130.078		0		3		269.354		
00:01:04:299		1.50886e+06		288.58		130.078		0		3		269.385		
00:01:04:200		1.50887e+06		288.269		130.107		0		3		269.416		
00:01:04:099		1.50888e+06		288.269		130.107		0		3		269.445		
00:01:04:000		1.50888e+06		287.957		130.107		0		3		269.47		
00:01:03:899		1.50889e+06		287.957		130.137		0		3		269.495		
00:01:03:799		1.5089e+06		287.957		130.137		0		3		269.522		
00:01:03:700		1.50891e+06		287.642		130.169		0		3		269.55		
00:01:03:600		1.50892e+06		287.642		130.169		0		3		269.581		
00:01:03:500		1.50893e+06		287.327		130.169		0		3		269.614		
00:01:03:399		1.50894e+06		287.327		130.202		0		3		269.647		
00:01:03:299		1.50894e+06		287.327		130.202		0		3		269.677		
00:01:03:200		1.50895e+06		287.01		130.236		0		3		269.704		
00:01:03:100		1.50896e+06		287.01		130.236		0		3		269.734		
00:01:03:000		1.50897e+06		286.693		130.236		0		3		269.765		
00:01:02:899		1.50898e+06		286.693		130.273		0		3		269.795		
00:01:02:799		1.50899e+06		286.693		130.273		0		3		269.825		
00:01:02:700		1.509e+06		286.374		130.311		0		3		269.851		
00:01:02:600		1.509e+06		286.374		130.311		0		3		269.874		
00:01:02:500		1.50901e+06		286.053		130.311		0		3		269.9		
00:01:02:399		1.50902e+06		286.053		130.351		0		3		269.927		
00:01:02:299		1.50903e+06		286.053		130.351		0		3		269.957		
00:01:02:200		1.50904e+06		285.731		130.393		0		3		269.99		
00:01:02:100		1.50905e+06		285.731		130.393		0		3		270.023		
00:01:02:000		1.50905e+06		285.407		130.393		0		3		270.055		
00:01:01:899		1.50906e+06		285.407		130.437		0		3		270.083		
00:01:01:799		1.50907e+06		285.407		130.437		0		3		270.111		
00:01:01:700		1.50908e+06		285.081		130.483		0		3		270.142		
00:01:01:600		1.50909e+06		285.081		130.483		0		3		270.173		
00:01:01:500		1.5091e+06		284.757		130.483		0		3		270.203		
00:01:01:399		1.50911e+06		284.757		130.532		0		3		270.231		
00:01:01:299		1.50911e+06		284.757		130.532		0		3		270.254		
00:01:01:200		1.50912e+06		284.429		130.583		0		3		270.28		
00:01:01:100		1.50913e+06		284.429		130.583		0		3		270.307		
00:01:01:100		1.50913e+06		284.429		130.583		0		3		270.307		
00:01:00:850		1.50915e+06		284.101		130.636		0		3		270.387		
00:01:00:850		1.50915e+06		284.101		130.636		0		3		270.387		
00:01:00:750		1.50916e+06		283.77		130.636		0		3		270.421		
00:01:00:649		1.50917e+06		283.77		130.692		0		3		270.453		
00:01:00:549		1.50918e+06		283.77		130.692		0		3		270.48		
00:01:00:450		1.50919e+06		283.439		130.751		0		3		270.512		
00:01:00:350		1.50919e+06		283.439		130.751		0		3		270.545		
00:01:00:299		1.5092e+06		283.439		130.751		0		3		270.562		
00:01:00:200		1.50921e+06		283.108		130.812		0		3		270.595		
00:01:00:100		1.50922e+06		283.108		130.812		0		3		270.625		
00:00:59:899		1.50923e+06		282.775		130.876		0		3		270.679		
00:00:59:899		1.50923e+06		282.775		130.876		0		3		270.679		
00:00:59:799		1.50924e+06		282.775		130.876		0		3		270.709		
00:00:59:600		1.50926e+06		282.44		130.944		0		3		270.779		
00:00:59:600		1.50926e+06		282.44		130.944		0		3		270.779		
00:00:59:500		1.50927e+06		282.104		130.944		0		3		270.818		
00:00:59:399		1.50928e+06		282.104		131.014		0		3		270.856		
00:00:59:299		1.50928e+06		282.104		131.014		0		3		270.891		
00:00:59:200		1.50929e+06		281.767		131.087		0		3		270.924		
00:00:59:000		1.50931e+06		281.429		131.087		0		3		271		
00:00:58:899		1.50932e+06		281.429		131.164		0		3		271.039		
00:00:58:899		1.50932e+06		281.429		131.164		0		3		271.039		
00:00:58:799		1.50933e+06		281.429		131.164		0		3		271.076		
00:00:58:700		1.50934e+06		281.09		131.244		0		3		271.107		
00:00:58:600		1.50934e+06		281.09		131.244		0		3		271.141		
00:00:58:500		1.50935e+06		280.75		131.244		0		3		271.176		
00:00:58:399		1.50936e+06		280.75		131.328		0		3		271.214		
00:00:58:299		1.50937e+06		280.75		131.328		0		3		271.256		
00:00:58:200		1.50938e+06		280.407		131.415		0		3		271.3		
00:00:58:100		1.50939e+06		280.407		131.415		0		3		271.343		
00:00:57:899		1.5094e+06		280.065		131.506		0		3		271.42		
00:00:57:899		1.5094e+06		280.065		131.506		0		3		271.42		
00:00:57:799		1.50941e+06		280.065		131.506		0		3		271.462		
00:00:57:700		1.50942e+06		279.721		131.601		0		3		271.504		
00:00:57:600		1.50943e+06		279.721		131.601		0		3		271.547		
00:00:57:500		1.50944e+06		279.377		131.601		0		3		271.586		
00:00:57:399		1.50945e+06		279.377		131.7		0		3		271.619		
00:00:57:299		1.50945e+06		279.377		131.7		0		3		271.654		
00:00:57:200		1.50946e+06		279.031		131.803		0		3		271.689		
00:00:57:100		1.50947e+06		279.031		131.803		0		3		271.727		
00:00:56:899		1.50949e+06		278.685		131.911		0		3		271.812		
00:00:56:899		1.50949e+06		278.685		131.911		0		3		271.812		
00:00:56:750		1.5095e+06		278.339		131.911		0		3		271.873		
00:00:56:700		1.50951e+06		278.339		132.022		0		3		271.891		
00:00:56:549		1.50952e+06		278.339		132.022		0		3		271.945		
00:00:56:450		1.50953e+06		277.99		132.139		0		2.99194		271.985		
00:00:56:350		1.50953e+06		277.99		132.139		0		2.99194		272.025		
00:00:56:250		1.50954e+06		277.641		132.139		0		2.99194		272.064		
00:00:56:149		1.50955e+06		277.641		132.26		0		2.97878		272.097		
00:00:56:049		1.50956e+06		277.641		132.26		0		2.97878		272.128		
00:00:55:850		1.50958e+06		277.29		132.386		0		2.9656		272.195		
00:00:55:850		1.50958e+06		277.29		132.386		0		2.9656		272.195		
00:00:55:750		1.50959e+06		276.94		132.386		0		2.9656		272.234		
00:00:55:649		1.50959e+06		276.94		132.518		0		2.9524		272.275		
00:00:55:549		1.5096e+06		276.94		132.518		0		2.9524		272.317		
00:00:55:450		1.50961e+06		276.588		132.654		0		2.9392		272.356		
00:00:55:350		1.50962e+06		276.588		132.654		0		2.9392		272.39		
00:00:55:250		1.50963e+06		276.234		132.654		0		2.9392		272.429		
00:00:55:149		1.50964e+06		276.234		132.796		0		2.92597		272.469		
00:00:54:950		1.50965e+06		275.88		132.944		0		2.91271		272.551		
00:00:54:850		1.50966e+06		275.88		132.944		0		2.91271		272.587		
00:00:54:850		1.50966e+06		275.88		132.944		0		2.91271		272.587		
00:00:54:750		1.50967e+06		275.526		132.944		0		2.91271		272.621		
00:00:54:649		1.50968e+06		275.526		133.097		0		2.89943		272.658		
00:00:54:549		1.50969e+06		275.526		133.097		0		2.89943		272.697		
00:00:54:450		1.5097e+06		275.17		133.257		0		2.88613		272.74		
00:00:54:350		1.5097e+06		275.17		133.257		0		2.88613		272.786		
00:00:54:250		1.50971e+06		274.815		133.257		0		2.88613		272.831		
00:00:54:149		1.50972e+06		274.815		133.422		0		2.87282		272.873		
00:00:54:049		1.50973e+06		274.815		133.422		0		2.87282		272.911		
00:00:53:950		1.50974e+06		274.459		133.594		0		2.85949		272.953		
00:00:53:950		1.50974e+06		274.459		133.594		0		2.85949		272.953		
00:00:53:850		1.50975e+06		274.459		133.594		0		2.85949		272.997		
00:00:53:750		1.50976e+06		274.1		133.772		0		2.84613		273.041		
00:00:53:600		1.50977e+06		274.1		133.772		0		2.84613		273.102		
00:00:53:549		1.50977e+06		274.1		133.772		0		2.84613		273.121		
00:00:53:399		1.50979e+06		273.742		133.958		0		2.83274		273.179		
00:00:53:299		1.50979e+06		273.742		133.958		0		2.83274		273.222		
00:00:53:200		1.5098e+06		273.382		134.149		0		2.81934		273.268		
00:00:53:100		1.50981e+06		273.382		134.149		0		2.81934		273.315		
00:00:52:899		1.50983e+06		273.022		134.348		0		2.80593		273.407		
00:00:52:899		1.50983e+06		273.022		134.348		0		2.80593		273.407		
00:00:52:799		1.50984e+06		273.022		134.348		0		2.80593		273.445		
00:00:52:750		1.50984e+06		272.66		134.348		0		2.80593		273.466		
00:00:52:649		1.50985e+06		272.66		134.554		0		2.79249		273.509		
00:00:52:549		1.50986e+06		272.66		134.554		0		2.79249		273.553		
00:00:52:399		1.50987e+06		272.298		134.767		0		2.77903		273.616		
00:00:52:299		1.50988e+06		272.298		134.767		0		2.77903		273.654		
00:00:52:200		1.50989e+06		271.936		134.988		0		2.76553		273.693		
00:00:52:100		1.5099e+06		271.936		134.988		0		2.76553		273.736		
00:00:51:899		1.50991e+06		271.572		135.216		0		2.75203		273.829		
00:00:51:899		1.50991e+06		271.572		135.216		0		2.75203		273.829		
00:00:51:799		1.50992e+06		271.572		135.216		0		2.75203		273.877		
00:00:51:600		1.50994e+06		271.207		135.452		0		2.73851		273.962		
00:00:51:600		1.50994e+06		271.207		135.452		0		2.73851		273.962		
00:00:51:500		1.50995e+06		270.842		135.452		0		2.73851		274.003		
00:00:51:399		1.50996e+06		270.842		135.695		0		2.72497		274.045		
00:00:51:299		1.50996e+06		270.842		135.695		0		2.72497		274.086		
00:00:51:200		1.50997e+06		270.476		135.947		0		2.71139		274.126		
00:00:51:100		1.50998e+06		270.476		135.947		0		2.71139		274.166		
00:00:50:899		1.51e+06		270.111		136.207		0		2.69779		274.251		
00:00:50:899		1.51e+06		270.111		136.207		0		2.69779		274.251		
00:00:50:799		1.51001e+06		270.111		136.207		0		2.69779		274.298		
00:00:50:700		1.51002e+06		269.748		136.477		0		2.68419		274.346		
00:00:50:600		1.51002e+06		269.748		136.477		0		2.68419		274.394		
00:00:50:500		1.51003e+06		269.388		136.477		0		2.68419		274.439		
00:00:50:399		1.51004e+06		269.388		136.751		0		2.67056		274.477		
00:00:50:299		1.51005e+06		269.388		136.751		0		2.67056		274.519		
00:00:50:200		1.51006e+06		269.025		137.031		0		2.6569		274.56		
00:00:50:100		1.51007e+06		269.025		137.031		0		2.6569		274.601		
00:00:49:850		1.51009e+06		268.663		137.317		0		2.64321		274.702		
00:00:49:850		1.51009e+06		268.663		137.317		0		2.64321		274.702		
00:00:49:799		1.51009e+06		268.663		137.317		0		2.64321		274.723		
00:00:49:700		1.5101e+06		268.297		137.607		0		2.62951		274.769		
00:00:49:600		1.51011e+06		268.297		137.607		0		2.62951		274.817		
00:00:49:500		1.51012e+06		267.932		137.607		0		2.62951		274.866		
00:00:49:350		1.51013e+06		267.932		137.904		0		2.61579		274.936		
00:00:49:250		1.51014e+06		267.568		137.904		0		2.61579		274.977		
00:00:49:200		1.51014e+06		267.568		138.205		0		2.60205		274.996		
00:00:49:049		1.51016e+06		267.568		138.205		0		2.60205		275.058		
00:00:48:850		1.51017e+06		267.201		138.513		0		2.58828		275.138		
00:00:48:850		1.51017e+06		267.201		138.513		0		2.58828		275.138		
00:00:48:750		1.51018e+06		266.835		138.513		0		2.58828		275.18		
00:00:48:649		1.51019e+06		266.835		138.825		0		2.57447		275.223		
00:00:48:549		1.5102e+06		266.835		138.825		0		2.57447		275.27		
00:00:48:450		1.51021e+06		266.467		139.144		0		2.56066		275.318		
00:00:48:350		1.51021e+06		266.467		139.144		0		2.56066		275.366		
00:00:48:250		1.51022e+06		266.099		139.144		0		2.56066		275.413		
00:00:48:149		1.51023e+06		266.099		139.468		0		2.54683		275.456		
00:00:47:950		1.51025e+06		265.729		139.797		0		2.53297		275.536		
00:00:47:850		1.51026e+06		265.729		139.797		0		2.53297		275.576		
00:00:47:850		1.51026e+06		265.729		139.797		0		2.53297		275.576		
00:00:47:750		1.51027e+06		265.357		139.797		0		2.53297		275.616		
00:00:47:649		1.51027e+06		265.357		140.132		0		2.51907		275.658		
00:00:47:549		1.51027e+06		265.357		140.132		0		2.51907		275.658		
00:00:47:549		1.51028e+06		265.357		140.132		0		2.51907		275.702		
00:00:47:450		1.51029e+06		264.982		140.473		0		2.50517		275.75		
00:00:47:200		1.51031e+06		264.609		140.819		0		2.49125		275.871		
00:00:47:200		1.51031e+06		264.609		140.819		0		2.49125		275.871		
00:00:47:100		1.51032e+06		264.609		140.819		0		2.49125		275.916		
00:00:46:899		1.51034e+06		264.233		141.171		0		2.47729		275.998		
00:00:46:899		1.51034e+06		264.233		141.171		0		2.47729		275.998		
00:00:46:799		1.51035e+06		264.233		141.171		0		2.47729		276.039		
00:00:46:750		1.51035e+06		263.855		141.171		0		2.47729		276.059		
00:00:46:649		1.51036e+06		263.855		141.528		0		2.4633		276.1		
00:00:46:500		1.51037e+06		263.475		141.528		0		2.4633		276.167		
00:00:46:399		1.51038e+06		263.475		141.891		0		2.4493		276.216		
00:00:46:299		1.51039e+06		263.475		141.891		0		2.4493		276.265		
00:00:46:200		1.5104e+06		263.092		142.262		0		2.43528		276.313		
00:00:46:100		1.51041e+06		263.092		142.262		0		2.43528		276.36		
00:00:45:899		1.51042e+06		262.703		142.639		0		2.42123		276.443		
00:00:45:899		1.51042e+06		262.703		142.639		0		2.42123		276.443		
00:00:45:799		1.51043e+06		262.703		142.639		0		2.42123		276.485		
00:00:45:700		1.51044e+06		262.308		143.024		0		2.40715		276.527		
00:00:45:600		1.51045e+06		262.308		143.024		0		2.40715		276.571		
00:00:45:500		1.51046e+06		261.903		143.024		0		2.40715		276.617		
00:00:45:399		1.51047e+06		261.903		143.417		0		2.39305		276.667		
00:00:45:299		1.51047e+06		261.903		143.417		0		2.39305		276.715		
00:00:45:200		1.51048e+06		261.483		143.82		0		2.37894		276.764		
00:00:45:100		1.51049e+06		261.483		143.82		0		2.37894		276.811		
00:00:44:899		1.51051e+06		261.035		144.235		0		2.36479		276.895		
00:00:44:899		1.51051e+06		261.035		144.235		0		2.36479		276.895		
00:00:44:799		1.51052e+06		261.035		144.235		0		2.36479		276.938		
00:00:44:700		1.51053e+06		260.538		144.662		0		2.35061		276.982		
00:00:44:600		1.51053e+06		260.538		144.662		0		2.35061		277.028		
00:00:44:450		1.51055e+06		260.371		145.092		0		2.33642		277.102		
00:00:44:350		1.51055e+06		260.371		145.092		0		2.33642		277.151		
00:00:44:250		1.51056e+06		260.206		145.092		0		2.33642		277.2		
00:00:44:149		1.51057e+06		260.206		145.524		0		2.32221		277.246		
00:00:44:049		1.51058e+06		260.206		145.524		0		2.32221		277.289		
00:00:43:850		1.5106e+06		260.042		145.959		0		2.30796		277.376		
00:00:43:850		1.5106e+06		260.042		145.959		0		2.30796		277.376		
00:00:43:750		1.51061e+06		259.878		145.959		0		2.30796		277.423		
00:00:43:649		1.51061e+06		259.878		146.397		0		2.29369		277.473		
00:00:43:549		1.51062e+06		259.878		146.397		0		2.29369		277.522		
00:00:43:450		1.51063e+06		259.714		146.837		0		2.27941		277.571		
00:00:43:350		1.51064e+06		259.714		146.837		0		2.27941		277.62		
00:00:43:250		1.51065e+06		259.551		146.837		0		2.27941		277.666		
00:00:43:200		1.51065e+06		259.551		147.279		0		2.2651		277.688		
00:00:43:049		1.51067e+06		259.551		147.279		0		2.2651		277.753		
00:00:42:950		1.51067e+06		259.388		147.723		0		2.25075		277.8		
00:00:42:850		1.51068e+06		259.388		147.723		0		2.25075		277.849		
00:00:42:750		1.51069e+06		259.225		147.723		0		2.25075		277.899		
00:00:42:649		1.5107e+06		259.225		148.17		0		2.2364		277.948		
00:00:42:549		1.51071e+06		259.225		148.17		0		2.2364		277.996		
00:00:42:450		1.51072e+06		259.063		148.618		0		2.22201		278.043		
00:00:42:350		1.51072e+06		259.063		148.618		0		2.22201		278.086		
00:00:42:250		1.51073e+06		258.9		148.618		0		2.22201		278.133		
00:00:42:149		1.51074e+06		258.9		149.067		0		2.2076		278.182		
00:00:41:950		1.51076e+06		258.738		149.518		0		2.19317		278.282		
00:00:41:850		1.51077e+06		258.738		149.518		0		2.19317		278.331		
00:00:41:850		1.51077e+06		258.738		149.518		0		2.19317		278.331		
00:00:41:750		1.51078e+06		258.577		149.518		0		2.19317		278.379		
00:00:41:649		1.51078e+06		258.577		149.971		0		2.17871		278.425		
00:00:41:549		1.51079e+06		258.577		149.971		0		2.17871		278.47		
00:00:41:549		1.51079e+06		258.577		149.971		0		2.17871		278.47		
00:00:41:299		1.51081e+06		258.415		150.424		0		2.16423		278.594		
00:00:41:299		1.51081e+06		258.415		150.424		0		2.16423		278.594		
00:00:41:200		1.51082e+06		258.253		150.878		0		2.14973		278.643		
00:00:41:100		1.51083e+06		258.253		150.878		0		2.14973		278.692		
00:00:40:899		1.51085e+06		258.092		151.333		0		2.13519		278.785		
00:00:40:899		1.51085e+06		258.092		151.333		0		2.13519		278.785		
00:00:40:799		1.51086e+06		258.092		151.333		0		2.13519		278.835		
00:00:40:700		1.51087e+06		257.93		151.788		0		2.12064		278.885		
00:00:40:600		1.51087e+06		257.93		151.788		0		2.12064		278.935		
00:00:40:500		1.51088e+06		257.768		151.788		0		2.12064		278.984		
00:00:40:299		1.5109e+06		257.768		152.243		0		2.10607		279.08		
00:00:40:299		1.5109e+06		257.768		152.243		0		2.10607		279.08		
00:00:40:200		1.51091e+06		257.604		152.698		0		2.09149		279.128		
00:00:40:100		1.51092e+06		257.604		152.698		0		2.09149		279.179		
00:00:39:899		1.51093e+06		257.438		153.153		0		2.07691		279.278		
00:00:39:899		1.51093e+06		257.438		153.153		0		2.07691		279.278		
00:00:39:799		1.51094e+06		257.438		153.153		0		2.07691		279.326		
00:00:39:700		1.51095e+06		257.271		153.607		0		2.0623		279.374		
00:00:39:600		1.51096e+06		257.271		153.607		0		2.0623		279.422		
00:00:39:500		1.51097e+06		257.101		153.607		0		2.0623		279.473		
00:00:39:399		1.51098e+06		257.101		154.061		0		2.04768		279.523		
00:00:39:200		1.51099e+06		256.93		154.513		0		2.03305		279.621		
00:00:39:200		1.51099e+06		256.93		154.513		0		2.03305		279.621		
00:00:39:100		1.511e+06		256.93		154.513		0		2.03305		279.67		
00:00:38:899		1.51102e+06		256.757		154.965		0		2.01841		279.769		
00:00:38:899		1.51102e+06		256.757		154.965		0		2.01841		279.769		
00:00:38:799		1.51103e+06		256.757		154.965		0		2.01841		279.818		
00:00:38:700		1.51104e+06		256.581		155.414		0		2.00376		279.868		
00:00:38:549		1.51105e+06		256.581		155.414		0		2.00376		279.941		
00:00:38:450		1.51106e+06		256.404		155.861		0		1.9891		279.989		
00:00:38:350		1.51106e+06		256.404		155.861		0		1.9891		280.039		
00:00:38:250		1.51107e+06		256.224		155.861		0		1.9891		280.089		
00:00:38:149		1.51108e+06		256.224		156.307		0		1.97443		280.139		
00:00:38:049		1.51109e+06		256.224		156.307		0		1.97443		280.188		
00:00:37:950		1.5111e+06		256.042		156.749		0		1.95974		280.237		
00:00:37:850		1.51111e+06		256.042		156.749		0		1.95974		280.285		
00:00:37:750		1.51112e+06		255.857		156.749		0		1.95974		280.335		
00:00:37:649		1.51112e+06		255.857		157.189		0		1.94505		280.385		
00:00:37:549		1.51113e+06		255.857		157.189		0		1.94505		280.434		
00:00:37:450		1.51114e+06		255.669		157.625		0		1.93035		280.483		
00:00:37:350		1.51115e+06		255.669		157.625		0		1.93035		280.532		
00:00:37:250		1.51116e+06		255.478		157.625		0		1.93035		280.581		
00:00:37:149		1.51117e+06		255.478		158.057		0		1.91564		280.631		
00:00:37:049		1.51118e+06		255.478		158.057		0		1.91564		280.68		
00:00:36:950		1.51118e+06		255.285		158.485		0		1.90092		280.728		
00:00:36:850		1.51119e+06		255.285		158.485		0		1.90092		280.777		
00:00:36:750		1.5112e+06		255.089		158.485		0		1.90092		280.825		
00:00:36:649		1.51121e+06		255.089		158.909		0		1.8862		280.874		
00:00:36:549		1.51122e+06		255.089		158.909		0		1.8862		280.923		
00:00:36:450		1.51123e+06		254.89		159.327		0		1.87147		280.971		
00:00:36:350		1.51123e+06		254.89		159.327		0		1.87147		281.02		
00:00:36:250		1.51124e+06		254.687		159.327		0		1.87147		281.068		
00:00:36:250		1.51124e+06		254.687		159.327		0		1.87147		281.068		
00:00:36:149		1.51125e+06		254.687		159.74		0		1.85672		281.116		
00:00:36:049		1.51126e+06		254.687		159.74		0		1.85672		281.166		
00:00:35:850		1.51128e+06		254.48		160.146		0		1.84198		281.288		
00:00:35:850		1.51128e+06		254.48		160.146		0		1.84198		281.288		
00:00:35:700		1.51129e+06		254.269		160.546		0		1.82722		281.337		
00:00:35:600		1.5113e+06		254.269		160.546		0		1.82722		281.386		
00:00:35:500		1.51131e+06		254.053		160.546		0		1.82722		281.435		
00:00:35:299		1.51132e+06		254.053		160.938		0		1.81247		281.534		
00:00:35:299		1.51132e+06		254.053		160.938		0		1.81247		281.534		
00:00:35:200		1.51133e+06		253.834		161.322		0		1.79771		281.583		
00:00:35:100		1.51134e+06		253.834		161.322		0		1.79771		281.632		
00:00:34:950		1.51135e+06		253.608		161.698		0		1.78294		281.706		
00:00:34:850		1.51136e+06		253.608		161.698		0		1.78294		281.756		
00:00:34:750		1.51137e+06		253.379		161.698		0		1.78294		281.805		
00:00:34:649		1.51138e+06		253.379		162.065		0		1.76817		281.855		
00:00:34:649		1.51138e+06		253.379		162.065		0		1.76817		281.855		
00:00:34:549		1.51139e+06		253.379		162.065		0		1.76817		281.904		
00:00:34:399		1.5114e+06		253.144		162.422		0		1.7534		281.978		
00:00:34:299		1.51141e+06		253.144		162.422		0		1.7534		282.028		
00:00:34:200		1.51142e+06		252.903		162.768		0		1.73863		282.079		
00:00:34:100		1.51143e+06		252.903		162.768		0		1.73863		282.129		
00:00:33:899		1.51144e+06		252.657		163.103		0		1.72385		282.229		
00:00:33:899		1.51144e+06		252.657		163.103		0		1.72385		282.229		
00:00:33:799		1.51145e+06		252.657		163.103		0		1.72385		282.279		
00:00:33:700		1.51146e+06		252.405		163.425		0		1.70907		282.33		
00:00:33:600		1.51147e+06		252.405		163.425		0		1.70907		282.381		
00:00:33:500		1.51148e+06		252.148		163.425		0		1.70907		282.432		
00:00:33:399		1.51149e+06		252.148		163.735		0		1.69429		282.482		
00:00:33:299		1.51149e+06		252.148		163.735		0		1.69429		282.534		
00:00:33:200		1.5115e+06		251.884		164.03		0		1.67951		282.585		
00:00:33:100		1.51151e+06		251.884		164.03		0		1.67951		282.636		
00:00:33:000		1.51152e+06		251.614		164.03		0		1.67951		282.686		
00:00:32:899		1.51153e+06		251.614		164.311		0		1.66473		282.737		
00:00:32:799		1.51154e+06		251.614		164.311		0		1.66473		282.789		
00:00:32:700		1.51155e+06		251.337		164.575		0		1.64995		282.841		
00:00:32:600		1.51155e+06		251.337		164.575		0		1.64995		282.893		
00:00:32:500		1.51156e+06		251.054		164.575		0		1.64995		282.945		
00:00:32:399		1.51157e+06		251.054		164.822		0		1.63518		282.996		
00:00:32:250		1.51158e+06		250.764		164.822		0		1.63518		283.073		
00:00:32:149		1.51159e+06		250.764		165.052		0		1.62041		283.124		
00:00:32:049		1.5116e+06		250.764		165.052		0		1.62041		283.175		
00:00:31:949		1.51161e+06		250.467		165.261		0		1.60564		283.226		
00:00:31:850		1.51162e+06		250.467		165.261		0		1.60564		283.277		
00:00:31:750		1.51163e+06		250.162		165.261		0		1.60564		283.327		
00:00:31:649		1.51163e+06		250.162		165.451		0		1.59088		283.379		
00:00:31:550		1.51164e+06		250.162		165.451		0		1.59088		283.431		
00:00:31:449		1.51165e+06		249.85		165.618		0		1.57613		283.483		
00:00:31:350		1.51166e+06		249.85		165.618		0		1.57613		283.532		
00:00:31:250		1.51167e+06		249.53		165.618		0		1.57613		283.583		
00:00:31:149		1.51168e+06		249.53		165.762		0		1.56139		283.633		
00:00:31:050		1.51169e+06		249.53		165.762		0		1.56139		283.684		
00:00:30:949		1.51169e+06		249.202		165.882		0		1.54666		283.735		
00:00:30:850		1.5117e+06		249.202		165.882		0		1.54666		283.787		
00:00:30:750		1.51171e+06		248.866		165.882		0		1.54666		283.838		
00:00:30:649		1.51172e+06		248.866		165.975		0		1.53196		283.888		
00:00:30:649		1.51172e+06		248.866		165.975		0		1.53196		283.888		
00:00:30:449		1.51174e+06		248.522		166.04		0		1.51727		283.987		
00:00:30:449		1.51174e+06		248.522		166.04		0		1.51727		283.987		
00:00:30:350		1.51174e+06		248.522		166.04		0		1.51727		284.038		
00:00:30:199		1.51176e+06		248.168		166.076		0		1.5026		284.113		
00:00:30:100		1.51177e+06		248.168		166.076		0		1.5026		284.162		
00:00:29:899		1.51178e+06		247.806		166.081		0		1.48795		284.262		
00:00:29:800		1.51179e+06		247.806		166.081		0		1.48795		284.311		
00:00:29:800		1.51179e+06		247.806		166.081		0		1.48795		284.311		
00:00:29:699		1.5118e+06		247.43		166.053		0		1.47336		284.36		
00:00:29:600		1.51181e+06		247.43		166.053		0		1.47336		284.41		
00:00:29:500		1.51182e+06		247.018		166.053		0		1.47336		284.459		
00:00:29:300		1.51183e+06		247.018		165.993		0		1.45897		284.557		
00:00:29:300		1.51183e+06		247.018		165.993		0		1.45897		284.557		
00:00:29:199		1.51184e+06		246.572		165.902		0		1.44479		284.607		
00:00:29:100		1.51185e+06		246.572		165.902		0		1.44479		284.656		
00:00:28:899		1.51187e+06		246.09		165.778		0		1.43082		284.754		
00:00:28:800		1.51188e+06		246.09		165.778		0		1.43082		284.803		
00:00:28:800		1.51188e+06		246.09		165.778		0		1.43082		284.803		
00:00:28:699		1.51189e+06		245.573		165.623		0		1.41705		284.852		
00:00:28:600		1.51189e+06		245.573		165.623		0		1.41705		284.9		
00:00:28:500		1.5119e+06		245.02		165.623		0		1.41705		284.949		
00:00:28:399		1.51191e+06		245.02		165.436		0		1.4035		284.998		
00:00:28:300		1.51192e+06		245.02		165.436		0		1.4035		285.046		
00:00:28:199		1.51193e+06		244.432		165.219		0		1.39015		285.095		
00:00:28:100		1.51194e+06		244.432		165.219		0		1.39015		285.143		
00:00:27:899		1.51195e+06		243.807		164.972		0		1.37701		285.24		
00:00:27:899		1.51195e+06		243.807		164.972		0		1.37701		285.24		
00:00:27:800		1.51196e+06		243.807		164.972		0		1.37701		285.288		
00:00:27:699		1.51197e+06		243.146		164.695		0		1.36408		285.336		
00:00:27:600		1.51198e+06		243.146		164.695		0		1.36408		285.384		
00:00:27:500		1.51199e+06		242.448		164.695		0		1.36408		285.432		
00:00:27:399		1.512e+06		242.448		164.39		0		1.35137		285.48		
00:00:27:300		1.512e+06		242.448		164.39		0		1.35137		285.528		
00:00:27:149		1.51202e+06		241.714		164.056		0		1.33886		285.6		
00:00:27:050		1.51203e+06		241.714		164.056		0		1.33886		285.648		
00:00:26:949		1.51203e+06		240.942		163.695		0		1.32656		285.695		
00:00:26:850		1.51204e+06		240.942		163.695		0		1.32656		285.743		
00:00:26:750		1.51205e+06		240.132		163.695		0		1.32656		285.79		
00:00:26:649		1.51206e+06		240.132		163.308		0		1.31449		285.838		
00:00:26:550		1.51207e+06		240.132		163.308		0		1.31449		285.885		
00:00:26:449		1.51208e+06		239.283		162.895		0		1.30263		285.931		
00:00:26:350		1.51208e+06		239.283		162.895		0		1.30263		285.978		
00:00:26:250		1.51209e+06		238.394		162.895		0		1.30263		286.025		
00:00:26:149		1.5121e+06		238.394		162.46		0		1.29101		286.072		
00:00:26:050		1.51211e+06		238.394		162.46		0		1.29101		286.119		
00:00:25:949		1.51212e+06		237.462		162.002		0		1.27963		286.165		
00:00:25:850		1.51213e+06		237.462		162.002		0		1.27963		286.212		
00:00:25:750		1.51214e+06		236.485		162.002		0		1.27963		286.259		
00:00:25:649		1.51214e+06		236.485		161.526		0		1.26852		286.306		
00:00:25:550		1.51214e+06		236.485		161.526		0		1.26852		286.306		
00:00:25:550		1.51215e+06		236.485		161.526		0		1.26852		286.352		
00:00:25:350		1.51217e+06		235.451		161.033		0		1.25776		286.446		
00:00:25:250		1.51218e+06		234.331		161.033		0		1.25776		286.493		
00:00:25:149		1.51219e+06		234.331		160.531		0		1.24756		286.54		
00:00:25:050		1.51221e+06		234.331		160.531		0		1.24756		286.586		
00:00:24:949		1.51227e+06		233.204		160.018		0		1.23734		286.633		
00:00:24:850		1.51238e+06		233.204		160.018		0		1.23734		286.68		
00:00:24:750		1.51252e+06		232.073		160.018		0		1.23734		286.727		
00:00:24:750		1.51252e+06		232.073		160.018		0		1.23734		286.727		
00:00:24:550		1.51293e+06		232.073		159.495		0		1.22709		286.821		
00:00:24:550		1.51293e+06		232.073		159.495		0		1.22709		286.821		
00:00:24:449		1.5132e+06		230.937		158.961		0		1.2168		286.868		
00:00:24:300		1.51367e+06		230.937		158.961		0		1.2168		286.939		
00:00:24:199		1.51404e+06		229.796		158.416		0		1.20647		286.986		
00:00:24:100		1.51445e+06		229.796		158.416		0		1.20647		287.033		
00:00:24:000		1.5149e+06		228.65		158.416		0		1.20647		287.081		
00:00:23:800		1.51591e+06		228.65		157.86		0		1.1961		287.176		
00:00:23:800		1.51591e+06		228.65		157.86		0		1.1961		287.176		
00:00:23:699		1.51648e+06		227.499		157.292		0		1.18569		287.223		
00:00:23:600		1.51709e+06		227.499		157.292		0		1.18569		287.271		
00:00:23:500		1.51775e+06		226.343		157.292		0		1.18569		287.319		
00:00:23:399		1.51844e+06		226.343		156.713		0		1.17524		287.366		
00:00:23:300		1.51917e+06		226.343		156.713		0		1.17524		287.414		
00:00:23:199		1.51995e+06		225.182		156.12		0		1.16476		287.462		
00:00:23:100		1.52076e+06		225.182		156.12		0		1.16476		287.51		
00:00:22:899		1.52253e+06		224.015		155.515		0		1.15423		287.606		
00:00:22:800		1.52352e+06		224.015		155.515		0		1.15423		287.655		
00:00:22:800		1.52352e+06		224.015		155.515		0		1.15423		287.655		
00:00:22:699		1.52459e+06		222.844		154.897		0		1.14366		287.703		
00:00:22:600		1.52574e+06		222.844		154.897		0		1.14366		287.752		
00:00:22:500		1.52698e+06		221.67		154.897		0		1.14366		287.8		
00:00:22:399		1.5283e+06		221.67		154.264		0		1.13303		287.849		
00:00:22:300		1.5297e+06		221.67		154.264		0		1.13303		287.898		
00:00:22:199		1.53119e+06		220.49		153.617		0		1.12236		287.948		
00:00:22:100		1.53276e+06		220.49		153.617		0		1.12236		287.997		
00:00:22:000		1.53441e+06		219.303		153.617		0		1.12236		288.047		
00:00:21:899		1.53614e+06		219.303		152.955		0		1.11167		288.097		
00:00:21:800		1.53796e+06		219.303		152.955		0		1.11167		288.147		
00:00:21:649		1.54085e+06		218.11		152.278		0		1.10094		288.222		
00:00:21:550		1.54288e+06		218.11		152.278		0		1.10094		288.273		
00:00:21:449		1.545e+06		216.911		151.585		0		1.09016		288.324		
00:00:21:350		1.5472e+06		216.911		151.585		0		1.09016		288.375		
00:00:21:250		1.54949e+06		215.707		151.585		0		1.09016		288.427		
00:00:21:149		1.55186e+06		215.707		150.876		0		1.07935		288.478		
00:00:21:050		1.55432e+06		215.707		150.876		0		1.07935		288.53		
00:00:20:949		1.55687e+06		214.497		150.15		0		1.06849		288.582		
00:00:20:850		1.5595e+06		214.497		150.15		0		1.06849		288.634		
00:00:20:750		1.56223e+06		213.281		150.15		0		1.06849		288.686		
00:00:20:649		1.56504e+06		213.281		149.406		0		1.05758		288.739		
00:00:20:550		1.56794e+06		213.281		149.406		0		1.05758		288.791		
00:00:20:449		1.57092e+06		212.059		148.645		0		1.04664		288.844		
00:00:20:350		1.574e+06		212.059		148.645		0		1.04664		288.897		
00:00:20:250		1.57717e+06		210.832		148.645		0		1.04664		288.951		
00:00:20:149		1.58043e+06		210.832		147.865		0		1.03565		289.004		
00:00:20:050		1.58381e+06		210.832		147.865		0		1.03565		289.058		
00:00:19:949		1.58733e+06		209.598		147.066		0		1.02462		289.112		
00:00:19:850		1.59098e+06		209.598		147.066		0		1.02462		289.166		
00:00:19:850		1.59098e+06		209.598		147.066		0		1.02462		289.166		
00:00:19:750		1.59476e+06		208.359		146.248		0		1.01354		289.221		
00:00:19:600		1.6007e+06		208.359		146.248		0		1.01354		289.303		
00:00:19:500		1.60483e+06		207.113		146.248		0		1.01354		289.358		
00:00:19:399		1.6091e+06		207.113		145.409		0		1.00242		289.414		
00:00:19:300		1.61351e+06		207.113		145.409		0		1.00242		289.469		
00:00:19:199		1.61806e+06		205.861		144.549		0		0.991252		289.525		
00:00:19:050		1.62515e+06		205.861		144.549		0		0.991252		289.609		
00:00:18:949		1.63006e+06		204.602		143.667		0		0.980038		289.666		
00:00:18:850		1.63511e+06		204.602		143.667		0		0.980038		289.722		
00:00:18:850		1.63511e+06		204.602		143.667		0		0.980038		289.722		
00:00:18:699		1.64297e+06		203.336		142.763		0		0.968778		289.807		
00:00:18:600		1.64839e+06		203.336		142.763		0		0.968778		289.864		
00:00:18:500		1.65396e+06		202.063		142.763		0		0.968778		289.921		
00:00:18:399		1.65968e+06		202.063		141.835		0		0.957471		289.978		
00:00:18:350		1.6626e+06		202.063		141.835		0		0.957471		290.007		
00:00:18:199		1.67158e+06		200.783		140.884		0		0.946116		290.093		
00:00:18:100		1.67777e+06		200.783		140.884		0		0.946116		290.151		
00:00:17:899		1.69061e+06		199.496		139.907		0		0.934713		290.267		
00:00:17:800		1.69727e+06		199.496		139.907		0		0.934713		290.326		
00:00:17:800		1.69727e+06		199.496		139.907		0		0.934713		290.326		
00:00:17:699		1.70409e+06		198.202		138.906		0		0.923262		290.385		
00:00:17:550		1.71462e+06		198.202		138.906		0		0.923262		290.474		
00:00:17:550		1.71462e+06		198.202		138.906		0		0.923262		290.474		
00:00:17:399		1.72554e+06		196.901		137.878		0		0.911761		290.564		
00:00:17:300		1.73302e+06		196.901		137.878		0		0.911761		290.624		
00:00:17:199		1.74067e+06		195.592		136.824		0		0.900211		290.685		
00:00:17:100		1.7485e+06		195.592		136.824		0		0.900211		290.745		
00:00:17:000		1.7565e+06		194.275		136.824		0		0.900211		290.806		
00:00:16:800		1.77304e+06		194.275		135.742		0		0.88861		290.928		
00:00:16:699		1.78157e+06		192.95		134.632		0		0.876959		290.99		
00:00:16:699		1.78157e+06		192.95		134.632		0		0.876959		290.99		
00:00:16:600		1.79033e+06		192.95		134.632		0		0.876959		291.052		
00:00:16:500		1.79941e+06		191.617		134.632		0		0.876959		291.114		
00:00:16:399		1.80882e+06		191.617		133.493		0		0.865256		291.177		
00:00:16:300		1.81857e+06		191.617		133.493		0		0.865256		291.24		
00:00:16:199		1.82866e+06		190.277		132.324		0		0.853501		291.304		
00:00:16:100		1.8391e+06		190.277		132.324		0		0.853501		291.368		
00:00:15:900		1.86103e+06		188.928		131.125		0		0.841693		291.497		
00:00:15:800		1.87253e+06		188.928		131.125		0		0.841693		291.562		
00:00:15:800		1.87253e+06		188.928		131.125		0		0.841693		291.562		
00:00:15:699		1.8844e+06		187.572		129.897		0		0.829832		291.628		
00:00:15:599		1.89664e+06		187.572		129.897		0		0.829832		291.694		
00:00:15:500		1.90926e+06		186.207		129.897		0		0.829832		291.761		
00:00:15:400		1.92891e+06		186.207		128.637		0		0.817918		291.862		
00:00:15:250		1.94251e+06		184.834		128.637		0		0.817918		291.93		
00:00:15:150		1.9565e+06		184.834		127.345		0		0.80595		291.999		
00:00:15:050		1.97089e+06		184.834		127.345		0		0.80595		292.069		
00:00:14:900		1.99315e+06		183.452		126.021		0		0.793924		292.174		
00:00:14:800		2.00845e+06		183.452		126.021		0		0.793924		292.245		
00:00:14:800		2.00845e+06		183.452		126.021		0		0.793924		292.245		
00:00:14:699		2.02414e+06		182.061		124.663		0		0.781847		292.318		
00:00:14:599		2.04021e+06		182.061		124.663		0		0.781847		292.39		
00:00:14:449		2.06506e+06		180.661		123.271		0		0.769715		292.501		
00:00:14:349		2.08213e+06		180.661		123.271		0		0.769715		292.576		
00:00:14:300		2.09082e+06		180.661		123.271		0		0.769715		292.613		
00:00:14:150		2.11752e+06		179.253		121.844		0		0.757526		292.727		
00:00:14:050		2.13585e+06		179.253		121.844		0		0.757526		292.803		
00:00:13:949		2.15462e+06		177.835		120.379		0		0.745278		292.88		
00:00:13:849		2.17383e+06		177.835		120.379		0		0.745278		292.957		
00:00:13:750		2.1935e+06		176.407		120.379		0		0.745278		293.036		
00:00:13:650		2.21362e+06		176.407		118.876		0		0.732976		293.115		
00:00:13:550		2.23421e+06		176.407		118.876		0		0.732976		293.195		
00:00:13:449		2.25528e+06		174.97		117.338		0		0.720618		293.276		
00:00:13:349		2.27684e+06		174.97		117.338		0		0.720618		293.357		
00:00:13:250		2.2989e+06		173.523		117.338		0		0.720618		293.439		
00:00:13:150		2.32146e+06		173.523		115.765		0		0.708204		293.521		
00:00:13:050		2.34455e+06		173.523		115.765		0		0.708204		293.604		
00:00:12:949		2.36816e+06		172.067		114.156		0		0.695734		293.687		
00:00:12:849		2.39227e+06		172.067		114.156		0		0.695734		293.771		
00:00:12:750		2.41687e+06		170.601		114.156		0		0.695734		293.854		
00:00:12:650		2.44197e+06		170.601		112.512		0		0.683208		293.938		
00:00:12:550		2.46758e+06		170.601		112.512		0		0.683208		294.022		
00:00:12:449		2.49371e+06		169.125		110.834		0		0.670627		294.106		
00:00:12:349		2.52037e+06		169.125		110.834		0		0.670627		294.19		
00:00:12:250		2.54756e+06		167.638		110.834		0		0.670627		294.275		
00:00:12:150		2.5753e+06		167.638		109.124		0		0.65799		294.359		
00:00:12:050		2.60361e+06		167.638		109.124		0		0.65799		294.444		
00:00:12:050		2.60361e+06		167.638		109.124		0		0.65799		294.444		
00:00:11:849		2.66195e+06		166.141		107.384		0		0.645296		294.614		
00:00:11:750		2.692e+06		164.635		107.384		0		0.645296		294.7		
00:00:11:650		2.72266e+06		164.635		105.612		0		0.632547		294.787		
00:00:11:550		2.75395e+06		164.635		105.612		0		0.632547		294.874		
00:00:11:449		2.78586e+06		163.118		103.813		0		0.619741		294.963		
00:00:11:349		2.81843e+06		163.118		103.813		0		0.619741		295.053		
00:00:11:349		2.81843e+06		163.118		103.813		0		0.619741		295.053		
00:00:11:099		2.90224e+06		161.59		101.991		0		0.606879		295.283		
00:00:11:099		2.90224e+06		161.59		101.991		0		0.606879		295.283		
00:00:11:000		2.93674e+06		160.051		101.991		0		0.606879		295.376		
00:00:10:800		3.00755e+06		160.051		100.146		0		0.59396		295.567		
00:00:10:800		3.00755e+06		160.051		100.146		0		0.59396		295.567		
00:00:10:699		3.0439e+06		158.503		98.2778		0		0.580985		295.664		
00:00:10:599		3.08092e+06		158.503		98.2778		0		0.580985		295.762		
00:00:10:500		3.11861e+06		156.944		98.2778		0		0.580985		295.862		
00:00:10:400		3.15701e+06		156.944		96.3831		0		0.567954		295.964		
00:00:10:300		3.19613e+06		156.944		96.3831		0		0.567954		296.067		
00:00:10:199		3.23599e+06		155.376		94.4634		0		0.554866		296.172		
00:00:10:099		3.27658e+06		155.376		94.4634		0		0.554866		296.278		
00:00:10:000		3.31788e+06		153.796		94.4634		0		0.554866		296.386		
00:00:09:800		3.40264e+06		153.796		92.5202		0		0.541722		296.61		
00:00:09:800		3.40264e+06		153.796		92.5202		0		0.541722		296.61		
00:00:09:699		3.44613e+06		152.208		90.5552		0		0.528522		296.725		
00:00:09:599		3.49038e+06		152.208		90.5552		0		0.528522		296.842		
00:00:09:500		3.53541e+06		150.611		90.5552		0		0.528522		296.959		
00:00:09:400		3.58124e+06		150.611		88.5705		0		0.515266		297.077		
00:00:09:300		3.62788e+06		150.611		88.5705		0		0.515266		297.197		
00:00:09:199		3.67535e+06		149.004		86.5689		0		0.501951		297.32		
00:00:09:099		3.72367e+06		149.004		86.5689		0		0.501951		297.444		
00:00:09:000		3.77285e+06		147.389		86.5689		0		0.501951		297.57		
00:00:08:800		3.87384e+06		147.389		84.5544		0		0.488576		297.829		
00:00:08:800		3.87384e+06		147.389		84.5544		0		0.488576		297.829		
00:00:08:699		3.92571e+06		145.766		82.5319		0		0.475136		297.961		
00:00:08:599		3.97853e+06		145.766		82.5319		0		0.475136		298.096		
00:00:08:500		4.03229e+06		144.133		82.5319		0		0.475136		298.233		
00:00:08:400		4.08704e+06		144.133		80.5045		0		0.461629		298.371		
00:00:08:250		4.17103e+06		142.493		80.5045		0		0.461629		298.583		
00:00:08:150		4.22829e+06		142.493		78.4757		0		0.448054		298.728		
00:00:08:050		4.2866e+06		142.493		78.4757		0		0.448054		298.874		
00:00:07:950		4.34597e+06		140.847		76.4497		0		0.434411		299.021		
00:00:07:849		4.40642e+06		140.847		76.4497		0		0.434411		299.17		
00:00:07:750		4.46797e+06		139.196		76.4497		0		0.434411		299.322		
00:00:07:650		4.53065e+06		139.196		74.4308		0		0.420699		299.476		
00:00:07:549		4.59448e+06		139.196		74.4308		0		0.420699		299.632		
00:00:07:450		4.65948e+06		137.54		72.4238		0		0.406914		299.791		
00:00:07:349		4.72567e+06		137.54		72.4238		0		0.406914		299.951		
00:00:07:250		4.79307e+06		135.883		72.4238		0		0.406914		300.114		
00:00:07:150		4.8617e+06		135.883		70.4329		0		0.393064		300.279		
00:00:07:049		4.93159e+06		135.883		70.4329		0		0.393064		300.442		
00:00:06:950		5.00278e+06		134.224		68.4643		0		0.379142		300.607		
00:00:06:849		5.07526e+06		134.224		68.4643		0		0.379142		300.775		
00:00:06:750		5.14908e+06		132.565		68.4643		0		0.379142		300.944		
00:00:06:750		5.14908e+06		132.565		68.4643		0		0.379142		300.944		
00:00:06:549		5.30054e+06		132.565		66.5256		0		0.36515		301.289		
00:00:06:450		5.37783e+06		130.909		64.6245		0		0.351084		301.464		
00:00:06:349		5.45616e+06		130.909		64.6245		0		0.351084		301.642		
00:00:06:250		5.53554e+06		129.257		64.6245		0		0.351084		301.822		
00:00:06:150		5.61598e+06		129.257		62.7683		0		0.33694		302.005		
00:00:06:049		5.69751e+06		129.257		62.7683		0		0.33694		302.188		
00:00:05:950		5.78011e+06		127.611		60.9623		0		0.322713		302.373		
00:00:05:849		5.86383e+06		127.611		60.9623		0		0.322713		302.561		
00:00:05:750		5.94868e+06		125.973		60.9623		0		0.322713		302.751		
00:00:05:650		6.03472e+06		125.973		59.2096		0		0.308387		302.943		
00:00:05:650		6.03472e+06		125.973		59.2096		0		0.308387		302.943		
00:00:05:450		6.25551e+06		124.346		57.5101		0		0.293805		303.429		
00:00:05:450		6.25551e+06		124.346		57.5101		0		0.293805		303.429		
00:00:05:299		6.34032e+06		124.346		57.5101		0		0.293805		303.625		
00:00:05:200		6.40373e+06		122.732		55.853		0		0.278942		303.823		
00:00:05:099		6.45245e+06		122.732		55.853		0		0.278942		304.022		
00:00:05:000		6.49042e+06		121.135		55.853		0		0.278942		304.224		
00:00:04:799		6.54362e+06		121.135		54.2313		0		0.263874		304.631		
00:00:04:799		6.54362e+06		121.135		54.2313		0		0.263874		304.631		
00:00:04:700		6.56244e+06		119.56		52.6497		0		0.248661		304.836		
00:00:04:599		6.57775e+06		119.56		52.6497		0		0.248661		305.042		
00:00:04:500		6.5904e+06		118.012		52.6497		0		0.248661		305.249		
00:00:04:400		6.60101e+06		118.012		51.1123		0		0.233345		305.457		
00:00:04:299		6.61008e+06		118.012		51.1123		0		0.233345		305.665		
00:00:04:200		6.61794e+06		116.495		49.6233		0		0.217954		305.872		
00:00:04:099		6.62487e+06		116.495		49.6233		0		0.217954		306.079		
00:00:04:000		6.63106e+06		115.014		49.6233		0		0.217954		306.286		
00:00:03:799		6.64188e+06		115.014		48.1865		0		0.202504		306.703		
00:00:03:799		6.64188e+06		115.014		48.1865		0		0.202504		306.703		
00:00:03:700		6.64675e+06		113.575		46.8055		0		0.187007		306.911		
00:00:03:600		6.65138e+06		113.575		46.8055		0		0.187007		307.118		
00:00:03:500		6.6559e+06		112.182		46.8055		0		0.187007		307.324		
00:00:03:399		6.66043e+06		112.182		45.484		0		0.171466		307.529		
00:00:03:299		6.66515e+06		112.182		45.484		0		0.171466		307.731		
00:00:03:200		6.67033e+06		110.838		44.2254		0		0.155883		307.93		
00:00:03:100		6.67639e+06		110.838		44.2254		0		0.155883		308.124		
00:00:03:000		6.68403e+06		109.548		44.2254		0		0.155883		308.313		
00:00:02:750		6.70212e+06		108.319		43.0332		0		0.140251		308.751		
00:00:02:750		6.70212e+06		108.319		43.0332		0		0.140251		308.751		
00:00:02:649		6.70829e+06		108.319		41.9116		0		0.124582		308.911		
00:00:02:549		6.71381e+06		108.319		41.9116		0		0.124582		309.061		
00:00:02:450		6.71858e+06		107.154		40.8659		0		0.108887		309.201		
00:00:02:350		6.72239e+06		107.154		40.8659		0		0.108887		309.326		
00:00:02:250		6.72491e+06		106.062		40.8659		0		0.108887		309.436		
00:00:02:149		6.72527e+06		106.062		39.9051		0		0.0931941		309.531		
00:00:02:049		6.72164e+06		106.062		39.9051		0		0.0931941		309.609		
00:00:01:850		6.68647e+06		105.046		39.0458		0		0.0776262		309.72		
00:00:01:750		6.64124e+06		104.116		39.0458		0		0.0776262		309.756		
00:00:01:750		6.64124e+06		104.116		39.0458		0		0.0776262		309.756		
00:00:01:649		6.58085e+06		104.116		38.2897		0		0.062266		309.782		
00:00:01:550		6.56158e+06		104.116		38.2897		0		0.062266		309.802		
00:00:01:449		6.5489e+06		103.274		37.6379		0		0.0468868		309.817		
00:00:01:350		6.5495e+06		103.274		37.6379		0		0.0468868		309.828		
00:00:01:350		6.5495e+06		103.274		37.6379		0		0.0468868		309.828		
00:00:01:250		6.56481e+06		102.521		37.6379		0		0.0468868		309.836		
00:00:01:149		6.58064e+06		102.521		37.0949		0		0.031416		309.842		
00:00:01:050		6.59657e+06		102.521		37.0949		0		0.031416		309.845		
00:00:00:800		6.64557e+06		101.873		36.6569		0		0.0158282		309.846		
00:00:00:800		6.64557e+06		101.873		36.6569		0		0.0158282		309.846		
00:00:00:650		6.69465e+06		101.25		36.3831		0		0		309.846		
00:00:00:550		6.78339e+06		100.069		36.3831		0		0		309.846		
00:00:00:550		6.78339e+06		100.069		36.3831		0		0		309.846		
00:00:00:299		6.83117e+06		100.069		36.3834		0		0		309.846		
00:00:00:299		6.83117e+06		100.069		36.3834		0		0		309.846		
00:00:00:149		6.83116e+06		100.069		36.3837		0		0		309.846		
00:00:00:050		6.83115e+06		100.069		36.3837		0		0		309.846		
00:00:00:000		6.83115e+06		100.069		36.3837		0		0		309.846		
00:00:00:000		6.83115e+06		100.069		36.3837		0		0		309.846		
00:00:00:000		6.83115e+06		100.069		36.3837		0		0		309.846		
00:00:00:000		6.83115e+06		100.069		36.3837		0		0		309.846		
00:00:00:000		6.83115e+06		100.069		36.3837		0		0		309.846		
00:00:00:000		6.83115e+06		100.069		36.3837		0		0		309.846		
