	time 		rcpppzr	rcp054rcp007mnzoyout	rcv501std0102fvol	fwfrcp001gv	rcppmssga	msfsg(1)	
00:01:05:099		1.03347e+07		-5.8504		0		0		2.85549e+06		538.369		
00:01:05:000		1.03451e+07		-5.84825		0		0		2.85805e+06		539.213		
00:01:04:900		1.03555e+07		-5.84603		0		0		2.85997e+06		539.736		
00:01:04:799		1.03659e+07		-5.84379		0		0		2.86043e+06		538.996		
00:01:04:700		1.03762e+07		-5.84161		0		0		2.86043e+06		537.766		
00:01:04:599		1.03865e+07		-5.83955		0		0		2.86293e+06		538.304		
00:01:04:500		1.03967e+07		-5.83767		0		0		2.86771e+06		539.449		
00:01:04:400		1.0407e+07		-5.83604		0		0		2.87217e+06		540.611		
00:01:04:299		1.04171e+07		-5.83467		0		0		2.87623e+06		541.642		
00:01:04:200		1.04272e+07		-5.83328		0		0		2.87979e+06		542.795		
00:01:04:099		1.04372e+07		-5.83185		0		0		2.88291e+06		543.761		
00:01:04:000		1.04471e+07		-5.83037		0		0		2.88489e+06		544.285		
00:01:03:850		1.04619e+07		-5.82805		0		0		2.88638e+06		543.872		
00:01:03:850		1.04619e+07		-5.82805		0		0		2.88638e+06		543.872		
00:01:03:649		1.04816e+07		-5.82478		0		0		2.88909e+06		543.187		
00:01:03:649		1.04816e+07		-5.82478		0		0		2.88909e+06		543.187		
00:01:03:549		1.04914e+07		-5.82307		0		0		2.89414e+06		544.603		
00:01:03:450		1.05012e+07		-5.8213		0		0		2.89855e+06		545.717		
00:01:03:350		1.05108e+07		-5.81948		0		0		2.90222e+06		546.629		
00:01:03:250		1.05205e+07		-5.81761		0		0		2.90577e+06		547.968		
00:01:03:100		1.05348e+07		-5.8147		0		0		2.90905e+06		548.398		
00:01:03:000		1.05443e+07		-5.81269		0		0		2.91055e+06		548.884		
00:01:02:899		1.05538e+07		-5.81064		0		0		2.9122e+06		548.572		
00:01:02:799		1.05632e+07		-5.80853		0		0		2.91298e+06		547.96		
00:01:02:700		1.05726e+07		-5.80636		0		0		2.91584e+06		548.701		
00:01:02:600		1.0582e+07		-5.80415		0		0		2.92028e+06		549.888		
00:01:02:450		1.05959e+07		-5.80073		0		0		2.92508e+06		550.736		
00:01:02:450		1.05959e+07		-5.80073		0		0		2.92508e+06		550.736		
00:01:02:350		1.06052e+07		-5.79839		0		0		2.92853e+06		552.016		
00:01:02:250		1.06143e+07		-5.79599		0		0		2.93189e+06		553.114		
00:01:02:149		1.06234e+07		-5.79355		0		0		2.93373e+06		553.207		
00:01:02:049		1.06325e+07		-5.79106		0		0		2.93436e+06		553.164		
00:01:01:950		1.06416e+07		-5.78851		0		0		2.93675e+06		554.059		
00:01:01:850		1.06506e+07		-5.78592		0		0		2.93777e+06		553.372		
00:01:01:649		1.06685e+07		-5.78058		0		0		2.94144e+06		553.814		
00:01:01:649		1.06685e+07		-5.78058		0		0		2.94144e+06		553.814		
00:01:01:549		1.06774e+07		-5.77784		0		0		2.9452e+06		554.678		
00:01:01:450		1.06863e+07		-5.77505		0		0		2.94797e+06		555.044		
00:01:01:350		1.06951e+07		-5.77222		0		0		2.95115e+06		556.122		
00:01:01:250		1.07038e+07		-5.76936		0		0		2.9545e+06		556.99		
00:01:01:149		1.07124e+07		-5.76645		0		0		2.9567e+06		557.567		
00:01:01:049		1.0721e+07		-5.76351		0		0		2.95863e+06		557.939		
00:01:00:950		1.07295e+07		-5.76053		0		0		2.96019e+06		558.41		
00:01:00:850		1.0738e+07		-5.75752		0		0		2.96184e+06		558.772		
00:01:00:649		1.07548e+07		-5.75136		0		0		2.96338e+06		557.986		
00:01:00:649		1.07548e+07		-5.75136		0		0		2.96338e+06		557.986		
00:01:00:549		1.07631e+07		-5.74823		0		0		2.96553e+06		558.251		
00:01:00:450		1.07714e+07		-5.74505		0		0		2.96876e+06		559.158		
00:01:00:350		1.07796e+07		-5.74184		0		0		2.97216e+06		559.843		
00:01:00:250		1.07878e+07		-5.73858		0		0		2.97533e+06		561.196		
00:01:00:149		1.0796e+07		-5.73529		0		0		2.97838e+06		562.22		
00:01:00:049		1.08041e+07		-5.73195		0		0		2.97922e+06		561.834		
00:01:00:000		1.08082e+07		-5.73027		0		0		2.97935e+06		561.832		
00:00:59:899		1.08163e+07		-5.72687		0		0		2.98068e+06		561.979		
00:00:59:649		1.08363e+07		-5.71821		0		0		2.98472e+06		562.058		
00:00:59:649		1.08363e+07		-5.71821		0		0		2.98472e+06		562.058		
00:00:59:600		1.08402e+07		-5.71645		0		0		2.98599e+06		562.441		
00:00:59:450		1.0852e+07		-5.71111		0		0		2.99069e+06		563.59		
00:00:59:350		1.08598e+07		-5.7075		0		0		2.9928e+06		564.078		
00:00:59:250		1.08675e+07		-5.70385		0		0		2.9954e+06		564.957		
00:00:59:149		1.08752e+07		-5.70016		0		0		2.99762e+06		565.893		
00:00:59:100		1.0879e+07		-5.69829		0		0		2.99854e+06		566.068		
00:00:59:000		1.08867e+07		-5.69453		0		0		2.9988e+06		565.251		
00:00:58:799		1.09021e+07		-5.68685		0		0		3.001e+06		564.874		
00:00:58:700		1.09099e+07		-5.68292		0		0		3.00401e+06		565.155		
00:00:58:700		1.09099e+07		-5.68292		0		0		3.00401e+06		565.155		
00:00:58:549		1.09216e+07		-5.67695		0		0		3.00855e+06		564.829		
00:00:58:500		1.09255e+07		-5.67493		0		0		3.01061e+06		565.209		
00:00:58:350		1.09375e+07		-5.6688		0		0		3.01989e+06		567.892		
00:00:58:250		1.09455e+07		-5.66466		0		0		3.02558e+06		569.386		
00:00:58:149		1.09535e+07		-5.66047		0		0		3.03018e+06		570.749		
00:00:58:049		1.09614e+07		-5.65625		0		0		3.03417e+06		572.253		
00:00:57:950		1.09693e+07		-5.65198		0		0		3.03734e+06		573.627		
00:00:57:850		1.09771e+07		-5.64767		0		0		3.03819e+06		572.871		
00:00:57:750		1.09849e+07		-5.64332		0		0		3.03771e+06		572.31		
00:00:57:649		1.09926e+07		-5.63893		0		0		3.03956e+06		572.597		
00:00:57:549		1.10002e+07		-5.6345		0		0		3.04181e+06		572.825		
00:00:57:450		1.10077e+07		-5.63003		0		0		3.04465e+06		573.72		
00:00:57:350		1.10152e+07		-5.62551		0		0		3.04761e+06		574.37		
00:00:57:250		1.10225e+07		-5.62096		0		0		3.0504e+06		575.733		
00:00:57:149		1.10297e+07		-5.61637		0		0		3.05262e+06		576.278		
00:00:57:049		1.10368e+07		-5.61173		0		0		3.05269e+06		575.762		
00:00:56:950		1.10439e+07		-5.60706		0		0		3.05361e+06		576.79		
00:00:56:850		1.10508e+07		-5.60233		0		0		3.05503e+06		576.736		
00:00:56:750		1.10578e+07		-5.59757		0		0		3.0532e+06		574.698		
00:00:56:649		1.10647e+07		-5.59275		0		0		3.05425e+06		574.945		
00:00:56:549		1.10716e+07		-5.58789		0		0		3.05724e+06		575.39		
00:00:56:450		1.10785e+07		-5.58299		0		0		3.06057e+06		575.89		
00:00:56:350		1.10853e+07		-5.57804		0		0		3.06366e+06		575.788		
00:00:56:200		1.10957e+07		-5.57053		0		0		3.06918e+06		576.268		
00:00:56:200		1.10957e+07		-5.57053		0		0		3.06918e+06		576.268		
00:00:56:049		1.11062e+07		-5.56291		0		0		3.07882e+06		578.965		
00:00:55:950		1.11132e+07		-5.55777		0		0		3.08403e+06		580.147		
00:00:55:850		1.11202e+07		-5.55258		0		0		3.08864e+06		581.601		
00:00:55:750		1.11271e+07		-5.54736		0		0		3.09334e+06		583.979		
00:00:55:649		1.11339e+07		-5.54208		0		0		3.09662e+06		585.118		
00:00:55:549		1.11407e+07		-5.53675		0		0		3.09508e+06		582.619		
00:00:55:450		1.11475e+07		-5.53137		0		0		3.09454e+06		582.366		
00:00:55:450		1.11475e+07		-5.53137		0		0		3.09454e+06		582.366		
00:00:55:299		1.11578e+07		-5.52321		0		0		3.09944e+06		583.226		
00:00:55:200		1.11646e+07		-5.5177		0		0		3.10291e+06		583.652		
00:00:55:100		1.11714e+07		-5.51214		0		0		3.10596e+06		583.357		
00:00:55:000		1.11783e+07		-5.50652		0		0		3.10949e+06		583.535		
00:00:54:899		1.11851e+07		-5.50084		0		0		3.11565e+06		585.325		
00:00:54:700		1.1199e+07		-5.48932		0		0		3.12727e+06		587.999		
00:00:54:700		1.1199e+07		-5.48932		0		0		3.12727e+06		587.999		
00:00:54:600		1.12059e+07		-5.48348		0		0		3.1324e+06		589.766		
00:00:54:399		1.12195e+07		-5.47163		0		0		3.14057e+06		592.891		
00:00:54:299		1.12262e+07		-5.46562		0		0		3.13816e+06		590.316		
00:00:54:299		1.12262e+07		-5.46562		0		0		3.13816e+06		590.316		
00:00:54:200		1.1233e+07		-5.45952		0		0		3.13886e+06		590.531		
00:00:54:100		1.12398e+07		-5.45334		0		0		3.14245e+06		591.136		
00:00:54:000		1.12466e+07		-5.44709		0		0		3.14613e+06		591.795		
00:00:53:799		1.12601e+07		-5.4344		0		0		3.15269e+06		591.518		
00:00:53:700		1.12669e+07		-5.42795		0		0		3.158e+06		593.019		
00:00:53:700		1.12669e+07		-5.42795		0		0		3.158e+06		593.019		
00:00:53:600		1.12738e+07		-5.42144		0		0		3.16469e+06		594.57		
00:00:53:500		1.12806e+07		-5.41486		0		0		3.17004e+06		595.546		
00:00:53:399		1.12875e+07		-5.40823		0		0		3.17537e+06		597.073		
00:00:53:299		1.12943e+07		-5.40156		0		0		3.18128e+06		600.014		
00:00:53:200		1.13011e+07		-5.39485		0		0		3.18625e+06		602.199		
00:00:53:100		1.13079e+07		-5.38809		0		0		3.18523e+06		599.64		
00:00:53:000		1.13146e+07		-5.3813		0		0		3.18337e+06		598.468		
00:00:52:899		1.13214e+07		-5.37448		0		0		3.18672e+06		599.219		
00:00:52:700		1.13349e+07		-5.36079		0		0		3.1945e+06		600.433		
00:00:52:700		1.13349e+07		-5.36079		0		0		3.1945e+06		600.433		
00:00:52:600		1.13417e+07		-5.35392		0		0		3.19783e+06		600.172		
00:00:52:500		1.13484e+07		-5.34704		0		0		3.20213e+06		600.943		
00:00:52:399		1.13553e+07		-5.34013		0		0		3.20873e+06		602.729		
00:00:52:299		1.13621e+07		-5.33321		0		0		3.21451e+06		603.654		
00:00:52:200		1.13689e+07		-5.32628		0		0		3.21959e+06		604.758		
00:00:52:049		1.13791e+07		-5.31584		0		0		3.22919e+06		609.53		
00:00:51:950		1.13858e+07		-5.30884		0		0		3.23338e+06		610.587		
00:00:51:750		1.13989e+07		-5.29477		0		0		3.23033e+06		607.037		
00:00:51:649		1.14056e+07		-5.28767		0		0		3.23438e+06		607.923		
00:00:51:649		1.14056e+07		-5.28767		0		0		3.23438e+06		607.923		
00:00:51:549		1.14123e+07		-5.28054		0		0		3.23877e+06		608.805		
00:00:51:450		1.14189e+07		-5.27336		0		0		3.24284e+06		609.229		
00:00:51:350		1.14256e+07		-5.26615		0		0		3.24655e+06		609.151		
00:00:51:250		1.14323e+07		-5.25889		0		0		3.25139e+06		610.217		
00:00:51:149		1.1439e+07		-5.25159		0		0		3.25799e+06		611.834		
00:00:51:049		1.14458e+07		-5.24426		0		0		3.26362e+06		612.766		
00:00:50:950		1.14526e+07		-5.23689		0		0		3.26914e+06		614.514		
00:00:50:750		1.14659e+07		-5.22207		0		0		3.28036e+06		619.491		
00:00:50:649		1.14726e+07		-5.21461		0		0		3.27788e+06		616.415		
00:00:50:649		1.14726e+07		-5.21461		0		0		3.27788e+06		616.415		
00:00:50:549		1.14792e+07		-5.20711		0		0		3.27677e+06		615.419		
00:00:50:450		1.14859e+07		-5.19957		0		0		3.28098e+06		616.443		
00:00:50:350		1.14926e+07		-5.19199		0		0		3.28573e+06		617.412		
00:00:50:250		1.14993e+07		-5.18437		0		0		3.29017e+06		618.05		
00:00:50:149		1.1506e+07		-5.17671		0		0		3.29428e+06		618.232		
00:00:50:049		1.15127e+07		-5.169		0		0		3.29897e+06		619.043		
00:00:49:950		1.15194e+07		-5.16126		0		0		3.30519e+06		620.539		
00:00:49:850		1.15262e+07		-5.15347		0		0		3.311e+06		621.573		
00:00:49:750		1.1533e+07		-5.14565		0		0		3.31673e+06		623.645		
00:00:49:649		1.15397e+07		-5.13779		0		0		3.32371e+06		627.532		
00:00:49:549		1.15464e+07		-5.1299		0		0		3.32724e+06		627.996		
00:00:49:450		1.15531e+07		-5.12196		0		0		3.32402e+06		624.741		
00:00:49:350		1.15598e+07		-5.11399		0		0		3.32352e+06		623.906		
00:00:49:250		1.15699e+07		-5.10195		0		0		3.33075e+06		625.612		
00:00:49:149		1.15733e+07		-5.09793		0		0		3.33324e+06		626.082		
00:00:49:149		1.15733e+07		-5.09793		0		0		3.33324e+06		626.082		
00:00:49:000		1.15835e+07		-5.0858		0		0		3.34017e+06		626.918		
00:00:48:899		1.15903e+07		-5.07769		0		0		3.34483e+06		627.437		
00:00:48:700		1.1604e+07		-5.06143		0		0		3.35689e+06		630.031		
00:00:48:700		1.1604e+07		-5.06143		0		0		3.35689e+06		630.031		
00:00:48:600		1.16108e+07		-5.05329		0		0		3.36286e+06		632.133		
00:00:48:399		1.16243e+07		-5.03701		0		0		3.37385e+06		636.906		
00:00:48:399		1.16243e+07		-5.03701		0		0		3.37385e+06		636.906		
00:00:48:299		1.16311e+07		-5.02886		0		0		3.37073e+06		633.803		
00:00:48:200		1.16378e+07		-5.02069		0		0		3.36937e+06		632.195		
00:00:48:100		1.16446e+07		-5.0125		0		0		3.37345e+06		633.314		
00:00:48:000		1.16514e+07		-5.00428		0		0		3.37888e+06		634.307		
00:00:47:899		1.16582e+07		-4.99603		0		0		3.38392e+06		634.938		
00:00:47:700		1.16719e+07		-4.97942		0		0		3.39479e+06		636.645		
00:00:47:700		1.16719e+07		-4.97942		0		0		3.39479e+06		636.645		
00:00:47:600		1.16788e+07		-4.97108		0		0		3.40153e+06		638.227		
00:00:47:500		1.16856e+07		-4.96271		0		0		3.40811e+06		640.329		
00:00:47:399		1.16924e+07		-4.95432		0		0		3.41548e+06		644.368		
00:00:47:200		1.1706e+07		-4.93747		0		0		3.41737e+06		642.922		
00:00:47:200		1.1706e+07		-4.93747		0		0		3.41737e+06		642.922		
00:00:47:100		1.17127e+07		-4.929		0		0		3.41543e+06		640.725		
00:00:47:000		1.17195e+07		-4.92049		0		0		3.41838e+06		641.518		
00:00:46:899		1.17263e+07		-4.91194		0		0		3.42415e+06		642.506		
00:00:46:700		1.174e+07		-4.89475		0		0		3.43492e+06		643.823		
00:00:46:700		1.174e+07		-4.89475		0		0		3.43492e+06		643.823		
00:00:46:600		1.17469e+07		-4.88612		0		0		3.44101e+06		644.946		
00:00:46:500		1.17538e+07		-4.87747		0		0		3.44827e+06		646.781		
00:00:46:350		1.17641e+07		-4.86451		0		0		3.4597e+06		651.89		
00:00:46:250		1.1771e+07		-4.85587		0		0		3.46595e+06		654.774		
00:00:46:149		1.17778e+07		-4.84722		0		0		3.46496e+06		652.614		
00:00:46:049		1.17845e+07		-4.83855		0		0		3.46208e+06		650.124		
00:00:45:950		1.17913e+07		-4.82984		0		0		3.46254e+06		649.379		
00:00:45:750		1.1805e+07		-4.81231		0		0		3.47349e+06		651.345		
00:00:45:649		1.18119e+07		-4.80352		0		0		3.47903e+06		651.956		
00:00:45:649		1.18119e+07		-4.80352		0		0		3.47903e+06		651.956		
00:00:45:549		1.18188e+07		-4.7947		0		0		3.48503e+06		652.785		
00:00:45:450		1.18257e+07		-4.78588		0		0		3.49235e+06		654.682		
00:00:45:350		1.18326e+07		-4.77706		0		0		3.50053e+06		657.708		
00:00:45:250		1.18394e+07		-4.76825		0		0		3.5087e+06		661.998		
00:00:45:149		1.18463e+07		-4.75944		0		0		3.5127e+06		662.791		
00:00:45:049		1.1853e+07		-4.75063		0		0		3.50978e+06		660.344		
00:00:44:950		1.18598e+07		-4.74179		0		0		3.50834e+06		658.185		
00:00:44:850		1.18666e+07		-4.7329		0		0		3.51032e+06		658.346		
00:00:44:750		1.18734e+07		-4.72397		0		0		3.51636e+06		659.497		
00:00:44:649		1.18803e+07		-4.71499		0		0		3.52181e+06		660.052		
00:00:44:549		1.18873e+07		-4.70599		0		0		3.52736e+06		660.429		
00:00:44:450		1.18942e+07		-4.69697		0		0		3.5342e+06		661.77		
00:00:44:350		1.19012e+07		-4.68795		0		0		3.54285e+06		664.703		
00:00:44:250		1.19081e+07		-4.67896		0		0		3.5521e+06		669.273		
00:00:44:149		1.1915e+07		-4.66999		0		0		3.55836e+06		671.716		
00:00:44:049		1.19219e+07		-4.66103		0		0		3.55703e+06		669.635		
00:00:43:950		1.19287e+07		-4.6521		0		0		3.55511e+06		667.689		
00:00:43:850		1.19355e+07		-4.64319		0		0		3.55529e+06		666.324		
00:00:43:700		1.19456e+07		-4.62984		0		0		3.56355e+06		668.147		
00:00:43:700		1.19456e+07		-4.62984		0		0		3.56355e+06		668.147		
00:00:43:549		1.19557e+07		-4.61644		0		0		3.57209e+06		668.912		
00:00:43:399		1.19658e+07		-4.60302		0		0		3.58246e+06		671.067		
00:00:43:399		1.19658e+07		-4.60302		0		0		3.58246e+06		671.067		
00:00:43:299		1.19726e+07		-4.5941		0		0		3.59185e+06		675.254		
00:00:43:200		1.19793e+07		-4.58521		0		0		3.60057e+06		679.353		
00:00:43:100		1.19859e+07		-4.57633		0		0		3.60241e+06		678.439		
00:00:43:000		1.19926e+07		-4.56744		0		0		3.60007e+06		676.797		
00:00:42:899		1.19992e+07		-4.55852		0		0		3.60001e+06		674.875		
00:00:42:700		1.20127e+07		-4.54054		0		0		3.60953e+06		676.447		
00:00:42:700		1.20127e+07		-4.54054		0		0		3.60953e+06		676.447		
00:00:42:600		1.20196e+07		-4.5315		0		0		3.6156e+06		677.094		
00:00:42:500		1.20264e+07		-4.52244		0		0		3.6221e+06		677.976		
00:00:42:399		1.20333e+07		-4.51337		0		0		3.63051e+06		681.173		
00:00:42:299		1.20401e+07		-4.50431		0		0		3.64061e+06		686.257		
00:00:42:200		1.20469e+07		-4.49524		0		0		3.64561e+06		687.113		
00:00:42:100		1.20536e+07		-4.48615		0		0		3.64359e+06		685.351		
00:00:42:000		1.20603e+07		-4.47702		0		0		3.64355e+06		683.988		
00:00:41:899		1.20671e+07		-4.46784		0		0		3.64477e+06		682.811		
00:00:41:700		1.20807e+07		-4.44933		0		0		3.6569e+06		684.948		
00:00:41:700		1.20807e+07		-4.44933		0		0		3.6569e+06		684.948		
00:00:41:600		1.20876e+07		-4.44004		0		0		3.66354e+06		685.782		
00:00:41:500		1.20944e+07		-4.43076		0		0		3.67161e+06		688.768		
00:00:41:399		1.21013e+07		-4.42149		0		0		3.68179e+06		693.961		
00:00:41:299		1.21081e+07		-4.41224		0		0		3.68694e+06		694.684		
00:00:41:200		1.21149e+07		-4.40298		0		0		3.68503e+06		692.878		
00:00:41:000		1.21284e+07		-4.3844		0		0		3.68732e+06		690.574		
00:00:41:000		1.21284e+07		-4.3844		0		0		3.68732e+06		690.574		
00:00:40:899		1.21352e+07		-4.37506		0		0		3.69357e+06		692.028		
00:00:40:700		1.21487e+07		-4.35638		0		0		3.70849e+06		695.55		
00:00:40:700		1.21487e+07		-4.35638		0		0		3.70849e+06		695.55		
00:00:40:600		1.21554e+07		-4.34708		0		0		3.71782e+06		700.147		
00:00:40:500		1.21621e+07		-4.33779		0		0		3.72374e+06		701.449		
00:00:40:399		1.21687e+07		-4.32851		0		0		3.72276e+06		699.968		
00:00:40:299		1.21753e+07		-4.31922		0		0		3.72348e+06		698.93		
00:00:40:200		1.21819e+07		-4.3099		0		11.5452		3.7253e+06		697.617		
00:00:40:100		1.21886e+07		-4.30056		0		0		3.73065e+06		698.837		
00:00:40:000		1.21953e+07		-4.29121		0		0		3.73833e+06		700.021		
00:00:39:799		1.22086e+07		-4.27255		0		0		3.75556e+06		707.108		
00:00:39:700		1.22153e+07		-4.26324		0		0		3.76152e+06		708.331		
00:00:39:700		1.22153e+07		-4.26324		0		0		3.76152e+06		708.331		
00:00:39:600		1.22253e+07		-4.24926		0		0		3.76076e+06		706.04		
00:00:39:450		1.2232e+07		-4.23992		0		11.4815		3.76263e+06		704.716		
00:00:39:350		1.22387e+07		-4.23054		0		0		3.76704e+06		705.274		
00:00:39:250		1.22455e+07		-4.22115		0		0		3.77538e+06		707.418		
00:00:39:149		1.22523e+07		-4.21176		0		0		3.78396e+06		711.011		
00:00:39:049		1.2259e+07		-4.20236		0		0		3.79189e+06		714.172		
00:00:38:950		1.22658e+07		-4.19295		0		0		3.79375e+06		713.082		
00:00:38:899		1.22691e+07		-4.18825		0		0		3.79351e+06		712.618		
00:00:38:649		1.2286e+07		-4.16466		0		0		3.80054e+06		711.36		
00:00:38:649		1.2286e+07		-4.16466		0		0		3.80054e+06		711.36		
00:00:38:549		1.22928e+07		-4.15521		0		0		3.80906e+06		713.696		
00:00:38:450		1.22996e+07		-4.14578		0		0		3.81794e+06		717.503		
00:00:38:350		1.23064e+07		-4.13638		0		0		3.82569e+06		720.267		
00:00:38:250		1.23132e+07		-4.127		0		0		3.8271e+06		718.982		
00:00:38:149		1.23199e+07		-4.11765		0		0		3.82779e+06		718.063		
00:00:38:049		1.23267e+07		-4.10832		0		0		3.83054e+06		717.096		
00:00:37:950		1.23335e+07		-4.099		0		0		3.83602e+06		718.437		
00:00:37:750		1.23471e+07		-4.08041		0		0		3.85333e+06		725.13		
00:00:37:649		1.23539e+07		-4.07112		0		0		3.85635e+06		724.586		
00:00:37:649		1.23539e+07		-4.07112		0		0		3.85635e+06		724.586		
00:00:37:549		1.23607e+07		-4.06181		0		0		3.85715e+06		723.737		
00:00:37:450		1.23675e+07		-4.05247		0		0		3.85987e+06		722.874		
00:00:37:350		1.23743e+07		-4.04308		0		0		3.86454e+06		723.533		
00:00:37:250		1.23811e+07		-4.03363		0		0		3.87335e+06		727.092		
00:00:37:149		1.23879e+07		-4.02411		0		0		3.88166e+06		730.25		
00:00:37:049		1.23946e+07		-4.01452		0		0		3.88503e+06		729.831		
00:00:36:950		1.24014e+07		-4.00484		0		0		3.88608e+06		729.091		
00:00:36:750		1.24149e+07		-3.98528		0		0		3.89366e+06		728.925		
00:00:36:649		1.24217e+07		-3.97542		0		0		3.90251e+06		732.599		
00:00:36:649		1.24217e+07		-3.97542		0		0		3.90251e+06		732.599		
00:00:36:549		1.24284e+07		-3.96557		0		0		3.91079e+06		735.543		
00:00:36:450		1.24352e+07		-3.95577		0		0		3.91403e+06		735.032		
00:00:36:350		1.2442e+07		-3.94607		0		0		3.91528e+06		734.343		
00:00:36:250		1.24487e+07		-3.93649		0		0		3.91839e+06		733.607		
00:00:36:149		1.24555e+07		-3.92707		0		0		3.92344e+06		734.469		
00:00:36:049		1.24623e+07		-3.91784		0		0		3.93259e+06		738.331		
00:00:35:899		1.24726e+07		-3.90434		0		0		3.94273e+06		740.868		
00:00:35:899		1.24726e+07		-3.90434		0		0		3.94273e+06		740.868		
00:00:35:700		1.24862e+07		-3.88688		0		0		3.94656e+06		739.34		
00:00:35:700		1.24862e+07		-3.88688		0		0		3.94656e+06		739.34		
00:00:35:500		1.24998e+07		-3.86969		0		0		3.95859e+06		742.3		
00:00:35:500		1.24998e+07		-3.86969		0		0		3.95859e+06		742.3		
00:00:35:399		1.25067e+07		-3.86111		0		0		3.96791e+06		745.87		
00:00:35:200		1.25203e+07		-3.84383		0		0		3.97376e+06		745.179		
00:00:35:200		1.25203e+07		-3.84383		0		0		3.97376e+06		745.179		
00:00:35:049		1.25306e+07		-3.83069		0		0		3.97883e+06		744.457		
00:00:34:950		1.25375e+07		-3.82181		0		0		3.98509e+06		746.29		
00:00:34:850		1.25444e+07		-3.81285		0		0		3.99473e+06		750.126		
00:00:34:750		1.25512e+07		-3.80382		0		0		4.00159e+06		751.934		
00:00:34:649		1.25616e+07		-3.79012		0		0		4.00463e+06		750.732		
00:00:34:500		1.25685e+07		-3.7809		0		0		4.00806e+06		750.284		
00:00:34:500		1.25685e+07		-3.7809		0		0		4.00806e+06		750.284		
00:00:34:399		1.25753e+07		-3.77161		0		0		4.01313e+06		750.825		
00:00:34:299		1.25822e+07		-3.76225		0		0		4.02202e+06		754.582		
00:00:34:200		1.25891e+07		-3.75286		0		0		4.03057e+06		757.303		
00:00:34:100		1.2596e+07		-3.74341		0		0		4.03414e+06		756.988		
00:00:34:000		1.26028e+07		-3.73392		0		0		4.03599e+06		756.321		
00:00:33:899		1.26097e+07		-3.72438		0		0		4.03983e+06		755.975		
00:00:33:700		1.26234e+07		-3.70519		0		0		4.05477e+06		760.806		
00:00:33:700		1.26234e+07		-3.70519		0		0		4.05477e+06		760.806		
00:00:33:600		1.26302e+07		-3.69555		0		0		4.06287e+06		763.247		
00:00:33:500		1.2637e+07		-3.6859		0		0		4.06608e+06		762.601		
00:00:33:399		1.26439e+07		-3.67623		0		0		4.06817e+06		762.053		
00:00:33:299		1.26508e+07		-3.66654		0		0		4.07248e+06		761.793		
00:00:33:200		1.26576e+07		-3.65684		0		0		4.07866e+06		763.189		
00:00:33:000		1.26713e+07		-3.63744		0		0		4.09627e+06		769.405		
00:00:33:000		1.26713e+07		-3.63744		0		0		4.09627e+06		769.405		
00:00:32:899		1.26781e+07		-3.62773		0		0		4.09873e+06		768.357		
00:00:32:799		1.26849e+07		-3.61803		0		0		4.10102e+06		767.908		
00:00:32:700		1.26917e+07		-3.6083		0		0		4.10591e+06		767.805		
00:00:32:600		1.26985e+07		-3.59856		0		0		4.11264e+06		769.678		
00:00:32:500		1.27054e+07		-3.58882		0		0		4.12281e+06		773.799		
00:00:32:399		1.27122e+07		-3.57906		0		0		4.12997e+06		775.411		
00:00:32:299		1.2719e+07		-3.5693		0		0		4.1323e+06		774.416		
00:00:32:200		1.27258e+07		-3.55952		0		0		4.13518e+06		774.06		
00:00:32:100		1.27326e+07		-3.54972		0		0		4.14031e+06		774.036		
00:00:32:000		1.27395e+07		-3.53991		0		0		4.14758e+06		776.279		
00:00:31:899		1.27463e+07		-3.53008		0		0		4.15811e+06		780.563		
00:00:31:649		1.27635e+07		-3.50545		0		0		4.16815e+06		780.388		
00:00:31:649		1.27635e+07		-3.50545		0		0		4.16815e+06		780.388		
00:00:31:550		1.27704e+07		-3.49557		0		0		4.17277e+06		780.409		
00:00:31:500		1.27739e+07		-3.49061		0		0		4.17575e+06		780.651		
00:00:31:399		1.27808e+07		-3.48069		0		0		4.18382e+06		783.615		
00:00:31:250		1.27911e+07		-3.46578		0		0		4.19697e+06		787.276		
00:00:31:149		1.27981e+07		-3.45582		0		0		4.2004e+06		786.731		
00:00:31:100		1.28015e+07		-3.45084		0		0		4.20206e+06		786.635		
00:00:31:000		1.28084e+07		-3.44087		0		0		4.2072e+06		787.162		
00:00:30:800		1.28223e+07		-3.42087		0		0		4.22238e+06		791.457		
00:00:30:699		1.28292e+07		-3.41084		0		0		4.23023e+06		793.565		
00:00:30:699		1.28292e+07		-3.41084		0		0		4.23023e+06		793.565		
00:00:30:600		1.28361e+07		-3.4008		0		0		4.23437e+06		793.132		
00:00:30:500		1.28431e+07		-3.39074		0		0		4.23796e+06		793.287		
00:00:30:399		1.285e+07		-3.38066		0		0		4.24396e+06		794.003		
00:00:30:300		1.28604e+07		-3.3655		0		0		4.25465e+06		796.454		
00:00:30:149		1.28674e+07		-3.35537		0		0		4.26316e+06		798.921		
00:00:30:050		1.28744e+07		-3.34522		0		0		4.26979e+06		800.148		
00:00:29:949		1.28814e+07		-3.33506		0		0		4.27445e+06		799.724		
00:00:29:850		1.28884e+07		-3.32488		0		0		4.27898e+06		799.914		
00:00:29:649		1.29025e+07		-3.30448		0		0		4.29662e+06		805.109		
00:00:29:649		1.29025e+07		-3.30448		0		0		4.29662e+06		805.109		
00:00:29:550		1.29095e+07		-3.29426		0		0		4.30355e+06		807.307		
00:00:29:449		1.29166e+07		-3.28403		0		0		4.30915e+06		807.695		
00:00:29:350		1.29236e+07		-3.27378		0		0		4.31184e+06		807.916		
00:00:29:250		1.29307e+07		-3.26351		0		0		4.31657e+06		807.879		
00:00:29:149		1.29378e+07		-3.25323		0		0		4.32215e+06		808.999		
00:00:29:050		1.29449e+07		-3.24294		0		0		4.32926e+06		810.864		
00:00:28:949		1.29521e+07		-3.23263		0		0		4.33571e+06		811.758		
00:00:28:750		1.29663e+07		-3.21198		0		0		4.34905e+06		815.883		
00:00:28:649		1.29734e+07		-3.20163		0		0		4.35341e+06		815.072		
00:00:28:649		1.29734e+07		-3.20163		0		0		4.35341e+06		815.072		
00:00:28:550		1.29805e+07		-3.19126		0		0		4.35589e+06		814.475		
00:00:28:449		1.29876e+07		-3.18087		0		0		4.36301e+06		816.765		
00:00:28:350		1.29948e+07		-3.17045		0		0		4.37141e+06		818.599		
00:00:28:250		1.3002e+07		-3.16		0		0		4.3769e+06		818.565		
00:00:28:149		1.30092e+07		-3.14952		0		11.4176		4.38258e+06		819.832		
00:00:28:050		1.30164e+07		-3.13903		0		0		4.39241e+06		824.088		
00:00:27:949		1.30236e+07		-3.12853		0		0		4.39881e+06		824.076		
00:00:27:750		1.30381e+07		-3.10747		0		0		4.40612e+06		824.496		
00:00:27:649		1.30453e+07		-3.0969		0		0		4.41398e+06		825.624		
00:00:27:649		1.30453e+07		-3.0969		0		0		4.41398e+06		825.624		
00:00:27:550		1.30526e+07		-3.08631		0		10.4935		4.42021e+06		826.299		
00:00:27:449		1.30599e+07		-3.07569		0		0		4.4275e+06		827.692		
00:00:27:350		1.30671e+07		-3.06506		0		0		4.43738e+06		831.997		
00:00:27:250		1.30744e+07		-3.05442		0		0		4.44541e+06		833.283		
00:00:27:100		1.30853e+07		-3.03841		0		11.1594		4.44915e+06		832.024		
00:00:27:100		1.30853e+07		-3.03841		0		11.1594		4.44915e+06		832.024		
00:00:26:949		1.30963e+07		-3.02234		0		11.0941		4.45908e+06		833.739		
00:00:26:850		1.31036e+07		-3.01158		0		0		4.46661e+06		834.883		
00:00:26:750		1.3111e+07		-3.0008		0		0		4.47403e+06		835.937		
00:00:26:649		1.31184e+07		-2.99		0		0		4.48353e+06		839.972		
00:00:26:550		1.31258e+07		-2.97917		0		0		4.49279e+06		842.363		
00:00:26:449		1.31332e+07		-2.96832		0		0		4.49553e+06		840.904		
00:00:26:350		1.31406e+07		-2.95745		0		0		4.49968e+06		841.147		
00:00:26:250		1.3148e+07		-2.94655		0		0		4.50654e+06		842.378		
00:00:26:149		1.31554e+07		-2.9356		0		0		4.51428e+06		843.719		
00:00:26:050		1.31629e+07		-2.92462		0		0		4.52197e+06		844.615		
00:00:25:949		1.31704e+07		-2.91361		0		12.7669		4.53073e+06		847.918		
00:00:25:800		1.31817e+07		-2.89705		0		0		4.54416e+06		851.128		
00:00:25:699		1.31892e+07		-2.88599		0		0		4.54648e+06		850.056		
00:00:25:600		1.31967e+07		-2.87489		0		0		4.55177e+06		850.653		
00:00:25:500		1.32043e+07		-2.86377		0		0		4.55917e+06		851.949		
00:00:25:500		1.32043e+07		-2.86377		0		0		4.55917e+06		851.949		
00:00:25:399		1.32118e+07		-2.85259		0		0		4.56704e+06		853.132		
00:00:25:300		1.32194e+07		-2.84138		0		11.0286		4.57498e+06		854.697		
00:00:25:199		1.3227e+07		-2.83013		0		0		4.58542e+06		859.253		
00:00:25:100		1.32347e+07		-2.81887		0		0		4.59331e+06		859.736		
00:00:25:000		1.32423e+07		-2.80758		0		9.93773		4.59569e+06		858.977		
00:00:24:899		1.325e+07		-2.79625		0		9.93773		4.60176e+06		859.772		
00:00:24:699		1.32654e+07		-2.7735		0		10.8966		4.61768e+06		863.147		
00:00:24:699		1.32654e+07		-2.7735		0		10.8966		4.61768e+06		863.147		
00:00:24:600		1.32731e+07		-2.76207		0		9.8667		4.62709e+06		866.192		
00:00:24:500		1.32809e+07		-2.75062		0		10.3566		4.63309e+06		866.017		
00:00:24:399		1.32887e+07		-2.73913		0		10.5614		4.63864e+06		866.837		
00:00:24:300		1.32965e+07		-2.7276		0		10.9627		4.64589e+06		868.077		
00:00:24:199		1.33044e+07		-2.71604		0		10.7634		4.65383e+06		869.977		
00:00:24:100		1.33123e+07		-2.70444		0		10.8302		4.66178e+06		871.417		
00:00:24:000		1.33202e+07		-2.69279		0		11.0286		4.66855e+06		872.434		
00:00:23:800		1.33361e+07		-2.66939		0		11.3535		4.68333e+06		875.14		
00:00:23:699		1.3344e+07		-2.65763		0		11.4176		4.691e+06		876.633		
00:00:23:699		1.3344e+07		-2.65763		0		11.4176		4.691e+06		876.633		
00:00:23:600		1.3352e+07		-2.64583		0		11.4176		4.69846e+06		877.91		
00:00:23:500		1.33601e+07		-2.63398		0		11.6085		4.70588e+06		879.24		
00:00:23:399		1.33681e+07		-2.62209		0		11.6716		4.71344e+06		880.613		
00:00:23:300		1.33762e+07		-2.61016		0		11.7345		4.72108e+06		882.023		
00:00:23:199		1.33843e+07		-2.59817		0		11.8595		4.72872e+06		883.397		
00:00:23:100		1.33924e+07		-2.58614		0		11.8595		4.73635e+06		884.775		
00:00:23:000		1.34046e+07		-2.56802		0		0		4.74789e+06		886.872		
00:00:22:850		1.34129e+07		-2.55588		0		0		4.75564e+06		888.278		
00:00:22:699		1.34252e+07		-2.53759		0		12.2893		4.76729e+06		890.4		
00:00:22:699		1.34252e+07		-2.53759		0		12.2893		4.76729e+06		890.4		
00:00:22:600		1.34335e+07		-2.52536		0		12.3497		4.7751e+06		891.826		
00:00:22:500		1.34417e+07		-2.5131		0		12.41		4.78293e+06		893.259		
00:00:22:399		1.34499e+07		-2.50081		0		12.5298		4.79076e+06		894.688		
00:00:22:300		1.34582e+07		-2.48849		0		12.5894		4.7986e+06		896.116		
00:00:22:199		1.34664e+07		-2.47614		0		12.7669		4.80646e+06		897.549		
00:00:22:100		1.34747e+07		-2.46375		0		12.8257		4.81432e+06		898.984		
00:00:22:000		1.3483e+07		-2.45133		0		12.9425		4.8222e+06		900.419		
00:00:21:899		1.34914e+07		-2.43887		0		13.0007		4.83009e+06		901.858		
00:00:21:649		1.35123e+07		-2.40752		0		0		4.84985e+06		905.457		
00:00:21:649		1.35123e+07		-2.40752		0		0		4.84985e+06		905.457		
00:00:21:550		1.35208e+07		-2.3949		0		0		4.85777e+06		906.894		
00:00:21:449		1.35293e+07		-2.38224		0		0		4.86572e+06		908.336		
00:00:21:350		1.35378e+07		-2.36954		0		0		4.87369e+06		909.783		
00:00:21:250		1.35464e+07		-2.3568		0		0		4.88168e+06		911.238		
00:00:21:149		1.3555e+07		-2.344		0		0		4.8897e+06		912.698		
00:00:21:050		1.35636e+07		-2.33116		0		0		4.89774e+06		914.165		
00:00:21:000		1.35679e+07		-2.32472		0		14.0697		4.90178e+06		914.9		
00:00:20:899		1.35766e+07		-2.31182		0		10.6964		4.90986e+06		916.375		
00:00:20:750		1.35897e+07		-2.29237		0		0		4.92204e+06		918.596		
00:00:20:649		1.35984e+07		-2.27936		0		0		4.93018e+06		920.08		
00:00:20:550		1.36072e+07		-2.2663		0		0		4.93835e+06		921.569		
00:00:20:449		1.3616e+07		-2.25321		0		0		4.94653e+06		923.06		
00:00:20:350		1.36248e+07		-2.2401		0		0		4.95474e+06		924.556		
00:00:20:250		1.36337e+07		-2.22696		0		0		4.96296e+06		926.058		
00:00:20:149		1.36426e+07		-2.2138		0		0		4.97121e+06		927.559		
00:00:20:050		1.36515e+07		-2.20061		0		0		4.97946e+06		929.057		
00:00:19:949		1.36604e+07		-2.18741		0		0		4.98773e+06		930.557		
00:00:19:750		1.36783e+07		-2.16099		0		0		5.00433e+06		933.565		
00:00:19:649		1.36873e+07		-2.14778		0		0		5.01267e+06		935.083		
00:00:19:649		1.36873e+07		-2.14778		0		0		5.01267e+06		935.083		
00:00:19:550		1.36964e+07		-2.13458		0		0		5.02103e+06		936.605		
00:00:19:449		1.37054e+07		-2.12138		0		0		5.02943e+06		938.131		
00:00:19:350		1.37145e+07		-2.10818		0		0		5.03785e+06		939.662		
00:00:19:300		1.37236e+07		-2.09499		0		9.93773		5.04631e+06		941.2		
00:00:19:149		1.37328e+07		-2.08181		0		13.0586		5.05481e+06		942.744		
00:00:19:050		1.3742e+07		-2.06865		0		10.2876		5.06334e+06		944.298		
00:00:18:949		1.37513e+07		-2.05551		0		10.4252		5.0719e+06		945.861		
00:00:18:750		1.37698e+07		-2.02928		0		10.7634		5.08909e+06		948.996		
00:00:18:649		1.37792e+07		-2.01622		0		10.8966		5.0977e+06		950.562		
00:00:18:649		1.37792e+07		-2.01622		0		10.8966		5.0977e+06		950.562		
00:00:18:550		1.37886e+07		-2.00319		0		11.0941		5.10634e+06		952.131		
00:00:18:449		1.3798e+07		-1.99019		0		10.9627		5.11501e+06		953.704		
00:00:18:350		1.38075e+07		-1.97723		0		11.1594		5.12371e+06		955.281		
00:00:18:250		1.3817e+07		-1.96432		0		11.2891		5.13244e+06		956.862		
00:00:18:149		1.38266e+07		-1.95144		0		11.4176		5.1412e+06		958.448		
00:00:18:050		1.38361e+07		-1.93861		0		11.6085		5.15e+06		960.033		
00:00:17:899		1.38506e+07		-1.91945		0		11.8595		5.16326e+06		962.416		
00:00:17:899		1.38506e+07		-1.91945		0		11.8595		5.16326e+06		962.416		
00:00:17:699		1.387e+07		-1.89408		0		12.2286		5.18113e+06		965.639		
00:00:17:600		1.38798e+07		-1.88147		0		12.3497		5.19014e+06		967.263		
00:00:17:600		1.38798e+07		-1.88147		0		12.3497		5.19014e+06		967.263		
00:00:17:399		1.38995e+07		-1.85642		0		12.7079		5.20831e+06		970.544		
00:00:17:399		1.38995e+07		-1.85642		0		12.7079		5.20831e+06		970.544		
00:00:17:300		1.39095e+07		-1.84397		0		12.7669		5.21747e+06		972.207		
00:00:17:199		1.39195e+07		-1.83154		0		13.0007		5.22667e+06		973.882		
00:00:17:100		1.39296e+07		-1.81913		0		13.1739		5.23591e+06		975.56		
00:00:17:000		1.39398e+07		-1.80671		0		13.2884		5.24517e+06		977.237		
00:00:16:899		1.395e+07		-1.79429		0		13.4588		5.25446e+06		978.918		
00:00:16:699		1.39709e+07		-1.76936		0		13.7391		5.27317e+06		982.298		
00:00:16:699		1.39709e+07		-1.76936		0		13.7391		5.27317e+06		982.298		
00:00:16:600		1.39816e+07		-1.75682		0		13.9051		5.28259e+06		983.997		
00:00:16:399		1.40034e+07		-1.73153		0		14.2867		5.30158e+06		987.419		
00:00:16:399		1.40034e+07		-1.73153		0		14.2867		5.30158e+06		987.419		
00:00:16:300		1.40146e+07		-1.71876		0		14.3943		5.31115e+06		989.143		
00:00:16:199		1.40261e+07		-1.7059		0		14.5545		5.32077e+06		990.874		
00:00:16:100		1.40379e+07		-1.69295		0		14.7133		5.33045e+06		992.612		
00:00:16:000		1.40501e+07		-1.67992		0		14.8184		5.34019e+06		994.361		
00:00:15:900		1.40625e+07		-1.66682		0		15.0269		5.34998e+06		996.122		
00:00:15:800		1.40749e+07		-1.65362		0		15.1818		5.35984e+06		997.895		
00:00:15:699		1.40872e+07		-1.6403		0		15.2843		5.36976e+06		999.683		
00:00:15:599		1.40994e+07		-1.62685		0		15.4371		5.37973e+06		1001.49		
00:00:15:500		1.41114e+07		-1.61324		0		15.639		5.38976e+06		1003.29		
00:00:15:400		1.41229e+07		-1.59947		0		15.6892		5.39981e+06		1005.09		
00:00:15:300		1.41341e+07		-1.58558		0		15.7891		5.40992e+06		1006.91		
00:00:15:199		1.41451e+07		-1.57156		0		15.8885		5.4201e+06		1008.74		
00:00:15:099		1.41558e+07		-1.55743		0		16.0367		5.43033e+06		1010.57		
00:00:14:949		1.41714e+07		-1.53611		0		16.2326		5.44578e+06		1013.34		
00:00:14:849		1.41818e+07		-1.52182		0		16.3299		5.45616e+06		1015.19		
00:00:14:650		1.42024e+07		-1.49307		0		16.6188		5.47712e+06		1018.95		
00:00:14:650		1.42024e+07		-1.49307		0		16.6188		5.47712e+06		1018.95		
00:00:14:550		1.42127e+07		-1.47862		0		16.7142		5.48771e+06		1020.84		
00:00:14:449		1.42231e+07		-1.46411		0		16.8092		5.49836e+06		1022.75		
00:00:14:349		1.42334e+07		-1.44955		0		16.8565		5.50907e+06		1024.67		
00:00:14:250		1.42437e+07		-1.43495		0		16.9979		5.51985e+06		1026.6		
00:00:14:150		1.4254e+07		-1.42029		0		17.0448		5.53069e+06		1028.54		
00:00:14:050		1.42643e+07		-1.40558		0		17.1849		5.5416e+06		1030.51		
00:00:13:949		1.42746e+07		-1.39083		0		17.2313		5.55257e+06		1032.48		
00:00:13:849		1.42849e+07		-1.37603		0		17.2777		5.56359e+06		1034.46		
00:00:13:750		1.42951e+07		-1.36117		0		17.4163		5.57467e+06		1036.45		
00:00:13:650		1.43054e+07		-1.34627		0		17.4623		5.5858e+06		1038.45		
00:00:13:500		1.43207e+07		-1.3238		0		17.5082		5.60261e+06		1041.47		
00:00:13:500		1.43207e+07		-1.3238		0		17.5082		5.60261e+06		1041.47		
00:00:13:349		1.43359e+07		-1.30122		0		17.5996		5.61955e+06		1044.5		
00:00:13:250		1.4346e+07		-1.28609		0		17.6452		5.63091e+06		1046.52		
00:00:13:099		1.43611e+07		-1.26329		0		17.5082		5.6481e+06		1049.57		
00:00:13:099		1.43611e+07		-1.26329		0		17.5082		5.6481e+06		1049.57		
00:00:13:000		1.43711e+07		-1.24801		0.0662665		17.5082		5.65966e+06		1051.63		
00:00:12:900		1.43811e+07		-1.23267		0.198901		17.5539		5.67139e+06		1053.76		
00:00:12:750		1.4396e+07		-1.20955		0.396142		17.5082		5.68906e+06		1057.01		
00:00:12:650		1.44058e+07		-1.19406		0.525512		17.5082		5.70084e+06		1059.15		
00:00:12:550		1.44155e+07		-1.17849		0.652416		17.5082		5.7126e+06		1061.27		
00:00:12:449		1.4425e+07		-1.16285		0.77612		17.5082		5.72438e+06		1063.4		
00:00:12:349		1.44343e+07		-1.14713		0.895997		17.5082		5.73625e+06		1065.57		
00:00:12:250		1.44433e+07		-1.13134		1.01166		17.5082		5.74819e+06		1067.8		
00:00:12:150		1.44521e+07		-1.11553		1.12258		17.4623		5.76015e+06		1070.05		
00:00:12:000		1.44654e+07		-1.09188		1.27952		17.3702		5.77789e+06		1073.36		
00:00:12:000		1.44654e+07		-1.09188		1.27952		17.3702		5.77789e+06		1073.36		
00:00:11:800		1.44845e+07		-1.06053		1.46967		17.2313		5.80116e+06		1077.59		
00:00:11:699		1.44946e+07		-1.04475		1.55666		17.2313		5.81275e+06		1079.68		
00:00:11:699		1.44946e+07		-1.04475		1.55666		17.2313		5.81275e+06		1079.68		
00:00:11:599		1.45039e+07		-1.0289		1.63806		17.2313		5.82439e+06		1081.8		
00:00:11:500		1.45134e+07		-1.01291		1.71322		17.2313		5.83605e+06		1083.92		
00:00:11:400		1.45221e+07		-0.996814		1.78192		17.2313		5.84773e+06		1086.05		
00:00:11:300		1.45304e+07		-0.980602		1.84717		17.2313		5.85941e+06		1088.17		
00:00:11:199		1.45375e+07		-0.964373		1.91186		17.2777		5.87109e+06		1090.3		
00:00:11:099		1.45447e+07		-0.948275		1.97612		17.4163		5.88276e+06		1092.41		
00:00:11:000		1.45523e+07		-0.932327		2.03731		22.1035		5.89443e+06		1094.53		
00:00:10:900		1.45604e+07		-0.916547		2.1037		28.1564		5.90611e+06		1096.63		
00:00:10:800		1.45691e+07		-0.900959		2.1707		32.4074		5.91779e+06		1098.74		
00:00:10:650		1.45837e+07		-0.877869		2.25045		36.8182		5.93539e+06		1101.92		
00:00:10:550		1.45941e+07		-0.862534		2.30202		38.9107		5.94714e+06		1104.06		
00:00:10:500		1.45993e+07		-0.854867		2.32388		39.7512		5.95302e+06		1105.13		
00:00:10:400		1.46096e+07		-0.839532		2.3659		41.2333		5.9648e+06		1107.26		
00:00:10:300		1.462e+07		-0.824193		2.40578		42.8997		5.97659e+06		1107.21		
00:00:10:150		1.46355e+07		-0.801181		2.46137		43.7935		5.99432e+06		1112.61		
00:00:10:050		1.46458e+07		-0.785838		2.49624		44.5494		6.00616e+06		1114.76		
00:00:09:949		1.46562e+07		-0.770504		2.53028		45.1737		6.01803e+06		1116.93		
00:00:09:849		1.46665e+07		-0.755182		2.56083		45.7309		6.02991e+06		1119.1		
00:00:09:750		1.46768e+07		-0.739873		2.58984		46.2232		6.04178e+06		1121.27		
00:00:09:650		1.46871e+07		-0.724582		2.61732		46.6524		6.05363e+06		1123.41		
00:00:09:550		1.46974e+07		-0.709309		2.64306		47.0394		6.06546e+06		1125.56		
00:00:09:449		1.47076e+07		-0.694054		2.66748		47.3853		6.07728e+06		1127.7		
00:00:09:349		1.47179e+07		-0.678839		2.69106		47.6718		6.0891e+06		1129.84		
00:00:09:250		1.47281e+07		-0.663658		2.7136		47.9377		6.10091e+06		1131.98		
00:00:09:150		1.47383e+07		-0.648511		2.73467		48.1834		6.11272e+06		1134.11		
00:00:09:050		1.47485e+07		-0.633404		2.75448		48.3904		6.12452e+06		1136.22		
00:00:08:949		1.47586e+07		-0.618339		2.77345		48.5966		6.13631e+06		1138.32		
00:00:08:849		1.47688e+07		-0.603318		2.79122		48.7274		6.14811e+06		1140.39		
00:00:08:750		1.47789e+07		-0.588355		2.80771		48.8579		6.15993e+06		1142.45		
00:00:08:650		1.4789e+07		-0.573447		2.82342		48.9509		6.17181e+06		1144.47		
00:00:08:550		1.47991e+07		-0.558597		2.8385		49.0066		6.18381e+06		1146.5		
00:00:08:449		1.48091e+07		-0.543806		2.85276		49.0622		6.19598e+06		1148.54		
00:00:08:349		1.48191e+07		-0.529075		2.86603		49.0808		6.20835e+06		1150.58		
00:00:08:250		1.48292e+07		-0.514416		2.88108		49.0622		6.22097e+06		1152.65		
00:00:08:099		1.48441e+07		-0.49257		2.89776		48.9694		6.2405e+06		1155.88		
00:00:08:099		1.48441e+07		-0.49257		2.89776		48.9694		6.2405e+06		1155.88		
00:00:08:000		1.48541e+07		-0.47811		2.90953		48.8951		6.25399e+06		1158.17		
00:00:07:799		1.4874e+07		-0.449451		2.9315		48.0701		6.28196e+06		1163.08		
00:00:07:799		1.4874e+07		-0.449451		2.9315		48.0701		6.28196e+06		1163.08		
00:00:07:599		1.48938e+07		-0.42116		2.94953		46.9043		6.31061e+06		1168.18		
00:00:07:599		1.48938e+07		-0.42116		2.94953		46.9043		6.31061e+06		1168.18		
00:00:07:450		1.49087e+07		-0.400183		2.96168		45.7902		6.33236e+06		1172.07		
00:00:07:299		1.49236e+07		-0.379438		2.97336		44.6506		6.3542e+06		1176		
00:00:07:299		1.49236e+07		-0.379438		2.97336		44.6506		6.3542e+06		1176		
00:00:07:200		1.49335e+07		-0.365741		2.98066		43.8141		6.36879e+06		1178.61		
00:00:07:099		1.49434e+07		-0.352164		2.98737		42.9417		6.38336e+06		1181.19		
00:00:07:000		1.49534e+07		-0.338714		2.99393		42.0527		6.39795e+06		1183.76		
00:00:06:900		1.49633e+07		-0.325382		2.99981		41.1026		6.4126e+06		1186.34		
00:00:06:700		1.49834e+07		-0.299036		3.00854		39.0253		6.4421e+06		1191.54		
00:00:06:599		1.49935e+07		-0.286026		3.01276		37.9128		6.45695e+06		1194.15		
00:00:06:599		1.49935e+07		-0.286026		3.01276		37.9128		6.45695e+06		1194.15		
00:00:06:500		1.50037e+07		-0.27315		3.01768		36.6732		6.47188e+06		1196.77		
00:00:06:400		1.5014e+07		-0.260397		3.02238		35.3446		6.48691e+06		1199.4		
00:00:06:299		1.50245e+07		-0.24776		3.02535		33.7614		6.50199e+06		1202.01		
00:00:06:200		1.5035e+07		-0.235233		3.0272		31.7525		6.5171e+06		1204.57		
00:00:06:099		1.50457e+07		-0.222805		3.02866		29.6528		6.53225e+06		1207.01		
00:00:06:000		1.50565e+07		-0.210454		3.02925		29.6821		6.54751e+06		1209.38		
00:00:05:849		1.50729e+07		-0.192047		3.02936		27.7248		6.57119e+06		1213.04		
00:00:05:799		1.50783e+07		-0.185899		3.02923		26.8113		6.57925e+06		1214.13		
00:00:05:650		1.50928e+07		-0.167351		3.02671		23.9974		6.60349e+06		1215.73		
00:00:05:549		1.51014e+07		-0.155139		3.02432		22.1035		6.61961e+06		1219.87		
00:00:05:450		1.51101e+07		-0.143113		3.02038		20.2239		6.63556e+06		1219.61		
00:00:05:400		1.51145e+07		-0.137162		3.01801		19.3538		6.6434e+06		1218.29		
00:00:05:250		1.5128e+07		-0.119579		3.01054		16.8565		6.666e+06		1200.16		
00:00:05:150		1.51372e+07		-0.108092		3.00478		15.3863		6.67985e+06		1152.56		
00:00:05:049		1.51467e+07		-0.0967832		2.99765		14.1785		6.69265e+06		1103.86		
00:00:05:000		1.51514e+07		-0.0911908		2.99367		13.5714		6.69867e+06		1080.71		
00:00:04:900		1.51612e+07		-0.0801196		2.98482		12.5894		6.71e+06		1036.47		
00:00:04:799		1.5171e+07		-0.0691781		2.97452		11.6085		6.72043e+06		996.296		
00:00:04:650		1.51856e+07		-0.0530343		2.9596		10.2876		6.73457e+06		943.667		
00:00:04:599		1.51905e+07		-0.0477319		2.95451		9.8667		6.73893e+06		928.281		
00:00:04:450		1.52053e+07		-0.032063		2.93844		9.05964		6.7511e+06		886.851		
00:00:04:349		1.5215e+07		-0.0218015		2.92605		8.51885		6.75857e+06		863.718		
00:00:04:250		1.52247e+07		-0.0116901		2.91128		8.35997		6.76561e+06		843.372		
00:00:04:150		1.52343e+07		-0.00173378		2.89759		14.9229		6.77225e+06		825.814		
00:00:04:049		1.5244e+07		0.00806427		2.88625		27.7248		6.77853e+06		810.196		
00:00:03:950		1.52535e+07		0.0176983		2.87391		37.9363		6.78448e+06		796.579		
00:00:03:850		1.52631e+07		0.0271554		2.85706		47.0202		6.79013e+06		784.644		
00:00:03:750		1.52726e+07		0.0363984		2.8352		55.3965		6.7955e+06		773.747		
00:00:03:649		1.5282e+07		0.0454016		2.81547		63.2864		6.80064e+06		764.137		
00:00:03:549		1.52913e+07		0.0541778		2.80511		70.8438		6.80554e+06		755.119		
00:00:03:450		1.53006e+07		0.0627475		2.79784		78.1967		6.81019e+06		746.764		
00:00:03:350		1.53099e+07		0.0711303		2.7806		85.4065		6.81459e+06		738.216		
00:00:03:250		1.53194e+07		0.0793118		2.74527		92.3625		6.8187e+06		729.349		
00:00:03:149		1.5329e+07		0.0872288		2.71385		99.0208		6.82252e+06		719.022		
00:00:03:049		1.53387e+07		0.0947762		2.7109		105.481		6.82599e+06		706.46		
00:00:02:950		1.53478e+07		0.101846		2.72551		115.108		6.82915e+06		694.41		
00:00:02:799		1.53597e+07		0.111588		2.68136		121.177		6.83333e+06		677.346		
00:00:02:799		1.53597e+07		0.111588		2.68136		121.177		6.83333e+06		677.346		
00:00:02:649		1.53703e+07		0.120531		2.56973		129.825		6.83695e+06		661.754		
00:00:02:500		1.53826e+07		0.129493		2.65475		139.263		6.8402e+06		648.415		
00:00:02:500		1.53826e+07		0.129493		2.65475		139.263		6.8402e+06		648.415		
00:00:02:299		1.54001e+07		0.140686		2.78569		156.911		6.84462e+06		637.881		
00:00:02:299		1.54001e+07		0.140686		2.78569		156.911		6.84462e+06		637.881		
00:00:02:149		1.54133e+07		0.148467		2.8268		190.228		6.84882e+06		642.269		
00:00:02:049		1.54223e+07		0.15335		2.84582		232.549		6.85253e+06		657.627		
00:00:01:949		1.54316e+07		0.157909		2.85748		280.579		6.85736e+06		690.365		
00:00:01:850		1.54412e+07		0.162012		2.86631		327.361		6.86358e+06		749.549		
00:00:01:699		1.54554e+07		0.166985		2.87153		389.911		6.87535e+06		852.869		
00:00:01:600		1.54635e+07		0.16938		2.87201		425.219		6.88416e+06		887.767		
00:00:01:600		1.54635e+07		0.16938		2.87201		425.219		6.88416e+06		887.767		
00:00:01:500		1.54698e+07		0.171035		2.86911		455.362		6.89343e+06		916.004		
00:00:01:399		1.54742e+07		0.17205		2.86377		480.686		6.90277e+06		933.418		
00:00:01:300		1.54768e+07		0.172581		2.85563		501.158		6.91171e+06		924.251		
00:00:01:199		1.54781e+07		0.172798		2.84809		515.624		6.91992e+06		917.627		
00:00:01:100		1.54786e+07		0.172853		2.8396		523.044		6.92863e+06		910.274		
00:00:01:000		1.54786e+07		0.17285		2.8362		527.008		6.93792e+06		900.247		
00:00:00:900		1.54786e+07		0.172843		2.83552		529.372		6.9466e+06		884.421		
00:00:00:699		1.54786e+07		0.17284		2.83566		530.223		6.96013e+06		820.005		
00:00:00:599		1.54786e+07		0.172839		2.83569		530.208		6.96381e+06		756.206		
00:00:00:599		1.54786e+07		0.172839		2.83569		530.208		6.96381e+06		756.206		
00:00:00:500		1.54786e+07		0.172839		2.83573		530.21		6.96485e+06		526.825		
00:00:00:400		1.54786e+07		0.17284		2.83568		530.214		6.96485e+06		526.825		
00:00:00:299		1.54786e+07		0.17284		2.83568		530.216		6.96485e+06		526.826		
00:00:00:200		1.54785e+07		0.17284		2.83572		530.219		6.96484e+06		526.825		
00:00:00:100		1.54785e+07		0.17284		2.83572		530.221		6.96484e+06		526.825		
00:00:00:000		1.54785e+07		0.17284		2.83571		530.225		6.96483e+06		526.826		
00:00:00:000		1.54785e+07		0.17284		2.83571		530.225		6.96483e+06		526.826		
00:00:00:000		1.54785e+07		0.17284		2.83571		530.225		6.96483e+06		526.826		
00:00:00:000		1.54785e+07		0.17284		2.83571		530.225		6.96483e+06		526.826		
00:00:00:000		1.54785e+07		0.17284		2.83571		530.225		6.96483e+06		526.826		
