	time 		rcpppzr	rcp054rcp007mnzoyout	rcv501std0102fvol	fwfrcp001gv	rcppmssga	msfsg(1)	
00:01:04:849		1.30031e+07		-3.4544		0		0		6.23091e+06		280.99		
00:01:04:750		1.30042e+07		-3.45223		0		0		6.23443e+06		281.145		
00:01:04:650		1.30054e+07		-3.45006		0		0		6.23796e+06		281.302		
00:01:04:650		1.30054e+07		-3.45006		0		0		6.23796e+06		281.302		
00:01:04:549		1.30066e+07		-3.44788		0		0		6.2415e+06		281.458		
00:01:04:450		1.30078e+07		-3.44571		0		0		6.24504e+06		281.616		
00:01:04:349		1.3009e+07		-3.44354		0		0		6.2486e+06		281.774		
00:01:04:250		1.30102e+07		-3.44136		0		0		6.25216e+06		281.932		
00:01:04:150		1.30113e+07		-3.43919		0		0		6.25574e+06		282.09		
00:01:04:049		1.30125e+07		-3.43701		0		0		6.25932e+06		282.249		
00:01:03:850		1.30149e+07		-3.43266		0		0		6.26652e+06		282.567		
00:01:03:850		1.30149e+07		-3.43266		0		0		6.26652e+06		282.567		
00:01:03:750		1.30161e+07		-3.43048		0		0		6.27013e+06		282.727		
00:01:03:649		1.30173e+07		-3.4283		0		0		6.27375e+06		282.888		
00:01:03:549		1.30185e+07		-3.42612		0		0		6.27738e+06		283.048		
00:01:03:450		1.30197e+07		-3.42394		0		0		6.28102e+06		283.21		
00:01:03:350		1.30209e+07		-3.42175		0		0		6.28467e+06		283.37		
00:01:03:250		1.30222e+07		-3.41957		0		0		6.28833e+06		283.531		
00:01:03:149		1.30234e+07		-3.41738		0		0		6.292e+06		283.694		
00:01:03:049		1.30246e+07		-3.41519		0		0		6.29568e+06		283.856		
00:01:02:899		1.30264e+07		-3.41191		0		0		6.30121e+06		284.1		
00:01:02:799		1.30276e+07		-3.40971		0		0		6.30492e+06		284.263		
00:01:02:700		1.30288e+07		-3.40752		0		0		6.30863e+06		284.427		
00:01:02:600		1.303e+07		-3.40532		0		0		6.31236e+06		284.591		
00:01:02:500		1.30312e+07		-3.40313		0		0		6.31609e+06		284.755		
00:01:02:450		1.30318e+07		-3.40203		0		0		6.31796e+06		284.837		
00:01:02:299		1.30337e+07		-3.39873		0		0		6.32359e+06		285.084		
00:01:02:200		1.30349e+07		-3.39652		0		0		6.32736e+06		285.249		
00:01:02:100		1.30361e+07		-3.39432		0		0		6.33114e+06		285.413		
00:01:01:899		1.30385e+07		-3.3899		0		0		6.33873e+06		285.744		
00:01:01:799		1.30398e+07		-3.38769		0		0		6.34255e+06		285.909		
00:01:01:799		1.30398e+07		-3.38769		0		0		6.34255e+06		285.909		
00:01:01:700		1.3041e+07		-3.38548		0		0		6.34638e+06		286.076		
00:01:01:600		1.30422e+07		-3.38327		0		0		6.35022e+06		286.244		
00:01:01:500		1.30435e+07		-3.38105		0		0		6.35408e+06		286.414		
00:01:01:399		1.30447e+07		-3.37883		0		0		6.35795e+06		286.582		
00:01:01:299		1.30459e+07		-3.37661		0		0		6.36182e+06		286.751		
00:01:01:200		1.30472e+07		-3.37438		0		0		6.36572e+06		286.922		
00:01:01:100		1.30484e+07		-3.37216		0		0		6.36962e+06		287.093		
00:01:01:100		1.30484e+07		-3.37216		0		0		6.36962e+06		287.093		
00:01:01:000		1.30496e+07		-3.36993		0		0		6.37354e+06		287.266		
00:01:00:750		1.30527e+07		-3.36435		0		0		6.38337e+06		287.702		
00:01:00:649		1.3054e+07		-3.36212		0		0		6.38731e+06		287.875		
00:01:00:649		1.3054e+07		-3.36212		0		0		6.38731e+06		287.875		
00:01:00:500		1.30546e+07		-3.36101		0		0		6.38929e+06		287.962		
00:01:00:500		1.30558e+07		-3.35877		0		0		6.39325e+06		288.135		
00:01:00:350		1.30577e+07		-3.35542		0		0		6.39922e+06		288.396		
00:01:00:250		1.30589e+07		-3.35318		0		0		6.40321e+06		288.571		
00:01:00:149		1.30602e+07		-3.35095		0		0		6.40721e+06		288.746		
00:01:00:049		1.30614e+07		-3.34871		0		0		6.41122e+06		288.92		
00:00:59:899		1.30633e+07		-3.34535		0		0		6.41726e+06		289.183		
00:00:59:799		1.30646e+07		-3.34311		0		0		6.4213e+06		289.36		
00:00:59:799		1.30646e+07		-3.34311		0		0		6.4213e+06		289.36		
00:00:59:700		1.30658e+07		-3.34086		0		0		6.42535e+06		289.536		
00:00:59:600		1.30671e+07		-3.33861		0		0		6.42942e+06		289.711		
00:00:59:549		1.30677e+07		-3.33749		0		0		6.43146e+06		289.798		
00:00:59:399		1.30696e+07		-3.3341		0		0		6.4376e+06		290.066		
00:00:59:299		1.30708e+07		-3.33184		0		0		6.44172e+06		290.246		
00:00:59:200		1.30721e+07		-3.32958		0		0		6.44584e+06		290.427		
00:00:59:100		1.30733e+07		-3.3273		0		0		6.44998e+06		290.608		
00:00:58:899		1.30759e+07		-3.32275		0		0		6.4583e+06		290.97		
00:00:58:799		1.30771e+07		-3.32047		0		0		6.46248e+06		291.15		
00:00:58:799		1.30771e+07		-3.32047		0		0		6.46248e+06		291.15		
00:00:58:700		1.30784e+07		-3.31818		0		0		6.46667e+06		291.329		
00:00:58:600		1.30797e+07		-3.3159		0		0		6.47088e+06		291.51		
00:00:58:500		1.30809e+07		-3.31362		0		0		6.47512e+06		291.694		
00:00:58:399		1.30822e+07		-3.31134		0		0		6.47936e+06		291.879		
00:00:58:299		1.30835e+07		-3.30906		0		0		6.48362e+06		292.064		
00:00:58:200		1.30847e+07		-3.30679		0		0		6.4879e+06		292.25		
00:00:58:100		1.3086e+07		-3.30452		0		0		6.49218e+06		292.436		
00:00:58:000		1.30873e+07		-3.30226		0		0		6.49649e+06		292.623		
00:00:57:899		1.30886e+07		-3.30001		0		0		6.50081e+06		292.81		
00:00:57:799		1.30899e+07		-3.29775		0		0		6.50514e+06		292.998		
00:00:57:700		1.30911e+07		-3.2955		0		0		6.50949e+06		293.185		
00:00:57:600		1.30924e+07		-3.29325		0		0		6.51385e+06		293.373		
00:00:57:450		1.30944e+07		-3.28986		0		0		6.52043e+06		293.654		
00:00:57:350		1.30957e+07		-3.28759		0		0		6.52483e+06		293.843		
00:00:57:250		1.3097e+07		-3.2853		0		0		6.52926e+06		294.031		
00:00:57:200		1.30976e+07		-3.28415		0		0		6.53148e+06		294.126		
00:00:57:100		1.30989e+07		-3.28183		0		0		6.53593e+06		294.312		
00:00:56:899		1.31016e+07		-3.27712		0		0		6.5449e+06		294.692		
00:00:56:899		1.31016e+07		-3.27712		0		0		6.5449e+06		294.692		
00:00:56:799		1.31029e+07		-3.27473		0		0		6.54942e+06		294.881		
00:00:56:700		1.31042e+07		-3.27231		0		0		6.55396e+06		295.069		
00:00:56:549		1.31062e+07		-3.26865		0		0		6.56081e+06		295.344		
00:00:56:450		1.31075e+07		-3.26618		0		0		6.56542e+06		295.524		
00:00:56:350		1.31089e+07		-3.26371		0		0		6.57007e+06		295.703		
00:00:56:250		1.31102e+07		-3.26124		0		0		6.57475e+06		295.879		
00:00:56:149		1.31116e+07		-3.25879		0		0		6.57949e+06		296.053		
00:00:56:049		1.31129e+07		-3.25636		0		0		6.58427e+06		296.224		
00:00:55:950		1.31143e+07		-3.25398		0		0		6.58912e+06		296.394		
00:00:55:850		1.31156e+07		-3.25164		0		0		6.59403e+06		296.564		
00:00:55:750		1.3117e+07		-3.24937		0		0		6.59902e+06		296.734		
00:00:55:649		1.31183e+07		-3.24716		0		0		6.60408e+06		296.906		
00:00:55:549		1.31197e+07		-3.24503		0		0		6.60922e+06		297.083		
00:00:55:450		1.3121e+07		-3.24296		0		0		6.61444e+06		297.267		
00:00:55:350		1.31224e+07		-3.24095		0		0		6.61975e+06		297.465		
00:00:55:250		1.31237e+07		-3.23899		0		0		6.62513e+06		297.684		
00:00:55:149		1.31251e+07		-3.23707		0		0		6.63058e+06		297.933		
00:00:55:049		1.31265e+07		-3.23518		0		0		6.63606e+06		298.218		
00:00:55:000		1.31272e+07		-3.23424		0		0		6.6388e+06		298.369		
00:00:54:899		1.31285e+07		-3.23236		0		0		6.64425e+06		298.616		
00:00:54:799		1.31299e+07		-3.23049		0		0		6.64956e+06		298.403		
00:00:54:649		1.3132e+07		-3.22765		0		0		6.6569e+06		292.499		
00:00:54:549		1.31334e+07		-3.22573		0		0		6.66109e+06		260.338		
00:00:54:450		1.31347e+07		-3.22378		0		0		6.66477e+06		234.274		
00:00:54:350		1.31361e+07		-3.22179		0		0		6.66803e+06		212.922		
00:00:54:250		1.31375e+07		-3.21977		0		0		6.67093e+06		195.266		
00:00:54:149		1.31389e+07		-3.21771		0		0		6.67354e+06		180.776		
00:00:54:049		1.31403e+07		-3.21561		0		0		6.67592e+06		168.782		
00:00:53:950		1.31417e+07		-3.21348		0		0		6.67808e+06		158.868		
00:00:53:850		1.31431e+07		-3.21131		0		0		6.68009e+06		150.635		
00:00:53:750		1.31445e+07		-3.2091		0		0		6.68195e+06		143.784		
00:00:53:649		1.31459e+07		-3.20686		0		0		6.68369e+06		138.074		
00:00:53:549		1.31473e+07		-3.20459		0		0		6.68533e+06		133.322		
00:00:53:450		1.31487e+07		-3.20228		0		0		6.6869e+06		129.329		
00:00:53:450		1.31487e+07		-3.20228		0		0		6.6869e+06		129.329		
00:00:53:200		1.31522e+07		-3.1964		0		0		6.69053e+06		121.937		
00:00:53:200		1.31522e+07		-3.1964		0		0		6.69053e+06		121.937		
00:00:53:100		1.31536e+07		-3.19399		0		0		6.69189e+06		119.782		
00:00:53:000		1.31549e+07		-3.19157		0		0		6.69321e+06		117.938		
00:00:52:850		1.3157e+07		-3.18788		0		0		6.69513e+06		115.69		
00:00:52:850		1.3157e+07		-3.18788		0		0		6.69513e+06		115.69		
00:00:52:700		1.31591e+07		-3.18415		0		0		6.69699e+06		113.94		
00:00:52:600		1.31605e+07		-3.18164		0		0		6.6982e+06		112.985		
00:00:52:500		1.31619e+07		-3.1791		0		0		6.69939e+06		112.177		
00:00:52:399		1.31633e+07		-3.17656		0		0		6.70057e+06		111.479		
00:00:52:299		1.31647e+07		-3.174		0		0		6.70173e+06		110.9		
00:00:52:200		1.31661e+07		-3.17144		0		0		6.70288e+06		110.428		
00:00:52:100		1.31675e+07		-3.16886		0		0		6.70401e+06		110.014		
00:00:52:000		1.3169e+07		-3.16628		0		0		6.70514e+06		109.68		
00:00:51:799		1.31718e+07		-3.1611		0		0		6.70738e+06		109.159		
00:00:51:799		1.31718e+07		-3.1611		0		0		6.70738e+06		109.159		
00:00:51:700		1.31732e+07		-3.15849		0		0		6.70848e+06		108.931		
00:00:51:600		1.31746e+07		-3.15588		0		0		6.70958e+06		108.763		
00:00:51:500		1.31761e+07		-3.15326		0		0		6.71067e+06		108.59		
00:00:51:399		1.31775e+07		-3.15063		0		0		6.71176e+06		108.429		
00:00:51:299		1.31789e+07		-3.14799		0		0		6.71283e+06		108.262		
00:00:51:200		1.31804e+07		-3.14534		0		0		6.7139e+06		108.081		
00:00:51:100		1.31818e+07		-3.14268		0		0		6.71496e+06		107.86		
00:00:50:899		1.31847e+07		-3.13733		0		0		6.71705e+06		107.39		
00:00:50:799		1.31861e+07		-3.13465		0		0		6.71808e+06		107.098		
00:00:50:799		1.31861e+07		-3.13465		0		0		6.71808e+06		107.098		
00:00:50:700		1.31876e+07		-3.13195		0		0		6.7191e+06		106.799		
00:00:50:600		1.31891e+07		-3.12925		0		0		6.72012e+06		106.698		
00:00:50:500		1.31905e+07		-3.12653		0		0		6.72114e+06		106.771		
00:00:50:399		1.3192e+07		-3.12381		0		0		6.72216e+06		106.837		
00:00:50:299		1.31935e+07		-3.12107		0		0		6.72318e+06		106.908		
00:00:50:200		1.31949e+07		-3.11833		0		0		6.72419e+06		106.966		
00:00:50:100		1.31964e+07		-3.11557		0		0		6.7252e+06		107.019		
00:00:49:899		1.31994e+07		-3.11003		0		0		6.72722e+06		107.12		
00:00:49:899		1.31994e+07		-3.11003		0		0		6.72722e+06		107.12		
00:00:49:799		1.32009e+07		-3.10724		0		0		6.72822e+06		107.166		
00:00:49:700		1.32024e+07		-3.10444		0		0		6.72923e+06		107.208		
00:00:49:600		1.32039e+07		-3.10162		0		0		6.73023e+06		107.246		
00:00:49:500		1.32054e+07		-3.09879		0		0		6.73122e+06		107.271		
00:00:49:399		1.32069e+07		-3.09594		0		0		6.73222e+06		107.307		
00:00:49:250		1.32092e+07		-3.09164		0		0		6.73371e+06		107.375		
00:00:49:149		1.32107e+07		-3.08876		0		0		6.7347e+06		107.41		
00:00:49:049		1.32122e+07		-3.08587		0		0		6.73568e+06		107.428		
00:00:48:950		1.32137e+07		-3.08297		0		0		6.73667e+06		107.435		
00:00:48:850		1.32153e+07		-3.08006		0		0		6.73765e+06		107.443		
00:00:48:750		1.32168e+07		-3.07713		0		0		6.73862e+06		107.434		
00:00:48:649		1.32183e+07		-3.07419		0		0		6.7396e+06		107.453		
00:00:48:549		1.32199e+07		-3.07124		0		0		6.74057e+06		107.429		
00:00:48:450		1.32214e+07		-3.06827		0		0		6.74154e+06		107.38		
00:00:48:350		1.3223e+07		-3.06529		0		0		6.7425e+06		107.3		
00:00:48:250		1.32245e+07		-3.0623		0		0		6.74346e+06		107.167		
00:00:48:149		1.32261e+07		-3.05929		0		0		6.74442e+06		107.078		
00:00:48:049		1.32277e+07		-3.05627		0		0		6.74537e+06		106.938		
00:00:47:950		1.32292e+07		-3.05324		0		0		6.74632e+06		106.769		
00:00:47:850		1.32308e+07		-3.05019		0		0		6.74727e+06		106.686		
00:00:47:850		1.32308e+07		-3.05019		0		0		6.74727e+06		106.686		
00:00:47:649		1.3234e+07		-3.04404		0		0		6.74918e+06		106.505		
00:00:47:649		1.3234e+07		-3.04404		0		0		6.74918e+06		106.505		
00:00:47:549		1.32356e+07		-3.04094		0		0		6.75015e+06		106.429		
00:00:47:399		1.3238e+07		-3.03626		0		0		6.7516e+06		106.397		
00:00:47:200		1.32413e+07		-3.02997		0		0		6.75354e+06		106.394		
00:00:47:200		1.32413e+07		-3.02997		0		0		6.75354e+06		106.394		
00:00:47:100		1.32429e+07		-3.0268		0		0		6.75452e+06		106.412		
00:00:47:000		1.32445e+07		-3.02361		0		0		6.75549e+06		106.464		
00:00:46:850		1.3247e+07		-3.01879		0		0		6.75696e+06		106.585		
00:00:46:750		1.32487e+07		-3.01555		0		0		6.75794e+06		106.624		
00:00:46:649		1.32503e+07		-3.0123		0		0		6.75892e+06		106.7		
00:00:46:649		1.32503e+07		-3.0123		0		0		6.75892e+06		106.7		
00:00:46:450		1.3252e+07		-3.00903		0		0		6.7599e+06		106.765		
00:00:46:450		1.32537e+07		-3.00574		0		0		6.76087e+06		106.843		
00:00:46:350		1.32554e+07		-3.00243		0		0		6.76185e+06		106.919		
00:00:46:100		1.32596e+07		-2.99406		0		0		6.76428e+06		107.116		
00:00:46:100		1.32596e+07		-2.99406		0		0		6.76428e+06		107.116		
00:00:45:899		1.32631e+07		-2.98727		0		0		6.76622e+06		107.298		
00:00:45:799		1.32648e+07		-2.98385		0		0		6.76719e+06		107.39		
00:00:45:799		1.32648e+07		-2.98385		0		0		6.76719e+06		107.39		
00:00:45:700		1.32666e+07		-2.9804		0		0		6.76816e+06		107.452		
00:00:45:500		1.32701e+07		-2.97344		0		0		6.77008e+06		107.685		
00:00:45:500		1.32701e+07		-2.97344		0		0		6.77008e+06		107.685		
00:00:45:399		1.32719e+07		-2.96992		0		0		6.77104e+06		107.779		
00:00:45:299		1.32737e+07		-2.96638		0		0		6.772e+06		107.883		
00:00:45:200		1.32755e+07		-2.96281		0		0		6.77295e+06		107.987		
00:00:45:100		1.32773e+07		-2.95922		0		0		6.7739e+06		108.086		
00:00:44:899		1.3281e+07		-2.95196		0		0		6.7758e+06		108.285		
00:00:44:799		1.32828e+07		-2.94829		0		0		6.77674e+06		108.393		
00:00:44:799		1.32828e+07		-2.94829		0		0		6.77674e+06		108.393		
00:00:44:649		1.32856e+07		-2.94273		0		0		6.77815e+06		108.58		
00:00:44:549		1.32875e+07		-2.93899		0		0		6.77908e+06		108.691		
00:00:44:450		1.32894e+07		-2.93522		0		0		6.78002e+06		108.787		
00:00:44:350		1.32913e+07		-2.93142		0		0		6.78094e+06		108.902		
00:00:44:250		1.32932e+07		-2.92759		0		0		6.78187e+06		109.009		
00:00:44:149		1.32952e+07		-2.92373		0		0		6.78279e+06		109.139		
00:00:44:100		1.32962e+07		-2.92178		0		0		6.78325e+06		109.209		
00:00:43:950		1.32991e+07		-2.91591		0		0		6.78463e+06		109.385		
00:00:43:850		1.33011e+07		-2.91195		0		0		6.78554e+06		109.494		
00:00:43:750		1.33031e+07		-2.90795		0		0		6.78644e+06		109.61		
00:00:43:649		1.33051e+07		-2.90392		0		0		6.78735e+06		109.764		
00:00:43:549		1.33072e+07		-2.89986		0		0		6.78825e+06		109.872		
00:00:43:450		1.33092e+07		-2.89576		0		0		6.78914e+06		110.029		
00:00:43:350		1.33113e+07		-2.89162		0		0		6.79004e+06		110.164		
00:00:43:250		1.33134e+07		-2.88745		0		0		6.79092e+06		110.301		
00:00:43:149		1.33156e+07		-2.88324		0		0		6.79181e+06		110.429		
00:00:43:049		1.33177e+07		-2.87899		0		0		6.79269e+06		110.581		
00:00:42:950		1.33199e+07		-2.87471		0		0		6.79356e+06		110.714		
00:00:42:850		1.33221e+07		-2.87038		0		0		6.79444e+06		110.878		
00:00:42:750		1.33243e+07		-2.86601		0		0		6.7953e+06		111.016		
00:00:42:750		1.33243e+07		-2.86601		0		0		6.7953e+06		111.016		
00:00:42:649		1.33265e+07		-2.8616		0		0		6.79617e+06		111.177		
00:00:42:500		1.33299e+07		-2.85491		0		0		6.79745e+06		111.413		
00:00:42:399		1.33322e+07		-2.8504		0		0		6.79831e+06		111.579		
00:00:42:299		1.33345e+07		-2.84584		0		0		6.79915e+06		111.757		
00:00:42:200		1.33368e+07		-2.84124		0		0		6.8e+06		111.952		
00:00:42:149		1.3338e+07		-2.83892		0		0		6.80042e+06		112.039		
00:00:42:000		1.33416e+07		-2.8319		0		0		6.80166e+06		112.281		
00:00:41:799		1.33465e+07		-2.82237		0		0		6.80331e+06		112.55		
00:00:41:799		1.33465e+07		-2.82237		0		0		6.80331e+06		112.55		
00:00:41:700		1.33489e+07		-2.81754		0		0		6.80412e+06		112.711		
00:00:41:500		1.3354e+07		-2.80772		0		0		6.80572e+06		112.881		
00:00:41:500		1.3354e+07		-2.80772		0		0		6.80572e+06		112.881		
00:00:41:399		1.33565e+07		-2.80274		0		0		6.8065e+06		112.913		
00:00:41:299		1.33591e+07		-2.79771		0		0		6.80727e+06		112.916		
00:00:41:200		1.33618e+07		-2.79263		0		0		6.80804e+06		112.943		
00:00:41:100		1.33644e+07		-2.78749		0		0		6.80879e+06		112.905		
00:00:40:899		1.33698e+07		-2.77707		0		0		6.81029e+06		113.063		
00:00:40:799		1.33725e+07		-2.77178		0		0		6.81109e+06		113.616		
00:00:40:799		1.33725e+07		-2.77178		0		0		6.81109e+06		113.616		
00:00:40:750		1.33739e+07		-2.76911		0		0		6.8115e+06		113.918		
00:00:40:649		1.33781e+07		-2.76102		0		0		6.81234e+06		114.624		
00:00:40:500		1.3381e+07		-2.75556		0		0		6.81357e+06		115.356		
00:00:40:299		1.33868e+07		-2.74447		0		0		6.81518e+06		116.03		
00:00:40:299		1.33868e+07		-2.74447		0		0		6.81518e+06		116.03		
00:00:40:200		1.33897e+07		-2.73883		0		0		6.81598e+06		116.176		
00:00:40:100		1.33927e+07		-2.73314		0		0		6.81673e+06		116.196		
00:00:39:899		1.33988e+07		-2.72156		0		0		6.81826e+06		116.603		
00:00:39:799		1.34019e+07		-2.71567		0		0		6.81898e+06		116.681		
00:00:39:799		1.34019e+07		-2.71567		0		0		6.81898e+06		116.681		
00:00:39:700		1.34051e+07		-2.70973		0		0		6.81971e+06		116.914		
00:00:39:600		1.34083e+07		-2.70372		0		0		6.82043e+06		117.09		
00:00:39:500		1.34115e+07		-2.69764		0		0		6.82113e+06		117.126		
00:00:39:399		1.34148e+07		-2.6915		0		0		6.82183e+06		117.31		
00:00:39:250		1.34198e+07		-2.68216		0		0		6.82284e+06		117.544		
00:00:39:149		1.34232e+07		-2.67586		0		0		6.82351e+06		117.705		
00:00:39:049		1.34266e+07		-2.66948		0		0		6.82416e+06		117.845		
00:00:38:950		1.34301e+07		-2.66304		0		0		6.8248e+06		117.992		
00:00:38:850		1.34336e+07		-2.65653		0		0		6.82544e+06		118.177		
00:00:38:750		1.34372e+07		-2.64996		0		0		6.82606e+06		118.348		
00:00:38:649		1.34408e+07		-2.64331		0		0		6.82668e+06		118.536		
00:00:38:549		1.34445e+07		-2.6366		0		0		6.82729e+06		118.779		
00:00:38:450		1.34482e+07		-2.62982		0		0		6.8279e+06		119.014		
00:00:38:350		1.34519e+07		-2.62296		0		0		6.8285e+06		119.261		
00:00:38:250		1.34557e+07		-2.61603		0		0		6.82908e+06		119.5		
00:00:38:149		1.34595e+07		-2.60903		0		0		6.82967e+06		119.78		
00:00:38:049		1.34634e+07		-2.60196		0		0		6.83024e+06		120.019		
00:00:38:049		1.34634e+07		-2.60196		0		0		6.83024e+06		120.019		
00:00:37:850		1.34712e+07		-2.58759		0		0		6.83135e+06		120.508		
00:00:37:750		1.34752e+07		-2.5803		0		0		6.83189e+06		120.751		
00:00:37:649		1.34793e+07		-2.57292		0		0		6.83241e+06		120.992		
00:00:37:549		1.34834e+07		-2.56548		0		0		6.83293e+06		121.211		
00:00:37:450		1.34876e+07		-2.55796		0		0		6.83343e+06		121.455		
00:00:37:350		1.34918e+07		-2.55036		0		0		6.83391e+06		121.714		
00:00:37:250		1.34961e+07		-2.54268		0		0		6.83439e+06		121.983		
00:00:37:149		1.35004e+07		-2.53493		0		0		6.83485e+06		122.263		
00:00:37:049		1.35048e+07		-2.5271		0		0		6.8353e+06		122.554		
00:00:36:950		1.35092e+07		-2.5192		0		0		6.83573e+06		122.844		
00:00:36:799		1.3516e+07		-2.50719		0		0		6.83634e+06		123.247		
00:00:36:799		1.3516e+07		-2.50719		0		0		6.83634e+06		123.247		
00:00:36:700		1.35206e+07		-2.49908		0		0		6.83671e+06		123.462		
00:00:36:600		1.35253e+07		-2.4909		0		0		6.83706e+06		123.633		
00:00:36:500		1.353e+07		-2.48264		0		0		6.83736e+06		123.809		
00:00:36:399		1.35348e+07		-2.47431		0		0		6.83764e+06		123.987		
00:00:36:299		1.35396e+07		-2.46589		0		0		6.83791e+06		124.247		
00:00:36:200		1.35445e+07		-2.4574		0		0		6.83816e+06		124.536		
00:00:36:100		1.35495e+07		-2.44883		0		0		6.83841e+06		124.881		
00:00:35:899		1.35596e+07		-2.43146		0		0		6.83887e+06		125.918		
00:00:35:799		1.35647e+07		-2.42266		0		0		6.83908e+06		126.398		
00:00:35:799		1.35647e+07		-2.42266		0		0		6.83908e+06		126.398		
00:00:35:700		1.35699e+07		-2.41379		0		0		6.83929e+06		126.843		
00:00:35:600		1.35751e+07		-2.40483		0		0		6.83948e+06		127.259		
00:00:35:500		1.35804e+07		-2.39581		0		0		6.83965e+06		127.632		
00:00:35:399		1.35858e+07		-2.38672		0		0		6.83982e+06		127.993		
00:00:35:299		1.35912e+07		-2.37756		0		0		6.83998e+06		128.34		
00:00:35:200		1.35966e+07		-2.36834		0		0		6.84013e+06		128.768		
00:00:35:100		1.36022e+07		-2.35906		0		0		6.8403e+06		129.233		
00:00:34:850		1.36162e+07		-2.3356		0		0		6.84068e+06		130.373		
00:00:34:750		1.36219e+07		-2.32612		0		0		6.84081e+06		130.82		
00:00:34:750		1.36219e+07		-2.32612		0		0		6.84081e+06		130.82		
00:00:34:649		1.36277e+07		-2.31659		0		0		6.84093e+06		131.204		
00:00:34:549		1.36335e+07		-2.30698		0		0		6.84105e+06		131.596		
00:00:34:450		1.36394e+07		-2.29733		0		0		6.84116e+06		132.077		
00:00:34:350		1.36453e+07		-2.28761		0		0		6.8413e+06		132.91		
00:00:34:250		1.36513e+07		-2.27784		0		0		6.84145e+06		133.785		
00:00:34:149		1.36574e+07		-2.26801		0		0		6.84159e+06		134.639		
00:00:34:049		1.36635e+07		-2.25812		0		0		6.84174e+06		135.473		
00:00:33:850		1.36759e+07		-2.23818		0		0		6.84203e+06		137.206		
00:00:33:750		1.36822e+07		-2.22813		0		0		6.84218e+06		138.069		
00:00:33:750		1.36822e+07		-2.22813		0		0		6.84218e+06		138.069		
00:00:33:649		1.36886e+07		-2.21803		0		0		6.84233e+06		138.945		
00:00:33:549		1.3695e+07		-2.20788		0		0		6.84248e+06		139.836		
00:00:33:450		1.37014e+07		-2.19767		0		0		6.84262e+06		140.752		
00:00:33:350		1.37079e+07		-2.18742		0		0		6.84277e+06		141.691		
00:00:33:250		1.37145e+07		-2.17711		0		0		6.84293e+06		142.646		
00:00:33:149		1.37212e+07		-2.16676		0		0		6.84308e+06		143.55		
00:00:33:049		1.37278e+07		-2.15637		0		0		6.84323e+06		144.404		
00:00:32:950		1.37346e+07		-2.14596		0		0		6.84338e+06		145.257		
00:00:32:850		1.37414e+07		-2.13552		0		0		6.84353e+06		146.147		
00:00:32:850		1.37414e+07		-2.13552		0		0		6.84353e+06		146.147		
00:00:32:750		1.37482e+07		-2.12506		0		0		6.8437e+06		147.224		
00:00:32:649		1.37551e+07		-2.11458		0		0		6.84387e+06		148.437		
00:00:32:500		1.37656e+07		-2.09883		0		0		6.84414e+06		150.311		
00:00:32:399		1.37727e+07		-2.08832		0		0		6.84433e+06		151.597		
00:00:32:299		1.37798e+07		-2.0778		0		0		6.84454e+06		152.91		
00:00:32:200		1.37869e+07		-2.06728		0		0		6.84475e+06		154.21		
00:00:32:000		1.38014e+07		-2.04624		0		0		6.84519e+06		156.639		
00:00:32:000		1.38014e+07		-2.04624		0		0		6.84519e+06		156.639		
00:00:31:800		1.38161e+07		-2.02521		0		0		6.84566e+06		159.011		
00:00:31:800		1.38161e+07		-2.02521		0		0		6.84566e+06		159.011		
00:00:31:699		1.38234e+07		-2.0147		0		0		6.8459e+06		160.21		
00:00:31:600		1.38308e+07		-2.0042		0		0		6.84615e+06		161.409		
00:00:31:500		1.38383e+07		-1.99369		0		0		6.8464e+06		162.608		
00:00:31:399		1.38458e+07		-1.98318		0		0		6.84666e+06		163.83		
00:00:31:300		1.38533e+07		-1.97266		0		0		6.84693e+06		165.057		
00:00:31:199		1.38609e+07		-1.96213		0		0		6.8472e+06		166.287		
00:00:31:050		1.38725e+07		-1.94632		0		0		6.84762e+06		168.16		
00:00:31:050		1.38725e+07		-1.94632		0		0		6.84762e+06		168.16		
00:00:30:850		1.38883e+07		-1.92521		0		0		6.8482e+06		170.688		
00:00:30:850		1.38883e+07		-1.92521		0		0		6.8482e+06		170.688		
00:00:30:699		1.39004e+07		-1.90937		0		0		6.84864e+06		172.556		
00:00:30:600		1.39085e+07		-1.89881		0		0		6.84894e+06		173.835		
00:00:30:500		1.39167e+07		-1.88825		0		0		6.84924e+06		175.12		
00:00:30:399		1.39249e+07		-1.87766		0		0		6.84955e+06		176.401		
00:00:30:300		1.39332e+07		-1.86704		0		0		6.84986e+06		177.685		
00:00:30:199		1.39415e+07		-1.85637		0		0		6.85016e+06		178.951		
00:00:30:100		1.395e+07		-1.84566		0		0		6.85047e+06		180.19		
00:00:29:899		1.39672e+07		-1.82407		0		0		6.85106e+06		182.551		
00:00:29:800		1.3976e+07		-1.81316		0		0		6.85135e+06		183.654		
00:00:29:800		1.3976e+07		-1.81316		0		0		6.85135e+06		183.654		
00:00:29:699		1.39849e+07		-1.80218		0		0		6.85164e+06		184.716		
00:00:29:600		1.3994e+07		-1.79111		0		0		6.85193e+06		185.844		
00:00:29:500		1.40032e+07		-1.77997		0		0		6.85226e+06		187.211		
00:00:29:399		1.40127e+07		-1.76878		0		0		6.85263e+06		189.292		
00:00:29:250		1.4027e+07		-1.75197		0		0		6.85322e+06		192.378		
00:00:29:149		1.40368e+07		-1.74072		0		0		6.85365e+06		194.42		
00:00:29:050		1.40468e+07		-1.72944		0		0		6.85411e+06		196.493		
00:00:28:850		1.40673e+07		-1.70673		0		0		6.8551e+06		200.736		
00:00:28:750		1.40777e+07		-1.69525		0		0		6.85565e+06		203.015		
00:00:28:750		1.40777e+07		-1.69525		0		0		6.85565e+06		203.015		
00:00:28:649		1.4088e+07		-1.68368		0		0		6.85625e+06		205.459		
00:00:28:550		1.40984e+07		-1.67202		0		0		6.8569e+06		207.968		
00:00:28:500		1.41035e+07		-1.66615		0		0		6.85723e+06		209.234		
00:00:28:399		1.41138e+07		-1.65432		0		0		6.85793e+06		211.735		
00:00:28:300		1.4124e+07		-1.64236		0		0		6.85865e+06		214.166		
00:00:28:199		1.41339e+07		-1.63026		0		0		6.85941e+06		216.526		
00:00:28:050		1.41479e+07		-1.61182		0		0		6.86059e+06		219.964		
00:00:27:850		1.41658e+07		-1.58699		0		0		6.86227e+06		224.487		
00:00:27:750		1.41748e+07		-1.57451		0		0		6.86316e+06		226.745		
00:00:27:750		1.41748e+07		-1.57451		0		0		6.86316e+06		226.745		
00:00:27:649		1.41838e+07		-1.56197		0		0		6.86407e+06		228.99		
00:00:27:550		1.41928e+07		-1.54938		0		0		6.865e+06		231.228		
00:00:27:449		1.42018e+07		-1.53674		0		0		6.86597e+06		233.417		
00:00:27:350		1.42108e+07		-1.52404		0		0		6.86695e+06		235.56		
00:00:27:250		1.42198e+07		-1.51129		0		0		6.86797e+06		237.695		
00:00:27:149		1.42288e+07		-1.4985		0		0		6.86901e+06		239.832		
00:00:27:149		1.42288e+07		-1.4985		0		0		6.86901e+06		239.832		
00:00:27:050		1.42378e+07		-1.48565		0		0		6.87008e+06		241.968		
00:00:26:800		1.42604e+07		-1.45334		0		0		6.87286e+06		247.306		
00:00:26:800		1.42604e+07		-1.45334		0		0		6.87286e+06		247.306		
00:00:26:699		1.42695e+07		-1.44034		0		0		6.87402e+06		249.45		
00:00:26:600		1.42785e+07		-1.42729		0		0		6.87521e+06		251.602		
00:00:26:500		1.42876e+07		-1.4142		0		0		6.87642e+06		253.753		
00:00:26:399		1.42966e+07		-1.40106		0		0		6.87765e+06		255.901		
00:00:26:199		1.43147e+07		-1.37466		0		0		6.88019e+06		260.147		
00:00:26:100		1.43238e+07		-1.36139		0		0		6.88149e+06		262.144		
00:00:26:000		1.43328e+07		-1.34806		0		0		6.8828e+06		263.995		
00:00:26:000		1.43328e+07		-1.34806		0		0		6.8828e+06		263.995		
00:00:25:800		1.43507e+07		-1.32125		0		0		6.88548e+06		267.693		
00:00:25:800		1.43507e+07		-1.32125		0		0		6.88548e+06		267.693		
00:00:25:750		1.43552e+07		-1.31452		0.0657908		0		6.88615e+06		268.612		
00:00:25:649		1.43641e+07		-1.301		0.197486		0		6.88752e+06		270.447		
00:00:25:550		1.4373e+07		-1.28744		0.328216		0		6.8889e+06		272.297		
00:00:25:399		1.43864e+07		-1.26698		0.520689		0		6.89099e+06		275.054		
00:00:25:300		1.43952e+07		-1.25328		0.645319		0		6.89241e+06		276.925		
00:00:25:199		1.4404e+07		-1.23953		0.766095		0		6.89386e+06		278.873		
00:00:25:100		1.44127e+07		-1.2257		0.882594		0		6.89526e+06		280.352		
00:00:25:000		1.44214e+07		-1.21182		0.994066		0		6.89645e+06		281.332		
00:00:24:800		1.44384e+07		-1.18384		1.2009		0		6.89903e+06		284.297		
00:00:24:800		1.44384e+07		-1.18384		1.2009		0		6.89903e+06		284.297		
00:00:24:699		1.44467e+07		-1.16974		1.29585		0		6.90046e+06		285.998		
00:00:24:600		1.44548e+07		-1.15557		1.38499		0		6.9019e+06		287.7		
00:00:24:500		1.44626e+07		-1.14133		1.46837		0		6.90334e+06		289.331		
00:00:24:399		1.44701e+07		-1.12704		1.54631		0		6.90473e+06		290.715		
00:00:24:300		1.44775e+07		-1.11277		1.61819		0		6.90605e+06		292.247		
00:00:24:199		1.4485e+07		-1.09852		1.68302		0		6.90738e+06		293.895		
00:00:24:050		1.44965e+07		-1.07723		1.76928		0		6.90954e+06		296.527		
00:00:24:000		1.45004e+07		-1.07016		1.79674		0		6.91031e+06		297.482		
00:00:23:750		1.45212e+07		-1.035		1.93368		0		6.91415e+06		301.757		
00:00:23:750		1.45212e+07		-1.035		1.93368		0		6.91415e+06		301.757		
00:00:23:649		1.45302e+07		-1.02096		1.99197		0		6.91561e+06		303.042		
00:00:23:550		1.4539e+07		-1.00677		2.05104		0		6.91702e+06		304.203		
00:00:23:500		1.45431e+07		-0.999632		2.07679		0		6.9177e+06		304.733		
00:00:23:399		1.45513e+07		-0.985325		2.12418		0		6.91906e+06		305.999		
00:00:23:300		1.45586e+07		-0.970956		2.16943		0		6.92051e+06		307.481		
00:00:23:199		1.45656e+07		-0.956665		2.20591		0		6.92194e+06		309.086		
00:00:23:100		1.4573e+07		-0.942512		2.24017		0		6.92337e+06		310.775		
00:00:23:000		1.45808e+07		-0.928515		2.27239		0		6.92477e+06		312.514		
00:00:22:800		1.45981e+07		-0.900918		2.33124		0		6.9275e+06		315.541		
00:00:22:800		1.45981e+07		-0.900918		2.33124		0		6.9275e+06		315.541		
00:00:22:649		1.4612e+07		-0.880351		2.37083		0		6.92946e+06		317.296		
00:00:22:550		1.46213e+07		-0.866647		2.39537		0		6.93073e+06		318.472		
00:00:22:449		1.46306e+07		-0.852945		2.41849		0		6.93196e+06		319.689		
00:00:22:350		1.46398e+07		-0.839252		2.4403		0		6.93317e+06		320.914		
00:00:22:250		1.46491e+07		-0.825572		2.46094		0		6.93435e+06		322.146		
00:00:22:149		1.46583e+07		-0.811911		2.48057		0		6.93548e+06		323.393		
00:00:22:050		1.46676e+07		-0.798257		2.49902		0		6.93657e+06		324.627		
00:00:21:850		1.46861e+07		-0.770996		2.53353		0		6.93862e+06		327.135		
00:00:21:750		1.46953e+07		-0.757396		2.54965		0		6.93957e+06		328.393		
00:00:21:750		1.46953e+07		-0.757396		2.54965		0		6.93957e+06		328.393		
00:00:21:649		1.47045e+07		-0.743821		2.56489		0		6.94048e+06		329.654		
00:00:21:550		1.47137e+07		-0.730274		2.57945		0		6.94134e+06		330.924		
00:00:21:449		1.47229e+07		-0.716763		2.59298		0		6.94214e+06		332.182		
00:00:21:350		1.47321e+07		-0.703292		2.60583		0		6.9429e+06		333.469		
00:00:21:250		1.47412e+07		-0.689858		2.61801		0		6.9436e+06		334.772		
00:00:21:149		1.47504e+07		-0.676467		2.62952		0		6.94425e+06		336.066		
00:00:21:149		1.47504e+07		-0.676467		2.62952		0		6.94425e+06		336.066		
00:00:21:050		1.47595e+07		-0.663122		2.64035		0		6.94484e+06		337.355		
00:00:20:750		1.47868e+07		-0.623393		2.66891		0		6.94624e+06		341.219		
00:00:20:750		1.47868e+07		-0.623393		2.66891		0		6.94624e+06		341.219		
00:00:20:649		1.47959e+07		-0.610266		2.67766		0		6.94658e+06		342.501		
00:00:20:550		1.4805e+07		-0.597201		2.6861		0		6.94686e+06		343.777		
00:00:20:449		1.4814e+07		-0.584203		2.69385		0		6.94707e+06		345.036		
00:00:20:350		1.48231e+07		-0.571274		2.70184		0		6.94721e+06		346.307		
00:00:20:350		1.48231e+07		-0.571274		2.70184		0		6.94721e+06		346.307		
00:00:20:250		1.48321e+07		-0.558424		2.70903		0		6.94729e+06		347.567		
00:00:20:000		1.48546e+07		-0.526671		2.72425		0		6.94717e+06		350.733		
00:00:20:000		1.48546e+07		-0.526671		2.72425		0		6.94717e+06		350.733		
00:00:19:850		1.48681e+07		-0.507885		2.73168		0		6.94687e+06		352.583		
00:00:19:850		1.48681e+07		-0.507885		2.73168		0		6.94687e+06		352.583		
00:00:19:699		1.48816e+07		-0.489309		2.73815		0		6.94637e+06		354.319		
00:00:19:600		1.48907e+07		-0.477054		2.74211		0		6.94591e+06		355.32		
00:00:19:500		1.48997e+07		-0.464903		2.74565		0		6.94536e+06		356.089		
00:00:19:399		1.49088e+07		-0.452862		2.74922		0		6.94471e+06		356.303		
00:00:19:300		1.49178e+07		-0.440933		2.75248		0		6.94396e+06		356.488		
00:00:19:199		1.49268e+07		-0.429124		2.75488		0		6.94309e+06		356.644		
00:00:19:100		1.49359e+07		-0.417439		2.75663		0		6.9421e+06		356.773		
00:00:18:899		1.49541e+07		-0.394434		2.75917		0		6.93978e+06		357.018		
00:00:18:800		1.49632e+07		-0.383128		2.75992		0		6.93845e+06		357.123		
00:00:18:800		1.49632e+07		-0.383128		2.75992		0		6.93845e+06		357.123		
00:00:18:699		1.49723e+07		-0.37197		2.75939		0		6.93702e+06		357.23		
00:00:18:500		1.49906e+07		-0.35007		2.75692		0		6.93381e+06		357.433		
00:00:18:500		1.49906e+07		-0.35007		2.75692		0		6.93381e+06		357.433		
00:00:18:399		1.49996e+07		-0.339324		2.75559		0		6.93204e+06		357.506		
00:00:18:300		1.50089e+07		-0.32871		2.75307		0		6.93015e+06		357.558		
00:00:18:199		1.50181e+07		-0.31823		2.7499		0		6.92815e+06		357.605		
00:00:18:100		1.50273e+07		-0.307885		2.74661		0		6.92605e+06		357.637		
00:00:18:000		1.50365e+07		-0.297679		2.74332		0		6.92385e+06		357.673		
00:00:17:899		1.50457e+07		-0.287604		2.73962		0		6.92159e+06		357.782		
00:00:17:800		1.5055e+07		-0.277665		2.73571		0		6.91934e+06		358.128		
00:00:17:699		1.50642e+07		-0.267865		2.73156		0		6.91718e+06		358.808		
00:00:17:600		1.50734e+07		-0.258207		2.72678		0		6.91507e+06		359.438		
00:00:17:500		1.50826e+07		-0.248679		2.72027		0		6.91282e+06		359.648		
00:00:17:399		1.50916e+07		-0.23927		2.71375		0		6.91036e+06		359.639		
00:00:17:300		1.51007e+07		-0.22999		2.7061		0		6.90771e+06		359.619		
00:00:17:199		1.51096e+07		-0.220863		2.69821		0		6.90491e+06		359.644		
00:00:17:100		1.51183e+07		-0.211881		2.69		0		6.90197e+06		359.699		
00:00:17:000		1.51269e+07		-0.203047		2.68184		0		6.89889e+06		359.774		
00:00:16:800		1.51436e+07		-0.18586		2.66275		17.8718		6.89233e+06		359.862		
00:00:16:800		1.51436e+07		-0.18586		2.66275		17.8718		6.89233e+06		359.862		
00:00:16:699		1.51518e+07		-0.177506		2.65301		27.9721		6.88882e+06		359.876		
00:00:16:600		1.516e+07		-0.169298		2.64327		37.4879		6.88517e+06		359.845		
00:00:16:500		1.51683e+07		-0.161258		2.63212		48.3716		6.88136e+06		359.766		
00:00:16:399		1.51765e+07		-0.15343		2.61979		57.8312		6.87739e+06		359.597		
00:00:16:300		1.51846e+07		-0.145876		2.6062		63.2425		6.87323e+06		359.271		
00:00:16:199		1.51923e+07		-0.138658		2.59244		72.1079		6.86885e+06		358.677		
00:00:16:100		1.51994e+07		-0.131769		2.58015		80.5093		6.86421e+06		357.486		
00:00:16:000		1.52058e+07		-0.125088		2.56952		88.5308		6.85924e+06		355.023		
00:00:15:900		1.52121e+07		-0.118431		2.55987		96.5476		6.85385e+06		349.995		
00:00:15:800		1.52223e+07		-0.108412		2.54321		108.685		6.84489e+06		333.823		
00:00:15:699		1.52296e+07		-0.101883		2.53101		116.609		6.83832e+06		322.959		
00:00:15:550		1.52369e+07		-0.0955524		2.51878		124.74		6.83129e+06		312.016		
00:00:15:449		1.5244e+07		-0.089427		2.5063		133.842		6.82382e+06		300.965		
00:00:15:349		1.52511e+07		-0.0835147		2.49408		145.042		6.81593e+06		289.799		
00:00:15:250		1.5258e+07		-0.0778294		2.48183		161.168		6.80769e+06		278.445		
00:00:15:150		1.52649e+07		-0.0723968		2.46981		188.535		6.79921e+06		266.865		
00:00:15:050		1.52716e+07		-0.0672379		2.4574		234.123		6.79065e+06		255.546		
00:00:14:849		1.52845e+07		-0.0578356		2.43333		338.904		6.77461e+06		239.211		
00:00:14:750		1.52905e+07		-0.0536432		2.42228		384.168		6.76813e+06		247.967		
00:00:14:750		1.52905e+07		-0.0536432		2.42228		384.168		6.76813e+06		247.967		
00:00:14:650		1.52961e+07		-0.0498223		2.41234		422.99		6.76359e+06		294.217		
00:00:14:599		1.52987e+07		-0.048058		2.40785		440.051		6.76218e+06		342.68		
00:00:14:500		1.53035e+07		-0.0448208		2.39934		469.736		6.76085e+06		482.869		
00:00:14:400		1.53076e+07		-0.0419645		2.39124		493.946		6.76067e+06		521.46		
00:00:14:300		1.53109e+07		-0.0394568		2.38424		513.309		6.76138e+06		579.647		
00:00:14:150		1.53144e+07		-0.0362301		2.37455		534.529		6.76318e+06		625.944		
00:00:14:050		1.5316e+07		-0.0343294		2.36897		543.587		6.76435e+06		619.55		
00:00:13:849		1.53177e+07		-0.0307837		2.36074		548.002		6.76653e+06		613.206		
00:00:13:750		1.53184e+07		-0.0290222		2.36348		547.806		6.76762e+06		613.242		
00:00:13:750		1.53184e+07		-0.0290222		2.36348		547.806		6.76762e+06		613.242		
00:00:13:650		1.5319e+07		-0.0272384		2.36474		547.61		6.7687e+06		613.265		
00:00:13:550		1.53197e+07		-0.0254335		2.36841		547.418		6.76979e+06		613.304		
00:00:13:449		1.53204e+07		-0.0236068		2.37085		547.22		6.77089e+06		613.346		
00:00:13:349		1.53211e+07		-0.0217557		2.37264		547.022		6.77198e+06		613.356		
00:00:13:250		1.53218e+07		-0.0198812		2.37495		546.826		6.77308e+06		613.38		
00:00:13:150		1.53225e+07		-0.017982		2.37731		546.633		6.77418e+06		613.41		
00:00:13:050		1.53232e+07		-0.016058		2.37977		546.433		6.77529e+06		613.447		
00:00:13:050		1.53232e+07		-0.016058		2.37977		546.433		6.77529e+06		613.447		
00:00:12:849		1.53247e+07		-0.012136		2.38465		546.04		6.7775e+06		613.497		
00:00:12:750		1.53255e+07		-0.0101366		2.38714		545.842		6.77861e+06		613.532		
00:00:12:650		1.53264e+07		-0.00811338		2.38951		545.649		6.77973e+06		613.557		
00:00:12:650		1.53264e+07		-0.00811338		2.38951		545.649		6.77973e+06		613.557		
00:00:12:550		1.53272e+07		-0.00606489		2.39193		545.45		6.78085e+06		613.586		
00:00:12:349		1.5329e+07		-0.00189257		2.39687		545.055		6.78309e+06		613.664		
00:00:12:199		1.53303e+07		0.00129986		2.40051		544.763		6.78478e+06		613.688		
00:00:12:099		1.53313e+07		0.00345802		2.4029		544.566		6.78591e+06		613.716		
00:00:12:099		1.53313e+07		0.00345802		2.4029		544.566		6.78591e+06		613.716		
00:00:12:000		1.53322e+07		0.00563955		2.40535		544.371		6.78704e+06		613.743		
00:00:11:750		1.53347e+07		0.0111957		2.41139		543.883		6.78989e+06		613.803		
00:00:11:750		1.53347e+07		0.0111957		2.41139		543.883		6.78989e+06		613.803		
00:00:11:750		1.53347e+07		0.0111957		2.41139		543.883		6.78989e+06		613.803		
00:00:11:650		1.53358e+07		0.0134578		2.41359		543.687		6.79103e+06		613.839		
00:00:11:550		1.53368e+07		0.0157409		2.41591		543.49		6.79217e+06		613.857		
00:00:11:400		1.53385e+07		0.0191998		2.41997		543.194		6.79389e+06		613.891		
00:00:11:300		1.53396e+07		0.0215278		2.42244		542.992		6.79504e+06		613.913		
00:00:11:199		1.53407e+07		0.0238714		2.42421		542.784		6.79619e+06		613.908		
00:00:11:099		1.53418e+07		0.0262318		2.42611		542.575		6.79734e+06		613.895		
00:00:10:949		1.53435e+07		0.029675		2.4304		542.264		6.79907e+06		613.831		
00:00:10:849		1.53448e+07		0.0317483		2.43358		542.066		6.80022e+06		613.722		
00:00:10:750		1.53461e+07		0.033824		2.43548		541.87		6.80138e+06		613.534		
00:00:10:650		1.53474e+07		0.0359025		2.43543		541.676		6.80254e+06		613.896		
00:00:10:550		1.53487e+07		0.0379834		2.43604		541.479		6.80371e+06		613.931		
00:00:10:449		1.53501e+07		0.0400653		2.44212		541.285		6.80488e+06		613.948		
00:00:10:449		1.53501e+07		0.0400653		2.44212		541.285		6.80488e+06		613.948		
00:00:10:349		1.53515e+07		0.0421476		2.44811		541.092		6.80605e+06		613.968		
00:00:10:199		1.53535e+07		0.0452685		2.44629		540.8		6.80781e+06		614.024		
00:00:10:000		1.53564e+07		0.0494246		2.4427		540.412		6.81017e+06		614.074		
00:00:10:000		1.53564e+07		0.0494246		2.4427		540.412		6.81017e+06		614.074		
00:00:09:800		1.53592e+07		0.0535698		2.48222		540.025		6.81255e+06		614.125		
00:00:09:800		1.53592e+07		0.0535698		2.48222		540.025		6.81255e+06		614.125		
00:00:09:699		1.53607e+07		0.0556364		2.50098		539.832		6.81374e+06		614.145		
00:00:09:599		1.53621e+07		0.0576997		2.52125		539.642		6.81494e+06		614.173		
00:00:09:500		1.53636e+07		0.0597577		2.54331		539.45		6.81614e+06		614.196		
00:00:09:400		1.53651e+07		0.0618086		2.56744		539.259		6.81734e+06		614.221		
00:00:09:300		1.53666e+07		0.0638533		2.5859		539.069		6.81855e+06		614.254		
00:00:09:199		1.53681e+07		0.0658894		2.60158		538.877		6.81976e+06		614.284		
00:00:09:099		1.53696e+07		0.0679169		2.62024		538.688		6.82097e+06		614.291		
00:00:09:000		1.53711e+07		0.0699358		2.6493		538.5		6.8222e+06		614.325		
00:00:08:900		1.53726e+07		0.0719438		2.67829		538.306		6.82342e+06		614.359		
00:00:08:750		1.53749e+07		0.0749364		2.69485		538.027		6.82526e+06		614.367		
00:00:08:699		1.53757e+07		0.0759277		2.69693		537.933		6.82588e+06		614.384		
00:00:08:599		1.53772e+07		0.0779033		2.70167		537.746		6.82712e+06		614.435		
00:00:08:500		1.53787e+07		0.0798674		2.70594		537.563		6.82837e+06		614.456		
00:00:08:400		1.53803e+07		0.0818186		2.71134		537.376		6.82962e+06		614.505		
00:00:08:300		1.53826e+07		0.084722		2.71795		537.098		6.8315e+06		614.547		
00:00:08:150		1.53841e+07		0.0866423		2.7205		536.911		6.83277e+06		614.622		
00:00:08:050		1.53857e+07		0.0885487		2.72618		536.722		6.83403e+06		614.696		
00:00:07:950		1.53872e+07		0.0904412		2.73084		536.536		6.83531e+06		614.281		
00:00:07:849		1.53887e+07		0.092319		2.73436		536.356		6.83658e+06		614.709		
00:00:07:799		1.53895e+07		0.0932522		2.73678		536.263		6.83723e+06		614.658		
00:00:07:700		1.5391e+07		0.095108		2.74063		536.08		6.83852e+06		614.692		
00:00:07:599		1.53926e+07		0.0969486		2.74495		535.901		6.83981e+06		614.727		
00:00:07:500		1.53941e+07		0.098774		2.74902		535.719		6.84111e+06		614.757		
00:00:07:400		1.53957e+07		0.100584		2.75356		535.541		6.84242e+06		614.808		
00:00:07:299		1.5398e+07		0.103268		2.75887		535.269		6.8444e+06		614.848		
00:00:07:150		1.53995e+07		0.105037		2.76154		535.091		6.84572e+06		614.914		
00:00:07:049		1.5401e+07		0.10679		2.76709		534.914		6.84705e+06		614.909		
00:00:07:000		1.54018e+07		0.10766		2.76846		534.823		6.84772e+06		614.929		
00:00:06:849		1.54041e+07		0.110247		2.7736		534.558		6.84974e+06		614.993		
00:00:06:750		1.54056e+07		0.111951		2.77735		534.383		6.8511e+06		615.039		
00:00:06:650		1.54071e+07		0.113638		2.78083		534.206		6.85246e+06		615.088		
00:00:06:599		1.54079e+07		0.114475		2.78305		534.12		6.85314e+06		615.116		
00:00:06:500		1.54094e+07		0.116136		2.78646		533.946		6.85452e+06		615.162		
00:00:06:400		1.54109e+07		0.11778		2.78998		533.771		6.8559e+06		615.243		
00:00:06:299		1.54124e+07		0.119406		2.79306		533.599		6.85729e+06		615.252		
00:00:06:150		1.54146e+07		0.121811		2.79635		533.343		6.8594e+06		615.338		
00:00:06:049		1.54161e+07		0.123392		2.79969		533.171		6.86081e+06		615.405		
00:00:05:950		1.54176e+07		0.124953		2.80578		533.001		6.86223e+06		615.461		
00:00:05:849		1.54191e+07		0.126496		2.80657		532.834		6.86366e+06		615.53		
00:00:05:750		1.54205e+07		0.128021		2.80805		532.666		6.86511e+06		615.602		
00:00:05:650		1.5422e+07		0.129527		2.81209		532.499		6.86656e+06		615.677		
00:00:05:549		1.54234e+07		0.131014		2.81475		532.334		6.86802e+06		615.746		
00:00:05:450		1.54249e+07		0.132483		2.81672		532.171		6.86949e+06		615.842		
00:00:05:349		1.54263e+07		0.133932		2.81919		532.006		6.87097e+06		615.877		
00:00:05:250		1.54277e+07		0.135363		2.82161		531.845		6.87246e+06		615.952		
00:00:05:150		1.54291e+07		0.136775		2.82389		531.682		6.87395e+06		616.05		
00:00:05:049		1.54306e+07		0.138167		2.82621		531.518		6.87546e+06		616.088		
00:00:04:849		1.54334e+07		0.140895		2.83034		531.197		6.87852e+06		616.256		
00:00:04:750		1.54348e+07		0.14223		2.83229		531.035		6.88006e+06		616.338		
00:00:04:750		1.54348e+07		0.14223		2.83229		531.035		6.88006e+06		616.338		
00:00:04:650		1.54361e+07		0.143545		2.83406		530.877		6.88162e+06		616.427		
00:00:04:549		1.54375e+07		0.14484		2.83599		530.719		6.88319e+06		616.524		
00:00:04:549		1.54375e+07		0.14484		2.83599		530.719		6.88319e+06		616.524		
00:00:04:450		1.54389e+07		0.146114		2.83775		530.558		6.88477e+06		616.626		
00:00:04:349		1.54402e+07		0.147368		2.8392		530.403		6.88636e+06		616.726		
00:00:04:250		1.54416e+07		0.148601		2.84064		530.243		6.88797e+06		616.828		
00:00:04:000		1.54449e+07		0.151596		2.84376		529.851		6.89204e+06		617.132		
00:00:04:000		1.54449e+07		0.151596		2.84376		529.851		6.89204e+06		617.132		
00:00:03:799		1.54475e+07		0.153902		2.84568		529.533		6.89536e+06		617.393		
00:00:03:700		1.54488e+07		0.155025		2.84647		529.378		6.89704e+06		617.532		
00:00:03:700		1.54488e+07		0.155025		2.84647		529.378		6.89704e+06		617.532		
00:00:03:500		1.54514e+07		0.157206		2.84764		529.055		6.90044e+06		617.821		
00:00:03:500		1.54514e+07		0.157206		2.84764		529.055		6.90044e+06		617.821		
00:00:03:399		1.54528e+07		0.15826		2.8482		528.895		6.90216e+06		617.975		
00:00:03:299		1.54541e+07		0.159286		2.84853		528.731		6.9039e+06		618.134		
00:00:03:200		1.54554e+07		0.160279		2.84883		528.566		6.90565e+06		618.306		
00:00:03:100		1.54567e+07		0.16124		2.84915		528.397		6.90742e+06		618.483		
00:00:03:000		1.54579e+07		0.162164		2.84927		528.225		6.90921e+06		618.669		
00:00:02:799		1.54603e+07		0.163902		2.84896		527.876		6.91284e+06		619.063		
00:00:02:799		1.54603e+07		0.163902		2.84896		527.876		6.91284e+06		619.063		
00:00:02:700		1.54614e+07		0.16472		2.84859		527.695		6.91469e+06		619.27		
00:00:02:600		1.54626e+07		0.165508		2.84806		527.517		6.91655e+06		619.507		
00:00:02:500		1.54637e+07		0.16627		2.8473		527.336		6.91844e+06		619.756		
00:00:02:399		1.54648e+07		0.167008		2.84636		527.16		6.92035e+06		620.029		
00:00:02:299		1.54659e+07		0.167725		2.84532		526.992		6.92228e+06		620.344		
00:00:02:200		1.54671e+07		0.168421		2.8443		526.831		6.92424e+06		620.702		
00:00:02:100		1.54684e+07		0.16909		2.84336		526.686		6.92621e+06		621.135		
00:00:02:000		1.54697e+07		0.169727		2.84257		526.547		6.9282e+06		621.454		
00:00:01:800		1.54724e+07		0.170867		2.84119		526.312		6.93216e+06		622.128		
00:00:01:800		1.54724e+07		0.170867		2.84119		526.312		6.93216e+06		622.128		
00:00:01:649		1.54742e+07		0.171564		2.84039		526.171		6.93501e+06		622.072		
00:00:01:550		1.54753e+07		0.171939		2.83998		526.099		6.93678e+06		621.512		
00:00:01:449		1.54763e+07		0.17224		2.83967		526.067		6.93854e+06		621.417		
00:00:01:350		1.54771e+07		0.172468		2.83933		526.117		6.94077e+06		621.598		
00:00:01:250		1.54777e+07		0.172629		2.83892		526.275		6.94311e+06		621.786		
00:00:01:199		1.54781e+07		0.172734		2.83842		526.57		6.94553e+06		621.946		
00:00:01:050		1.54784e+07		0.172796		2.83788		527.012		6.94801e+06		622.101		
00:00:00:949		1.54785e+07		0.172829		2.83731		527.599		6.95054e+06		622.173		
00:00:00:849		1.54786e+07		0.172842		2.83666		528.284		6.9531e+06		622.018		
00:00:00:750		1.54786e+07		0.172844		2.83615		528.996		6.95563e+06		621.443		
00:00:00:650		1.54786e+07		0.172843		2.83581		529.638		6.95804e+06		619.949		
00:00:00:550		1.54786e+07		0.172841		2.83564		530.068		6.96027e+06		617.024		
00:00:00:450		1.54786e+07		0.17284		2.83566		530.217		6.9622e+06		611.783		
00:00:00:400		1.54786e+07		0.17284		2.83569		530.227		6.96301e+06		607.814		
00:00:00:299		1.54786e+07		0.17284		2.83568		530.216		6.96422e+06		595.619		
00:00:00:200		1.54785e+07		0.17284		2.83572		530.219		6.9648e+06		574.862		
00:00:00:100		1.54785e+07		0.17284		2.83572		530.221		6.96484e+06		526.825		
00:00:00:000		1.54785e+07		0.17284		2.83571		530.225		6.96483e+06		526.826		
00:00:00:000		1.54785e+07		0.17284		2.83571		530.225		6.96483e+06		526.826		
00:00:00:000		1.54785e+07		0.17284		2.83571		530.225		6.96483e+06		526.826		
00:00:00:000		1.54785e+07		0.17284		2.83571		530.225		6.96483e+06		526.826		
00:00:00:000		1.54785e+07		0.17284		2.83571		530.225		6.96483e+06		526.826		
