	time 		gpv001pnt10113ppntm	evf507ety101mpzoyout	chtcon(1)	chavg(1)	chlhsumpa	rcptavgn	
00:01:06:349		6.21151e+06		257.98		128.144		0		2.68533		274.185		
00:01:06:250		6.21161e+06		257.762		128.144		0		2.68533		274.201		
00:01:06:150		6.2117e+06		257.762		128.298		0		2.67351		274.219		
00:01:06:049		6.21179e+06		257.762		128.298		0		2.67351		274.238		
00:01:05:950		6.21189e+06		257.544		128.457		0		2.66169		274.258		
00:01:05:849		6.21198e+06		257.544		128.457		0		2.66169		274.278		
00:01:05:750		6.21206e+06		257.325		128.457		0		2.66169		274.298		
00:01:05:650		6.21215e+06		257.325		128.621		0		2.64986		274.317		
00:01:05:549		6.21224e+06		257.325		128.621		0		2.64986		274.336		
00:01:05:450		6.21233e+06		257.107		128.791		0		2.638		274.352		
00:01:05:349		6.21242e+06		257.107		128.791		0		2.638		274.37		
00:01:05:250		6.2125e+06		256.887		128.791		0		2.638		274.389		
00:01:05:150		6.21259e+06		256.887		128.968		0		2.62614		274.41		
00:01:05:049		6.21268e+06		256.887		128.968		0		2.62614		274.43		
00:01:04:950		6.21277e+06		256.668		129.15		0		2.61426		274.451		
00:01:04:849		6.21286e+06		256.668		129.15		0		2.61426		274.471		
00:01:04:750		6.21294e+06		256.449		129.15		0		2.61426		274.49		
00:01:04:650		6.21303e+06		256.449		129.339		0		2.60236		274.508		
00:01:04:549		6.21312e+06		256.449		129.339		0		2.60236		274.526		
00:01:04:450		6.21321e+06		256.229		129.535		0		2.59045		274.546		
00:01:04:349		6.2133e+06		256.229		129.535		0		2.59045		274.568		
00:01:04:250		6.21338e+06		256.009		129.535		0		2.59045		274.59		
00:01:04:099		6.21352e+06		256.009		129.737		0		2.57854		274.623		
00:01:04:000		6.2136e+06		255.79		129.737		0		2.57854		274.645		
00:01:03:899		6.21369e+06		255.79		129.947		0		2.5666		274.665		
00:01:03:799		6.21378e+06		255.79		129.947		0		2.5666		274.684		
00:01:03:700		6.21387e+06		255.57		130.164		0		2.55465		274.706		
00:01:03:600		6.21396e+06		255.57		130.164		0		2.55465		274.73		
00:01:03:500		6.21404e+06		255.35		130.164		0		2.55465		274.755		
00:01:03:399		6.21413e+06		255.35		130.388		0		2.54269		274.779		
00:01:03:299		6.21422e+06		255.35		130.388		0		2.54269		274.804		
00:01:03:200		6.21431e+06		255.13		130.621		0		2.53071		274.828		
00:01:03:100		6.2144e+06		255.13		130.621		0		2.53071		274.852		
00:01:03:049		6.21444e+06		255.13		130.621		0		2.53071		274.863		
00:01:02:950		6.21457e+06		254.91		130.862		0		2.51872		274.899		
00:01:02:799		6.21466e+06		254.91		130.862		0		2.51872		274.926		
00:01:02:600		6.21484e+06		254.69		131.111		0		2.50672		274.982		
00:01:02:600		6.21484e+06		254.69		131.111		0		2.50672		274.982		
00:01:02:500		6.21492e+06		254.47		131.111		0		2.50672		275.01		
00:01:02:399		6.21501e+06		254.47		131.369		0		2.4947		275.037		
00:01:02:299		6.2151e+06		254.47		131.369		0		2.4947		275.063		
00:01:02:200		6.21519e+06		254.251		131.635		0		2.48267		275.088		
00:01:02:100		6.21528e+06		254.251		131.635		0		2.48267		275.116		
00:01:02:000		6.21536e+06		254.032		131.635		0		2.48267		275.146		
00:01:02:000		6.21536e+06		254.032		131.635		0		2.48267		275.146		
00:01:01:899		6.21545e+06		254.032		131.911		0		2.47062		275.177		
00:01:01:799		6.21554e+06		254.032		131.911		0		2.47062		275.207		
00:01:01:600		6.21572e+06		253.813		132.196		0		2.45857		275.266		
00:01:01:500		6.2158e+06		253.594		132.196		0		2.45857		275.294		
00:01:01:500		6.2158e+06		253.594		132.196		0		2.45857		275.294		
00:01:01:299		6.21598e+06		253.594		132.491		0		2.44649		275.353		
00:01:01:299		6.21598e+06		253.594		132.491		0		2.44649		275.353		
00:01:01:149		6.21611e+06		253.376		132.796		0		2.43441		275.401		
00:01:01:049		6.2162e+06		253.376		132.796		0		2.43441		275.433		
00:01:00:950		6.21629e+06		253.158		133.11		0		2.42231		275.465		
00:01:00:750		6.21646e+06		252.94		133.11		0		2.42231		275.525		
00:01:00:750		6.21646e+06		252.94		133.11		0		2.42231		275.525		
00:01:00:649		6.21655e+06		252.94		133.435		0		2.4102		275.553		
00:01:00:549		6.21664e+06		252.94		133.435		0		2.4102		275.583		
00:01:00:450		6.21673e+06		252.722		133.771		0		2.39808		275.616		
00:01:00:350		6.21682e+06		252.722		133.771		0		2.39808		275.648		
00:01:00:250		6.2169e+06		252.505		133.771		0		2.39808		275.68		
00:01:00:149		6.21699e+06		252.505		134.117		0		2.38594		275.712		
00:01:00:049		6.21708e+06		252.505		134.117		0		2.38594		275.745		
00:01:00:000		6.21712e+06		252.287		134.117		0		2.38594		275.761		
00:00:59:899		6.21721e+06		252.287		134.474		0		2.3738		275.794		
00:00:59:799		6.2173e+06		252.287		134.474		0		2.3738		275.828		
00:00:59:700		6.21739e+06		252.07		134.842		0		2.36164		275.861		
00:00:59:600		6.21748e+06		252.07		134.842		0		2.36164		275.895		
00:00:59:500		6.21756e+06		251.853		134.842		0		2.36164		275.929		
00:00:59:399		6.21765e+06		251.853		135.22		0		2.34947		275.963		
00:00:59:299		6.21774e+06		251.853		135.22		0		2.34947		275.997		
00:00:59:149		6.21787e+06		251.637		135.61		0		2.33729		276.049		
00:00:59:100		6.21792e+06		251.637		135.61		0		2.33729		276.066		
00:00:59:000		6.218e+06		251.422		135.61		0		2.33729		276.101		
00:00:58:850		6.21814e+06		251.422		136.012		0		2.3251		276.154		
00:00:58:750		6.21822e+06		251.206		136.012		0		2.3251		276.189		
00:00:58:600		6.21836e+06		251.206		136.425		0		2.31289		276.242		
00:00:58:600		6.21836e+06		251.206		136.425		0		2.31289		276.242		
00:00:58:450		6.21849e+06		250.994		136.849		0		2.30068		276.296		
00:00:58:350		6.21858e+06		250.994		136.849		0		2.30068		276.332		
00:00:58:299		6.21862e+06		250.994		136.849		0		2.30068		276.35		
00:00:58:200		6.21871e+06		250.782		137.283		0		2.28845		276.385		
00:00:58:100		6.2188e+06		250.782		137.283		0		2.28845		276.421		
00:00:57:950		6.21893e+06		250.572		137.729		0		2.27621		276.475		
00:00:57:850		6.21902e+06		250.572		137.729		0		2.27621		276.511		
00:00:57:750		6.2191e+06		250.367		137.729		0		2.27621		276.548		
00:00:57:649		6.21919e+06		250.367		138.183		0		2.26396		276.584		
00:00:57:549		6.21928e+06		250.367		138.183		0		2.26396		276.62		
00:00:57:450		6.21937e+06		250.161		138.645		0		2.2517		276.656		
00:00:57:350		6.21946e+06		250.161		138.645		0		2.2517		276.693		
00:00:57:250		6.21954e+06		249.952		138.645		0		2.2517		276.729		
00:00:57:250		6.21954e+06		249.952		138.645		0		2.2517		276.729		
00:00:57:149		6.21963e+06		249.952		139.114		0		2.23942		276.765		
00:00:57:049		6.21972e+06		249.952		139.114		0		2.23942		276.801		
00:00:56:850		6.2199e+06		249.741		139.592		0		2.22714		276.874		
00:00:56:850		6.2199e+06		249.741		139.592		0		2.22714		276.874		
00:00:56:649		6.22007e+06		249.523		140.079		0		2.21484		276.946		
00:00:56:549		6.22016e+06		249.523		140.079		0		2.21484		276.982		
00:00:56:549		6.22016e+06		249.523		140.079		0		2.21484		276.982		
00:00:56:450		6.22025e+06		249.296		140.576		0		2.20253		277.017		
00:00:56:350		6.22034e+06		249.296		140.576		0		2.20253		277.053		
00:00:56:250		6.22042e+06		249.052		140.576		0		2.20253		277.088		
00:00:56:149		6.22051e+06		249.052		141.085		0		2.19021		277.123		
00:00:56:049		6.2206e+06		249.052		141.085		0		2.19021		277.158		
00:00:55:950		6.22069e+06		248.778		141.607		0		2.17787		277.193		
00:00:55:850		6.22078e+06		248.778		141.607		0		2.17787		277.227		
00:00:55:700		6.22091e+06		248.45		142.144		0		2.16553		277.279		
00:00:55:600		6.221e+06		248.45		142.144		0		2.16553		277.312		
00:00:55:500		6.22108e+06		248.499		142.144		0		2.16553		277.345		
00:00:55:399		6.22117e+06		248.499		142.684		0		2.15317		277.378		
00:00:55:299		6.22126e+06		248.499		142.684		0		2.15317		277.411		
00:00:55:200		6.22135e+06		248.55		143.227		0		2.1408		277.443		
00:00:55:100		6.22144e+06		248.55		143.227		0		2.1408		277.475		
00:00:55:000		6.22152e+06		248.603		143.227		0		2.1408		277.507		
00:00:54:899		6.22161e+06		248.603		143.772		0		2.12842		277.538		
00:00:54:799		6.2217e+06		248.603		143.772		0		2.12842		277.568		
00:00:54:700		6.22179e+06		248.659		144.319		0		2.11602		277.599		
00:00:54:600		6.22188e+06		248.659		144.319		0		2.11602		277.629		
00:00:54:500		6.22196e+06		248.716		144.319		0		2.11602		277.659		
00:00:54:399		6.22205e+06		248.716		144.869		0		2.10362		277.688		
00:00:54:299		6.22214e+06		248.716		144.869		0		2.10362		277.718		
00:00:54:200		6.22223e+06		248.775		145.42		0		2.0912		277.747		
00:00:54:100		6.22232e+06		248.775		145.42		0		2.0912		277.776		
00:00:54:000		6.2224e+06		248.836		145.42		0		2.0912		277.804		
00:00:53:899		6.22249e+06		248.836		145.972		0		2.07877		277.833		
00:00:53:799		6.22258e+06		248.836		145.972		0		2.07877		277.861		
00:00:53:700		6.22267e+06		248.898		146.526		0		2.06633		277.89		
00:00:53:600		6.22276e+06		248.898		146.526		0		2.06633		277.918		
00:00:53:450		6.22289e+06		248.963		147.081		0		2.05388		277.961		
00:00:53:350		6.22298e+06		248.963		147.081		0		2.05388		277.99		
00:00:53:250		6.22306e+06		249.029		147.081		0		2.05388		278.019		
00:00:53:149		6.22315e+06		249.029		147.637		0		2.04141		278.048		
00:00:53:049		6.22324e+06		249.029		147.637		0		2.04141		278.077		
00:00:53:000		6.22328e+06		249.095		147.637		0		2.04141		278.091		
00:00:52:899		6.22337e+06		249.095		148.192		0		2.02894		278.121		
00:00:52:799		6.22346e+06		249.095		148.192		0		2.02894		278.15		
00:00:52:700		6.22355e+06		249.162		148.749		0		2.01647		278.18		
00:00:52:600		6.22364e+06		249.162		148.749		0		2.01647		278.21		
00:00:52:500		6.22372e+06		249.228		148.749		0		2.01647		278.24		
00:00:52:350		6.22386e+06		249.228		149.305		0		2.004		278.285		
00:00:52:250		6.22394e+06		249.295		149.305		0		2.004		278.316		
00:00:52:149		6.22403e+06		249.295		149.861		0		1.99152		278.346		
00:00:52:049		6.22412e+06		249.295		149.861		0		1.99152		278.377		
00:00:51:950		6.22421e+06		249.361		150.416		0		1.97905		278.408		
00:00:51:850		6.2243e+06		249.361		150.416		0		1.97905		278.439		
00:00:51:750		6.22438e+06		249.427		150.416		0		1.97905		278.469		
00:00:51:649		6.22447e+06		249.427		150.971		0		1.96658		278.5		
00:00:51:549		6.22456e+06		249.427		150.971		0		1.96658		278.531		
00:00:51:549		6.22456e+06		249.427		150.971		0		1.96658		278.531		
00:00:51:450		6.22465e+06		249.492		151.524		0		1.95411		278.562		
00:00:51:350		6.22474e+06		249.492		151.524		0		1.95411		278.593		
00:00:51:250		6.22482e+06		249.556		151.524		0		1.95411		278.624		
00:00:51:149		6.22491e+06		249.556		152.077		0		1.94164		278.655		
00:00:51:049		6.225e+06		249.556		152.077		0		1.94164		278.685		
00:00:50:950		6.22509e+06		249.62		152.627		0		1.92917		278.716		
00:00:50:850		6.22518e+06		249.62		152.627		0		1.92917		278.747		
00:00:50:750		6.22526e+06		249.684		152.627		0		1.92917		278.777		
00:00:50:549		6.22544e+06		249.684		153.176		0		1.9167		278.839		
00:00:50:549		6.22544e+06		249.684		153.176		0		1.9167		278.839		
00:00:50:450		6.22553e+06		249.746		153.722		0		1.90423		278.869		
00:00:50:350		6.22562e+06		249.746		153.722		0		1.90423		278.9		
00:00:50:250		6.2257e+06		249.807		153.722		0		1.90423		278.93		
00:00:50:100		6.22584e+06		249.807		154.266		0		1.89177		278.976		
00:00:50:000		6.22592e+06		249.867		154.266		0		1.89177		279.006		
00:00:49:899		6.22601e+06		249.867		154.806		0		1.87931		279.037		
00:00:49:799		6.2261e+06		249.867		154.806		0		1.87931		279.067		
00:00:49:649		6.22623e+06		249.925		155.343		0		1.86685		279.113		
00:00:49:549		6.22636e+06		249.982		155.343		0		1.86685		279.159		
00:00:49:549		6.22636e+06		249.982		155.343		0		1.86685		279.159		
00:00:49:399		6.22645e+06		249.982		155.876		0		1.8544		279.189		
00:00:49:299		6.22654e+06		249.982		155.876		0		1.8544		279.22		
00:00:49:200		6.22663e+06		250.038		156.404		0		1.84195		279.25		
00:00:49:100		6.22672e+06		250.038		156.404		0		1.84195		279.281		
00:00:49:000		6.2268e+06		250.092		156.404		0		1.84195		279.312		
00:00:48:899		6.22689e+06		250.092		156.927		0		1.82951		279.342		
00:00:48:799		6.22698e+06		250.092		156.927		0		1.82951		279.373		
00:00:48:600		6.22716e+06		250.144		157.445		0		1.81707		279.434		
00:00:48:500		6.22724e+06		250.194		157.445		0		1.81707		279.465		
00:00:48:500		6.22724e+06		250.194		157.445		0		1.81707		279.465		
00:00:48:399		6.22733e+06		250.194		157.957		0		1.80463		279.496		
00:00:48:299		6.22742e+06		250.194		157.957		0		1.80463		279.527		
00:00:48:200		6.22751e+06		250.242		158.463		0		1.79221		279.558		
00:00:48:100		6.2276e+06		250.242		158.463		0		1.79221		279.589		
00:00:48:000		6.22768e+06		250.287		158.463		0		1.79221		279.62		
00:00:47:899		6.22777e+06		250.287		158.962		0		1.77979		279.651		
00:00:47:799		6.22786e+06		250.287		158.962		0		1.77979		279.682		
00:00:47:600		6.22804e+06		250.329		159.453		0		1.76738		279.744		
00:00:47:600		6.22804e+06		250.329		159.453		0		1.76738		279.744		
00:00:47:500		6.22812e+06		250.368		159.453		0		1.76738		279.774		
00:00:47:399		6.22821e+06		250.368		159.935		0		1.75497		279.805		
00:00:47:299		6.2283e+06		250.368		159.935		0		1.75497		279.836		
00:00:47:200		6.22839e+06		250.403		160.409		0		1.74258		279.867		
00:00:47:100		6.22848e+06		250.403		160.409		0		1.74258		279.898		
00:00:47:000		6.22856e+06		250.434		160.409		0		1.74258		279.93		
00:00:46:899		6.22865e+06		250.434		160.873		0		1.73019		279.961		
00:00:46:799		6.22874e+06		250.434		160.873		0		1.73019		279.992		
00:00:46:700		6.22883e+06		250.462		161.327		0		1.71782		280.023		
00:00:46:600		6.22892e+06		250.462		161.327		0		1.71782		280.055		
00:00:46:450		6.22905e+06		250.485		161.77		0		1.70546		280.102		
00:00:46:399		6.22909e+06		250.485		161.77		0		1.70546		280.117		
00:00:46:299		6.22918e+06		250.485		161.77		0		1.70546		280.149		
00:00:46:200		6.22927e+06		250.505		162.202		0		1.69311		280.18		
00:00:46:100		6.22936e+06		250.505		162.202		0		1.69311		280.212		
00:00:46:000		6.22944e+06		250.52		162.202		0		1.69311		280.243		
00:00:45:899		6.22953e+06		250.52		162.62		0		1.68077		280.275		
00:00:45:799		6.22962e+06		250.52		162.62		0		1.68077		280.306		
00:00:45:600		6.2298e+06		250.53		163.026		0		1.66845		280.37		
00:00:45:600		6.2298e+06		250.53		163.026		0		1.66845		280.37		
00:00:45:500		6.22988e+06		250.536		163.026		0		1.66845		280.402		
00:00:45:399		6.22997e+06		250.536		163.417		0		1.65615		280.433		
00:00:45:299		6.23006e+06		250.536		163.417		0		1.65615		280.465		
00:00:45:200		6.23015e+06		250.536		163.792		0		1.64386		280.497		
00:00:45:049		6.23028e+06		250.536		163.792		0		1.64386		280.544		
00:00:44:950		6.23037e+06		250.532		164.152		0		1.63159		280.576		
00:00:44:850		6.23046e+06		250.532		164.152		0		1.63159		280.608		
00:00:44:750		6.23054e+06		250.522		164.152		0		1.63159		280.64		
00:00:44:649		6.23063e+06		250.522		164.494		0		1.61934		280.671		
00:00:44:549		6.23072e+06		250.522		164.494		0		1.61934		280.703		
00:00:44:450		6.23081e+06		250.507		164.819		0		1.6071		280.735		
00:00:44:350		6.2309e+06		250.507		164.819		0		1.6071		280.766		
00:00:44:250		6.23098e+06		250.485		164.819		0		1.6071		280.798		
00:00:44:149		6.23107e+06		250.485		165.124		0		1.5949		280.83		
00:00:44:049		6.23116e+06		250.485		165.124		0		1.5949		280.861		
00:00:43:950		6.23125e+06		250.458		165.408		0		1.58271		280.893		
00:00:43:950		6.23125e+06		250.458		165.408		0		1.58271		280.893		
00:00:43:850		6.23134e+06		250.458		165.408		0		1.58271		280.925		
00:00:43:750		6.23142e+06		250.424		165.408		0		1.58271		280.956		
00:00:43:549		6.2316e+06		250.424		165.671		0		1.57055		281.02		
00:00:43:549		6.2316e+06		250.424		165.671		0		1.57055		281.02		
00:00:43:350		6.23178e+06		250.384		165.91		0		1.55841		281.083		
00:00:43:250		6.23186e+06		250.337		165.91		0		1.55841		281.115		
00:00:43:149		6.23195e+06		250.337		166.126		0		1.5463		281.146		
00:00:43:049		6.23204e+06		250.337		166.126		0		1.5463		281.178		
00:00:42:950		6.23213e+06		250.283		166.316		0		1.53423		281.209		
00:00:42:950		6.23213e+06		250.283		166.316		0		1.53423		281.209		
00:00:42:850		6.23222e+06		250.283		166.316		0		1.53423		281.241		
00:00:42:750		6.2323e+06		250.222		166.316		0		1.53423		281.273		
00:00:42:549		6.23248e+06		250.222		166.479		0		1.52218		281.336		
00:00:42:549		6.23248e+06		250.222		166.479		0		1.52218		281.336		
00:00:42:450		6.23257e+06		250.153		166.613		0		1.51017		281.367		
00:00:42:350		6.23266e+06		250.153		166.613		0		1.51017		281.399		
00:00:42:200		6.23279e+06		250.072		166.718		0		1.49823		281.446		
00:00:42:100		6.23288e+06		250.072		166.718		0		1.49823		281.477		
00:00:41:950		6.23301e+06		249.958		166.794		0		1.48651		281.524		
00:00:41:850		6.2331e+06		249.958		166.794		0		1.48651		281.555		
00:00:41:850		6.2331e+06		249.958		166.794		0		1.48651		281.555		
00:00:41:750		6.23318e+06		249.81		166.794		0		1.48651		281.587		
00:00:41:549		6.23336e+06		249.81		166.841		0		1.47501		281.65		
00:00:41:549		6.23336e+06		249.81		166.841		0		1.47501		281.65		
00:00:41:450		6.23345e+06		249.629		166.86		0		1.46375		281.681		
00:00:41:350		6.23354e+06		249.629		166.86		0		1.46375		281.712		
00:00:41:250		6.23363e+06		249.414		166.86		0		1.46375		281.743		
00:00:41:049		6.23381e+06		249.414		166.851		0		1.4527		281.806		
00:00:41:049		6.23381e+06		249.414		166.851		0		1.4527		281.806		
00:00:40:950		6.2339e+06		249.166		166.816		0		1.44189		281.837		
00:00:40:799		6.23403e+06		249.166		166.816		0		1.44189		281.883		
00:00:40:600		6.23421e+06		248.885		166.754		0		1.4313		281.945		
00:00:40:500		6.2343e+06		248.569		166.754		0		1.4313		281.976		
00:00:40:500		6.2343e+06		248.569		166.754		0		1.4313		281.976		
00:00:40:399		6.23438e+06		248.569		166.667		0		1.42093		282.007		
00:00:40:299		6.23447e+06		248.569		166.667		0		1.42093		282.038		
00:00:40:200		6.23456e+06		248.218		166.555		0		1.4108		282.069		
00:00:40:100		6.23465e+06		248.218		166.555		0		1.4108		282.1		
00:00:40:000		6.23474e+06		247.834		166.555		0		1.4108		282.131		
00:00:39:899		6.23483e+06		247.834		166.42		0		1.40089		282.162		
00:00:39:799		6.23492e+06		247.834		166.42		0		1.40089		282.193		
00:00:39:700		6.23501e+06		247.414		166.263		0		1.39121		282.223		
00:00:39:600		6.2351e+06		247.414		166.263		0		1.39121		282.254		
00:00:39:500		6.23519e+06		246.959		166.263		0		1.39121		282.285		
00:00:39:399		6.23528e+06		246.959		166.084		0		1.38176		282.316		
00:00:39:299		6.23536e+06		246.959		166.084		0		1.38176		282.347		
00:00:39:200		6.23545e+06		246.468		165.885		0		1.37255		282.377		
00:00:39:100		6.23554e+06		246.468		165.885		0		1.37255		282.408		
00:00:39:000		6.23563e+06		245.94		165.885		0		1.37255		282.439		
00:00:38:899		6.23572e+06		245.94		165.668		0		1.36359		282.47		
00:00:38:799		6.23581e+06		245.94		165.668		0		1.36359		282.501		
00:00:38:700		6.2359e+06		245.374		165.434		0		1.35487		282.531		
00:00:38:549		6.23604e+06		245.374		165.434		0		1.35487		282.578		
00:00:38:450		6.23613e+06		244.767		165.187		0		1.34643		282.608		
00:00:38:350		6.23622e+06		244.767		165.187		0		1.34643		282.639		
00:00:38:250		6.23631e+06		244.114		165.187		0		1.34643		282.67		
00:00:38:149		6.2364e+06		244.114		164.927		0		1.33829		282.701		
00:00:38:049		6.23649e+06		244.114		164.927		0		1.33829		282.732		
00:00:37:950		6.23658e+06		243.382		164.661		0		1.33053		282.763		
00:00:37:850		6.23667e+06		243.382		164.661		0		1.33053		282.794		
00:00:37:750		6.23676e+06		242.598		164.661		0		1.33053		282.824		
00:00:37:649		6.23685e+06		242.598		164.391		0		1.3233		282.855		
00:00:37:549		6.23694e+06		242.598		164.391		0		1.3233		282.886		
00:00:37:450		6.23703e+06		241.811		164.12		0		1.31605		282.917		
00:00:37:350		6.23712e+06		241.811		164.12		0		1.31605		282.948		
00:00:37:350		6.23712e+06		241.811		164.12		0		1.31605		282.948		
00:00:37:250		6.23721e+06		241.022		164.12		0		1.31605		282.979		
00:00:37:149		6.23731e+06		241.022		163.845		0		1.30878		283.01		
00:00:37:049		6.2374e+06		241.022		163.845		0		1.30878		283.041		
00:00:36:950		6.2375e+06		240.231		163.568		0		1.30148		283.071		
00:00:36:850		6.2376e+06		240.231		163.568		0		1.30148		283.102		
00:00:36:649		6.23779e+06		239.437		163.288		0		1.29417		283.164		
00:00:36:549		6.23789e+06		239.437		163.288		0		1.29417		283.195		
00:00:36:549		6.23789e+06		239.437		163.288		0		1.29417		283.195		
00:00:36:399		6.23804e+06		238.641		163.005		0		1.28684		283.241		
00:00:36:299		6.23813e+06		238.641		163.005		0		1.28684		283.271		
00:00:36:200		6.23823e+06		237.842		162.719		0		1.27949		283.302		
00:00:36:100		6.23833e+06		237.842		162.719		0		1.27949		283.333		
00:00:36:000		6.23842e+06		237.042		162.719		0		1.27949		283.363		
00:00:35:899		6.23851e+06		237.042		162.429		0		1.27212		283.394		
00:00:35:799		6.2386e+06		237.042		162.429		0		1.27212		283.424		
00:00:35:750		6.23865e+06		236.238		162.429		0		1.27212		283.439		
00:00:35:549		6.23883e+06		236.238		162.137		0		1.26472		283.5		
00:00:35:549		6.23883e+06		236.238		162.137		0		1.26472		283.5		
00:00:35:450		6.23892e+06		235.433		161.84		0		1.2573		283.53		
00:00:35:350		6.23901e+06		235.433		161.84		0		1.2573		283.56		
00:00:35:250		6.2391e+06		234.625		161.84		0		1.2573		283.59		
00:00:35:149		6.23919e+06		234.625		161.541		0		1.24987		283.62		
00:00:35:000		6.23932e+06		233.814		161.541		0		1.24987		283.665		
00:00:34:899		6.23941e+06		233.814		161.237		0		1.24241		283.695		
00:00:34:799		6.2395e+06		233.814		161.237		0		1.24241		283.724		
00:00:34:700		6.23959e+06		233.001		160.93		0		1.23492		283.754		
00:00:34:500		6.23977e+06		232.185		160.93		0		1.23492		283.813		
00:00:34:500		6.23977e+06		232.185		160.93		0		1.23492		283.813		
00:00:34:399		6.23986e+06		232.185		160.618		0		1.22742		283.842		
00:00:34:299		6.23995e+06		232.185		160.618		0		1.22742		283.872		
00:00:34:200		6.24004e+06		231.367		160.302		0		1.21989		283.901		
00:00:34:100		6.24013e+06		231.367		160.302		0		1.21989		283.93		
00:00:34:000		6.24022e+06		230.545		160.302		0		1.21989		283.959		
00:00:33:899		6.24031e+06		230.545		159.982		0		1.21234		283.988		
00:00:33:799		6.2404e+06		230.545		159.982		0		1.21234		284.017		
00:00:33:600		6.24058e+06		229.722		159.658		0		1.20476		284.075		
00:00:33:500		6.24067e+06		228.895		159.658		0		1.20476		284.104		
00:00:33:500		6.24067e+06		228.895		159.658		0		1.20476		284.104		
00:00:33:399		6.24076e+06		228.895		159.329		0		1.19716		284.133		
00:00:33:299		6.24085e+06		228.895		159.329		0		1.19716		284.162		
00:00:33:200		6.24094e+06		228.066		158.995		0		1.18954		284.191		
00:00:33:100		6.24103e+06		228.066		158.995		0		1.18954		284.22		
00:00:33:000		6.24112e+06		227.233		158.995		0		1.18954		284.249		
00:00:32:850		6.24126e+06		227.233		158.657		0		1.18189		284.293		
00:00:32:750		6.24135e+06		226.398		158.657		0		1.18189		284.322		
00:00:32:649		6.24144e+06		226.398		158.314		0		1.17422		284.351		
00:00:32:600		6.24148e+06		226.398		158.314		0		1.17422		284.366		
00:00:32:500		6.24157e+06		225.561		158.314		0		1.17422		284.395		
00:00:32:350		6.24171e+06		225.561		157.966		0		1.16653		284.439		
00:00:32:250		6.2418e+06		224.72		157.966		0		1.16653		284.468		
00:00:32:149		6.24189e+06		224.72		157.613		0		1.15881		284.498		
00:00:32:049		6.24198e+06		224.72		157.613		0		1.15881		284.527		
00:00:32:049		6.24198e+06		224.72		157.613		0		1.15881		284.527		
00:00:31:850		6.24216e+06		223.877		157.255		0		1.15106		284.587		
00:00:31:750		6.24225e+06		223.03		157.255		0		1.15106		284.616		
00:00:31:649		6.24225e+06		223.03		157.255		0		1.15106		284.616		
00:00:31:550		6.24243e+06		223.03		156.892		0		1.1433		284.676		
00:00:31:550		6.24243e+06		223.03		156.892		0		1.1433		284.676		
00:00:31:449		6.24252e+06		222.181		156.523		0		1.1355		284.706		
00:00:31:350		6.24261e+06		222.181		156.523		0		1.1355		284.736		
00:00:31:250		6.2427e+06		221.329		156.523		0		1.1355		284.765		
00:00:31:050		6.24288e+06		221.329		156.148		0		1.12768		284.824		
00:00:31:050		6.24288e+06		221.329		156.148		0		1.12768		284.824		
00:00:30:899		6.24301e+06		220.474		155.768		0		1.11984		284.869		
00:00:30:800		6.2431e+06		220.474		155.768		0		1.11984		284.899		
00:00:30:750		6.24315e+06		219.616		155.768		0		1.11984		284.913		
00:00:30:550		6.24333e+06		219.616		155.382		0		1.11196		284.973		
00:00:30:550		6.24333e+06		219.616		155.382		0		1.11196		284.973		
00:00:30:399		6.24346e+06		218.755		154.99		0		1.10407		285.017		
00:00:30:300		6.24355e+06		218.755		154.99		0		1.10407		285.046		
00:00:30:199		6.24364e+06		217.891		154.591		0		1.09614		285.076		
00:00:30:100		6.24373e+06		217.891		154.591		0		1.09614		285.105		
00:00:30:000		6.24382e+06		217.024		154.591		0		1.09614		285.134		
00:00:29:899		6.24391e+06		217.024		154.186		0		1.08819		285.164		
00:00:29:800		6.244e+06		217.024		154.186		0		1.08819		285.193		
00:00:29:699		6.24409e+06		216.154		153.774		0		1.08022		285.223		
00:00:29:500		6.24427e+06		215.281		153.774		0		1.08022		285.282		
00:00:29:500		6.24427e+06		215.281		153.774		0		1.08022		285.282		
00:00:29:399		6.24436e+06		215.281		153.354		0		1.07221		285.312		
00:00:29:300		6.24445e+06		215.281		153.354		0		1.07221		285.341		
00:00:29:199		6.24454e+06		214.405		152.927		0		1.06418		285.371		
00:00:29:100		6.24463e+06		214.405		152.927		0		1.06418		285.401		
00:00:29:000		6.24472e+06		213.525		152.927		0		1.06418		285.431		
00:00:28:899		6.24481e+06		213.525		152.493		0		1.05612		285.46		
00:00:28:800		6.2449e+06		213.525		152.493		0		1.05612		285.49		
00:00:28:600		6.24508e+06		212.643		152.051		0		1.04804		285.55		
00:00:28:500		6.24517e+06		211.757		152.051		0		1.04804		285.58		
00:00:28:500		6.24517e+06		211.757		152.051		0		1.04804		285.58		
00:00:28:399		6.24526e+06		211.757		151.601		0		1.03992		285.611		
00:00:28:300		6.24535e+06		211.757		151.601		0		1.03992		285.641		
00:00:28:199		6.24544e+06		210.868		151.142		0		1.03178		285.671		
00:00:28:100		6.24553e+06		210.868		151.142		0		1.03178		285.702		
00:00:27:949		6.24567e+06		209.976		150.675		0		1.02361		285.747		
00:00:27:850		6.24576e+06		209.976		150.675		0		1.02361		285.778		
00:00:27:800		6.2458e+06		209.976		150.675		0		1.02361		285.793		
00:00:27:699		6.24589e+06		209.08		150.199		0		1.01541		285.824		
00:00:27:600		6.24598e+06		209.08		150.199		0		1.01541		285.855		
00:00:27:449		6.24612e+06		208.181		149.714		0		1.00718		285.901		
00:00:27:350		6.24621e+06		208.181		149.714		0		1.00718		285.932		
00:00:27:250		6.2463e+06		207.279		149.714		0		1.00718		285.964		
00:00:27:149		6.24639e+06		207.279		149.22		0		0.998924		285.995		
00:00:27:050		6.24648e+06		207.279		149.22		0		0.998924		286.026		
00:00:26:949		6.24657e+06		206.374		148.715		0		0.990638		286.058		
00:00:26:850		6.24666e+06		206.374		148.715		0		0.990638		286.089		
00:00:26:750		6.24675e+06		205.464		148.715		0		0.990638		286.121		
00:00:26:649		6.24684e+06		205.464		148.2		0		0.982322		286.152		
00:00:26:550		6.24693e+06		205.464		148.2		0		0.982322		286.184		
00:00:26:449		6.24702e+06		204.552		147.675		0		0.973976		286.216		
00:00:26:350		6.24711e+06		204.552		147.675		0		0.973976		286.248		
00:00:26:250		6.2472e+06		203.635		147.675		0		0.973976		286.28		
00:00:26:149		6.24729e+06		203.635		147.139		0		0.9656		286.312		
00:00:26:149		6.24729e+06		203.635		147.139		0		0.9656		286.312		
00:00:26:050		6.24738e+06		203.635		147.139		0		0.9656		286.345		
00:00:25:949		6.24747e+06		202.715		146.592		0		0.957195		286.378		
00:00:25:850		6.24756e+06		202.715		146.592		0		0.957195		286.411		
00:00:25:750		6.24765e+06		201.792		146.592		0		0.957195		286.444		
00:00:25:500		6.24787e+06		200.865		146.032		0		0.948759		286.528		
00:00:25:500		6.24787e+06		200.865		146.032		0		0.948759		286.528		
00:00:25:449		6.24792e+06		200.865		145.461		0		0.940292		286.545		
00:00:25:300		6.24805e+06		200.865		145.461		0		0.940292		286.597		
00:00:25:250		6.24814e+06		199.934		144.877		0		0.931795		286.631		
00:00:25:100		6.24823e+06		199.934		144.877		0		0.931795		286.666		
00:00:25:000		6.24832e+06		198.999		144.877		0		0.931795		286.701		
00:00:24:899		6.24841e+06		198.999		144.28		0		0.923267		286.737		
00:00:24:850		6.24846e+06		198.999		144.28		0		0.923267		286.754		
00:00:24:699		6.24859e+06		198.061		143.67		0		0.914707		286.808		
00:00:24:500		6.24877e+06		197.118		143.67		0		0.914707		286.881		
00:00:24:500		6.24877e+06		197.118		143.67		0		0.914707		286.881		
00:00:24:399		6.24886e+06		197.118		143.045		0		0.906116		286.917		
00:00:24:300		6.24895e+06		197.118		143.045		0		0.906116		286.954		
00:00:24:199		6.24904e+06		196.172		142.407		0		0.897493		286.992		
00:00:24:100		6.24913e+06		196.172		142.407		0		0.897493		287.029		
00:00:24:000		6.24922e+06		195.222		142.407		0		0.897493		287.067		
00:00:23:899		6.24931e+06		195.222		141.753		0		0.888838		287.105		
00:00:23:800		6.2494e+06		195.222		141.753		0		0.888838		287.143		
00:00:23:699		6.24949e+06		194.267		141.084		0		0.880151		287.182		
00:00:23:500		6.24967e+06		193.309		141.084		0		0.880151		287.261		
00:00:23:500		6.24967e+06		193.309		141.084		0		0.880151		287.261		
00:00:23:399		6.24976e+06		193.309		140.4		0		0.871434		287.301		
00:00:23:300		6.24985e+06		193.309		140.4		0		0.871434		287.341		
00:00:23:199		6.24994e+06		192.346		139.699		0		0.862684		287.382		
00:00:23:100		6.25003e+06		192.346		139.699		0		0.862684		287.424		
00:00:23:000		6.25012e+06		191.379		139.699		0		0.862684		287.466		
00:00:22:899		6.25021e+06		191.379		138.982		0		0.853903		287.509		
00:00:22:800		6.2503e+06		191.379		138.982		0		0.853903		287.552		
00:00:22:600		6.2506e+06		190.409		138.248		0		0.84509		287.639		
00:00:22:449		6.25121e+06		189.434		137.495		0		0.836244		287.706		
00:00:22:449		6.25121e+06		189.434		137.495		0		0.836244		287.706		
00:00:22:399		6.25149e+06		189.434		137.495		0		0.836244		287.729		
00:00:22:300		6.25217e+06		189.434		137.495		0		0.836244		287.774		
00:00:22:149		6.25349e+06		188.455		136.725		0		0.827367		287.843		
00:00:22:050		6.25456e+06		188.455		136.725		0		0.827367		287.889		
00:00:21:949		6.25579e+06		187.472		135.936		0		0.818456		287.936		
00:00:21:850		6.25718e+06		187.472		135.936		0		0.818456		287.983		
00:00:21:750		6.25872e+06		186.485		135.936		0		0.818456		288.031		
00:00:21:649		6.26042e+06		186.485		135.128		0		0.809513		288.079		
00:00:21:550		6.26228e+06		186.485		135.128		0		0.809513		288.128		
00:00:21:449		6.26433e+06		185.493		134.301		0		0.800538		288.177		
00:00:21:350		6.2667e+06		185.493		134.301		0		0.800538		288.227		
00:00:21:250		6.26939e+06		184.497		134.301		0		0.800538		288.278		
00:00:21:149		6.27238e+06		184.497		133.453		0		0.791529		288.329		
00:00:21:050		6.27569e+06		184.497		133.453		0		0.791529		288.38		
00:00:20:949		6.27932e+06		183.496		132.586		0		0.782486		288.432		
00:00:20:850		6.28328e+06		183.496		132.586		0		0.782486		288.485		
00:00:20:750		6.28754e+06		182.491		132.586		0		0.782486		288.538		
00:00:20:649		6.29212e+06		182.491		131.697		0		0.773409		288.592		
00:00:20:550		6.29703e+06		182.491		131.697		0		0.773409		288.646		
00:00:20:550		6.29703e+06		182.491		131.697		0		0.773409		288.646		
00:00:20:449		6.30225e+06		181.48		130.787		0		0.764297		288.701		
00:00:20:350		6.30784e+06		181.48		130.787		0		0.764297		288.757		
00:00:20:250		6.3139e+06		180.465		130.787		0		0.764297		288.813		
00:00:20:149		6.32044e+06		180.465		129.856		0		0.75515		288.87		
00:00:19:949		6.33497e+06		179.445		128.901		0		0.745967		288.985		
00:00:19:949		6.33497e+06		179.445		128.901		0		0.745967		288.985		
00:00:19:850		6.34295e+06		179.445		128.901		0		0.745967		289.044		
00:00:19:750		6.35143e+06		178.419		128.901		0		0.745967		289.103		
00:00:19:500		6.37476e+06		177.388		127.924		0		0.736745		289.254		
00:00:19:500		6.37476e+06		177.388		127.924		0		0.736745		289.254		
00:00:19:300		6.39565e+06		177.388		126.922		0		0.727484		289.377		
00:00:19:300		6.39565e+06		177.388		126.922		0		0.727484		289.377		
00:00:19:250		6.40684e+06		176.352		125.895		0		0.718183		289.439		
00:00:19:100		6.41853e+06		176.352		125.895		0		0.718183		289.503		
00:00:19:000		6.43072e+06		175.309		125.895		0		0.718183		289.566		
00:00:18:899		6.44342e+06		175.309		124.842		0		0.70884		289.631		
00:00:18:800		6.45662e+06		175.309		124.842		0		0.70884		289.696		
00:00:18:699		6.47034e+06		174.261		123.765		0		0.699394		289.762		
00:00:18:550		6.49188e+06		174.261		123.765		0		0.699394		289.861		
00:00:18:550		6.49188e+06		174.261		123.765		0		0.699394		289.861		
00:00:18:449		6.50376e+06		173.205		122.66		0		0.689834		289.929		
00:00:18:199		6.5224e+06		172.141		121.529		0		0.6802		290.1		
00:00:18:199		6.5224e+06		172.141		121.529		0		0.6802		290.1		
00:00:18:100		6.52708e+06		172.141		121.529		0		0.6802		290.169		
00:00:18:000		6.53073e+06		171.073		121.529		0		0.6802		290.238		
00:00:17:899		6.53356e+06		171.073		120.371		0		0.670519		290.308		
00:00:17:800		6.53595e+06		171.073		120.371		0		0.670519		290.379		
00:00:17:699		6.53808e+06		170		119.184		0		0.660805		290.45		
00:00:17:500		6.54186e+06		168.924		119.184		0		0.660805		290.595		
00:00:17:500		6.54186e+06		168.924		119.184		0		0.660805		290.595		
00:00:17:399		6.54365e+06		168.924		117.97		0		0.651067		290.669		
00:00:17:300		6.54539e+06		168.924		117.97		0		0.651067		290.743		
00:00:17:199		6.5471e+06		167.844		116.731		0		0.641309		290.818		
00:00:17:100		6.54882e+06		167.844		116.731		0		0.641309		290.893		
00:00:17:000		6.55055e+06		166.763		116.731		0		0.641309		290.968		
00:00:16:899		6.5523e+06		166.763		115.472		0		0.631537		291.045		
00:00:16:800		6.55405e+06		166.763		115.472		0		0.631537		291.122		
00:00:16:600		6.55743e+06		165.678		114.192		0		0.621751		291.279		
00:00:16:500		6.55912e+06		164.592		114.192		0		0.621751		291.359		
00:00:16:500		6.55912e+06		164.592		114.192		0		0.621751		291.359		
00:00:16:399		6.56092e+06		164.592		112.891		0		0.611953		291.44		
00:00:16:300		6.5628e+06		164.592		112.891		0		0.611953		291.521		
00:00:16:149		6.56576e+06		163.503		111.569		0		0.602145		291.645		
00:00:16:050		6.56776e+06		163.503		111.569		0		0.602145		291.729		
00:00:15:949		6.56976e+06		162.412		110.227		0		0.592325		291.813		
00:00:15:900		6.57075e+06		162.412		110.227		0		0.592325		291.856		
00:00:15:800		6.57275e+06		162.412		110.227		0		0.592325		291.942		
00:00:15:599		6.57685e+06		161.318		108.864		0		0.582496		292.117		
00:00:15:449		6.57995e+06		160.222		107.481		0		0.572657		292.251		
00:00:15:449		6.57995e+06		160.222		107.481		0		0.572657		292.251		
00:00:15:349		6.58205e+06		160.222		107.481		0		0.572657		292.341		
00:00:15:250		6.58416e+06		159.124		107.481		0		0.572657		292.431		
00:00:15:150		6.5863e+06		159.124		106.078		0		0.562808		292.522		
00:00:15:050		6.58847e+06		159.124		106.078		0		0.562808		292.613		
00:00:14:949		6.59059e+06		158.023		104.655		0		0.55295		292.706		
00:00:14:849		6.59281e+06		158.023		104.655		0		0.55295		292.799		
00:00:14:750		6.59505e+06		156.92		104.655		0		0.55295		292.893		
00:00:14:650		6.59732e+06		156.92		103.213		0		0.543082		292.989		
00:00:14:550		6.59954e+06		156.92		103.213		0		0.543082		293.084		
00:00:14:449		6.60167e+06		155.814		101.751		0		0.533206		293.181		
00:00:14:449		6.60167e+06		155.814		101.751		0		0.533206		293.181		
00:00:14:250		6.60614e+06		154.705		101.751		0		0.533206		293.376		
00:00:14:150		6.60841e+06		154.705		100.27		0		0.523321		293.474		
00:00:14:150		6.60841e+06		154.705		100.27		0		0.523321		293.474		
00:00:14:050		6.6107e+06		154.705		100.27		0		0.523321		293.572		
00:00:13:849		6.61534e+06		153.594		98.7713		0		0.513427		293.769		
00:00:13:750		6.61772e+06		152.481		98.7713		0		0.513427		293.868		
00:00:13:650		6.62014e+06		152.481		97.2555		0		0.503523		293.967		
00:00:13:550		6.62244e+06		152.481		97.2555		0		0.503523		294.065		
00:00:13:449		6.62485e+06		151.365		95.7232		0		0.49361		294.164		
00:00:13:349		6.62727e+06		151.365		95.7232		0		0.49361		294.262		
00:00:13:250		6.62971e+06		150.246		95.7232		0		0.49361		294.361		
00:00:13:250		6.62971e+06		150.246		95.7232		0		0.49361		294.361		
00:00:13:150		6.63216e+06		150.246		94.1754		0		0.483688		294.459		
00:00:12:949		6.63711e+06		149.125		92.6131		0		0.473756		294.656		
00:00:12:949		6.63711e+06		149.125		92.6131		0		0.473756		294.656		
00:00:12:849		6.63962e+06		149.125		92.6131		0		0.473756		294.755		
00:00:12:750		6.64218e+06		148.001		92.6131		0		0.473756		294.853		
00:00:12:550		6.64742e+06		148.001		91.0374		0		0.463813		295.052		
00:00:12:550		6.64742e+06		148.001		91.0374		0		0.463813		295.052		
00:00:12:449		6.65003e+06		146.875		89.4496		0		0.45386		295.153		
00:00:12:349		6.65261e+06		146.875		89.4496		0		0.45386		295.254		
00:00:12:250		6.6552e+06		145.745		89.4496		0		0.45386		295.355		
00:00:12:150		6.65778e+06		145.745		87.851		0		0.443897		295.457		
00:00:12:050		6.66037e+06		145.745		87.851		0		0.443897		295.56		
00:00:11:900		6.66427e+06		144.612		86.243		0		0.433924		295.716		
00:00:11:849		6.66558e+06		144.612		86.243		0		0.433924		295.768		
00:00:11:750		6.66819e+06		143.476		86.243		0		0.433924		295.874		
00:00:11:550		6.67352e+06		143.476		84.6275		0		0.42394		296.089		
00:00:11:550		6.67352e+06		143.476		84.6275		0		0.42394		296.089		
00:00:11:300		6.68023e+06		142.336		83.0065		0		0.413945		296.363		
00:00:11:300		6.68023e+06		142.336		83.0065		0		0.413945		296.363		
00:00:11:199		6.68289e+06		141.195		81.3819		0		0.403939		296.475		
00:00:11:000		6.68817e+06		140.05		81.3819		0		0.403939		296.702		
00:00:11:000		6.68817e+06		140.05		81.3819		0		0.403939		296.702		
00:00:10:900		6.69077e+06		140.05		79.7559		0		0.393922		296.819		
00:00:10:800		6.69334e+06		140.05		79.7559		0		0.393922		296.938		
00:00:10:699		6.69588e+06		138.903		78.1301		0		0.383894		297.057		
00:00:10:500		6.70086e+06		137.754		78.1301		0		0.383894		297.297		
00:00:10:500		6.70086e+06		137.754		78.1301		0		0.383894		297.297		
00:00:10:400		6.70334e+06		137.754		76.5079		0		0.373857		297.419		
00:00:10:300		6.70579e+06		137.754		76.5079		0		0.373857		297.542		
00:00:10:199		6.7082e+06		136.603		74.893		0		0.36381		297.666		
00:00:10:099		6.71058e+06		136.603		74.893		0		0.36381		297.792		
00:00:10:000		6.7129e+06		135.45		74.893		0		0.36381		297.92		
00:00:09:900		6.71524e+06		135.45		73.2895		0		0.353755		298.049		
00:00:09:800		6.7176e+06		135.45		73.2895		0		0.353755		298.18		
00:00:09:699		6.71995e+06		134.295		71.702		0		0.343691		298.312		
00:00:09:500		6.72457e+06		133.139		71.702		0		0.343691		298.582		
00:00:09:500		6.72457e+06		133.139		71.702		0		0.343691		298.582		
00:00:09:400		6.72686e+06		133.139		70.1352		0		0.333618		298.719		
00:00:09:300		6.72912e+06		133.139		70.1352		0		0.333618		298.858		
00:00:09:199		6.73136e+06		131.982		68.594		0		0.323537		298.999		
00:00:09:099		6.73349e+06		131.982		68.594		0		0.323537		299.141		
00:00:09:000		6.7356e+06		130.824		68.594		0		0.323537		299.284		
00:00:08:900		6.73771e+06		130.824		67.0834		0		0.313448		299.429		
00:00:08:800		6.73978e+06		130.824		67.0834		0		0.313448		299.575		
00:00:08:699		6.74182e+06		129.666		65.6081		0		0.303352		299.723		
00:00:08:500		6.74579e+06		128.509		65.6081		0		0.303352		300.025		
00:00:08:500		6.74579e+06		128.509		65.6081		0		0.303352		300.025		
00:00:08:400		6.7477e+06		128.509		64.1719		0		0.293248		300.179		
00:00:08:300		6.74958e+06		128.509		64.1719		0		0.293248		300.335		
00:00:08:199		6.75143e+06		127.352		62.7765		0		0.283138		300.493		
00:00:08:099		6.75328e+06		127.352		62.7765		0		0.283138		300.65		
00:00:08:000		6.75517e+06		126.197		62.7765		0		0.283138		300.807		
00:00:07:900		6.75718e+06		126.197		61.4188		0		0.27302		300.967		
00:00:07:750		6.76014e+06		125.044		61.4188		0		0.27302		301.211		
00:00:07:700		6.76112e+06		125.044		60.0851		0		0.262895		301.294		
00:00:07:500		6.76482e+06		123.893		60.0851		0		0.262895		301.628		
00:00:07:500		6.76482e+06		123.893		60.0851		0		0.262895		301.628		
00:00:07:400		6.76658e+06		123.893		58.7677		0		0.252764		301.799		
00:00:07:299		6.76831e+06		123.893		58.7677		0		0.252764		301.972		
00:00:07:200		6.77e+06		122.746		57.4676		0		0.242626		302.146		
00:00:07:099		6.77165e+06		122.746		57.4676		0		0.242626		302.322		
00:00:07:000		6.77325e+06		121.604		57.4676		0		0.242626		302.5		
00:00:06:900		6.77479e+06		121.604		56.186		0		0.232483		302.68		
00:00:06:799		6.77697e+06		120.468		56.186		0		0.232483		302.953		
00:00:06:599		6.77892e+06		120.468		54.9238		0		0.222336		303.231		
00:00:06:450		6.78072e+06		119.338		53.6823		0		0.212184		303.511		
00:00:06:450		6.78072e+06		119.338		53.6823		0		0.212184		303.511		
00:00:06:349		6.78182e+06		119.338		53.6823		0		0.212184		303.699		
00:00:06:250		6.78284e+06		118.217		53.6823		0		0.212184		303.89		
00:00:06:150		6.78379e+06		118.217		52.4626		0		0.202029		304.082		
00:00:06:049		6.78466e+06		118.217		52.4626		0		0.202029		304.276		
00:00:05:950		6.78545e+06		117.105		51.2659		0		0.191872		304.472		
00:00:05:849		6.78617e+06		117.105		51.2659		0		0.191872		304.67		
00:00:05:750		6.78682e+06		116.005		51.2659		0		0.191872		304.87		
00:00:05:549		6.7879e+06		116.005		50.0937		0		0.181712		305.272		
00:00:05:450		6.78833e+06		114.918		48.9472		0		0.171551		305.475		
00:00:05:450		6.78833e+06		114.918		48.9472		0		0.171551		305.475		
00:00:05:450		6.78833e+06		114.918		48.9472		0		0.171551		305.475		
00:00:05:349		6.78871e+06		114.918		48.9472		0		0.171551		305.679		
00:00:05:150		6.78926e+06		113.845		47.8281		0		0.16139		306.085		
00:00:05:049		6.78943e+06		113.845		47.8281		0		0.16139		306.29		
00:00:05:049		6.78943e+06		113.845		47.8281		0		0.16139		306.29		
00:00:04:950		6.78954e+06		112.789		46.7381		0		0.151229		306.495		
00:00:04:849		6.78958e+06		112.789		46.7381		0		0.151229		306.701		
00:00:04:650		6.78947e+06		111.752		45.6793		0		0.141069		307.113		
00:00:04:549		6.78935e+06		111.752		45.6793		0		0.141069		307.317		
00:00:04:549		6.78935e+06		111.752		45.6793		0		0.141069		307.317		
00:00:04:450		6.78921e+06		110.736		44.6548		0		0.13091		307.521		
00:00:04:349		6.78913e+06		110.736		44.6548		0		0.13091		307.723		
00:00:04:250		6.78924e+06		109.743		44.6548		0		0.13091		307.92		
00:00:04:150		6.78983e+06		109.743		43.6695		0		0.120747		308.114		
00:00:04:049		6.7914e+06		109.743		43.6695		0		0.120747		308.302		
00:00:03:950		6.79412e+06		108.777		42.7321		0		0.110579		308.484		
00:00:03:850		6.79638e+06		108.777		42.7321		0		0.110579		308.656		
00:00:03:750		6.7982e+06		107.84		42.7321		0		0.110579		308.821		
00:00:03:549		6.80059e+06		107.84		41.8508		0		0.100409		309.122		
00:00:03:549		6.80059e+06		107.84		41.8508		0		0.100409		309.122		
00:00:03:450		6.80115e+06		106.935		41.0273		0		0.0902416		309.255		
00:00:03:299		6.80104e+06		106.935		41.0273		0		0.0902416		309.428		
00:00:03:200		6.80002e+06		106.066		40.263		0		0.0800964		309.524		
00:00:03:100		6.79693e+06		106.066		40.263		0		0.0800964		309.604		
00:00:03:000		6.78917e+06		105.238		40.263		0		0.0800964		309.67		
00:00:02:899		6.77148e+06		105.238		39.5582		0		0.0700907		309.72		
00:00:02:850		6.75623e+06		105.238		39.5582		0		0.0700907		309.74		
00:00:02:750		6.70996e+06		104.453		39.5582		0		0.0700907		309.772		
00:00:02:549		6.64901e+06		104.453		38.9124		0		0.0601552		309.81		
00:00:02:549		6.64901e+06		104.453		38.9124		0		0.0601552		309.81		
00:00:02:450		6.62667e+06		103.717		38.3255		0		0.0502151		309.821		
00:00:02:299		6.62973e+06		103.717		38.3255		0		0.0502151		309.832		
00:00:02:200		6.63879e+06		103.031		37.7978		0		0.0402478		309.837		
00:00:02:100		6.64661e+06		103.031		37.7978		0		0.0402478		309.84		
00:00:02:000		6.65276e+06		102.402		37.7978		0		0.0402478		309.842		
00:00:01:899		6.65842e+06		102.402		37.3299		0		0.0302554		309.843		
00:00:01:800		6.66467e+06		102.402		37.3299		0		0.0302554		309.844		
00:00:01:699		6.67153e+06		101.832		36.9224		0		0.0202315		309.845		
00:00:01:500		6.68747e+06		101.334		36.9224		0		0.0202315		309.846		
00:00:01:500		6.68747e+06		101.334		36.9224		0		0.0202315		309.846		
00:00:01:399		6.69726e+06		101.334		36.5812		0		0.0101617		309.846		
00:00:01:300		6.70914e+06		101.334		36.5812		0		0.0101617		309.846		
00:00:01:199		6.72442e+06		100.831		36.3825		0		0		309.846		
00:00:01:100		6.74543e+06		100.831		36.3825		0		0		309.846		
00:00:01:000		6.77709e+06		100.069		36.3825		0		0		309.846		
00:00:00:900		6.83119e+06		100.069		36.3828		0		0		309.846		
00:00:00:800		6.83118e+06		100.069		36.3828		0		0		309.846		
00:00:00:699		6.83118e+06		100.069		36.3831		0		0		309.846		
00:00:00:500		6.83117e+06		100.069		36.3831		0		0		309.846		
00:00:00:500		6.83117e+06		100.069		36.3831		0		0		309.846		
00:00:00:400		6.83117e+06		100.069		36.3834		0		0		309.846		
00:00:00:299		6.83116e+06		100.069		36.3834		0		0		309.846		
00:00:00:200		6.83116e+06		100.069		36.3837		0		0		309.846		
00:00:00:100		6.83116e+06		100.069		36.3837		0		0		309.846		
00:00:00:000		6.83115e+06		100.069		36.3837		0		0		309.846		
00:00:00:000		6.83115e+06		100.069		36.3837		0		0		309.846		
00:00:00:000		6.83115e+06		100.069		36.3837		0		0		309.846		
00:00:00:000		6.83115e+06		100.069		36.3837		0		0		309.846		
00:00:00:000		6.83115e+06		100.069		36.3837		0		0		309.846		
00:00:00:000		6.83115e+06		100.069		36.3837		0		0		309.846		
