	time 		gpv001pnt10113ppntm	evf507ety101mpzoyout	chtcon(1)	chavg(1)	chlhsumpa	rcptavgn	
00:01:02:149		7.00021e+06		141.643		109.738		0		0.381385		291.499		
00:01:02:049		6.99962e+06		141.643		109.738		0		0.381385		291.534		
00:01:01:850		6.99847e+06		141.469		109.492		0		0.379772		291.605		
00:01:01:850		6.99847e+06		141.469		109.492		0		0.379772		291.605		
00:01:01:750		6.99790e+06		141.295		109.492		0		0.379772		291.641		
00:01:01:649		6.99736e+06		141.295		109.244		0		0.37816		291.678		
00:01:01:549		6.99684e+06		141.295		109.244		0		0.37816		291.715		
00:01:01:450		6.99624e+06		141.121		108.995		0		0.376548		291.752		
00:01:01:350		6.99569e+06		141.121		108.995		0		0.376548		291.79		
00:01:01:200		6.99488e+06		140.947		108.744		0		0.374936		291.848		
00:01:01:149		6.99462e+06		140.947		108.744		0		0.374936		291.868		
00:01:01:049		6.99408e+06		140.947		108.744		0		0.374936		291.907		
00:01:00:850		6.99303e+06		140.773		108.492		0		0.373325		291.988		
00:01:00:850		6.99303e+06		140.773		108.492		0		0.373325		291.988		
00:01:00:750		6.99251e+06		140.599		108.492		0		0.373325		292.029		
00:01:00:649		6.99197e+06		140.599		108.238		0		0.371714		292.07		
00:01:00:500		6.99119e+06		140.425		108.238		0		0.371714		292.133		
00:01:00:399		6.99067e+06		140.425		107.983		0		0.370103		292.176		
00:01:00:299		6.99016e+06		140.425		107.983		0		0.370103		292.219		
00:01:00:200		6.98964e+06		140.251		107.726		0		0.368492		292.262		
00:01:00:100		6.98913e+06		140.251		107.726		0		0.368492		292.306		
00:01:00:000		6.98861e+06		140.077		107.726		0		0.368492		292.35		
00:00:59:850		6.98784e+06		140.077		107.468		0		0.366882		292.418		
00:00:59:850		6.98784e+06		140.077		107.468		0		0.366882		292.418		
00:00:59:750		6.98733e+06		139.903		107.468		0		0.366882		292.463		
00:00:59:649		6.98683e+06		139.903		107.208		0		0.365272		292.51		
00:00:59:549		6.98634e+06		139.903		107.208		0		0.365272		292.557		
00:00:59:450		6.98588e+06		139.73		106.948		0		0.363662		292.604		
00:00:59:350		6.9854e+06		139.73		106.948		0		0.363662		292.652		
00:00:59:250		6.98488e+06		139.556		106.948		0		0.363662		292.701		
00:00:59:149		6.98437e+06		139.556		106.686		0		0.362053		292.75		
00:00:58:950		6.98345e+06		139.382		106.422		0		0.360443		292.851		
00:00:58:850		6.98303e+06		139.382		106.422		0		0.360443		292.902		
00:00:58:850		6.98303e+06		139.382		106.422		0		0.360443		292.902		
00:00:58:750		6.98264e+06		139.208		106.422		0		0.360443		292.955		
00:00:58:750		6.98264e+06		139.208		106.422		0		0.360443		292.955		
00:00:58:649		6.98228e+06		139.208		106.158		0		0.358834		293.008		
00:00:58:549		6.98195e+06		139.208		106.158		0		0.358834		293.062		
00:00:58:450		6.98164e+06		139.034		105.892		0		0.357225		293.116		
00:00:58:350		6.98136e+06		139.034		105.892		0		0.357225		293.171		
00:00:58:200		6.981e+06		138.86		105.625		0		0.355616		293.255		
00:00:58:100		6.98079e+06		138.86		105.625		0		0.355616		293.313		
00:00:57:899		6.98047e+06		138.687		105.357		0		0.354007		293.429		
00:00:57:899		6.98047e+06		138.687		105.357		0		0.354007		293.429		
00:00:57:850		6.98034e+06		138.687		105.357		0		0.354007		293.489		
00:00:57:700		6.98024e+06		138.513		105.088		0		0.352398		293.549		
00:00:57:600		6.98018e+06		138.513		105.088		0		0.352398		293.61		
00:00:57:500		6.98014e+06		138.339		105.088		0		0.352398		293.671		
00:00:57:399		6.98014e+06		138.339		104.818		0		0.35079		293.732		
00:00:57:200		6.98021e+06		138.165		104.547		0		0.349181		293.858		
00:00:57:200		6.98021e+06		138.165		104.547		0		0.349181		293.858		
00:00:57:100		6.98028e+06		138.165		104.547		0		0.349181		293.923		
00:00:57:000		6.98039e+06		137.991		104.547		0		0.349181		293.988		
00:00:56:899		6.98056e+06		137.991		104.275		0		0.347572		294.053		
00:00:56:799		6.98074e+06		137.991		104.275		0		0.347572		294.12		
00:00:56:700		6.98095e+06		137.817		104.003		0		0.345963		294.187		
00:00:56:600		6.98117e+06		137.817		104.003		0		0.345963		294.256		
00:00:56:500		6.98142e+06		137.643		104.003		0		0.345963		294.324		
00:00:56:399		6.98169e+06		137.643		103.729		0		0.344353		294.393		
00:00:56:299		6.98198e+06		137.643		103.729		0		0.344353		294.463		
00:00:56:200		6.98228e+06		137.469		103.455		0		0.342744		294.533		
00:00:56:100		6.98261e+06		137.469		103.455		0		0.342744		294.603		
00:00:56:000		6.98296e+06		137.296		103.455		0		0.342744		294.674		
00:00:55:899		6.98333e+06		137.296		103.18		0		0.341134		294.744		
00:00:55:799		6.98373e+06		137.296		103.18		0		0.341134		294.815		
00:00:55:700		6.98414e+06		137.122		102.904		0		0.339524		294.885		
00:00:55:600		6.98457e+06		137.122		102.904		0		0.339524		294.955		
00:00:55:500		6.98502e+06		136.948		102.904		0		0.339524		295.025		
00:00:55:399		6.98549e+06		136.948		102.627		0		0.337914		295.094		
00:00:55:299		6.986e+06		136.948		102.627		0		0.337914		295.163		
00:00:55:200		6.98652e+06		136.774		102.35		0		0.336303		295.232		
00:00:55:049		6.98732e+06		136.774		102.35		0		0.336303		295.334		
00:00:54:950		6.98786e+06		136.599		102.072		0		0.334692		295.402		
00:00:54:850		6.98842e+06		136.599		102.072		0		0.334692		295.469		
00:00:54:750		6.98902e+06		136.425		102.072		0		0.334692		295.537		
00:00:54:649		6.98962e+06		136.425		101.793		0		0.333081		295.604		
00:00:54:549		6.99023e+06		136.425		101.793		0		0.333081		295.672		
00:00:54:450		6.99085e+06		136.251		101.514		0		0.33147		295.74		
00:00:54:350		6.99146e+06		136.251		101.514		0		0.33147		295.808		
00:00:54:250		6.99208e+06		136.077		101.514		0		0.33147		295.876		
00:00:54:149		6.99269e+06		136.077		101.235		0		0.329858		295.945		
00:00:54:049		6.99332e+06		136.077		101.235		0		0.329858		296.014		
00:00:53:950		6.99395e+06		135.903		100.954		0		0.328246		296.083		
00:00:53:850		6.99456e+06		135.903		100.954		0		0.328246		296.153		
00:00:53:750		6.99515e+06		135.728		100.954		0		0.328246		296.223		
00:00:53:649		6.99574e+06		135.728		100.671		0		0.326633		296.294		
00:00:53:549		6.99635e+06		135.728		100.671		0		0.326633		296.365		
00:00:53:450		6.99696e+06		135.554		100.384		0		0.325021		296.436		
00:00:53:350		6.99761e+06		135.554		100.384		0		0.325021		296.508		
00:00:53:250		6.99826e+06		135.38		100.384		0		0.325021		296.58		
00:00:53:250		6.99826e+06		135.38		100.384		0		0.325021		296.58		
00:00:53:049		6.99948e+06		135.38		100.096		0		0.323408		296.725		
00:00:52:950		7.00007e+06		135.205		99.804		0		0.321794		296.8		
00:00:52:850		7.00065e+06		135.205		99.804		0		0.321794		296.877		
00:00:52:750		7.00119e+06		135.031		99.804		0		0.321794		296.954		
00:00:52:649		7.0017e+06		135.031		99.5097		0		0.320181		297.032		
00:00:52:649		7.0017e+06		135.031		99.5097		0		0.320181		297.032		
00:00:52:549		7.00213e+06		135.031		99.5097		0		0.320181		297.111		
00:00:52:450		7.00248e+06		134.856		99.2126		0		0.318567		297.191		
00:00:52:350		7.00277e+06		134.856		99.2126		0		0.318567		297.273		
00:00:52:200		7.00312e+06		134.682		98.9126		0		0.316954		297.397		
00:00:52:100		7.00327e+06		134.682		98.9126		0		0.316954		297.481		
00:00:51:899		7.00337e+06		134.507		98.6098		0		0.31534		297.653		
00:00:51:799		7.00336e+06		134.507		98.6098		0		0.31534		297.741		
00:00:51:799		7.00336e+06		134.507		98.6098		0		0.31534		297.741		
00:00:51:700		7.00334e+06		134.333		98.3041		0		0.313727		297.83		
00:00:51:600		7.00327e+06		134.333		98.3041		0		0.313727		297.919		
00:00:51:500		7.00316e+06		134.158		98.3041		0		0.313727		298.009		
00:00:51:399		7.00299e+06		134.158		97.9955		0		0.312113		298.1		
00:00:51:299		7.00278e+06		134.158		97.9955		0		0.312113		298.193		
00:00:51:200		7.0025e+06		133.984		97.6839		0		0.310501		298.288		
00:00:51:100		7.00218e+06		133.984		97.6839		0		0.310501		298.384		
00:00:50:899		7.00135e+06		133.809		97.3695		0		0.308888		298.582		
00:00:50:899		7.00135e+06		133.809		97.3695		0		0.308888		298.582		
00:00:50:799		7.00084e+06		133.809		97.3695		0		0.308888		298.684		
00:00:50:700		7.00028e+06		133.635		97.0521		0		0.307276		298.787		
00:00:50:600		6.99965e+06		133.635		97.0521		0		0.307276		298.892		
00:00:50:500		6.99897e+06		133.46		97.0521		0		0.307276		298.999		
00:00:50:399		6.99821e+06		133.46		96.7318		0		0.305664		299.108		
00:00:50:299		6.99737e+06		133.46		96.7318		0		0.305664		299.219		
00:00:50:200		6.99647e+06		133.286		96.4087		0		0.304054		299.332		
00:00:50:100		6.9955e+06		133.286		96.4087		0		0.304054		299.446		
00:00:50:000		6.99446e+06		133.112		96.4087		0		0.304054		299.563		
00:00:49:899		6.99332e+06		133.112		96.0827		0		0.302443		299.681		
00:00:49:799		6.99212e+06		133.112		96.0827		0		0.302443		299.801		
00:00:49:700		6.99083e+06		132.938		95.754		0		0.300834		299.922		
00:00:49:600		6.98946e+06		132.938		95.754		0		0.300834		300.046		
00:00:49:450		6.98728e+06		132.763		95.4226		0		0.299226		300.236		
00:00:49:350		6.98579e+06		132.763		95.4226		0		0.299226		300.366		
00:00:49:250		6.98432e+06		132.589		95.4226		0		0.299226		300.497		
00:00:49:200		6.98355e+06		132.589		95.0885		0		0.297619		300.564		
00:00:49:100		6.98191e+06		132.589		95.0885		0		0.297619		300.698		
00:00:48:899		6.9783e+06		132.415		94.752		0		0.296013		300.968		
00:00:48:899		6.9783e+06		132.415		94.752		0		0.296013		300.968		
00:00:48:799		6.97632e+06		132.415		94.752		0		0.296013		301.107		
00:00:48:649		6.97311e+06		132.242		94.413		0		0.294409		301.32		
00:00:48:549		6.97084e+06		132.242		94.413		0		0.294409		301.465		
00:00:48:450		6.96844e+06		132.068		94.0712		0		0.292806		301.613		
00:00:48:350		6.96593e+06		132.068		94.0712		0		0.292806		301.763		
00:00:48:250		6.96331e+06		131.894		94.0712		0		0.292806		301.917		
00:00:48:149		6.96058e+06		131.894		93.7268		0		0.291205		302.072		
00:00:48:049		6.95767e+06		131.894		93.7268		0		0.291205		302.23		
00:00:47:950		6.9547e+06		131.721		93.3797		0		0.289606		302.39		
00:00:47:850		6.95161e+06		131.721		93.3797		0		0.289606		302.552		
00:00:47:750		6.94837e+06		131.547		93.3797		0		0.289606		302.717		
00:00:47:649		6.94506e+06		131.547		93.0298		0		0.288009		302.884		
00:00:47:549		6.94166e+06		131.547		93.0298		0		0.288009		303.054		
00:00:47:450		6.93811e+06		131.374		92.6772		0		0.286414		303.224		
00:00:47:350		6.93447e+06		131.374		92.6772		0		0.286414		303.396		
00:00:47:250		6.93073e+06		131.201		92.6772		0		0.286414		303.571		
00:00:47:149		6.92687e+06		131.201		92.3219		0		0.284822		303.749		
00:00:47:049		6.92291e+06		131.201		92.3219		0		0.284822		303.93		
00:00:46:950		6.91885e+06		131.028		91.9639		0		0.283232		304.113		
00:00:46:850		6.9147e+06		131.028		91.9639		0		0.283232		304.299		
00:00:46:850		6.9147e+06		131.028		91.9639		0		0.283232		304.299		
00:00:46:750		6.91048e+06		130.856		91.9639		0		0.283232		304.487		
00:00:46:649		6.9062e+06		130.856		91.6032		0		0.281645		304.676		
00:00:46:549		6.89941e+06		130.683		91.6032		0		0.281645		304.963		
00:00:46:399		6.8949e+06		130.683		91.2399		0		0.28006		305.158		
00:00:46:299		6.8901e+06		130.683		91.2399		0		0.28006		305.35		
00:00:46:200		6.88537e+06		130.511		90.8739		0		0.278478		305.544		
00:00:46:100		6.88061e+06		130.511		90.8739		0		0.278478		305.738		
00:00:45:899		6.87112e+06		130.34		90.5054		0		0.2769		306.128		
00:00:45:799		6.86632e+06		130.34		90.5054		0		0.2769		306.323		
00:00:45:799		6.86632e+06		130.34		90.5054		0		0.2769		306.323		
00:00:45:700		6.86137e+06		130.168		90.1342		0		0.275324		306.518		
00:00:45:600		6.85606e+06		130.168		90.1342		0		0.275324		306.713		
00:00:45:500		6.85069e+06		129.997		90.1342		0		0.275324		306.906		
00:00:45:399		6.8453e+06		129.997		89.7606		0		0.273751		307.096		
00:00:45:299		6.84078e+06		129.997		89.7606		0		0.273751		307.282		
00:00:45:200		6.83618e+06		129.826		89.3845		0		0.272181		307.463		
00:00:45:100		6.83108e+06		129.826		89.3845		0		0.272181		307.639		
00:00:45:000		6.825e+06		129.655		89.3845		0		0.272181		307.808		
00:00:44:899		6.81852e+06		129.655		89.0061		0		0.270615		307.968		
00:00:44:799		6.81170e+06		129.655		89.0061		0		0.270615		308.119		
00:00:44:700		6.80464e+06		129.485		88.6254		0		0.269053		308.257		
00:00:44:600		6.79767e+06		129.485		88.6254		0		0.269053		308.383		
00:00:44:500		6.78993e+06		129.316		88.6254		0		0.269053		308.494		
00:00:44:399		6.78280e+06		129.316		88.2426		0		0.267495		308.59		
00:00:44:299		6.77618e+06		129.316		88.2426		0		0.267495		308.67		
00:00:44:200		6.76818e+06		129.146		87.8577		0		0.265946		308.735		
00:00:44:049		6.73782e+06		129.146		87.8577		0		0.265946		308.807		
00:00:44:000		6.71469e+06		128.978		87.8577		0		0.265946		308.825		
00:00:43:850		6.66695e+06		128.978		87.4707		0		0.264414		308.865		
00:00:43:750		6.644e+06		128.811		87.4707		0		0.264414		308.883		
00:00:43:649		6.62747e+06		128.811		87.0814		0		0.262886		308.895		
00:00:43:549		6.62536e+06		128.811		87.0814		0		0.262886		308.905		
00:00:43:450		6.62872e+06		128.645		86.6901		0		0.261358		308.912		
00:00:43:350		6.63073e+06		128.645		86.6901		0		0.261358		308.917		
00:00:43:250		6.63100e+06		128.478		86.6901		0		0.261358		308.919		
00:00:43:149		6.63128e+06		128.478		86.2968		0		0.259829		308.92		
00:00:43:100		6.63142e+06		128.478		86.2968		0		0.259829		308.921		
00:00:43:000		6.6317e+06		128.312		86.2968		0		0.259829		308.922		
00:00:42:899		6.63198e+06		128.312		85.9017		0		0.258301		308.922		
00:00:42:799		6.63226e+06		128.312		85.9017		0		0.258301		308.923		
00:00:42:700		6.63254e+06		128.145		85.505		0		0.256772		308.924		
00:00:42:549		6.63296e+06		128.145		85.505		0		0.256772		308.925		
00:00:42:450		6.63324e+06		127.978		85.107		0		0.255243		308.926		
00:00:42:350		6.63352e+06		127.978		85.107		0		0.255243		308.927		
00:00:42:250		6.6338e+06		127.812		85.107		0		0.255243		308.927		
00:00:42:149		6.63408e+06		127.812		84.7077		0		0.253714		308.928		
00:00:42:049		6.63436e+06		127.812		84.7077		0		0.253714		308.928		
00:00:41:950		6.63464e+06		127.645		84.3075		0		0.252185		308.929		
00:00:41:850		6.63493e+06		127.645		84.3075		0		0.252185		308.93		
00:00:41:750		6.63522e+06		127.478		84.3075		0		0.252185		308.931		
00:00:41:649		6.6355e+06		127.478		83.9066		0		0.250655		308.931		
00:00:41:549		6.63579e+06		127.478		83.9066		0		0.250655		308.932		
00:00:41:450		6.63579e+06		127.478		83.9066		0		0.250655		308.932		
00:00:41:450		6.63607e+06		127.311		83.5054		0		0.249126		308.933		
00:00:41:250		6.63665e+06		127.145		83.5054		0		0.249126		308.935		
00:00:41:149		6.63693e+06		127.145		83.104		0		0.247596		308.937		
00:00:41:049		6.63722e+06		127.145		83.104		0		0.247596		308.938		
00:00:41:049		6.63722e+06		127.145		83.104		0		0.247596		308.938		
00:00:40:799		6.63795e+06		126.978		82.7029		0		0.246066		308.941		
00:00:40:799		6.63795e+06		126.978		82.7029		0		0.246066		308.941		
00:00:40:700		6.63824e+06		126.811		82.3023		0		0.244536		308.942		
00:00:40:600		6.63852e+06		126.811		82.3023		0		0.244536		308.944		
00:00:40:500		6.63882e+06		126.644		82.3023		0		0.244536		308.945		
00:00:40:399		6.6391e+06		126.644		81.9026		0		0.243005		308.946		
00:00:40:350		6.63925e+06		126.644		81.9026		0		0.243005		308.947		
00:00:40:250		6.63954e+06		126.477		81.9026		0		0.243005		308.948		
00:00:39:899		6.64057e+06		126.311		81.1075		0		0.239944		308.953		
00:00:39:899		6.64057e+06		126.311		81.1075		0		0.239944		308.953		
00:00:39:799		6.64087e+06		126.311		81.1075		0		0.239944		308.954		
00:00:39:799		6.64087e+06		126.311		81.1075		0		0.239944		308.954		
00:00:39:700		6.64116e+06		126.144		80.7129		0		0.238413		308.956		
00:00:39:600		6.64145e+06		126.144		80.7129		0		0.238413		308.957		
00:00:39:500		6.64175e+06		125.977		80.7129		0		0.238413		308.958		
00:00:39:399		6.64204e+06		125.977		80.3207		0		0.236882		308.959		
00:00:39:299		6.64234e+06		125.977		80.3207		0		0.236882		308.961		
00:00:39:200		6.64264e+06		125.81		79.9315		0		0.235351		308.962		
00:00:39:100		6.64294e+06		125.81		79.9315		0		0.235351		308.963		
00:00:39:000		6.64324e+06		125.643		79.9315		0		0.235351		308.964		
00:00:38:899		6.64353e+06		125.643		79.5456		0		0.23382		308.965		
00:00:38:799		6.64383e+06		125.643		79.5456		0		0.23382		308.966		
00:00:38:700		6.64428e+06		125.477		79.1636		0		0.232288		308.968		
00:00:38:600		6.64444e+06		125.477		79.1636		0		0.232288		308.969		
00:00:38:500		6.64474e+06		125.31		79.1636		0		0.232288		308.97		
00:00:38:399		6.64504e+06		125.31		78.7857		0		0.230757		308.971		
00:00:38:299		6.64535e+06		125.31		78.7857		0		0.230757		308.972		
00:00:38:149		6.64579e+06		125.143		78.4126		0		0.229225		308.974		
00:00:38:049		6.64609e+06		125.143		78.4126		0		0.229225		308.975		
00:00:37:950		6.64641e+06		124.976		78.0447		0		0.227693		308.976		
00:00:37:850		6.64671e+06		124.976		78.0447		0		0.227693		308.977		
00:00:37:750		6.64702e+06		124.809		78.0447		0		0.227693		308.978		
00:00:37:649		6.64733e+06		124.809		77.6824		0		0.22616		308.98		
00:00:37:549		6.64763e+06		124.809		77.6824		0		0.22616		308.981		
00:00:37:450		6.64794e+06		124.642		77.3261		0		0.224628		308.982		
00:00:37:350		6.64825e+06		124.642		77.3261		0		0.224628		308.984		
00:00:37:299		6.64841e+06		124.642		77.3261		0		0.224628		308.984		
00:00:37:200		6.64887e+06		124.476		76.9764		0		0.223095		308.986		
00:00:37:049		6.64917e+06		124.476		76.9764		0		0.223095		308.988		
00:00:36:950		6.64948e+06		124.309		76.6335		0		0.221563		308.989		
00:00:36:850		6.6498e+06		124.309		76.6335		0		0.221563		308.991		
00:00:36:750		6.65011e+06		124.142		76.6335		0		0.221563		308.992		
00:00:36:649		6.65042e+06		124.142		76.2977		0		0.22003		308.994		
00:00:36:549		6.65073e+06		124.142		76.2977		0		0.22003		308.995		
00:00:36:450		6.65105e+06		123.975		75.969		0		0.218496		308.996		
00:00:36:350		6.65137e+06		123.975		75.969		0		0.218496		308.998		
00:00:36:250		6.65168e+06		123.808		75.969		0		0.218496		308.999		
00:00:36:149		6.652e+06		123.808		75.6458		0		0.216963		309		
00:00:36:049		6.65232e+06		123.808		75.6458		0		0.216963		309.002		
00:00:35:950		6.65263e+06		123.641		75.3224		0		0.21543		309.003		
00:00:35:850		6.65294e+06		123.641		75.3224		0		0.21543		309.004		
00:00:35:750		6.65326e+06		123.474		75.3224		0		0.21543		309.006		
00:00:35:649		6.65358e+06		123.474		74.9988		0		0.213896		309.007		
00:00:35:549		6.6539e+06		123.474		74.9988		0		0.213896		309.008		
00:00:35:450		6.65422e+06		123.307		74.675		0		0.212362		309.009		
00:00:35:350		6.65454e+06		123.307		74.675		0		0.212362		309.011		
00:00:35:250		6.65487e+06		123.14		74.675		0		0.212362		309.012		
00:00:35:149		6.65519e+06		123.14		74.351		0		0.210828		309.013		
00:00:35:049		6.65551e+06		123.14		74.351		0		0.210828		309.014		
00:00:34:950		6.65583e+06		122.973		74.0267		0		0.209293		309.015		
00:00:34:850		6.65615e+06		122.973		74.0267		0		0.209293		309.016		
00:00:34:750		6.65648e+06		122.806		74.0267		0		0.209293		309.017		
00:00:34:649		6.65681e+06		122.806		73.7022		0		0.207759		309.019		
00:00:34:549		6.65713e+06		122.806		73.7022		0		0.207759		309.02		
00:00:34:549		6.65713e+06		122.806		73.7022		0		0.207759		309.02		
00:00:34:450		6.65745e+06		122.639		73.3775		0		0.206224		309.021		
00:00:34:250		6.6581e+06		122.471		73.3775		0		0.206224		309.023		
00:00:34:250		6.6581e+06		122.471		73.3775		0		0.206224		309.023		
00:00:34:149		6.65842e+06		122.471		73.0525		0		0.204689		309.024		
00:00:34:049		6.65875e+06		122.471		73.0525		0		0.204689		309.025		
00:00:33:799		6.65958e+06		122.304		72.7273		0		0.203154		309.029		
00:00:33:799		6.65958e+06		122.304		72.7273		0		0.203154		309.029		
00:00:33:700		6.65991e+06		122.137		72.4019		0		0.201619		309.03		
00:00:33:549		6.6604e+06		122.137		72.4019		0		0.201619		309.033		
00:00:33:549		6.6604e+06		122.137		72.4019		0		0.201619		309.033		
00:00:33:450		6.66072e+06		121.969		72.0763		0		0.200084		309.035		
00:00:33:299		6.66122e+06		121.969		72.0763		0		0.200084		309.037		
00:00:33:100		6.66188e+06		121.802		71.7504		0		0.198548		309.041		
00:00:33:100		6.66188e+06		121.802		71.7504		0		0.198548		309.041		
00:00:33:000		6.66222e+06		121.635		71.7504		0		0.198548		309.042		
00:00:32:799		6.66288e+06		121.635		71.4244		0		0.197012		309.046		
00:00:32:799		6.66288e+06		121.635		71.4244		0		0.197012		309.046		
00:00:32:700		6.66322e+06		121.467		71.0981		0		0.195476		309.047		
00:00:32:600		6.66355e+06		121.467		71.0981		0		0.195476		309.049		
00:00:32:500		6.66388e+06		121.3		71.0981		0		0.195476		309.051		
00:00:32:399		6.66423e+06		121.3		70.7715		0		0.19394		309.052		
00:00:32:299		6.66455e+06		121.3		70.7715		0		0.19394		309.054		
00:00:32:200		6.66489e+06		121.133		70.4447		0		0.192404		309.056		
00:00:32:100		6.66523e+06		121.133		70.4447		0		0.192404		309.058		
00:00:31:899		6.66591e+06		120.965		70.1176		0		0.190867		309.061		
00:00:31:800		6.66624e+06		120.965		70.1176		0		0.190867		309.063		
00:00:31:800		6.66624e+06		120.965		70.1176		0		0.190867		309.063		
00:00:31:699		6.66659e+06		120.797		69.7902		0		0.18933		309.064		
00:00:31:600		6.66693e+06		120.797		69.7902		0		0.18933		309.066		
00:00:31:500		6.66727e+06		120.63		69.7902		0		0.18933		309.068		
00:00:31:399		6.66762e+06		120.63		69.4625		0		0.187793		309.069		
00:00:31:300		6.66796e+06		120.63		69.4625		0		0.187793		309.071		
00:00:31:199		6.66831e+06		120.462		69.1344		0		0.186256		309.073		
00:00:31:100		6.66865e+06		120.462		69.1344		0		0.186256		309.074		
00:00:30:899		6.66934e+06		120.294		68.806		0		0.184718		309.077		
00:00:30:800		6.66969e+06		120.294		68.806		0		0.184718		309.079		
00:00:30:800		6.66969e+06		120.294		68.806		0		0.184718		309.079		
00:00:30:699		6.67003e+06		120.126		68.4773		0		0.183181		309.081		
00:00:30:600		6.67037e+06		120.126		68.4773		0		0.183181		309.082		
00:00:30:500		6.67072e+06		119.958		68.4773		0		0.183181		309.084		
00:00:30:399		6.67107e+06		119.958		68.1483		0		0.181643		309.085		
00:00:30:300		6.67141e+06		119.958		68.1483		0		0.181643		309.087		
00:00:30:199		6.67176e+06		119.79		67.8189		0		0.180105		309.089		
00:00:30:100		6.67211e+06		119.79		67.8189		0		0.180105		309.09		
00:00:29:899		6.67282e+06		119.622		67.4893		0		0.178567		309.094		
00:00:29:800		6.67316e+06		119.622		67.4893		0		0.178567		309.096		
00:00:29:800		6.67316e+06		119.622		67.4893		0		0.178567		309.096		
00:00:29:699		6.67352e+06		119.454		67.1594		0		0.177028		309.098		
00:00:29:550		6.67404e+06		119.454		67.1594		0		0.177028		309.1		
00:00:29:500		6.67422e+06		119.286		67.1594		0		0.177028		309.101		
00:00:29:399		6.67458e+06		119.286		66.8292		0		0.175489		309.103		
00:00:29:300		6.67493e+06		119.286		66.8292		0		0.175489		309.105		
00:00:29:199		6.67528e+06		119.118		66.4987		0		0.173951		309.107		
00:00:29:100		6.67564e+06		119.118		66.4987		0		0.173951		309.109		
00:00:28:949		6.67617e+06		118.949		66.1681		0		0.172411		309.112		
00:00:28:850		6.67653e+06		118.949		66.1681		0		0.172411		309.113		
00:00:28:750		6.67689e+06		118.781		66.1681		0		0.172411		309.115		
00:00:28:649		6.67724e+06		118.781		65.8372		0		0.170872		309.117		
00:00:28:550		6.6776e+06		118.781		65.8372		0		0.170872		309.119		
00:00:28:449		6.67796e+06		118.613		65.5061		0		0.169333		309.121		
00:00:28:350		6.67832e+06		118.613		65.5061		0		0.169333		309.122		
00:00:28:250		6.67868e+06		118.445		65.5061		0		0.169333		309.124		
00:00:28:149		6.67904e+06		118.445		65.1749		0		0.167793		309.126		
00:00:28:050		6.6794e+06		118.445		65.1749		0		0.167793		309.128		
00:00:27:949		6.67977e+06		118.276		64.8435		0		0.166253		309.13		
00:00:27:850		6.68013e+06		118.276		64.8435		0		0.166253		309.131		
00:00:27:750		6.6805e+06		118.108		64.8435		0		0.166253		309.133		
00:00:27:649		6.68086e+06		118.108		64.5119		0		0.164713		309.135		
00:00:27:649		6.68086e+06		118.108		64.5119		0		0.164713		309.135		
00:00:27:449		6.6816e+06		117.939		64.1803		0		0.163172		309.138		
00:00:27:449		6.6816e+06		117.939		64.1803		0		0.163172		309.138		
00:00:27:350		6.68196e+06		117.939		64.1803		0		0.163172		309.14		
00:00:27:149		6.6827e+06		117.771		63.8485		0		0.161632		309.143		
00:00:27:149		6.6827e+06		117.771		63.8485		0		0.161632		309.143		
00:00:27:000		6.68325e+06		117.602		63.8485		0		0.161632		309.145		
00:00:26:800		6.68398e+06		117.602		63.5167		0		0.160091		309.148		
00:00:26:800		6.68398e+06		117.602		63.5167		0		0.160091		309.148		
00:00:26:699		6.68435e+06		117.433		63.1849		0		0.15855		309.15		
00:00:26:600		6.68472e+06		117.433		63.1849		0		0.15855		309.152		
00:00:26:500		6.68509e+06		117.265		63.1849		0		0.15855		309.154		
00:00:26:399		6.68547e+06		117.265		62.8531		0		0.157009		309.155		
00:00:26:300		6.68584e+06		117.265		62.8531		0		0.157009		309.157		
00:00:26:199		6.68621e+06		117.096		62.5213		0		0.155467		309.159		
00:00:26:149		6.6864e+06		117.096		62.5213		0		0.155467		309.16		
00:00:26:000		6.68696e+06		116.927		62.5213		0		0.155467		309.163		
00:00:25:800		6.6877e+06		116.927		62.1896		0		0.153925		309.168		
00:00:25:800		6.6877e+06		116.927		62.1896		0		0.153925		309.168		
00:00:25:699		6.68807e+06		116.758		61.858		0		0.152384		309.17		
00:00:25:500		6.68883e+06		116.589		61.858		0		0.152384		309.174		
00:00:25:500		6.68883e+06		116.589		61.858		0		0.152384		309.174		
00:00:25:399		6.68921e+06		116.589		61.5265		0		0.150841		309.176		
00:00:25:300		6.68959e+06		116.589		61.5265		0		0.150841		309.179		
00:00:25:199		6.68996e+06		116.42		61.1951		0		0.149299		309.181		
00:00:25:100		6.69034e+06		116.42		61.1951		0		0.149299		309.183		
00:00:24:899		6.6911e+06		116.251		60.8639		0		0.147756		309.188		
00:00:24:800		6.69148e+06		116.251		60.8639		0		0.147756		309.19		
00:00:24:800		6.69148e+06		116.251		60.8639		0		0.147756		309.19		
00:00:24:699		6.69187e+06		116.081		60.5329		0		0.146214		309.192		
00:00:24:600		6.69225e+06		116.081		60.5329		0		0.146214		309.194		
00:00:24:500		6.69263e+06		115.912		60.5329		0		0.146214		309.196		
00:00:24:399		6.69301e+06		115.912		60.2022		0		0.144671		309.199		
00:00:24:250		6.69359e+06		115.743		60.2022		0		0.144671		309.202		
00:00:24:149		6.69398e+06		115.743		59.8716		0		0.143127		309.204		
00:00:24:050		6.69436e+06		115.743		59.8716		0		0.143127		309.206		
00:00:23:949		6.69474e+06		115.574		59.5414		0		0.141584		309.209		
00:00:23:850		6.69513e+06		115.574		59.5414		0		0.141584		309.211		
00:00:23:750		6.69551e+06		115.404		59.5414		0		0.141584		309.213		
00:00:23:649		6.69589e+06		115.404		59.2115		0		0.14004		309.215		
00:00:23:550		6.69629e+06		115.404		59.2115		0		0.14004		309.217		
00:00:23:449		6.69668e+06		115.235		58.882		0		0.138496		309.219		
00:00:23:350		6.69707e+06		115.235		58.882		0		0.138496		309.221		
00:00:23:300		6.69727e+06		115.235		58.882		0		0.138496		309.222		
00:00:23:199		6.69766e+06		115.065		58.5528		0		0.136952		309.225		
00:00:23:100		6.69805e+06		115.065		58.5528		0		0.136952		309.227		
00:00:22:949		6.69864e+06		114.896		58.2241		0		0.135408		309.23		
00:00:22:850		6.69903e+06		114.896		58.2241		0		0.135408		309.232		
00:00:22:750		6.69942e+06		114.726		58.2241		0		0.135408		309.234		
00:00:22:649		6.69982e+06		114.726		57.8957		0		0.133863		309.237		
00:00:22:550		6.70021e+06		114.726		57.8957		0		0.133863		309.239		
00:00:22:449		6.70061e+06		114.556		57.5678		0		0.132318		309.241		
00:00:22:350		6.701e+06		114.556		57.5678		0		0.132318		309.244		
00:00:22:250		6.7014e+06		114.386		57.5678		0		0.132318		309.246		
00:00:22:149		6.7018e+06		114.386		57.2405		0		0.130773		309.248		
00:00:22:050		6.7022e+06		114.386		57.2405		0		0.130773		309.251		
00:00:21:949		6.7026e+06		114.217		56.9136		0		0.129228		309.253		
00:00:21:850		6.703e+06		114.217		56.9136		0		0.129228		309.256		
00:00:21:750		6.7034e+06		114.047		56.9136		0		0.129228		309.258		
00:00:21:750		6.7034e+06		114.047		56.9136		0		0.129228		309.258		
00:00:21:600		6.704e+06		114.047		56.5873		0		0.127682		309.262		
00:00:21:500		6.7044e+06		113.877		56.5873		0		0.127682		309.264		
00:00:21:399		6.70481e+06		113.877		56.2616		0		0.126136		309.267		
00:00:21:300		6.70521e+06		113.877		56.2616		0		0.126136		309.269		
00:00:21:199		6.70562e+06		113.707		55.9364		0		0.12459		309.272		
00:00:21:100		6.70603e+06		113.707		55.9364		0		0.12459		309.274		
00:00:21:050		6.70623e+06		113.707		55.9364		0		0.12459		309.275		
00:00:20:800		6.70725e+06		113.537		55.6119		0		0.123044		309.281		
00:00:20:800		6.70725e+06		113.537		55.6119		0		0.123044		309.281		
00:00:20:750		6.70745e+06		113.366		55.6119		0		0.123044		309.283		
00:00:20:600		6.70806e+06		113.366		55.2881		0		0.121497		309.286		
00:00:20:500		6.70847e+06		113.196		55.2881		0		0.121497		309.289		
00:00:20:399		6.70888e+06		113.196		54.9649		0		0.11995		309.291		
00:00:20:300		6.70931e+06		113.196		54.9649		0		0.11995		309.293		
00:00:20:199		6.70972e+06		113.026		54.6424		0		0.118403		309.296		
00:00:20:100		6.71013e+06		113.026		54.6424		0		0.118403		309.298		
00:00:20:000		6.71055e+06		112.856		54.6424		0		0.118403		309.301		
00:00:19:800		6.71138e+06		112.856		54.3207		0		0.116856		309.305		
00:00:19:699		6.7118e+06		112.685		53.9997		0		0.115308		309.307		
00:00:19:699		6.7118e+06		112.685		53.9997		0		0.115308		309.307		
00:00:19:600		6.71222e+06		112.685		53.9997		0		0.115308		309.31		
00:00:19:500		6.71263e+06		112.515		53.9997		0		0.115308		309.312		
00:00:19:399		6.71304e+06		112.515		53.6796		0		0.113761		309.314		
00:00:19:300		6.71346e+06		112.515		53.6796		0		0.113761		309.317		
00:00:19:199		6.71389e+06		112.344		53.3602		0		0.112213		309.319		
00:00:19:100		6.7143e+06		112.344		53.3602		0		0.112213		309.321		
00:00:18:899		6.71515e+06		112.174		53.0417		0		0.110664		309.326		
00:00:18:750		6.71578e+06		112.003		53.0417		0		0.110664		309.33		
00:00:18:750		6.71578e+06		112.003		53.0417		0		0.110664		309.33		
00:00:18:649		6.71621e+06		112.003		52.724		0		0.109116		309.333		
00:00:18:550		6.71663e+06		112.003		52.724		0		0.109116		309.336		
00:00:18:449		6.71706e+06		111.833		52.4073		0		0.107567		309.338		
00:00:18:350		6.71749e+06		111.833		52.4073		0		0.107567		309.341		
00:00:18:250		6.71792e+06		111.662		52.4073		0		0.107567		309.344		
00:00:18:149		6.71835e+06		111.662		52.0914		0		0.106018		309.347		
00:00:18:050		6.71877e+06		111.662		52.0914		0		0.106018		309.35		
00:00:17:850		6.71963e+06		111.491		51.7764		0		0.104469		309.356		
00:00:17:750		6.72006e+06		111.32		51.7764		0		0.104469		309.359		
00:00:17:750		6.72006e+06		111.32		51.7764		0		0.104469		309.359		
00:00:17:649		6.72049e+06		111.32		51.4624		0		0.102919		309.362		
00:00:17:550		6.72093e+06		111.32		51.4624		0		0.102919		309.365		
00:00:17:449		6.72136e+06		111.149		51.1493		0		0.101369		309.367		
00:00:17:350		6.72179e+06		111.149		51.1493		0		0.101369		309.37		
00:00:17:250		6.72223e+06		110.979		51.1493		0		0.101369		309.373		
00:00:17:149		6.72266e+06		110.979		50.8373		0		0.0998193		309.376		
00:00:17:050		6.7231e+06		110.979		50.8373		0		0.0998193		309.379		
00:00:16:949		6.72354e+06		110.808		50.5262		0		0.098269		309.382		
00:00:16:850		6.72398e+06		110.808		50.5262		0		0.098269		309.385		
00:00:16:750		6.72441e+06		110.637		50.5262		0		0.098269		309.388		
00:00:16:750		6.72441e+06		110.637		50.5262		0		0.098269		309.388		
00:00:16:550		6.72529e+06		110.637		50.2162		0		0.0967184		309.394		
00:00:16:449		6.72573e+06		110.466		49.9073		0		0.0951676		309.397		
00:00:16:350		6.72617e+06		110.466		49.9073		0		0.0951676		309.4		
00:00:16:350		6.72617e+06		110.466		49.9073		0		0.0951676		309.4		
00:00:16:250		6.72661e+06		110.295		49.9073		0		0.0951676		309.403		
00:00:16:100		6.72727e+06		110.295		49.5995		0		0.0936165		309.407		
00:00:15:949		6.72794e+06		110.123		49.2927		0		0.0920651		309.412		
00:00:15:849		6.72838e+06		110.123		49.2927		0		0.0920651		309.414		
00:00:15:849		6.72838e+06		110.123		49.2927		0		0.0920651		309.414		
00:00:15:699		6.72907e+06		109.952		48.9872		0		0.0905135		309.419		
00:00:15:599		6.72951e+06		109.952		48.9872		0		0.0905135		309.422		
00:00:15:449		6.73018e+06		109.781		48.6828		0		0.0889616		309.426		
00:00:15:449		6.73018e+06		109.781		48.6828		0		0.0889616		309.426		
00:00:15:349		6.73062e+06		109.781		48.6828		0		0.0889616		309.429		
00:00:15:250		6.73108e+06		109.61		48.6828		0		0.0889616		309.432		
00:00:15:099		6.73175e+06		109.61		48.3797		0		0.0874094		309.437		
00:00:14:900		6.73265e+06		109.439		48.0777		0		0.085857		309.443		
00:00:14:800		6.73310e+06		109.439		48.0777		0		0.085857		309.447		
00:00:14:800		6.73310e+06		109.439		48.0777		0		0.085857		309.447		
00:00:14:699		6.73356e+06		109.267		47.777		0		0.0843043		309.45		
00:00:14:599		6.73401e+06		109.267		47.777		0		0.0843043		309.453		
00:00:14:500		6.73447e+06		109.096		47.777		0		0.0843043		309.457		
00:00:14:400		6.73492e+06		109.096		47.4774		0		0.0827513		309.46		
00:00:14:300		6.73538e+06		109.096		47.4774		0		0.0827513		309.464		
00:00:14:199		6.73584e+06		108.925		47.1791		0		0.0811981		309.467		
00:00:14:099		6.73629e+06		108.925		47.1791		0		0.0811981		309.47		
00:00:14:000		6.73675e+06		108.753		47.1791		0		0.0811981		309.474		
00:00:13:800		6.73768e+06		108.753		46.882		0		0.0796446		309.481		
00:00:13:800		6.73768e+06		108.753		46.882		0		0.0796446		309.481		
00:00:13:699		6.73813e+06		108.582		46.5861		0		0.0780908		309.485		
00:00:13:599		6.7386e+06		108.582		46.5861		0		0.0780908		309.488		
00:00:13:500		6.73906e+06		108.41		46.5861		0		0.0780908		309.492		
00:00:13:400		6.73952e+06		108.41		46.2915		0		0.0765368		309.495		
00:00:13:300		6.73999e+06		108.41		46.2915		0		0.0765368		309.499		
00:00:13:150		6.74068e+06		108.239		45.998		0		0.0749824		309.505		
00:00:13:050		6.74114e+06		108.239		45.998		0		0.0749824		309.508		
00:00:12:900		6.74184e+06		108.067		45.7057		0		0.0734278		309.514		
00:00:12:800		6.74231e+06		108.067		45.7057		0		0.0734278		309.518		
00:00:12:800		6.74231e+06		108.067		45.7057		0		0.0734278		309.518		
00:00:12:699		6.74277e+06		107.896		45.4145		0		0.071873		309.522		
00:00:12:599		6.74324e+06		107.896		45.4145		0		0.071873		309.525		
00:00:12:500		6.74371e+06		107.724		45.4145		0		0.071873		309.529		
00:00:12:349		6.74442e+06		107.724		45.1246		0		0.0703178		309.535		
00:00:12:250		6.74489e+06		107.552		45.1246		0		0.0703178		309.539		
00:00:12:150		6.74536e+06		107.552		44.8359		0		0.0687624		309.543		
00:00:12:050		6.74583e+06		107.552		44.8359		0		0.0687624		309.547		
00:00:11:849		6.74679e+06		107.38		44.5485		0		0.0672067		309.555		
00:00:11:750		6.74726e+06		107.208		44.5485		0		0.0672067		309.559		
00:00:11:750		6.74726e+06		107.208		44.5485		0		0.0672067		309.559		
00:00:11:650		6.74773e+06		107.208		44.2628		0		0.0656507		309.563		
00:00:11:550		6.74821e+06		107.208		44.2628		0		0.0656507		309.567		
00:00:11:449		6.74869e+06		107.036		43.9796		0		0.0640944		309.571		
00:00:11:349		6.74917e+06		107.036		43.9796		0		0.0640944		309.576		
00:00:11:250		6.74964e+06		106.865		43.9796		0		0.0640944		309.58		
00:00:11:150		6.75013e+06		106.865		43.7011		0		0.0625378		309.584		
00:00:11:099		6.75037e+06		106.865		43.7011		0		0.0625378		309.586		
00:00:10:849		6.75158e+06		106.693		43.4275		0		0.060981		309.597		
00:00:10:750		6.75207e+06		106.521		43.4275		0		0.060981		309.601		
00:00:10:750		6.75207e+06		106.521		43.4275		0		0.060981		309.601		
00:00:10:650		6.75256e+06		106.521		43.1588		0		0.0594238		309.605		
00:00:10:550		6.75305e+06		106.521		43.1588		0		0.0594238		309.61		
00:00:10:449		6.75354e+06		106.349		42.895		0		0.0578664		309.614		
00:00:10:349		6.75402e+06		106.349		42.895		0		0.0578664		309.619		
00:00:10:250		6.75452e+06		106.177		42.895		0		0.0578664		309.623		
00:00:10:150		6.755e+06		106.177		42.6354		0		0.0563087		309.628		
00:00:10:050		6.7555e+06		106.177		42.6354		0		0.0563087		309.632		
00:00:09:949		6.75599e+06		106.005		42.3801		0		0.0547507		309.636		
00:00:09:849		6.75649e+06		106.005		42.3801		0		0.0547507		309.641		
00:00:09:750		6.757e+06		105.833		42.3801		0		0.0547507		309.645		
00:00:09:650		6.75750e+06		105.833		42.1292		0		0.0531924		309.65		
00:00:09:650		6.75750e+06		105.833		42.1292		0		0.0531924		309.65		
00:00:09:550		6.75801e+06		105.833		42.1292		0		0.0531924		309.654		
00:00:09:349		6.75901e+06		105.661		41.8829		0		0.0516337		309.663		
00:00:09:250		6.75953e+06		105.488		41.8829		0		0.0516337		309.668		
00:00:09:150		6.76003e+06		105.488		41.6412		0		0.0500748		309.672		
00:00:09:050		6.76054e+06		105.488		41.6412		0		0.0500748		309.677		
00:00:09:050		6.76054e+06		105.488		41.6412		0		0.0500748		309.677		
00:00:08:800		6.76184e+06		105.316		41.4042		0		0.0485156		309.688		
00:00:08:800		6.76184e+06		105.316		41.4042		0		0.0485156		309.688		
00:00:08:650		6.76262e+06		105.144		41.1715		0		0.0469561		309.695		
00:00:08:550		6.76314e+06		105.144		41.1715		0		0.0469561		309.699		
00:00:08:449		6.76366e+06		104.972		40.9428		0		0.0453962		309.704		
00:00:08:349		6.76419e+06		104.972		40.9428		0		0.0453962		309.708		
00:00:08:349		6.76419e+06		104.972		40.9428		0		0.0453962		309.708		
00:00:08:250		6.76471e+06		104.799		40.9428		0		0.0453962		309.712		
00:00:08:150		6.76524e+06		104.799		40.718		0		0.043836		309.717		
00:00:07:900		6.76659e+06		104.627		40.4974		0		0.0422756		309.727		
00:00:07:799		6.76713e+06		104.627		40.4974		0		0.0422756		309.731		
00:00:07:799		6.76713e+06		104.627		40.4974		0		0.0422756		309.731		
00:00:07:700		6.76767e+06		104.455		40.2808		0		0.0407148		309.736		
00:00:07:599		6.76821e+06		104.455		40.2808		0		0.0407148		309.74		
00:00:07:500		6.76876e+06		104.282		40.2808		0		0.0407148		309.744		
00:00:07:400		6.76932e+06		104.282		40.0684		0		0.0391536		309.748		
00:00:07:299		6.76986e+06		104.282		40.0684		0		0.0391536		309.752		
00:00:07:200		6.77042e+06		104.109		39.8601		0		0.0375922		309.755		
00:00:07:099		6.77097e+06		104.109		39.8601		0		0.0375922		309.759		
00:00:07:000		6.77154e+06		103.937		39.8601		0		0.0375922		309.763		
00:00:06:799		6.77267e+06		103.937		39.6561		0		0.0360304		309.77		
00:00:06:799		6.77267e+06		103.937		39.6561		0		0.0360304		309.77		
00:00:06:700		6.77325e+06		103.764		39.4562		0		0.0344682		309.774		
00:00:06:599		6.77383e+06		103.764		39.4562		0		0.0344682		309.777		
00:00:06:500		6.77441e+06		103.591		39.4562		0		0.0344682		309.781		
00:00:06:400		6.77499e+06		103.591		39.2606		0		0.0329057		309.784		
00:00:06:299		6.77558e+06		103.591		39.2606		0		0.0329057		309.788		
00:00:06:200		6.77617e+06		103.419		39.0691		0		0.0313429		309.791		
00:00:06:099		6.77675e+06		103.419		39.0691		0		0.0313429		309.794		
00:00:06:000		6.77735e+06		103.246		39.0691		0		0.0313429		309.797		
00:00:05:799		6.77856e+06		103.246		38.8818		0		0.0297797		309.803		
00:00:05:799		6.77856e+06		103.246		38.8818		0		0.0297797		309.803		
00:00:05:700		6.77916e+06		103.073		38.6987		0		0.0282161		309.806		
00:00:05:599		6.77977e+06		103.073		38.6987		0		0.0282161		309.809		
00:00:05:500		6.7804e+06		102.9		38.6987		0		0.0282161		309.811		
00:00:05:400		6.78103e+06		102.9		38.5196		0		0.0266521		309.814		
00:00:05:299		6.78165e+06		102.9		38.5196		0		0.0266521		309.816		
00:00:05:150		6.7826e+06		102.727		38.3445		0		0.0250878		309.82		
00:00:05:049		6.78323e+06		102.727		38.3445		0		0.0250878		309.822		
00:00:04:950		6.78388e+06		102.555		38.1734		0		0.0235231		309.824		
00:00:04:750		6.78516e+06		102.382		38.1734		0		0.0235231		309.829		
00:00:04:750		6.78516e+06		102.382		38.1734		0		0.0235231		309.829		
00:00:04:650		6.78581e+06		102.382		38.0062		0		0.021958		309.831		
00:00:04:599		6.78613e+06		102.382		38.0062		0		0.021958		309.832		
00:00:04:500		6.78679e+06		102.21		38.0062		0		0.021958		309.833		
00:00:04:400		6.78744e+06		102.21		37.8427		0		0.0203925		309.835		
00:00:04:250		6.78841e+06		102.038		37.8427		0		0.0203925		309.837		
00:00:04:150		6.78906e+06		102.038		37.683		0		0.0188267		309.838		
00:00:04:049		6.7897e+06		102.038		37.683		0		0.0188267		309.84		
00:00:03:850		6.79096e+06		101.866		37.5268		0		0.0172604		309.842		
00:00:03:750		6.79158e+06		101.696		37.5268		0		0.0172604		309.842		
00:00:03:750		6.79158e+06		101.696		37.5268		0		0.0172604		309.842		
00:00:03:649		6.79218e+06		101.696		37.3741		0		0.0156938		309.843		
00:00:03:549		6.79279e+06		101.696		37.3741		0		0.0156938		309.844		
00:00:03:450		6.79343e+06		101.527		37.2247		0		0.0141268		309.845		
00:00:03:350		6.7941e+06		101.527		37.2247		0		0.0141268		309.845		
00:00:03:250		6.79482e+06		101.359		37.2247		0		0.0141268		309.846		
00:00:03:149		6.79556e+06		101.359		37.0786		0		0.0125593		309.846		
00:00:03:049		6.79632e+06		101.359		37.0786		0		0.0125593		309.846		
00:00:02:850		6.7979e+06		101.193		36.9358		0		0.0109914		309.846		
00:00:02:750		6.7987e+06		101.032		36.9358		0		0.0109914		309.846		
00:00:02:750		6.7987e+06		101.032		36.9358		0		0.0109914		309.846		
00:00:02:649		6.79953e+06		101.032		36.795		0		0.00942294		309.846		
00:00:02:549		6.80038e+06		101.032		36.795		0		0.00942294		309.846		
00:00:02:549		6.80038e+06		101.032		36.795		0		0.00942294		309.846		
00:00:02:450		6.80124e+06		100.872		36.6606		0		0.00785397		309.845		
00:00:02:299		6.80255e+06		100.872		36.6606		0		0.00785397		309.845		
00:00:02:100		6.8044e+06		100.715		36.5496		0		0.00628446		309.845		
00:00:02:000		6.80533e+06		100.562		36.5496		0		0.00628446		309.845		
00:00:02:000		6.80533e+06		100.562		36.5496		0		0.00628446		309.845		
00:00:01:850		6.80676e+06		100.562		36.4707		0		0.00471441		309.845		
00:00:01:850		6.80676e+06		100.562		36.4707		0		0.00471441		309.845		
00:00:01:600		6.80927e+06		100.424		36.4184		0		0.00314374		309.846		
00:00:01:600		6.80927e+06		100.424		36.4184		0		0.00314374		309.846		
00:00:01:500		6.81033e+06		100.299		36.4184		0		0.00314374		309.846		
00:00:01:399		6.81146e+06		100.299		36.3905		0		0.00157239		309.846		
00:00:01:300		6.8127e+06		100.299		36.3905		0		0.00157239		309.846		
00:00:01:199		6.81418e+06		100.187		36.3825		0		0		309.846		
00:00:01:100		6.8161e+06		100.187		36.3825		0		0		309.846		
00:00:00:900		6.82319e+06		100.069		36.3828		0		0		309.846		
00:00:00:800		6.83118e+06		100.069		36.3828		0		0		309.846		
00:00:00:800		6.83118e+06		100.069		36.3828		0		0		309.846		
00:00:00:699		6.83118e+06		100.069		36.3831		0		0		309.846		
00:00:00:599		6.83117e+06		100.069		36.3831		0		0		309.846		
00:00:00:500		6.83117e+06		100.069		36.3831		0		0		309.846		
00:00:00:400		6.83117e+06		100.069		36.3834		0		0		309.846		
00:00:00:299		6.83116e+06		100.069		36.3834		0		0		309.846		
00:00:00:200		6.83116e+06		100.069		36.3837		0		0		309.846		
00:00:00:100		6.83115e+06		100.069		36.3837		0		0		309.846		
00:00:00:000		6.83115e+06		100.069		36.3837		0		0		309.846		
00:00:00:000		6.83115e+06		100.069		36.3837		0		0		309.846		
00:00:00:000		6.83115e+06		100.069		36.3837		0		0		309.846		
00:00:00:000		6.83115e+06		100.069		36.3837		0		0		309.846		
00:00:00:000		6.83115e+06		100.069		36.3837		0		0		309.846		
00:00:00:000		6.83115e+06		100.069		36.3837		0		0		309.846		
