	time 		gpv001pnt10113ppntm	evf507ety101mpzoyout	chtcon(1)	chavg(1)	chlhsumpa	rcptavgn	
00:01:12:549		3.75765e+06		278.751		126.96		0		3		270.347		
00:01:12:549		3.75765e+06		278.751		126.96		0		3		270.347		
00:01:12:450		3.75769e+06		278.523		126.98		0		3		270.369		
00:01:12:349		3.75773e+06		278.523		126.98		0		3		270.393		
00:01:12:250		3.75777e+06		278.294		126.98		0		3		270.418		
00:01:12:150		3.75781e+06		278.294		127.002		0		3		270.445		
00:01:12:049		3.75785e+06		278.294		127.002		0		3		270.472		
00:01:11:950		3.75789e+06		278.063		127.025		0		3		270.499		
00:01:11:849		3.75793e+06		278.063		127.025		0		3		270.524		
00:01:11:650		3.75801e+06		277.832		127.05		0		3		270.572		
00:01:11:549		3.75805e+06		277.832		127.05		0		3		270.598		
00:01:11:549		3.75805e+06		277.832		127.05		0		3		270.598		
00:01:11:450		3.75809e+06		277.598		127.077		0		3		270.623		
00:01:11:349		3.75813e+06		277.598		127.077		0		3		270.648		
00:01:11:250		3.75817e+06		277.598		127.077		0		3		270.673		
00:01:11:150		3.75821e+06		277.364		127.105		0		3		270.695		
00:01:11:049		3.75825e+06		277.364		127.105		0		3		270.716		
00:01:11:049		3.75825e+06		277.364		127.105		0		3		270.716		
00:01:10:950		3.75829e+06		277.13		127.135		0		3		270.738		
00:01:10:849		3.75833e+06		277.13		127.135		0		3		270.761		
00:01:10:549		3.75845e+06		276.895		127.167		0		3		270.836		
00:01:10:549		3.75845e+06		276.895		127.167		0		3		270.836		
00:01:10:549		3.75845e+06		276.895		127.167		0		3		270.836		
00:01:10:450		3.75849e+06		276.659		127.2		0		3		270.864		
00:01:10:349		3.75853e+06		276.659		127.2		0		3		270.892		
00:01:10:250		3.75859e+06		276.42		127.234		0		3		270.933		
00:01:10:150		3.75861e+06		276.42		127.234		0		3		270.946		
00:01:10:049		3.75865e+06		276.42		127.234		0		3		270.971		
00:01:09:950		3.75869e+06		276.182		127.269		0		3		270.994		
00:01:09:849		3.75873e+06		276.182		127.269		0		3		271.019		
00:01:09:650		3.75881e+06		275.942		127.305		0		3		271.067		
00:01:09:549		3.75885e+06		275.942		127.305		0		3		271.091		
00:01:09:549		3.75885e+06		275.942		127.305		0		3		271.091		
00:01:09:450		3.75889e+06		275.701		127.343		0		3		271.114		
00:01:09:349		3.75893e+06		275.701		127.343		0		3		271.138		
00:01:09:250		3.75897e+06		275.46		127.343		0		3		271.162		
00:01:09:099		3.75903e+06		275.46		127.382		0		3		271.202		
00:01:09:000		3.75907e+06		275.218		127.382		0		3		271.231		
00:01:08:900		3.75911e+06		275.218		127.422		0		3		271.26		
00:01:08:799		3.75915e+06		275.218		127.422		0		3		271.287		
00:01:08:599		3.75923e+06		274.974		127.464		0		3		271.337		
00:01:08:599		3.75923e+06		274.974		127.464		0		3		271.337		
00:01:08:500		3.75927e+06		274.974		127.464		0		3		271.363		
00:01:08:400		3.75931e+06		274.727		127.507		0		3		271.389		
00:01:08:299		3.75935e+06		274.727		127.507		0		3		271.415		
00:01:08:200		3.75939e+06		274.481		127.552		0		3		271.44		
00:01:08:099		3.75943e+06		274.481		127.552		0		3		271.465		
00:01:08:000		3.75947e+06		274.481		127.552		0		3		271.489		
00:01:07:900		3.75951e+06		274.232		127.598		0		3		271.511		
00:01:07:799		3.75955e+06		274.232		127.598		0		3		271.534		
00:01:07:700		3.75959e+06		273.985		127.647		0		3		271.557		
00:01:07:599		3.75964e+06		273.985		127.647		0		3		271.583		
00:01:07:500		3.75968e+06		273.985		127.647		0		3		271.61		
00:01:07:400		3.75972e+06		273.733		127.696		0		3		271.639		
00:01:07:299		3.75976e+06		273.733		127.696		0		3		271.668		
00:01:07:200		3.7598e+06		273.483		127.748		0		3		271.697		
00:01:07:099		3.75984e+06		273.483		127.748		0		3		271.725		
00:01:07:000		3.75988e+06		273.232		127.748		0		3		271.752		
00:01:06:849		3.75994e+06		273.232		127.801		0		3		271.789		
00:01:06:750		3.75998e+06		273.232		127.801		0		3		271.814		
00:01:06:650		3.76001e+06		272.979		127.857		0		3		271.84		
00:01:06:549		3.76005e+06		272.979		127.857		0		3		271.865		
00:01:06:450		3.76009e+06		272.724		127.914		0		3		271.89		
00:01:06:349		3.76013e+06		272.724		127.914		0		3		271.914		
00:01:06:250		3.76017e+06		272.724		127.914		0		3		271.936		
00:01:06:150		3.76021e+06		272.471		127.974		0		3		271.959		
00:01:06:049		3.76025e+06		272.471		127.974		0		3		271.984		
00:01:05:950		3.76029e+06		272.216		128.036		0		3		272.009		
00:01:05:849		3.76033e+06		272.216		128.036		0		3		272.038		
00:01:05:750		3.76036e+06		272.216		128.036		0		3		272.067		
00:01:05:750		3.76036e+06		272.216		128.036		0		3		272.067		
00:01:05:549		3.76044e+06		271.959		128.1		0		3		272.126		
00:01:05:549		3.76044e+06		271.959		128.1		0		3		272.126		
00:01:05:450		3.76048e+06		271.702		128.167		0		3		272.154		
00:01:05:349		3.76052e+06		271.702		128.167		0		3		272.18		
00:01:05:250		3.76056e+06		271.702		128.167		0		3		272.204		
00:01:05:150		3.7606e+06		271.443		128.237		0		3		272.229		
00:01:05:049		3.76064e+06		271.443		128.237		0		3		272.254		
00:01:04:950		3.76068e+06		271.183		128.309		0		3		272.278		
00:01:04:799		3.76074e+06		271.183		128.309		0		3		272.313		
00:01:04:599		3.76081e+06		270.922		128.385		0		3		272.358		
00:01:04:599		3.76081e+06		270.922		128.385		0		3		272.358		
00:01:04:450		3.76087e+06		270.66		128.463		0		2.99664		272.395		
00:01:04:349		3.76091e+06		270.66		128.463		0		2.99664		272.422		
00:01:04:349		3.76091e+06		270.66		128.463		0		2.99664		272.422		
00:01:04:250		3.76095e+06		270.398		128.463		0		2.99664		272.451		
00:01:04:150		3.76099e+06		270.398		128.544		0		2.98453		272.48		
00:01:04:049		3.76103e+06		270.398		128.544		0		2.98453		272.509		
00:01:03:950		3.76107e+06		270.136		128.628		0		2.9724		272.538		
00:01:03:850		3.76111e+06		270.136		128.628		0		2.9724		272.564		
00:01:03:600		3.7612e+06		269.871		128.716		0		2.96026		272.625		
00:01:03:600		3.7612e+06		269.871		128.716		0		2.96026		272.625		
00:01:03:500		3.76124e+06		269.606		128.716		0		2.96026		272.649		
00:01:03:399		3.76128e+06		269.606		128.807		0		2.94809		272.673		
00:01:03:299		3.76132e+06		269.606		128.807		0		2.94809		272.696		
00:01:03:200		3.76136e+06		269.339		128.901		0		2.93589		272.718		
00:01:03:100		3.7614e+06		269.339		128.901		0		2.93589		272.741		
00:01:03:000		3.76144e+06		269.073		128.901		0		2.93589		272.765		
00:01:02:899		3.76148e+06		269.073		128.999		0		2.92368		272.791		
00:01:02:799		3.76152e+06		269.073		128.999		0		2.92368		272.82		
00:01:02:600		3.76159e+06		268.806		129.1		0		2.91146		272.878		
00:01:02:600		3.76159e+06		268.806		129.1		0		2.91146		272.878		
00:01:02:500		3.76163e+06		268.537		129.1		0		2.91146		272.906		
00:01:02:399		3.76167e+06		268.537		129.206		0		2.89922		272.933		
00:01:02:299		3.76171e+06		268.537		129.206		0		2.89922		272.957		
00:01:02:200		3.76175e+06		268.267		129.316		0		2.88696		272.981		
00:01:02:100		3.76179e+06		268.267		129.316		0		2.88696		273.005		
00:01:02:000		3.76183e+06		267.999		129.316		0		2.88696		273.028		
00:01:01:899		3.76187e+06		267.999		129.429		0		2.87468		273.051		
00:01:01:799		3.76191e+06		267.999		129.429		0		2.87468		273.074		
00:01:01:600		3.76198e+06		267.729		129.547		0		2.86237		273.119		
00:01:01:600		3.76198e+06		267.729		129.547		0		2.86237		273.119		
00:01:01:500		3.76202e+06		267.457		129.547		0		2.86237		273.144		
00:01:01:399		3.76206e+06		267.457		129.669		0		2.85005		273.171		
00:01:01:299		3.7621e+06		267.457		129.669		0		2.85005		273.2		
00:01:01:200		3.76214e+06		267.186		129.796		0		2.83772		273.229		
00:01:01:100		3.76217e+06		267.186		129.796		0		2.83772		273.257		
00:01:01:000		3.76221e+06		266.915		129.796		0		2.83772		273.285		
00:01:00:899		3.76225e+06		266.915		129.928		0		2.82537		273.309		
00:01:00:750		3.76231e+06		266.64		129.928		0		2.82537		273.344		
00:01:00:649		3.76234e+06		266.64		130.065		0		2.813		273.367		
00:01:00:549		3.76238e+06		266.64		130.065		0		2.813		273.39		
00:01:00:450		3.76242e+06		266.366		130.207		0		2.8006		273.412		
00:01:00:350		3.76246e+06		266.366		130.207		0		2.8006		273.433		
00:01:00:350		3.76246e+06		266.366		130.207		0		2.8006		273.433		
00:01:00:149		3.76253e+06		266.09		130.354		0		2.78818		273.48		
00:01:00:049		3.76257e+06		266.09		130.354		0		2.78818		273.507		
00:01:00:000		3.76259e+06		265.814		130.354		0		2.78818		273.521		
00:01:00:000		3.76259e+06		265.814		130.354		0		2.78818		273.521		
00:00:59:899		3.76263e+06		265.814		130.506		0		2.77576		273.55		
00:00:59:700		3.76271e+06		265.537		130.665		0		2.76332		273.607		
00:00:59:600		3.76274e+06		265.537		130.665		0		2.76332		273.633		
00:00:59:600		3.76274e+06		265.537		130.665		0		2.76332		273.633		
00:00:59:500		3.76278e+06		265.261		130.665		0		2.76332		273.657		
00:00:59:399		3.76282e+06		265.261		130.829		0		2.75086		273.681		
00:00:59:299		3.76286e+06		265.261		130.829		0		2.75086		273.704		
00:00:59:200		3.7629e+06		264.983		130.999		0		2.73837		273.727		
00:00:59:049		3.76295e+06		264.983		130.999		0		2.73837		273.761		
00:00:58:950		3.76299e+06		264.707		131.175		0		2.72586		273.784		
00:00:58:850		3.76303e+06		264.707		131.175		0		2.72586		273.808		
00:00:58:649		3.7631e+06		264.428		131.358		0		2.71334		273.865		
00:00:58:549		3.76314e+06		264.428		131.358		0		2.71334		273.895		
00:00:58:549		3.76314e+06		264.428		131.358		0		2.71334		273.895		
00:00:58:450		3.76318e+06		264.149		131.547		0		2.70081		273.925		
00:00:58:350		3.76322e+06		264.149		131.547		0		2.70081		273.955		
00:00:58:250		3.76326e+06		263.871		131.547		0		2.70081		273.984		
00:00:58:149		3.76329e+06		263.871		131.744		0		2.68826		274.009		
00:00:58:049		3.76333e+06		263.871		131.744		0		2.68826		274.035		
00:00:57:950		3.76337e+06		263.592		131.947		0		2.67569		274.061		
00:00:57:850		3.76341e+06		263.592		131.947		0		2.67569		274.087		
00:00:57:750		3.76345e+06		263.31		131.947		0		2.67569		274.113		
00:00:57:649		3.76348e+06		263.31		132.158		0		2.66309		274.139		
00:00:57:549		3.76352e+06		263.31		132.158		0		2.66309		274.168		
00:00:57:450		3.76356e+06		263.03		132.376		0		2.65048		274.2		
00:00:57:350		3.7636e+06		263.03		132.376		0		2.65048		274.234		
00:00:57:250		3.76364e+06		262.749		132.376		0		2.65048		274.268		
00:00:57:149		3.76368e+06		262.749		132.602		0		2.63786		274.303		
00:00:57:049		3.76371e+06		262.749		132.602		0		2.63786		274.337		
00:00:56:950		3.76375e+06		262.467		132.836		0		2.62522		274.368		
00:00:56:850		3.76379e+06		262.467		132.836		0		2.62522		274.398		
00:00:56:750		3.76382e+06		262.185		132.836		0		2.62522		274.429		
00:00:56:649		3.76386e+06		262.185		133.077		0		2.61256		274.459		
00:00:56:549		3.7639e+06		262.185		133.077		0		2.61256		274.488		
00:00:56:450		3.76393e+06		261.902		133.328		0		2.59987		274.518		
00:00:56:350		3.76397e+06		261.902		133.328		0		2.59987		274.549		
00:00:56:250		3.76401e+06		261.62		133.587		0		2.58718		274.583		
00:00:56:100		3.76406e+06		261.62		133.587		0		2.58718		274.637		
00:00:56:000		3.7641e+06		261.338		133.587		0		2.58718		274.674		
00:00:55:899		3.76414e+06		261.338		133.854		0		2.57447		274.711		
00:00:55:799		3.76417e+06		261.338		133.854		0		2.57447		274.746		
00:00:55:649		3.76423e+06		261.055		134.13		0		2.56175		274.792		
00:00:55:649		3.76423e+06		261.055		134.13		0		2.56175		274.792		
00:00:55:549		3.76427e+06		261.055		134.13		0		2.56175		274.823		
00:00:55:399		3.76432e+06		260.772		134.416		0		2.549		274.868		
00:00:55:299		3.76436e+06		260.772		134.416		0		2.549		274.897		
00:00:55:200		3.7644e+06		260.489		134.71		0		2.53623		274.926		
00:00:55:100		3.76443e+06		260.489		134.71		0		2.53623		274.958		
00:00:55:000		3.76447e+06		260.205		134.71		0		2.53623		274.992		
00:00:54:899		3.76451e+06		260.205		135.014		0		2.52345		275.027		
00:00:54:700		3.76458e+06		259.92		135.327		0		2.51066		275.095		
00:00:54:600		3.76462e+06		259.92		135.327		0		2.51066		275.127		
00:00:54:600		3.76462e+06		259.92		135.327		0		2.51066		275.127		
00:00:54:600		3.76462e+06		259.92		135.327		0		2.51066		275.127		
00:00:54:500		3.76466e+06		259.636		135.327		0		2.51066		275.155		
00:00:54:399		3.76469e+06		259.636		135.65		0		2.49784		275.184		
00:00:54:299		3.76473e+06		259.636		135.65		0		2.49784		275.213		
00:00:54:100		3.7648e+06		259.352		135.982		0		2.485		275.273		
00:00:54:000		3.76484e+06		259.068		135.982		0		2.485		275.307		
00:00:53:899		3.76488e+06		259.068		136.325		0		2.47216		275.342		
00:00:53:700		3.76495e+06		258.786		136.677		0		2.4593		275.414		
00:00:53:700		3.76495e+06		258.786		136.677		0		2.4593		275.414		
00:00:53:600		3.76499e+06		258.786		136.677		0		2.4593		275.449		
00:00:53:600		3.76499e+06		258.786		136.677		0		2.4593		275.449		
00:00:53:500		3.76503e+06		258.506		136.677		0		2.4593		275.48		
00:00:53:399		3.76506e+06		258.506		137.04		0		2.44642		275.51		
00:00:53:299		3.7651e+06		258.506		137.04		0		2.44642		275.542		
00:00:53:149		3.76516e+06		258.23		137.409		0		2.43351		275.592		
00:00:53:100		3.76517e+06		258.23		137.409		0		2.43351		275.61		
00:00:53:000		3.76521e+06		257.954		137.409		0		2.43351		275.648		
00:00:52:700		3.76532e+06		257.678		138.167		0		2.40767		275.762		
00:00:52:700		3.76532e+06		257.678		138.167		0		2.40767		275.762		
00:00:52:600		3.76536e+06		257.678		138.167		0		2.40767		275.798		
00:00:52:600		3.76536e+06		257.678		138.167		0		2.40767		275.798		
00:00:52:450		3.76541e+06		257.4		138.557		0		2.39472		275.847		
00:00:52:350		3.76545e+06		257.4		138.557		0		2.39472		275.883		
00:00:52:250		3.76548e+06		257.122		138.557		0		2.39472		275.921		
00:00:52:149		3.76552e+06		257.122		138.953		0		2.38176		275.961		
00:00:52:049		3.76555e+06		257.122		138.953		0		2.38176		276.001		
00:00:51:950		3.76559e+06		256.844		139.356		0		2.36878		276.04		
00:00:51:850		3.76563e+06		256.844		139.356		0		2.36878		276.079		
00:00:51:649		3.7657e+06		256.564		139.767		0		2.35578		276.151		
00:00:51:549		3.76573e+06		256.564		139.767		0		2.35578		276.187		
00:00:51:549		3.76573e+06		256.564		139.767		0		2.35578		276.187		
00:00:51:450		3.76577e+06		256.283		140.184		0		2.34276		276.226		
00:00:51:350		3.76581e+06		256.283		140.184		0		2.34276		276.266		
00:00:51:250		3.76584e+06		256		140.184		0		2.34276		276.307		
00:00:51:149		3.76588e+06		256		140.609		0		2.32974		276.346		
00:00:51:049		3.76591e+06		256		140.609		0		2.32974		276.386		
00:00:50:950		3.76595e+06		255.712		141.042		0		2.31669		276.424		
00:00:50:850		3.76599e+06		255.712		141.042		0		2.31669		276.46		
00:00:50:700		3.76604e+06		255.418		141.483		0		2.30362		276.518		
00:00:50:700		3.76604e+06		255.418		141.483		0		2.30362		276.518		
00:00:50:549		3.76609e+06		255.418		141.483		0		2.30362		276.579		
00:00:50:450		3.76613e+06		255.115		141.934		0		2.29054		276.62		
00:00:50:350		3.76617e+06		255.115		141.934		0		2.29054		276.66		
00:00:50:250		3.7662e+06		254.794		141.934		0		2.29054		276.699		
00:00:50:149		3.76624e+06		254.794		142.395		0		2.27744		276.736		
00:00:50:049		3.76627e+06		254.794		142.395		0		2.27744		276.774		
00:00:49:950		3.76631e+06		254.445		142.869		0		2.26432		276.815		
00:00:49:850		3.76635e+06		254.445		142.869		0		2.26432		276.857		
00:00:49:750		3.76638e+06		254.045		142.869		0		2.26432		276.897		
00:00:49:649		3.76642e+06		254.045		143.357		0		2.25119		276.938		
00:00:49:549		3.76645e+06		254.045		143.357		0		2.25119		276.977		
00:00:49:450		3.76649e+06		254.001		143.848		0		2.23804		277.015		
00:00:49:350		3.76653e+06		254.001		143.848		0		2.23804		277.054		
00:00:49:250		3.76656e+06		253.958		143.848		0		2.23804		277.096		
00:00:49:149		3.7666e+06		253.958		144.342		0		2.22487		277.137		
00:00:49:049		3.76664e+06		253.958		144.342		0		2.22487		277.178		
00:00:48:950		3.76667e+06		253.917		144.839		0		2.21169		277.218		
00:00:48:850		3.76671e+06		253.917		144.839		0		2.21169		277.257		
00:00:48:750		3.76674e+06		253.877		144.839		0		2.21169		277.295		
00:00:48:649		3.76678e+06		253.877		145.338		0		2.19848		277.335		
00:00:48:549		3.76681e+06		253.877		145.338		0		2.19848		277.376		
00:00:48:450		3.76685e+06		253.838		145.839		0		2.18526		277.416		
00:00:48:350		3.76688e+06		253.838		145.839		0		2.18526		277.456		
00:00:48:250		3.76692e+06		253.801		145.839		0		2.18526		277.496		
00:00:48:149		3.76695e+06		253.801		146.342		0		2.17203		277.536		
00:00:48:049		3.76699e+06		253.801		146.342		0		2.17203		277.576		
00:00:47:950		3.76702e+06		253.765		146.848		0		2.15878		277.616		
00:00:47:850		3.76706e+06		253.765		146.848		0		2.15878		277.656		
00:00:47:700		3.76711e+06		253.73		147.355		0		2.14551		277.716		
00:00:47:600		3.76714e+06		253.73		147.355		0		2.14551		277.757		
00:00:47:500		3.76718e+06		253.696		147.355		0		2.14551		277.797		
00:00:47:399		3.76721e+06		253.696		147.864		0		2.13223		277.837		
00:00:47:299		3.76725e+06		253.696		147.864		0		2.13223		277.877		
00:00:47:200		3.76728e+06		253.663		148.375		0		2.11893		277.917		
00:00:47:100		3.76732e+06		253.663		148.375		0		2.11893		277.957		
00:00:47:100		3.76732e+06		253.663		148.375		0		2.11893		277.957		
00:00:47:000		3.76735e+06		253.632		148.375		0		2.11893		277.997		
00:00:46:899		3.76739e+06		253.632		148.886		0		2.10561		278.037		
00:00:46:649		3.76748e+06		253.602		149.399		0		2.09228		278.137		
00:00:46:649		3.76748e+06		253.602		149.399		0		2.09228		278.137		
00:00:46:549		3.76751e+06		253.602		149.399		0		2.09228		278.177		
00:00:46:399		3.76756e+06		253.572		149.912		0		2.07893		278.236		
00:00:46:299		3.7676e+06		253.572		149.912		0		2.07893		278.276		
00:00:46:200		3.76763e+06		253.542		150.425		0		2.06558		278.316		
00:00:46:100		3.76767e+06		253.542		150.425		0		2.06558		278.356		
00:00:46:000		3.7677e+06		253.512		150.425		0		2.06558		278.395		
00:00:45:899		3.76774e+06		253.512		150.939		0		2.05222		278.435		
00:00:45:799		3.76778e+06		253.512		150.939		0		2.05222		278.475		
00:00:45:700		3.76781e+06		253.481		151.452		0		2.03885		278.514		
00:00:45:600		3.76785e+06		253.481		151.452		0		2.03885		278.554		
00:00:45:500		3.76788e+06		253.449		151.452		0		2.03885		278.593		
00:00:45:500		3.76788e+06		253.449		151.452		0		2.03885		278.593		
00:00:45:299		3.76795e+06		253.449		151.966		0		2.02548		278.673		
00:00:45:299		3.76795e+06		253.449		151.966		0		2.02548		278.673		
00:00:45:200		3.76798e+06		253.416		152.479		0		2.0121		278.712		
00:00:45:000		3.76805e+06		253.382		152.479		0		2.0121		278.791		
00:00:45:000		3.76805e+06		253.382		152.479		0		2.0121		278.791		
00:00:44:850		3.7681e+06		253.382		152.991		0		1.99873		278.85		
00:00:44:799		3.76812e+06		253.382		152.991		0		1.99873		278.87		
00:00:44:600		3.76819e+06		253.348		153.502		0		1.98534		278.948		
00:00:44:600		3.76819e+06		253.348		153.502		0		1.98534		278.948		
00:00:44:500		3.76822e+06		253.312		153.502		0		1.98534		278.988		
00:00:44:399		3.76825e+06		253.312		154.011		0		1.97196		279.027		
00:00:44:299		3.76829e+06		253.312		154.011		0		1.97196		279.066		
00:00:44:200		3.76832e+06		253.275		154.519		0		1.95857		279.105		
00:00:44:100		3.76836e+06		253.275		154.519		0		1.95857		279.144		
00:00:43:950		3.76841e+06		253.236		155.025		0		1.94518		279.203		
00:00:43:750		3.76848e+06		253.196		155.025		0		1.94518		279.281		
00:00:43:750		3.76848e+06		253.196		155.025		0		1.94518		279.281		
00:00:43:549		3.76854e+06		253.196		155.528		0		1.93178		279.359		
00:00:43:549		3.76854e+06		253.196		155.528		0		1.93178		279.359		
00:00:43:450		3.76858e+06		253.154		156.029		0		1.91839		279.399		
00:00:43:350		3.76861e+06		253.154		156.029		0		1.91839		279.438		
00:00:43:250		3.76865e+06		253.11		156.029		0		1.91839		279.477		
00:00:43:149		3.76868e+06		253.11		156.526		0		1.90499		279.516		
00:00:43:049		3.76871e+06		253.11		156.526		0		1.90499		279.555		
00:00:42:950		3.76875e+06		253.065		157.02		0		1.89159		279.594		
00:00:42:850		3.76878e+06		253.065		157.02		0		1.89159		279.633		
00:00:42:649		3.76885e+06		253.018		157.51		0		1.87819		279.711		
00:00:42:549		3.76889e+06		253.018		157.51		0		1.87819		279.75		
00:00:42:549		3.76889e+06		253.018		157.51		0		1.87819		279.75		
00:00:42:500		3.7689e+06		252.968		157.51		0		1.87819		279.769		
00:00:42:350		3.76895e+06		252.968		157.995		0		1.86479		279.828		
00:00:42:250		3.76898e+06		252.916		157.995		0		1.86479		279.867		
00:00:42:149		3.76902e+06		252.916		158.476		0		1.85139		279.906		
00:00:42:049		3.76905e+06		252.916		158.476		0		1.85139		279.945		
00:00:41:950		3.76908e+06		252.862		158.951		0		1.838		279.984		
00:00:41:850		3.76912e+06		252.862		158.951		0		1.838		280.023		
00:00:41:649		3.76918e+06		252.805		159.419		0		1.8246		280.101		
00:00:41:549		3.76922e+06		252.805		159.419		0		1.8246		280.14		
00:00:41:549		3.76922e+06		252.805		159.419		0		1.8246		280.14		
00:00:41:450		3.76925e+06		252.745		159.882		0		1.81121		280.179		
00:00:41:350		3.76928e+06		252.745		159.882		0		1.81121		280.219		
00:00:41:250		3.76931e+06		252.682		159.882		0		1.81121		280.258		
00:00:41:149		3.76935e+06		252.682		160.337		0		1.79781		280.297		
00:00:41:049		3.76938e+06		252.682		160.337		0		1.79781		280.336		
00:00:40:950		3.76941e+06		252.614		160.785		0		1.78443		280.375		
00:00:40:850		3.76945e+06		252.614		160.785		0		1.78443		280.414		
00:00:40:649		3.76951e+06		252.543		161.224		0		1.77105		280.493		
00:00:40:549		3.76955e+06		252.543		161.224		0		1.77105		280.532		
00:00:40:549		3.76955e+06		252.543		161.224		0		1.77105		280.532		
00:00:40:450		3.76958e+06		252.468		161.654		0		1.75767		280.571		
00:00:40:299		3.76963e+06		252.468		161.654		0		1.75767		280.63		
00:00:40:250		3.76964e+06		252.388		161.654		0		1.75767		280.65		
00:00:40:149		3.76968e+06		252.388		162.075		0		1.7443		280.689		
00:00:40:049		3.76971e+06		252.388		162.075		0		1.7443		280.729		
00:00:39:950		3.76974e+06		252.305		162.485		0		1.73093		280.768		
00:00:39:799		3.76979e+06		252.305		162.485		0		1.73093		280.827		
00:00:39:700		3.76983e+06		252.216		162.884		0		1.71758		280.867		
00:00:39:600		3.76986e+06		252.216		162.884		0		1.71758		280.906		
00:00:39:500		3.76989e+06		252.123		162.884		0		1.71758		280.946		
00:00:39:399		3.76992e+06		252.123		163.271		0		1.70423		280.986		
00:00:39:299		3.76995e+06		252.123		163.271		0		1.70423		281.025		
00:00:39:200		3.76999e+06		252.025		163.646		0		1.69089		281.065		
00:00:39:100		3.77002e+06		252.025		163.646		0		1.69089		281.105		
00:00:39:000		3.77005e+06		251.921		163.646		0		1.69089		281.145		
00:00:38:899		3.77008e+06		251.921		164.007		0		1.67755		281.185		
00:00:38:799		3.77011e+06		251.921		164.007		0		1.67755		281.225		
00:00:38:700		3.77015e+06		251.812		164.353		0		1.66423		281.265		
00:00:38:600		3.77018e+06		251.812		164.353		0		1.66423		281.305		
00:00:38:500		3.77021e+06		251.698		164.353		0		1.66423		281.345		
00:00:38:399		3.77024e+06		251.698		164.684		0		1.65092		281.386		
00:00:38:299		3.77027e+06		251.698		164.684		0		1.65092		281.426		
00:00:38:200		3.77031e+06		251.578		164.998		0		1.63763		281.466		
00:00:38:100		3.77034e+06		251.578		164.998		0		1.63763		281.507		
00:00:38:000		3.77037e+06		251.452		164.998		0		1.63763		281.548		
00:00:38:000		3.77037e+06		251.452		164.998		0		1.63763		281.548		
00:00:37:899		3.7704e+06		251.452		165.295		0		1.62435		281.588		
00:00:37:799		3.77043e+06		251.452		165.295		0		1.62435		281.629		
00:00:37:600		3.7705e+06		251.32		165.573		0		1.61108		281.71		
00:00:37:600		3.7705e+06		251.32		165.573		0		1.61108		281.71		
00:00:37:500		3.77053e+06		251.181		165.573		0		1.61108		281.751		
00:00:37:399		3.77056e+06		251.181		165.832		0		1.59783		281.792		
00:00:37:200		3.77063e+06		251.036		166.069		0		1.58459		281.873		
00:00:37:200		3.77063e+06		251.036		166.069		0		1.58459		281.873		
00:00:37:100		3.77066e+06		251.036		166.069		0		1.58459		281.914		
00:00:37:000		3.77069e+06		250.884		166.069		0		1.58459		281.955		
00:00:36:899		3.77072e+06		250.884		166.285		0		1.57138		281.995		
00:00:36:799		3.77075e+06		250.884		166.285		0		1.57138		282.036		
00:00:36:600		3.77081e+06		250.725		166.476		0		1.55819		282.117		
00:00:36:600		3.77081e+06		250.725		166.476		0		1.55819		282.117		
00:00:36:450		3.77086e+06		250.558		166.643		0		1.54502		282.178		
00:00:36:350		3.77089e+06		250.558		166.643		0		1.54502		282.219		
00:00:36:299		3.77091e+06		250.558		166.643		0		1.54502		282.239		
00:00:36:200		3.77094e+06		250.384		166.784		0		1.53188		282.28		
00:00:36:100		3.77097e+06		250.384		166.784		0		1.53188		282.321		
00:00:36:000		3.771e+06		250.202		166.784		0		1.53188		282.361		
00:00:35:850		3.77105e+06		250.202		166.896		0		1.51876		282.421		
00:00:35:649		3.77111e+06		250.011		166.98		0		1.50567		282.5		
00:00:35:549		3.77114e+06		250.011		166.98		0		1.50567		282.54		
00:00:35:549		3.77114e+06		250.011		166.98		0		1.50567		282.54		
00:00:35:450		3.77117e+06		249.802		167.033		0		1.49269		282.58		
00:00:35:399		3.77118e+06		249.802		167.033		0		1.49269		282.601		
00:00:35:299		3.77122e+06		249.802		167.033		0		1.49269		282.641		
00:00:35:200		3.77125e+06		249.56		167.056		0		1.47992		282.681		
00:00:35:100		3.77129e+06		249.56		167.056		0		1.47992		282.74		
00:00:34:950		3.77132e+06		249.284		167.05		0		1.46738		282.779		
00:00:34:850		3.77135e+06		249.284		167.05		0		1.46738		282.818		
00:00:34:750		3.77138e+06		248.974		167.05		0		1.46738		282.858		
00:00:34:549		3.77144e+06		248.974		167.015		0		1.45505		282.935		
00:00:34:549		3.77144e+06		248.974		167.015		0		1.45505		282.935		
00:00:34:450		3.77147e+06		248.63		166.951		0		1.44294		282.974		
00:00:34:350		3.7715e+06		248.63		166.951		0		1.44294		283.013		
00:00:34:250		3.77153e+06		248.252		166.951		0		1.44294		283.051		
00:00:34:149		3.77156e+06		248.252		166.86		0		1.43106		283.09		
00:00:34:049		3.77159e+06		248.252		166.86		0		1.43106		283.128		
00:00:33:950		3.77162e+06		247.838		166.741		0		1.41939		283.166		
00:00:33:850		3.77165e+06		247.838		166.741		0		1.41939		283.204		
00:00:33:649		3.77171e+06		247.39		166.595		0		1.40794		283.28		
00:00:33:549		3.77174e+06		247.39		166.595		0		1.40794		283.317		
00:00:33:549		3.77174e+06		247.39		166.595		0		1.40794		283.317		
00:00:33:450		3.77177e+06		246.907		166.423		0		1.39671		283.355		
00:00:33:350		3.7718e+06		246.907		166.423		0		1.39671		283.393		
00:00:33:250		3.77183e+06		246.389		166.423		0		1.39671		283.43		
00:00:33:149		3.77186e+06		246.389		166.227		0		1.38571		283.468		
00:00:33:049		3.77189e+06		246.389		166.227		0		1.38571		283.505		
00:00:32:950		3.77192e+06		245.834		166.006		0		1.37492		283.542		
00:00:32:850		3.77195e+06		245.834		166.006		0		1.37492		283.58		
00:00:32:649		3.77201e+06		245.244		165.762		0		1.36437		283.655		
00:00:32:549		3.77204e+06		245.244		165.762		0		1.36437		283.692		
00:00:32:549		3.77204e+06		245.244		165.762		0		1.36437		283.692		
00:00:32:450		3.77207e+06		244.616		165.497		0		1.35404		283.73		
00:00:32:299		3.77211e+06		244.616		165.497		0		1.35404		283.786		
00:00:32:200		3.77214e+06		243.951		165.212		0		1.34395		283.824		
00:00:32:100		3.77217e+06		243.951		165.212		0		1.34395		283.862		
00:00:32:000		3.7722e+06		243.246		165.212		0		1.34395		283.9		
00:00:31:899		3.77223e+06		243.246		164.909		0		1.33411		283.938		
00:00:31:800		3.77226e+06		243.246		164.909		0		1.33411		283.976		
00:00:31:699		3.77229e+06		242.499		164.59		0		1.32453		284.014		
00:00:31:600		3.77231e+06		242.499		164.59		0		1.32453		284.052		
00:00:31:500		3.77234e+06		241.704		164.59		0		1.32453		284.09		
00:00:31:399		3.77237e+06		241.704		164.257		0		1.31525		284.129		
00:00:31:300		3.7724e+06		241.704		164.257		0		1.31525		284.167		
00:00:31:199		3.77243e+06		240.847		163.915		0		1.30638		284.205		
00:00:31:100		3.77246e+06		240.847		163.915		0		1.30638		284.244		
00:00:31:000		3.77248e+06		239.928		163.915		0		1.30638		284.282		
00:00:31:000		3.77248e+06		239.928		163.915		0		1.30638		284.282		
00:00:30:899		3.77251e+06		239.928		163.568		0		1.29793		284.321		
00:00:30:699		3.77257e+06		239.004		163.216		0		1.28947		284.397		
00:00:30:600		3.7726e+06		239.004		163.216		0		1.28947		284.436		
00:00:30:500		3.77262e+06		238.077		163.216		0		1.28947		284.474		
00:00:30:399		3.77265e+06		238.077		162.859		0		1.28098		284.512		
00:00:30:399		3.77265e+06		238.077		162.859		0		1.28098		284.512		
00:00:30:199		3.77271e+06		237.146		162.496		0		1.27246		284.589		
00:00:30:100		3.77274e+06		237.146		162.496		0		1.27246		284.627		
00:00:30:100		3.77274e+06		237.146		162.496		0		1.27246		284.627		
00:00:30:000		3.77277e+06		236.212		162.496		0		1.27246		284.666		
00:00:29:899		3.77279e+06		236.212		162.128		0		1.26392		284.704		
00:00:29:649		3.77286e+06		235.275		161.753		0		1.25535		284.8		
00:00:29:550		3.77289e+06		235.275		161.753		0		1.25535		284.839		
00:00:29:550		3.77289e+06		235.275		161.753		0		1.25535		284.839		
00:00:29:500		3.7729e+06		234.335		161.753		0		1.25535		284.858		
00:00:29:399		3.77293e+06		234.335		161.373		0		1.24675		284.896		
00:00:29:300		3.77296e+06		234.335		161.373		0		1.24675		284.935		
00:00:29:199		3.77298e+06		233.391		160.986		0		1.23812		284.973		
00:00:29:100		3.77301e+06		233.391		160.986		0		1.23812		285.012		
00:00:29:000		3.77304e+06		232.444		160.986		0		1.23812		285.05		
00:00:28:850		3.77308e+06		232.444		160.592		0		1.22947		285.108		
00:00:28:750		3.7731e+06		231.494		160.592		0		1.22947		285.147		
00:00:28:550		3.77316e+06		231.494		160.192		0		1.22078		285.224		
00:00:28:550		3.77316e+06		231.494		160.192		0		1.22078		285.224		
00:00:28:449		3.77318e+06		230.542		159.785		0		1.21205		285.263		
00:00:28:350		3.77321e+06		230.542		159.785		0		1.21205		285.301		
00:00:28:250		3.77323e+06		229.585		159.785		0		1.21205		285.34		
00:00:28:149		3.77326e+06		229.585		159.371		0		1.2033		285.379		
00:00:28:050		3.77329e+06		229.585		159.371		0		1.2033		285.417		
00:00:27:949		3.77331e+06		228.624		158.949		0		1.19453		285.456		
00:00:27:850		3.77334e+06		228.624		158.949		0		1.19453		285.495		
00:00:27:649		3.77339e+06		227.659		158.521		0		1.18573		285.573		
00:00:27:550		3.77341e+06		227.659		158.521		0		1.18573		285.612		
00:00:27:550		3.77341e+06		227.659		158.521		0		1.18573		285.612		
00:00:27:449		3.77344e+06		226.691		158.085		0		1.1769		285.651		
00:00:27:350		3.77346e+06		226.691		158.085		0		1.1769		285.69		
00:00:27:250		3.77349e+06		225.718		158.085		0		1.1769		285.729		
00:00:27:100		3.77353e+06		225.718		157.641		0		1.16803		285.787		
00:00:27:050		3.77354e+06		225.718		157.641		0		1.16803		285.807		
00:00:26:949		3.77356e+06		224.743		157.189		0		1.15914		285.846		
00:00:26:800		3.7736e+06		224.743		157.189		0		1.15914		285.905		
00:00:26:600		3.77365e+06		223.764		156.729		0		1.15021		285.983		
00:00:26:500		3.77367e+06		222.781		156.729		0		1.15021		286.022		
00:00:26:500		3.77367e+06		222.781		156.729		0		1.15021		286.022		
00:00:26:399		3.77369e+06		222.781		156.26		0		1.14126		286.061		
00:00:26:300		3.77372e+06		222.781		156.26		0		1.14126		286.1		
00:00:26:199		3.77374e+06		221.794		155.783		0		1.13227		286.139		
00:00:26:100		3.77376e+06		221.794		155.783		0		1.13227		286.178		
00:00:26:000		3.77378e+06		220.803		155.783		0		1.13227		286.217		
00:00:25:899		3.77381e+06		220.803		155.297		0		1.12325		286.256		
00:00:25:800		3.77383e+06		220.803		155.297		0		1.12325		286.295		
00:00:25:699		3.77385e+06		219.809		154.801		0		1.1142		286.334		
00:00:25:600		3.77387e+06		219.809		154.801		0		1.1142		286.373		
00:00:25:500		3.77389e+06		218.811		154.801		0		1.1142		286.412		
00:00:25:399		3.77391e+06		218.811		154.295		0		1.10512		286.452		
00:00:25:300		3.77393e+06		218.811		154.295		0		1.10512		286.491		
00:00:25:199		3.77395e+06		217.809		153.779		0		1.096		286.53		
00:00:25:199		3.77395e+06		217.809		153.779		0		1.096		286.53		
00:00:25:100		3.77397e+06		217.809		153.779		0		1.096		286.57		
00:00:25:000		3.77399e+06		216.803		153.779		0		1.096		286.609		
00:00:24:899		3.77401e+06		216.803		153.253		0		1.08685		286.649		
00:00:24:800		3.77403e+06		216.803		153.253		0		1.08685		286.688		
00:00:24:600		3.77407e+06		215.793		152.716		0		1.07767		286.768		
00:00:24:600		3.77407e+06		215.793		152.716		0		1.07767		286.768		
00:00:24:500		3.77409e+06		214.778		152.716		0		1.07767		286.807		
00:00:24:399		3.77411e+06		214.778		152.167		0		1.06845		286.847		
00:00:24:300		3.77413e+06		214.778		152.167		0		1.06845		286.887		
00:00:24:199		3.77415e+06		213.76		151.607		0		1.0592		286.927		
00:00:24:100		3.77417e+06		213.76		151.607		0		1.0592		286.967		
00:00:24:000		3.77419e+06		212.737		151.607		0		1.0592		287.007		
00:00:23:899		3.77421e+06		212.737		151.035		0		1.04992		287.047		
00:00:23:800		3.77423e+06		212.737		151.035		0		1.04992		287.087		
00:00:23:600		3.77427e+06		211.711		150.45		0		1.0406		287.167		
00:00:23:600		3.77427e+06		211.711		150.45		0		1.0406		287.167		
00:00:23:500		3.7743e+06		210.68		149.853		0		1.03125		287.226		
00:00:23:350		3.77432e+06		210.68		149.853		0		1.03125		287.266		
00:00:23:250		3.77434e+06		209.645		149.853		0		1.03125		287.306		
00:00:23:149		3.77436e+06		209.645		149.243		0		1.02186		287.345		
00:00:23:050		3.77438e+06		209.645		149.243		0		1.02186		287.385		
00:00:22:949		3.7744e+06		208.605		148.619		0		1.01244		287.425		
00:00:22:850		3.77442e+06		208.605		148.619		0		1.01244		287.465		
00:00:22:750		3.77444e+06		207.561		148.619		0		1.01244		287.505		
00:00:22:550		3.77448e+06		207.561		147.981		0		1.00298		287.585		
00:00:22:550		3.77448e+06		207.561		147.981		0		1.00298		287.585		
00:00:22:449		3.7745e+06		206.513		147.329		0		0.99349		287.625		
00:00:22:350		3.77452e+06		206.513		147.329		0		0.99349		287.665		
00:00:22:250		3.77454e+06		205.46		147.329		0		0.99349		287.705		
00:00:22:149		3.77456e+06		205.46		146.661		0		0.983961		287.746		
00:00:22:050		3.77458e+06		205.46		146.661		0		0.983961		287.786		
00:00:21:949		3.7746e+06		204.402		145.978		0		0.974396		287.826		
00:00:21:850		3.77462e+06		204.402		145.978		0		0.974396		287.866		
00:00:21:750		3.77464e+06		203.339		145.978		0		0.974396		287.906		
00:00:21:500		3.77469e+06		202.272		145.279		0		0.964795		288.007		
00:00:21:500		3.77469e+06		202.272		145.279		0		0.964795		288.007		
00:00:21:399		3.77471e+06		202.272		144.563		0		0.955156		288.048		
00:00:21:300		3.77473e+06		202.272		144.563		0		0.955156		288.089		
00:00:21:199		3.77475e+06		201.2		143.831		0		0.945481		288.129		
00:00:21:100		3.77477e+06		201.2		143.831		0		0.945481		288.171		
00:00:21:000		3.77481e+06		200.123		143.831		0		0.945481		288.212		
00:00:20:899		3.77496e+06		200.123		143.08		0		0.935768		288.254		
00:00:20:800		3.7752e+06		200.123		143.08		0		0.935768		288.296		
00:00:20:649		3.77575e+06		199.041		142.312		0		0.926019		288.359		
00:00:20:500		3.77652e+06		197.954		142.312		0		0.926019		288.422		
00:00:20:500		3.77652e+06		197.954		142.312		0		0.926019		288.422		
00:00:20:399		3.77715e+06		197.954		141.524		0		0.91623		288.465		
00:00:20:300		3.77788e+06		197.954		141.524		0		0.91623		288.508		
00:00:20:199		3.77871e+06		196.862		140.717		0		0.906404		288.55		
00:00:20:199		3.77871e+06		196.862		140.717		0		0.906404		288.55		
00:00:20:000		3.78067e+06		195.764		140.717		0		0.906404		288.636		
00:00:19:899		3.78187e+06		195.764		139.89		0		0.896538		288.679		
00:00:19:800		3.78327e+06		195.764		139.89		0		0.896538		288.723		
00:00:19:699		3.78486e+06		194.662		139.043		0		0.886634		288.767		
00:00:19:600		3.78665e+06		194.662		139.043		0		0.886634		288.811		
00:00:19:500		3.78864e+06		193.554		139.043		0		0.886634		288.855		
00:00:19:399		3.79083e+06		193.554		138.175		0		0.876689		288.899		
00:00:19:300		3.79322e+06		193.554		138.175		0		0.876689		288.944		
00:00:19:199		3.7958e+06		192.44		137.285		0		0.866706		288.99		
00:00:19:199		3.7958e+06		192.44		137.285		0		0.866706		288.99		
00:00:19:100		3.79859e+06		192.44		137.285		0		0.866706		289.035		
00:00:19:000		3.80159e+06		191.322		137.285		0		0.866706		289.081		
00:00:18:899		3.8049e+06		191.322		136.373		0		0.856682		289.127		
00:00:18:800		3.8085e+06		191.322		136.373		0		0.856682		289.174		
00:00:18:550		3.81883e+06		190.198		135.438		0		0.846618		289.292		
00:00:18:550		3.81883e+06		190.198		135.438		0		0.846618		289.292		
00:00:18:449		3.82349e+06		189.069		134.48		0		0.836515		289.34		
00:00:18:399		3.82594e+06		189.069		134.48		0		0.836515		289.364		
00:00:18:250		3.83373e+06		187.934		134.48		0		0.836515		289.438		
00:00:18:149		3.8393e+06		187.934		133.498		0		0.82637		289.487		
00:00:18:050		3.84518e+06		187.934		133.498		0		0.82637		289.537		
00:00:17:949		3.85137e+06		186.794		132.491		0		0.816184		289.587		
00:00:17:899		3.85458e+06		186.794		132.491		0		0.816184		289.613		
00:00:17:800		3.86123e+06		186.794		132.491		0		0.816184		289.664		
00:00:17:550		3.87922e+06		185.648		131.46		0		0.805956		289.795		
00:00:17:550		3.87922e+06		185.648		131.46		0		0.805956		289.795		
00:00:17:449		3.88697e+06		184.497		130.404		0		0.795687		289.848		
00:00:17:350		3.89504e+06		184.497		130.404		0		0.795687		289.902		
00:00:17:250		3.90342e+06		183.34		130.404		0		0.795687		289.956		
00:00:17:149		3.91213e+06		183.34		129.322		0		0.785376		290.011		
00:00:17:050		3.92115e+06		183.34		129.322		0		0.785376		290.067		
00:00:16:949		3.9305e+06		182.177		128.214		0		0.775023		290.124		
00:00:16:850		3.94018e+06		182.177		128.214		0		0.775023		290.181		
00:00:16:750		3.95026e+06		181.008		128.214		0		0.775023		290.239		
00:00:16:550		3.97234e+06		181.008		127.078		0		0.764629		290.357		
00:00:16:550		3.97234e+06		181.008		127.078		0		0.764629		290.357		
00:00:16:449		3.98434e+06		179.833		125.915		0		0.754195		290.417		
00:00:16:350		3.997e+06		179.833		125.915		0		0.754195		290.477		
00:00:16:250		4.01031e+06		178.652		125.915		0		0.754195		290.539		
00:00:16:149		4.02428e+06		178.652		124.722		0		0.743719		290.601		
00:00:16:050		4.03892e+06		178.652		124.722		0		0.743719		290.664		
00:00:15:949		4.05424e+06		177.464		123.499		0		0.733202		290.728		
00:00:15:849		4.07023e+06		177.464		123.499		0		0.733202		290.793		
00:00:15:750		4.08691e+06		176.27		123.499		0		0.733202		290.86		
00:00:15:500		4.13168e+06		175.07		122.245		0		0.722643		291.029		
00:00:15:500		4.13168e+06		175.07		122.245		0		0.722643		291.029		
00:00:15:400		4.15083e+06		175.07		120.96		0		0.712044		291.099		
00:00:15:300		4.1707e+06		175.07		120.96		0		0.712044		291.17		
00:00:15:199		4.19131e+06		173.862		119.641		0		0.701403		291.242		
00:00:15:099		4.21266e+06		173.862		119.641		0		0.701403		291.315		
00:00:15:000		4.23476e+06		172.648		119.641		0		0.701403		291.389		
00:00:14:900		4.25762e+06		172.648		118.294		0		0.69072		291.465		
00:00:14:800		4.28124e+06		172.648		118.294		0		0.69072		291.542		
00:00:14:599		4.33086e+06		171.427		116.917		0		0.679996		291.699		
00:00:14:500		4.35687e+06		170.199		116.917		0		0.679996		291.78		
00:00:14:500		4.35687e+06		170.199		116.917		0		0.679996		291.78		
00:00:14:400		4.3837e+06		170.199		115.511		0		0.66923		291.862		
00:00:14:300		4.41134e+06		170.199		115.511		0		0.66923		291.945		
00:00:14:199		4.43984e+06		168.964		114.077		0		0.658423		292.03		
00:00:14:199		4.43984e+06		168.964		114.077		0		0.658423		292.03		
00:00:14:099		4.46918e+06		168.964		114.077		0		0.658423		292.116		
00:00:14:000		4.49939e+06		167.721		114.077		0		0.658423		292.201		
00:00:13:900		4.53048e+06		167.721		112.616		0		0.647573		292.288		
00:00:13:699		4.59535e+06		166.471		111.129		0		0.636681		292.466		
00:00:13:550		4.64641e+06		166.471		111.129		0		0.636681		292.603		
00:00:13:550		4.64641e+06		166.471		111.129		0		0.636681		292.603		
00:00:13:400		4.69962e+06		165.213		109.615		0		0.625746		292.743		
00:00:13:400		4.69962e+06		165.213		109.615		0		0.625746		292.743		
00:00:13:300		4.7363e+06		165.213		109.615		0		0.625746		292.837		
00:00:13:199		4.77397e+06		163.947		108.076		0		0.61477		292.933		
00:00:13:099		4.81263e+06		163.947		108.076		0		0.61477		293.029		
00:00:13:000		4.85233e+06		162.673		108.076		0		0.61477		293.127		
00:00:12:900		4.91383e+06		162.673		106.51		0		0.603751		293.275		
00:00:12:750		4.95615e+06		161.391		106.51		0		0.603751		293.374		
00:00:12:550		5.04411e+06		161.391		104.919		0		0.592688		293.575		
00:00:12:550		5.04411e+06		161.391		104.919		0		0.592688		293.575		
00:00:12:449		5.08977e+06		160.099		103.303		0		0.581581		293.677		
00:00:12:349		5.13658e+06		160.099		103.303		0		0.581581		293.779		
00:00:12:250		5.18456e+06		158.799		103.303		0		0.581581		293.881		
00:00:12:150		5.23375e+06		158.799		101.666		0		0.570426		293.984		
00:00:12:050		5.28416e+06		158.799		101.666		0		0.570426		294.087		
00:00:11:949		5.33582e+06		157.491		100.006		0		0.55922		294.19		
00:00:11:849		5.38874e+06		157.491		100.006		0		0.55922		294.294		
00:00:11:650		5.4985e+06		156.173		98.322		0		0.547959		294.503		
00:00:11:550		5.55539e+06		156.173		98.322		0		0.547959		294.609		
00:00:11:550		5.55539e+06		156.173		98.322		0		0.547959		294.609		
00:00:11:449		5.61365e+06		154.846		96.6145		0		0.536643		294.715		
00:00:11:349		5.67327e+06		154.846		96.6145		0		0.536643		294.822		
00:00:11:250		5.73405e+06		153.509		96.6145		0		0.536643		294.93		
00:00:11:150		5.79608e+06		153.509		94.8847		0		0.52527		295.039		
00:00:11:050		5.8594e+06		153.509		94.8847		0		0.52527		295.148		
00:00:10:949		5.92397e+06		152.164		93.1337		0		0.513839		295.26		
00:00:10:849		5.9898e+06		152.164		93.1337		0		0.513839		295.372		
00:00:10:599		6.16033e+06		150.81		91.3629		0		0.502345		295.659		
00:00:10:500		6.2311e+06		149.447		91.3629		0		0.502345		295.776		
00:00:10:500		6.2311e+06		149.447		91.3629		0		0.502345		295.776		
00:00:10:400		6.30355e+06		149.447		89.5738		0		0.490709		295.894		
00:00:10:300		6.37217e+06		149.447		89.5738		0		0.490709		296.014		
00:00:10:199		6.42284e+06		148.073		87.769		0		0.478913		296.135		
00:00:10:099		6.46101e+06		148.073		87.769		0		0.478913		296.257		
00:00:10:000		6.4903e+06		146.689		87.769		0		0.478913		296.38		
00:00:09:900		6.51307e+06		146.689		85.9511		0		0.467001		296.505		
00:00:09:800		6.53106e+06		146.689		85.9511		0		0.467001		296.632		
00:00:09:599		6.55756e+06		145.298		84.1229		0		0.455008		296.889		
00:00:09:500		6.56764e+06		143.901		84.1229		0		0.455008		297.018		
00:00:09:500		6.56764e+06		143.901		84.1229		0		0.455008		297.018		
00:00:09:400		6.56764e+06		143.901		84.1229		0		0.455008		297.018		
00:00:09:400		6.57626e+06		143.901		82.2875		0		0.442956		297.149		
00:00:09:199		6.59037e+06		142.498		80.4483		0		0.43086		297.413		
00:00:09:199		6.59037e+06		142.498		80.4483		0		0.43086		297.413		
00:00:09:099		6.59642e+06		142.498		80.4483		0		0.43086		297.548		
00:00:09:000		6.60197e+06		141.092		80.4483		0		0.43086		297.684		
00:00:08:800		6.61172e+06		141.092		78.6094		0		0.418729		297.962		
00:00:08:599		6.6201e+06		139.684		76.7757		0		0.40657		298.246		
00:00:08:599		6.6201e+06		139.684		76.7757		0		0.40657		298.246		
00:00:08:500		6.62374e+06		138.273		76.7757		0		0.40657		298.39		
00:00:08:400		6.62733e+06		138.273		74.9503		0		0.394388		298.536		
00:00:08:400		6.62733e+06		138.273		74.9503		0		0.394388		298.536		
00:00:08:300		6.63095e+06		138.273		74.9503		0		0.394388		298.683		
00:00:08:199		6.63454e+06		136.862		73.1369		0		0.382184		298.832		
00:00:08:099		6.63794e+06		136.862		73.1369		0		0.382184		298.982		
00:00:08:000		6.64129e+06		135.451		73.1369		0		0.382184		299.133		
00:00:07:849		6.6461e+06		135.451		71.3406		0		0.369961		299.363		
00:00:07:750		6.64916e+06		134.039		71.3406		0		0.369961		299.518		
00:00:07:599		6.65372e+06		134.039		69.5674		0		0.357721		299.755		
00:00:07:500		6.6567e+06		132.629		69.5674		0		0.357721		299.915		
00:00:07:400		6.6596e+06		132.629		67.8231		0		0.345465		300.076		
00:00:07:299		6.66241e+06		132.629		67.8231		0		0.345465		300.24		
00:00:07:299		6.66241e+06		132.629		67.8231		0		0.345465		300.24		
00:00:07:200		6.66518e+06		131.222		66.1139		0		0.333194		300.404		
00:00:07:099		6.66791e+06		131.222		66.1139		0		0.333194		300.568		
00:00:07:000		6.6706e+06		129.817		66.1139		0		0.333194		300.734		
00:00:06:900		6.67332e+06		129.817		64.4456		0		0.320909		300.901		
00:00:06:799		6.67623e+06		129.817		64.4456		0		0.320909		301.07		
00:00:06:599		6.68178e+06		128.418		62.8233		0		0.30861		301.415		
00:00:06:500		6.68448e+06		127.024		62.8233		0		0.30861		301.59		
00:00:06:500		6.68448e+06		127.024		62.8233		0		0.30861		301.59		
00:00:06:349		6.6882e+06		127.024		61.2508		0		0.296298		301.856		
00:00:06:250		6.69055e+06		125.637		61.2508		0		0.296298		302.037		
00:00:06:150		6.69283e+06		125.637		59.7264		0		0.283976		302.218		
00:00:06:049		6.69507e+06		125.637		59.7264		0		0.283976		302.4		
00:00:05:950		6.69725e+06		124.26		58.2362		0		0.271645		302.585		
00:00:05:849		6.69936e+06		124.26		58.2362		0		0.271645		302.772		
00:00:05:750		6.70141e+06		122.891		58.2362		0		0.271645		302.961		
00:00:05:549		6.70529e+06		122.891		56.7706		0		0.259304		303.343		
00:00:05:549		6.70529e+06		122.891		56.7706		0		0.259304		303.343		
00:00:05:450		6.70712e+06		121.535		55.3315		0		0.246955		303.534		
00:00:05:349		6.70897e+06		121.535		55.3315		0		0.246955		303.727		
00:00:05:250		6.7107e+06		120.192		55.3315		0		0.246955		303.923		
00:00:05:150		6.71236e+06		120.192		53.9207		0		0.234598		304.12		
00:00:05:049		6.71398e+06		120.192		53.9207		0		0.234598		304.319		
00:00:04:950		6.71554e+06		118.865		52.5402		0		0.222234		304.52		
00:00:04:849		6.71705e+06		118.865		52.5402		0		0.222234		304.723		
00:00:04:750		6.71854e+06		117.555		52.5402		0		0.222234		304.926		
00:00:04:650		6.71997e+06		117.555		51.1922		0		0.209864		305.13		
00:00:04:549		6.72139e+06		117.555		51.1922		0		0.209864		305.336		
00:00:04:450		6.7228e+06		116.265		49.8788		0		0.197487		305.542		
00:00:04:349		6.72418e+06		116.265		49.8788		0		0.197487		305.749		
00:00:04:250		6.72552e+06		114.998		49.8788		0		0.197487		305.955		
00:00:04:150		6.72686e+06		114.998		48.6021		0		0.185103		306.161		
00:00:04:049		6.72814e+06		114.998		48.6021		0		0.185103		306.369		
00:00:03:950		6.72936e+06		113.757		47.3643		0		0.172714		306.576		
00:00:03:850		6.73057e+06		113.757		47.3643		0		0.172714		306.785		
00:00:03:750		6.73176e+06		112.543		47.3643		0		0.172714		306.993		
00:00:03:500		6.73477e+06		111.361		46.1681		0		0.16032		307.507		
00:00:03:500		6.73477e+06		111.361		46.1681		0		0.16032		307.507		
00:00:03:399		6.7362e+06		111.361		45.0158		0		0.147918		307.711		
00:00:03:299		6.73803e+06		111.361		45.0158		0		0.147918		307.909		
00:00:03:200		6.74066e+06		110.213		43.9107		0		0.1355		308.105		
00:00:03:100		6.74478e+06		110.213		43.9107		0		0.1355		308.295		
00:00:03:000		6.74904e+06		109.103		43.9107		0		0.1355		308.477		
00:00:02:899		6.75288e+06		109.103		42.857		0		0.123068		308.652		
00:00:02:799		6.75625e+06		109.103		42.857		0		0.123068		308.817		
00:00:02:600		6.76162e+06		108.035		41.8616		0		0.110627		309.119		
00:00:02:500		6.76369e+06		107.013		41.8616		0		0.110627		309.253		
00:00:02:500		6.76369e+06		107.013		41.8616		0		0.110627		309.253		
00:00:02:399		6.76502e+06		107.013		40.9364		0		0.0981851		309.372		
00:00:02:299		6.76548e+06		107.013		40.9364		0		0.0981851		309.476		
00:00:02:299		6.76548e+06		107.013		40.9364		0		0.0981851		309.476		
00:00:02:100		6.75925e+06		106.041		40.0868		0		0.0857645		309.638		
00:00:02:100		6.75925e+06		106.041		40.0868		0		0.0857645		309.638		
00:00:02:000		6.74656e+06		105.126		40.0868		0		0.0857645		309.695		
00:00:01:899		6.7192e+06		105.126		39.3137		0		0.073519		309.739		
00:00:01:800		6.67164e+06		105.126		39.3137		0		0.073519		309.77		
00:00:01:550		6.60031e+06		104.272		38.6169		0		0.0613573		309.814		
00:00:01:449		6.58929e+06		103.482		37.9969		0		0.0491854		309.823		
00:00:01:449		6.58929e+06		103.482		37.9969		0		0.0491854		309.823		
00:00:01:350		6.5933e+06		103.482		37.9969		0		0.0491854		309.831		
00:00:01:199		6.60773e+06		102.762		37.4547		0		0.0369755		309.838		
00:00:01:100		6.61546e+06		102.762		37.4547		0		0.0369755		309.842		
00:00:01:000		6.62289e+06		102.113		37.4547		0		0.0369755		309.843		
00:00:00:900		6.63123e+06		102.113		36.9922		0		0.024723		309.844		
00:00:00:800		6.64061e+06		102.113		36.9922		0		0.024723		309.845		
00:00:00:800		6.64061e+06		102.113		36.9922		0		0.024723		309.845		
00:00:00:500		6.67864e+06		100.995		36.6119		0		0.0124123		309.846		
00:00:00:500		6.67864e+06		100.995		36.6119		0		0.0124123		309.846		
00:00:00:500		6.67864e+06		100.995		36.6119		0		0.0124123		309.846		
00:00:00:400		6.71024e+06		100.995		36.3834		0		0		309.846		
00:00:00:250		6.74227e+06		100.069		36.3834		0		0		309.846		
00:00:00:149		6.79328e+06		100.069		36.3837		0		0		309.846		
00:00:00:050		6.83115e+06		100.069		36.3837		0		0		309.846		
00:00:00:000		6.83115e+06		100.069		36.3837		0		0		309.846		
00:00:00:000		6.83115e+06		100.069		36.3837		0		0		309.846		
00:00:00:000		6.83115e+06		100.069		36.3837		0		0		309.846		
00:00:00:000		6.83115e+06		100.069		36.3837		0		0		309.846		
00:00:00:000		6.83115e+06		100.069		36.3837		0		0		309.846		
00:00:00:000		6.83115e+06		100.069		36.3837		0		0		309.846		
00:00:00:000		6.83115e+06		100.069		36.3837		0		0		309.846		
00:00:00:000		6.83115e+06		100.069		36.3837		0		0		309.846		
00:00:00:000		6.83115e+06		100.069		36.3837		0		0		309.846		
00:00:00:000		6.83115e+06		100.069		36.3837		0		0		309.846		
00:00:00:000		6.83115e+06		100.069		36.3837		0		0		309.846		
00:00:00:000		6.83115e+06		100.069		36.3837		0		0		309.846		
00:00:00:000		6.83115e+06		100.069		36.3837		0		0		309.846		
00:00:00:000		6.83115e+06		100.069		36.3837		0		0		309.846		
00:00:00:000		6.83115e+06		100.069		36.3837		0		0		309.846		
00:00:00:000		6.83115e+06		100.069		36.3837		0		0		309.846		
