	time 		rcpppzr	rcp054rcp007mnzoyout	rcv501std0102fvol	fwfrcp001gv	rcppmssga	msfsg(1)	
00:01:02:250		1.00516e+07		-5.85661		0		0		2.61949e+06		575.247		
00:01:02:149		1.00635e+07		-5.85731		0		0		2.62335e+06		576.545		
00:01:02:000		1.00813e+07		-5.85839		0		0		2.62872e+06		578.589		
00:01:01:899		1.0093e+07		-5.8591		0		0		2.6297e+06		576.895		
00:01:01:799		1.01048e+07		-5.85976		0		0		2.62959e+06		576.962		
00:01:01:700		1.01165e+07		-5.86033		0		0		2.63297e+06		577.512		
00:01:01:500		1.01398e+07		-5.861		0		0		2.64094e+06		578.922		
00:01:01:450		1.01455e+07		-5.86104		0		0		2.64313e+06		579.316		
00:01:01:450		1.01455e+07		-5.86104		0		0		2.64313e+06		579.316		
00:01:01:350		1.0157e+07		-5.86096		0		0		2.64781e+06		580.698		
00:01:01:200		1.01742e+07		-5.86035		0		0		2.65602e+06		583.636		
00:01:01:100		1.01855e+07		-5.85958		0		0		2.6604e+06		584.585		
00:01:01:000		1.01968e+07		-5.85852		0		0		2.66341e+06		585.286		
00:01:00:899		1.02079e+07		-5.85715		0		0		2.66613e+06		586.977		
00:01:00:799		1.0219e+07		-5.8555		0		0		2.66911e+06		587.452		
00:01:00:700		1.023e+07		-5.85358		0		0		2.66895e+06		585.364		
00:01:00:500		1.02519e+07		-5.84907		0		0		2.67226e+06		586.169		
00:01:00:399		1.02629e+07		-5.84658		0		0		2.67664e+06		586.99		
00:01:00:399		1.02629e+07		-5.84658		0		0		2.67664e+06		586.99		
00:01:00:399		1.02629e+07		-5.84658		0		0		2.67664e+06		586.99		
00:01:00:299		1.02739e+07		-5.84402		0		0		2.68149e+06		587.9		
00:01:00:100		1.02957e+07		-5.83894		0		0		2.69207e+06		591.438		
00:01:00:100		1.02957e+07		-5.83894		0		0		2.69207e+06		591.438		
00:01:00:000		1.03065e+07		-5.83658		0		0		2.69652e+06		592.544		
00:00:59:950		1.03119e+07		-5.83549		0		0		2.69807e+06		592.773		
00:00:59:850		1.03226e+07		-5.83351		0		0		2.70048e+06		593.906		
00:00:59:700		1.03384e+07		-5.83098		0		0		2.70456e+06		594.721		
00:00:59:600		1.0349e+07		-5.82924		0		0		2.70427e+06		592.93		
00:00:59:500		1.03596e+07		-5.82743		0		0		2.70463e+06		592.779		
00:00:59:399		1.03701e+07		-5.82555		0		0		2.70867e+06		593.874		
00:00:59:299		1.03807e+07		-5.8236		0		0		2.71373e+06		595.255		
00:00:59:200		1.03911e+07		-5.82159		0		0		2.71893e+06		596.571		
00:00:59:100		1.04015e+07		-5.81951		0		0		2.72393e+06		598.193		
00:00:59:000		1.04119e+07		-5.81736		0		0		2.72834e+06		599.581		
00:00:58:899		1.04222e+07		-5.81514		0		0		2.73161e+06		600.281		
00:00:58:799		1.04324e+07		-5.81285		0		0		2.7344e+06		601.758		
00:00:58:700		1.04426e+07		-5.81049		0		0		2.73684e+06		601.809		
00:00:58:600		1.04528e+07		-5.80807		0		0		2.73686e+06		600.033		
00:00:58:500		1.04629e+07		-5.80557		0		0		2.73684e+06		599.378		
00:00:58:399		1.04731e+07		-5.80301		0		0		2.7409e+06		600.919		
00:00:58:299		1.04832e+07		-5.80038		0		0		2.74654e+06		602.51		
00:00:58:200		1.04933e+07		-5.79768		0		0		2.75165e+06		603.871		
00:00:58:100		1.05033e+07		-5.79492		0		0		2.75607e+06		605.28		
00:00:58:000		1.05133e+07		-5.79209		0		0		2.76015e+06		606.51		
00:00:57:899		1.05232e+07		-5.7892		0		0		2.76324e+06		607.636		
00:00:57:799		1.05331e+07		-5.78624		0		0		2.76586e+06		608.391		
00:00:57:700		1.0543e+07		-5.78322		0		0		2.76719e+06		607.981		
00:00:57:450		1.05676e+07		-5.7754		0		0		2.77073e+06		607.743		
00:00:57:450		1.05676e+07		-5.7754		0		0		2.77073e+06		607.743		
00:00:57:350		1.05774e+07		-5.77218		0		0		2.77668e+06		609.356		
00:00:57:299		1.05823e+07		-5.77054		0		0		2.77914e+06		610.009		
00:00:57:200		1.05921e+07		-5.76724		0		0		2.78337e+06		611.251		
00:00:57:100		1.06018e+07		-5.76389		0		0		2.78768e+06		612.766		
00:00:56:950		1.06163e+07		-5.75876		0		0		2.79243e+06		613.774		
00:00:56:850		1.06259e+07		-5.75528		0		0		2.79433e+06		614.397		
00:00:56:750		1.06354e+07		-5.75175		0		0		2.79624e+06		614.217		
00:00:56:549		1.06545e+07		-5.74453		0		0		2.79837e+06		613.326		
00:00:56:450		1.0664e+07		-5.74084		0		0		2.8037e+06		615.253		
00:00:56:450		1.0664e+07		-5.74084		0		0		2.8037e+06		615.253		
00:00:56:350		1.06735e+07		-5.73709		0		0		2.80862e+06		616.241		
00:00:56:250		1.0683e+07		-5.73329		0		0		2.81257e+06		617.674		
00:00:56:149		1.06924e+07		-5.72944		0		0		2.81699e+06		619.095		
00:00:56:049		1.07017e+07		-5.72554		0		0		2.81996e+06		619.641		
00:00:55:950		1.0711e+07		-5.72159		0		0		2.82183e+06		620.217		
00:00:55:850		1.07202e+07		-5.71759		0		0		2.82405e+06		620.58		
00:00:55:850		1.07202e+07		-5.71759		0		0		2.82405e+06		620.58		
00:00:55:750		1.07293e+07		-5.71354		0		0		2.82521e+06		619.318		
00:00:55:450		1.07567e+07		-5.70109		0		0		2.83618e+06		622.139		
00:00:55:450		1.07567e+07		-5.70109		0		0		2.83618e+06		622.139		
00:00:55:350		1.07658e+07		-5.69684		0		0		2.84e+06		623.491		
00:00:55:250		1.07749e+07		-5.69254		0		0		2.84445e+06		625.115		
00:00:55:149		1.07749e+07		-5.69254		0		0		2.84445e+06		625.115		
00:00:55:149		1.07839e+07		-5.68818		0		0		2.84764e+06		625.526		
00:00:55:049		1.07929e+07		-5.68378		0		0		2.84936e+06		625.645		
00:00:54:850		1.08108e+07		-5.67481		0		0		2.85409e+06		625.949		
00:00:54:850		1.08108e+07		-5.67481		0		0		2.85409e+06		625.949		
00:00:54:750		1.08197e+07		-5.67024		0		0		2.8551e+06		625.834		
00:00:54:549		1.08376e+07		-5.66097		0		0		2.86354e+06		628.33		
00:00:54:450		1.08465e+07		-5.65625		0		0		2.86692e+06		628.835		
00:00:54:350		1.08553e+07		-5.65148		0		0		2.87077e+06		630.398		
00:00:54:350		1.08553e+07		-5.65148		0		0		2.87077e+06		630.398		
00:00:54:250		1.08642e+07		-5.64666		0		0		2.87498e+06		631.324		
00:00:54:149		1.08731e+07		-5.64177		0		0		2.87789e+06		632.345		
00:00:54:049		1.08819e+07		-5.63682		0		0		2.88087e+06		633.092		
00:00:53:899		1.08952e+07		-5.62927		0		0		2.88339e+06		633.878		
00:00:53:700		1.09131e+07		-5.61897		0		0		2.88622e+06		632.672		
00:00:53:700		1.09131e+07		-5.61897		0		0		2.88622e+06		632.672		
00:00:53:500		1.09311e+07		-5.60841		0		0		2.89325e+06		634.77		
00:00:53:500		1.09311e+07		-5.60841		0		0		2.89325e+06		634.77		
00:00:53:450		1.09356e+07		-5.60574		0		0		2.89514e+06		635.001		
00:00:53:299		1.0949e+07		-5.59763		0		0		2.9005e+06		636.878		
00:00:53:200		1.09579e+07		-5.59216		0		0		2.90457e+06		637.803		
00:00:53:000		1.09755e+07		-5.58106		0		0		2.91043e+06		639.86		
00:00:53:000		1.09755e+07		-5.58106		0		0		2.91043e+06		639.86		
00:00:52:899		1.09843e+07		-5.57544		0		0		2.91218e+06		639.909		
00:00:52:799		1.09931e+07		-5.56977		0		0		2.91352e+06		640.445		
00:00:52:750		1.09975e+07		-5.56691		0		0		2.91436e+06		640.099		
00:00:52:549		1.10149e+07		-5.55537		0		0		2.91694e+06		639.978		
00:00:52:549		1.10149e+07		-5.55537		0		0		2.91694e+06		639.978		
00:00:52:399		1.10278e+07		-5.54658		0		0		2.92257e+06		641.055		
00:00:52:299		1.10363e+07		-5.54065		0		0		2.92586e+06		642.442		
00:00:52:200		1.10447e+07		-5.53468		0		0		2.93009e+06		643.868		
00:00:52:100		1.10531e+07		-5.52866		0		0		2.93311e+06		644.776		
00:00:52:000		1.10613e+07		-5.52259		0		0		2.9355e+06		645.384		
00:00:51:899		1.10695e+07		-5.51647		0		0		2.93679e+06		645.602		
00:00:51:799		1.10776e+07		-5.5103		0		0		2.93796e+06		646.009		
00:00:51:700		1.10856e+07		-5.50407		0		0		2.93937e+06		646.996		
00:00:51:500		1.11015e+07		-5.49141		0		0		2.93899e+06		644.692		
00:00:51:500		1.11015e+07		-5.49141		0		0		2.93899e+06		644.692		
00:00:51:399		1.11094e+07		-5.48498		0		0		2.93877e+06		643.17		
00:00:51:299		1.11174e+07		-5.47846		0		0		2.94051e+06		642.357		
00:00:51:200		1.11255e+07		-5.47184		0		0		2.94585e+06		644.21		
00:00:51:100		1.11337e+07		-5.46514		0		0		2.95409e+06		646.132		
00:00:51:000		1.11419e+07		-5.45836		0		0		2.96171e+06		648.044		
00:00:50:899		1.11501e+07		-5.45152		0		0		2.96921e+06		650.112		
00:00:50:799		1.11583e+07		-5.4446		0		0		2.9764e+06		652.076		
00:00:50:700		1.11664e+07		-5.43761		0		0		2.98275e+06		653.658		
00:00:50:600		1.11746e+07		-5.43056		0		0		2.98843e+06		655.622		
00:00:50:500		1.11828e+07		-5.42344		0		0		2.99424e+06		658.707		
00:00:50:399		1.11909e+07		-5.41626		0		0		2.99899e+06		659.386		
00:00:50:299		1.11991e+07		-5.40902		0		0		2.99877e+06		657.657		
00:00:50:200		1.12072e+07		-5.40174		0		0		2.99909e+06		657.764		
00:00:50:100		1.12152e+07		-5.39441		0		0		3.00225e+06		658.855		
00:00:50:000		1.12233e+07		-5.38704		0		0		3.00634e+06		659.792		
00:00:49:899		1.12313e+07		-5.37966		0		0		3.00948e+06		660.926		
00:00:49:799		1.12392e+07		-5.37225		0		0		3.01289e+06		661.874		
00:00:49:700		1.12511e+07		-5.36111		0		0		3.01573e+06		661.179		
00:00:49:549		1.1259e+07		-5.35367		0		0		3.0178e+06		661.763		
00:00:49:450		1.12669e+07		-5.34623		0		0		3.0221e+06		663.902		
00:00:49:350		1.12747e+07		-5.33878		0		0		3.02681e+06		665.785		
00:00:49:250		1.12824e+07		-5.33132		0		0		3.0294e+06		665.778		
00:00:49:200		1.12863e+07		-5.32759		0		0		3.02951e+06		666.12		
00:00:49:049		1.12978e+07		-5.31634		0		0		3.03035e+06		664.613		
00:00:48:950		1.13055e+07		-5.3088		0		0		3.03054e+06		664.498		
00:00:48:850		1.13132e+07		-5.30123		0		0		3.03335e+06		664.207		
00:00:48:750		1.13207e+07		-5.29362		0		0		3.03637e+06		663.761		
00:00:48:649		1.13284e+07		-5.28595		0		0		3.04156e+06		665.667		
00:00:48:549		1.13362e+07		-5.27824		0		0		3.04977e+06		668.046		
00:00:48:450		1.1344e+07		-5.27049		0		0		3.05648e+06		669.409		
00:00:48:350		1.13518e+07		-5.2627		0		0		3.06208e+06		671.045		
00:00:48:250		1.13596e+07		-5.25488		0		0		3.06813e+06		673.252		
00:00:48:149		1.13674e+07		-5.24702		0		0		3.0749e+06		676.81		
00:00:48:049		1.13751e+07		-5.23912		0		0		3.0791e+06		676.528		
00:00:47:950		1.13827e+07		-5.23119		0		0		3.07814e+06		675.988		
00:00:47:850		1.13904e+07		-5.22323		0		0		3.07917e+06		675.169		
00:00:47:750		1.13979e+07		-5.21524		0		0		3.08012e+06		675.146		
00:00:47:649		1.14055e+07		-5.2072		0		0		3.08337e+06		675.276		
00:00:47:549		1.14131e+07		-5.19912		0		0		3.08682e+06		675.354		
00:00:47:450		1.14207e+07		-5.19099		0		0		3.09174e+06		676.919		
00:00:47:450		1.14207e+07		-5.19099		0		0		3.09174e+06		676.919		
00:00:47:350		1.14283e+07		-5.18281		0		0		3.09878e+06		678.885		
00:00:47:149		1.14436e+07		-5.16634		0		0		3.1103e+06		681.809		
00:00:47:149		1.14436e+07		-5.16634		0		0		3.1103e+06		681.809		
00:00:46:950		1.14588e+07		-5.14971		0		0		3.12331e+06		687.654		
00:00:46:950		1.14588e+07		-5.14971		0		0		3.12331e+06		687.654		
00:00:46:850		1.14663e+07		-5.14134		0		0		3.12298e+06		684.304		
00:00:46:750		1.14739e+07		-5.13293		0		0		3.12078e+06		683.686		
00:00:46:649		1.14814e+07		-5.12449		0		0		3.12408e+06		684.511		
00:00:46:399		1.15003e+07		-5.10325		0		0		3.13469e+06		685.596		
00:00:46:399		1.15003e+07		-5.10325		0		0		3.13469e+06		685.596		
00:00:46:299		1.15078e+07		-5.09472		0		0		3.13993e+06		687.218		
00:00:46:149		1.15192e+07		-5.08189		0		0		3.14994e+06		689.391		
00:00:46:049		1.15268e+07		-5.07333		0		0		3.15575e+06		691.083		
00:00:46:049		1.15268e+07		-5.07333		0		0		3.15575e+06		691.083		
00:00:45:850		1.1542e+07		-5.05621		0		0		3.16965e+06		698.396		
00:00:45:850		1.1542e+07		-5.05621		0		0		3.16965e+06		698.396		
00:00:45:750		1.15496e+07		-5.04765		0		0		3.17115e+06		695.469		
00:00:45:549		1.15648e+07		-5.03049		0		0		3.16916e+06		693.961		
00:00:45:399		1.15762e+07		-5.01756		0		0		3.17655e+06		695.38		
00:00:45:399		1.15762e+07		-5.01756		0		0		3.17655e+06		695.38		
00:00:45:200		1.15914e+07		-5.00021		0		0		3.1864e+06		696.898		
00:00:45:200		1.15914e+07		-5.00021		0		0		3.1864e+06		696.898		
00:00:45:100		1.15991e+07		-4.99147		0		0		3.19312e+06		698.851		
00:00:45:000		1.16068e+07		-4.98271		0		0		3.19977e+06		700.439		
00:00:44:899		1.16145e+07		-4.97393		0		0		3.20606e+06		702.389		
00:00:44:799		1.16222e+07		-4.96513		0		0		3.21374e+06		707.388		
00:00:44:700		1.16297e+07		-4.95631		0		0		3.22017e+06		708.551		
00:00:44:600		1.16373e+07		-4.94745		0		0		3.21807e+06		704.601		
00:00:44:500		1.16449e+07		-4.93857		0		0		3.21547e+06		703.187		
00:00:44:399		1.16525e+07		-4.92964		0		0		3.21906e+06		704.426		
00:00:44:299		1.16602e+07		-4.92068		0		0		3.22481e+06		705.604		
00:00:44:200		1.16678e+07		-4.9117		0		0		3.23031e+06		706.206		
00:00:44:100		1.16755e+07		-4.90269		0		0		3.23579e+06		707.259		
00:00:44:000		1.16832e+07		-4.89366		0		0		3.24263e+06		709.238		
00:00:43:850		1.16947e+07		-4.88005		0		0		3.25329e+06		712.454		
00:00:43:750		1.17024e+07		-4.87095		0		0		3.26101e+06		717.059		
00:00:43:700		1.17062e+07		-4.8664		0		0		3.26533e+06		719.295		
00:00:43:600		1.17138e+07		-4.85727		0		0		3.26966e+06		718.406		
00:00:43:450		1.17252e+07		-4.84352		0		0		3.26441e+06		713.73		
00:00:43:350		1.17329e+07		-4.8343		0		0		3.26581e+06		714.405		
00:00:43:299		1.17367e+07		-4.82969		0		0		3.26867e+06		715.108		
00:00:43:149		1.17482e+07		-4.81581		0		0		3.27762e+06		716.306		
00:00:43:100		1.1752e+07		-4.81117		0		0		3.28055e+06		716.719		
00:00:43:000		1.17597e+07		-4.80187		0		0		3.28689e+06		718.326		
00:00:42:899		1.17673e+07		-4.79254		0		0		3.29455e+06		720.196		
00:00:42:799		1.17749e+07		-4.78316		0		0		3.30222e+06		722.79		
00:00:42:700		1.17826e+07		-4.77376		0		0		3.31056e+06		727.933		
00:00:42:450		1.18018e+07		-4.75015		0		0		3.31476e+06		725.143		
00:00:42:450		1.18018e+07		-4.75015		0		0		3.31476e+06		725.143		
00:00:42:350		1.18094e+07		-4.74068		0		0		3.31349e+06		724.078		
00:00:42:250		1.18171e+07		-4.73118		0		0		3.31793e+06		725.346		
00:00:42:149		1.18247e+07		-4.72167		0		0		3.32396e+06		726.298		
00:00:42:049		1.18323e+07		-4.71214		0		0		3.33013e+06		727.409		
00:00:41:950		1.18399e+07		-4.70259		0		0		3.337e+06		728.729		
00:00:41:850		1.18475e+07		-4.69301		0		0		3.3452e+06		731.15		
00:00:41:750		1.18551e+07		-4.68341		0		0		3.35363e+06		735.131		
00:00:41:649		1.18628e+07		-4.67379		0		0		3.36278e+06		740.086		
00:00:41:549		1.18705e+07		-4.66416		0		0		3.36743e+06		739.245		
00:00:41:450		1.18782e+07		-4.65453		0		0		3.36418e+06		736.226		
00:00:41:450		1.18782e+07		-4.65453		0		0		3.36418e+06		736.226		
00:00:41:350		1.18859e+07		-4.64493		0		0		3.36257e+06		734.443		
00:00:41:250		1.18935e+07		-4.63535		0		0		3.36605e+06		735.937		
00:00:41:149		1.19009e+07		-4.62578		0		0		3.37245e+06		736.617		
00:00:41:049		1.19082e+07		-4.61622		0		0		3.37839e+06		737.316		
00:00:40:950		1.19156e+07		-4.60664		0		0		3.38539e+06		738.902		
00:00:40:850		1.1923e+07		-4.59702		0		0		3.39435e+06		741.894		
00:00:40:750		1.19304e+07		-4.58738		0		0		3.40369e+06		746.464		
00:00:40:649		1.19378e+07		-4.5777		0		0		3.41278e+06		750.913		
00:00:40:450		1.19527e+07		-4.55829		0		0		3.41271e+06		746.583		
00:00:40:450		1.19527e+07		-4.55829		0		0		3.41271e+06		746.583		
00:00:40:299		1.19638e+07		-4.54367		0		0		3.41303e+06		745.645		
00:00:40:149		1.19749e+07		-4.52898		0		0		3.42268e+06		747.396		
00:00:40:000		1.1986e+07		-4.51423		0		0		3.43245e+06		748.918		
00:00:40:000		1.1986e+07		-4.51423		0		0		3.43245e+06		748.918		
00:00:39:899		1.19934e+07		-4.50436		0		0		3.44104e+06		751.807		
00:00:39:799		1.20008e+07		-4.49445		0		0		3.45109e+06		756.721		
00:00:39:750		1.20045e+07		-4.48948		0		0		3.45609e+06		759.515		
00:00:39:500		1.20232e+07		-4.46464		0		0		3.46062e+06		757.111		
00:00:39:399		1.20307e+07		-4.45471		0		0		3.46004e+06		755.141		
00:00:39:399		1.20307e+07		-4.45471		0		0		3.46004e+06		755.141		
00:00:39:299		1.20382e+07		-4.44478		0		0		3.46332e+06		756.471		
00:00:39:200		1.20457e+07		-4.43485		0		0		3.47034e+06		757.497		
00:00:39:100		1.20531e+07		-4.42493		0		0		3.47688e+06		758.232		
00:00:39:000		1.20606e+07		-4.415		0		0		3.48433e+06		760.537		
00:00:38:899		1.2068e+07		-4.40507		0		0		3.49408e+06		764.735		
00:00:38:799		1.20755e+07		-4.39513		0		0		3.50448e+06		770.204		
00:00:38:700		1.2083e+07		-4.38519		0		0		3.51071e+06		770.356		
00:00:38:600		1.20905e+07		-4.37525		0		0		3.50867e+06		767.959		
00:00:38:500		1.20979e+07		-4.36531		0		0		3.50784e+06		765.631		
00:00:38:399		1.21054e+07		-4.35536		0		0		3.50958e+06		766.043		
00:00:38:299		1.21129e+07		-4.34541		0		0		3.51656e+06		767.64		
00:00:38:200		1.21203e+07		-4.33545		0		0		3.52364e+06		768.236		
00:00:38:100		1.21277e+07		-4.32546		0		0		3.53134e+06		770.394		
00:00:38:000		1.21351e+07		-4.31546		0		0		3.54131e+06		775.39		
00:00:37:899		1.21424e+07		-4.30544		0		0		3.55201e+06		780.531		
00:00:37:799		1.21498e+07		-4.29542		0		0		3.55682e+06		779.334		
00:00:37:700		1.21572e+07		-4.28539		0		0		3.55477e+06		777.827		
00:00:37:600		1.21645e+07		-4.27534		0		0		3.55511e+06		775.719		
00:00:37:500		1.21718e+07		-4.26529		0		0		3.55736e+06		776.178		
00:00:37:399		1.21792e+07		-4.25521		0		0		3.56455e+06		777.672		
00:00:37:250		1.21902e+07		-4.2401		0		0		3.57589e+06		780.533		
00:00:37:149		1.21975e+07		-4.23002		0		0		3.58546e+06		784.968		
00:00:37:049		1.22049e+07		-4.21996		0		0		3.59663e+06		790.066		
00:00:36:950		1.22122e+07		-4.20992		0		0		3.60129e+06		788.87		
00:00:36:850		1.22196e+07		-4.19991		0		0		3.59943e+06		787.111		
00:00:36:750		1.22269e+07		-4.18993		0		0		3.60006e+06		785.414		
00:00:36:649		1.22343e+07		-4.17998		0		0		3.6035e+06		785.999		
00:00:36:549		1.22416e+07		-4.17005		0		0		3.61132e+06		787.416		
00:00:36:450		1.2249e+07		-4.16013		0		0		3.6196e+06		790.316		
00:00:36:450		1.2249e+07		-4.16013		0		0		3.6196e+06		790.316		
00:00:36:250		1.22637e+07		-4.14028		0		0		3.6393e+06		798.475		
00:00:36:250		1.22637e+07		-4.14028		0		0		3.6393e+06		798.475		
00:00:36:149		1.22711e+07		-4.13033		0		0		3.64013e+06		796.707		
00:00:36:049		1.22785e+07		-4.12033		0		0		3.64017e+06		795.79		
00:00:35:950		1.22859e+07		-4.11028		0		0		3.6419e+06		794.159		
00:00:35:850		1.22933e+07		-4.10016		0		0		3.64605e+06		795.604		
00:00:35:600		1.23118e+07		-4.07449		0		0		3.66771e+06		802.438		
00:00:35:600		1.23118e+07		-4.07449		0		0		3.66771e+06		802.438		
00:00:35:399		1.23266e+07		-4.0536		0		0		3.68491e+06		806.671		
00:00:35:399		1.23266e+07		-4.0536		0		0		3.68491e+06		806.671		
00:00:35:250		1.23377e+07		-4.0378		0		0		3.68345e+06		803.63		
00:00:35:250		1.23377e+07		-4.0378		0		0		3.68345e+06		803.63		
00:00:35:149		1.23451e+07		-4.02727		0		0		3.68685e+06		803.799		
00:00:35:049		1.23525e+07		-4.01678		0		0		3.69475e+06		807.175		
00:00:34:950		1.23599e+07		-4.0064		0		0		3.70484e+06		811.827		
00:00:34:850		1.23673e+07		-3.99617		0		0		3.71366e+06		814.329		
00:00:34:700		1.23784e+07		-3.98119		0		0		3.71563e+06		812.83		
00:00:34:500		1.23933e+07		-3.96192		0		12.1676		3.72011e+06		810.953		
00:00:34:399		1.24007e+07		-3.95252		0		0		3.72656e+06		812.623		
00:00:34:399		1.24007e+07		-3.95252		0		0		3.72656e+06		812.623		
00:00:34:299		1.24081e+07		-3.94322		0		0		3.73586e+06		814.94		
00:00:34:200		1.24156e+07		-3.93399		0		0		3.74591e+06		820.561		
00:00:34:100		1.2423e+07		-3.92477		0		0		3.75676e+06		824.159		
00:00:34:000		1.24304e+07		-3.91553		0		0		3.7594e+06		821.463		
00:00:33:899		1.24379e+07		-3.90624		0		0		3.75859e+06		820.186		
00:00:33:799		1.24453e+07		-3.89688		0		0		3.76229e+06		820.652		
00:00:33:700		1.24527e+07		-3.88743		0		0		3.76994e+06		823.976		
00:00:33:500		1.24676e+07		-3.86822		0		0		3.78871e+06		829.924		
00:00:33:399		1.24751e+07		-3.85847		0		0		3.79008e+06		828.702		
00:00:33:399		1.24751e+07		-3.85847		0		0		3.79008e+06		828.702		
00:00:33:299		1.24825e+07		-3.84863		0		0		3.79146e+06		827.734		
00:00:33:200		1.249e+07		-3.83871		0		0		3.79416e+06		826.536		
00:00:33:100		1.24975e+07		-3.82871		0		0		3.79967e+06		828.08		
00:00:33:000		1.25051e+07		-3.81864		0		0		3.80939e+06		830.822		
00:00:32:899		1.25126e+07		-3.80851		0		0		3.81982e+06		836.169		
00:00:32:750		1.25239e+07		-3.79322		0		0		3.83337e+06		839.037		
00:00:32:649		1.25314e+07		-3.78298		0		0		3.83321e+06		836.549		
00:00:32:549		1.25389e+07		-3.77269		0		0		3.83491e+06		835.683		
00:00:32:450		1.25464e+07		-3.76236		0		0		3.84023e+06		836.992		
00:00:32:350		1.25539e+07		-3.75199		0		0		3.84995e+06		841.575		
00:00:32:250		1.25613e+07		-3.74159		0		0		3.86079e+06		846.346		
00:00:32:149		1.25689e+07		-3.73117		0		0		3.86695e+06		845.941		
00:00:32:049		1.25765e+07		-3.72073		0		0		3.86737e+06		844.821		
00:00:31:949		1.2584e+07		-3.71027		0		0		3.86963e+06		843.741		
00:00:31:850		1.25915e+07		-3.6998		0		0		3.87343e+06		843.808		
00:00:31:750		1.25991e+07		-3.68931		0		0		3.88117e+06		846.148		
00:00:31:649		1.26066e+07		-3.6788		0		0		3.89169e+06		849.693		
00:00:31:550		1.26142e+07		-3.66828		0		0		3.90311e+06		855.331		
00:00:31:449		1.26218e+07		-3.65775		0		0		3.91099e+06		855.513		
00:00:31:350		1.26293e+07		-3.6472		0		0		3.91113e+06		853.32		
00:00:31:250		1.26369e+07		-3.63663		0		0		3.91294e+06		852.22		
00:00:31:149		1.26444e+07		-3.62604		0		0		3.91811e+06		853.187		
00:00:31:050		1.26519e+07		-3.61543		0		0		3.92792e+06		857.659		
00:00:30:949		1.26595e+07		-3.60481		0		0		3.93938e+06		862.635		
00:00:30:850		1.2667e+07		-3.59417		0		0		3.94701e+06		863.336		
00:00:30:750		1.26746e+07		-3.58352		0		0		3.94818e+06		861.926		
00:00:30:649		1.26822e+07		-3.57285		0		0		3.95017e+06		860.894		
00:00:30:550		1.26897e+07		-3.56217		0		0		3.95415e+06		860.382		
00:00:30:449		1.26973e+07		-3.55147		0		0		3.96155e+06		862.887		
00:00:30:449		1.26973e+07		-3.55147		0		0		3.96155e+06		862.887		
00:00:30:250		1.27125e+07		-3.52997		0		0		3.98428e+06		872.139		
00:00:30:250		1.27125e+07		-3.52997		0		0		3.98428e+06		872.139		
00:00:30:149		1.272e+07		-3.51919		0		0		3.99297e+06		873.286		
00:00:30:000		1.27314e+07		-3.50298		0		0		3.99455e+06		870.543		
00:00:29:899		1.27391e+07		-3.49216		0		0		3.9981e+06		869.856		
00:00:29:800		1.27467e+07		-3.48131		0		11.1594		4.00477e+06		871.927		
00:00:29:699		1.27543e+07		-3.47044		0		0		4.01608e+06		876.785		
00:00:29:500		1.27697e+07		-3.44865		0		0		4.03433e+06		881.356		
00:00:29:399		1.27774e+07		-3.43772		0		0		4.03582e+06		880.124		
00:00:29:399		1.27774e+07		-3.43772		0		0		4.03582e+06		880.124		
00:00:29:300		1.27851e+07		-3.42677		0		0		4.03882e+06		879.392		
00:00:29:199		1.27928e+07		-3.4158		0		0		4.04442e+06		879.632		
00:00:29:100		1.28006e+07		-3.4048		0		11.4176		4.05376e+06		883.687		
00:00:29:000		1.28083e+07		-3.39378		0		0		4.06587e+06		887.766		
00:00:28:899		1.28161e+07		-3.38273		0		0		4.07598e+06		890.977		
00:00:28:800		1.28239e+07		-3.37165		0		0		4.08136e+06		890.164		
00:00:28:699		1.28316e+07		-3.36054		0		0		4.08334e+06		889.384		
00:00:28:500		1.28473e+07		-3.33824		0		0		4.09628e+06		892.013		
00:00:28:399		1.28551e+07		-3.32705		0		0		4.10583e+06		895.718		
00:00:28:399		1.28551e+07		-3.32705		0		0		4.10583e+06		895.718		
00:00:28:300		1.2863e+07		-3.31584		0		0		4.11573e+06		898.041		
00:00:28:199		1.28708e+07		-3.30462		0		0		4.1227e+06		898.287		
00:00:28:100		1.28787e+07		-3.29338		0		0		4.12705e+06		897.913		
00:00:28:000		1.28866e+07		-3.28212		0		11.6085		4.13454e+06		900.846		
00:00:27:899		1.28945e+07		-3.27084		0		0		4.1456e+06		904.778		
00:00:27:800		1.29024e+07		-3.25954		0		0		4.15426e+06		907.079		
00:00:27:699		1.29103e+07		-3.24822		0		0		4.16007e+06		907.014		
00:00:27:600		1.29183e+07		-3.23687		0		0		4.16314e+06		907.842		
00:00:27:500		1.29302e+07		-3.21981		0		12.1065		4.17217e+06		909.266		
00:00:27:350		1.29382e+07		-3.20841		0		0		4.17945e+06		911.285		
00:00:27:250		1.29463e+07		-3.19698		0		0		4.18672e+06		912.603		
00:00:27:149		1.29543e+07		-3.18554		0		0		4.19289e+06		914.484		
00:00:27:050		1.29623e+07		-3.17408		0		0		4.2004e+06		916.618		
00:00:26:949		1.29704e+07		-3.16258		0		0		4.20712e+06		917.723		
00:00:26:850		1.29784e+07		-3.15107		0		10.1487		4.21149e+06		917.237		
00:00:26:750		1.29865e+07		-3.13952		0		0		4.21632e+06		919.112		
00:00:26:649		1.29946e+07		-3.12795		0		0		4.22483e+06		921.057		
00:00:26:550		1.30027e+07		-3.11635		0		0		4.23189e+06		921.572		
00:00:26:449		1.30108e+07		-3.10472		0		10.3566		4.23781e+06		922.381		
00:00:26:449		1.30108e+07		-3.10472		0		10.3566		4.23781e+06		922.381		
00:00:26:350		1.3019e+07		-3.09306		0		10.0084		4.24555e+06		925.789		
00:00:26:250		1.30271e+07		-3.08138		0		0		4.25515e+06		929.006		
00:00:26:149		1.30353e+07		-3.06967		0		10.7634		4.26086e+06		927.288		
00:00:26:050		1.30435e+07		-3.05793		0		9.93773		4.2639e+06		928.656		
00:00:25:949		1.30517e+07		-3.04617		0		0		4.27211e+06		930.478		
00:00:25:850		1.306e+07		-3.03438		0		10.3566		4.27894e+06		930.883		
00:00:25:750		1.30682e+07		-3.02257		0		10.7634		4.28567e+06		932.249		
00:00:25:649		1.30764e+07		-3.01073		0		11.6085		4.29483e+06		936.155		
00:00:25:449		1.3093e+07		-2.98696		0		0		4.31288e+06		939.188		
00:00:25:449		1.3093e+07		-2.98696		0		0		4.31288e+06		939.188		
00:00:25:300		1.31054e+07		-2.96903		0		10.7634		4.31797e+06		939.638		
00:00:25:199		1.31138e+07		-2.95706		0		10.5614		4.32524e+06		941.04		
00:00:25:100		1.31221e+07		-2.94505		0		11.2244		4.33316e+06		942.328		
00:00:25:000		1.31305e+07		-2.93303		0		11.7345		4.34134e+06		944.209		
00:00:24:899		1.31389e+07		-2.92097		0		11.3535		4.35133e+06		948.195		
00:00:24:850		1.31431e+07		-2.91493		0		0		4.3567e+06		950.439		
00:00:24:750		1.31515e+07		-2.90283		0		0		4.36573e+06		951.062		
00:00:24:500		1.31726e+07		-2.87245		0		11.3535		4.37795e+06		952.252		
00:00:24:399		1.31811e+07		-2.86024		0		11.7971		4.38599e+06		953.692		
00:00:24:399		1.31811e+07		-2.86024		0		11.7971		4.38599e+06		953.692		
00:00:24:300		1.31896e+07		-2.848		0		12.47		4.3943e+06		955.18		
00:00:24:199		1.31981e+07		-2.83573		0		12.1676		4.40379e+06		958.968		
00:00:24:100		1.32066e+07		-2.82342		0		11.0941		4.41457e+06		963.09		
00:00:24:000		1.32152e+07		-2.81108		0		11.9216		4.42214e+06		962.364		
00:00:23:899		1.32238e+07		-2.79871		0		12.0451		4.42495e+06		962.27		
00:00:23:800		1.32324e+07		-2.78631		0		12.1065		4.43169e+06		963.649		
00:00:23:699		1.3241e+07		-2.77388		0		12.2893		4.43982e+06		965.17		
00:00:23:600		1.32497e+07		-2.76143		0		13.1739		4.44833e+06		966.516		
00:00:23:399		1.32671e+07		-2.73644		0		11.6716		4.46858e+06		974.261		
00:00:23:399		1.32671e+07		-2.73644		0		11.6716		4.46858e+06		974.261		
00:00:23:300		1.32758e+07		-2.7239		0		12.5894		4.47757e+06		974.561		
00:00:23:100		1.32934e+07		-2.69873		0		12.7669		4.48679e+06		975.337		
00:00:23:100		1.32934e+07		-2.69873		0		12.7669		4.48679e+06		975.337		
00:00:23:000		1.33023e+07		-2.68609		0		12.7669		4.49497e+06		976.938		
00:00:22:899		1.33111e+07		-2.67341		0		13.6834		4.5036e+06		978.398		
00:00:22:800		1.332e+07		-2.66071		0		14.0697		4.51245e+06		981.012		
00:00:22:699		1.3329e+07		-2.64796		0		12.6488		4.52336e+06		985.057		
00:00:22:500		1.33468e+07		-2.62236		0		13.4588		4.53858e+06		986.371		
00:00:22:399		1.33558e+07		-2.60949		0		13.5152		4.54345e+06		987.282		
00:00:22:399		1.33558e+07		-2.60949		0		13.5152		4.54345e+06		987.282		
00:00:22:300		1.33649e+07		-2.59659		0		13.4588		4.55132e+06		988.865		
00:00:22:149		1.33784e+07		-2.57715		0		0		4.56451e+06		991.133		
00:00:22:050		1.33875e+07		-2.56415		0		0		4.57363e+06		993.971		
00:00:21:949		1.33966e+07		-2.5511		0		10.0787		4.58495e+06		998.405		
00:00:21:850		1.34057e+07		-2.53802		0		10.6964		4.59502e+06		1000.05		
00:00:21:750		1.34149e+07		-2.52489		0		11.0941		4.59931e+06		999.356		
00:00:21:649		1.34241e+07		-2.51173		0		10.8302		4.60502e+06		1000.26		
00:00:21:550		1.34332e+07		-2.49854		0		14.1785		4.6133e+06		1001.94		
00:00:21:449		1.34424e+07		-2.48533		0		11.4815		4.62228e+06		1003.6		
00:00:21:350		1.34516e+07		-2.47208		0		12.0451		4.63141e+06		1005.41		
00:00:21:250		1.34607e+07		-2.45879		0		14.6076		4.64186e+06		1009.56		
00:00:21:149		1.34699e+07		-2.44546		0		10.8966		4.65317e+06		1013.33		
00:00:21:050		1.34791e+07		-2.43208		0		11.3535		4.66043e+06		1012.34		
00:00:20:949		1.34884e+07		-2.41866		0		11.5452		4.66456e+06		1012.85		
00:00:20:899		1.3493e+07		-2.41193		0		0		4.66815e+06		1013.59		
00:00:20:800		1.3507e+07		-2.39167		0		11.7971		4.68118e+06		1016.26		
00:00:20:649		1.35164e+07		-2.3781		0		12.7079		4.69051e+06		1017.94		
00:00:20:550		1.35258e+07		-2.3645		0		12.6488		4.70015e+06		1021		
00:00:20:449		1.35352e+07		-2.35084		0		11.3535		4.71198e+06		1025.46		
00:00:20:350		1.35447e+07		-2.33714		0		12.1676		4.72162e+06		1026.02		
00:00:20:250		1.35542e+07		-2.32339		0		12.2893		4.72565e+06		1025.74		
00:00:20:250		1.35542e+07		-2.32339		0		12.2893		4.72565e+06		1025.74		
00:00:20:149		1.35637e+07		-2.30959		0		12.47		4.73244e+06		1027.09		
00:00:20:050		1.35733e+07		-2.29574		0		12.3497		4.74134e+06		1028.88		
00:00:19:949		1.35829e+07		-2.28185		0		10.1487		4.75073e+06		1030.59		
00:00:19:850		1.35925e+07		-2.26791		0		10.5614		4.76027e+06		1032.98		
00:00:19:750		1.36021e+07		-2.25393		0		12.47		4.77158e+06		1037.33		
00:00:19:649		1.36118e+07		-2.23991		0		12.6488		4.783e+06		1040.31		
00:00:19:449		1.36312e+07		-2.21177		0		10.1487		4.79453e+06		1040.34		
00:00:19:300		1.36459e+07		-2.19058		0		10.1487		4.80756e+06		1042.78		
00:00:19:300		1.36459e+07		-2.19058		0		10.1487		4.80756e+06		1042.78		
00:00:19:199		1.36557e+07		-2.17642		0		10.9627		4.81708e+06		1044.47		
00:00:19:100		1.36656e+07		-2.16225		0		11.4176		4.82672e+06		1046.78		
00:00:19:050		1.36705e+07		-2.15516		0		10.9627		4.83207e+06		1049.06		
00:00:18:949		1.36803e+07		-2.14096		0		10.2876		4.8443e+06		1053.44		
00:00:18:850		1.36901e+07		-2.12676		0		10.7634		4.85343e+06		1053.32		
00:00:18:750		1.37e+07		-2.11257		0		10.9627		4.85765e+06		1053.49		
00:00:18:649		1.37099e+07		-2.09839		0		11.0941		4.8651e+06		1054.94		
00:00:18:399		1.37348e+07		-2.06302		0		12.1065		4.88889e+06		1059.35		
00:00:18:399		1.37348e+07		-2.06302		0		12.1065		4.88889e+06		1059.35		
00:00:18:300		1.37448e+07		-2.04891		0		11.9216		4.8992e+06		1063.18		
00:00:18:199		1.37549e+07		-2.03482		0		11.0286		4.91155e+06		1067.48		
00:00:18:100		1.37649e+07		-2.02077		0		11.4815		4.92057e+06		1067.27		
00:00:18:000		1.37751e+07		-2.00676		0		11.7345		4.92511e+06		1067.69		
00:00:17:899		1.37852e+07		-1.9928		0		11.9216		4.933e+06		1069.56		
00:00:17:800		1.37955e+07		-1.97889		0		12.0451		4.94245e+06		1071.03		
00:00:17:699		1.38057e+07		-1.96503		0		13.1739		4.95229e+06		1072.74		
00:00:17:600		1.3816e+07		-1.95122		0		12.8257		4.96233e+06		1075.91		
00:00:17:399		1.38367e+07		-1.92378		0		12.5894		4.9845e+06		1080.68		
00:00:17:399		1.38367e+07		-1.92378		0		12.5894		4.9845e+06		1080.68		
00:00:17:300		1.38471e+07		-1.91016		0		12.9425		4.98912e+06		1081.06		
00:00:17:199		1.38575e+07		-1.8966		0		13.1164		4.99714e+06		1082.89		
00:00:17:100		1.3868e+07		-1.88311		0		13.85		5.0067e+06		1084.46		
00:00:17:000		1.38785e+07		-1.86969		0		13.85		5.01679e+06		1086.87		
00:00:16:899		1.38891e+07		-1.85634		0		13.4022		5.02779e+06		1091.05		
00:00:16:800		1.38998e+07		-1.84308		0		13.7946		5.03814e+06		1091.53		
00:00:16:699		1.39105e+07		-1.82987		0		14.1785		5.0445e+06		1092.64		
00:00:16:550		1.39267e+07		-1.81013		0		14.6076		5.05806e+06		1095.52		
00:00:16:350		1.39486e+07		-1.78388		0		14.7659		5.07842e+06		1100.16		
00:00:16:350		1.39486e+07		-1.78388		0		14.7659		5.07842e+06		1100.16		
00:00:16:250		1.39597e+07		-1.77075		0		14.975		5.0871e+06		1102.09		
00:00:16:149		1.3971e+07		-1.75758		0		15.2843		5.09643e+06		1104.29		
00:00:16:100		1.39767e+07		-1.75099		0		15.3863		5.10124e+06		1105.17		
00:00:16:000		1.39882e+07		-1.73774		0		15.4878		5.11104e+06		1107.23		
00:00:15:849		1.40058e+07		-1.71775		0		15.6892		5.12561e+06		1109.97		
00:00:15:750		1.40179e+07		-1.70431		0		15.938		5.13514e+06		1111.77		
00:00:15:650		1.40302e+07		-1.69077		0		16.1349		5.14488e+06		1113.82		
00:00:15:550		1.40429e+07		-1.67712		0		16.3299		5.15471e+06		1115.93		
00:00:15:449		1.4056e+07		-1.66337		0		16.5709		5.16454e+06		1118.06		
00:00:15:400		1.40627e+07		-1.65647		0		16.6188		5.16945e+06		1119.22		
00:00:15:250		1.40828e+07		-1.63563		0		16.9509		5.18431e+06		1122.06		
00:00:15:150		1.40962e+07		-1.62159		0		17.1849		5.19432e+06		1124.32		
00:00:15:050		1.41095e+07		-1.60743		0		17.3702		5.20436e+06		1126.33		
00:00:15:050		1.41095e+07		-1.60743		0		17.3702		5.20436e+06		1126.33		
00:00:14:949		1.41227e+07		-1.5931		0		17.5082		5.21445e+06		1128.23		
00:00:14:849		1.41356e+07		-1.57857		0		17.7361		5.2246e+06		1130.35		
00:00:14:650		1.41592e+07		-1.54879		0		18.1405		5.24499e+06		1134.66		
00:00:14:550		1.417e+07		-1.53372		0		18.362		5.25523e+06		1136.97		
00:00:14:449		1.41807e+07		-1.51859		0		18.5814		5.26552e+06		1139.04		
00:00:14:349		1.41915e+07		-1.50341		0		18.7986		5.27585e+06		1140.97		
00:00:14:250		1.4202e+07		-1.48817		0		19.0137		5.28624e+06		1143.17		
00:00:14:150		1.42128e+07		-1.47286		0		19.1419		5.29667e+06		1145.46		
00:00:14:150		1.42128e+07		-1.47286		0		19.1419		5.29667e+06		1145.46		
00:00:14:050		1.42234e+07		-1.45753		0		19.3538		5.30714e+06		1147.41		
00:00:13:949		1.42341e+07		-1.44214		0		19.5221		5.31767e+06		1149.59		
00:00:13:849		1.42446e+07		-1.42669		0		19.7721		5.32826e+06		1151.81		
00:00:13:750		1.42553e+07		-1.41119		0		19.9785		5.33892e+06		1154.15		
00:00:13:650		1.42657e+07		-1.3957		0		20.3051		5.34965e+06		1156.14		
00:00:13:400		1.42921e+07		-1.35682		0		20.8663		5.37677e+06		1161.78		
00:00:13:300		1.43029e+07		-1.34121		0		21.0243		5.38771e+06		1164.13		
00:00:13:300		1.43029e+07		-1.34121		0		21.0243		5.38771e+06		1164.13		
00:00:13:199		1.43136e+07		-1.32556		0		21.2594		5.39869e+06		1166.75		
00:00:13:099		1.43244e+07		-1.30985		0		21.4537		5.40974e+06		1168.89		
00:00:13:000		1.4335e+07		-1.2941		0.0662797		21.685		5.42089e+06		1170.75		
00:00:12:900		1.43457e+07		-1.27829		0.198935		21.8761		5.43213e+06		1173.08		
00:00:12:800		1.43562e+07		-1.26243		0.330783		22.1035		5.44344e+06		1175.48		
00:00:12:699		1.43668e+07		-1.24651		0.46114		22.2916		5.45483e+06		1178.12		
00:00:12:599		1.43773e+07		-1.23053		0.589368		22.4783		5.46631e+06		1180.02		
00:00:12:400		1.43981e+07		-1.19841		0.836799		22.8111		5.48953e+06		1184.74		
00:00:12:400		1.43981e+07		-1.19841		0.836799		22.8111		5.48953e+06		1184.74		
00:00:12:300		1.44084e+07		-1.18225		0.954799		22.9942		5.50128e+06		1187.13		
00:00:12:199		1.44185e+07		-1.16603		1.06847		23.1761		5.51315e+06		1189.54		
00:00:12:099		1.44284e+07		-1.14975		1.17739		23.2846		5.52512e+06		1191.98		
00:00:12:000		1.44381e+07		-1.13339		1.28126		23.4646		5.53721e+06		1194.45		
00:00:11:900		1.44475e+07		-1.11702		1.37991		23.572		5.54941e+06		1196.93		
00:00:11:800		1.4457e+07		-1.1007		1.4732		23.7145		5.56168e+06		1199.41		
00:00:11:699		1.4467e+07		-1.08444		1.56127		23.8209		5.57405e+06		1201.91		
00:00:11:599		1.44776e+07		-1.06817		1.64399		23.927		5.58653e+06		1204.43		
00:00:11:400		1.44975e+07		-1.03517		1.79154		24.1028		5.61192e+06		1209.55		
00:00:11:400		1.44975e+07		-1.03517		1.79154		24.1028		5.61192e+06		1209.55		
00:00:11:300		1.45068e+07		-1.01852		1.85816		24.1728		5.62486e+06		1212.18		
00:00:11:199		1.45159e+07		-1.00182		1.92342		24.2078		5.63796e+06		1214.85		
00:00:11:099		1.45246e+07		-0.984982		1.98767		25.2703		5.65119e+06		1217.6		
00:00:11:000		1.45319e+07		-0.968122		2.04978		32.971		5.66457e+06		1220.46		
00:00:10:849		1.4543e+07		-0.943099		2.15047		40.5537		5.68481e+06		1224.54		
00:00:10:750		1.4551e+07		-0.926631		2.21272		43.999		5.69836e+06		1227.39		
00:00:10:650		1.45594e+07		-0.910361		2.26683		46.5941		5.71192e+06		1230.26		
00:00:10:449		1.45788e+07		-0.878414		2.36335		50.2542		5.73904e+06		1235.81		
00:00:10:349		1.45896e+07		-0.862593		2.40502		51.58		5.75269e+06		1238.73		
00:00:10:349		1.45896e+07		-0.862593		2.40502		51.58		5.75269e+06		1238.73		
00:00:10:250		1.46004e+07		-0.84678		2.44441		52.6322		5.76638e+06		1241.79		
00:00:10:150		1.46111e+07		-0.830976		2.48159		53.4087		5.78006e+06		1244.4		
00:00:10:050		1.46218e+07		-0.815174		2.51683		54.2086		5.79369e+06		1247.29		
00:00:10:050		1.46218e+07		-0.815174		2.51683		54.2086		5.79369e+06		1247.29		
00:00:09:949		1.46325e+07		-0.799376		2.55029		54.8975		5.80729e+06		1250.46		
00:00:09:750		1.4654e+07		-0.767813		2.61379		56.0226		5.83474e+06		1255.9		
00:00:09:650		1.46647e+07		-0.752059		2.64208		56.4636		5.84856e+06		1258.56		
00:00:09:550		1.46753e+07		-0.736329		2.66889		56.8367		5.86241e+06		1261.55		
00:00:09:449		1.4686e+07		-0.720623		2.69375		57.1753		5.8762e+06		1264.63		
00:00:09:449		1.4686e+07		-0.720623		2.69375		57.1753		5.8762e+06		1264.63		
00:00:09:349		1.46966e+07		-0.704943		2.71698		57.4801		5.88991e+06		1267.36		
00:00:09:150		1.47178e+07		-0.673694		2.76068		57.9901		5.91731e+06		1272.74		
00:00:09:150		1.47178e+07		-0.673694		2.76068		57.9901		5.91731e+06		1272.74		
00:00:09:050		1.47283e+07		-0.658133		2.781		58.2118		5.93112e+06		1275.68		
00:00:08:900		1.47441e+07		-0.634873		2.80946		58.4486		5.95192e+06		1279.83		
00:00:08:750		1.47598e+07		-0.611721		2.83551		58.6844		5.97279e+06		1284.25		
00:00:08:650		1.47702e+07		-0.596354		2.85153		58.7942		5.98672e+06		1287.48		
00:00:08:550		1.47806e+07		-0.58105		2.86703		58.9194		6.00069e+06		1289.93		
00:00:08:449		1.4791e+07		-0.56581		2.88238		59.0132		6.01471e+06		1293.1		
00:00:08:349		1.48014e+07		-0.550635		2.89679		59.0912		6.02876e+06		1296.03		
00:00:08:349		1.48014e+07		-0.550635		2.89679		59.0912		6.02876e+06		1296.03		
00:00:08:250		1.48117e+07		-0.535525		2.91015		59.1379		6.04279e+06		1299		
00:00:08:150		1.4822e+07		-0.52049		2.9226		59.0444		6.05672e+06		1301.33		
00:00:08:050		1.48323e+07		-0.505538		2.93396		58.9194		6.07056e+06		1304.09		
00:00:07:900		1.48476e+07		-0.483271		2.95087		58.8725		6.09124e+06		1308.13		
00:00:07:799		1.48578e+07		-0.468541		2.96119		58.9194		6.10517e+06		1310.89		
00:00:07:700		1.4868e+07		-0.453909		2.9707		58.8255		6.1193e+06		1313.76		
00:00:07:500		1.48884e+07		-0.424943		2.98919		58.5273		6.14821e+06		1319.6		
00:00:07:400		1.48986e+07		-0.410607		2.99723		58.3066		6.16315e+06		1322.29		
00:00:07:400		1.48986e+07		-0.410607		2.99723		58.3066		6.16315e+06		1322.29		
00:00:07:299		1.49088e+07		-0.396375		3.00474		58.0694		6.17862e+06		1325.04		
00:00:07:200		1.49189e+07		-0.382256		3.01169		57.7356		6.19476e+06		1327.67		
00:00:07:099		1.49291e+07		-0.36825		3.01809		57.0143		6.21148e+06		1331.06		
00:00:07:000		1.49393e+07		-0.354368		3.02424		56.1863		6.22854e+06		1334.53		
00:00:06:950		1.49443e+07		-0.347481		3.02722		55.7433		6.23714e+06		1336.29		
00:00:06:799		1.49596e+07		-0.327006		3.03614		54.124		6.26312e+06		1341.64		
00:00:06:700		1.49699e+07		-0.313508		3.04203		52.9268		6.28057e+06		1345.38		
00:00:06:650		1.4975e+07		-0.306796		3.04463		52.3535		6.28932e+06		1347.43		
00:00:06:500		1.49906e+07		-0.286851		3.0499		50.4894		6.31576e+06		1352.16		
00:00:06:400		1.5001e+07		-0.273727		3.05209		49.1919		6.33348e+06		1355.73		
00:00:06:299		1.50116e+07		-0.260737		3.05493		47.8049		6.35128e+06		1359.31		
00:00:06:200		1.50223e+07		-0.247869		3.05753		46.3601		6.36916e+06		1362.9		
00:00:06:099		1.50331e+07		-0.235116		3.05922		44.6911		6.38712e+06		1366.47		
00:00:06:000		1.50441e+07		-0.222467		3.06021		42.7526		6.40514e+06		1370.03		
00:00:05:900		1.50553e+07		-0.209894		3.06013		40.1988		6.42322e+06		1373.53		
00:00:05:799		1.50666e+07		-0.197392		3.05896		37.7481		6.44134e+06		1376.9		
00:00:05:700		1.50777e+07		-0.184858		3.05763		37.9363		6.45953e+06		1380.17		
00:00:05:500		1.50965e+07		-0.159676		3.05441		34.1763		6.49726e+06		1387.01		
00:00:05:400		1.51053e+07		-0.147328		3.05067		31.9995		6.51659e+06		1389.92		
00:00:05:400		1.51053e+07		-0.147328		3.05067		31.9995		6.51659e+06		1389.92		
00:00:05:299		1.51142e+07		-0.135161		3.0459		29.857		6.53581e+06		1391.63		
00:00:05:200		1.51278e+07		-0.117262		3.03703		26.9071		6.56393e+06		1384.6		
00:00:05:049		1.51371e+07		-0.105581		3.03131		25.1692		6.58172e+06		1365.07		
00:00:04:950		1.51467e+07		-0.0940871		3.02333		23.6433		6.59837e+06		1307.78		
00:00:04:849		1.51564e+07		-0.0827713		3.01321		22.1789		6.61383e+06		1252.53		
00:00:04:750		1.51664e+07		-0.0716233		3.00216		20.9059		6.6282e+06		1200.99		
00:00:04:650		1.51765e+07		-0.0606151		2.9917		19.7306		6.64156e+06		1153.78		
00:00:04:450		1.51967e+07		-0.039011		2.97053		17.8266		6.66562e+06		1072.83		
00:00:04:349		1.52067e+07		-0.0284562		2.95783		17.2777		6.67651e+06		1038.81		
00:00:04:349		1.52067e+07		-0.0284562		2.95783		17.2777		6.67651e+06		1038.81		
00:00:04:250		1.52167e+07		-0.0180626		2.94214		19.3116		6.68675e+06		1008.68		
00:00:04:150		1.52266e+07		-0.00783348		2.92721		29.1219		6.69639e+06		982.095		
00:00:04:049		1.52365e+07		0.00223207		2.91457		38.7499		6.70551e+06		958.736		
00:00:03:950		1.52463e+07		0.0121331		2.9027		47.2319		6.71417e+06		938.09		
00:00:03:850		1.52561e+07		0.0218596		2.88635		55.0477		6.72242e+06		919.533		
00:00:03:750		1.52659e+07		0.0313926		2.86417		62.4478		6.73029e+06		903.292		
00:00:03:649		1.52756e+07		0.040689		2.84234		69.5714		6.7378e+06		888.556		
00:00:03:549		1.52852e+07		0.0497413		2.82837		76.5163		6.745e+06		875.267		
00:00:03:500		1.529e+07		0.0541787		2.82496		79.9137		6.74847e+06		869.01		
00:00:03:350		1.53042e+07		0.0671768		2.80576		89.8394		6.75845e+06		851.291		
00:00:03:250		1.53042e+07		0.0671768		2.80576		89.8394		6.75845e+06		851.291		
00:00:03:250		1.53138e+07		0.0755949		2.77265		96.185		6.76471e+06		839.163		
00:00:03:149		1.53236e+07		0.083787		2.73777		102.365		6.77067e+06		826.639		
00:00:03:049		1.53335e+07		0.0916719		2.72413		108.502		6.77629e+06		812.506		
00:00:02:850		1.53524e+07		0.106065		2.736		119.835		6.78665e+06		786.811		
00:00:02:850		1.53524e+07		0.106065		2.736		119.835		6.78665e+06		786.811		
00:00:02:750		1.53603e+07		0.112533		2.67063		125.014		6.79147e+06		775.258		
00:00:02:549		1.53749e+07		0.124506		2.57777		136.071		6.80067e+06		756.102		
00:00:02:450		1.53834e+07		0.130497		2.69345		142.346		6.80524e+06		749.423		
00:00:02:350		1.53924e+07		0.136264		2.76565		151.34		6.80998e+06		746.14		
00:00:02:250		1.54013e+07		0.141782		2.80088		168.259		6.81506e+06		748.038		
00:00:02:149		1.54103e+07		0.147078		2.82854		200.763		6.82071e+06		758.044		
00:00:02:049		1.54194e+07		0.152139		2.84837		245.977		6.82723e+06		780.378		
00:00:01:949		1.54289e+07		0.156899		2.86158		293.302		6.83493e+06		821.034		
00:00:01:850		1.54388e+07		0.161224		2.86736		338.608		6.84392e+06		883.887		
00:00:01:750		1.54488e+07		0.164946		2.87386		379.839		6.85397e+06		942.66		
00:00:01:649		1.54582e+07		0.167928		2.87668		416.124		6.86465e+06		973.853		
00:00:01:649		1.54582e+07		0.167928		2.87668		416.124		6.86465e+06		973.853		
00:00:01:449		1.54718e+07		0.171541		2.87096		474.218		6.88702e+06		1013.85		
00:00:01:449		1.54718e+07		0.171541		2.87096		474.218		6.88702e+06		1013.85		
00:00:01:350		1.54755e+07		0.172347		2.86362		496.262		6.89804e+06		1004.9		
00:00:01:149		1.54784e+07		0.17284		2.8437		521.191		6.91791e+06		983.785		
00:00:01:050		1.54786e+07		0.172855		2.83719		526.214		6.92827e+06		973.372		
00:00:01:050		1.54786e+07		0.172855		2.83719		526.214		6.92827e+06		973.372		
00:00:00:900		1.54786e+07		0.172843		2.83549		529.87		6.94363e+06		947.863		
00:00:00:800		1.54786e+07		0.17284		2.83552		530.252		6.95243e+06		918.931		
00:00:00:699		1.54786e+07		0.17284		2.83566		530.206		6.95932e+06		873.765		
00:00:00:599		1.54786e+07		0.172839		2.83569		530.208		6.9636e+06		801.799		
00:00:00:500		1.54786e+07		0.172839		2.83573		530.21		6.96485e+06		526.825		
00:00:00:400		1.54786e+07		0.17284		2.83568		530.214		6.96485e+06		526.826		
00:00:00:299		1.54786e+07		0.17284		2.83568		530.217		6.96485e+06		526.827		
00:00:00:200		1.54785e+07		0.17284		2.83572		530.221		6.96484e+06		526.827		
00:00:00:100		1.54785e+07		0.17284		2.83572		530.221		6.96484e+06		526.825		
00:00:00:000		1.54785e+07		0.17284		2.83571		530.225		6.96483e+06		526.826		
00:00:00:000		1.54785e+07		0.17284		2.83571		530.225		6.96483e+06		526.826		
00:00:00:000		1.54785e+07		0.17284		2.83571		530.225		6.96483e+06		526.826		
00:00:00:000		1.54785e+07		0.17284		2.83571		530.225		6.96483e+06		526.826		
00:00:00:000		1.54785e+07		0.17284		2.83571		530.225		6.96483e+06		526.826		
00:00:00:000		1.54785e+07		0.17284		2.83571		530.225		6.96483e+06		526.826		
