	time 		rcpppzr	rcp054rcp007mnzoyout	rcv501std0102fvol	fwfrcp001gv	rcppmssga	msfsg(1)	
00:01:01:750		9.73246e+06		-5.84989		0		0		2.44155e+06		581.624		
00:01:01:649		9.74582e+06		-5.85025		0		0		2.44375e+06		581.958		
00:01:01:549		9.75902e+06		-5.85061		0		0		2.4469e+06		582.479		
00:01:01:450		9.77212e+06		-5.85097		0		0		2.45018e+06		582.755		
00:01:01:350		9.78517e+06		-5.85134		0		0		2.45464e+06		583.951		
00:01:01:149		9.81108e+06		-5.85204		0		0		2.46587e+06		586.973		
00:01:01:049		9.82393e+06		-5.85235		0		0		2.46996e+06		587.865		
00:01:01:049		9.82393e+06		-5.85235		0		0		2.46996e+06		587.865		
00:01:00:950		9.83668e+06		-5.85264		0		0		2.47442e+06		589.332		
00:01:00:950		9.83668e+06		-5.85264		0		0		2.47442e+06		589.332		
00:01:00:850		9.84935e+06		-5.85291		0		0		2.47953e+06		591.311		
00:01:00:649		9.87453e+06		-5.85342		0		0		2.4844e+06		591.597		
00:01:00:549		9.88704e+06		-5.85368		0		0		2.48702e+06		592.034		
00:01:00:450		9.89942e+06		-5.85397		0		0		2.49048e+06		592.528		
00:01:00:350		9.9118e+06		-5.85429		0		0		2.49404e+06		592.711		
00:01:00:149		9.93669e+06		-5.85508		0		0		2.50573e+06		596.408		
00:01:00:049		9.93669e+06		-5.85508		0		0		2.50573e+06		596.408		
00:01:00:049		9.94917e+06		-5.85557		0		0		2.51101e+06		597.621		
00:01:00:049		9.94917e+06		-5.85557		0		0		2.51101e+06		597.621		
00:00:59:950		9.96164e+06		-5.85613		0		0		2.51542e+06		598.724		
00:00:59:850		9.97407e+06		-5.85676		0		0		2.51997e+06		600.31		
00:00:59:750		9.98648e+06		-5.85745		0		0		2.52493e+06		602.458		
00:00:59:700		9.99268e+06		-5.85781		0		0		2.52681e+06		602.679		
00:00:59:549		1.00113e+07		-5.85895		0		0		2.52791e+06		601.844		
00:00:59:450		1.00238e+07		-5.85971		0		0		2.53077e+06		602.302		
00:00:59:350		1.00363e+07		-5.86042		0		0		2.53435e+06		602.878		
00:00:59:200		1.00548e+07		-5.8613		0		0		2.54013e+06		603.656		
00:00:59:200		1.00548e+07		-5.8613		0		0		2.54013e+06		603.656		
00:00:59:100		1.00672e+07		-5.86167		0		0		2.54617e+06		605.645		
00:00:59:000		1.00795e+07		-5.86183		0		0		2.55309e+06		607.752		
00:00:58:899		1.00978e+07		-5.86159		0		0		2.5603e+06		609.708		
00:00:58:750		1.01098e+07		-5.86107		0		0		2.5643e+06		610.958		
00:00:58:649		1.01218e+07		-5.86024		0		0		2.56817e+06		612.709		
00:00:58:549		1.01337e+07		-5.85908		0		0		2.57099e+06		613.045		
00:00:58:450		1.01456e+07		-5.85758		0		0		2.57058e+06		611.649		
00:00:58:350		1.01574e+07		-5.85576		0		0		2.57251e+06		612.132		
00:00:58:149		1.01809e+07		-5.85121		0		0		2.5807e+06		613.754		
00:00:58:149		1.01809e+07		-5.85121		0		0		2.5807e+06		613.754		
00:00:58:049		1.01926e+07		-5.84856		0		0		2.58539e+06		614.751		
00:00:57:950		1.02043e+07		-5.84575		0		0		2.59067e+06		616.437		
00:00:57:850		1.02159e+07		-5.84285		0		0		2.59653e+06		618.41		
00:00:57:750		1.02274e+07		-5.83993		0		0		2.60112e+06		619.735		
00:00:57:649		1.02388e+07		-5.83709		0		0		2.60432e+06		620.418		
00:00:57:549		1.02502e+07		-5.83442		0		0		2.60699e+06		621.38		
00:00:57:450		1.02615e+07		-5.83201		0		0		2.6105e+06		623.086		
00:00:57:350		1.02784e+07		-5.82899		0		0		2.61118e+06		621.293		
00:00:57:200		1.02897e+07		-5.82699		0		0		2.61198e+06		621.242		
00:00:57:149		1.02953e+07		-5.82596		0		0		2.61397e+06		621.661		
00:00:57:049		1.03066e+07		-5.82383		0		0		2.61856e+06		622.695		
00:00:56:950		1.03178e+07		-5.82163		0		0		2.62371e+06		623.997		
00:00:56:850		1.03346e+07		-5.81817		0		0		2.63184e+06		626.479		
00:00:56:700		1.03457e+07		-5.81577		0		0		2.63707e+06		628.269		
00:00:56:600		1.03567e+07		-5.81329		0		0		2.64099e+06		629.175		
00:00:56:500		1.03677e+07		-5.81073		0		0		2.64358e+06		629.79		
00:00:56:399		1.03786e+07		-5.8081		0		0		2.64673e+06		631.36		
00:00:56:299		1.03894e+07		-5.80539		0		0		2.64961e+06		631.946		
00:00:56:100		1.0411e+07		-5.79974		0		0		2.64988e+06		630.008		
00:00:56:100		1.0411e+07		-5.79974		0		0		2.64988e+06		630.008		
00:00:56:000		1.04219e+07		-5.79679		0		0		2.65425e+06		631.191		
00:00:55:899		1.04327e+07		-5.79378		0		0		2.65959e+06		632.639		
00:00:55:799		1.04434e+07		-5.79069		0		0		2.66488e+06		634.127		
00:00:55:700		1.04541e+07		-5.78752		0		0		2.66997e+06		635.741		
00:00:55:600		1.04648e+07		-5.78429		0		0		2.67456e+06		637.16		
00:00:55:500		1.04754e+07		-5.78099		0		0		2.67788e+06		637.87		
00:00:55:399		1.04859e+07		-5.77762		0		0		2.6809e+06		639.213		
00:00:55:399		1.04859e+07		-5.77762		0		0		2.6809e+06		639.213		
00:00:55:200		1.05069e+07		-5.77068		0		0		2.68484e+06		639.482		
00:00:55:100		1.05174e+07		-5.76712		0		0		2.68437e+06		637.979		
00:00:55:100		1.05174e+07		-5.76712		0		0		2.68437e+06		637.979		
00:00:54:899		1.05384e+07		-5.75982		0		0		2.69325e+06		640.74		
00:00:54:799		1.05384e+07		-5.75982		0		0		2.69325e+06		640.74		
00:00:54:799		1.05488e+07		-5.75608		0		0		2.69859e+06		642.167		
00:00:54:700		1.05592e+07		-5.75228		0		0		2.70332e+06		643.579		
00:00:54:500		1.05799e+07		-5.7445		0		0		2.71141e+06		645.972		
00:00:54:500		1.05799e+07		-5.7445		0		0		2.71141e+06		645.972		
00:00:54:350		1.05952e+07		-5.73852		0		0		2.71614e+06		647.788		
00:00:54:200		1.06105e+07		-5.73241		0		0		2.71795e+06		647.216		
00:00:54:100		1.06206e+07		-5.72826		0		0		2.71797e+06		645.917		
00:00:54:000		1.06308e+07		-5.72405		0		0		2.72159e+06		647.339		
00:00:53:899		1.06409e+07		-5.71979		0		0		2.72774e+06		649.083		
00:00:53:899		1.06409e+07		-5.71979		0		0		2.72774e+06		649.083		
00:00:53:799		1.0651e+07		-5.71546		0		0		2.73269e+06		650.408		
00:00:53:700		1.06611e+07		-5.71108		0		0		2.73722e+06		651.812		
00:00:53:549		1.06761e+07		-5.70439		0		0		2.74348e+06		653.658		
00:00:53:450		1.06861e+07		-5.69986		0		0		2.74662e+06		654.74		
00:00:53:250		1.07058e+07		-5.69063		0		0		2.75051e+06		655.036		
00:00:53:149		1.07156e+07		-5.68593		0		0		2.75079e+06		653.82		
00:00:53:149		1.07156e+07		-5.68593		0		0		2.75079e+06		653.82		
00:00:53:049		1.07254e+07		-5.68116		0		0		2.7542e+06		655.09		
00:00:52:950		1.07351e+07		-5.67634		0		0		2.76026e+06		656.829		
00:00:52:850		1.07448e+07		-5.67146		0		0		2.76484e+06		657.813		
00:00:52:750		1.07544e+07		-5.66652		0		0		2.76938e+06		659.43		
00:00:52:649		1.07641e+07		-5.66153		0		0		2.77401e+06		660.75		
00:00:52:549		1.07736e+07		-5.65647		0		0		2.77733e+06		661.748		
00:00:52:450		1.07832e+07		-5.65136		0		0		2.78005e+06		662.331		
00:00:52:350		1.07927e+07		-5.64619		0		0		2.78247e+06		663.129		
00:00:52:149		1.08117e+07		-5.63566		0		0		2.78554e+06		662.395		
00:00:52:149		1.08117e+07		-5.63566		0		0		2.78554e+06		662.395		
00:00:52:049		1.08212e+07		-5.6303		0		0		2.79033e+06		664.078		
00:00:51:950		1.08306e+07		-5.62488		0		0		2.79509e+06		664.961		
00:00:51:850		1.084e+07		-5.61941		0		0		2.79902e+06		665.958		
00:00:51:750		1.08495e+07		-5.61386		0		0		2.80386e+06		667.622		
00:00:51:649		1.08589e+07		-5.60825		0		0		2.80803e+06		668.689		
00:00:51:549		1.08683e+07		-5.60258		0		0		2.81153e+06		669.897		
00:00:51:450		1.08777e+07		-5.59683		0		0		2.81422e+06		670.245		
00:00:51:350		1.08871e+07		-5.591		0		0		2.81666e+06		671.244		
00:00:51:149		1.0906e+07		-5.57915		0		0		2.82004e+06		670.61		
00:00:51:149		1.0906e+07		-5.57915		0		0		2.82004e+06		670.61		
00:00:51:049		1.09155e+07		-5.57312		0		0		2.82461e+06		672.136		
00:00:50:950		1.09252e+07		-5.56701		0		0		2.82922e+06		672.97		
00:00:50:799		1.09397e+07		-5.55772		0		0		2.83563e+06		674.925		
00:00:50:700		1.09493e+07		-5.55144		0		0		2.84026e+06		676.09		
00:00:50:600		1.0959e+07		-5.5451		0		0		2.84385e+06		677.279		
00:00:50:500		1.09686e+07		-5.53869		0		0		2.8476e+06		678.395		
00:00:50:399		1.09782e+07		-5.53221		0		0		2.8497e+06		678.735		
00:00:50:299		1.09878e+07		-5.52567		0		0		2.8524e+06		679.337		
00:00:50:200		1.09973e+07		-5.51906		0		0		2.85349e+06		678.486		
00:00:50:100		1.10068e+07		-5.51238		0		0		2.85632e+06		679.228		
00:00:50:000		1.10162e+07		-5.50564		0		0		2.86133e+06		680.749		
00:00:49:899		1.10256e+07		-5.49883		0		0		2.86563e+06		681.539		
00:00:49:799		1.1035e+07		-5.49195		0		0		2.87006e+06		683.036		
00:00:49:799		1.1035e+07		-5.49195		0		0		2.87006e+06		683.036		
00:00:49:649		1.10489e+07		-5.48149		0		0		2.87641e+06		684.592		
00:00:49:500		1.10628e+07		-5.47083		0		0		2.88194e+06		686.377		
00:00:49:399		1.1072e+07		-5.46363		0		0		2.88461e+06		686.885		
00:00:49:299		1.10812e+07		-5.45636		0		0		2.88733e+06		687.779		
00:00:49:200		1.10903e+07		-5.44901		0		0		2.88899e+06		686.964		
00:00:49:100		1.10994e+07		-5.44158		0		0		2.891e+06		687.315		
00:00:49:000		1.11085e+07		-5.43408		0		0		2.89561e+06		688.778		
00:00:48:899		1.11177e+07		-5.4265		0		0		2.90021e+06		689.63		
00:00:48:799		1.11267e+07		-5.41886		0		0		2.90465e+06		691.127		
00:00:48:700		1.11358e+07		-5.41115		0		0		2.90935e+06		692.269		
00:00:48:600		1.11448e+07		-5.4034		0		0		2.91289e+06		693.229		
00:00:48:500		1.11539e+07		-5.3956		0		0		2.91675e+06		694.418		
00:00:48:500		1.11539e+07		-5.3956		0		0		2.91675e+06		694.418		
00:00:48:399		1.11628e+07		-5.38776		0		0		2.9199e+06		695.241		
00:00:48:200		1.11808e+07		-5.37201		0		0		2.92492e+06		696.231		
00:00:48:049		1.11941e+07		-5.36015		0		0		2.92742e+06		695.978		
00:00:47:950		1.1203e+07		-5.35224		0		0		2.93172e+06		697.318		
00:00:47:950		1.1203e+07		-5.35224		0		0		2.93172e+06		697.318		
00:00:47:850		1.12118e+07		-5.34432		0		0		2.93614e+06		698.165		
00:00:47:750		1.12206e+07		-5.3364		0		0		2.94055e+06		699.648		
00:00:47:549		1.12381e+07		-5.32049		0		0		2.94845e+06		701.503		
00:00:47:549		1.12381e+07		-5.32049		0		0		2.94845e+06		701.503		
00:00:47:450		1.12468e+07		-5.3125		0		0		2.95134e+06		701.73		
00:00:47:350		1.12555e+07		-5.30447		0		0		2.95503e+06		703.098		
00:00:47:149		1.12726e+07		-5.28832		0		0		2.9635e+06		705.625		
00:00:47:149		1.12726e+07		-5.28832		0		0		2.9635e+06		705.625		
00:00:47:049		1.12813e+07		-5.28019		0		0		2.96334e+06		704.601		
00:00:46:950		1.12899e+07		-5.27201		0		0		2.96526e+06		704.839		
00:00:46:850		1.12985e+07		-5.2638		0		0		2.96975e+06		706.308		
00:00:46:799		1.13071e+07		-5.25556		0		0		2.97229e+06		706.935		
00:00:46:649		1.13157e+07		-5.24728		0		0		2.97897e+06		709.231		
00:00:46:549		1.13242e+07		-5.23897		0		0		2.98288e+06		710.219		
00:00:46:450		1.13327e+07		-5.23062		0		0		2.9851e+06		710.334		
00:00:46:350		1.13411e+07		-5.22223		0		0		2.98702e+06		710.751		
00:00:46:149		1.13579e+07		-5.20533		0		0		2.99391e+06		713.122		
00:00:46:149		1.13579e+07		-5.20533		0		0		2.99391e+06		713.122		
00:00:46:049		1.13662e+07		-5.19681		0		0		2.99528e+06		714.034		
00:00:45:950		1.13744e+07		-5.18825		0		0		2.99659e+06		713.755		
00:00:45:850		1.13827e+07		-5.17964		0		0		2.99562e+06		712.125		
00:00:45:750		1.13909e+07		-5.17098		0		0		2.9969e+06		711.314		
00:00:45:649		1.13992e+07		-5.16227		0		0		3.00006e+06		710.93		
00:00:45:500		1.14116e+07		-5.14912		0		0		3.012e+06		714.7		
00:00:45:399		1.142e+07		-5.1403		0		0		3.02083e+06		717.065		
00:00:45:299		1.14284e+07		-5.13143		0		0		3.02836e+06		718.859		
00:00:45:250		1.14326e+07		-5.12699		0		0		3.03177e+06		719.629		
00:00:45:149		1.1441e+07		-5.11808		0		0		3.03857e+06		721.491		
00:00:45:049		1.14495e+07		-5.10915		0		0		3.04627e+06		724.952		
00:00:44:950		1.14621e+07		-5.09574		0		0		3.05548e+06		727.495		
00:00:44:799		1.14705e+07		-5.0868		0		0		3.05435e+06		725.645		
00:00:44:700		1.14789e+07		-5.07787		0		0		3.05734e+06		727.247		
00:00:44:600		1.14872e+07		-5.06894		0		0		3.06276e+06		729.453		
00:00:44:500		1.14955e+07		-5.06001		0		0		3.06562e+06		729.364		
00:00:44:399		1.15038e+07		-5.05109		0		0		3.06626e+06		728.396		
00:00:44:299		1.1512e+07		-5.04215		0		0		3.06906e+06		728.92		
00:00:44:200		1.15203e+07		-5.0332		0		0		3.07424e+06		730.005		
00:00:44:100		1.15286e+07		-5.02422		0		0		3.07978e+06		731.432		
00:00:44:000		1.15369e+07		-5.0152		0		0		3.08628e+06		733.886		
00:00:43:899		1.15452e+07		-5.00617		0		0		3.093e+06		736.862		
00:00:43:899		1.15452e+07		-5.00617		0		0		3.093e+06		736.862		
00:00:43:799		1.15535e+07		-4.9971		0		0		3.09648e+06		736.84		
00:00:43:700		1.15618e+07		-4.988		0		0		3.09678e+06		736.762		
00:00:43:600		1.157e+07		-4.97886		0		0		3.09868e+06		736.163		
00:00:43:500		1.15784e+07		-4.96969		0		0		3.10116e+06		736.475		
00:00:43:399		1.15868e+07		-4.96047		0		0		3.10553e+06		736.83		
00:00:43:149		1.16079e+07		-4.93732		0		0		3.12233e+06		740.896		
00:00:43:100		1.16121e+07		-4.93267		0		0		3.12666e+06		741.883		
00:00:43:100		1.16121e+07		-4.93267		0		0		3.12666e+06		741.883		
00:00:43:000		1.16205e+07		-4.92336		0		0		3.13395e+06		743.609		
00:00:42:899		1.16289e+07		-4.91402		0		0		3.14144e+06		746.229		
00:00:42:750		1.16414e+07		-4.89999		0		0		3.15357e+06		751.896		
00:00:42:649		1.16497e+07		-4.89061		0		0		3.15475e+06		749.699		
00:00:42:549		1.1658e+07		-4.88121		0		0		3.15317e+06		748.537		
00:00:42:450		1.16663e+07		-4.8718		0		0		3.15803e+06		750.431		
00:00:42:350		1.16745e+07		-4.86237		0		0		3.16407e+06		752.654		
00:00:42:149		1.16908e+07		-4.84343		0		0		3.17109e+06		753.767		
00:00:42:049		1.16989e+07		-4.83392		0		0		3.17363e+06		753.633		
00:00:42:049		1.16989e+07		-4.83392		0		0		3.17363e+06		753.633		
00:00:41:950		1.17071e+07		-4.82437		0		0		3.17687e+06		753.956		
00:00:41:850		1.17153e+07		-4.81477		0		0		3.18291e+06		756.778		
00:00:41:750		1.17235e+07		-4.80514		0		0		3.19068e+06		760.534		
00:00:41:649		1.17318e+07		-4.79548		0		0		3.19317e+06		759.331		
00:00:41:549		1.17401e+07		-4.78579		0		0		3.19086e+06		757.275		
00:00:41:450		1.17484e+07		-4.77608		0		0		3.1938e+06		757.735		
00:00:41:350		1.17566e+07		-4.76633		0		0		3.19926e+06		758.82		
00:00:41:250		1.17649e+07		-4.75656		0		0		3.20565e+06		759.973		
00:00:41:149		1.17732e+07		-4.74675		0		0		3.21233e+06		761.281		
00:00:41:049		1.17816e+07		-4.73693		0		0		3.22036e+06		763.541		
00:00:40:950		1.17899e+07		-4.72709		0		0		3.22888e+06		765.834		
00:00:40:850		1.17982e+07		-4.71724		0		0		3.23723e+06		769.421		
00:00:40:700		1.18106e+07		-4.70247		0		0		3.24839e+06		773.533		
00:00:40:600		1.18188e+07		-4.69262		0		0		3.24705e+06		770.682		
00:00:40:500		1.1827e+07		-4.68277		0		0		3.24753e+06		770.687		
00:00:40:399		1.18352e+07		-4.67291		0		0		3.25351e+06		773.01		
00:00:40:299		1.18434e+07		-4.66305		0		0		3.2596e+06		774.921		
00:00:40:200		1.18515e+07		-4.6532		0		0		3.26264e+06		774.749		
00:00:40:100		1.18596e+07		-4.64339		0		0		3.26559e+06		775.142		
00:00:40:000		1.18675e+07		-4.63356		0		0		3.26987e+06		775.948		
00:00:39:899		1.18753e+07		-4.62371		0		0		3.2765e+06		779.709		
00:00:39:799		1.18831e+07		-4.61383		0		0		3.28367e+06		783.114		
00:00:39:700		1.18909e+07		-4.60391		0		0		3.28333e+06		780.713		
00:00:39:600		1.18988e+07		-4.59396		0		0		3.27969e+06		778.04		
00:00:39:500		1.19066e+07		-4.58397		0		0		3.28106e+06		778.051		
00:00:39:399		1.19144e+07		-4.57394		0		0		3.28709e+06		779.233		
00:00:39:299		1.19223e+07		-4.56387		0		0		3.29306e+06		779.953		
00:00:39:200		1.19301e+07		-4.55377		0		0		3.30007e+06		781.534		
00:00:39:100		1.19379e+07		-4.54362		0		0		3.30938e+06		784.588		
00:00:39:000		1.19457e+07		-4.53345		0		0		3.31874e+06		787.722		
00:00:39:000		1.19457e+07		-4.53345		0		0		3.31874e+06		787.722		
00:00:38:899		1.19535e+07		-4.52323		0		0		3.32734e+06		792.197		
00:00:38:700		1.19691e+07		-4.50274		0		0		3.33095e+06		791.165		
00:00:38:600		1.19769e+07		-4.49248		0		0		3.3291e+06		789.043		
00:00:38:500		1.19847e+07		-4.4822		0		0		3.33199e+06		789.777		
00:00:38:399		1.19926e+07		-4.47192		0		0		3.33875e+06		790.926		
00:00:38:299		1.20005e+07		-4.46163		0		0		3.3453e+06		791.853		
00:00:38:200		1.20083e+07		-4.45134		0		0		3.35341e+06		794.157		
00:00:38:100		1.20162e+07		-4.44105		0		0		3.36334e+06		797.444		
00:00:38:000		1.20241e+07		-4.43076		0		0		3.37276e+06		801.804		
00:00:38:000		1.20241e+07		-4.43076		0		0		3.37276e+06		801.804		
00:00:37:899		1.20319e+07		-4.42047		0		0		3.38122e+06		805.629		
00:00:37:799		1.20398e+07		-4.41016		0		0		3.3815e+06		803.531		
00:00:37:649		1.20516e+07		-4.39469		0		0		3.37859e+06		800.301		
00:00:37:549		1.20595e+07		-4.38435		0		0		3.38225e+06		801.373		
00:00:37:500		1.20634e+07		-4.37918		0		0		3.38601e+06		802.108		
00:00:37:399		1.20713e+07		-4.36882		0		0		3.39292e+06		803.091		
00:00:37:299		1.20792e+07		-4.35846		0		0		3.40028e+06		804.689		
00:00:37:049		1.20989e+07		-4.3325		0		0		3.425e+06		814.915		
00:00:37:049		1.20989e+07		-4.3325		0		0		3.425e+06		814.915		
00:00:36:850		1.21147e+07		-4.31165		0		0		3.42923e+06		813.97		
00:00:36:850		1.21147e+07		-4.31165		0		0		3.42923e+06		813.97		
00:00:36:750		1.21226e+07		-4.30117		0		0		3.4283e+06		811.84		
00:00:36:649		1.21304e+07		-4.29068		0		0		3.43122e+06		812.456		
00:00:36:549		1.21383e+07		-4.28018		0		0		3.43896e+06		814.071		
00:00:36:450		1.2146e+07		-4.2697		0		0		3.44626e+06		815.203		
00:00:36:350		1.21538e+07		-4.25925		0		0		3.4548e+06		817.727		
00:00:36:149		1.21693e+07		-4.23844		0		0		3.4762e+06		827.398		
00:00:36:049		1.2177e+07		-4.22807		0		0		3.48029e+06		827.163		
00:00:36:049		1.2177e+07		-4.22807		0		0		3.48029e+06		827.163		
00:00:35:950		1.21847e+07		-4.21773		0		0		3.4778e+06		825.193		
00:00:35:850		1.21924e+07		-4.20741		0		0		3.4778e+06		823.286		
00:00:35:750		1.22002e+07		-4.1971		0		11.2244		3.48133e+06		824.09		
00:00:35:649		1.22079e+07		-4.18681		0		0		3.48913e+06		825.568		
00:00:35:549		1.22157e+07		-4.17651		0		11.2891		3.49676e+06		826.944		
00:00:35:450		1.22234e+07		-4.1662		0		0		3.50615e+06		830.235		
00:00:35:350		1.22311e+07		-4.15586		0		3.53524		3.51753e+06		835.555		
00:00:35:250		1.22388e+07		-4.14546		0		0		3.52649e+06		838.989		
00:00:35:149		1.22466e+07		-4.13498		0		0		3.52651e+06		836.812		
00:00:35:000		1.22581e+07		-4.11909		0		0		3.52616e+06		834.632		
00:00:34:899		1.22659e+07		-4.10838		0		11.4496		3.52963e+06		835.079		
00:00:34:799		1.22737e+07		-4.09757		0		0		3.53766e+06		836.774		
00:00:34:700		1.22814e+07		-4.08669		0		0		3.54587e+06		838.442		
00:00:34:649		1.22853e+07		-4.08122		0		12.2589		3.5505e+06		840.102		
00:00:34:549		1.22931e+07		-4.07027		0		0		3.56214e+06		845.948		
00:00:34:399		1.23047e+07		-4.05384		0		0		3.57371e+06		849.028		
00:00:34:299		1.23125e+07		-4.04298		0		3.46914		3.57142e+06		847.002		
00:00:34:200		1.23203e+07		-4.03224		0		0		3.57228e+06		845.662		
00:00:34:100		1.23281e+07		-4.02168		0		10.8966		3.57546e+06		845.586		
00:00:34:000		1.23359e+07		-4.01134		0		0		3.58365e+06		847.537		
00:00:33:899		1.23437e+07		-4.00121		0		9.93773		3.59247e+06		849.511		
00:00:33:799		1.23515e+07		-3.99128		0		0		3.60314e+06		854.482		
00:00:33:700		1.23593e+07		-3.98152		0		0		3.61498e+06		859.873		
00:00:33:600		1.23671e+07		-3.97186		0		0		3.618e+06		858.706		
00:00:33:500		1.2375e+07		-3.96226		0		0		3.61629e+06		857.262		
00:00:33:399		1.23828e+07		-3.95266		0		0		3.61785e+06		855.908		
00:00:33:399		1.23828e+07		-3.95266		0		0		3.61785e+06		855.908		
00:00:33:200		1.23985e+07		-3.93332		0		0		3.63108e+06		858.499		
00:00:33:100		1.24063e+07		-3.92353		0		0		3.64057e+06		861.476		
00:00:33:000		1.24141e+07		-3.91364		0		0		3.65254e+06		867.579		
00:00:32:899		1.24219e+07		-3.90366		0		0		3.66153e+06		870.114		
00:00:32:799		1.24298e+07		-3.89357		0		0		3.66094e+06		868.002		
00:00:32:700		1.24376e+07		-3.88338		0		0		3.66122e+06		866.823		
00:00:32:700		1.24376e+07		-3.88338		0		0		3.66122e+06		866.823		
00:00:32:600		1.24455e+07		-3.87311		0		13.2313		3.66402e+06		866.061		
00:00:32:500		1.24534e+07		-3.86276		0		0		3.67112e+06		867.944		
00:00:32:350		1.24653e+07		-3.84709		0		0		3.68629e+06		872.73		
00:00:32:250		1.24732e+07		-3.83657		0		0		3.69845e+06		878.712		
00:00:32:049		1.24889e+07		-3.81533		0		0		3.70447e+06		877.851		
00:00:32:049		1.24889e+07		-3.81533		0		0		3.70447e+06		877.851		
00:00:31:949		1.24968e+07		-3.80463		0		0		3.70575e+06		876.856		
00:00:31:899		1.25007e+07		-3.79926		0		11.1268		3.70723e+06		876.442		
00:00:31:800		1.25086e+07		-3.78848		0		0		3.7129e+06		877.602		
00:00:31:699		1.25165e+07		-3.77766		0		10.9957		3.72251e+06		879.903		
00:00:31:600		1.25244e+07		-3.76682		0		0		3.73299e+06		883.935		
00:00:31:449		1.25364e+07		-3.75053		0		0		3.74936e+06		890.959		
00:00:31:250		1.25522e+07		-3.72872		0		0		3.75058e+06		887.81		
00:00:31:250		1.25522e+07		-3.72872		0		0		3.75058e+06		887.81		
00:00:31:050		1.25682e+07		-3.70684		0		0		3.75975e+06		888.291		
00:00:31:050		1.25682e+07		-3.70684		0		0		3.75975e+06		888.291		
00:00:30:949		1.25761e+07		-3.69587		0		0		3.77026e+06		891.052		
00:00:30:750		1.25921e+07		-3.6739		0		0		3.79361e+06		901.128		
00:00:30:750		1.25921e+07		-3.6739		0		0		3.79361e+06		901.128		
00:00:30:649		1.26e+07		-3.66288		0		0		3.79766e+06		900.398		
00:00:30:550		1.2608e+07		-3.65185		0		0		3.7968e+06		898.789		
00:00:30:449		1.2616e+07		-3.64079		0		0		3.79941e+06		897.911		
00:00:30:350		1.2624e+07		-3.62972		0		0		3.80491e+06		898.584		
00:00:30:250		1.2632e+07		-3.61862		0		0		3.81486e+06		901.328		
00:00:30:050		1.2648e+07		-3.59637		0		0		3.83861e+06		911.39		
00:00:30:050		1.2648e+07		-3.59637		0		0		3.83861e+06		911.39		
00:00:29:949		1.2656e+07		-3.58521		0		0		3.84429e+06		911.462		
00:00:29:850		1.2664e+07		-3.57403		0		0		3.84348e+06		909.885		
00:00:29:750		1.2672e+07		-3.56283		0		3.46914		3.84602e+06		909.03		
00:00:29:649		1.268e+07		-3.55161		0		12.0451		3.8507e+06		909.068		
00:00:29:500		1.2692e+07		-3.53472		0		0		3.86535e+06		912.939		
00:00:29:449		1.2696e+07		-3.52909		0		0		3.87102e+06		914.974		
00:00:29:350		1.2704e+07		-3.51781		0		0		3.88379e+06		921.034		
00:00:29:149		1.27201e+07		-3.49519		0		0		3.89398e+06		921.585		
00:00:29:050		1.27281e+07		-3.48385		0		0		3.89523e+06		920.566		
00:00:29:050		1.27281e+07		-3.48385		0		0		3.89523e+06		920.566		
00:00:28:949		1.27362e+07		-3.47249		0		0		3.89967e+06		920.306		
00:00:28:850		1.27443e+07		-3.46111		0		0		3.90846e+06		922.847		
00:00:28:750		1.27524e+07		-3.4497		0		0		3.92047e+06		926.947		
00:00:28:600		1.27645e+07		-3.43256		0		0		3.93781e+06		933.999		
00:00:28:500		1.27727e+07		-3.42111		0		11.4496		3.94198e+06		933.301		
00:00:28:399		1.27808e+07		-3.40962		0		0		3.94255e+06		932.245		
00:00:28:300		1.2789e+07		-3.39811		0		0		3.94611e+06		931.569		
00:00:28:199		1.27972e+07		-3.38657		0		0		3.95241e+06		932.387		
00:00:28:100		1.28054e+07		-3.375		0		0		3.9632e+06		935.413		
00:00:28:000		1.28136e+07		-3.3634		0		0		3.97528e+06		939.661		
00:00:27:899		1.28219e+07		-3.35177		0		0		3.98793e+06		944.986		
00:00:27:800		1.28301e+07		-3.34011		0		0		3.99553e+06		946.045		
00:00:27:699		1.28383e+07		-3.32841		0		0		3.99658e+06		944.358		
00:00:27:600		1.28466e+07		-3.31669		0		0		4.00052e+06		944.527		
00:00:27:500		1.28549e+07		-3.30494		0		0		4.00757e+06		945.672		
00:00:27:399		1.28632e+07		-3.29317		0		0		4.01748e+06		948.734		
00:00:27:300		1.28716e+07		-3.28138		0		0		4.02856e+06		952.145		
00:00:27:199		1.28799e+07		-3.26958		0		12.0451		4.03806e+06		954.876		
00:00:27:100		1.28883e+07		-3.25776		0		0		4.04502e+06		955.373		
00:00:27:000		1.28967e+07		-3.24592		0		0		4.04966e+06		955.434		
00:00:27:000		1.28967e+07		-3.24592		0		0		4.04966e+06		955.434		
00:00:26:800		1.29135e+07		-3.22218		0		0		4.07068e+06		962.798		
00:00:26:800		1.29135e+07		-3.22218		0		0		4.07068e+06		962.798		
00:00:26:699		1.29219e+07		-3.21027		0		0		4.07835e+06		964.954		
00:00:26:500		1.29389e+07		-3.1864		0		0		4.08793e+06		966.107		
00:00:26:399		1.29474e+07		-3.17443		0		10.6964		4.09426e+06		966.885		
00:00:26:399		1.29474e+07		-3.17443		0		10.6964		4.09426e+06		966.885		
00:00:26:300		1.29559e+07		-3.16245		0		10.1487		4.10193e+06		969.427		
00:00:26:100		1.29729e+07		-3.13841		0		10.5614		4.11558e+06		972.047		
00:00:26:100		1.29729e+07		-3.13841		0		10.5614		4.11558e+06		972.047		
00:00:25:949		1.29858e+07		-3.12033		0		0		4.12724e+06		975.238		
00:00:25:850		1.29943e+07		-3.10824		0		0		4.13419e+06		977.461		
00:00:25:800		1.29986e+07		-3.10218		0		10.5614		4.13754e+06		977.586		
00:00:25:699		1.30072e+07		-3.09005		0		11.8595		4.1419e+06		977.614		
00:00:25:550		1.30202e+07		-3.07182		0		0		4.15326e+06		981.047		
00:00:25:449		1.30288e+07		-3.05963		0		0		4.16023e+06		982.086		
00:00:25:350		1.30375e+07		-3.04743		0		0		4.16678e+06		983.199		
00:00:25:300		1.30418e+07		-3.04131		0		11.2244		4.17061e+06		984.193		
00:00:25:050		1.30635e+07		-3.01067		0		0		4.19369e+06		991.073		
00:00:25:050		1.30635e+07		-3.01067		0		0		4.19369e+06		991.073		
00:00:24:949		1.30722e+07		-2.99837		0		0		4.19646e+06		990.151		
00:00:24:850		1.3081e+07		-2.98605		0		0		4.20308e+06		992.248		
00:00:24:750		1.30897e+07		-2.97371		0		0		4.21059e+06		993.317		
00:00:24:649		1.30985e+07		-2.96134		0		0		4.21749e+06		994.341		
00:00:24:550		1.31073e+07		-2.94894		0		0		4.2264e+06		996.887		
00:00:24:449		1.31161e+07		-2.93651		0		0		4.23683e+06		999.982		
00:00:24:350		1.31249e+07		-2.92406		0		0		4.24718e+06		1004.34		
00:00:24:149		1.31426e+07		-2.89906		0		0		4.25659e+06		1004		
00:00:24:050		1.31515e+07		-2.88651		0		0		4.26358e+06		1005.36		
00:00:24:050		1.31515e+07		-2.88651		0		0		4.26358e+06		1005.36		
00:00:23:949		1.31604e+07		-2.87394		0		0		4.27186e+06		1007.08		
00:00:23:850		1.31693e+07		-2.86133		0		0		4.28054e+06		1008.84		
00:00:23:750		1.31782e+07		-2.8487		0		0		4.29072e+06		1011.99		
00:00:23:649		1.31872e+07		-2.83603		0		0		4.30108e+06		1015.87		
00:00:23:550		1.31961e+07		-2.82332		0		0		4.31085e+06		1018.11		
00:00:23:449		1.32051e+07		-2.81058		0		9.93773		4.31387e+06		1017.25		
00:00:23:350		1.32142e+07		-2.7978		0		10.0084		4.31968e+06		1018.3		
00:00:23:149		1.32323e+07		-2.77216		0		10.6291		4.33652e+06		1021.67		
00:00:23:000		1.32459e+07		-2.75285		0		0		4.35132e+06		1025.89		
00:00:23:000		1.32459e+07		-2.75285		0		0		4.35132e+06		1025.89		
00:00:22:899		1.3255e+07		-2.73994		0		0		4.36196e+06		1029.77		
00:00:22:850		1.32596e+07		-2.73348		0		12.8257		4.36739e+06		1031.79		
00:00:22:699		1.32733e+07		-2.71405		0		0		4.37518e+06		1031.3		
00:00:22:600		1.32826e+07		-2.70106		0		0		4.38117e+06		1032.38		
00:00:22:500		1.32918e+07		-2.68803		0		0		4.38931e+06		1034.09		
00:00:22:399		1.33011e+07		-2.67497		0		0		4.39836e+06		1035.85		
00:00:22:300		1.33104e+07		-2.66188		0		0		4.40774e+06		1038.28		
00:00:22:199		1.33197e+07		-2.64875		0		0		4.41889e+06		1041.74		
00:00:22:100		1.33291e+07		-2.63558		0		0		4.42963e+06		1045.96		
00:00:22:000		1.33384e+07		-2.62237		0		0		4.43644e+06		1045.61		
00:00:21:899		1.33478e+07		-2.60912		0		0		4.44044e+06		1046.03		
00:00:21:800		1.33573e+07		-2.59583		0		0		4.44806e+06		1047.57		
00:00:21:699		1.33667e+07		-2.58251		0		0		4.45693e+06		1049.44		
00:00:21:600		1.33762e+07		-2.56913		0		0		4.4662e+06		1051.23		
00:00:21:500		1.33856e+07		-2.55572		0		0		4.47658e+06		1054.44		
00:00:21:399		1.33951e+07		-2.54227		0		0		4.48776e+06		1058.27		
00:00:21:399		1.33951e+07		-2.54227		0		0		4.48776e+06		1058.27		
00:00:21:300		1.34047e+07		-2.52878		0		0		4.49815e+06		1060.99		
00:00:21:100		1.34239e+07		-2.5017		0		0		4.5085e+06		1061.48		
00:00:21:000		1.34334e+07		-2.48811		0		0		4.51698e+06		1063.23		
00:00:20:899		1.3443e+07		-2.47449		0		0		4.52619e+06		1065.08		
00:00:20:800		1.34526e+07		-2.46083		0		9.93773		4.53578e+06		1067.29		
00:00:20:800		1.34526e+07		-2.46083		0		9.93773		4.53578e+06		1067.29		
00:00:20:600		1.34717e+07		-2.4334		0		0		4.5582e+06		1075.01		
00:00:20:500		1.34813e+07		-2.41962		0		0		4.56641e+06		1075.4		
00:00:20:350		1.34958e+07		-2.39886		0		12.8257		4.57435e+06		1076.46		
00:00:20:350		1.34958e+07		-2.39886		0		12.8257		4.57435e+06		1076.46		
00:00:20:250		1.35055e+07		-2.38496		0		12.8257		4.58295e+06		1078.25		
00:00:20:100		1.35201e+07		-2.36401		0		10.6291		4.5972e+06		1081.09		
00:00:20:100		1.35201e+07		-2.36401		0		10.6291		4.5972e+06		1081.09		
00:00:20:000		1.35299e+07		-2.35		0		10.8302		4.60747e+06		1084.06		
00:00:19:899		1.35397e+07		-2.33594		0		13.5152		4.61931e+06		1087.95		
00:00:19:750		1.35545e+07		-2.31475		0		10.3566		4.63353e+06		1090.72		
00:00:19:649		1.35644e+07		-2.30057		0		10.6291		4.63801e+06		1091.09		
00:00:19:550		1.35744e+07		-2.28634		0		10.7634		4.64597e+06		1092.69		
00:00:19:449		1.35843e+07		-2.27206		0		10.6964		4.65522e+06		1094.64		
00:00:19:250		1.36043e+07		-2.24337		0		11.6085		4.67535e+06		1099.48		
00:00:19:250		1.36043e+07		-2.24337		0		11.6085		4.67535e+06		1099.48		
00:00:19:050		1.36244e+07		-2.21454		0		10.8966		4.6983e+06		1106.54		
00:00:19:050		1.36244e+07		-2.21454		0		10.8966		4.6983e+06		1106.54		
00:00:18:949		1.36345e+07		-2.20006		0		11.1594		4.70358e+06		1106.06		
00:00:18:850		1.36446e+07		-2.18555		0		11.2244		4.71026e+06		1107.34		
00:00:18:750		1.36548e+07		-2.17101		0		11.4815		4.71924e+06		1109.2		
00:00:18:649		1.3665e+07		-2.15645		0		11.4815		4.72903e+06		1111.24		
00:00:18:550		1.36751e+07		-2.14188		0		12.2286		4.73914e+06		1113.35		
00:00:18:449		1.36853e+07		-2.1273		0		12.5298		4.75082e+06		1117.25		
00:00:18:350		1.36955e+07		-2.11271		0		11.2244		4.76283e+06		1121.43		
00:00:18:250		1.37057e+07		-2.09814		0		11.7345		4.77126e+06		1121.8		
00:00:18:050		1.37262e+07		-2.06904		0		12.1065		4.7849e+06		1124.18		
00:00:18:050		1.37262e+07		-2.06904		0		12.1065		4.7849e+06		1124.18		
00:00:17:949		1.37365e+07		-2.05452		0		11.9834		4.79458e+06		1126.22		
00:00:17:850		1.37469e+07		-2.04004		0		12.7669		4.80473e+06		1128.21		
00:00:17:750		1.37573e+07		-2.02559		0		13.2884		4.81537e+06		1131.19		
00:00:17:600		1.37729e+07		-2.00398		0		12.1065		4.83375e+06		1137.52		
00:00:17:500		1.37834e+07		-1.98965		0		12.7079		4.84207e+06		1137.81		
00:00:17:399		1.37939e+07		-1.97536		0		12.9425		4.84728e+06		1138.45		
00:00:17:300		1.38044e+07		-1.96113		0		13.0586		4.85587e+06		1140.22		
00:00:17:100		1.38257e+07		-1.93285		0		13.7946		4.87591e+06		1144.31		
00:00:17:000		1.38364e+07		-1.91881		0		14.2867		4.88655e+06		1147.2		
00:00:17:000		1.38364e+07		-1.91881		0		14.2867		4.88655e+06		1147.2		
00:00:16:899		1.3847e+07		-1.90484		0		13.6275		4.89918e+06		1151.49		
00:00:16:800		1.38578e+07		-1.89094		0		13.4588		4.91027e+06		1154.25		
00:00:16:699		1.38685e+07		-1.87712		0		13.9051		4.91579e+06		1153.99		
00:00:16:600		1.38794e+07		-1.86338		0		14.0697		4.92321e+06		1155.44		
00:00:16:500		1.38903e+07		-1.84972		0		14.2327		4.93275e+06		1157.44		
00:00:16:399		1.39013e+07		-1.83615		0		14.3943		4.94293e+06		1159.61		
00:00:16:300		1.39124e+07		-1.82265		0		15.3863		4.95338e+06		1161.71		
00:00:16:199		1.39235e+07		-1.80919		0		15.4371		4.96513e+06		1165.65		
00:00:16:100		1.39346e+07		-1.79576		0		14.3943		4.9776e+06		1169.81		
00:00:16:000		1.39459e+07		-1.78235		0		14.975		4.98613e+06		1170.14		
00:00:15:900		1.39573e+07		-1.76894		0		15.2843		4.99176e+06		1170.88		
00:00:15:800		1.39689e+07		-1.75551		0		15.4878		5.00072e+06		1172.73		
00:00:15:800		1.39689e+07		-1.75551		0		15.4878		5.00072e+06		1172.73		
00:00:15:599		1.39924e+07		-1.72851		0		16.1349		5.02143e+06		1177.01		
00:00:15:599		1.39924e+07		-1.72851		0		16.1349		5.02143e+06		1177.01		
00:00:15:500		1.40045e+07		-1.71491		0		16.7618		5.03229e+06		1179.79		
00:00:15:300		1.40294e+07		-1.68743		0		16.0859		5.05671e+06		1187.04		
00:00:15:300		1.40294e+07		-1.68743		0		16.0859		5.05671e+06		1187.04		
00:00:15:099		1.40558e+07		-1.65951		0		16.7142		5.07063e+06		1188.43		
00:00:15:099		1.40558e+07		-1.65951		0		16.7142		5.07063e+06		1188.43		
00:00:14:900		1.40902e+07		-1.6241		0		17.7814		5.09665e+06		1193.83		
00:00:14:900		1.40902e+07		-1.6241		0		17.7814		5.09665e+06		1193.83		
00:00:14:750		1.4104e+07		-1.60976		0		18.2737		5.10792e+06		1197.05		
00:00:14:699		1.41109e+07		-1.60254		0		17.8718		5.11453e+06		1199.53		
00:00:14:550		1.41314e+07		-1.58065		0		17.6907		5.13161e+06		1203.01		
00:00:14:449		1.41447e+07		-1.56581		0		18.096		5.1371e+06		1203.32		
00:00:14:349		1.41574e+07		-1.55072		0		18.4061		5.14617e+06		1205.11		
00:00:14:300		1.41635e+07		-1.54307		0		18.5377		5.1514e+06		1206.23		
00:00:14:050		1.41908e+07		-1.50439		0		18.8849		5.18045e+06		1214.26		
00:00:14:050		1.41908e+07		-1.50439		0		18.8849		5.18045e+06		1214.26		
00:00:13:949		1.42016e+07		-1.4888		0		19.0565		5.19285e+06		1216.73		
00:00:13:849		1.42124e+07		-1.47315		0		19.3538		5.19982e+06		1217.41		
00:00:13:750		1.42232e+07		-1.4575		0		20.0606		5.20924e+06		1219.27		
00:00:13:650		1.4234e+07		-1.44179		0		20.4264		5.21978e+06		1221.82		
00:00:13:550		1.42448e+07		-1.42602		0		20.2645		5.23166e+06		1225.12		
00:00:13:349		1.42662e+07		-1.39438		0		20.9059		5.25189e+06		1229		
00:00:13:349		1.42662e+07		-1.39438		0		20.9059		5.25189e+06		1229		
00:00:13:250		1.4277e+07		-1.37851		0		21.2594		5.26251e+06		1231.33		
00:00:13:050		1.42983e+07		-1.34663		0		21.6466		5.28473e+06		1236.43		
00:00:13:050		1.42983e+07		-1.34663		0		21.6466		5.28473e+06		1236.43		
00:00:12:949		1.43088e+07		-1.33063		0		21.9521		5.29538e+06		1238.68		
00:00:12:849		1.43193e+07		-1.31454		0		22.2165		5.30626e+06		1241.08		
00:00:12:750		1.43299e+07		-1.29854		0.132685		22.4783		5.31734e+06		1243.55		
00:00:12:650		1.43407e+07		-1.28248		0.265049		22.7006		5.32855e+06		1246.04		
00:00:12:550		1.43516e+07		-1.26638		0.396284		22.9577		5.3397e+06		1248.46		
00:00:12:449		1.43623e+07		-1.25022		0.525696		23.2123		5.35093e+06		1250.94		
00:00:12:349		1.43731e+07		-1.234		0.652677		23.4646		5.36228e+06		1253.45		
00:00:12:250		1.43838e+07		-1.21774		0.776519		23.7145		5.3737e+06		1255.97		
00:00:12:050		1.44049e+07		-1.18504		1.01278		24.1728		5.39669e+06		1261		
00:00:12:050		1.44049e+07		-1.18504		1.01278		24.1728		5.39669e+06		1261		
00:00:11:949		1.44154e+07		-1.1686		1.12434		24.4165		5.40829e+06		1263.55		
00:00:11:849		1.44256e+07		-1.1521		1.23102		24.6582		5.41999e+06		1266.11		
00:00:11:750		1.44357e+07		-1.13554		1.33264		24.8978		5.43177e+06		1268.68		
00:00:11:650		1.44455e+07		-1.11896		1.42895		25.1354		5.44365e+06		1271.27		
00:00:11:550		1.44555e+07		-1.10243		1.51999		25.3711		5.45562e+06		1273.88		
00:00:11:449		1.44661e+07		-1.08593		1.6059		25.6049		5.46769e+06		1276.51		
00:00:11:349		1.44769e+07		-1.06929		1.68625		25.8369		5.47988e+06		1279.16		
00:00:11:250		1.44869e+07		-1.05256		1.76055		26.0671		5.49217e+06		1281.83		
00:00:11:050		1.4506e+07		-1.0187		1.89562		26.49		5.51713e+06		1287.25		
00:00:11:050		1.4506e+07		-1.0187		1.89562		26.49		5.51713e+06		1287.25		
00:00:10:949		1.45149e+07		-1.00167		1.96178		26.8433		5.52979e+06		1290		
00:00:10:849		1.45231e+07		-0.984522		2.02495		32.272		5.54259e+06		1292.77		
00:00:10:699		1.45342e+07		-0.958902		2.12415		41.7955		5.56199e+06		1296.97		
00:00:10:650		1.4538e+07		-0.950438		2.15806		44.1218		5.56853e+06		1298.38		
00:00:10:550		1.45458e+07		-0.933642		2.22092		47.9566		5.58171e+06		1301.23		
00:00:10:449		1.45541e+07		-0.917039		2.27573		50.939		5.59505e+06		1304.13		
00:00:10:349		1.4563e+07		-0.900655		2.32879		53.2886		5.60854e+06		1307.06		
00:00:10:199		1.45781e+07		-0.876448		2.39455		56.039		5.62906e+06		1311.52		
00:00:10:000		1.46001e+07		-0.844401		2.4743		58.6531		5.65691e+06		1317.61		
00:00:10:000		1.46001e+07		-0.844401		2.4743		58.6531		5.65691e+06		1317.61		
00:00:09:900		1.4611e+07		-0.828397		2.51084		59.6346		5.67106e+06		1320.72		
00:00:09:800		1.46219e+07		-0.812398		2.54547		60.4029		5.6853e+06		1323.87		
00:00:09:699		1.46328e+07		-0.796405		2.57822		61.0867		5.69958e+06		1327.02		
00:00:09:599		1.46437e+07		-0.780429		2.60957		61.7034		5.7139e+06		1330.16		
00:00:09:500		1.46545e+07		-0.764471		2.64045		62.2551		5.72828e+06		1333.31		
00:00:09:400		1.46654e+07		-0.748535		2.66786		62.7432		5.74276e+06		1336.48		
00:00:09:300		1.46762e+07		-0.732626		2.69386		63.1546		5.75735e+06		1339.67		
00:00:09:199		1.4687e+07		-0.716745		2.71862		63.5199		5.77206e+06		1342.9		
00:00:09:000		1.47085e+07		-0.685079		2.7645		64.0423		5.80182e+06		1349.49		
00:00:09:000		1.47085e+07		-0.685079		2.7645		64.0423		5.80182e+06		1349.49		
00:00:08:900		1.47192e+07		-0.669316		2.78521		64.23		5.81679e+06		1352.81		
00:00:08:800		1.47299e+07		-0.653597		2.80459		64.2732		5.83176e+06		1356.1		
00:00:08:750		1.47352e+07		-0.645755		2.81385		64.3452		5.83924e+06		1357.73		
00:00:08:599		1.47511e+07		-0.622304		2.84077		64.5751		5.86171e+06		1362.65		
00:00:08:500		1.47617e+07		-0.606737		2.85769		64.7041		5.87679e+06		1365.95		
00:00:08:400		1.47723e+07		-0.59123		2.87354		64.8043		5.89195e+06		1369.28		
00:00:08:300		1.47828e+07		-0.57579		2.88848		64.8472		5.90716e+06		1372.61		
00:00:08:199		1.47933e+07		-0.560416		2.90277		64.89		5.92242e+06		1375.97		
00:00:08:099		1.48038e+07		-0.545109		2.91691		64.9471		5.93772e+06		1379.31		
00:00:08:000		1.48142e+07		-0.529872		2.93056		65.0041		5.95304e+06		1382.66		
00:00:07:900		1.48246e+07		-0.514717		2.94301		65.0611		5.96841e+06		1386.03		
00:00:07:799		1.4835e+07		-0.499645		2.95463		65.1181		5.98385e+06		1389.47		
00:00:07:799		1.4835e+07		-0.499645		2.95463		65.1181		5.98385e+06		1389.47		
00:00:07:599		1.48557e+07		-0.469784		2.97645		64.8329		6.01471e+06		1396.39		
00:00:07:500		1.4866e+07		-0.455001		2.98565		64.4172		6.0299e+06		1399.73		
00:00:07:500		1.4866e+07		-0.455001		2.98565		64.4172		6.0299e+06		1399.73		
00:00:07:400		1.48763e+07		-0.440324		2.99417		64.1867		6.0448e+06		1402.85		
00:00:07:299		1.48865e+07		-0.425746		3.00277		64.1146		6.05953e+06		1405.85		
00:00:07:000		1.49174e+07		-0.382643		3.02629		64.0279		6.10546e+06		1415.15		
00:00:07:000		1.49174e+07		-0.382643		3.02629		64.0279		6.10546e+06		1415.15		
00:00:06:900		1.49277e+07		-0.368505		3.03272		63.7526		6.12172e+06		1418.47		
00:00:06:900		1.49277e+07		-0.368505		3.03272		63.7526		6.12172e+06		1418.47		
00:00:06:799		1.4938e+07		-0.354495		3.03864		63.4032		6.13841e+06		1421.87		
00:00:06:700		1.49483e+07		-0.340626		3.0438		63.052		6.15554e+06		1425.35		
00:00:06:549		1.49638e+07		-0.320062		3.05249		62.2254		6.18224e+06		1430.88		
00:00:06:450		1.49742e+07		-0.306496		3.05869		61.1924		6.2008e+06		1434.81		
00:00:06:400		1.49794e+07		-0.299758		3.06143		60.6925		6.21024e+06		1436.82		
00:00:06:299		1.49899e+07		-0.28638		3.06551		59.5418		6.22941e+06		1440.97		
00:00:06:099		1.50112e+07		-0.26006		3.06845		56.7558		6.26845e+06		1449.43		
00:00:06:099		1.50112e+07		-0.26006		3.06845		56.7558		6.26845e+06		1449.43		
00:00:05:950		1.50275e+07		-0.240654		3.07121		54.4447		6.29788e+06		1455.75		
00:00:05:849		1.50386e+07		-0.227861		3.07283		52.823		6.31756e+06		1459.93		
00:00:05:750		1.50498e+07		-0.21515		3.07265		51.1178		6.33733e+06		1464.12		
00:00:05:650		1.50612e+07		-0.202514		3.07204		49.1734		6.35725e+06		1468.32		
00:00:05:549		1.50726e+07		-0.189901		3.07063		46.7688		6.37723e+06		1472.46		
00:00:05:450		1.50833e+07		-0.177171		3.0694		43.7111		6.39721e+06		1476.48		
00:00:05:349		1.50925e+07		-0.164444		3.06768		42.202		6.41724e+06		1480.32		
00:00:05:250		1.51013e+07		-0.151904		3.06421		41.9457		6.43756e+06		1484.11		
00:00:05:049		1.51192e+07		-0.12739		3.05448		37.4167		6.47944e+06		1490.11		
00:00:05:049		1.51192e+07		-0.12739		3.05448		37.4167		6.47944e+06		1490.11		
00:00:04:950		1.51285e+07		-0.115426		3.04849		35.1187		6.50025e+06		1489.92		
00:00:04:849		1.51379e+07		-0.103669		3.04231		32.9976		6.52055e+06		1483.43		
00:00:04:750		1.51475e+07		-0.092104		3.03334		31.0572		6.53994e+06		1462.17		
00:00:04:650		1.51574e+07		-0.0807209		3.02196		29.2998		6.55807e+06		1400.91		
00:00:04:549		1.51675e+07		-0.0695119		3.01135		27.6937		6.57494e+06		1342.44		
00:00:04:450		1.51777e+07		-0.0584459		3.00113		26.2305		6.59069e+06		1288.05		
00:00:04:349		1.5188e+07		-0.0475168		2.99032		24.9318		6.6054e+06		1238.33		
00:00:04:250		1.51983e+07		-0.0367365		2.97794		23.8563		6.61919e+06		1193.26		
00:00:04:049		1.52184e+07		-0.015707		2.94744		25.2703		6.64434e+06		1116.65		
00:00:04:049		1.52184e+07		-0.015707		2.94744		25.2703		6.64434e+06		1116.65		
00:00:03:850		1.52384e+07		0.00464249		2.92242		42.6683		6.66679e+06		1056.02		
00:00:03:850		1.52384e+07		0.00464249		2.92242		42.6683		6.66679e+06		1056.02		
00:00:03:750		1.52483e+07		0.0145612		2.90705		50.3991		6.67717e+06		1030.73		
00:00:03:649		1.52582e+07		0.0242968		2.88514		57.608		6.68706e+06		1008.27		
00:00:03:549		1.5268e+07		0.0338264		2.86243		64.4603		6.69651e+06		988.261		
00:00:03:450		1.52778e+07		0.0431085		2.84676		71.1193		6.70558e+06		970.318		
00:00:03:350		1.52875e+07		0.0521421		2.83856		77.6324		6.71428e+06		954.058		
00:00:03:250		1.52971e+07		0.0609446		2.82512		84.0208		6.72264e+06		939.074		
00:00:03:049		1.53164e+07		0.0779281		2.75656		96.3714		6.73833e+06		910.995		
00:00:03:049		1.53164e+07		0.0779281		2.75656		96.3714		6.73833e+06		910.995		
00:00:02:950		1.53263e+07		0.0860715		2.73951		102.3		6.74565e+06		896.729		
00:00:02:850		1.53362e+07		0.0938759		2.7526		108.204		6.75264e+06		881.425		
00:00:02:750		1.53459e+07		0.101217		2.75732		114.005		6.75933e+06		867.09		
00:00:02:649		1.53548e+07		0.108026		2.6979		119.437		6.76575e+06		853.724		
00:00:02:549		1.53625e+07		0.114413		2.61068		124.51		6.77194e+06		841.394		
00:00:02:450		1.53696e+07		0.120389		2.58235		129.634		6.77795e+06		830.256		
00:00:02:350		1.53774e+07		0.126413		2.68478		135.198		6.78386e+06		820.617		
00:00:02:149		1.5395e+07		0.138085		2.78925		149.98		6.79578e+06		808.152		
00:00:02:049		1.5404e+07		0.143563		2.81883		165.84		6.80205e+06		807.487		
00:00:02:049		1.5404e+07		0.143563		2.81883		165.84		6.80205e+06		807.487		
00:00:01:949		1.54131e+07		0.148821		2.84137		196.955		6.80883e+06		813.162		
00:00:01:850		1.54225e+07		0.153828		2.85686		240.876		6.81637e+06		828.427		
00:00:01:750		1.54322e+07		0.158489		2.86667		287.264		6.82493e+06		857.881		
00:00:01:649		1.54423e+07		0.162648		2.87037		332.129		6.83472e+06		908.216		
00:00:01:500		1.54569e+07		0.167591		2.87585		392.577		6.85138e+06		992.952		
00:00:01:399		1.54651e+07		0.16989		2.88003		427.111		6.86326e+06		1021.7		
00:00:01:300		1.54712e+07		0.171414		2.87249		457.024		6.8755e+06		1044.53		
00:00:01:199		1.54752e+07		0.172287		2.8651		482.489		6.88778e+06		1057.64		
00:00:01:100		1.54774e+07		0.172698		2.85488		502.874		6.8997e+06		1048.1		
00:00:01:000		1.54784e+07		0.172838		2.84435		516.295		6.9108e+06		1036.57		
00:00:00:900		1.54786e+07		0.17286		2.83685		523.461		6.92119e+06		1024.54		
00:00:00:800		1.54786e+07		0.172851		2.83601		527.918		6.93274e+06		1009.81		
00:00:00:699		1.54786e+07		0.172843		2.83549		529.976		6.94359e+06		988.68		
00:00:00:599		1.54786e+07		0.17284		2.83554		530.324		6.95297e+06		957.25		
00:00:00:500		1.54786e+07		0.172839		2.83574		530.227		6.96009e+06		908.568		
00:00:00:400		1.54786e+07		0.17284		2.83568		530.214		6.96414e+06		831.199		
00:00:00:299		1.54786e+07		0.17284		2.83568		530.216		6.96485e+06		526.826		
00:00:00:200		1.54785e+07		0.17284		2.83572		530.219		6.96484e+06		526.82		
00:00:00:100		1.54785e+07		0.17284		2.83572		530.221		6.96484e+06		526.828		
00:00:00:000		1.54785e+07		0.17284		2.83571		530.225		6.96483e+06		526.826		
00:00:00:000		1.54785e+07		0.17284		2.83571		530.225		6.96483e+06		526.826		
00:00:00:000		1.54785e+07		0.17284		2.83571		530.225		6.96483e+06		526.826		
00:00:00:000		1.54785e+07		0.17284		2.83571		530.225		6.96483e+06		526.826		
00:00:00:000		1.54785e+07		0.17284		2.83571		530.225		6.96483e+06		526.826		
00:00:00:000		1.54785e+07		0.17284		2.83571		530.225		6.96483e+06		526.826		
